1,0.9446688890,0.0837010816,-0.3171662986,-0.0510894284,0.9926404357,0.1097925082,0.3240216076,-0.0875138491,0.9419937134,1,-601.6,416.2,2888.9,1,0.9446688890,0.0837010816,-0.3171662986,-0.0510894284,0.9926404357,0.1097925082,0.3240216076,-0.0875138491,0.9419937134,1,-619.2,208.2,2907.2,1,0.9441359639,0.0704036728,-0.3219474554,-0.0579699837,0.9971607327,0.0480581373,0.3244166076,-0.0267102830,0.9455375671,1,-633.6,3.2,2912.7,1,0.3920910656,-0.7543379664,-0.5265347958,0.9020959139,0.4274269640,0.0594061315,0.1802428514,-0.4982774854,0.8480755687,1,-755.9,216.6,2860.2,1,-0.1968810260,-0.7543379068,-0.6262684464,0.5767773986,0.4274269938,-0.6961566210,0.7928213477,-0.4982775450,0.3509328067,1,-857.3,-16.8,2813.6,1,0.4823984206,0.8401960731,0.2477147281,-0.8733349442,0.4831684828,0.0619228296,-0.0676606223,-0.2462094128,0.9668521881,1,-482.4,199.8,2954.2,1,-0.0201259684,0.8401959538,0.5419093370,-0.4259276986,0.4831684530,-0.7649404407,-0.9045333266,-0.2462093681,0.3481385112,1,-362.6,-17.1,2937.4,1,0.9790648222,-0.2011870444,-0.0309170038,0.0109118838,0.2035484612,-0.9790040851,0.2032560408,0.9581710696,0.2014824599,1,-737.7,-196.3,2887.4,1,0.9790649414,0.0268293116,-0.2017728388,0.0109118856,0.9829319119,0.1836462617,0.2032560557,-0.1820033193,0.9620612860,1,-654.7,-280.2,2492.4,1,0.8867708445,-0.4621955156,0.0035976507,0.0384236425,0.0659586862,-0.9970822930,0.4606096745,0.8843216896,0.0762494653,1,-558.5,-207.3,2949.0,1,0.8867708445,0.1071024984,-0.4496295452,0.0384236574,0.9523340464,0.3026276827,0.4606097043,-0.2856377661,0.8403868079,1,-351.0,-236.9,2551.8,1,-799.5,-186.0,2580.9,1,-368.1,-133.1,2691.0,1,-664.0,-619.8,2555.3,1,-393.3,-613.3,2664.7,1,
2,0.9469134212,0.0859751329,-0.3097783029,-0.0542863160,0.9925012589,0.1095169261,0.3168708682,-0.0868864730,0.9444810748,1,-601.4,414.4,2888.4,1,0.9469134212,0.0859751329,-0.3097783029,-0.0542863160,0.9925012589,0.1095169261,0.3168708682,-0.0868864730,0.9444810748,1,-619.4,206.4,2906.6,1,0.9465954900,0.0705226958,-0.3146156073,-0.0583290607,0.9971417785,0.0480175018,0.3171024621,-0.0271020755,0.9480044246,1,-633.9,1.4,2912.1,1,0.4133053422,-0.7147684693,-0.5641674995,0.8896555901,0.4490582049,0.0828243345,0.1941437870,-0.5361465216,0.8214957714,1,-756.5,214.8,2860.6,1,-0.2213078588,-0.7147684097,-0.6634222269,0.5819957256,0.4490582347,-0.6779586077,0.7824985385,-0.5361464620,0.3166120052,1,-863.7,-15.9,2810.3,1,0.4949005842,0.8219441175,0.2819240391,-0.8653728366,0.4956091344,0.0741707608,-0.0787599087,-0.2806765735,0.9565654993,1,-482.3,198.0,2952.5,1,-0.0363561623,0.8219441175,0.5684065819,-0.4461306036,0.4956091940,-0.7452107072,-0.8942291141,-0.2806765735,0.3486759961,1,-362.4,-11.7,2933.4,1,0.9779695272,-0.2064979374,-0.0305683203,0.0102468263,0.1937478483,-0.9809979200,0.2084965855,0.9590726495,0.1915954500,1,-738.2,-198.1,2887.6,1,0.9779694676,0.0384531170,-0.2051759660,0.0102468207,0.9728594422,0.2311701328,0.2084965855,-0.2281797230,0.9510326982,1,-649.9,-280.9,2477.5,1,0.8875815868,-0.4603434801,0.0168158282,0.0493693016,0.0587671101,-0.9970502257,0.4579973519,0.8857935667,0.0748874471,1,-558.6,-209.1,2947.8,1,0.8875815868,0.0875273347,-0.4522586167,0.0493692979,0.9580534101,0.2823055685,0.4579973817,-0.2728969455,0.8460293412,1,-352.7,-235.4,2551.6,1,-798.7,-186.7,2580.6,1,-372.3,-133.1,2690.0,1,-663.0,-613.2,2555.5,1,-387.3,-614.0,2659.5,1,
3,0.9462761879,0.0848292932,-0.3120333254,-0.0514427722,0.9921790361,0.1137275249,0.3192401230,-0.0915659219,0.9432403445,1,-600.9,413.6,2887.1,1,0.9462761879,0.0848292932,-0.3120333254,-0.0514427722,0.9921790361,0.1137275249,0.3192401230,-0.0915659219,0.9432403445,1,-618.7,205.1,2906.3,1,0.9458615184,0.0704210103,-0.3168380260,-0.0567560792,0.9970241189,0.0521655194,0.3195684552,-0.0313590355,0.9470446110,1,-633.2,0.1,2912.8,1,0.4270649850,-0.7028846741,-0.5688310862,0.8849253058,0.4541562796,0.1031960994,0.1858032346,-0.5474444628,0.8159545660,1,-755.7,213.3,2860.1,1,-0.2341874242,-0.7028845549,-0.6716468930,0.5789706707,0.4541562498,-0.6771521568,0.7809923887,-0.5474444032,0.3005919158,1,-865.8,-14.9,2812.1,1,0.4946238995,0.8182765245,0.2928663194,-0.8640878797,0.4991689622,0.0646721274,-0.0932700858,-0.2850506306,0.9539637566,1,-481.7,196.9,2952.6,1,-0.0326372199,0.8182765841,0.5738974810,-0.4547464252,0.4991689622,-0.7375880480,-0.8900228143,-0.2850506604,0.3558168113,1,-362.7,-11.1,2930.2,1,0.9819350839,-0.1891318560,0.0057131145,0.0281531326,0.1161750257,-0.9928296804,0.1871119887,0.9750550985,0.1194009930,1,-737.4,-199.5,2888.9,1,0.9819352031,0.0110937944,-0.1888926327,0.0281531308,0.9786025882,0.2038245946,0.1871120036,-0.2054604292,0.9606119394,1,-658.4,-248.0,2481.4,1,0.8822671175,-0.4707469046,-0.0015240607,0.0347299241,0.0683183372,-0.9970589280,0.4694665372,0.8796193004,0.0766240135,1,-557.9,-210.3,2949.6,1,0.8822669983,0.1094850451,-0.4578405619,0.0347299203,0.9547894001,0.2952474058,0.4694665074,-0.2763877809,0.8385767937,1,-346.7,-240.9,2554.9,1,-796.3,-186.7,2580.4,1,-371.6,-134.8,2687.9,1,-662.5,-610.2,2557.4,1,-390.0,-618.2,2664.1,1,
4,0.9484224319,0.0962555185,-0.3020417690,-0.0519926250,0.9871165156,0.1513183415,0.3127154112,-0.1278099120,0.9412091374,1,-598.0,414.0,2876.0,1,0.9484224319,0.0962555185,-0.3020417690,-0.0519926250,0.9871165156,0.1513183415,0.3127154112,-0.1278099120,0.9412091374,1,-618.2,206.2,2902.9,1,0.9481939673,0.0766245723,-0.3083120286,-0.0546121895,0.9953442216,0.0794158280,0.3129615486,-0.0584642068,0.9479651451,1,-634.0,1.6,2914.9,1,0.4190872014,-0.7347763181,-0.5333571434,0.8936524987,0.4376406074,0.0992775261,0.1604719907,-0.5182418823,0.8400441408,1,-755.5,214.1,2857.6,1,-0.2128815800,-0.7347762585,-0.6440383196,0.5766343474,0.4376405776,-0.6899011135,0.7887802124,-0.5182418823,0.3305316269,1,-863.9,-17.0,2816.1,1,0.4850977063,0.8228335381,0.2960154414,-0.8700694442,0.4880454838,0.0692145601,-0.0875169113,-0.2911298275,0.9526722431,1,-480.9,198.3,2948.2,1,-0.0419070907,0.8228335381,0.5667351484,-0.4587916732,0.4880454540,-0.7425104976,-0.8875550628,-0.2911298275,0.3570566177,1,-362.9,-13.3,2926.9,1,0.9821048975,-0.1875430048,0.0172494873,0.0293945652,0.0621718615,-0.9976325035,0.1860265583,0.9802868366,0.0665720403,1,-739.7,-197.7,2897.2,1,0.9821050167,0.0060121384,-0.1882386208,0.0293945670,0.9823483825,0.1847366095,0.1860265583,-0.1869639158,0.9645925164,1,-662.1,-223.5,2491.4,1,0.8799008131,-0.4742250144,-0.0297538023,0.0271628592,0.1127181128,-0.9932557344,0.4743805230,0.8731582165,0.1120620742,1,-559.7,-208.1,2956.6,1,0.8799008131,0.1337814033,-0.4559355676,0.0271628797,0.9438147545,0.3293568492,0.4743805230,-0.3021858633,0.8268294334,1,-342.5,-259.7,2556.6,1,-800.5,-188.6,2581.3,1,-374.3,-138.2,2685.4,1,-664.4,-606.6,2564.4,1,-392.1,-609.9,2668.7,1,
5,0.9497033358,0.0969825387,-0.2977540493,-0.0599124059,0.9895417690,0.1312132776,0.3073652387,-0.1067746729,0.9455827475,1,-597.9,414.6,2880.9,1,0.9497033358,0.0969825387,-0.2977540493,-0.0599124059,0.9895417690,0.1312132776,0.3073652387,-0.1067746729,0.9455827475,1,-618.3,206.2,2903.4,1,0.9492433667,0.0816523135,-0.3037586808,-0.0650237501,0.9957981110,0.0644782782,0.3077468574,-0.0414542295,0.9505652785,1,-635.1,1.6,2911.9,1,0.4080843031,-0.7463861108,-0.5257136822,0.8982071877,0.4312962592,0.0848954991,0.1633735299,-0.5068443418,0.8464147449,1,-755.8,215.6,2858.8,1,-0.1985627711,-0.7463861108,-0.6352012157,0.5825774670,0.4312963486,-0.6889026761,0.7881473303,-0.5068443418,0.3491883576,1,-861.5,-17.0,2816.5,1,0.4899015427,0.8221537471,0.2899304032,-0.8684735298,0.4891919494,0.0802797601,-0.0758293197,-0.2911260426,0.9536747336,1,-480.9,196.8,2948.0,1,-0.0528350063,0.8221536875,0.5668083429,-0.4436261952,0.4891920388,-0.7509240508,-0.8946532011,-0.2911261022,0.3388824463,1,-361.7,-14.5,2929.5,1,0.9807122350,-0.1954409629,-0.0025382955,0.0232660975,0.1296224296,-0.9912905097,0.1940677911,0.9721115232,0.1316694468,1,-742.0,-196.9,2891.2,1,0.9807121754,0.0171362497,-0.1947048157,0.0232660957,0.9788321257,0.2033378482,0.1940677762,-0.2039459199,0.9595539570,1,-657.7,-252.8,2472.1,1,0.8842544556,-0.4667651057,-0.0149795692,0.0325329602,0.0935659111,-0.9950814247,0.4658708572,0.8794178367,0.0979213342,1,-561.8,-209.3,2949.6,1,0.8842545152,0.1290636957,-0.4488169551,0.0325329602,0.9416940808,0.3348937333,0.4658709168,-0.3107325435,0.8284984827,1,-344.3,-252.9,2539.8,1,-802.8,-189.1,2583.7,1,-376.0,-135.3,2686.0,1,-663.9,-605.4,2545.5,1,-393.7,-613.7,2658.9,1,
6,0.9522129297,0.1060028672,-0.2864491940,-0.0619498901,0.9853788018,0.1587140858,0.2990848124,-0.1333842874,0.9448586702,1,-595.4,413.4,2872.4,1,0.9522129297,0.1060028672,-0.2864491940,-0.0619498901,0.9853788018,0.1587140858,0.2990848124,-0.1333842874,0.9448586702,1,-617.8,205.4,2900.5,1,0.9515072703,0.0902791694,-0.2940798402,-0.0690677166,0.9942561984,0.0817538947,0.2997710705,-0.0574782044,0.9522786140,1,-636.3,1.1,2912.4,1,0.4419813454,-0.7053480148,-0.5541992188,0.8842027783,0.4466554523,0.1366903633,0.1511218250,-0.5504390597,0.8210841417,1,-755.6,215.4,2857.1,1,-0.2280221432,-0.7053480744,-0.6711857319,0.5922753811,0.4466555119,-0.6706033945,0.7727974653,-0.5504391789,0.3159129024,1,-869.2,-12.0,2818.3,1,0.4985655248,0.8240535855,0.2690135837,-0.8658646941,0.4882178903,0.1091865450,-0.0413616747,-0.2873660028,0.9569274783,1,-480.0,195.4,2944.0,1,-0.0488593392,0.8240535855,0.5644011497,-0.4441158772,0.4882178903,-0.7512686253,-0.8946362138,-0.2873660028,0.3421212435,1,-360.2,-12.7,2934.0,1,0.9765102267,-0.2143383622,-0.0220681131,0.0112661738,0.1530671865,-0.9881516099,0.2151767015,0.9646914005,0.1518864483,1,-745.2,-196.7,2895.7,1,0.9765101075,0.0374240875,-0.2121965587,0.0112661719,0.9745861888,0.2237291038,0.2151766866,-0.2208643407,0.9512717724,1,-652.9,-262.6,2480.5,1,0.8792487383,-0.4762793183,-0.0089287804,0.0321734957,0.0780747533,-0.9964283109,0.4752753079,0.8758209348,0.0839707032,1,-564.6,-209.8,2952.6,1,0.8792487383,0.1270446330,-0.4591093659,0.0321734920,0.9457420707,0.3233215809,0.4752753079,-0.2990512252,0.8274550438,1,-345.7,-245.7,2550.0,1,-801.2,-188.7,2587.8,1,-373.5,-133.6,2690.5,1,-666.0,-603.4,2557.7,1,-395.1,-613.8,2666.4,1,
7,0.9542693496,0.1003340855,-0.2816069424,-0.0633677170,0.9884787202,0.1374549568,0.2921535373,-0.1133243889,0.9496341348,1,-597.6,414.5,2879.1,1,0.9542693496,0.1003340855,-0.2816069424,-0.0633677170,0.9884787202,0.1374549568,0.2921535373,-0.1133243889,0.9496341348,1,-618.7,206.1,2903.0,1,0.9536802769,0.0861854628,-0.2882106602,-0.0696329325,0.9953051209,0.0672191158,0.2926505208,-0.0440367796,0.9552054405,1,-636.5,1.6,2912.1,1,0.4520430863,-0.6661999822,-0.5931565166,0.8738095760,0.4643262029,0.1444230378,0.1792034954,-0.5835912824,0.7920273542,1,-756.8,216.2,2860.6,1,-0.2530315816,-0.6661999822,-0.7015358806,0.5953834057,0.4643262029,-0.6556826830,0.7625572681,-0.5835912228,0.2791552246,1,-874.1,-10.5,2814.1,1,0.5038012266,0.8128840923,0.2922392190,-0.8616441488,0.4968953431,0.1032683700,-0.0612671040,-0.3038329184,0.9507533312,1,-480.7,196.0,2945.4,1,-0.0520257317,0.8128840923,0.5800972581,-0.4576343596,0.4968953729,-0.7373369932,-0.8876169920,-0.3038329482,0.3461524248,1,-359.3,-11.6,2930.6,1,0.9759922624,-0.2166146189,-0.0227483027,0.0145099219,0.1688746810,-0.9855307937,0.2173219919,0.9615402222,0.1679634154,1,-744.7,-196.4,2893.3,1,0.9759920835,0.0393295735,-0.2142254710,0.0145099200,0.9696362615,0.2441210300,0.2173219621,-0.2413686216,0.9457865953,1,-648.9,-271.1,2468.1,1,0.8807857633,-0.4732336104,0.0163205620,0.0506765917,0.0599386953,-0.9969149232,0.4707954228,0.8788954616,0.0767750219,1,-563.7,-209.6,2948.9,1,0.8807859421,0.1018705890,-0.4624271393,0.0506765991,0.9506955147,0.3059576750,0.4707955122,-0.2929174006,0.8321965933,1,-346.8,-237.1,2546.1,1,-799.1,-186.9,2588.2,1,-373.4,-136.1,2689.1,1,-662.4,-605.0,2551.2,1,-386.8,-609.9,2661.0,1,
8,0.9533574581,0.1000273228,-0.2847866416,-0.0665281415,0.9899250865,0.1249865144,0.2944192290,-0.1002106369,0.9504084587,1,-597.5,414.1,2883.0,1,0.9533574581,0.1000273228,-0.2847866416,-0.0665281415,0.9899250865,0.1249865144,0.2944192290,-0.1002106369,0.9504084587,1,-618.6,205.4,2904.1,1,0.9531034827,0.0823096111,-0.2912357450,-0.0692945719,0.9960927367,0.0547429472,0.2946033776,-0.0319948122,0.9550843835,1,-635.5,0.7,2910.7,1,0.4572564065,-0.6480930448,-0.6090090275,0.8677501082,0.4750890136,0.1459460109,0.1947468966,-0.5952023864,0.7796202898,1,-756.6,215.5,2861.4,1,-0.2678690553,-0.6480930448,-0.7128965855,0.5894048810,0.4750889838,-0.6533699632,0.7621338367,-0.5952023268,0.2547275722,1,-876.1,-11.2,2810.6,1,0.5002622008,0.8101972342,0.3054804504,-0.8617986441,0.5000804663,0.0849860013,-0.0839093700,-0.3057779074,0.9483982325,1,-480.6,195.4,2946.8,1,-0.0492382981,0.8101972342,0.5840858221,-0.4617576003,0.5000805855,-0.7325977683,-0.8856385350,-0.3057779372,0.3494915366,1,-359.8,-12.6,2926.5,1,0.9759619832,-0.2178817242,-0.0050783940,0.0186680518,0.1067908183,-0.9941062927,0.2171399146,0.9701150656,0.1082912162,1,-742.8,-197.5,2889.3,1,0.9759619832,0.0271849371,-0.2162387669,0.0186680425,0.9781159163,0.2072214633,0.2171398848,-0.2062770426,0.9540964365,1,-649.6,-243.2,2474.0,1,0.8781315684,-0.4782352746,0.0132632218,0.0447916463,0.0545815937,-0.9975041747,0.4763177633,0.8765339851,0.0693507716,1,-562.0,-210.6,2945.2,1,0.8781316280,0.1007800773,-0.4676839709,0.0447916389,0.9559485912,0.2900966108,0.4763177931,-0.2756913304,0.8349345922,1,-346.4,-235.2,2550.2,1,-796.7,-185.9,2584.7,1,-373.2,-138.3,2685.5,1,-659.6,-604.7,2550.3,1,-386.1,-611.6,2658.7,1,
9,0.9539089203,0.1032738984,-0.2817653418,-0.0620215386,0.9864934683,0.1516020000,0.2936159074,-0.1271391362,0.9474314451,1,-596.0,412.6,2874.4,1,0.9539089203,0.1032738984,-0.2817653418,-0.0620215386,0.9864934683,0.1516020000,0.2936159074,-0.1271391362,0.9474314451,1,-617.8,204.8,2901.2,1,0.9532991052,0.0864959955,-0.2893763185,-0.0683889464,0.9950475097,0.0721292645,0.2941817939,-0.0489708111,0.9544945359,1,-635.6,0.3,2911.3,1,0.4426118433,-0.6424029469,-0.6256302595,0.8720170259,0.4709669948,0.1333286166,0.2090005130,-0.6045730710,0.7686417699,1,-755.8,214.7,2858.6,1,-0.2914531827,-0.6424029469,-0.7087830901,0.5794671774,0.4709669948,-0.6651374698,0.7610996962,-0.6045729518,0.2349866331,1,-874.0,-18.1,2802.8,1,0.4465558827,0.8720605969,0.2002454251,-0.8934407234,0.4467185736,0.0469701551,-0.0484925248,-0.1998822242,0.9786192179,1,-479.7,194.9,2943.8,1,-0.0011397355,0.8720605969,0.4893966913,-0.4065698087,0.4467186034,-0.7969589233,-0.9136190414,-0.1998822391,0.3540443480,1,-368.9,-26.8,2931.8,1,0.9724347591,-0.2318511903,-0.0248182919,0.0038364884,0.1223303676,-0.9924821258,0.2331441939,0.9650287032,0.1198477894,1,-743.8,-197.7,2893.4,1,0.9724345803,0.0486216284,-0.2280501276,0.0038364902,0.9745495915,0.2241390347,0.2331441641,-0.2188354433,0.9474992752,1,-644.1,-250.3,2478.6,1,0.8804551363,-0.4727227390,0.0364966542,0.0747514367,0.0623875856,-0.9952487350,0.4681997895,0.8790000081,0.0902661681,1,-562.9,-210.7,2949.2,1,0.8804551959,0.0808751211,-0.4671809375,0.0747514293,0.9493430853,0.3052212000,0.4681997895,-0.3036559820,0.8298084736,1,-351.9,-238.5,2557.0,1,-787.5,-190.2,2576.8,1,-369.2,-136.2,2685.9,1,-662.2,-611.5,2559.8,1,-383.8,-612.8,2676.7,1,
10,0.9527861476,0.1073538065,-0.2840300500,-0.0611406416,0.9840839505,0.1668529212,0.2974214256,-0.1416095495,0.9441865087,1,-595.4,413.0,2869.6,1,0.9527861476,0.1073538065,-0.2840300500,-0.0611406416,0.9840839505,0.1668529212,0.2974214256,-0.1416095495,0.9441865087,1,-618.1,204.8,2899.6,1,0.9522653818,0.0889727846,-0.2920169234,-0.0663879812,0.9940475225,0.0863792300,0.2979638278,-0.0628697500,0.9525050521,1,-636.4,0.5,2912.5,1,0.4422097206,-0.6430389285,-0.6252611876,0.8724577427,0.4700733423,0.1335983574,0.2080096602,-0.6045925021,0.7688953280,1,-756.0,214.4,2856.4,1,-0.2827129662,-0.6430389285,-0.7117403746,0.5879881978,0.4700733721,-0.6582559943,0.7578544021,-0.6045924425,0.2452034652,1,-873.0,-16.6,2801.4,1,0.4752126634,0.8467494845,0.2391407788,-0.8786156774,0.4711844623,0.0775867030,-0.0469829142,-0.2469830215,0.9678801894,1,-480.2,195.2,2942.7,1,-0.0241392478,0.8467495441,0.5314439535,-0.4297528565,0.4711844325,-0.7702583075,-0.9026238322,-0.2469830215,0.3525189757,1,-363.8,-19.9,2931.2,1,0.9771798253,-0.2124112546,-0.0009347034,0.0207585748,0.0998755321,-0.9947834015,0.2113965452,0.9720628262,0.1020057350,1,-745.0,-197.6,2897.2,1,0.9771798253,0.0224169716,-0.2112271488,0.0207585786,0.9795772433,0.1999933571,0.2113965452,-0.1998142451,0.9567579627,1,-654.7,-240.0,2484.1,1,0.8873913288,-0.4565710425,0.0638709962,0.1118375063,0.0787898228,-0.9905980825,0.4472460151,0.8861913085,0.1209791750,1,-564.3,-210.2,2953.7,1,0.8873913288,0.0723449439,-0.4553051889,0.1118375063,0.9243285060,0.3648413122,0.4472459853,-0.3746772110,0.8121502399,1,-353.9,-246.5,2545.3,1,-789.7,-189.9,2578.0,1,-370.3,-135.4,2688.6,1,-663.3,-615.0,2560.6,1,-382.4,-610.4,2692.8,1,
11,0.9534077048,0.1102972776,-0.2807982266,-0.0631361753,0.9831070900,0.1717945039,0.2950029373,-0.1460618377,0.9442669749,1,-595.8,413.1,2867.7,1,0.9534077048,0.1102972776,-0.2807982266,-0.0631361753,0.9831070900,0.1717945039,0.2950029373,-0.1460618377,0.9442669749,1,-619.1,205.7,2898.6,1,0.9530791640,0.0895695016,-0.2891655266,-0.0663853362,0.9938135743,0.0890317187,0.2953509092,-0.0656581447,0.9531304836,1,-637.5,1.4,2912.1,1,0.4541333020,-0.6333056688,-0.6266474128,0.8690700531,0.4697555900,0.1550709605,0.1961638033,-0.6150233746,0.7637186050,1,-757.1,215.3,2855.8,1,-0.2861940265,-0.6333057284,-0.7190389633,0.5962081552,0.4697555900,-0.6510496736,0.7500859499,-0.6150234342,0.2431407571,1,-876.5,-13.3,2804.2,1,0.4902154505,0.8307685852,0.2636520565,-0.8705466986,0.4815604687,0.1012324020,-0.0428637043,-0.2791471183,0.9592912197,1,-481.0,196.1,2941.3,1,-0.0453821756,0.8307685852,0.5547648668,-0.4412354827,0.4815604687,-0.7572389245,-0.8962430954,-0.2791470885,0.3447103202,1,-361.8,-15.7,2930.9,1,0.9745990038,-0.2239433229,0.0024859840,0.0110614672,0.0370467380,-0.9992523789,0.2236837894,0.9738977551,0.0385828577,1,-746.3,-196.6,2897.5,1,0.9745990038,0.0263510514,-0.2224014848,0.0110614691,0.9861779809,0.1653196067,0.2236837894,-0.1635804027,0.9608366489,1,-652.9,-212.1,2491.2,1,0.8803656697,-0.4742870331,0.0028413944,0.0682978556,0.1208407581,-0.9903196096,0.4693523943,0.8720374703,0.1387768388,1,-565.4,-209.2,2953.6,1,0.8803657293,0.1229948103,-0.4580704570,0.0682978779,0.9228511453,0.3790530264,0.4693523943,-0.3649905324,0.8040462136,1,-340.4,-266.5,2539.8,1,-792.3,-188.8,2583.4,1,-374.0,-134.3,2690.0,1,-663.4,-604.1,2556.3,1,-385.6,-606.0,2674.0,1,
12,0.9539600015,0.1098701581,-0.2790846229,-0.0610724464,0.9821515679,0.1778977364,0.2936487794,-0.1526631415,0.9436445832,1,-595.9,413.5,2866.3,1,0.9539600015,0.1098701581,-0.2790846229,-0.0610724464,0.9821515679,0.1778977364,0.2936487794,-0.1526631415,0.9436445832,1,-619.1,205.9,2898.6,1,0.9534317851,0.0915853903,-0.2873661518,-0.0662514940,0.9931058884,0.0966979116,0.2942408919,-0.0731566548,0.9529277086,1,-637.9,1.7,2913.6,1,0.4543341398,-0.6558830142,-0.6028249264,0.8726221323,0.4637920260,0.1530605555,0.1791955531,-0.5955789685,0.7830546498,1,-757.2,215.5,2856.0,1,-0.2765910327,-0.6558830142,-0.7023637295,0.5864614248,0.4637919962,-0.6640481353,0.7612885833,-0.5955789685,0.2563694119,1,-877.3,-15.1,2808.6,1,0.5002790093,0.8263947368,0.2584429085,-0.8655551672,0.4852779508,0.1237720922,-0.0231320448,-0.2856171727,0.9580646753,1,-481.0,196.3,2941.2,1,-0.0478445292,0.8263946772,0.5610550046,-0.4448827505,0.4852778912,-0.7527182102,-0.8943098187,-0.2856171429,0.3444308937,1,-360.0,-13.2,2935.6,1,0.9739042521,-0.2269555479,-0.0012805238,0.0122251548,0.0580924153,-0.9982363582,0.2266296595,0.9721710086,0.0593510158,1,-747.2,-196.1,2900.7,1,0.9739043117,0.0225534160,-0.2258358151,0.0122251566,0.9883927107,0.1514275819,0.2266296893,-0.1502368301,0.9623242617,1,-653.0,-220.2,2497.1,1,0.8758705258,-0.4825234413,0.0046897423,0.0428153761,0.0680301785,-0.9967641830,0.4806430638,0.8732370734,0.0802450553,1,-566.3,-208.7,2956.6,1,0.8758704662,0.1274772882,-0.4654034972,0.0428153723,0.9401400685,0.3380878270,0.4806429744,-0.3160475492,0.8179830313,1,-339.5,-240.7,2546.1,1,-795.6,-188.2,2583.9,1,-372.8,-132.8,2695.2,1,-661.9,-612.1,2556.7,1,-388.1,-599.0,2666.6,1,
13,0.9551122189,0.1123291925,-0.2741204202,-0.0646523535,0.9820556641,0.1771605164,0.2891015112,-0.1514858305,0.9452371001,1,-595.7,414.1,2865.6,1,0.9551122189,0.1123291925,-0.2741204202,-0.0646523535,0.9820556641,0.1771605164,0.2891015112,-0.1514858305,0.9452371001,1,-619.6,205.6,2897.7,1,0.9548701644,0.0908467546,-0.2827880681,-0.0670061335,0.9934191704,0.0928848982,0.2893651128,-0.0697447136,0.9546749592,1,-638.2,1.4,2912.1,1,0.4545224607,-0.6585254669,-0.5997945666,0.8719829321,0.4664001465,0.1487166584,0.1818105727,-0.5906056762,0.7862123251,1,-757.8,215.3,2855.8,1,-0.2637301981,-0.6585254669,-0.7048336864,0.5920032859,0.4664001465,-0.6572692990,0.7615631223,-0.5906056166,0.2668454647,1,-876.6,-12.6,2808.3,1,0.5075101852,0.8227635622,0.2559171319,-0.8614763021,0.4904037416,0.1317679286,-0.0170888584,-0.2873401046,0.9576761723,1,-481.3,195.9,2939.6,1,-0.0478533655,0.8227635622,0.5663657784,-0.4439774156,0.4904037416,-0.7499254942,-0.8947592378,-0.2873400748,0.3418209553,1,-359.0,-11.6,2935.5,1,0.9789170027,-0.2042581737,0.0004482121,0.0372213274,0.1762264967,-0.9836457372,0.2008386850,0.9629240632,0.1801138818,1,-747.5,-196.4,2898.9,1,0.9789169431,-0.0099253822,-0.2040173858,0.0372213237,0.9907631278,0.1303951889,0.2008386850,-0.1352398396,0.9702443480,1,-663.7,-268.7,2504.0,1,0.8824805617,-0.4699113369,0.0202835593,0.0559382066,0.0620366111,-0.9965051413,0.4670107365,0.8805309534,0.0810321048,1,-566.3,-209.2,2953.9,1,0.8824805021,0.1049439609,-0.4584919512,0.0559382141,0.9444557428,0.3238427937,0.4670107067,-0.3114321828,0.8275935054,1,-346.9,-238.1,2542.7,1,-798.6,-187.7,2583.0,1,-371.9,-130.9,2695.0,1,-660.3,-612.6,2551.0,1,-387.6,-604.7,2663.6,1,
14,0.9554747939,0.1139515415,-0.2721801102,-0.0659747347,0.9815709591,0.1793458164,0.2876005471,-0.1534035951,0.9453856945,1,-595.4,413.5,2865.2,1,0.9554747939,0.1139515415,-0.2721801102,-0.0659747347,0.9815709591,0.1793458164,0.2876005471,-0.1534035951,0.9453856945,1,-619.7,205.0,2897.8,1,0.9552921653,0.0919689536,-0.2809943557,-0.0677270293,0.9931876659,0.0948179737,0.2878001630,-0.0715481937,0.9550145268,1,-638.6,0.8,2912.5,1,0.4519326985,-0.6438941956,-0.6173792481,0.8692522645,0.4733456969,0.1426336020,0.2003928423,-0.6011191010,0.7736269236,1,-758.0,214.8,2856.1,1,-0.2716073990,-0.6438941956,-0.7152829766,0.5930788517,0.4733456373,-0.6513074636,0.7579491138,-0.6011191607,0.2533158660,1,-876.3,-12.8,2803.6,1,0.5105880499,0.8175057173,0.2664286792,-0.8593928218,0.4950412512,0.1279768795,-0.0272713471,-0.2943103611,0.9553207755,1,-481.3,195.2,2939.5,1,-0.0472776741,0.8175057769,0.5739766955,-0.4516161978,0.4950413108,-0.7422782183,-0.8909589052,-0.2943103611,0.3457944095,1,-359.0,-10.6,2932.9,1,0.9780110717,-0.2083441615,0.0093327891,0.0336458869,0.1134605408,-0.9929727316,0.2058211714,0.9714521170,0.1179756150,1,-748.1,-196.9,2899.9,1,0.9780110121,-0.0033323839,-0.2085265070,0.0336458869,0.9892956018,0.1419931650,0.2058211863,-0.1458869278,0.9676542282,1,-661.8,-243.9,2497.7,1,0.8834049702,-0.4677501619,0.0283821877,0.0613912046,0.0554749742,-0.9965710044,0.4645717740,0.8821180463,0.0777226165,1,-566.8,-209.8,2954.5,1,0.8834049702,0.1001389921,-0.4577859640,0.0613912046,0.9437500834,0.3249105811,0.4645717442,-0.3151316047,0.8275659084,1,-349.6,-235.6,2544.9,1,-796.7,-186.6,2581.5,1,-371.7,-132.0,2693.4,1,-660.6,-611.1,2551.8,1,-388.8,-605.3,2668.3,1,
15,0.9516119361,0.1114042774,-0.2863965929,-0.0603537932,0.9815769792,0.1812819839,0.3013156354,-0.1552251726,0.9408053756,1,-594.4,413.5,2865.5,1,0.9516119361,0.1114042774,-0.2863965929,-0.0603537932,0.9815769792,0.1812819839,0.3013156354,-0.1552251726,0.9408053756,1,-618.1,204.7,2898.6,1,0.9510791898,0.0910648853,-0.2952199280,-0.0655503944,0.9932952523,0.0952195302,0.3019114733,-0.0712097660,0.9506731629,1,-636.9,0.5,2913.2,1,0.4656869471,-0.6392037272,-0.6120085120,0.8646355867,0.4759750366,0.1607894301,0.1885235459,-0.6040418744,0.7743335366,1,-755.9,214.2,2854.8,1,-0.2669489086,-0.6392036676,-0.7212191224,0.5992854238,0.4759749770,-0.6436651349,0.7547153234,-0.6040418148,0.2560044825,1,-878.2,-12.9,2805.3,1,0.5024398565,0.8236438632,0.2629924715,-0.8632040620,0.4952057600,0.0982347950,-0.0493248813,-0.2763732374,0.9597838521,1,-480.4,195.2,2942.3,1,-0.0281338729,0.8236438036,0.5664091110,-0.4510583878,0.4952056110,-0.7425076365,-0.8920508623,-0.2763731778,0.3575794399,1,-359.6,-12.4,2930.4,1,0.9764220119,-0.2158448398,0.0033150930,0.0234718453,0.0908892378,-0.9955843687,0.2145904452,0.9721882939,0.0938125327,1,-745.8,-197.5,2899.2,1,0.9764221311,0.0095247189,-0.2156600952,0.0234718509,0.9884187579,0.1499250233,0.2145904750,-0.1514520347,0.9648903012,1,-656.6,-235.1,2497.2,1,0.8743336201,-0.4850290418,-0.0169576984,0.0390668660,0.1051650941,-0.9936870933,0.4837504625,0.8681516051,0.1108979285,1,-565.3,-209.9,2956.5,1,0.8743336797,0.1340563893,-0.4664435685,0.0390668660,0.9385352135,0.3429656625,0.4837504327,-0.3180888891,0.8153557777,1,-338.6,-259.1,2550.6,1,-800.3,-187.7,2585.2,1,-367.2,-133.6,2690.6,1,-660.2,-613.9,2555.2,1,-388.2,-606.4,2668.3,1,
16,0.9512420893,0.1077467874,-0.2890127301,-0.0589068085,0.9832161665,0.1726699471,0.3027664125,-0.1472262740,0.9416250587,1,-596.5,413.4,2868.7,1,0.9512420893,0.1077467874,-0.2890127301,-0.0589068085,0.9832161665,0.1726699471,0.3027664125,-0.1472262740,0.9416250587,1,-619.3,205.0,2899.9,1,0.9503983259,0.0910583511,-0.2974066138,-0.0672975257,0.9937370420,0.0891998112,0.3036661446,-0.0647608414,0.9505754709,1,-638.0,0.8,2913.2,1,0.4559695423,-0.6568593979,-0.6005226374,0.8695787787,0.4725048840,0.1434286535,0.1895374060,-0.5876008272,0.7866389155,1,-756.9,214.8,2855.9,1,-0.2563891709,-0.6568595171,-0.7090841532,0.5928970575,0.4725049138,-0.6520830393,0.7633726001,-0.5876009464,0.2683049440,1,-876.6,-13.4,2806.2,1,0.4978750050,0.8162312508,0.2930652499,-0.8644091487,0.4943760931,0.0915924981,-0.0701237693,-0.2989298999,0.9516952038,1,-481.7,195.3,2943.9,1,-0.0468848236,0.8162312508,0.5758199096,-0.4590348303,0.4943760931,-0.7381594777,-0.8871803284,-0.2989298701,0.3514997959,1,-360.9,-14.3,2926.8,1,0.9777613282,-0.2095718682,0.0079132132,0.0230447277,0.0698589310,-0.9972907305,0.2084512711,0.9752945304,0.0731348842,1,-746.9,-197.2,2897.7,1,0.9777612686,0.0098862546,-0.2094880790,0.0230447259,0.9877748489,0.1541741043,0.2084512711,-0.1555730402,0.9655802846,1,-659.5,-226.3,2490.9,1,0.8701945543,-0.4906459451,-0.0450330786,0.0244079717,0.1342144459,-0.9906517267,0.4921033382,0.8609604836,0.1287683547,1,-566.6,-209.9,2955.3,1,0.8701946735,0.1600646824,-0.4659836292,0.0244079530,0.9305941463,0.3652380407,0.4921033382,-0.3292018473,0.8058911562,1,-334.2,-273.5,2547.6,1,-801.4,-187.3,2582.3,1,-373.5,-137.7,2688.4,1,-663.3,-610.8,2551.5,1,-391.5,-606.7,2665.5,1,
17,0.9526208639,0.0993979722,-0.2874594033,-0.0594482049,0.9877130985,0.1445252895,0.2982927561,-0.1205890030,0.9468265176,1,-599.7,414.5,2877.8,1,0.9526208639,0.0993979722,-0.2874594033,-0.0594482049,0.9877130985,0.1445252895,0.2982927561,-0.1205890030,0.9468265176,1,-620.7,206.3,2903.2,1,0.9518519640,0.0851166770,-0.2945034206,-0.0677112341,0.9953279495,0.0688207671,0.2989850938,-0.0455661789,0.9531696439,1,-638.2,1.7,2912.5,1,0.4321242869,-0.6690715551,-0.6046584845,0.8768004775,0.4685292840,0.1081721038,0.2109253407,-0.5769086480,0.7891051769,1,-758.5,216.1,2859.9,1,-0.2322284728,-0.6690716147,-0.7059838772,0.6055822968,0.4685293436,-0.6432343721,0.7611439824,-0.5769086480,0.2963720262,1,-870.8,-11.7,2805.1,1,0.5006902814,0.8166366816,0.2870780528,-0.8630099297,0.4966927767,0.0922506750,-0.0672543049,-0.2939402163,0.9534547925,1,-482.8,196.5,2946.5,1,-0.0449560247,0.8166366816,0.5753985643,-0.4530044198,0.4966927767,-0.7403265238,-0.8903740644,-0.2939402163,0.3476106822,1,-360.7,-14.1,2930.1,1,0.9786224961,-0.2051258683,-0.0148812421,0.0044509387,0.0934633017,-0.9956128597,0.2056168020,0.9742627740,0.0923782960,1,-745.9,-196.4,2893.6,1,0.9786225557,0.0591244958,-0.1969831884,0.0044509433,0.9514739513,0.3076973557,0.2056168318,-0.3019963205,0.9308705926,1,-651.5,-239.4,2445.6,1,0.8660196066,-0.4995987117,-0.0202795509,0.0224592332,0.0793847963,-0.9965910912,0.4995055199,0.8626117706,0.0799694061,1,-565.5,-209.3,2950.2,1,0.8660196066,0.1468169242,-0.4779696167,0.0224592239,0.9435330033,0.3305163085,0.4995054901,-0.2969684005,0.8138207197,1,-331.3,-246.5,2546.0,1,-803.3,-187.8,2583.8,1,-372.8,-135.8,2690.7,1,-674.4,-608.1,2562.6,1,-386.6,-601.7,2657.7,1,
18,0.9521067739,0.1052676588,-0.2870726585,-0.0592117794,0.9845719337,0.1646541804,0.2999762297,-0.1397704184,0.9436520338,1,-597.4,414.1,2871.3,1,0.9521067739,0.1052676588,-0.2870726585,-0.0592117794,0.9845719337,0.1646541804,0.2999762297,-0.1397704184,0.9436520338,1,-619.6,206.1,2900.8,1,0.9513429999,0.0892540589,-0.2949229479,-0.0669811815,0.9941435456,0.0847994089,0.3007642329,-0.0609192401,0.9517512321,1,-637.9,1.8,2913.4,1,0.4484938979,-0.6621844769,-0.6003040075,0.8723735809,0.4704516828,0.1328135282,0.1944669634,-0.5832554102,0.7886670828,1,-757.4,215.8,2857.3,1,-0.2424911112,-0.6621845365,-0.7090203166,0.6019424200,0.4704517126,-0.6452445984,0.7608307004,-0.5832554698,0.2845166028,1,-874.4,-11.9,2806.5,1,0.5020106435,0.8222742677,0.2680489123,-0.8629266024,0.4969427884,0.0916812867,-0.0578177981,-0.2773315310,0.9590330124,1,-481.8,196.4,2944.4,1,-0.0265997313,0.8222743273,0.5684693456,-0.4532296658,0.4969427884,-0.7400207520,-0.8909968138,-0.2773315012,0.3594605625,1,-360.7,-11.9,2930.4,1,0.9796300530,-0.2005746514,0.0097418353,0.0292387828,0.0944740921,-0.9950978756,0.1986710578,0.9751125574,0.0984142125,1,-746.5,-196.2,2897.4,1,0.9796299934,0.0186134018,-0.1999465525,0.0292387735,0.9718626142,0.2337266952,0.1986710280,-0.2348118722,0.9515215158,1,-659.1,-237.4,2472.7,1,0.8737729788,-0.4863121808,0.0046020341,0.0477014408,0.0762819871,-0.9959446192,0.4839889705,0.8704490066,0.0898509398,1,-566.1,-208.9,2954.4,1,0.8737730384,0.1135330498,-0.4728963971,0.0477014408,0.9476739764,0.3156559169,0.4839890003,-0.2983694673,0.8226362467,1,-343.8,-243.8,2556.5,1,-804.1,-186.4,2586.0,1,-367.8,-133.7,2691.0,1,-666.2,-607.7,2562.2,1,-387.6,-609.3,2671.5,1,
19,0.9519366026,0.1103594825,-0.2857214808,-0.0621571243,0.9830275178,0.1726045758,0.2999204099,-0.1465491652,0.9426408410,1,-595.5,414.4,2868.6,1,0.9519366026,0.1103594825,-0.2857214808,-0.0621571243,0.9830275178,0.1726045758,0.2999204099,-0.1465491652,0.9426408410,1,-618.8,206.3,2899.6,1,0.9513918161,0.0925215632,-0.2937560976,-0.0674637929,0.9932510853,0.0943390206,0.3005017042,-0.0699356943,0.9512141347,1,-637.8,2.2,2914.0,1,0.4580526054,-0.6712053418,-0.5828132033,0.8717307448,0.4675042927,0.1467146426,0.1739920080,-0.5752592087,0.7992519736,1,-756.6,216.1,2856.1,1,-0.2482719868,-0.6712052822,-0.6984586716,0.5894430876,0.4675042629,-0.6587842107,0.7687118649,-0.5752593279,0.2795690894,1,-877.2,-13.4,2810.3,1,0.4978349507,0.8236948252,0.2714539170,-0.8645263910,0.4962088466,0.0798177272,-0.0689523742,-0.2744151354,0.9591360688,1,-481.0,196.6,2943.1,1,-0.0206960421,0.8236950040,0.5666556358,-0.4573176205,0.4962089360,-0.7379956245,-0.8890627027,-0.2744151950,0.3664205670,1,-360.4,-13.0,2926.4,1,0.9757713675,-0.2187344581,-0.0050510070,0.0146323601,0.0882740617,-0.9959888458,0.2183029503,0.9717832804,0.0893359184,1,-747.1,-195.6,2899.8,1,0.9757713675,0.0290693212,-0.2168530822,0.0146323610,0.9802452922,0.1972436905,0.2183029503,-0.1956378222,0.9560698867,1,-654.1,-233.1,2486.8,1,0.8796824813,-0.4748627543,0.0257719252,0.0645803660,0.0655930564,-0.9957544804,0.4711562693,0.8776121140,0.0883678645,1,-566.6,-208.4,2956.8,1,0.8796825409,0.0953778923,-0.4658990502,0.0645803660,0.9466479421,0.3157325983,0.4711562693,-0.3078323305,0.8265901208,1,-347.3,-238.7,2551.4,1,-804.6,-185.7,2585.6,1,-365.9,-135.9,2687.4,1,-665.4,-613.3,2562.7,1,-384.5,-608.3,2671.6,1,
20,0.9507350326,0.1072191149,-0.2908715010,-0.0664118528,0.9869442582,0.1467289925,0.3028058708,-0.1201832443,0.9454444051,1,-596.4,415.6,2877.2,1,0.9507350326,0.1072191149,-0.2908715010,-0.0664118528,0.9869442582,0.1467289925,0.3028058708,-0.1201832443,0.9454444051,1,-619.1,206.5,2902.7,1,0.9504222274,0.0881679356,-0.2982001305,-0.0695849136,0.9949454069,0.0723918229,0.3030752242,-0.0480527580,0.9517546296,1,-637.2,2.0,2912.5,1,0.4424774349,-0.6837376356,-0.5802728534,0.8776243925,0.4631790221,0.1234524995,0.1843610704,-0.5638865232,0.8050112128,1,-756.7,216.6,2858.8,1,-0.2258866429,-0.6837376356,-0.6938862205,0.6004407406,0.4631790221,-0.6518712640,0.7671024203,-0.5638865829,0.3059180081,1,-871.1,-10.2,2811.1,1,0.4952005446,0.8254436255,0.2709600329,-0.8647868037,0.4982018173,0.0627598241,-0.0831880644,-0.2654013634,0.9605425596,1,-481.5,196.4,2946.6,1,-0.0120347980,0.8254435658,0.5643563271,-0.4545268416,0.4982018173,-0.7383767962,-0.8906517625,-0.2654013038,0.3691905141,1,-361.1,-13.8,2926.3,1,0.9747979045,-0.2222615927,-0.0192059688,0.0130937714,0.1429435462,-0.9896442294,0.2227052748,0.9644516706,0.1422512978,1,-745.5,-195.8,2893.7,1,0.9747979641,0.0360053517,-0.2201651484,0.0130937658,0.9759548306,0.2175792903,0.2227052599,-0.2149786055,0.9508873224,1,-648.7,-258.1,2473.5,1,0.8824362159,-0.4697575271,0.0251862258,0.0615963414,0.0622990616,-0.9961550236,0.4663822353,0.8805945516,0.0839102864,1,-565.2,-209.0,2951.2,1,0.8824361563,0.0845055655,-0.4627799690,0.0615963414,0.9545091391,0.2917502820,0.4663822055,-0.2859565318,0.8370881081,1,-349.4,-237.7,2546.6,1,-804.7,-186.8,2585.5,1,-364.3,-136.0,2686.9,1,-661.8,-614.2,2551.9,1,-382.6,-612.6,2658.9,1,
21,0.9497768283,0.1117322817,-0.2922998369,-0.0633453727,0.9833925962,0.1700746715,0.3064480722,-0.1430173218,0.9410824776,1,-594.4,415.2,2870.5,1,0.9497768283,0.1117322817,-0.2922998369,-0.0633453727,0.9833925962,0.1700746715,0.3064480722,-0.1430173218,0.9410824776,1,-618.1,207.0,2900.8,1,0.9492254853,0.0921572894,-0.3007945120,-0.0686919093,0.9937752485,0.0876995325,0.3070040345,-0.0625846907,0.9496484399,1,-637.0,2.8,2913.7,1,0.4346821904,-0.7014082670,-0.5648698807,0.8849248290,0.4491167367,0.1232973486,0.1672106981,-0.5534625649,0.8159166574,1,-755.5,217.0,2856.3,1,-0.2251959741,-0.7014082670,-0.6762495041,0.5970925093,0.4491167068,-0.6646614671,0.7699139118,-0.5534625649,0.3176663518,1,-868.1,-12.1,2813.1,1,0.4864933789,0.8366898894,0.2515437901,-0.8694291711,0.4920054078,0.0449846685,-0.0861226842,-0.2405842543,0.9667999148,1,-480.6,197.1,2945.3,1,0.0042952499,0.8366898298,0.5476601720,-0.4451626837,0.4920054376,-0.7481716871,-0.8954394460,-0.2405842841,0.3745763600,1,-362.3,-14.4,2924.3,1,0.9787271619,-0.2034396380,-0.0265597757,0.0252403300,0.2478653193,-0.9684656262,0.2036075443,0.9471932650,0.2477273941,1,-746.0,-195.0,2897.4,1,0.9787271619,0.0136786439,-0.2047095597,0.0252403319,0.9821678996,0.1863035858,0.2036075443,-0.1875073165,0.9609292746,1,-660.4,-299.3,2498.8,1,0.8815007210,-0.4719251990,0.0155995097,0.0526488982,0.0654036030,-0.9964690804,0.4692386091,0.8792093396,0.0824996531,1,-565.9,-208.0,2955.7,1,0.8815005422,0.0926751420,-0.4629988968,0.0526488870,0.9551445246,0.2914222479,0.4692384601,-0.2812652588,0.8370812535,1,-352.7,-237.5,2558.5,1,-802.3,-186.4,2588.3,1,-361.1,-134.1,2683.6,1,-664.7,-608.1,2557.8,1,-389.2,-613.9,2669.3,1,
22,0.9485134482,0.1136900708,-0.2956285775,-0.0629077628,0.9823848009,0.1759594381,0.3104255795,-0.1483027488,0.9389583468,1,-594.1,412.5,2868.2,1,0.9485134482,0.1136900708,-0.2956285775,-0.0629077628,0.9823848009,0.1759594381,0.3104255795,-0.1483027488,0.9389583468,1,-618.1,205.0,2899.5,1,0.9480780959,0.0926072747,-0.3042551577,-0.0670769215,0.9933716655,0.0933404416,0.3108821809,-0.0680857450,0.9480069280,1,-637.1,0.8,2913.5,1,0.4252508283,-0.7087960243,-0.5628232360,0.8885809183,0.4451392889,0.1107929423,0.1720051169,-0.5472287536,0.8191184402,1,-755.4,214.7,2854.5,1,-0.2389817238,-0.7087959647,-0.6636987329,0.5783528686,0.4451392591,-0.6836366057,0.7799971700,-0.5472286940,0.3035540879,1,-866.5,-17.6,2809.5,1,0.4873556793,0.8302527666,0.2704900503,-0.8677844405,0.4949653745,0.0442655645,-0.0971315801,-0.2563001215,0.9617046714,1,-480.8,195.3,2944.5,1,-0.0011347554,0.8302527666,0.5573859811,-0.4583223164,0.4949653447,-0.7382072806,-0.8887853622,-0.2563001215,0.3799616992,1,-362.4,-15.5,2920.9,1,0.9809092879,-0.1943940669,0.0052978508,0.0392307602,0.1711279303,-0.9844675064,0.1904680282,0.9658810496,0.1754871905,1,-746.1,-197.0,2898.0,1,0.9809092283,-0.0071257357,-0.1943356544,0.0392307565,0.9860332012,0.1618622392,0.1904680133,-0.1663960814,0.9674887061,1,-665.2,-268.2,2496.1,1,0.8823296428,-0.4706066549,0.0048793256,0.0415806323,0.0676231310,-0.9968441129,0.4687915444,0.8797479868,0.0792340189,1,-566.2,-209.7,2957.0,1,0.8823296428,0.1035250202,-0.4591045380,0.0415806323,0.9545442462,0.2951550186,0.4687915146,-0.2795138955,0.8379179239,1,-352.2,-240.5,2556.9,1,-797.2,-185.4,2583.1,1,-362.7,-138.7,2682.1,1,-662.7,-618.0,2555.1,1,-393.0,-617.2,2667.2,1,
23,0.9500549436,0.1133403182,-0.2907727659,-0.0622404777,0.9818155766,0.1793411374,0.3058115244,-0.1522862613,0.9398344755,1,-594.3,409.3,2867.0,1,0.9500549436,0.1133403182,-0.2907727659,-0.0622404777,0.9818155766,0.1793411374,0.3058115244,-0.1522862613,0.9398344755,1,-618.1,202.8,2899.0,1,0.9495356083,0.0922285244,-0.2997922599,-0.0672312006,0.9934234023,0.0926761478,0.3063677251,-0.0678441226,0.9494928122,1,-637.1,-1.4,2913.0,1,0.4228336513,-0.7235289812,-0.5456349850,0.8918042183,0.4391538501,0.1087618545,0.1609253585,-0.5325877666,0.8309351802,1,-755.6,212.5,2854.7,1,-0.2251189500,-0.7235289812,-0.6525544524,0.5792438388,0.4391538799,-0.6867462993,0.7834526300,-0.5325877666,0.3202378452,1,-865.8,-19.8,2812.8,1,0.4873916805,0.8290771842,0.2740078568,-0.8668058515,0.4972501099,0.0372809358,-0.1053416654,-0.2556820512,0.9610046148,1,-480.6,193.0,2943.4,1,-0.0069174678,0.8290771246,0.5590913892,-0.4481252134,0.4972501695,-0.7429172397,-0.8939440250,-0.2556820512,0.3680906594,1,-362.8,-16.6,2917.9,1,0.9787724614,-0.2049255669,0.0031615593,0.0298778266,0.1274083257,-0.9914003015,0.2027604580,0.9704496861,0.1308264881,1,-746.1,-199.3,2897.9,1,0.9787724614,0.0084073758,-0.2047774643,0.0298778303,0.9826308489,0.1831497848,0.2027604580,-0.1853802651,0.9615209103,1,-659.2,-253.3,2486.1,1,0.8836736083,-0.4678004086,0.0168451350,0.0475224853,0.0538535900,-0.9974174500,0.4656850994,0.8821918964,0.0698200390,1,-566.0,-212.0,2956.0,1,0.8836736679,0.0985780358,-0.4576061070,0.0475224778,0.9536313415,0.2972019911,0.4656851292,-0.2843761444,0.8380140662,1,-350.2,-236.9,2549.1,1,-800.5,-187.6,2585.8,1,-364.6,-137.1,2677.7,1,-662.3,-621.8,2555.6,1,-389.1,-613.6,2661.5,1,
