1,0.9924372435,0.0503357649,-0.1119149923,-0.0234327838,0.9729548693,0.2298037112,0.1204568669,-0.2254449129,0.9667779803,1,317.5,291.2,2867.1,1,0.9924372435,0.0503357649,-0.1119149923,-0.0234327838,0.9729548693,0.2298037112,0.1204568669,-0.2254449129,0.9667779803,1,307.0,88.7,2914.0,1,0.9922482371,0.0457110256,-0.1155178398,-0.0272914656,0.9873372316,0.1562705636,0.1211996377,-0.1519075930,0.9809330106,1,297.6,-113.7,2945.2,1,0.4143472910,-0.9066115618,-0.0798242390,0.8966397047,0.3915985227,0.2066105008,-0.1560564041,-0.1571820974,0.9751616716,1,163.1,92.6,2896.5,1,-0.0991614088,-0.9066115618,-0.4101495147,0.1643481851,0.3915985227,-0.9053398967,0.9814054966,-0.1571820974,0.1101685017,1,54.2,-143.1,2937.5,1,0.7423117757,0.5949072838,0.3083157539,-0.6518304944,0.5345508456,0.5379334688,0.1552100182,-0.6002839804,0.7845821381,1,450.9,84.7,2931.6,1,-0.3276116252,0.5949071050,0.7339999676,-0.5207131505,0.5345507860,-0.6656674147,-0.7883706093,-0.6002838016,0.1346509457,1,604.5,-50.1,2963.7,1,0.9910774231,-0.0061150407,-0.1331475079,-0.1330337971,0.0162662361,-0.9909780622,0.0082256794,0.9998490214,0.0153075913,1,194.4,-313.4,2964.8,1,0.9910773635,0.1326873749,0.0126377735,-0.1330337971,0.9788804650,0.1552261561,0.0082256813,-0.1555223912,0.9877980947,1,197.3,-321.1,2491.2,1,0.9511317015,-0.3035234213,0.0567638315,0.0728825927,0.0420342162,-0.9964544177,0.3000612259,0.9518963695,0.0621016473,1,382.1,-318.5,2987.8,1,0.9511316419,0.0140143558,-0.3084674478,0.0728825629,0.9605556726,0.2683670223,0.3000611365,-0.2777342498,0.9125935435,1,532.8,-339.4,2515.2,1,80.1,-186.0,2681.0,1,516.7,-189.7,2752.5,1,149.0,-677.6,2547.8,1,527.9,-679.9,2613.6,1,
2,0.9924225807,0.0528578162,-0.1108780950,-0.0257367585,0.9721201658,0.2330667675,0.1201075017,-0.2284486592,0.9661161304,1,320.2,288.7,2866.9,1,0.9924225807,0.0528578162,-0.1108780950,-0.0257367585,0.9721201658,0.2330667675,0.1201075017,-0.2284486592,0.9661161304,1,309.2,86.5,2914.4,1,0.9924196601,0.0445389226,-0.1144984290,-0.0257947389,0.9867388010,0.1602539569,0.1201188639,-0.1560867727,0.9804097414,1,300.1,-115.7,2946.4,1,0.4277709424,-0.9003274441,-0.0801416561,0.8897771239,0.4038298726,0.2126456201,-0.1590870619,-0.1622718275,0.9738374352,1,165.2,90.2,2897.0,1,-0.1021207720,-0.9003273845,-0.4230626822,0.1664223969,0.4038298130,-0.8995694518,0.9807521701,-0.1622718275,0.1085952371,1,53.1,-143.1,2938.7,1,0.7371199131,0.6176066399,0.2742558420,-0.6495132446,0.5355015397,0.5397877097,0.1865120381,-0.5760210752,0.7958725691,1,453.1,82.8,2931.8,1,-0.3122968078,0.6176066995,0.7218260169,-0.5052059293,0.5355014801,-0.6767608523,-0.8045107126,-0.5760210156,0.1447831839,1,604.3,-50.4,2970.1,1,0.9932867289,0.0014312286,-0.1156703681,-0.1156716272,0.0008311386,-0.9932872653,-0.0013254831,0.9999986291,0.0009911115,1,197.0,-315.5,2967.0,1,0.9932866693,0.1138567328,0.0204529297,-0.1156716123,0.9795995951,0.1643310487,-0.0013254862,-0.1655936688,0.9861931801,1,196.3,-315.9,2478.1,1,0.9528798461,-0.2971177995,0.0611618757,0.0731695145,0.0294510815,-0.9968845844,0.2943908572,0.9543864131,0.0498033166,1,384.8,-320.4,2989.8,1,0.9528800249,0.0069527598,-0.3032679856,0.0731695369,0.9649507999,0.2520241737,0.2943909466,-0.2623387277,0.9189736247,1,533.6,-335.1,2511.9,1,79.9,-186.7,2681.2,1,520.6,-185.8,2754.6,1,154.2,-678.7,2539.4,1,531.1,-679.9,2605.7,1,
3,0.9919514656,0.0548236817,-0.1140931100,-0.0262773652,0.9708935022,0.2380658388,0.1238251925,-0.2331532389,0.9645215869,1,322.1,289.0,2865.3,1,0.9919514656,0.0548236817,-0.1140931100,-0.0262773652,0.9708935022,0.2380658388,0.1238251925,-0.2331532389,0.9645215869,1,310.6,87.0,2913.8,1,0.9920297861,0.0448463671,-0.1177122369,-0.0247389078,0.9856428504,0.1670219153,0.1235138401,-0.1627796888,0.9788984060,1,301.5,-115.0,2947.2,1,0.4352887571,-0.8969518542,-0.0774664506,0.8845105767,0.4100331664,0.2225167453,-0.1678229570,-0.1653789282,0.9718464017,1,166.7,90.6,2895.9,1,-0.1071210653,-0.8969519138,-0.4289550781,0.1613647044,0.4100331664,-0.8976827264,0.9810640216,-0.1653789431,0.1008131728,1,51.5,-143.5,2940.3,1,0.7333274484,0.6266703010,0.2636575103,-0.6503701806,0.5335990787,0.5406391025,0.1981150657,-0.5679404736,0.7988704443,1,454.6,83.4,2931.7,1,-0.3200187385,0.6266703606,0.7105437517,-0.4882972240,0.5335991383,-0.6905345321,-0.8118829727,-0.5679405332,0.1352396607,1,603.3,-48.5,2971.9,1,0.9902459979,-0.0087822918,-0.1390529573,-0.1388787776,0.0180406775,-0.9901450872,0.0112043526,0.9997986555,0.0166450348,1,198.4,-314.7,2968.9,1,0.9902459979,0.1386305094,0.0139440810,-0.1388787925,0.9740355611,0.1787945926,0.0112043535,-0.1789871752,0.9837875962,1,202.7,-323.6,2476.8,1,0.9542772770,-0.2925535738,0.0613782592,0.0748725832,0.0351431295,-0.9965736866,0.2893941700,0.9556031227,0.0554405302,1,386.1,-319.4,2992.2,1,0.9542772770,0.0077239960,-0.2988230884,0.0748725832,0.9616236687,0.2639581859,0.2893941700,-0.2742629051,0.9170773625,1,533.8,-337.1,2510.0,1,79.8,-186.1,2681.7,1,517.6,-179.4,2754.4,1,152.7,-675.5,2541.5,1,531.0,-678.5,2607.3,1,
4,0.9919999242,0.0512152500,-0.1153414845,-0.0228371471,0.9717134833,0.2350559533,0.1241186187,-0.2305429876,0.9651112556,1,323.5,289.2,2864.6,1,0.9919999242,0.0512152500,-0.1153414845,-0.0228371471,0.9717134833,0.2350559533,0.1241186187,-0.2305429876,0.9651112556,1,312.9,86.8,2912.6,1,0.9919980764,0.0427820012,-0.1187431887,-0.0228749309,0.9861615896,0.1642017215,0.1241261363,-0.1601725966,0.9792509675,1,304.1,-115.3,2945.4,1,0.4631814361,-0.8817893267,-0.0889421552,0.8692476749,0.4324241877,0.2396204025,-0.1728339791,-0.1883004904,0.9667840004,1,169.0,90.1,2894.6,1,-0.1179962307,-0.8817892671,-0.4566449225,0.1842845678,0.4324241281,-0.8826372623,0.9757643342,-0.1883004755,0.1114757359,1,46.7,-139.3,2940.2,1,0.7270926833,0.6373306513,0.2552368641,-0.6538442969,0.5294709802,0.5405072570,0.2093413174,-0.5598840714,0.8016895652,1,456.8,83.5,2930.6,1,-0.3249991536,0.6373306513,0.6987025142,-0.4740946889,0.5294709802,-0.7034875154,-0.8182968497,-0.5598840117,0.1300774366,1,602.9,-47.9,2972.7,1,0.9859839678,-0.0237612333,-0.1651392281,-0.1641657203,0.0383358374,-0.9856875539,0.0297519024,0.9989823699,0.0338977389,1,201.5,-315.3,2966.5,1,0.9859840870,0.1668350548,0.0012738892,-0.1641657203,0.9687902331,0.1857285649,0.0297519043,-0.1833344996,0.9826003313,1,213.3,-334.3,2471.6,1,0.9564217925,-0.2841981649,0.0669982210,0.0753318593,0.0184824038,-0.9969872832,0.2821036577,0.9585873485,0.0390861556,1,389.2,-319.6,2990.0,1,0.9564218521,-0.0017230886,-0.2919835746,0.0753318742,0.9675853848,0.2410471290,0.2821036875,-0.2525384128,0.9255495071,1,530.3,-328.8,2514.0,1,78.0,-188.0,2682.0,1,515.8,-175.0,2753.4,1,154.7,-674.2,2536.0,1,530.9,-682.0,2606.2,1,
5,0.9902487993,0.0505898558,-0.1297627836,-0.0187329557,0.9716116190,0.2358382046,0.1380113661,-0.2311091721,0.9630870223,1,324.8,288.6,2864.2,1,0.9902487993,0.0505898558,-0.1297627836,-0.0187329557,0.9716116190,0.2358382046,0.1380113661,-0.2311091721,0.9630870223,1,314.2,85.3,2912.5,1,0.9902145863,0.0421795063,-0.1329899132,-0.0194544587,0.9856371880,0.1677522957,0.1381568313,-0.1635245681,0.9768149853,1,305.6,-116.8,2946.0,1,0.4659386277,-0.8807480335,-0.0847603604,0.8630315065,0.4312501550,0.2630592287,-0.1951359808,-0.1957203150,0.9610491991,1,170.6,88.1,2892.5,1,-0.1268340945,-0.8807479739,-0.4562852383,0.1833834797,0.4312501252,-0.8833990693,0.9748249054,-0.1957203001,0.1068174094,1,47.4,-140.1,2944.1,1,0.7407065034,0.6298682094,0.2337089479,-0.6327089071,0.5370348096,0.5579184890,0.2259052992,-0.5611236095,0.7963084579,1,457.8,82.4,2932.6,1,-0.3430936635,0.6298682690,0.6968162656,-0.4557605088,0.5370348096,-0.7098423243,-0.8213216662,-0.5611237288,0.1028158367,1,608.7,-46.5,2978.6,1,0.9900226593,-0.0002819689,-0.1409076601,-0.1408971399,0.0103999283,-0.9899696112,0.0017445702,0.9999458194,0.0102564376,1,203.2,-317.0,2966.5,1,0.9900226593,0.1391793787,0.0220032353,-0.1408971250,0.9758695960,0.1668124795,0.0017445683,-0.1682483256,0.9857431054,1,203.4,-322.0,2478.9,1,0.9573425055,-0.2813256383,0.0659638196,0.0749175102,0.0211786944,-0.9969648123,0.2790747583,0.9593786001,0.0413514823,1,390.6,-320.6,2992.6,1,0.9573425055,0.0058953417,-0.2888954282,0.0749175176,0.9605398774,0.2678630948,0.2790747285,-0.2780800760,0.9191238880,1,532.1,-331.3,2510.2,1,80.9,-188.6,2686.4,1,516.8,-168.6,2758.5,1,153.6,-671.0,2539.1,1,529.9,-687.4,2613.3,1,
6,0.9899441004,0.0529600121,-0.1311347038,-0.0200867653,0.9704900980,0.2403024137,0.1399926692,-0.2352534235,0.9617967606,1,326.7,289.3,2863.9,1,0.9899441004,0.0529600121,-0.1311347038,-0.0200867653,0.9704900980,0.2403024137,0.1399926692,-0.2352534235,0.9617967606,1,315.6,85.9,2913.2,1,0.9900105000,0.0422493331,-0.1344789416,-0.0187230371,0.9849858880,0.1716161519,0.1397118568,-0.1673849821,0.9759395123,1,307.0,-116.0,2947.5,1,0.4764913321,-0.8746606112,-0.0890222192,0.8569894433,0.4394723773,0.2691340744,-0.1962781549,-0.2045311481,0.9589796662,1,172.0,88.7,2892.9,1,-0.1327120811,-0.8746605515,-0.4662150443,0.1887160391,0.4394723475,-0.8782086372,0.9730229378,-0.2045311630,0.1067391783,1,45.7,-138.6,2945.0,1,0.7326307297,0.6447759867,0.2179821879,-0.6353257298,0.5329592228,0.5588521361,0.2441587895,-0.5479219556,0.8001049757,1,459.2,83.2,2933.5,1,-0.3433064818,0.6447758675,0.6829382777,-0.4385401011,0.5329592228,-0.7236276865,-0.8305558562,-0.5479218960,0.0997917503,1,609.9,-47.4,2983.7,1,0.9917770624,0.0121588046,-0.1273984164,-0.1273882836,-0.0016072264,-0.9918516278,-0.0122644883,0.9999247789,-0.0000451212,1,204.7,-316.1,2968.6,1,0.9917770624,0.1238157526,0.0323704332,-0.1273882538,0.9793503284,0.1569873244,-0.0122644901,-0.1598200351,0.9870699644,1,198.7,-315.3,2481.6,1,0.9602481127,-0.2692734599,0.0735895187,0.0830203295,0.0237882193,-0.9962639809,0.2665168941,0.9627698660,0.0451977663,1,392.0,-319.6,2995.1,1,0.9602479935,-0.0052603902,-0.2790984511,0.0830203146,0.9599631429,0.2675411403,0.2665168345,-0.2800767124,0.9222395420,1,527.7,-331.6,2509.7,1,80.8,-188.5,2687.8,1,517.9,-164.9,2761.1,1,153.4,-674.3,2540.2,1,529.6,-679.7,2611.3,1,
7,0.9891260862,0.0525931045,-0.1373099089,-0.0181248058,0.9703322053,0.2410945296,0.1459174901,-0.2359857112,0.9607362151,1,327.4,289.9,2864.3,1,0.9891260862,0.0525931045,-0.1373099089,-0.0181248058,0.9703322053,0.2410945296,0.1459174901,-0.2359857112,0.9607362151,1,316.4,87.1,2913.6,1,0.9891558290,0.0427879505,-0.1404647082,-0.0175148379,0.9841539264,0.1764485091,0.1457901150,-0.1720759124,0.9742331505,1,307.6,-114.6,2948.9,1,0.4654048383,-0.8811614513,-0.0833839178,0.8660652637,0.4339398146,0.2482482791,-0.1825632006,-0.1877518594,0.9651010036,1,172.9,89.7,2892.5,1,-0.1159230918,-0.8811615109,-0.4583845735,0.1866968125,0.4339398742,-0.8813856840,0.9755542874,-0.1877518892,0.1142064109,1,49.3,-140.3,2941.0,1,0.7214182615,0.6497488618,0.2395460606,-0.6559959054,0.5303751230,0.5370025635,0.2218675017,-0.5445446968,0.8088548183,1,459.9,84.6,2934.8,1,-0.3368348181,0.6497488022,0.6814460754,-0.4413105547,0.5303750038,-0.7238420248,-0.8317374587,-0.5445445180,0.1080922335,1,606.8,-49.0,2980.0,1,0.9879990816,-0.0030507306,-0.1544299275,-0.1543185860,0.0232845359,-0.9877468348,0.0066091786,0.9997241497,0.0225343183,1,205.3,-314.7,2970.4,1,0.9879990816,0.1530963778,0.0204792712,-0.1543185860,0.9727063179,0.1732862145,0.0066091754,-0.1743669212,0.9846586585,1,206.8,-326.2,2477.0,1,0.9610139728,-0.2657670379,0.0762912780,0.0842512846,0.0186627917,-0.9962698817,0.2633518875,0.9638566375,0.0403264165,1,392.4,-318.0,2998.0,1,0.9610137939,0.0014737836,-0.2764964700,0.0842512622,0.9508721828,0.2978989482,0.2633518577,-0.3095801771,0.9136771560,1,530.1,-327.7,2498.6,1,79.9,-189.4,2684.1,1,516.5,-167.3,2757.1,1,152.1,-673.7,2539.3,1,529.6,-680.2,2613.4,1,
8,0.9901796579,0.0547388792,-0.1286011785,-0.0227229856,0.9709230661,0.2383102775,0.1379080117,-0.2330492735,0.9626342058,1,327.4,289.2,2865.0,1,0.9901796579,0.0547388792,-0.1286011785,-0.0227229856,0.9709230661,0.2383102775,0.1379080117,-0.2330492735,0.9626342058,1,316.0,86.7,2913.6,1,0.9903373718,0.0430311561,-0.1317973584,-0.0195685588,0.9844827056,0.1743867397,0.1372576058,-0.1701236814,0.9758142233,1,307.2,-115.1,2948.5,1,0.4504132271,-0.8897401094,-0.0740974247,0.8737577796,0.4222177863,0.2414113581,-0.1835081130,-0.1734780669,0.9675898552,1,172.4,89.6,2893.7,1,-0.1045290157,-0.8897401094,-0.4443379641,0.1814869642,0.4222177863,-0.8881411552,0.9778220654,-0.1734780669,0.1173422486,1,52.7,-142.6,2942.5,1,0.7343279719,0.6400548816,0.2260358483,-0.6363868117,0.5333036184,0.5573141575,0.2361659259,-0.5530976057,0.7989422083,1,459.7,83.9,2933.6,1,-0.3462721705,0.6400549412,0.6858755946,-0.4423940778,0.5333036184,-0.7210234404,-0.8272745013,-0.5530976653,0.0984883159,1,610.4,-46.8,2982.0,1,0.9933235645,0.0267538801,-0.1122162938,-0.1121539176,-0.0038253448,-0.9936835170,-0.0270141549,0.9996346831,-0.0007992530,1,204.7,-315.0,2970.4,1,0.9933237433,0.1066784337,0.0439087637,-0.1121539325,0.9821477532,0.1510214657,-0.0270141587,-0.1549377292,0.9875549078,1,191.5,-313.2,2477.2,1,0.9602196813,-0.2716311514,0.0647670552,0.0750951469,0.0277904067,-0.9967890382,0.2689590454,0.9620001912,0.0470830724,1,392.1,-318.7,2996.4,1,0.9602197409,0.0035599661,-0.2792232037,0.0750951618,0.9597919583,0.2704813778,0.2689591050,-0.2806898355,0.9213438034,1,530.5,-332.9,2506.3,1,80.1,-190.2,2686.1,1,517.6,-165.3,2760.3,1,152.1,-675.4,2534.3,1,529.2,-676.2,2606.7,1,
9,0.9899463058,0.0561934449,-0.1297647208,-0.0240450911,0.9711818099,0.2371233702,0.1393512189,-0.2316207588,0.9627711177,1,328.1,289.1,2864.4,1,0.9899463058,0.0561934449,-0.1297647208,-0.0240450911,0.9711818099,0.2371233702,0.1393512189,-0.2316207588,0.9627711177,1,316.3,85.7,2912.9,1,0.9901911616,0.0418223143,-0.1332763433,-0.0191561300,0.9857687950,0.1670112908,0.1383657902,-0.1628210992,0.9769029021,1,307.8,-116.4,2946.3,1,0.4697587788,-0.8789260387,-0.0825583562,0.8618527651,0.4363560677,0.2584630847,-0.1911450475,-0.1925684512,0.9624869823,1,172.7,88.4,2892.9,1,-0.1178927645,-0.8789260387,-0.4621585608,0.1924590915,0.4363560975,-0.8789499998,0.9741975069,-0.1925684661,0.1177140772,1,48.8,-138.8,2943.3,1,0.7269265056,0.6490451694,0.2243170738,-0.6466743946,0.5370799899,0.5416246057,0.2310625762,-0.5387814045,0.8101387024,1,460.0,82.9,2933.0,1,-0.3085183799,0.6490450501,0.6953824759,-0.4615419507,0.5370799899,-0.7060623169,-0.8317423463,-0.5387814045,0.1338624954,1,605.1,-46.2,2979.1,1,0.9956989884,0.0530630425,-0.0759464502,-0.0744124427,-0.0303129964,-0.9967667460,-0.0551936440,0.9981309772,-0.0262340698,1,205.5,-316.7,2966.6,1,0.9956989884,0.0669506490,0.0640403107,-0.0744124502,0.9897013903,0.1222861111,-0.0551936515,-0.1265255362,0.9904267192,1,179.9,-302.0,2484.3,1,0.9588765502,-0.2759284377,0.0664782301,0.0768975541,0.0271025337,-0.9966706634,0.2732080519,0.9607959390,0.0472062118,1,392.9,-320.3,2992.8,1,0.9588765502,0.0031421846,-0.2838063240,0.0768975690,0.9596627355,0.2704333961,0.2732081115,-0.2811362445,0.9199564457,1,533.7,-334.1,2502.3,1,79.8,-189.4,2687.4,1,522.5,-169.8,2756.4,1,154.7,-674.1,2531.8,1,532.6,-681.3,2604.0,1,
10,0.9905144572,0.0553700365,-0.1257196963,-0.0241264477,0.9710654616,0.2375910878,0.1352387816,-0.2323057950,0.9631924629,1,328.7,289.3,2864.1,1,0.9905144572,0.0553700365,-0.1257196963,-0.0241264477,0.9710654616,0.2375910878,0.1352387816,-0.2323057950,0.9631924629,1,317.1,86.2,2912.7,1,0.9907429814,0.0414703339,-0.1292237192,-0.0195092447,0.9858002067,0.1667849272,0.1343066990,-0.1627209783,0.9774858952,1,308.6,-115.9,2946.0,1,0.4788041711,-0.8735028505,-0.0879732743,0.8542034626,0.4403887689,0.2763949037,-0.2026892900,-0.2074861079,0.9570091963,1,173.4,89.0,2893.2,1,-0.1343272328,-0.8735029101,-0.4679198265,0.1916250885,0.4403887987,-0.8771188855,0.9722325206,-0.2074861228,0.1082288474,1,45.9,-138.4,2947.2,1,0.7260474563,0.6551562548,0.2088668942,-0.6366340518,0.5256249309,0.5642831922,0.2599080205,-0.5426681638,0.7987234592,1,460.8,83.3,2932.2,1,-0.3225990832,0.6551562548,0.6831545234,-0.4548831880,0.5256249309,-0.7188878059,-0.8300668001,-0.5426681042,0.1284534335,1,607.5,-45.3,2984.7,1,0.9956474304,0.0538994633,-0.0760338604,-0.0744370073,-0.0310423560,-0.9967424870,-0.0560841560,0.9980637431,-0.0268951282,1,206.4,-316.1,2966.7,1,0.9956475496,0.0665065721,0.0652930140,-0.0744370222,0.9890177846,0.1276834607,-0.0560841672,-0.1319879144,0.9896635413,1,180.4,-301.2,2485.6,1,0.9595953226,-0.2711678743,0.0751331970,0.0838117078,0.0205495842,-0.9962698221,0.2686124146,0.9623126388,0.0424463302,1,393.8,-319.8,2992.1,1,0.9595952034,0.0001872790,-0.2813840806,0.0838117078,0.9544205666,0.2864556909,0.2686123848,-0.2984647453,0.9158418775,1,532.4,-330.3,2500.3,1,81.5,-189.2,2689.4,1,521.1,-167.1,2762.3,1,155.3,-674.2,2535.4,1,532.3,-678.4,2609.1,1,
11,0.9899812341,0.0550670922,-0.1299804896,-0.0228976682,0.9712239504,0.2370644808,0.1392959356,-0.2317146957,0.9627565145,1,330.1,289.5,2863.9,1,0.9899812341,0.0550670922,-0.1299804896,-0.0228976682,0.9712239504,0.2370644808,0.1392959356,-0.2317146957,0.9627565145,1,318.6,86.8,2912.3,1,0.9901800156,0.0414546020,-0.1334736347,-0.0188672822,0.9859055281,0.1662355363,0.1384849399,-0.1620858610,0.9770082831,1,310.1,-115.3,2945.5,1,0.4543926716,-0.8880020380,-0.0705669820,0.8672329187,0.4228785634,0.2628322244,-0.2035542727,-0.1806270480,0.9622575641,1,174.9,89.6,2892.2,1,-0.1152380705,-0.8880020976,-0.4451658428,0.1756192893,0.4228786230,-0.8890060186,0.9776901603,-0.1806270480,0.1072185785,1,52.5,-144.2,2947.1,1,0.7196294665,0.6465634108,0.2531584203,-0.6605372429,0.5250546336,0.5366639495,0.2140652686,-0.5534197688,0.8049240112,1,462.2,84.1,2932.4,1,-0.3200530708,0.6465634108,0.6924750805,-0.4718183577,0.5250545144,-0.7083114386,-0.8215554357,-0.5534197092,0.1370151788,1,606.5,-48.4,2975.3,1,0.9955815673,0.0759463683,-0.0552242175,-0.0520499013,-0.0431609415,-0.9977113605,-0.0781560838,0.9961774349,-0.0390172340,1,207.9,-315.6,2965.6,1,0.9955814481,0.0420721509,0.0839493722,-0.0520498939,0.9913541675,0.1204476655,-0.0781560689,-0.1242850125,0.9891637564,1,171.3,-294.8,2485.7,1,0.9610497952,-0.2684674263,0.0656391978,0.0764119253,0.0298648719,-0.9966289997,0.2656021118,0.9628256559,0.0492157489,1,395.3,-319.2,2991.8,1,0.9610497952,0.0029182807,-0.2763598561,0.0764119327,0.9581606984,0.2758427262,0.2656021416,-0.2862157822,0.9206172228,1,530.7,-334.2,2506.2,1,82.7,-190.3,2690.3,1,520.8,-174.8,2755.2,1,155.3,-672.8,2533.1,1,529.6,-673.8,2607.6,1,
12,0.9901734591,0.0565591194,-0.1278588027,-0.0268846098,0.9744791985,0.2228613496,0.1372019053,-0.2172355354,0.9664261937,1,329.2,288.8,2865.9,1,0.9901734591,0.0565591194,-0.1278588027,-0.0268846098,0.9744791985,0.2228613496,0.1372019053,-0.2172355354,0.9664261937,1,317.4,85.2,2911.2,1,0.9903988242,0.0414183587,-0.1318518072,-0.0223665982,0.9894957542,0.1428208202,0.1363835186,-0.1385014951,0.9809240103,1,308.9,-117.5,2939.6,1,0.4537377357,-0.8881256580,-0.0731769577,0.8687936664,0.4225959182,0.2580895424,-0.1982916445,-0.1806806326,0.9633457065,1,173.7,88.5,2891.4,1,-0.1152431145,-0.8881257772,-0.4449177682,0.1758022159,0.4225959480,-0.8891042471,0.9776567817,-0.1806806624,0.1074331850,1,52.2,-144.1,2944.5,1,0.7275092602,0.6287147403,0.2746782601,-0.6599369645,0.5317446589,0.5307832360,0.1876524985,-0.5674200058,0.8017612696,1,461.0,82.0,2931.0,1,-0.3362566233,0.6287147403,0.7011771202,-0.4720318317,0.5317446589,-0.7031597495,-0.8149340153,-0.5674200058,0.1179707199,1,605.2,-48.8,2968.2,1,0.9931079149,0.0356589705,-0.1116491631,-0.1119049713,0.0052537210,-0.9937050939,-0.0348479263,0.9993503094,0.0092079267,1,206.7,-318.2,2955.1,1,0.9931077361,0.1047478691,0.0525830835,-0.1119049639,0.9808059931,0.1596774608,-0.0348479301,-0.1644612104,0.9857678413,1,189.2,-320.8,2464.3,1,0.9627771974,-0.2612203658,0.0694553107,0.0811820850,0.0343592875,-0.9961069226,0.2578170002,0.9646674395,0.0542867556,1,394.1,-322.4,2980.9,1,0.9627772570,-0.0055674580,-0.2702389956,0.0811820850,0.9595845342,0.2694570720,0.2578169703,-0.2813656926,0.9243180156,1,525.4,-339.7,2495.8,1,82.5,-190.3,2687.6,1,515.1,-175.3,2749.8,1,151.1,-676.8,2524.0,1,527.4,-681.5,2596.0,1,
13,0.9912225604,0.0570137650,-0.1192366332,-0.0297271162,0.9752302170,0.2191847563,0.1287810206,-0.2137179673,0.9683673382,1,328.9,286.3,2865.3,1,0.9912225604,0.0570137650,-0.1192366332,-0.0297271162,0.9752302170,0.2191847563,0.1287810206,-0.2137179673,0.9683673382,1,317.0,83.0,2909.9,1,0.9914729595,0.0408114791,-0.1237168685,-0.0246932749,0.9913213849,0.1291199774,0.1279140562,-0.1249649748,0.9838784337,1,308.7,-120.1,2935.5,1,0.4489240646,-0.8909308910,-0.0686250329,0.8696314096,0.4179498851,0.2627910078,-0.2054467648,-0.1776516885,0.9624092579,1,173.2,86.6,2891.3,1,-0.1150764376,-0.8909308910,-0.4393172264,0.1706492305,0.4179498851,-0.8922985792,0.9785889387,-0.1776516885,0.1039404869,1,53.1,-146.0,2946.3,1,0.7323562503,0.6231906414,0.2743861079,-0.6555520296,0.5363224745,0.5316105485,0.1841352582,-0.5692026615,0.8013131022,1,460.8,79.4,2928.4,1,-0.3427315652,0.6231907010,0.7029712796,-0.4669161439,0.5363225341,-0.7030985951,-0.8151836991,-0.5692027211,0.1071631312,1,604.5,-49.2,2964.6,1,0.9886853695,0.0030242542,-0.1499745697,-0.1500049382,0.0212325584,-0.9884573221,0.0001949978,0.9997699857,0.0214459710,1,206.5,-321.0,2949.0,1,0.9886852503,0.1470607668,0.0295744035,-0.1500049233,0.9690223336,0.1961995512,0.0001949985,-0.1984159201,0.9801179171,1,205.0,-331.3,2460.3,1,0.9608120918,-0.2667122185,0.0755296946,0.0837771297,0.0196637493,-0.9962905645,0.2642376721,0.9635755420,0.0412375517,1,394.1,-325.6,2973.2,1,0.9608121514,-0.0041526831,-0.2771694362,0.0837771073,0.9574795961,0.2760692239,0.2642376423,-0.2884711027,0.9203059077,1,526.8,-335.4,2493.7,1,83.3,-190.9,2689.2,1,512.7,-174.3,2746.1,1,152.5,-677.3,2531.2,1,528.3,-679.3,2597.3,1,
14,0.9899706841,0.0555001833,-0.1298759431,-0.0258283969,0.9751911163,0.2198516428,0.1388570219,-0.2142938972,0.9668464661,1,327.4,287.8,2865.5,1,0.9899706841,0.0555001833,-0.1298759431,-0.0258283969,0.9751911163,0.2198516428,0.1388570219,-0.2142938972,0.9668464661,1,315.8,84.3,2910.3,1,0.9900752902,0.0410623588,-0.1343683451,-0.0236988068,0.9914446473,0.1283575892,0.1384907663,-0.1239003018,0.9825803041,1,307.4,-118.9,2935.6,1,0.4592349231,-0.8853260875,-0.0728064403,0.8623284698,0.4246217310,0.2758365571,-0.2132900953,-0.1894568503,0.9584432840,1,172.2,87.8,2890.2,1,-0.1213091612,-0.8853263259,-0.4488670826,0.1824134588,0.4246218503,-0.8868042231,0.9757097960,-0.1894568801,0.1099849045,1,49.6,-142.5,2947.1,1,0.7336004376,0.6183200479,0.2819764018,-0.6594066620,0.5473049879,0.5154028535,0.1643567681,-0.5640369058,0.8092276454,1,459.4,80.9,2930.3,1,-0.3448306322,0.6183200479,0.7062380910,-0.4559805691,0.5473050475,-0.7018111944,-0.8204715252,-0.5640368462,0.0932144001,1,604.3,-49.4,2962.8,1,0.9859812856,-0.0125634959,-0.1663826853,-0.1660629511,0.0232391153,-0.9858413935,0.0162522011,0.9996509552,0.0208270010,1,205.3,-319.8,2947.9,1,0.9859811664,0.1656566262,0.0199728087,-0.1660629362,0.9625783563,0.2141634226,0.0162521973,-0.2144778520,0.9765936136,1,211.4,-331.2,2460.7,1,0.9582923055,-0.2756760716,0.0753570274,0.0838446543,0.0191159789,-0.9962955117,0.2732143104,0.9610605240,0.0414326563,1,392.6,-324.3,2974.1,1,0.9582923651,0.0062332028,-0.2857221067,0.0838446617,0.9496372342,0.3019260764,0.2732143104,-0.3132897317,0.9095072746,1,529.5,-333.8,2497.1,1,81.6,-190.8,2689.0,1,511.9,-171.6,2742.9,1,153.2,-669.7,2536.1,1,527.2,-677.3,2610.4,1,
15,0.9897349477,0.0588010289,-0.1302203983,-0.0283188056,0.9740418196,0.2245889604,0.1400475055,-0.2185974717,0.9657106400,1,328.4,289.3,2865.1,1,0.9897349477,0.0588010289,-0.1302203983,-0.0283188056,0.9740418196,0.2245889604,0.1400475055,-0.2185974717,0.9657106400,1,316.1,86.1,2910.7,1,0.9899132848,0.0439592116,-0.1346454322,-0.0249101520,0.9898350239,0.1400212348,0.1394333094,-0.1352558434,0.9809481502,1,307.1,-116.8,2938.5,1,0.4485689700,-0.8908389211,-0.0720547289,0.8687536120,0.4156720042,0.2692283690,-0.2098879367,-0.1833652854,0.9603772163,1,172.5,89.7,2890.5,1,-0.1140611395,-0.8908389807,-0.4397682250,0.1860495359,0.4156720042,-0.8902822733,0.9758973122,-0.1833652854,0.1183281541,1,52.8,-142.3,2946.5,1,0.7250824571,0.6366066337,0.2626546621,-0.6619571447,0.5391019583,0.5207512379,0.1899159998,-0.5514537096,0.8122997284,1,459.7,82.4,2931.0,1,-0.3321789503,0.6366066337,0.6959808469,-0.4536475539,0.5391020179,-0.7096288204,-0.8269589543,-0.5514537692,0.1097166985,1,602.9,-48.3,2968.5,1,0.9850407243,-0.0185290463,-0.1713227779,-0.1705927402,0.0356327668,-0.9846971631,0.0243502036,0.9991931319,0.0319388062,1,204.5,-317.4,2953.0,1,0.9850406647,0.1719126254,0.0118688680,-0.1705927551,0.9631082416,0.2081360221,0.0243502036,-0.2070471942,0.9780278802,1,213.4,-334.7,2467.9,1,0.9572277665,-0.2794868350,0.0748470724,0.0857367963,0.0269258115,-0.9959539175,0.2763406932,0.9597718716,0.0497364402,1,391.8,-322.1,2979.4,1,0.9572278261,0.0003562499,-0.2893351912,0.0857368037,0.9547377825,0.2848245800,0.2763407230,-0.2974486947,0.9138709903,1,529.1,-335.3,2507.8,1,82.8,-191.1,2690.1,1,513.9,-169.9,2746.8,1,154.3,-665.9,2539.1,1,528.9,-676.0,2614.0,1,
16,0.9897459149,0.0606975928,-0.1292633712,-0.0301698744,0.9736204743,0.2261694670,0.1395827532,-0.2199520469,0.9654703140,1,328.7,289.2,2864.9,1,0.9897459149,0.0606975928,-0.1292633712,-0.0301698744,0.9736204743,0.2261694670,0.1395827532,-0.2199520469,0.9654703140,1,316.0,86.4,2910.7,1,0.9899750948,0.0459978953,-0.1335051209,-0.0259544738,0.9886227846,0.1481593251,0.1388025582,-0.1432100087,0.9799080491,1,306.6,-116.3,2940.1,1,0.4450721443,-0.8914837837,-0.0846612081,0.8776697516,0.4154898226,0.2388807833,-0.1777824759,-0.1806237698,0.9673512578,1,172.4,90.1,2890.6,1,-0.1128339544,-0.8914839029,-0.4387770295,0.1825011224,0.4154898822,-0.8911014199,0.9767097235,-0.1806237996,0.1158154383,1,54.4,-142.6,2937.8,1,0.7240102291,0.6414951086,0.2535612285,-0.6593856812,0.5357114673,0.5274692774,0.2025333047,-0.5490878224,0.8108532429,1,459.6,82.6,2930.9,1,-0.3297918737,0.6414950490,0.6926191449,-0.4536633790,0.5357113481,-0.7121817470,-0.8279050589,-0.5490877032,0.1143495739,1,602.8,-47.7,2970.9,1,0.9881756306,-0.0066854223,-0.1531803608,-0.1530181319,0.0202962402,-0.9880149961,0.0097142830,0.9997715950,0.0190332606,1,203.5,-316.4,2956.3,1,0.9881757498,0.1524359733,0.0164983384,-0.1530181617,0.9736471176,0.1691060364,0.0097142830,-0.1696310192,0.9854598045,1,206.7,-326.2,2477.8,1,0.9594758749,-0.2708043456,0.0779189095,0.0877244249,0.0242757797,-0.9958490133,0.2677886784,0.9623283148,0.0470481738,1,390.8,-321.4,2982.6,1,0.9594757557,0.0028630928,-0.2817767859,0.0877244174,0.9472246170,0.3083342910,0.2677887082,-0.3205579519,0.9085878730,1,527.1,-333.6,2498.5,1,83.9,-190.3,2682.6,1,514.4,-169.3,2749.0,1,153.2,-668.3,2537.4,1,526.0,-685.4,2617.6,1,
17,0.9903739095,0.0589585267,-0.1251932532,-0.0290504470,0.9731183052,0.2284656614,0.1352991760,-0.2226311266,0.9654660225,1,327.5,289.4,2866.3,1,0.9903739095,0.0589585267,-0.1251932532,-0.0290504470,0.9731183052,0.2284656614,0.1352991760,-0.2226311266,0.9654660225,1,315.3,87.2,2912.6,1,0.9905042648,0.0471133962,-0.1291186064,-0.0266417041,0.9874113202,0.1559133828,0.1348401010,-0.1509939879,0.9792925715,1,305.6,-115.2,2943.5,1,0.4579271376,-0.8842569590,-0.0916097462,0.8695966601,0.4241460562,0.2527879179,-0.1846735626,-0.1954219788,0.9631749392,1,171.6,91.1,2893.0,1,-0.1256883144,-0.8842571378,-0.4497689307,0.1868718565,0.4241461158,-0.8861033916,0.9743107557,-0.1954219937,0.1119325459,1,49.2,-141.3,2942.4,1,0.7276433706,0.6242237091,0.2843938172,-0.6644111872,0.5382717252,0.5184797645,0.1705662012,-0.5662227869,0.8064111471,1,459.0,83.4,2932.1,1,-0.3419415653,0.6242238283,0.7024391294,-0.4634168744,0.5382717848,-0.7039236426,-0.8175089359,-0.5662229061,0.1052183509,1,603.4,-48.5,2966.0,1,0.9946089983,0.0339812338,-0.0979698002,-0.0974885523,-0.0155447759,-0.9951152802,-0.0353381634,0.9993014932,-0.0121481949,1,202.2,-315.0,2961.7,1,0.9946091771,0.0910758823,0.0495781191,-0.0974885747,0.9842073917,0.1477557272,-0.0353381708,-0.1517924666,0.9877805710,1,186.0,-307.6,2485.1,1,0.9597592950,-0.2695674896,0.0787113085,0.0859640166,0.0151870782,-0.9961825609,0.2673430443,0.9628616571,0.0377490446,1,389.7,-320.1,2987.2,1,0.9597593546,0.0067196148,-0.2807435691,0.0859640017,0.9446924329,0.3164906800,0.2673430145,-0.3278886974,0.9060997963,1,527.8,-327.9,2493.8,1,82.4,-190.7,2684.9,1,511.7,-172.7,2746.9,1,152.3,-672.7,2541.4,1,525.3,-683.8,2617.4,1,
18,0.9899560213,0.0579632707,-0.1289082468,-0.0268332213,0.9725298882,0.2312254012,0.1387710571,-0.2254455686,0.9643194675,1,327.2,289.6,2865.0,1,0.9899560213,0.0579632707,-0.1289082468,-0.0268332213,0.9725298882,0.2312254012,0.1387710571,-0.2254455686,0.9643194675,1,315.1,86.7,2912.1,1,0.9900295734,0.0467875078,-0.1328245103,-0.0254572034,0.9871169925,0.1579610854,0.1385052800,-0.1530058682,0.9784684181,1,305.5,-115.6,2943.4,1,0.4729219079,-0.8763714433,-0.0912025794,0.8601381183,0.4367425442,0.2634735703,-0.1910686493,-0.2030492425,0.9603456259,1,171.5,90.4,2892.0,1,-0.1343948394,-0.8763714433,-0.4625052512,0.1830897033,0.4367425740,-0.8807576895,0.9738665819,-0.2030492425,0.1017586440,1,46.1,-137.7,2942.6,1,0.7293295264,0.6176860929,0.2941807508,-0.6655678153,0.5410013795,0.5141371489,0.1584232002,-0.5707726479,0.8056802750,1,458.7,83.0,2932.1,1,-0.3436071575,0.6176861525,0.7073881030,-0.4671815336,0.5410012603,-0.6993275285,-0.8146627545,-0.5707726479,0.1026796550,1,603.3,-48.8,2963.5,1,0.9955123663,0.0410494544,-0.0852658600,-0.0844143480,-0.0220515281,-0.9961867332,-0.0427731648,0.9989138246,-0.0184874032,1,202.3,-315.5,2961.7,1,0.9955123067,0.0779242516,0.0536948331,-0.0844143406,0.9876919985,0.1316765100,-0.0427731611,-0.1356181800,0.9898374677,1,182.7,-305.0,2484.9,1,0.9576435685,-0.2798370123,0.0678976849,0.0769855231,0.0215997361,-0.9967982769,0.2774744928,0.9598044753,0.0422282480,1,389.6,-320.4,2987.9,1,0.9576435685,0.0129889008,-0.2876632512,0.0769855306,0.9510696530,0.2992319763,0.2774744928,-0.3087034822,0.9097857475,1,531.9,-331.3,2499.8,1,81.7,-186.2,2684.6,1,511.2,-174.0,2745.2,1,153.3,-677.5,2536.0,1,527.2,-680.3,2613.0,1,
19,0.9904841185,0.0589270815,-0.1243339777,-0.0283739865,0.9717037678,0.2344913632,0.1346350312,-0.2287337482,0.9641313553,1,327.5,290.8,2864.4,1,0.9904841185,0.0589270815,-0.1243339777,-0.0283739865,0.9717037678,0.2344913632,0.1346350312,-0.2287337482,0.9641313553,1,315.2,87.5,2912.2,1,0.9905761480,0.0474525839,-0.1284415722,-0.0266793724,0.9869399071,0.1588632315,0.1343039125,-0.1539404392,0.9789074063,1,305.5,-114.8,2943.8,1,0.4566856027,-0.8839696646,-0.1001802981,0.8733156323,0.4239943922,0.2398930788,-0.1695822924,-0.1970447302,0.9656165838,1,171.5,91.4,2892.7,1,-0.1309437454,-0.8839696050,-0.4488335550,0.1800695360,0.4239943922,-0.8875830770,0.9748994112,-0.1970447004,0.1036565676,1,50.1,-140.8,2937.8,1,0.7218205333,0.6217422485,0.3039929271,-0.6753436327,0.5367636681,0.5057625771,0.1512815952,-0.5703694820,0.8073366880,1,458.9,83.6,2931.7,1,-0.3441518247,0.6217423677,0.7035596371,-0.4669360220,0.5367637277,-0.7027486563,-0.8145737648,-0.5703696012,0.1055856496,1,602.3,-50.6,2961.8,1,0.9961879253,0.0505216420,-0.0711143464,-0.0696533993,-0.0301142167,-0.9971166253,-0.0525175221,0.9982688427,-0.0264804140,1,202.0,-314.6,2962.6,1,0.9961879253,0.0626010224,0.0607519448,-0.0696534067,0.9900925159,0.1219232604,-0.0525175259,-0.1256900579,0.9906785488,1,178.1,-300.3,2489.4,1,0.9570381641,-0.2820105553,0.0674412847,0.0755174458,0.0178544223,-0.9969847202,0.2799560726,0.9592452049,0.0383840762,1,389.4,-319.6,2988.0,1,0.9570380449,0.0147410044,-0.2895875573,0.0755174309,0.9515706897,0.2980106175,0.2799560130,-0.3070763648,0.9095761776,1,534.3,-328.8,2495.2,1,84.4,-188.1,2681.8,1,510.1,-175.7,2743.4,1,154.4,-675.1,2537.0,1,528.9,-676.3,2607.4,1,
20,0.9909287691,0.0565023124,-0.1218925565,-0.0280552004,0.9742897153,0.2235447764,0.1313907653,-0.2180988491,0.9670389891,1,327.8,289.4,2864.6,1,0.9909287691,0.0565023124,-0.1218925565,-0.0280552004,0.9742897153,0.2235447764,0.1313907653,-0.2180988491,0.9670389891,1,316.0,86.1,2910.1,1,0.9910372496,0.0437791795,-0.1261689663,-0.0259299334,0.9898420572,0.1397862136,0.1310083866,-0.1352628022,0.9821077585,1,307.0,-116.8,2937.8,1,0.4526318014,-0.8859103322,-0.1014264673,0.8762460351,0.4208187759,0.2347432822,-0.1652793139,-0.1951268166,0.9667514563,1,172.2,89.9,2891.1,1,-0.1252059191,-0.8859103322,-0.4466389418,0.1881063133,0.4208187163,-0.8874275088,0.9741352201,-0.1951267868,0.1139563322,1,53.5,-139.9,2934.4,1,0.7346214056,0.6322047710,0.2462694049,-0.6428223848,0.5324292779,0.5507254601,0.2170501947,-0.5628821850,0.7975293398,1,459.7,82.3,2929.1,1,-0.3495427668,0.6322047114,0.6914746165,-0.4523625672,0.5324293375,-0.7154628634,-0.8204802871,-0.5628820658,0.0998789221,1,608.2,-47.5,2973.0,1,0.9928351641,0.0150914993,-0.1185354069,-0.1187532693,0.0144642415,-0.9928185344,-0.0132685956,0.9997814298,0.0161527749,1,204.3,-317.2,2953.1,1,0.9928351045,0.1147228405,0.0334224738,-0.1187532693,0.9783712029,0.1693733186,-0.0132685974,-0.1721287966,0.9849851727,1,196.9,-324.2,2466.3,1,0.9576231837,-0.2787173390,0.0726254284,0.0788021237,0.0110060172,-0.9968295097,0.2770343423,0.9603101015,0.0325031355,1,391.8,-322.1,2977.9,1,0.9576233029,0.0072554746,-0.2879326046,0.0788021311,0.9549396038,0.2861478627,0.2770344019,-0.2967115045,0.9139006734,1,534.6,-327.7,2485.9,1,86.3,-189.1,2679.7,1,514.5,-168.8,2753.0,1,155.1,-681.1,2529.1,1,531.9,-682.0,2596.0,1,
21,0.9909201264,0.0559440479,-0.1222196445,-0.0279060118,0.9750843644,0.2200714350,0.1314874738,-0.2146641761,0.9677941203,1,328.1,287.4,2864.2,1,0.9909201264,0.0559440479,-0.1222196445,-0.0279060118,0.9750843644,0.2200714350,0.1314874738,-0.2146641761,0.9677941203,1,316.4,84.4,2908.9,1,0.9910598397,0.0420440622,-0.1265812069,-0.0251035132,0.9908562303,0.1325653493,0.1309986860,-0.1282035410,0.9830554724,1,307.8,-118.7,2935.2,1,0.4638268650,-0.8813163042,-0.0902578384,0.8655653596,0.4290926754,0.2582175136,-0.1888422966,-0.1978922784,0.9618614316,1,172.7,88.0,2889.9,1,-0.1266614348,-0.8813161850,-0.4552347660,0.1889466196,0.4290925860,-0.8832772970,0.9737843275,-0.1978922486,0.1121722460,1,50.3,-140.5,2939.7,1,0.6486253142,0.7160053849,0.2581113875,-0.7349317670,0.5010291934,0.4569956958,0.1978900284,-0.4861132205,0.8511953354,1,460.2,80.7,2927.9,1,-0.3241914809,0.7160053849,0.6182525158,-0.3780559897,0.5010292530,-0.7784879208,-0.8671641350,-0.4861132205,0.1082607359,1,596.6,-73.8,2969.5,1,0.9952096939,0.0456831455,-0.0864329562,-0.0849835351,-0.0327740461,-0.9958432317,-0.0483260117,0.9984181523,-0.0287347361,1,205.5,-319.4,2949.1,1,0.9952096939,0.0776192546,0.0594378263,-0.0849835351,0.9873973131,0.1335072815,-0.0483260117,-0.1379189640,0.9892638922,1,184.0,-304.1,2480.8,1,0.9579769373,-0.2768052518,0.0752269700,0.0837772861,0.0191762280,-0.9963000417,0.2743385136,0.9607346654,0.0415603779,1,393.0,-324.2,2973.8,1,0.9579769373,-0.0004208939,-0.2868450582,0.0837772936,0.9568082094,0.2783872187,0.2743385136,-0.2907196283,0.9166354537,1,530.8,-333.7,2495.4,1,83.6,-190.2,2683.6,1,511.6,-172.9,2742.2,1,155.1,-672.0,2532.2,1,531.0,-684.3,2602.0,1,
22,0.9909064770,0.0568067394,-0.1219318733,-0.0289651304,0.9752979875,0.2189852148,0.1313610524,-0.2134637088,0.9680767059,1,327.9,287.3,2864.5,1,0.9909064770,0.0568067394,-0.1219318733,-0.0289651304,0.9752979875,0.2189852148,0.1313610524,-0.2134637088,0.9680767059,1,316.0,83.9,2909.0,1,0.9911590219,0.0417885631,-0.1258872747,-0.0239324365,0.9898411036,0.1401486546,0.1304663271,-0.1358978152,0.9820922613,1,307.5,-118.9,2936.8,1,0.4615741074,-0.8835778236,-0.0789925531,0.8660725355,0.4295685887,0.2557133138,-0.1920098811,-0.1864439249,0.9635201097,1,172.3,87.4,2890.0,1,-0.1187546179,-0.8835778236,-0.4529766440,0.1795817763,0.4295685887,-0.8849979639,0.9765489101,-0.1864439398,0.1076612025,1,50.1,-141.7,2940.8,1,0.6810503602,0.6784642935,0.2754208148,-0.7129776478,0.5287407637,0.4605388641,0.1668329090,-0.5100190639,0.8438290358,1,459.8,80.5,2927.9,1,-0.3409323394,0.6784642935,0.6507313848,-0.3883406818,0.5287407637,-0.7547348738,-0.8561288118,-0.5100189447,0.0832104459,1,600.6,-67.0,2962.4,1,0.9910722971,0.0138927745,-0.1326009035,-0.1326422691,0.0020952020,-0.9911618233,-0.0134921623,0.9999013543,0.0039192652,1,205.1,-319.6,2952.3,1,0.9910722375,0.1288530380,0.0342476591,-0.1326422542,0.9788950086,0.1554693580,-0.0134921651,-0.1586240381,0.9872468710,1,198.6,-320.6,2482.7,1,0.9568358064,-0.2827883363,0.0670521855,0.0762870833,0.0217595473,-0.9968484640,0.2804380953,0.9589354992,0.0423934087,1,392.7,-324.1,2977.0,1,0.9568358660,0.0053312164,-0.2905801535,0.0762870833,0.9601653218,0.2688176036,0.2804381251,-0.2793818414,0.9183138609,1,531.0,-334.7,2507.9,1,81.5,-189.1,2683.2,1,510.3,-169.9,2735.5,1,152.1,-673.5,2539.9,1,529.1,-681.1,2608.7,1,
23,0.9901204705,0.0561708175,-0.1284383982,-0.0272571184,0.9758672714,0.2166558504,0.1375098974,-0.2110161185,0.9677593708,1,328.6,287.4,2864.1,1,0.9901204705,0.0561708175,-0.1284383982,-0.0272571184,0.9758672714,0.2166558504,0.1375098974,-0.2110161185,0.9677593708,1,316.9,83.8,2908.1,1,0.9903939366,0.0394995958,-0.1324755400,-0.0216359254,0.9907901883,0.1336659193,0.1365365535,-0.1295166761,0.9821293354,1,308.8,-119.3,2934.7,1,0.4556303620,-0.8860284090,-0.0857589990,0.8732205629,0.4261663258,0.2363642454,-0.1728778183,-0.1825812459,0.9678726196,1,173.2,87.0,2888.3,1,-0.1170456409,-0.8860284686,-0.4486134648,0.1754447520,0.4261664152,-0.8874691725,0.9775067568,-0.1825812757,0.1055681258,1,53.1,-143.4,2933.9,1,0.6910813451,0.6702147722,0.2705897987,-0.7019866109,0.5332440734,0.4720864594,0.1721089184,-0.5162005424,0.8389967084,1,460.6,80.7,2927.9,1,-0.3343800306,0.6702147722,0.6625724435,-0.4039794505,0.5332440734,-0.7432707548,-0.8514638543,-0.5162005424,0.0924468338,1,600.1,-61.1,2962.7,1,0.9887624383,0.0035008565,-0.1494553685,-0.1494849920,0.0108139906,-0.9887049794,-0.0018451052,0.9999354482,0.0112157920,1,207.0,-320.3,2948.3,1,0.9887623191,0.1473161876,0.0254381821,-0.1494849771,0.9763686657,0.1560720503,-0.0018451028,-0.1581207663,0.9874181151,1,205.4,-325.4,2473.7,1,0.9585684538,-0.2748210728,0.0749663040,0.0845051184,0.0230175667,-0.9961571693,0.2720394135,0.9612198472,0.0452876985,1,394.4,-324.4,2974.1,1,0.9585685134,-0.0042324178,-0.2848309278,0.0845051110,0.9591051340,0.2701413035,0.2720394731,-0.2830185890,0.9197255969,1,529.4,-335.7,2502.0,1,83.7,-189.2,2678.5,1,511.0,-168.7,2735.8,1,152.6,-674.9,2530.3,1,530.9,-684.4,2604.9,1,
