1,0.9862042665,0.0609748140,-0.1538598537,-0.0363675281,0.9867745638,0.1579532921,0.1614573747,-0.1501799077,0.9753842354,1,322.2,286.6,2866.7,1,0.9862042665,0.0609748140,-0.1538598537,-0.0363675281,0.9867745638,0.1579532921,0.1614573747,-0.1501799077,0.9753842354,1,309.5,80.3,2898.2,1,0.9859360456,0.0517362319,-0.1588807851,-0.0410877354,0.9967268705,0.0695942268,0.1619624496,-0.0620881766,0.9848400950,1,298.9,-124.0,2910.9,1,0.5815438628,-0.7522048354,-0.3098300099,0.7983685136,0.4545542002,0.3949534297,-0.1562513709,-0.4770412743,0.8648798466,1,166.4,86.2,2874.7,1,-0.3254402280,-0.7522048354,-0.5729542375,0.3732231855,0.4545542002,-0.8087551594,0.8687883019,-0.4770412743,0.1328100711,1,26.7,-105.6,2912.2,1,0.5332098007,0.8280869126,0.1730880439,-0.8374927044,0.4877780378,0.2463301420,0.1195541993,-0.2763056159,0.9536048174,1,452.5,74.3,2921.6,1,-0.1722878963,0.8280869126,0.5334689021,-0.2475863397,0.4877780378,-0.8371222615,-0.9534243345,-0.2763056457,0.1209847331,1,576.3,-120.2,2949.4,1,0.9918529391,-0.1224014387,-0.0352942646,-0.0305100754,0.0407430492,-0.9987037778,0.1236807778,0.9916440248,0.0366766378,1,195.0,-324.5,2908.3,1,0.9918528795,0.0457569435,-0.1188869178,-0.0305100754,0.9914284348,0.1270386130,0.1236807704,-0.1223763749,0.9847472310,1,253.1,-343.8,2437.5,1,0.9266213775,-0.3706891835,0.0629472584,0.0723808482,0.0115776723,-0.9973099232,0.3689632118,0.9286847711,0.0375589207,1,381.5,-332.2,2938.9,1,0.9266214371,0.0398001447,-0.3738834262,0.0723808631,0.9569011927,0.2812493145,0.3689632416,-0.2876736224,0.8838043213,1,563.6,-337.9,2482.8,1,121.6,-214.5,2658.8,1,531.8,-184.2,2703.1,1,236.3,-707.8,2482.4,1,549.1,-687.0,2587.8,1,
2,0.9865865111,0.0615353696,-0.1511631012,-0.0374808684,0.9868674874,0.1571100503,0.1588469744,-0.1493381113,0.9759418964,1,321.4,286.1,2866.7,1,0.9865865111,0.0615353696,-0.1511631012,-0.0374808684,0.9868674874,0.1571100503,0.1588469744,-0.1493381113,0.9759418964,1,308.4,79.2,2898.0,1,0.9863528609,0.0522465818,-0.1561026573,-0.0415529609,0.9966082573,0.0710024759,0.1592839658,-0.0635477453,0.9851837754,1,297.7,-125.1,2911.1,1,0.5650470853,-0.7635009289,-0.3127112091,0.8109289408,0.4440896511,0.3810233176,-0.1520398110,-0.4688826799,0.8700764775,1,165.4,85.3,2874.9,1,-0.3231545091,-0.7635008097,-0.5591401458,0.3658923507,0.4440896213,-0.8178675175,0.8727508187,-0.4688826799,0.1358495504,1,30.9,-107.8,2911.1,1,0.5966299772,0.7584980130,0.2621326447,-0.7985597253,0.5287286639,0.2876601517,0.0795925856,-0.3809552491,0.9211613536,1,451.5,73.2,2921.1,1,-0.2019281089,0.7584979534,0.6196014285,-0.3651194274,0.5287286043,-0.7662466168,-0.9087974429,-0.3809552491,0.1701771468,1,582.3,-101.9,2938.6,1,0.9923605323,-0.1192000583,-0.0318141505,-0.0272774659,0.0394999571,-0.9988472462,0.1203193069,0.9920842648,0.0359467193,1,193.7,-325.4,2909.0,1,0.9923604727,0.0446604080,-0.1150053963,-0.0272774696,0.9885348082,0.1485086381,0.1203192919,-0.1442370266,0.9822011590,1,250.5,-344.3,2436.2,1,0.9261262417,-0.3726264536,0.0586498268,0.0702053234,0.0175051522,-0.9973790646,0.3706231713,0.9278162718,0.0423723459,1,380.3,-333.3,2939.1,1,0.9261262417,0.0402444080,-0.3750609756,0.0702053308,0.9585306048,0.2762070894,0.3706232011,-0.2821338773,0.8848949671,1,562.9,-341.9,2484.6,1,126.1,-215.7,2653.8,1,529.6,-197.2,2701.3,1,234.1,-707.3,2489.2,1,548.1,-693.4,2588.1,1,
3,0.9865038395,0.0638566539,-0.1507391483,-0.0386005230,0.9855548143,0.1648860276,0.1590919346,-0.1568433046,0.9747239351,1,322.8,286.4,2865.7,1,0.9865038395,0.0638566539,-0.1507391483,-0.0386005230,0.9855548143,0.1648860276,0.1590919346,-0.1568433046,0.9747239351,1,309.4,79.6,2898.6,1,0.9862952828,0.0542528480,-0.1557816565,-0.0420985296,0.9958799481,0.0802914277,0.1594970077,-0.0726337060,0.9845211506,1,298.3,-124.5,2913.5,1,0.5565685034,-0.7690814734,-0.3142376542,0.8177450299,0.4403308630,0.3706775308,-0.1467126757,-0.4632737339,0.8739867806,1,166.3,85.8,2875.5,1,-0.3276132047,-0.7690814734,-0.5488017797,0.3507816792,0.4403308630,-0.8264750838,0.8772809505,-0.4632737637,0.1255214810,1,31.4,-112.4,2911.0,1,0.6046824455,0.7497899532,0.2686527073,-0.7935603857,0.5383790135,0.2835666239,0.0679784268,-0.3846599162,0.9205518961,1,452.4,73.5,2921.8,1,-0.2156524360,0.7497898936,0.6255471110,-0.3507649601,0.5383790135,-0.7662323117,-0.9112946987,-0.3846598864,0.1468972415,1,582.3,-96.9,2936.4,1,0.9931612015,-0.1138504595,-0.0258636810,-0.0210233331,0.0435123555,-0.9988317490,0.1148428395,0.9925445318,0.0408212692,1,193.8,-324.6,2913.3,1,0.9931612015,0.0367075093,-0.1108305827,-0.0210233331,0.9899989367,0.1394997090,0.1148428470,-0.1362156570,0.9840002060,1,248.0,-345.3,2441.1,1,0.9239197373,-0.3787235916,0.0542285480,0.0666094348,0.0196559206,-0.9975855350,0.3767432570,0.9253010154,0.0433870591,1,380.4,-332.6,2943.5,1,0.9239197969,0.0462361798,-0.3797822595,0.0666094571,0.9580701590,0.2786841094,0.3767433465,-0.2827788591,0.8821001053,1,565.6,-342.2,2491.0,1,128.5,-216.3,2651.2,1,525.2,-189.6,2695.3,1,234.8,-701.3,2490.1,1,548.7,-692.0,2594.3,1,
4,0.9864311218,0.0665394962,-0.1500524580,-0.0421907678,0.9862173200,0.1599722058,0.1586299837,-0.1514719427,0.9756483436,1,321.9,287.8,2866.8,1,0.9864311218,0.0665394962,-0.1500524580,-0.0421907678,0.9862173200,0.1599722058,0.1586299837,-0.1514719427,0.9756483436,1,308.0,81.4,2898.5,1,0.9862406254,0.0563305579,-0.1553897858,-0.0452651419,0.9962390065,0.0738566369,0.1589668840,-0.0658074617,0.9850866795,1,296.4,-122.8,2912.0,1,0.5467771888,-0.7736655474,-0.3201192617,0.8248310685,0.4320443869,0.3646797836,-0.1438344270,-0.4634429216,0.8743754625,1,164.9,88.0,2875.4,1,-0.3256117105,-0.7736654878,-0.5435243249,0.3563511074,0.4320443869,-0.8284633756,0.8757801056,-0.4634428918,0.1350178868,1,33.2,-110.7,2910.0,1,0.6338457465,0.6968448758,0.3356287777,-0.7733006477,0.5621525049,0.2932413518,0.0156691559,-0.4454117417,0.8951886892,1,451.0,74.8,2921.5,1,-0.2471897155,0.6968449354,0.6732788682,-0.3947338760,0.5621525645,-0.7267528772,-0.8849194050,-0.4454118013,0.1361099929,1,586.4,-90.3,2924.9,1,0.9928242564,-0.1161660403,-0.0283837728,-0.0237310510,0.0412415080,-0.9988673925,0.1172050610,0.9923732281,0.0381888263,1,191.6,-322.7,2910.4,1,0.9928241968,0.0404996909,-0.1125165075,-0.0237310510,0.9889175296,0.1465571374,0.1172050685,-0.1428353339,0.9827823639,1,247.7,-342.7,2431.0,1,0.9235481024,-0.3798930943,0.0523461662,0.0663408041,0.0238303225,-0.9975124598,0.3777006567,0.9247233272,0.0472108684,1,378.2,-331.3,2940.5,1,0.9235482216,0.0513822623,-0.3800247312,0.0663408190,0.9546341300,0.2902974486,0.3777007163,-0.2933147848,0.8782418966,1,567.0,-343.2,2480.9,1,130.2,-216.8,2649.3,1,520.7,-195.2,2689.6,1,233.1,-699.2,2482.5,1,548.1,-695.0,2589.0,1,
5,0.9858966470,0.0730911866,-0.1505164653,-0.0487677976,0.9860105515,0.1593761295,0.1600609869,-0.1497891992,0.9756743908,1,322.6,288.1,2865.3,1,0.9858966470,0.0730911866,-0.1505164653,-0.0487677976,0.9860105515,0.1593761295,0.1600609869,-0.1497891992,0.9756743908,1,307.2,80.7,2896.8,1,0.9859588146,0.0580872446,-0.1565272957,-0.0478282347,0.9964995980,0.0685339421,0.1599614769,-0.0600859784,0.9852912426,1,295.3,-123.6,2909.1,1,0.6388424635,-0.7247779965,-0.2580257654,0.7232564688,0.4514620900,0.5225726366,-0.2622602880,-0.5204603672,0.8126134872,1,164.2,87.6,2873.6,1,-0.3217476904,-0.7247779369,-0.6092416048,0.4461943805,0.4514620304,-0.7727177143,0.8350981474,-0.5204603076,0.1781349778,1,16.7,-79.4,2934.2,1,0.6401526332,0.6811178923,0.3553632796,-0.7678107619,0.5828264356,0.2660452127,-0.0259069689,-0.4431613088,0.8960675597,1,450.3,73.8,2920.0,1,-0.2500540614,0.6811179519,0.6881508231,-0.3837068975,0.5828264356,-0.7162978053,-0.8889557123,-0.4431613982,0.1156115085,1,589.4,-93.1,2914.4,1,0.9915914536,-0.1248280481,-0.0341244079,-0.0281328019,0.0494511537,-0.9983803034,0.1263133585,0.9909452796,0.0455235764,1,190.1,-323.3,2906.3,1,0.9915915132,0.0442599468,-0.1216041967,-0.0281328000,0.9909473658,0.1312704682,0.1263133883,-0.1267455965,0.9838600755,1,249.5,-346.8,2434.8,1,0.9237354994,-0.3783142269,0.0599259436,0.0777679384,0.0320459045,-0.9964563847,0.3750532568,0.9251223207,0.0590226650,1,376.7,-332.4,2936.6,1,0.9237354994,0.0421706066,-0.3807025552,0.0777679235,0.9525707364,0.2942126095,0.3750532269,-0.3013810515,0.8766440153,1,564.6,-348.3,2477.0,1,111.6,-210.9,2688.0,1,522.6,-195.5,2677.1,1,233.7,-700.6,2480.1,1,549.2,-697.7,2587.6,1,
6,0.9857398272,0.0722559318,-0.1519397646,-0.0484324135,0.9867203236,0.1550266743,0.1611248255,-0.1454583108,0.9761544466,1,322.5,285.6,2865.6,1,0.9857398272,0.0722559318,-0.1519397646,-0.0484324135,0.9867203236,0.1550266743,0.1611248255,-0.1454583108,0.9761544466,1,307.4,78.7,2896.1,1,0.9856857061,0.0583671294,-0.1581343561,-0.0492535867,0.9969225526,0.0609553196,0.1612066329,-0.0522948205,0.9855325818,1,295.4,-125.7,2906.8,1,0.6119672656,-0.7563562393,-0.2311306000,0.7426849008,0.4491232634,0.4966965914,-0.2718733847,-0.4756192565,0.8365831375,1,164.4,85.8,2872.7,1,-0.2942911685,-0.7563562989,-0.5842243433,0.4157232046,0.4491232634,-0.7908619642,0.8605620861,-0.4756193161,0.1822618395,1,19.4,-90.2,2937.1,1,0.6059017181,0.7505875230,0.2636314332,-0.7937082648,0.5478766561,0.2643075883,0.0539484806,-0.3693908453,0.9277067780,1,450.3,71.5,2919.4,1,-0.1990122646,0.7505875230,0.6300892234,-0.3456325829,0.5478765368,-0.7618197799,-0.9170235395,-0.3693908453,0.1503933519,1,588.2,-109.1,2931.7,1,0.9910176992,-0.1292001903,-0.0345137268,-0.0285905451,0.0474227816,-0.9984656572,0.1306387037,0.9904838800,0.0433029123,1,190.2,-325.4,2902.3,1,0.9910176992,0.0442567766,-0.1261951923,-0.0285905451,0.9919506311,0.1233549640,0.1306386888,-0.1186389551,0.9843060374,1,251.0,-347.7,2435.9,1,0.9208251238,-0.3847004473,0.0639281273,0.0848003104,0.0375189818,-0.9956914186,0.3806444108,0.9222786427,0.0671711341,1,376.7,-334.7,2932.8,1,0.9208251238,0.0283880625,-0.3889413774,0.0848003179,0.9589060545,0.2707547843,0.3806444407,-0.2823001444,0.8805773854,1,564.0,-353.0,2483.6,1,104.7,-210.7,2687.6,1,536.7,-198.4,2694.6,1,235.1,-704.1,2478.5,1,553.8,-698.7,2585.4,1,
7,0.9878768325,0.0724677667,-0.1372487396,-0.0508412607,0.9866048694,0.1549901366,0.1466431469,-0.1461344361,0.9783340096,1,322.7,287.0,2866.6,1,0.9878768325,0.0724677667,-0.1372487396,-0.0508412607,0.9866048694,0.1549901366,0.1466431469,-0.1461344361,0.9783340096,1,307.5,80.4,2897.2,1,0.9880148172,0.0574485138,-0.1432337016,-0.0487354361,0.9967815280,0.0636195317,0.1464286149,-0.0558772236,0.9876402020,1,295.8,-123.9,2908.7,1,0.5733274221,-0.7730722427,-0.2713944316,0.7956880331,0.4463617206,0.4094407558,-0.1953871846,-0.4506888986,0.8710358143,1,164.2,87.5,2876.0,1,-0.2935411334,-0.7730722427,-0.5623103380,0.3781068623,0.4463617206,-0.8110465407,0.8779912591,-0.4506889284,0.1612783968,1,26.2,-104.1,2923.1,1,0.5782398582,0.7894139290,0.2060686350,-0.8093658090,0.5232122540,0.2667879462,0.1027884781,-0.3210523427,0.9414669871,1,450.9,73.4,2918.5,1,-0.1729989201,0.7894139886,0.5889797211,-0.3121851385,0.5232123733,-0.7929623723,-0.9341370463,-0.3210523725,0.1559281200,1,585.1,-114.5,2942.3,1,0.9912091494,-0.1282922924,-0.0323344842,-0.0261999909,0.0492196977,-0.9984443188,0.1296841949,0.9905142188,0.0454257615,1,190.5,-323.6,2906.3,1,0.9912092090,0.0419257991,-0.1254857033,-0.0261999946,0.9918808937,0.1244422793,0.1296842098,-0.1200605929,0.9842599034,1,250.3,-346.5,2444.5,1,0.9198574424,-0.3854920864,0.0725141391,0.0885539949,0.0239920169,-0.9957824945,0.3821265101,0.9223991632,0.0562060997,1,377.5,-332.8,2934.0,1,0.9198573232,0.0315539166,-0.3909818530,0.0885539874,0.9543213844,0.2853575349,0.3821264803,-0.2971112132,0.8750452995,1,564.3,-344.4,2486.9,1,110.8,-213.1,2669.9,1,540.6,-194.8,2702.2,1,235.4,-700.2,2487.3,1,552.7,-695.8,2596.3,1,
8,0.9844139218,0.0689310580,-0.1617625803,-0.0428588465,0.9862721562,0.1594559401,0.1705346406,-0.1500388980,0.9738599658,1,322.7,286.6,2865.7,1,0.9844139218,0.0689310580,-0.1617625803,-0.0428588465,0.9862721562,0.1594559401,0.1705346406,-0.1500388980,0.9738599658,1,308.3,80.6,2897.0,1,0.9842497110,0.0557171442,-0.1677423567,-0.0454715900,0.9968909621,0.0643170699,0.1708056033,-0.0556772910,0.9837287664,1,296.8,-123.7,2908.5,1,0.5532776117,-0.7823987007,-0.2858955860,0.8137639761,0.4343454540,0.3861765265,-0.1779665351,-0.4463143647,0.8770014644,1,165.5,87.2,2872.3,1,-0.3022795916,-0.7823986411,-0.5444992781,0.3617195487,0.4343454242,-0.8249260783,0.8819218278,-0.4463143349,0.1517151445,1,31.1,-110.5,2915.5,1,0.5772787333,0.7950242758,0.1862410307,-0.8077469468,0.5226091146,0.2728089392,0.1195584685,-0.3079224229,0.9438694715,1,451.0,74.0,2921.8,1,-0.1568359435,0.7950242758,0.5859513283,-0.3132721484,0.5226091146,-0.7929315567,-0.9366231561,-0.3079223931,0.1670950949,1,585.5,-114.3,2949.7,1,0.9910966158,-0.1284449250,-0.0350635760,-0.0290217921,0.0486117825,-0.9983960390,0.1299434006,0.9905245304,0.0444512703,1,192.3,-323.8,2903.7,1,0.9910966158,0.0459881797,-0.1249505430,-0.0290217884,0.9905075431,0.1343591660,0.1299433857,-0.1295366138,0.9830234647,1,253.3,-346.9,2433.6,1,0.9224719405,-0.3807401359,0.0638953373,0.0823583901,0.0323807262,-0.9960767031,0.3771774173,0.9241149426,0.0612274557,1,378.5,-332.4,2936.0,1,0.9224718213,0.0445211791,-0.3834885955,0.0823583603,0.9477686286,0.3081422746,0.3771772981,-0.3158360720,0.8706232309,1,564.8,-348.2,2483.9,1,118.3,-214.9,2661.1,1,545.1,-195.1,2708.1,1,236.8,-701.7,2480.0,1,548.5,-695.4,2599.6,1,
9,0.9869421124,0.0672439188,-0.1463314891,-0.0424620993,0.9851547480,0.1663218290,0.1553444564,-0.1579377353,0.9751515985,1,322.9,286.4,2864.7,1,0.9869421124,0.0672439188,-0.1463314891,-0.0424620993,0.9851547480,0.1663218290,0.1553444564,-0.1579377353,0.9751515985,1,308.9,80.8,2897.7,1,0.9867749810,0.0561799183,-0.1520143300,-0.0451453328,0.9961518645,0.0750957206,0.1556493491,-0.0672406554,0.9855195284,1,297.4,-123.4,2911.5,1,0.5327599645,-0.7915644646,-0.2993202806,0.8335656524,0.4297962189,0.3470497429,-0.1460654885,-0.4343973100,0.8887991309,1,165.8,87.3,2875.1,1,-0.2948471606,-0.7915644050,-0.5352485180,0.3540197313,0.4297962487,-0.8306294680,0.8875443935,-0.4343972802,0.1535052359,1,37.6,-113.3,2910.3,1,0.5634189248,0.8095698953,0.1647903323,-0.8148027658,0.5115241408,0.2728362381,0.1365857422,-0.2879927158,0.9478421211,1,452.0,74.2,2920.3,1,-0.1641937941,0.8095698357,0.5635930300,-0.2736985683,0.5115242004,-0.8145134449,-0.9476969838,-0.2879926562,0.1375890225,1,584.3,-117.1,2952.3,1,0.9915435910,-0.1252653152,-0.0339119248,-0.0284510497,0.0451296121,-0.9985759854,0.1266173720,0.9910963178,0.0411840491,1,192.5,-323.3,2910.5,1,0.9915435910,0.0435579903,-0.1222461462,-0.0284510516,0.9920348525,0.1227081344,0.1266173571,-0.1181924120,0.9848851562,1,250.9,-344.4,2448.4,1,0.9247804880,-0.3746918142,0.0662341192,0.0800161138,0.0213260930,-0.9965654016,0.3719923794,0.9269040823,0.0497033447,1,379.2,-331.9,2940.0,1,0.9247806072,0.0388500579,-0.3785123825,0.0800161213,0.9526732564,0.2932764590,0.3719924390,-0.3015034497,0.8779051304,1,562.5,-342.3,2486.4,1,122.9,-215.8,2653.3,1,541.6,-188.2,2706.0,1,235.2,-702.8,2491.1,1,548.4,-689.4,2596.2,1,
10,0.9868723154,0.0708680078,-0.1450866014,-0.0465765074,0.9852825403,0.1644534767,0.1546069086,-0.1555382162,0.9756543636,1,323.4,286.0,2864.3,1,0.9868723154,0.0708680078,-0.1450866014,-0.0465765074,0.9852825403,0.1644534767,0.1546069086,-0.1555382162,0.9756543636,1,308.5,79.0,2897.0,1,0.9870015383,0.0549454056,-0.1509911716,-0.0445412882,0.9964473248,0.0714483261,0.1543816030,-0.0637950674,0.9859479070,1,297.2,-125.2,2910.0,1,0.6333633661,-0.7298088670,-0.2573515177,0.7314294577,0.4559678137,0.5070545673,-0.2527088821,-0.5093842745,0.8225970268,1,165.3,85.5,2874.6,1,-0.3227142394,-0.7298089266,-0.6026893854,0.4270860851,0.4559678137,-0.7808270454,0.8446614742,-0.5093842745,0.1645439118,1,20.5,-81.8,2932.4,1,0.5552066565,0.8204712868,0.1362812072,-0.8184916973,0.5098968148,0.2647200227,0.1477058083,-0.2585193515,0.9546469450,1,451.6,72.5,2919.4,1,-0.1554844379,0.8204712868,0.5501377583,-0.2361294031,0.5098968148,-0.8271929622,-0.9592015147,-0.2585193515,0.1144563779,1,582.6,-120.5,2954.2,1,0.9912260771,-0.1264977455,-0.0383350216,-0.0332418494,0.0421319716,-0.9985589981,0.1279305965,0.9910718203,0.0375572853,1,192.6,-325.3,2908.5,1,0.9912258983,0.0491666645,-0.1226942912,-0.0332418457,0.9911368489,0.1286182255,0.1279305667,-0.1234111264,0.9840750098,1,252.9,-345.4,2435.8,1,0.9258002639,-0.3725878894,0.0638145953,0.0767924935,0.0200791527,-0.9968448877,0.3701309860,0.9277797341,0.0472012311,1,379.3,-333.7,2937.7,1,0.9258003235,0.0439141765,-0.3754538298,0.0767924935,0.9506698251,0.3005493283,0.3701310158,-0.3070806563,0.8767580390,1,565.6,-343.7,2474.0,1,113.7,-205.1,2688.4,1,542.3,-181.7,2705.7,1,235.1,-705.6,2480.7,1,549.5,-691.8,2586.4,1,
11,0.9873166680,0.0669164360,-0.1439345777,-0.0437514409,0.9863919020,0.1584703922,0.1525813043,-0.1501643807,0.9768143892,1,321.7,285.1,2867.1,1,0.9873166680,0.0669164360,-0.1439345777,-0.0437514409,0.9863919020,0.1584703922,0.1525813043,-0.1501643807,0.9768143892,1,307.7,79.2,2898.4,1,0.9872918129,0.0542705841,-0.1493279636,-0.0441589542,0.9965516925,0.0702202320,0.1526250094,-0.0627344921,0.9862893820,1,296.6,-125.1,2911.3,1,0.6216279268,-0.7399126291,-0.2571147382,0.7484719753,0.4642635882,0.4735493660,-0.2310161740,-0.4868146777,0.8424030542,1,164.5,85.6,2876.3,1,-0.3038994372,-0.7399127483,-0.6001453400,0.4149249494,0.4642636478,-0.7824938893,0.8576027155,-0.4868147373,0.1659188122,1,19.2,-89.4,2930.3,1,0.5413103104,0.8322989345,0.1194224432,-0.8258539438,0.4996028543,0.2614618838,0.1579506397,-0.2401575148,0.9577975273,1,450.9,72.8,2920.6,1,-0.1425662786,0.8322988749,0.5356804132,-0.2257426977,0.4996028244,-0.8363236785,-0.9636986256,-0.2401574850,0.1166588739,1,577.8,-120.8,2957.6,1,0.9914751649,-0.1253901571,-0.0354142599,-0.0301617049,0.0435437225,-0.9985961914,0.1267561913,0.9911513925,0.0393905453,1,192.1,-325.2,2909.7,1,0.9914752841,0.0441858731,-0.1225743666,-0.0301617123,0.9930232763,0.1139961779,0.1267562211,-0.1093273386,0.9858906865,1,250.9,-345.6,2444.6,1,0.9238178730,-0.3780969381,0.0600277446,0.0748832971,0.0246965159,-0.9968864918,0.3754372299,0.9254365563,0.0511282235,1,378.9,-333.6,2938.6,1,0.9238178134,0.0455137081,-0.3801172078,0.0748832747,0.9522448778,0.2960105240,0.3754372001,-0.3019242287,0.8762925267,1,566.3,-345.8,2479.9,1,105.1,-206.7,2687.8,1,540.9,-179.1,2708.3,1,235.0,-703.8,2484.0,1,549.7,-691.8,2589.6,1,
12,0.9882648587,0.0645710453,-0.1383915693,-0.0420551077,0.9862437844,0.1598456204,0.1468103230,-0.1521509886,0.9773913026,1,321.8,287.1,2865.4,1,0.9882648587,0.0645710453,-0.1383915693,-0.0420551077,0.9862437844,0.1598456204,0.1468103230,-0.1521509886,0.9773913026,1,308.2,79.9,2897.4,1,0.9881271720,0.0535041280,-0.1439832151,-0.0443684161,0.9968351722,0.0659336075,0.1470562965,-0.0587632656,0.9873794317,1,297.3,-124.4,2909.5,1,0.5756689310,-0.7680465579,-0.2805530429,0.7972725630,0.4510447681,0.4011424184,-0.1815540195,-0.4546024799,0.8719947934,1,164.9,86.4,2876.1,1,-0.2991152406,-0.7680464387,-0.5662461519,0.3750173450,0.4510447085,-0.8098892570,0.8774349093,-0.4546023607,0.1531163901,1,26.6,-105.2,2919.7,1,0.5504425168,0.8259388208,0.1218125671,-0.8166627288,0.5023663044,0.2840601504,0.1734217554,-0.2558385730,0.9510371685,1,451.6,73.5,2918.7,1,-0.1559699178,0.8259387016,0.5417550802,-0.2324742973,0.5023661852,-0.8328168988,-0.9600150585,-0.2558385134,0.1136555299,1,581.9,-119.9,2959.8,1,0.9910991788,-0.1277792305,-0.0373488739,-0.0319701210,0.0438898653,-0.9985247254,0.1292299479,0.9908310175,0.0394140929,1,192.8,-324.6,2907.6,1,0.9910992384,0.0456902049,-0.1250395030,-0.0319701172,0.9934601784,0.1096121073,0.1292299628,-0.1046389416,0.9860783219,1,253.0,-345.2,2441.0,1,0.9251435995,-0.3737678826,0.0663845092,0.0819402337,0.0258649718,-0.9963016510,0.3706685305,0.9271615148,0.0545554496,1,379.8,-333.0,2935.4,1,0.9251435399,0.0378696844,-0.3777237833,0.0819402412,0.9516352415,0.2961015999,0.3706685305,-0.3048872650,0.8772961497,1,566.3,-345.9,2472.7,1,110.7,-210.6,2673.0,1,541.6,-179.9,2712.0,1,236.5,-703.3,2478.7,1,552.5,-691.9,2583.6,1,
13,0.9890000224,0.0668597817,-0.1319011599,-0.0451765433,0.9859149456,0.1610184610,0.1408100426,-0.1532896757,0.9780959487,1,322.3,286.3,2865.1,1,0.9890000224,0.0668597817,-0.1319011599,-0.0451765433,0.9859149456,0.1610184610,0.1408100426,-0.1532896757,0.9780959487,1,308.3,80.1,2897.2,1,0.9890105128,0.0547348857,-0.1373006999,-0.0450055897,0.9963143468,0.0729954243,0.1407910734,-0.0660147592,0.9878343344,1,297.1,-124.2,2910.7,1,0.5518273711,-0.7794695497,-0.2965024412,0.8177835345,0.4360854328,0.3755788803,-0.1634518951,-0.4497295022,0.8780813217,1,164.8,86.6,2876.7,1,-0.2982170284,-0.7794695497,-0.5509027243,0.3730339408,0.4360854626,-0.8189475536,0.8785853386,-0.4497295022,0.1607205123,1,32.8,-109.1,2915.8,1,0.5363173485,0.8353200555,0.1208478659,-0.8272982836,0.4919205904,0.2712779939,0.1671563685,-0.2454683185,0.9548844099,1,451.8,73.5,2917.6,1,-0.1534152627,0.8353199959,0.5279244781,-0.2201845944,0.4919205308,-0.8423377872,-0.9633185267,-0.2454683185,0.1084564850,1,579.5,-123.4,2957.4,1,0.9911895990,-0.1265509576,-0.0390929505,-0.0333655924,0.0470657684,-0.9983344078,0.1281801164,0.9908429980,0.0424286462,1,192.3,-324.1,2910.9,1,0.9911895394,0.0453569517,-0.1244433522,-0.0333655886,0.9947438240,0.0968065187,0.1281801015,-0.0918014795,0.9874929786,1,251.1,-346.0,2450.4,1,0.9264351130,-0.3678764403,0.0799048841,0.0922055319,0.0159514789,-0.9956122041,0.3649876714,0.9297378063,0.0486982577,1,379.4,-332.7,2937.5,1,0.9264351726,0.0198903140,-0.3759285510,0.0922055393,0.9561969042,0.2778227925,0.3649877012,-0.2920474708,0.8840205669,1,558.9,-340.4,2484.1,1,116.4,-213.6,2669.7,1,539.8,-180.4,2708.2,1,234.9,-702.0,2483.2,1,551.5,-695.4,2592.5,1,
14,0.9874141812,0.0630640239,-0.1450015455,-0.0395728350,0.9863982797,0.1595262885,0.1530907601,-0.1517816484,0.9764845967,1,322.2,284.8,2864.9,1,0.9874141812,0.0630640239,-0.1450015455,-0.0395728350,0.9863982797,0.1595262885,0.1530907601,-0.1517816484,0.9764845967,1,309.1,79.2,2896.6,1,0.9871339202,0.0550063774,-0.1501003653,-0.0442784429,0.9962798953,0.0739049688,0.1536083221,-0.0663087070,0.9859027863,1,297.8,-125.0,2910.1,1,0.5323369503,-0.7930108309,-0.2962281108,0.8327016234,0.4275357127,0.3518822491,-0.1523983330,-0.4339895546,0.8879345655,1,165.9,85.6,2874.3,1,-0.2924962044,-0.7930108309,-0.5343966484,0.3576999009,0.4275357723,-0.8302192092,0.8868464828,-0.4339895844,0.1586073190,1,37.9,-114.6,2910.9,1,0.5320132375,0.8306346536,0.1643411964,-0.8358089924,0.4840813279,0.2590146959,0.1355920583,-0.2751570940,0.9517896771,1,452.2,72.8,2918.8,1,-0.1929622442,0.8306346536,0.5223138332,-0.2132884413,0.4840813279,-0.8486303091,-0.9577440023,-0.2751571238,0.0837553442,1,579.2,-126.7,2951.2,1,0.9911297560,-0.1270824969,-0.0388830863,-0.0331728272,0.0467458665,-0.9983558655,0.1286911815,0.9907900095,0.0421155319,1,193.1,-325.1,2909.2,1,0.9911297560,0.0476591401,-0.1240582913,-0.0331728309,0.9926575422,0.1163213030,0.1286911666,-0.1111741513,0.9854333401,1,253.1,-347.1,2441.4,1,0.9248398542,-0.3733269572,0.0727885142,0.0859717056,0.0187607668,-0.9961209893,0.3705132604,0.9275100231,0.0494462699,1,379.9,-333.4,2938.3,1,0.9248399734,0.0288984515,-0.3792573214,0.0859717131,0.9554225802,0.2824475765,0.3705132902,-0.2938241661,0.8811284900,1,563.1,-342.6,2483.2,1,119.9,-214.8,2662.3,1,529.3,-181.9,2703.5,1,236.0,-703.6,2481.3,1,552.4,-696.1,2591.9,1,
15,0.9875059724,0.0724802762,-0.1398849189,-0.0501701683,0.9863387346,0.1568918228,0.1493466049,-0.1479147822,0.9776571989,1,321.7,284.0,2864.9,1,0.9875059724,0.0724802762,-0.1398849189,-0.0501701683,0.9863387346,0.1568918228,0.1493466049,-0.1479147822,0.9776571989,1,306.6,77.9,2895.8,1,0.9875897169,0.0576692000,-0.1460480094,-0.0488941073,0.9968143702,0.0629815757,0.1492159367,-0.0550598167,0.9872688055,1,294.7,-126.4,2907.0,1,0.5913479924,-0.7450819612,-0.3084808290,0.7905091047,0.4599885345,0.4043586850,-0.1593826860,-0.4829736054,0.8610074520,1,163.3,85.0,2874.1,1,-0.3287919462,-0.7450819612,-0.5803005695,0.3767161071,0.4599884748,-0.8040494919,0.8660143018,-0.4829735756,0.1294438690,1,21.3,-104.8,2912.4,1,0.5334194899,0.8227723241,0.1962382346,-0.8393830657,0.4862625897,0.2428678125,0.1044015810,-0.2942694724,0.9500031471,1,449.8,70.8,2917.4,1,-0.2254587710,0.8227723241,0.5217415094,-0.1960410774,0.4862626195,-0.8515378833,-0.9543249607,-0.2942694426,0.0516650006,1,578.6,-131.9,2942.6,1,0.9911505580,-0.1262532622,-0.0409961380,-0.0358366445,0.0428707674,-0.9984377623,0.1278135628,0.9910711646,0.0379668958,1,189.5,-326.1,2904.2,1,0.9911505580,0.0532262512,-0.1216040105,-0.0358366519,0.9893670678,0.1409557462,0.1278135478,-0.1353504807,0.9825192094,1,250.0,-346.7,2429.0,1,0.9247311354,-0.3739773035,0.0708048791,0.0812175721,0.0121362470,-0.9966225624,0.3718549013,0.9273583889,0.0415962972,1,376.3,-335.4,2932.5,1,0.9247310758,0.0334081128,-0.3791520596,0.0812175721,0.9558789134,0.2823103368,0.3718549013,-0.2918549180,0.8812177181,1,561.3,-341.4,2473.9,1,113.4,-210.3,2669.8,1,520.2,-182.7,2695.3,1,231.0,-700.9,2477.5,1,548.9,-694.6,2581.8,1,
16,0.9883337021,0.0724042356,-0.1339523345,-0.0513004400,0.9866141081,0.1547800004,0.1433670819,-0.1461036950,0.9788239598,1,321.3,283.7,2864.3,1,0.9883337021,0.0724042356,-0.1339523345,-0.0513004400,0.9866141081,0.1547800004,0.1433670819,-0.1461036950,0.9788239598,1,306.1,77.2,2894.9,1,0.9883307219,0.0592891127,-0.1402722299,-0.0513454787,0.9968994856,0.0595922060,0.1433715224,-0.0516951904,0.9883162379,1,293.9,-127.1,2905.5,1,0.5770052075,-0.7559324503,-0.3092428446,0.8001448512,0.4472550154,0.3996638656,-0.1638084799,-0.4780471921,0.8629239202,1,162.7,84.7,2874.1,1,-0.3306590915,-0.7559323907,-0.5650050640,0.3693829775,0.4472550154,-0.8145668507,0.8684588671,-0.4780471921,0.1313396394,1,23.2,-108.9,2913.7,1,0.5136647224,0.8115420341,0.2784742713,-0.8579487801,0.4826160669,0.1760837734,0.0085032368,-0.3293646872,0.9441645145,1,449.5,69.8,2915.7,1,-0.2682395577,0.8115421534,0.5190828443,-0.1930524111,0.4826161265,-0.8542906642,-0.9438105226,-0.3293647468,0.0272134431,1,576.8,-142.9,2917.8,1,0.9902284145,-0.1337913126,-0.0393408760,-0.0337652750,0.0436913297,-0.9984744191,0.1353060454,0.9900459051,0.0387468971,1,188.3,-326.6,2902.5,1,0.9902283549,0.0520729460,-0.1293685734,-0.0337652788,0.9895930886,0.1398769915,0.1353060603,-0.1341419965,0.9816812873,1,251.6,-347.3,2433.8,1,0.9203664064,-0.3839504719,0.0742139518,0.0853632092,0.0120530603,-0.9962769747,0.3816264868,0.9232750535,0.0438684747,1,375.3,-336.3,2929.7,1,0.9203665257,0.0262650065,-0.3901741207,0.0853632167,0.9601871371,0.2659960091,0.3816265464,-0.2781203091,0.8814819455,1,561.8,-342.2,2481.1,1,116.2,-212.8,2669.4,1,506.9,-193.2,2671.9,1,233.1,-699.4,2481.5,1,552.2,-695.8,2583.5,1,
17,0.9878883958,0.0729578584,-0.1369045973,-0.0519051924,0.9870930314,0.1514901966,0.1461910903,-0.1425505280,0.9789302349,1,320.9,282.5,2864.6,1,0.9878883958,0.0729578584,-0.1369045973,-0.0519051924,0.9870930314,0.1514901966,0.1461910903,-0.1425505280,0.9789302349,1,305.7,76.0,2894.4,1,0.9878740907,0.0596986562,-0.1432830989,-0.0521192439,0.9970627427,0.0560862869,0.1462115794,-0.0479390882,0.9880894423,1,293.4,-128.4,2904.2,1,0.5591012239,-0.7706726789,-0.3057278097,0.8132424355,0.4379883111,0.3831488788,-0.1613771617,-0.4628498256,0.8716235161,1,162.4,83.5,2873.2,1,-0.3266553581,-0.7706726789,-0.5471379757,0.3521163166,0.4379882514,-0.8271520138,0.8771033883,-0.4628498554,0.1282952130,1,26.6,-113.9,2912.4,1,0.5244637728,0.7926625609,0.3108438253,-0.8514073491,0.4910685718,0.1842748374,-0.0065778843,-0.3613002002,0.9324263930,1,449.0,68.4,2915.6,1,-0.3178979158,0.7926625013,0.5202182531,-0.1727604568,0.4910685122,-0.8538182378,-0.9322524667,-0.3613001704,-0.0191689283,1,580.4,-145.0,2914.0,1,0.9897573590,-0.1383116841,-0.0353590250,-0.0300649572,0.0401806943,-0.9987400174,0.1395581663,0.9895733595,0.0356108025,1,187.7,-327.9,2900.2,1,0.9897573590,0.0465170518,-0.1349686980,-0.0300649609,0.9921398163,0.1214682758,0.1395581663,-0.1161662713,0.9833763838,1,252.3,-346.6,2437.9,1,0.9201928377,-0.3831005096,0.0804941133,0.0949099362,0.0188437048,-0.9953075647,0.3797860146,0.9235144854,0.0536998808,1,374.6,-337.7,2927.9,1,0.9201927185,0.0280411709,-0.3904599845,0.0949099213,0.9516913891,0.2920196354,0.3797859848,-0.3057728410,0.8730782270,1,563.3,-347.0,2473.1,1,119.7,-214.3,2662.4,1,498.4,-189.5,2673.5,1,235.6,-704.2,2479.8,1,553.0,-697.8,2585.8,1,
18,0.9876226783,0.0708446056,-0.1398995519,-0.0489913002,0.9868702292,0.1538931131,0.1489663720,-0.1451356560,0.9781315923,1,320.9,283.3,2864.6,1,0.9876226783,0.0708446056,-0.1398995519,-0.0489913002,0.9868702292,0.1538931131,0.1489663720,-0.1451356560,0.9781315923,1,306.0,76.9,2895.0,1,0.9873782992,0.0609476194,-0.1461460739,-0.0526681282,0.9968136549,0.0598730594,0.1493306309,-0.0514208488,0.9874476790,1,293.6,-127.4,2905.5,1,0.5252396464,-0.7971975207,-0.2976565361,0.8363881707,0.4191931784,0.3531739414,-0.1567738056,-0.4344573617,0.8869435787,1,162.8,84.6,2873.3,1,-0.3148885667,-0.7971975207,-0.5150934458,0.3252799213,0.4191931188,-0.8476261497,0.8916491270,-0.4344573319,0.1273132265,1,32.8,-122.5,2912.1,1,0.4976644516,0.8257213235,0.2655453086,-0.8670858741,0.4657828212,0.1766590774,0.0221847203,-0.3181675076,0.9477748871,1,449.3,69.3,2916.7,1,-0.2967058420,0.8257213235,0.4797393382,-0.1210694760,0.4657827616,-0.8765777349,-0.9472633004,-0.3181675076,-0.0382308215,1,579.7,-158.0,2922.5,1,0.9908653498,-0.1321507394,-0.0268683452,-0.0219107755,0.0388268717,-0.9990056753,0.1330625564,0.9904688597,0.0355766788,1,187.6,-326.8,2901.9,1,0.9908654690,0.0357433483,-0.1300313324,-0.0219107717,0.9940932393,0.1062943637,0.1330625862,-0.1024743095,0.9857958555,1,248.4,-344.6,2446.8,1,0.9188579917,-0.3870473504,0.0767762959,0.0911343247,0.0188513901,-0.9956602454,0.3839203119,0.9218671918,0.0525950417,1,374.5,-336.7,2930.2,1,0.9188578725,0.0240132231,-0.3938573897,0.0911343247,0.9582448602,0.2710373402,0.3839202821,-0.2849386632,0.8783025146,1,561.3,-345.8,2485.2,1,122.8,-215.4,2657.3,1,503.3,-189.2,2678.5,1,235.5,-702.9,2483.7,1,552.6,-691.7,2588.1,1,
19,0.9888733625,0.0684146285,-0.1320534647,-0.0478471294,0.9870535135,0.1530760527,0.1408175528,-0.1450556815,0.9793498516,1,321.0,285.3,2864.7,1,0.9888733625,0.0684146285,-0.1320534647,-0.0478471294,0.9870535135,0.1530760527,0.1408175528,-0.1450556815,0.9793498516,1,306.6,78.7,2895.1,1,0.9885270596,0.0608293712,-0.1382143050,-0.0531626716,0.9968686700,0.0585055575,0.1413414180,-0.0504872128,0.9886710048,1,294.2,-125.7,2905.4,1,0.5157489181,-0.8016375899,-0.3022916317,0.8441253901,0.4151478708,0.3392705917,-0.1464763284,-0.4301504791,0.8907947540,1,163.2,86.4,2874.6,1,-0.3077225089,-0.8016375899,-0.5125271082,0.3303352892,0.4151478708,-0.8476619720,0.8922922611,-0.4301504493,0.1370588243,1,36.4,-121.2,2910.6,1,0.4973407686,0.8282369971,0.2582162917,-0.8669893146,0.4637430608,0.1824054569,0.0313289315,-0.3145884275,0.9487110972,1,450.0,71.0,2915.6,1,-0.2901021838,0.8282369971,0.4794416130,-0.1254735887,0.4637430608,-0.8770398498,-0.9487344027,-0.3145884573,-0.0306110047,1,579.4,-154.5,2923.7,1,0.9911113381,-0.1306380332,-0.0251439419,-0.0204945710,0.0368132778,-0.9991120696,0.1314476728,0.9907464385,0.0338086858,1,188.2,-325.0,2902.4,1,0.9911112785,0.0345239602,-0.1284780353,-0.0204945710,0.9938350916,0.1089581102,0.1314476430,-0.1053565070,0.9857086539,1,248.8,-342.1,2443.0,1,0.9184389114,-0.3888000846,0.0728316382,0.0882016718,0.0218041204,-0.9958640337,0.3856039941,0.9210640788,0.0543185733,1,375.2,-335.1,2929.1,1,0.9184389114,0.0309994835,-0.3943463266,0.0882016718,0.9557763338,0.2805565298,0.3856039643,-0.2924560010,0.8750880957,1,565.5,-345.7,2478.4,1,124.8,-216.1,2654.3,1,505.3,-186.5,2681.5,1,236.3,-700.2,2481.0,1,554.1,-695.2,2585.4,1,
20,0.9884842038,0.0685864836,-0.1348487139,-0.0469152443,0.9863578081,0.1577762663,0.1438315064,-0.1496340930,0.9782223701,1,321.4,288.5,2865.2,1,0.9884842038,0.0685864836,-0.1348487139,-0.0469152443,0.9863578081,0.1577762663,0.1438315064,-0.1496340930,0.9782223701,1,307.0,81.5,2896.6,1,0.9881035089,0.0618602298,-0.1407620609,-0.0527006574,0.9962974191,0.0678992644,0.1444422156,-0.0596740246,0.9877105951,1,294.3,-122.7,2908.8,1,0.5195408463,-0.7971795797,-0.3075420558,0.8422222137,0.4171223938,0.3415710032,-0.1440107375,-0.4364788532,0.8881144524,1,163.7,89.2,2875.7,1,-0.3115749359,-0.7971795797,-0.5171323419,0.3350079656,0.4171223044,-0.8448542356,0.8892079592,-0.4364788532,0.1370966434,1,35.2,-119.1,2911.3,1,0.4608646631,0.8026303053,0.3786665499,-0.8760190606,0.4797513485,0.0492869467,-0.1421065629,-0.3544337153,0.9242199659,1,450.3,73.9,2917.6,1,-0.3853650093,0.8026304245,0.4552783966,-0.0364721715,0.4797513783,-0.8766461611,-0.9220432639,-0.3544337451,-0.1556056887,1,578.8,-170.4,2877.9,1,0.9899040461,-0.1375683546,-0.0341320224,-0.0295718815,0.0350573510,-0.9989476800,0.1386201680,0.9898716807,0.0306352563,1,188.2,-321.9,2907.4,1,0.9899041653,0.0460052490,-0.1340655237,-0.0295718852,0.9920789599,0.1220859066,0.1386201829,-0.1168887615,0.9834234118,1,252.6,-338.4,2443.8,1,0.9184840322,-0.3889748454,0.0713145286,0.0861047581,0.0206992794,-0.9960710406,0.3859704137,0.9210158587,0.0525045395,1,375.1,-331.9,2934.7,1,0.9184839725,0.0358608253,-0.3938288689,0.0861047506,0.9538518190,0.2876674533,0.3859703541,-0.2981284857,0.8730099201,1,565.8,-342.1,2483.3,1,125.8,-216.5,2652.7,1,478.8,-179.8,2638.7,1,235.9,-698.9,2486.3,1,552.6,-692.3,2592.8,1,
21,0.9889431000,0.0688590705,-0.1312979609,-0.0483348146,0.9869563580,0.1535483897,0.1401596516,-0.1455055624,0.9793774486,1,322.0,285.9,2865.5,1,0.9889431000,0.0688590705,-0.1312979609,-0.0483348146,0.9869563580,0.1535483897,0.1401596516,-0.1455055624,0.9793774486,1,307.6,79.1,2896.0,1,0.9886887670,0.0603147969,-0.1372801214,-0.0522406660,0.9967258573,0.0616820529,0.1405520439,-0.0538134873,0.9886080623,1,295.2,-125.2,2907.0,1,0.5366269946,-0.7846390009,-0.3104403317,0.8312290311,0.4282295704,0.3545106351,-0.1452231109,-0.4482870102,0.8820142746,1,164.2,86.7,2875.6,1,-0.3131715953,-0.7846389413,-0.5350376368,0.3502690196,0.4282295406,-0.8330252767,0.8827430010,-0.4482869506,0.1407253891,1,34.6,-114.1,2910.7,1,0.5224977136,0.7862275243,0.3299130201,-0.8511705399,0.5036811829,0.1476957649,-0.0500485040,-0.3579829335,0.9323859215,1,451.0,71.5,2916.4,1,-0.2170951366,0.7862274051,0.5785466433,-0.3172438145,0.5036811829,-0.8035308123,-0.9231609106,-0.3579829931,0.1400790662,1,562.1,-109.4,2905.7,1,0.9909616709,-0.1305684447,-0.0307719205,-0.0246553794,0.0482064746,-0.9985330105,0.1318603158,0.9902666807,0.0445515513,1,189.3,-324.6,2904.8,1,0.9909617305,0.0396832451,-0.1281415969,-0.0246553868,0.9928494096,0.1168000549,0.1318603158,-0.1125849858,0.9848541021,1,251.0,-347.4,2437.3,1,0.9203580022,-0.3852449358,0.0672871470,0.0805777460,0.0184389092,-0.9965778589,0.3826858699,0.9226300716,0.0480125733,1,376.4,-334.5,2931.4,1,0.9203579426,0.0406726636,-0.3889562786,0.0805777311,0.9535148740,0.2903729379,0.3826858401,-0.2985882163,0.8742978573,1,568.2,-343.7,2472.0,1,126.4,-216.8,2651.9,1,507.8,-188.8,2674.9,1,236.6,-706.6,2478.0,1,553.1,-697.3,2582.7,1,
22,0.9882981777,0.0679839998,-0.1365067810,-0.0472635552,0.9876039624,0.1496690810,0.1449908614,-0.1414670646,0.9792658091,1,321.4,287.0,2867.1,1,0.9882981777,0.0679839998,-0.1365067810,-0.0472635552,0.9876039624,0.1496690810,0.1449908614,-0.1414670646,0.9792658091,1,307.2,79.9,2896.8,1,0.9880685210,0.0589361638,-0.1422540396,-0.0508535355,0.9969119430,0.0598052889,0.1453405321,-0.0518583357,0.9880200028,1,295.1,-124.4,2907.4,1,0.5377723575,-0.7830717564,-0.3124092519,0.8304978013,0.4282240570,0.3562268913,-0.1451700628,-0.4510241747,0.8806263804,1,163.9,87.3,2875.7,1,-0.3156132698,-0.7830717564,-0.5358982682,0.3512638509,0.4282241166,-0.8326091170,0.8814771175,-0.4510241747,0.1399116069,1,33.8,-113.5,2910.8,1,0.5438399315,0.7939886451,0.2716986835,-0.8385782242,0.5018228889,0.2120385915,0.0320116282,-0.3431556523,0.9387328625,1,450.5,72.6,2917.9,1,-0.2176191658,0.7939887643,0.5676476955,-0.2924465835,0.5018228889,-0.8140324354,-0.9311912060,-0.3431556821,0.1229929850,1,570.0,-111.7,2924.9,1,0.9896913171,-0.1373482794,-0.0405805670,-0.0350682251,0.0423195660,-0.9984885454,0.1388580352,0.9896184206,0.0370667428,1,189.5,-323.9,2904.3,1,0.9896913171,0.0499962680,-0.1342076957,-0.0350682288,0.9931594133,0.1113762558,0.1388580352,-0.1055216640,0.9846744537,1,253.6,-343.7,2442.5,1,0.9209874272,-0.3815734088,0.0786378011,0.0922801942,0.0175557490,-0.9955783486,0.3785056770,0.9241718054,0.0513802916,1,376.5,-333.6,2931.8,1,0.9209874868,0.0259348620,-0.3887281418,0.0922801942,0.9548659325,0.2823392749,0.3785056770,-0.2959028184,0.8770262599,1,562.6,-342.1,2481.1,1,126.7,-216.9,2651.4,1,514.4,-186.5,2686.8,1,235.5,-704.8,2480.9,1,553.0,-693.4,2590.0,1,
23,0.9874178171,0.0674319416,-0.1429969817,-0.0459380746,0.9878261089,0.1486116946,0.1512784809,-0.1401740313,0.9785003066,1,321.5,286.8,2866.0,1,0.9874178171,0.0674319416,-0.1429969817,-0.0459380746,0.9878261089,0.1486116946,0.1512784809,-0.1401740313,0.9785003066,1,307.4,80.4,2895.3,1,0.9871858954,0.0577292554,-0.1487295777,-0.0496162102,0.9970984459,0.0576985888,0.1516300440,-0.0495805591,0.9871913791,1,295.5,-124.0,2905.4,1,0.5416160226,-0.7825463414,-0.3070397675,0.8256528974,0.4265837073,0.3692204058,-0.1579538882,-0.4534839392,0.8771561384,1,164.2,87.6,2873.3,1,-0.3159276247,-0.7825463414,-0.5364803076,0.3555576801,0.4265837371,-0.8316280246,0.8796410561,-0.4534839392,0.1434707642,1,33.4,-111.8,2911.4,1,0.5929570794,0.7689058185,0.2391355634,-0.7990339398,0.5250633955,0.2930074036,0.0997337773,-0.3648182452,0.9257217646,1,450.6,73.2,2917.3,1,-0.1863926798,0.7689058781,0.6115894914,-0.3617259562,0.5250633955,-0.7703654766,-0.9134615660,-0.3648182750,0.1802652329,1,571.8,-90.1,2937.6,1,0.9888643622,-0.1418711096,-0.0449442379,-0.0394136310,0.0415568762,-0.9983585477,0.1435059756,0.9890123606,0.0355024636,1,190.3,-323.7,2901.2,1,0.9888643026,0.0538402162,-0.1387394220,-0.0394136272,0.9937214851,0.1047103181,0.1435059756,-0.0980760753,0.9847776890,1,256.0,-342.9,2443.4,1,0.9218392372,-0.3811079562,0.0704936907,0.0848814324,0.0210528634,-0.9961687326,0.3781637251,0.9242908359,0.0517563447,1,377.1,-333.1,2929.9,1,0.9218390584,0.0389605984,-0.3856095076,0.0848814249,0.9504857659,0.2989514172,0.3781636655,-0.3083162010,0.8728879094,1,566.4,-343.5,2471.0,1,126.9,-217.0,2651.1,1,523.1,-184.6,2699.1,1,236.4,-704.5,2479.0,1,552.1,-691.7,2583.9,1,
