1,0.5183378458,-0.1067349911,0.8484886885,0.0067603746,0.9926602840,0.1207413077,-0.8551436663,-0.0568480976,0.5152555704,1,191.1,454.2,1636.7,1,0.5183378458,-0.1067349911,0.8484886885,0.0067603746,0.9926602840,0.1207413077,-0.8551436663,-0.0568480976,0.5152555704,1,211.6,262.9,1647.6,1,0.5197385550,-0.0840803236,0.8501775861,-0.0078271693,0.9946340919,0.1031518951,-0.8542839885,-0.0602659136,0.5162920952,1,227.4,76.1,1658.9,1,0.1026457846,0.1878553331,0.9768184423,0.7747395039,0.6008216143,-0.1969570816,-0.6238930225,0.7769966722,-0.0838671476,1,146.8,263.8,1754.2,1,0.9569253325,0.1878553331,0.2213689834,0.0663381964,0.6008215547,-0.7966257930,-0.2826536596,0.7769966125,0.5624794364,1,113.7,13.9,1955.5,1,-0.0000013113,1.0000001192,0.0000000000,-1.0000001192,-0.0000013113,0.0000000000,0.0000000000,-0.0000000000,1.0000000000,0,276.5,261.9,1541.1,1,0.0000197291,0.9999990463,0.0000000000,-0.9999990463,0.0000197291,0.0000000000,0.0000000000,-0.0000000000,1.0000000000,0,276.5,16.3,1541.1,0,0.9697085619,0.0734903812,0.2329471111,-0.1238148808,0.9699571133,0.2094116658,-0.2105589956,-0.2319106311,0.9496748447,0,198.4,-110.0,1743.9,0,0.9879690409,0.0000000000,0.1546519548,0.0000000000,1.0000000000,0.0000000000,-0.1546519548,0.0000000000,0.9879690409,0,170.8,-474.4,1831.0,0,0.9697085619,0.0734903812,0.2329471111,-0.1238148808,0.9699571133,0.2094116658,-0.2105589956,-0.2319106311,0.9496748447,1,288.0,-111.3,1596.6,1,0.9879690409,0.0000000000,0.1546519548,0.0000000000,1.0000000000,0.0000000000,-0.1546519548,0.0000000000,0.9879690409,0,260.4,-475.7,1683.7,1,-120.8,-2.3,2024.7,1,276.5,-229.4,1541.1,0,170.8,-835.6,1831.0,0,260.4,-836.9,1683.7,0,
2,0.5216711164,-0.1068024784,0.8464349508,0.0038826116,0.9924193621,0.1228300184,-0.8531323075,-0.0607898682,0.5181317329,1,190.5,454.7,1636.5,1,0.5216711164,-0.1068024784,0.8464349508,0.0038826116,0.9924193621,0.1228300184,-0.8531323075,-0.0607898682,0.5181317329,1,211.1,263.1,1648.3,1,0.5232409239,-0.0821857974,0.8482123017,-0.0126215490,0.9944813848,0.1041443869,-0.8520858288,-0.0651977509,0.5193166137,1,226.5,76.4,1660.5,1,0.1024203897,0.1843081117,0.9775176644,0.7729297876,0.6038364768,-0.1948361397,-0.6261705756,0.7755077481,-0.0806120560,1,145.8,264.7,1754.6,1,0.9643390775,0.1843080968,0.1899488270,0.0413895510,0.6038364172,-0.7960330248,-0.2614133060,0.7755076885,0.5746747255,1,112.7,14.6,1957.2,1,-0.0000013113,1.0000001192,0.0000000000,-1.0000001192,-0.0000013113,0.0000000000,0.0000000000,-0.0000000000,1.0000000000,0,276.4,261.5,1542.0,1,0.0000197291,0.9999990463,0.0000000000,-0.9999990463,0.0000197291,0.0000000000,0.0000000000,-0.0000000000,1.0000000000,0,276.4,15.9,1542.0,0,0.9704654217,0.0749192238,0.2293115556,-0.1247007698,0.9695003629,0.2109950185,-0.2065100372,-0.2333587110,0.9502090216,0,195.9,-109.2,1747.8,0,0.9886086583,0.0000000000,0.1505085379,0.0000000000,1.0000000000,0.0000000000,-0.1505085379,0.0000000000,0.9886086583,0,167.7,-473.4,1835.4,0,0.9704654217,0.0749192238,0.2293115556,-0.1247007698,0.9695003629,0.2109950185,-0.2065100372,-0.2333587110,0.9502090216,1,288.0,-111.5,1597.7,1,0.9886086583,0.0000000000,0.1505085379,0.0000000000,1.0000000000,0.0000000000,-0.1505085379,0.0000000000,0.9886086583,0,259.9,-475.7,1685.4,1,-123.8,4.4,2021.3,1,276.4,-229.7,1542.0,0,167.7,-834.7,1835.4,0,259.9,-836.9,1685.4,0,
3,0.5254487991,-0.1120300740,0.8434172273,0.0110816583,0.9921095371,0.1248770803,-0.8507475853,-0.0562694520,0.5225447416,1,189.6,454.7,1636.5,1,0.5254487991,-0.1120300740,0.8434172273,0.0110816583,0.9921095371,0.1248770803,-0.8507475853,-0.0562694520,0.5225447416,1,211.2,262.9,1647.3,1,0.5270856023,-0.0877927393,0.8452650309,-0.0051902090,0.9942975044,0.1065085903,-0.8497908711,-0.0605256669,0.5236247182,1,227.7,76.2,1658.7,1,0.0961815566,0.1851442605,0.9779932499,0.7750109434,0.6026142240,-0.1903002262,-0.6245855689,0.7762588859,-0.0855284482,1,145.5,263.6,1753.3,1,0.9647675753,0.1851442456,0.1869365871,0.0388015881,0.6026142836,-0.7970888019,-0.2602270544,0.7762588263,0.5741987228,1,114.2,11.8,1956.2,1,-0.0000013113,1.0000001192,0.0000000000,-1.0000001192,-0.0000013113,0.0000000000,0.0000000000,-0.0000000000,1.0000000000,0,277.0,262.3,1541.3,1,0.0000197291,0.9999990463,0.0000000000,-0.9999990463,0.0000197291,0.0000000000,0.0000000000,-0.0000000000,1.0000000000,0,277.0,16.7,1541.3,0,0.9718741179,0.0726753399,0.2240070105,-0.1201096326,0.9711455703,0.2060342133,-0.2025698125,-0.2271447331,0.9525601268,0,199.4,-110.0,1742.3,0,0.9892903566,0.0000000000,0.1459611207,0.0000000000,1.0000000000,0.0000000000,-0.1459611207,0.0000000000,0.9892903566,0,172.1,-474.9,1827.6,0,0.9718741179,0.0726753399,0.2240070105,-0.1201096326,0.9711455703,0.2060342133,-0.2025698125,-0.2271447331,0.9525601268,1,289.0,-110.9,1597.9,1,0.9892903566,0.0000000000,0.1459611207,0.0000000000,1.0000000000,0.0000000000,-0.1459611207,0.0000000000,0.9892903566,0,261.7,-475.7,1683.2,1,-122.6,2.3,2020.1,1,277.0,-229.0,1541.3,0,172.1,-836.1,1827.6,0,261.7,-837.0,1683.2,0,
4,0.5043772459,-0.1132360920,0.8560262918,0.0149382241,0.9923592210,0.1224689111,-0.8633487821,-0.0489824265,0.5022155046,1,191.0,454.4,1637.9,1,0.5043772459,-0.1132360920,0.8560262918,0.0149382241,0.9923592210,0.1224689111,-0.8633487821,-0.0489824265,0.5022155046,1,212.8,262.9,1647.4,1,0.5061602592,-0.0874048471,0.8579988480,-0.0027200864,0.9946837425,0.1029339135,-0.8624297380,-0.0544343255,0.5032321811,1,229.2,76.1,1657.6,1,0.1112559289,0.1964801252,0.9741754532,0.7764161229,0.5946919918,-0.2086133957,-0.6203226447,0.7795749903,-0.0863873214,1,149.7,263.2,1755.0,1,0.9656276107,0.1964801252,0.1701731980,0.0206302833,0.5946919322,-0.8036889434,-0.2591095269,0.7795749307,0.5701975226,1,113.6,11.4,1956.1,1,-0.0000013113,1.0000001192,0.0000000000,-1.0000001192,-0.0000013113,0.0000000000,0.0000000000,-0.0000000000,1.0000000000,0,275.9,262.5,1539.8,1,0.0000197291,0.9999990463,0.0000000000,-0.9999990463,0.0000197291,0.0000000000,0.0000000000,-0.0000000000,1.0000000000,0,275.9,16.9,1539.8,0,0.9652814865,0.0809163079,0.2483636737,-0.1333690137,0.9702090025,0.2022553086,-0.2245989293,-0.2283572853,0.9473164082,0,202.4,-110.4,1741.4,0,0.9858040810,0.0000000000,0.1678996533,0.0000000000,1.0000000000,0.0000000000,-0.1678996533,0.0000000000,0.9858040810,0,172.0,-474.9,1827.2,0,0.9652814865,0.0809163079,0.2483636737,-0.1333690137,0.9702090025,0.2022553086,-0.2245989293,-0.2283572853,0.9473164082,1,288.8,-110.9,1594.2,1,0.9858040810,0.0000000000,0.1678996533,0.0000000000,1.0000000000,0.0000000000,-0.1678996533,0.0000000000,0.9858040810,0,258.4,-475.4,1680.0,1,-123.5,6.3,2019.8,1,275.9,-228.7,1539.8,0,172.0,-836.1,1827.2,0,258.4,-836.6,1680.0,0,
5,0.5162030458,-0.1058256924,0.8499029875,0.0057216119,0.9927402139,0.1201362014,-0.8564417362,-0.0571512282,0.5130614638,1,191.2,454.8,1637.2,1,0.5162030458,-0.1058256924,0.8499029875,0.0057216119,0.9927402139,0.1201362014,-0.8564417362,-0.0571512282,0.5130614638,1,211.6,263.2,1648.2,1,0.5177670717,-0.0811439827,0.8516646624,-0.0109042432,0.9947842956,0.1014094055,-0.8554467559,-0.0617925972,0.5141822100,1,226.9,76.4,1659.8,1,0.1021536365,0.1706789434,0.9800170660,0.7760335803,0.6026857495,-0.1858543456,-0.6223636270,0.7795118690,-0.0708860606,1,147.1,264.5,1754.9,1,0.9686293602,0.1706789434,0.1806260198,0.0423963591,0.6026856899,-0.7968516350,-0.2448665053,0.7795117497,0.5765429139,1,113.8,11.5,1957.8,1,-0.0000013113,1.0000001192,0.0000000000,-1.0000001192,-0.0000013113,0.0000000000,0.0000000000,-0.0000000000,1.0000000000,0,276.2,261.8,1541.5,1,0.0000197291,0.9999990463,0.0000000000,-0.9999990463,0.0000197291,0.0000000000,0.0000000000,-0.0000000000,1.0000000000,0,276.2,16.2,1541.5,0,0.9687084556,0.0773600340,0.2358378768,-0.1295759678,0.9680477381,0.2146946043,-0.2116935104,-0.2385353893,0.9477798939,0,196.0,-109.4,1747.6,0,0.9877256751,0.0000000000,0.1561990976,0.0000000000,1.0000000000,0.0000000000,-0.1561990976,0.0000000000,0.9877256751,0,166.9,-473.1,1837.2,0,0.9687084556,0.0773600340,0.2358378768,-0.1295759678,0.9680477381,0.2146946043,-0.2116935104,-0.2385353893,0.9477798939,1,288.2,-111.4,1595.2,1,0.9877256751,0.0000000000,0.1561990976,0.0000000000,1.0000000000,0.0000000000,-0.1561990976,0.0000000000,0.9877256751,0,259.2,-475.0,1684.8,1,-124.0,1.1,2017.9,1,276.2,-229.4,1541.5,0,166.9,-834.3,1837.2,0,259.2,-836.3,1684.8,0,
6,0.5247204900,-0.1054349467,0.8447198868,0.0059189699,0.9927274585,0.1202322394,-0.8512486219,-0.0580878034,0.5215290189,1,191.4,455.4,1636.8,1,0.5247204900,-0.1054349467,0.8447198868,0.0059189699,0.9927274585,0.1202322394,-0.8512486219,-0.0580878034,0.5215290189,1,211.8,263.5,1648.0,1,0.5265097618,-0.0800444335,0.8463924527,-0.0132526895,0.9946635365,0.1023108661,-0.8500604033,-0.0650840178,0.5226396918,1,226.8,76.8,1660.2,1,0.0987760276,0.1808831096,0.9785319567,0.7771125436,0.6001895666,-0.1893901080,-0.6215620041,0.7791366577,-0.0812821910,1,146.1,265.2,1754.0,1,0.9632161856,0.1808830947,0.1987357587,0.0519720502,0.6001894474,-0.7981675863,-0.2636541426,0.7791366577,0.5687113404,1,113.9,11.7,1956.8,1,-0.0000013113,1.0000001192,0.0000000000,-1.0000001192,-0.0000013113,0.0000000000,0.0000000000,-0.0000000000,1.0000000000,0,277.5,261.9,1542.0,1,0.0000197291,0.9999990463,0.0000000000,-0.9999990463,0.0000197291,0.0000000000,0.0000000000,-0.0000000000,1.0000000000,0,277.5,16.3,1542.0,0,0.9715676308,0.0716462135,0.2256615758,-0.1192712635,0.9714500308,0.2050831467,-0.2045255005,-0.2261670679,0.9523748755,0,195.9,-108.8,1746.6,0,0.9889476299,0.0000000000,0.1482651234,0.0000000000,1.0000000000,0.0000000000,-0.1482651234,0.0000000000,0.9889476299,0,169.0,-473.8,1831.5,0,0.9715676308,0.0716462135,0.2256615758,-0.1192712635,0.9714500308,0.2050831467,-0.2045255005,-0.2261670679,0.9523748755,1,287.8,-111.1,1598.3,1,0.9889476299,0.0000000000,0.1482651234,0.0000000000,1.0000000000,0.0000000000,-0.1482651234,0.0000000000,0.9889476299,0,260.8,-476.1,1683.3,1,-122.6,-1.1,2021.5,1,277.5,-229.4,1542.0,0,169.0,-835.0,1831.5,0,260.8,-837.3,1683.3,0,
7,0.5030694604,-0.1130387336,0.8568215370,0.0082708783,0.9919931293,0.1260157526,-0.8642010093,-0.0563073903,0.4999769032,1,191.1,456.0,1636.6,1,0.5030694604,-0.1130387336,0.8568215370,0.0082708783,0.9919931293,0.1260157526,-0.8642010093,-0.0563073903,0.4999769032,1,213.0,264.3,1647.5,1,0.5049306154,-0.0866548270,0.8587990403,-0.0102414126,0.9942757487,0.1063463986,-0.8630937934,-0.0624922700,0.5011533499,1,229.2,77.6,1659.2,1,0.1118997857,0.2019280791,0.9729869366,0.7769995332,0.5926052332,-0.2123458534,-0.6194756627,0.7797718644,-0.0905856192,1,150.0,265.6,1755.1,1,0.9606901407,0.2019281089,0.1905244142,0.0350344181,0.5926052928,-0.8047308922,-0.2754034996,0.7797719240,0.5622355938,1,113.5,12.3,1957.1,1,-0.0000013113,1.0000001192,0.0000000000,-1.0000001192,-0.0000013113,0.0000000000,0.0000000000,-0.0000000000,1.0000000000,0,275.9,263.0,1539.8,1,0.0000197291,0.9999990463,0.0000000000,-0.9999990463,0.0000197291,0.0000000000,0.0000000000,-0.0000000000,1.0000000000,0,275.9,17.4,1539.8,0,0.9652672410,0.0770693570,0.2496387362,-0.1296634376,0.9708385468,0.2016432881,-0.2268183678,-0.2270086855,0.9471116066,0,202.5,-108.2,1744.4,0,0.9854721427,0.0000000000,0.1698374450,0.0000000000,1.0000000000,0.0000000000,-0.1698374450,0.0000000000,0.9854721427,0,173.6,-472.9,1829.7,0,0.9652672410,0.0770693570,0.2496387362,-0.1296634376,0.9708385468,0.2016432881,-0.2268183678,-0.2270086855,0.9471116066,1,288.5,-110.0,1597.5,1,0.9854721427,0.0000000000,0.1698374450,0.0000000000,1.0000000000,0.0000000000,-0.1698374450,0.0000000000,0.9854721427,0,259.5,-474.7,1682.8,1,-122.4,3.7,2024.7,1,275.9,-228.2,1539.8,0,173.6,-834.2,1829.7,0,259.5,-835.9,1682.8,0,
8,0.4935916066,-0.1135714129,0.8622462153,0.0087441904,0.9920341372,0.1256611347,-0.8696445227,-0.0544850379,0.4906533659,1,191.4,456.4,1636.5,1,0.4935916066,-0.1135714129,0.8622462153,0.0087441904,0.9920341372,0.1256611347,-0.8696445227,-0.0544850379,0.4906533659,1,213.3,264.9,1647.0,1,0.4952894449,-0.0870090574,0.8643595576,-0.0080710482,0.9944671988,0.1047311053,-0.8686851263,-0.0588479191,0.4918474555,1,229.7,78.1,1658.1,1,0.1135072783,0.1874502301,0.9756939411,0.7762559056,0.5962077379,-0.2048490644,-0.6201152205,0.7806400061,-0.0778354257,1,151.5,265.9,1755.4,1,0.9630760550,0.1874501854,0.1932535321,0.0448030569,0.5962076783,-0.8015790582,-0.2654754221,0.7806399465,0.5657950044,1,114.7,14.2,1956.4,1,-0.0000013113,1.0000001192,0.0000000000,-1.0000001192,-0.0000013113,0.0000000000,0.0000000000,-0.0000000000,1.0000000000,0,275.1,263.9,1538.7,1,0.0000197291,0.9999990463,0.0000000000,-0.9999990463,0.0000197291,0.0000000000,0.0000000000,-0.0000000000,1.0000000000,0,275.1,18.2,1538.7,0,0.9621230960,0.0801908150,0.2605544925,-0.1348963678,0.9705887437,0.1994002163,-0.2369011641,-0.2269954085,0.9446432590,0,203.5,-107.9,1743.6,0,0.9836872220,0.0000000000,0.1798871905,0.0000000000,1.0000000000,0.0000000000,-0.1798871905,0.0000000000,0.9836872220,0,173.4,-472.5,1828.9,0,0.9621230960,0.0801908150,0.2605544925,-0.1348963678,0.9705887437,0.1994002163,-0.2369011641,-0.2269954085,0.9446432590,1,288.5,-109.3,1594.6,1,0.9836872220,0.0000000000,0.1798871905,0.0000000000,1.0000000000,0.0000000000,-0.1798871905,0.0000000000,0.9836872220,0,258.3,-473.9,1679.9,1,-121.7,3.2,2021.6,1,275.1,-227.4,1538.7,0,173.4,-833.8,1828.9,0,258.3,-835.1,1679.9,0,
9,0.4880717397,-0.1152762324,0.8651571870,0.0062825056,0.9916772842,0.1285901666,-0.8727754951,-0.0573252887,0.4847344756,1,191.0,457.1,1636.9,1,0.4880717397,-0.1152762324,0.8651571870,0.0062825056,0.9916772842,0.1285901666,-0.8727754951,-0.0573252887,0.4847344756,1,213.2,265.7,1648.0,1,0.4895372689,-0.0878418311,0.8675463796,-0.0080476841,0.9944148064,0.1052289978,-0.8719398379,-0.0584946796,0.4860967994,1,229.7,79.0,1659.0,1,0.1193326488,0.1799192429,0.9764163494,0.7786373496,0.5932244658,-0.2044715583,-0.6160223484,0.7846743464,-0.0693008080,1,152.1,266.8,1756.8,1,0.9684556127,0.1799192429,0.1724028736,0.0329820849,0.5932244062,-0.8043612242,-0.2469936460,0.7846743464,0.5685774684,1,113.3,13.5,1957.1,1,-0.0000013113,1.0000001192,0.0000000000,-1.0000001192,-0.0000013113,0.0000000000,0.0000000000,-0.0000000000,1.0000000000,0,274.3,264.7,1539.2,1,0.0000197291,0.9999990463,0.0000000000,-0.9999990463,0.0000197291,0.0000000000,0.0000000000,-0.0000000000,1.0000000000,0,274.3,19.1,1539.2,0,0.9609785080,0.0743604079,0.2664409876,-0.1315887272,0.9701170921,0.2038561702,-0.2433201075,-0.2309620082,0.9420466423,0,203.6,-107.0,1745.8,0,0.9823560715,0.0000000000,0.1870203018,0.0000000000,1.0000000000,0.0000000000,-0.1870203018,0.0000000000,0.9823560715,0,175.7,-471.4,1832.6,0,0.9609785080,0.0743604079,0.2664409876,-0.1315887272,0.9701170921,0.2038561702,-0.2433201075,-0.2309620082,0.9420466423,1,288.8,-108.4,1594.1,1,0.9823560715,0.0000000000,0.1870203018,0.0000000000,1.0000000000,0.0000000000,-0.1870203018,0.0000000000,0.9823560715,0,260.9,-472.8,1680.9,1,-124.4,5.4,2017.8,1,274.3,-226.5,1539.2,0,175.7,-832.7,1832.6,0,260.9,-834.1,1680.9,0,
10,0.5084959865,-0.1116916910,0.8537894487,0.0071523003,0.9920644760,0.1255211681,-0.8610292673,-0.0577198528,0.5052601695,1,190.6,456.7,1637.2,1,0.5084959865,-0.1116916910,0.8537894487,0.0071523003,0.9920644760,0.1255211681,-0.8610292673,-0.0577198528,0.5052601695,1,212.1,265.5,1648.3,1,0.5099830031,-0.0845679045,0.8560171127,-0.0079007233,0.9946523309,0.1029711589,-0.8601428270,-0.0592761040,0.5065881014,1,228.0,78.7,1659.4,1,0.1062473580,0.1915397346,0.9757171869,0.7799234390,0.5926314592,-0.2012645304,-0.6167908311,0.7823685408,-0.0864208043,1,148.5,266.5,1755.6,1,0.9690723419,0.1915397495,0.1555994004,0.0121811489,0.5926313996,-0.8053816557,-0.2464756817,0.7823684812,0.5719696283,1,113.8,11.8,1957.0,1,-0.0000013113,1.0000001192,0.0000000000,-1.0000001192,-0.0000013113,0.0000000000,0.0000000000,-0.0000000000,1.0000000000,0,275.8,264.5,1541.0,1,0.0000197291,0.9999990463,0.0000000000,-0.9999990463,0.0000197291,0.0000000000,0.0000000000,-0.0000000000,1.0000000000,0,275.8,18.9,1541.0,0,0.9669808149,0.0736672133,0.2439697683,-0.1260253787,0.9702916145,0.2065233290,-0.2215078175,-0.2304504812,0.9475373030,0,199.3,-107.3,1745.8,0,0.9862036109,0.0000000000,0.1655372828,0.0000000000,1.0000000000,0.0000000000,-0.1655372828,0.0000000000,0.9862036109,0,171.6,-471.9,1832.4,0,0.9669808149,0.0736672133,0.2439697683,-0.1260253787,0.9702916145,0.2065233290,-0.2215078175,-0.2304504812,0.9475373030,1,288.5,-108.7,1595.3,1,0.9862036109,0.0000000000,0.1655372828,0.0000000000,1.0000000000,0.0000000000,-0.1655372828,0.0000000000,0.9862036109,0,260.8,-473.2,1681.9,1,-124.1,8.8,2017.6,1,275.8,-226.7,1541.0,0,171.6,-833.1,1832.4,0,260.8,-834.5,1681.9,0,
11,0.4933398068,-0.1118797436,0.8626114130,0.0015624921,0.9918054938,0.1277426779,-0.8698299527,-0.0616721176,0.4894724786,1,191.2,456.4,1637.3,1,0.4933398068,-0.1118797436,0.8626114130,0.0015624921,0.9918054938,0.1277426779,-0.8698299527,-0.0616721176,0.4894724786,1,212.8,265.1,1649.2,1,0.4947606325,-0.0846476704,0.8648967743,-0.0127974348,0.9944266677,0.1046457067,-0.8689297438,-0.0628424287,0.4909203947,1,228.7,78.4,1661.0,1,0.1133143231,0.2093852460,0.9712454081,0.7828866839,0.5830792785,-0.2170414031,-0.6117584109,0.7849689722,-0.0978536755,1,151.1,266.7,1757.6,1,0.9659649730,0.2093852609,0.1518861949,0.0013522911,0.5830793381,-0.8124141097,-0.2586692274,0.7849689722,0.5629510880,1,114.0,10.8,1957.6,1,-0.0000013113,1.0000001192,0.0000000000,-1.0000001192,-0.0000013113,0.0000000000,0.0000000000,-0.0000000000,1.0000000000,0,274.5,263.5,1540.8,1,0.0000197291,0.9999990463,0.0000000000,-0.9999990463,0.0000197291,0.0000000000,0.0000000000,-0.0000000000,1.0000000000,0,274.5,17.9,1540.8,0,0.9625115395,0.0736488029,0.2610507607,-0.1293763667,0.9705516100,0.2032029033,-0.2383975983,-0.2293589115,0.9436954856,0,201.3,-107.2,1748.8,0,0.9832995534,0.0000000000,0.1819943488,0.0000000000,1.0000000000,0.0000000000,-0.1819943488,0.0000000000,0.9832995534,0,173.6,-471.8,1834.9,0,0.9625115395,0.0736488029,0.2610507607,-0.1293763667,0.9705516100,0.2032029033,-0.2383975983,-0.2293589115,0.9436954856,1,287.8,-109.5,1596.8,1,0.9832995534,0.0000000000,0.1819943488,0.0000000000,1.0000000000,0.0000000000,-0.1819943488,0.0000000000,0.9832995534,0,260.2,-474.1,1682.9,1,-123.2,10.4,2021.1,1,274.5,-227.7,1540.8,0,173.6,-833.0,1834.9,0,260.2,-835.3,1682.9,0,
12,0.4861280620,-0.1142057925,0.8663927317,-0.0005630568,0.9913820028,0.1309977174,-0.8738821149,-0.0641688704,0.4818747938,1,190.6,454.8,1637.3,1,0.4861280620,-0.1142057925,0.8663927317,-0.0005630568,0.9913820028,0.1309977174,-0.8738821149,-0.0641688704,0.4818747938,1,212.6,263.7,1649.7,1,0.4876441956,-0.0860066488,0.8687955737,-0.0155990971,0.9941179156,0.1071687341,-0.8728978038,-0.0658120289,0.4834347367,1,228.8,77.0,1662.1,1,0.1161583290,0.1911544353,0.9746627212,0.7813276649,0.5882678032,-0.2084902972,-0.6132164598,0.7857488394,-0.0810220242,1,151.8,265.6,1758.6,1,0.9642087221,0.1911544353,0.1837431937,0.0373141952,0.5882677436,-0.8078050017,-0.2625056505,0.7857488394,0.5600801110,1,114.1,11.8,1957.8,1,-0.0000013113,1.0000001192,0.0000000000,-1.0000001192,-0.0000013113,0.0000000000,0.0000000000,-0.0000000000,1.0000000000,0,273.5,261.7,1540.8,1,0.0000197291,0.9999990463,0.0000000000,-0.9999990463,0.0000197291,0.0000000000,0.0000000000,-0.0000000000,1.0000000000,0,273.5,16.1,1540.8,0,0.9608443975,0.0682993531,0.2685391307,-0.1236419901,0.9729930162,0.1949284673,-0.2479732037,-0.2204986364,0.9433395863,0,202.4,-108.3,1750.6,0,0.9816305041,0.0000000000,0.1907919496,0.0000000000,1.0000000000,0.0000000000,-0.1907919496,0.0000000000,0.9816305041,0,176.7,-473.8,1833.4,0,0.9608443975,0.0682993531,0.2685391307,-0.1236419901,0.9729930162,0.1949284673,-0.2479732037,-0.2204986364,0.9433395863,1,287.5,-111.0,1598.2,1,0.9816305041,0.0000000000,0.1907919496,0.0000000000,1.0000000000,0.0000000000,-0.1907919496,0.0000000000,0.9816305041,0,261.8,-476.6,1681.1,1,-122.6,2.6,2022.3,1,273.5,-229.5,1540.8,0,176.7,-835.1,1833.4,0,261.8,-837.8,1681.1,0,
13,0.5051459074,-0.1094739810,0.8560624123,-0.0013385360,0.9918210506,0.1276249588,-0.8630276918,-0.0656144693,0.5008682013,1,190.5,454.7,1636.9,1,0.5051459074,-0.1094739810,0.8560624123,-0.0013385360,0.9918210506,0.1276249588,-0.8630276918,-0.0656144693,0.5008682013,1,211.7,263.2,1649.5,1,0.5065551996,-0.0834786594,0.8581566811,-0.0158444867,0.9942319989,0.1060685292,-0.8620567322,-0.0673259944,0.5023111105,1,227.3,76.5,1662.2,1,0.1079405248,0.1707463115,0.9793848991,0.7780590057,0.5987265110,-0.1901340783,-0.6188482046,0.7825424075,-0.0682238489,1,148.5,265.2,1757.1,1,0.9650275111,0.1707462668,0.1989156902,0.0587167218,0.5987262726,-0.7987985611,-0.2554879189,0.7825422287,0.5677617788,1,113.4,12.6,1957.9,1,-0.0000013113,1.0000001192,0.0000000000,-1.0000001192,-0.0000013113,0.0000000000,0.0000000000,-0.0000000000,1.0000000000,0,274.9,261.2,1542.0,1,0.0000197291,0.9999990463,0.0000000000,-0.9999990463,0.0000197291,0.0000000000,0.0000000000,-0.0000000000,1.0000000000,0,274.9,15.6,1542.0,0,0.9659839272,0.0731702968,0.2480348647,-0.1243306249,0.9724173546,0.1973485351,-0.2267533541,-0.2214738578,0.9484367967,0,198.8,-108.8,1750.1,0,0.9855371118,0.0000000000,0.1694596559,0.0000000000,1.0000000000,0.0000000000,-0.1694596559,0.0000000000,0.9855371118,0,171.3,-474.1,1833.3,0,0.9659839272,0.0731702968,0.2480348647,-0.1243306249,0.9724173546,0.1973485351,-0.2267533541,-0.2214738578,0.9484367967,1,287.2,-111.5,1599.5,1,0.9855371118,0.0000000000,0.1694596559,0.0000000000,1.0000000000,0.0000000000,-0.1694596559,0.0000000000,0.9855371118,0,259.8,-476.9,1682.8,1,-123.4,-1.8,2020.7,1,274.9,-230.0,1542.0,0,171.3,-835.3,1833.3,0,259.8,-838.1,1682.8,0,
14,0.5250062943,-0.1048795581,0.8446114063,0.0023390581,0.9925517440,0.1217962950,-0.8510898948,-0.0619676150,0.5213415623,1,190.7,454.0,1637.1,1,0.5250062943,-0.1048795581,0.8446114063,0.0023390581,0.9925517440,0.1217962950,-0.8510898948,-0.0619676150,0.5213415623,1,210.9,262.7,1649.1,1,0.5262486935,-0.0845301226,0.8461186290,-0.0106934104,0.9943095446,0.1059859097,-0.8502582908,-0.0648222417,0.5223504901,1,226.7,76.0,1661.3,1,0.0982664153,0.1844559908,0.9779160023,0.7743917704,0.6030122042,-0.1915562153,-0.6250289679,0.7761136889,-0.0835853517,1,145.2,264.1,1755.1,1,0.9683359265,0.1844559461,0.1682301462,0.0236635767,0.6030121446,-0.7973809242,-0.2485264689,0.7761135101,0.5795535445,1,113.2,11.8,1958.7,1,-0.0000013113,1.0000001192,0.0000000000,-1.0000001192,-0.0000013113,0.0000000000,0.0000000000,-0.0000000000,1.0000000000,0,276.5,261.4,1543.0,1,0.0000197291,0.9999990463,0.0000000000,-0.9999990463,0.0000197291,0.0000000000,0.0000000000,-0.0000000000,1.0000000000,0,276.5,15.8,1543.0,0,0.9714886546,0.0731634349,0.2255148590,-0.1191451177,0.9730178714,0.1975869536,-0.2049738467,-0.2188224643,0.9539929628,0,197.3,-109.8,1746.7,0,0.9890403152,0.0000000000,0.1476455480,0.0000000000,1.0000000000,0.0000000000,-0.1476455480,0.0000000000,0.9890403152,0,169.8,-475.3,1828.9,0,0.9714886546,0.0731634349,0.2255148590,-0.1191451177,0.9730178714,0.1975869536,-0.2049738467,-0.2188224643,0.9539929628,1,288.0,-111.6,1600.2,1,0.9890403152,0.0000000000,0.1476455480,0.0000000000,1.0000000000,0.0000000000,-0.1476455480,0.0000000000,0.9890403152,0,260.5,-477.1,1682.4,1,-124.4,6.0,2019.7,1,276.5,-229.9,1543.0,0,169.8,-836.5,1828.9,0,260.5,-838.4,1682.4,0,
15,0.5061984658,-0.1122761294,0.8550771475,0.0054889889,0.9918881059,0.1269908845,-0.8623944521,-0.0595884807,0.5027087927,1,190.6,453.7,1636.8,1,0.5061984658,-0.1122761294,0.8550771475,0.0054889889,0.9918881059,0.1269908845,-0.8623944521,-0.0595884807,0.5027087927,1,212.2,262.8,1648.2,1,0.5078043342,-0.0865199119,0.8571165800,-0.0105552208,0.9942436218,0.1066156104,-0.8614026308,-0.0631863400,0.5039683580,1,228.5,76.1,1660.1,1,0.1054502428,0.1768711507,0.9785688519,0.7762142420,0.6004666090,-0.1921757460,-0.6215881705,0.7798440456,-0.0739705414,1,148.9,264.1,1755.7,1,0.9713671803,0.1768711209,0.1586263776,0.0212028902,0.6004664302,-0.7993687391,-0.2366350889,0.7798438668,0.5795232654,1,114.4,9.7,1959.4,1,-0.0000013113,1.0000001192,0.0000000000,-1.0000001192,-0.0000013113,0.0000000000,0.0000000000,-0.0000000000,1.0000000000,0,275.6,261.5,1540.8,1,0.0000197291,0.9999990463,0.0000000000,-0.9999990463,0.0000197291,0.0000000000,0.0000000000,-0.0000000000,1.0000000000,0,275.6,15.8,1540.8,0,0.9665123224,0.0723422319,0.2462128550,-0.1217796281,0.9738261104,0.1919182688,-0.2258846760,-0.2154750973,0.9500246048,0,201.3,-109.7,1745.6,0,0.9857519865,0.0000000000,0.1682057083,0.0000000000,1.0000000000,0.0000000000,-0.1682057083,0.0000000000,0.9857519865,0,174.2,-475.5,1826.5,0,0.9665123224,0.0723422319,0.2462128550,-0.1217796281,0.9738261104,0.1919182688,-0.2258846760,-0.2154750973,0.9500246048,1,288.1,-111.5,1598.3,1,0.9857519865,0.0000000000,0.1682057083,0.0000000000,1.0000000000,0.0000000000,-0.1682057083,0.0000000000,0.9857519865,0,261.0,-477.4,1679.3,1,-124.1,4.5,2017.5,1,275.6,-229.8,1540.8,0,174.2,-836.8,1826.5,0,261.0,-838.6,1679.3,0,
16,0.5197831392,-0.1080200300,0.8474414349,0.0051750024,0.9923531413,0.1233174279,-0.8542774320,-0.0597122088,0.5163676739,1,190.5,453.1,1636.6,1,0.5197831392,-0.1080200300,0.8474414349,0.0051750024,0.9923531413,0.1233174279,-0.8542774320,-0.0597122088,0.5163676739,1,211.3,262.2,1648.1,1,0.5211569667,-0.0861034989,0.8491061926,-0.0088852821,0.9942958355,0.1062801406,-0.8534094691,-0.0629326031,0.5174194574,1,227.5,75.5,1659.9,1,0.0991174504,0.1983001232,0.9751168489,0.7745786309,0.5997872949,-0.2007063925,-0.6246627569,0.7751982212,-0.0941496640,1,146.3,263.3,1754.5,1,0.9689750671,0.1983001232,0.1475272477,-0.0009212424,0.5997872949,-0.8001589775,-0.2471565753,0.7751982212,0.5813617110,1,113.8,9.6,1959.1,1,-0.0000013113,1.0000001192,0.0000000000,-1.0000001192,-0.0000013113,0.0000000000,0.0000000000,-0.0000000000,1.0000000000,0,276.3,261.0,1541.6,1,0.0000197291,0.9999990463,0.0000000000,-0.9999990463,0.0000197291,0.0000000000,0.0000000000,-0.0000000000,1.0000000000,0,276.3,15.4,1541.6,0,0.9695569873,0.0797672644,0.2315091044,-0.1277557760,0.9713580608,0.2003545910,-0.2088965178,-0.2238318324,0.9519777298,0,198.4,-110.5,1745.8,0,0.9884438515,0.0000000000,0.1515872926,0.0000000000,1.0000000000,0.0000000000,-0.1515872926,0.0000000000,0.9884438515,0,168.4,-475.4,1829.9,0,0.9695569873,0.0797672644,0.2315091044,-0.1277557760,0.9713580608,0.2003545910,-0.2088965178,-0.2238318324,0.9519777298,1,288.9,-112.0,1597.6,1,0.9884438515,0.0000000000,0.1515872926,0.0000000000,1.0000000000,0.0000000000,-0.1515872926,0.0000000000,0.9884438515,0,258.9,-476.9,1681.7,1,-124.0,9.8,2019.8,1,276.3,-230.2,1541.6,0,168.4,-836.6,1829.9,0,258.9,-838.2,1681.7,0,
17,0.5328930020,-0.1073125973,0.8393502235,0.0000102768,0.9919258356,0.1268133670,-0.8461775780,-0.0675687268,0.5285916924,1,190.2,453.3,1633.0,1,0.5328930020,-0.1073125973,0.8393502235,0.0000102768,0.9919258356,0.1268133670,-0.8461775780,-0.0675687268,0.5285916924,1,211.0,261.3,1646.1,1,0.5340446234,-0.0876623243,0.8408991098,-0.0117190918,0.9937462211,0.1110392064,-0.8453699350,-0.0691538751,0.5296778083,1,227.4,74.7,1659.1,1,0.0919288173,0.1888821572,0.9776874781,0.7713766694,0.6073926687,-0.1898739934,-0.6297039390,0.7716201544,-0.0898623988,1,144.3,262.8,1751.5,1,0.9670174718,0.1888821423,0.1708820611,0.0216881037,0.6073926687,-0.7941057086,-0.2537848651,0.7716202140,0.5832628608,1,114.2,9.7,1958.1,1,-0.0000013113,1.0000001192,0.0000000000,-1.0000001192,-0.0000013113,0.0000000000,0.0000000000,-0.0000000000,1.0000000000,0,277.6,259.8,1540.6,1,0.0000197291,0.9999990463,0.0000000000,-0.9999990463,0.0000197291,0.0000000000,0.0000000000,-0.0000000000,1.0000000000,0,277.6,14.2,1540.6,0,0.9729426503,0.0805437714,0.2165532857,-0.1256833822,0.9709658027,0.2035410255,-0.1938718855,-0.2252508998,0.9548171759,0,197.5,-110.9,1745.4,0,0.9906913638,0.0000000000,0.1361268461,0.0000000000,1.0000000000,0.0000000000,-0.1361268461,0.0000000000,0.9906913638,0,167.3,-475.6,1830.0,0,0.9729426503,0.0805437714,0.2165532857,-0.1256833822,0.9709658027,0.2035410255,-0.1938718855,-0.2252508998,0.9548171759,1,290.2,-112.9,1598.7,1,0.9906913638,0.0000000000,0.1361268461,0.0000000000,1.0000000000,0.0000000000,-0.1361268461,0.0000000000,0.9906913638,0,259.9,-477.7,1683.3,1,-123.2,4.4,2020.4,1,277.6,-231.4,1540.6,0,167.3,-836.9,1830.0,0,259.9,-838.9,1683.3,0,
18,0.5082238317,-0.1141458377,0.8536268473,0.0058581331,0.9916123152,0.1291094869,-0.8612000346,-0.0606152788,0.5046300888,1,190.4,453.6,1634.7,1,0.5082238317,-0.1141458377,0.8536268473,0.0058581331,0.9916123152,0.1291094869,-0.8612000346,-0.0606152788,0.5046300888,1,212.5,261.7,1646.4,1,0.5098851919,-0.0891240612,0.8556129932,-0.0103703560,0.9939088821,0.1097096726,-0.8601748347,-0.0648117885,0.5058555603,1,229.2,75.1,1658.6,1,0.1073260307,0.1860471368,0.9766615033,0.7751933336,0.5994371176,-0.1993751079,-0.6225402951,0.7784996033,-0.0798872933,1,148.9,263.0,1753.7,1,0.9648415446,0.1860471368,0.1856532842,0.0382524841,0.5994370580,-0.7995073199,-0.2600334883,0.7784996033,0.5712450743,1,113.9,10.4,1956.6,1,-0.0000013113,1.0000001192,0.0000000000,-1.0000001192,-0.0000013113,0.0000000000,0.0000000000,-0.0000000000,1.0000000000,0,276.1,260.4,1539.2,1,0.0000197291,0.9999990463,0.0000000000,-0.9999990463,0.0000197291,0.0000000000,0.0000000000,-0.0000000000,1.0000000000,0,276.1,14.8,1539.2,0,0.9658886790,0.0859280601,0.2442858666,-0.1356354058,0.9714640975,0.1945780963,-0.2205952555,-0.2210745662,0.9499810338,0,202.3,-110.6,1744.4,0,0.9867525697,0.0000000000,0.1622322053,0.0000000000,1.0000000000,0.0000000000,-0.1622322053,0.0000000000,0.9867525697,0,170.0,-475.6,1827.4,0,0.9658886790,0.0859280601,0.2442858666,-0.1356354058,0.9714640975,0.1945780963,-0.2205952555,-0.2210745662,0.9499810338,1,289.6,-112.4,1597.2,1,0.9867525697,0.0000000000,0.1622322053,0.0000000000,1.0000000000,0.0000000000,-0.1622322053,0.0000000000,0.9867525697,0,257.3,-477.4,1680.2,1,-123.0,1.0,2020.4,1,276.1,-230.8,1539.2,0,170.0,-836.8,1827.4,0,257.3,-838.6,1680.2,0,
19,0.4981055856,-0.1206227392,0.8586853743,0.0114883706,0.9911075830,0.1325605810,-0.8670352697,-0.0561637320,0.4950624108,1,189.2,453.8,1636.0,1,0.4981055856,-0.1206227392,0.8586853743,0.0114883706,0.9911075830,0.1325605810,-0.8670352697,-0.0561637320,0.4950624108,1,212.5,261.9,1646.9,1,0.4999352396,-0.0925797820,0.8611000776,-0.0055467030,0.9939066768,0.1100787073,-0.8660399914,-0.0598079599,0.4963758886,1,229.9,75.3,1658.1,1,0.1132752076,0.1603447050,0.9805397987,0.7720664740,0.6069608331,-0.1884461343,-0.6253655553,0.7783882022,-0.0550431684,1,150.2,262.6,1754.9,1,0.9672489762,0.1603447199,0.1967714429,0.0605867207,0.6069608927,-0.7924190164,-0.2464927286,0.7783882618,0.5773675442,1,113.4,12.1,1957.8,1,-0.0000013113,1.0000001192,0.0000000000,-1.0000001192,-0.0000013113,0.0000000000,0.0000000000,-0.0000000000,1.0000000000,0,274.9,261.2,1538.9,1,0.0000197291,0.9999990463,0.0000000000,-0.9999990463,0.0000197291,0.0000000000,0.0000000000,-0.0000000000,1.0000000000,0,274.9,15.6,1538.9,0,0.9634246826,0.0830007493,0.2548017502,-0.1365532279,0.9701743126,0.2002872527,-0.2305781245,-0.2277556509,0.9460238218,0,204.5,-110.9,1743.6,0,0.9848999977,0.0000000000,0.1731242537,0.0000000000,1.0000000000,0.0000000000,-0.1731242537,0.0000000000,0.9848999977,0,173.3,-475.3,1829.2,0,0.9634246826,0.0830007493,0.2548017502,-0.1365532279,0.9701743126,0.2002872527,-0.2305781245,-0.2277556509,0.9460238218,1,290.2,-111.8,1595.1,1,0.9848999977,0.0000000000,0.1731242537,0.0000000000,1.0000000000,0.0000000000,-0.1731242537,0.0000000000,0.9848999977,0,259.0,-476.3,1680.7,1,-124.0,-2.7,2018.3,1,274.9,-230.1,1538.9,0,173.3,-836.6,1829.2,0,259.0,-837.5,1680.7,0,
20,0.4922071099,-0.1206159145,0.8620808721,0.0124087222,0.9912244678,0.1316001117,-0.8703846335,-0.0540766492,0.4893849492,1,190.2,452.9,1637.2,1,0.4922071099,-0.1206159145,0.8620808721,0.0124087222,0.9912244678,0.1316001117,-0.8703846335,-0.0540766492,0.4893849492,1,213.5,261.5,1647.7,1,0.4939818382,-0.0941861123,0.8643555045,-0.0039921021,0.9938585162,0.1105792969,-0.8694580197,-0.0580742359,0.4905725420,1,231.2,74.9,1658.6,1,0.1195556968,0.1622105241,0.9794867039,0.7711569071,0.6062008739,-0.1945185959,-0.6253186464,0.7785937786,-0.0526150018,1,151.9,262.0,1756.1,1,0.9643201232,0.1622105390,0.2092232853,0.0699158683,0.6062009335,-0.7922325134,-0.2553397715,0.7785937786,0.5732306838,1,113.3,12.9,1958.1,1,-0.0000013113,1.0000001192,0.0000000000,-1.0000001192,-0.0000013113,0.0000000000,0.0000000000,-0.0000000000,1.0000000000,0,275.1,261.0,1539.2,1,0.0000197291,0.9999990463,0.0000000000,-0.9999990463,0.0000197291,0.0000000000,0.0000000000,-0.0000000000,1.0000000000,0,275.1,15.4,1539.2,0,0.9617365599,0.0828325823,0.2611542642,-0.1399604231,0.9679772258,0.2084016651,-0.2355289310,-0.2369787991,0.9425322413,0,206.3,-111.4,1744.5,0,0.9838602543,0.0000000000,0.1789383441,0.0000000000,1.0000000000,0.0000000000,-0.1789383441,0.0000000000,0.9838602543,0,175.1,-475.0,1833.5,0,0.9617365599,0.0828325823,0.2611542642,-0.1399604231,0.9679772258,0.2084016651,-0.2355289310,-0.2369787991,0.9425322413,1,291.5,-112.1,1594.4,1,0.9838602543,0.0000000000,0.1789383441,0.0000000000,1.0000000000,0.0000000000,-0.1789383441,0.0000000000,0.9838602543,0,260.4,-475.7,1683.4,1,-123.5,-4.3,2020.8,1,275.1,-230.3,1539.2,0,175.1,-836.3,1833.5,0,260.4,-837.0,1683.4,0,
21,0.5136739016,-0.1165404245,0.8500335217,0.0032020370,0.9909847975,0.1339301914,-0.8579745293,-0.0660740137,0.5094165802,1,188.7,452.3,1633.8,1,0.5136739016,-0.1165404245,0.8500335217,0.0032020370,0.9909847975,0.1339301914,-0.8579745293,-0.0660740137,0.5094165802,1,211.3,259.9,1646.6,1,0.5152626038,-0.0917946100,0.8521019816,-0.0119306305,0.9933819771,0.1142288819,-0.8569442630,-0.0690234154,0.5107578635,1,228.6,73.4,1659.6,1,0.1070117801,0.1745174229,0.9788218737,0.7672805190,0.6116035581,-0.1929294169,-0.6323204041,0.7716767192,-0.0684550256,1,147.1,261.4,1753.5,1,0.9646918178,0.1745174080,0.1972644925,0.0508049130,0.6116034389,-0.7895315886,-0.2584346235,0.7716766596,0.5811425447,1,112.5,13.4,1957.9,1,-0.0000013113,1.0000001192,0.0000000000,-1.0000001192,-0.0000013113,0.0000000000,0.0000000000,-0.0000000000,1.0000000000,0,275.6,258.5,1539.8,1,0.0000197291,0.9999990463,0.0000000000,-0.9999990463,0.0000197291,0.0000000000,0.0000000000,-0.0000000000,1.0000000000,0,275.6,12.8,1539.8,0,0.9672445655,0.0883776769,0.2379647642,-0.1405454874,0.9670882225,0.2121022791,-0.2113878131,-0.2385996878,0.9478319287,0,200.1,-112.0,1748.6,0,0.9880689979,0.0000000000,0.1540119499,0.0000000000,1.0000000000,0.0000000000,-0.1540119499,0.0000000000,0.9880689979,0,166.9,-475.3,1838.3,0,0.9672445655,0.0883776769,0.2379647642,-0.1405454874,0.9670882225,0.2121022791,-0.2113878131,-0.2385996878,0.9478319287,1,291.5,-114.2,1596.5,1,0.9880689979,0.0000000000,0.1540119499,0.0000000000,1.0000000000,0.0000000000,-0.1540119499,0.0000000000,0.9880689979,0,258.3,-477.5,1686.1,1,-124.4,0.9,2021.4,1,275.6,-232.8,1539.8,0,166.9,-836.6,1838.3,0,258.3,-838.7,1686.1,0,
22,0.5294396877,-0.1125704497,0.8408454657,0.0064197117,0.9916594625,0.1287191212,-0.8483182788,-0.0627504364,0.5257470012,1,189.1,453.1,1635.1,1,0.5294396877,-0.1125704497,0.8408454657,0.0064197117,0.9916594625,0.1287191212,-0.8483182788,-0.0627504364,0.5257470012,1,211.0,260.3,1647.3,1,0.5311119556,-0.0862888470,0.8428961635,-0.0102782799,0.9940706491,0.1082414165,-0.8472343087,-0.0661512539,0.5270763040,1,227.2,73.6,1659.7,1,0.0962075442,0.1848247051,0.9780511260,0.7704730630,0.6082692146,-0.1907349229,-0.6301708817,0.7719121575,-0.0838823691,1,144.7,261.6,1753.0,1,0.9630578160,0.1848246902,0.1958555430,0.0444310308,0.6082691550,-0.7924862504,-0.2656039298,0.7719120979,0.5775864720,1,113.5,11.5,1957.5,1,-0.0000013113,1.0000001192,0.0000000000,-1.0000001192,-0.0000013113,0.0000000000,0.0000000000,-0.0000000000,1.0000000000,0,277.2,259.0,1541.6,1,0.0000197291,0.9999990463,0.0000000000,-0.9999990463,0.0000197291,0.0000000000,0.0000000000,-0.0000000000,1.0000000000,0,277.2,13.4,1541.6,0,0.9717448354,0.0845916346,0.2203549445,-0.1315480024,0.9692347050,0.2080368102,-0.1959774941,-0.2311459631,0.9529765844,0,197.1,-112.1,1745.9,0,0.9902938008,0.0000000000,0.1389900446,0.0000000000,1.0000000000,0.0000000000,-0.1389900446,0.0000000000,0.9902938008,0,165.3,-476.2,1832.8,0,0.9717448354,0.0845916346,0.2203549445,-0.1315480024,0.9692347050,0.2080368102,-0.1959774941,-0.2311459631,0.9529765844,1,289.6,-113.9,1598.3,1,0.9902938008,0.0000000000,0.1389900446,0.0000000000,1.0000000000,0.0000000000,-0.1389900446,0.0000000000,0.9902938008,0,257.9,-478.0,1685.2,1,-123.0,0.6,2022.8,1,277.2,-232.3,1541.6,0,165.3,-837.5,1832.8,0,257.9,-839.2,1685.2,0,
23,0.5096387863,-0.1140634865,0.8527938128,0.0096976031,0.9918709993,0.1268702298,-0.8603287935,-0.0563873611,0.5066025853,1,190.2,453.1,1636.7,1,0.5096387863,-0.1140634865,0.8527938128,0.0096976031,0.9918709993,0.1268702298,-0.8603287935,-0.0563873611,0.5066025853,1,212.2,261.7,1647.6,1,0.5113814473,-0.0879158080,0.8548446298,-0.0074388734,0.9942620993,0.1067043021,-0.8593165874,-0.0609251261,0.5077936649,1,228.7,75.0,1659.1,1,0.1084653661,0.1902815402,0.9757193327,0.7721053362,0.6021142006,-0.2032530308,-0.6261697412,0.7754040360,-0.0816088691,1,148.4,262.6,1754.8,1,0.9594768882,0.1902815551,0.2078393102,0.0531556383,0.6021142602,-0.7966384888,-0.2767286599,0.7754040360,0.5676000714,1,113.2,11.7,1958.3,1,-0.0000013113,1.0000001192,0.0000000000,-1.0000001192,-0.0000013113,0.0000000000,0.0000000000,-0.0000000000,1.0000000000,0,276.0,260.7,1540.5,1,0.0000197291,0.9999990463,0.0000000000,-0.9999990463,0.0000197291,0.0000000000,0.0000000000,-0.0000000000,1.0000000000,0,276.0,15.1,1540.5,0,0.9666721821,0.0820470303,0.2425140291,-0.1319902837,0.9713798165,0.1974834800,-0.2193703204,-0.2229112983,0.9498354197,0,201.5,-111.1,1744.0,0,0.9867988229,0.0000000000,0.1619506031,0.0000000000,1.0000000000,0.0000000000,-0.1619506031,0.0000000000,0.9867988229,0,170.7,-476.0,1827.7,0,0.9666721821,0.0820470303,0.2425140291,-0.1319902837,0.9713798165,0.1974834800,-0.2193703204,-0.2229112983,0.9498354197,1,288.9,-112.3,1597.1,1,0.9867988229,0.0000000000,0.1619506031,0.0000000000,1.0000000000,0.0000000000,-0.1619506031,0.0000000000,0.9867988229,0,258.1,-477.3,1680.8,1,-122.4,-1.3,2026.2,1,276.0,-230.5,1540.5,0,170.7,-837.2,1827.7,0,258.1,-838.5,1680.8,0,
24,0.4967378378,-0.1181995645,0.8598139286,0.0082710227,0.9912815690,0.1314943731,-0.8678562045,-0.0582061224,0.4933851659,1,189.7,455.1,1636.6,1,0.4967378378,-0.1181995645,0.8598139286,0.0082710227,0.9912815690,0.1314943731,-0.8678562045,-0.0582061224,0.4933851659,1,212.5,263.8,1647.8,1,0.4984182715,-0.0911329165,0.8621331453,-0.0076660621,0.9939564466,0.1094995514,-0.8668977618,-0.0611851960,0.4947079420,1,229.6,77.1,1659.3,1,0.1142552793,0.1799759865,0.9770129919,0.7760355473,0.5978425741,-0.2008810937,-0.6202537417,0.7811485529,-0.0713610798,1,150.3,264.7,1755.9,1,0.9607802629,0.1799759567,0.2109738290,0.0634807795,0.5978425741,-0.7990961075,-0.2699472010,0.7811485529,0.5629702806,1,113.2,12.4,1957.6,1,-0.0000013113,1.0000001192,0.0000000000,-1.0000001192,-0.0000013113,0.0000000000,0.0000000000,-0.0000000000,1.0000000000,0,274.6,262.8,1539.7,1,0.0000197291,0.9999990463,0.0000000000,-0.9999990463,0.0000197291,0.0000000000,0.0000000000,-0.0000000000,1.0000000000,0,274.6,17.2,1539.7,0,0.9630870223,0.0814635456,0.2565682530,-0.1372333318,0.9685366750,0.2076141834,-0.2315827757,-0.2351602018,0.9439646006,0,203.6,-108.8,1745.7,0,0.9845733047,0.0000000000,0.1749728620,0.0000000000,1.0000000000,0.0000000000,-0.1749728620,0.0000000000,0.9845733047,0,173.0,-472.7,1834.0,0,0.9630870223,0.0814635456,0.2565682530,-0.1372333318,0.9685366750,0.2076141834,-0.2315827757,-0.2351602018,0.9439646006,1,289.8,-110.2,1595.9,1,0.9845733047,0.0000000000,0.1749728620,0.0000000000,1.0000000000,0.0000000000,-0.1749728620,0.0000000000,0.9845733047,0,259.2,-474.0,1684.2,1,-122.8,-3.2,2023.9,1,274.6,-228.5,1539.7,0,173.0,-833.9,1834.0,0,259.2,-835.2,1684.2,0,
