1,0.6991689801,-0.0999070033,0.7079415917,0.0356920883,0.9938311577,0.1050028205,-0.7140640616,-0.0481468812,0.6984225512,1,250.5,451.3,1544.2,1,0.6991689801,-0.0999070033,0.7079415917,0.0356920883,0.9938311577,0.1050028205,-0.7140640616,-0.0481468812,0.6984225512,1,270.7,251.0,1553.9,1,0.7008085251,-0.1040894315,0.7057143450,0.0197338797,0.9917471409,0.1266811788,-0.7130755186,-0.0748528466,0.6970796585,1,291.6,51.4,1569.0,1,-0.0996427089,-0.6310562491,0.7693110108,0.8025589585,0.4060697258,0.4370429814,-0.5881925821,0.6609656215,0.4659979343,1,174.6,248.3,1651.7,1,0.3523625135,-0.6310563087,0.6910924315,0.9091246724,0.4060697258,-0.0927352235,-0.2221105546,0.6609655619,0.7167925239,1,201.5,31.3,1810.8,1,0.3670521080,-0.1419348568,0.9193081260,-0.9298051596,-0.0271752309,0.3670476377,-0.0271144379,-0.9895030856,-0.1419464797,1,366.8,253.7,1456.1,1,-0.1164381355,-0.1457892954,0.9824395180,-0.9903704524,-0.0575434491,-0.1259172410,0.0748903602,-0.9876406193,-0.1376851499,1,465.0,5.0,1448.9,1,0.6870322824,0.0289212074,0.7260510921,-0.3341727555,0.8998451233,0.2803699076,-0.6452249289,-0.4352496564,0.6278873682,1,247.5,-150.0,1650.3,1,0.7287140489,0.0000000000,0.6848181486,-0.0000002160,1.0000000000,0.0000002298,-0.6848181486,-0.0000003154,0.7287140489,0,235.8,-512.2,1825.5,1,0.7053962350,0.0449150950,0.7073888183,-0.3361458778,0.8998253345,0.2780652940,-0.6240370870,-0.4339320064,0.6498314142,1,377.7,-146.4,1517.8,1,0.7487364411,0.0000000000,0.6628678441,0.0000000000,1.0000000000,0.0000000000,-0.6628678441,0.0000000000,0.7487364411,0,359.6,-508.5,1692.5,1,108.8,-207.9,1869.2,1,434.3,-255.6,1468.6,1,235.8,-899.2,1825.5,0,359.6,-895.6,1692.5,0,
2,0.7035388350,-0.1035645381,0.7030699849,0.0307513233,0.9928341508,0.1154759154,-0.7099902034,-0.0596215129,0.7016828060,1,251.1,447.8,1540.2,1,0.7035388350,-0.1035645381,0.7030699849,0.0307513233,0.9928341508,0.1154759154,-0.7099902034,-0.0596215129,0.7016828060,1,272.0,247.6,1552.2,1,0.7052906752,-0.1028545946,0.7014170289,0.0139124002,0.9912365675,0.1313640177,-0.7087807059,-0.0828914940,0.7005416155,1,292.7,48.2,1568.9,1,-0.0741502643,-0.6929512024,0.7171613574,0.7947533131,0.3933342397,0.4622287452,-0.6023860574,0.6042407751,0.5215594172,1,175.2,245.7,1649.4,1,0.3270291388,-0.6929512024,0.6425500512,0.9183788300,0.3933342099,-0.0432265252,-0.2227830589,0.6042406559,0.7650234699,1,195.3,31.3,1812.0,1,0.3662124574,-0.1374521255,0.9203235507,-0.9302575588,-0.0300894640,0.3656714261,-0.0225702692,-0.9900513887,-0.1388849914,1,368.7,249.5,1455.0,1,-0.1053649560,-0.1405111253,0.9844567180,-0.9918550849,-0.0563952550,-0.1142060831,0.0715659037,-0.9884717464,-0.1334245950,1,463.7,8.2,1449.2,1,0.6905593872,0.0322581753,0.7225560546,-0.3465814292,0.8916000128,0.2914288342,-0.6348299980,-0.4516733587,0.6268827915,1,247.9,-152.6,1651.4,1,0.7359601259,0.0000000000,0.6770249009,0.0000000000,1.0000000000,0.0000000000,-0.6770249009,0.0000000000,0.7359601259,0,234.9,-511.5,1833.2,1,0.7097941041,0.0312314164,0.7037165761,-0.3243762553,0.9012817144,0.2871781886,-0.6252778769,-0.4321063161,0.6498551965,1,378.9,-150.0,1519.8,1,0.7501186728,0.0000000000,0.6613032818,0.0000000000,1.0000000000,0.0000000000,-0.6613032818,0.0000000000,0.7501186728,0,366.3,-512.8,1693.7,1,109.2,-210.3,1870.6,1,436.0,-252.8,1468.0,1,234.9,-898.5,1833.2,0,366.3,-899.8,1693.7,0,
3,0.6969569325,-0.0983903706,0.7103312612,0.0295111313,0.9936389327,0.1086767688,-0.7165046334,-0.0547804087,0.6954278350,1,251.6,448.3,1543.7,1,0.6969569325,-0.0983903706,0.7103312612,0.0295111313,0.9936389327,0.1086767688,-0.7165046334,-0.0547804087,0.6954278350,1,271.4,248.0,1554.7,1,0.6990785003,-0.0964816287,0.7085058689,0.0078947144,0.9918360114,0.1272748262,-0.7150003910,-0.0833817050,0.6941336393,1,290.8,48.4,1571.5,1,-0.0656508952,-0.7058509588,0.7053115964,0.8035396934,0.3816854358,0.4567714334,-0.5916196108,0.5967333317,0.5421213508,1,175.5,246.9,1652.8,1,0.3139770329,-0.7058509588,0.6349746585,0.9237219095,0.3816854060,-0.0324650295,-0.2194450945,0.5967332721,0.7718505263,1,193.2,30.4,1812.2,1,0.3690042198,-0.1467125714,0.9177752733,-0.9290391207,-0.0296735950,0.3687895536,-0.0268723704,-0.9887340665,-0.1472514123,1,367.3,249.1,1456.7,1,-0.1143989190,-0.1498236209,0.9820721745,-0.9908321500,-0.0543046147,-0.1237039715,0.0718648285,-0.9872202277,-0.1422376782,1,465.1,2.7,1449.6,1,0.6823918819,0.0349387266,0.7301511168,-0.3531062305,0.8903449178,0.2874053121,-0.6400447488,-0.4539439380,0.6199012995,1,245.3,-151.9,1654.7,1,0.7292105556,0.0000000000,0.6842893958,0.0000000000,1.0000000000,0.0000000000,-0.6842893958,0.0000000000,0.7292105556,0,231.2,-510.3,1837.4,1,0.7021635771,0.0329265110,0.7112539411,-0.3230995238,0.9048943520,0.2770792544,-0.6344864368,-0.4243607521,0.6460224390,1,375.2,-150.5,1521.9,1,0.7417107821,0.0000000000,0.6707199812,0.0000000000,1.0000000000,0.0000000000,-0.6707199812,0.0000000000,0.7417107821,0,361.9,-514.7,1692.7,1,110.6,-212.6,1870.0,1,435.0,-258.1,1468.5,1,231.2,-897.3,1837.4,0,361.9,-901.7,1692.7,0,
4,0.6925822496,-0.1055479720,0.7135751843,0.0280967522,0.9924334288,0.1195249408,-0.7207906246,-0.0627317727,0.6903080940,1,250.2,449.8,1542.4,1,0.6925822496,-0.1055479720,0.7135751843,0.0280967522,0.9924334288,0.1195249408,-0.7207906246,-0.0627317727,0.6903080940,1,271.4,250.3,1555.0,1,0.6945106983,-0.1012966633,0.7123158574,0.0096019758,0.9912560582,0.1316021383,-0.7194173336,-0.0845595226,0.6894113421,1,291.8,50.8,1572.1,1,-0.0709790364,-0.6697176695,0.7392159104,0.8096484542,0.3941710293,0.4348545372,-0.5826072693,0.6293705702,0.5142580271,1,176.2,249.0,1653.7,1,0.3288963437,-0.6697175503,0.6658118963,0.9172901511,0.3941710293,-0.0566377416,-0.2245124727,0.6293706298,0.7439668179,1,195.4,29.0,1812.0,1,0.3650081754,-0.1508459449,0.9187026620,-0.9307723045,-0.0370940492,0.3637129068,-0.0207862090,-0.9878612161,-0.1539428383,1,366.6,251.6,1456.4,1,-0.1254504919,-0.1526498944,0.9802857637,-0.9896973968,-0.0494674221,-0.1343579888,0.0690019429,-0.9870415926,-0.1448714882,1,464.4,2.4,1450.8,1,0.6801971197,0.0245181844,0.7326192260,-0.3399117589,0.8960420489,0.2856022120,-0.6494551301,-0.4432916045,0.6178192496,1,247.7,-149.6,1655.9,1,0.7230928540,0.0000000000,0.6907508969,0.0000000000,1.0000000000,0.0000000000,-0.6907508969,0.0000000000,0.7230928540,0,237.8,-510.2,1834.3,1,0.6997525692,0.0177164581,0.7141655684,-0.3123341501,0.9066714048,0.2835387886,-0.6424902081,-0.4214652777,0.6399791241,1,376.7,-147.8,1522.3,1,0.7363435030,0.0000000000,0.6766079068,0.0000000000,1.0000000000,0.0000000000,-0.6766079068,0.0000000000,0.7363435030,0,369.5,-512.7,1691.9,1,108.9,-212.3,1871.0,1,431.4,-258.0,1469.0,1,237.8,-897.3,1834.3,0,369.5,-899.8,1691.9,0,
5,0.6933828592,-0.1008671075,0.7134745717,0.0270414501,0.9930989742,0.1141189411,-0.7200607657,-0.0598347932,0.6913262606,1,251.7,451.4,1542.3,1,0.6933828592,-0.1008671075,0.7134745717,0.0270414501,0.9930989742,0.1141189411,-0.7200607657,-0.0598347932,0.6913262606,1,271.9,252.0,1554.3,1,0.6952598095,-0.0974191725,0.7121258974,0.0082534542,0.9917888641,0.1276192814,-0.7187101245,-0.0828511193,0.6903557777,1,291.5,52.4,1571.0,1,-0.0936499089,-0.6310926676,0.7700335979,0.8084315658,0.4032169580,0.4287824333,-0.5810920000,0.6626749039,0.4724340737,1,176.6,250.9,1652.9,1,0.3494534492,-0.6310927272,0.6925346851,0.9104700089,0.4032169580,-0.0919803903,-0.2211935669,0.6626749635,0.7154965997,1,202.1,30.6,1811.3,1,0.3637610376,-0.1479602009,0.9196660519,-0.9313408136,-0.0399645194,0.3619490862,-0.0168000553,-0.9881854653,-0.1523389071,1,367.3,253.2,1455.8,1,-0.1244231313,-0.1493709534,0.9809216857,-0.9898734093,-0.0493980199,-0.1330807507,0.0683339760,-0.9875466228,-0.1417120695,1,463.8,6.0,1451.3,1,0.6798329353,0.0260517504,0.7329042554,-0.3316298127,0.9022734761,0.2755435705,-0.6541017294,-0.4303764105,0.6220347881,1,246.6,-147.9,1654.4,1,0.7204487324,0.0000000000,0.6935080886,0.0000000000,1.0000000000,0.0000000000,-0.6935080886,0.0000000000,0.7204487324,0,236.1,-511.1,1827.7,1,0.6992446780,0.0205001645,0.7145885229,-0.3116310239,0.9083565474,0.2788806260,-0.6433840394,-0.4176936746,0.6415520310,1,375.7,-146.4,1520.9,1,0.7356139421,0.0000000000,0.6774010658,0.0000000000,1.0000000000,0.0000000000,-0.6774010658,0.0000000000,0.7356139421,0,367.5,-512.0,1689.0,1,110.2,-208.9,1869.5,1,431.1,-254.5,1469.3,1,236.1,-898.1,1827.7,0,367.5,-899.0,1689.0,0,
6,0.6914788485,-0.0942739770,0.7162188888,0.0249641910,0.9939742684,0.1067323238,-0.7219642401,-0.0559233837,0.6896664500,1,251.8,450.7,1544.7,1,0.6914788485,-0.0942739770,0.7162188888,0.0249641910,0.9939742684,0.1067323238,-0.7219642401,-0.0559233837,0.6896664500,1,270.7,251.7,1555.9,1,0.6931616068,-0.0948725641,0.7145111561,0.0072943154,0.9921721816,0.1246639937,-0.7207443118,-0.0812004879,0.6884284616,1,289.8,52.1,1572.3,1,-0.0870035067,-0.6353769302,0.7672851682,0.8118234873,0.4011776745,0.4242628813,-0.5773844719,0.6598125100,0.4809101522,1,175.6,250.7,1654.8,1,0.3383767605,-0.6353770494,0.6941161752,0.9126983285,0.4011777043,-0.0777057782,-0.2290914655,0.6598125100,0.7156567574,1,199.1,32.0,1810.3,1,0.3729305565,-0.1516225636,0.9153870344,-0.9275761843,-0.0365582108,0.3718411028,-0.0229145847,-0.9877621531,-0.1542751789,1,365.8,252.7,1457.1,1,-0.1268418431,-0.1536441445,0.9799513817,-0.9894257784,-0.0504586957,-0.1359795183,0.0703395158,-0.9868370891,-0.1456192285,1,464.1,8.1,1451.0,1,0.6766946912,0.0311052222,0.7356064320,-0.3410937190,0.8986669779,0.2757766247,-0.6524870992,-0.4375272691,0.6187329888,1,244.5,-148.3,1655.6,1,0.7197064757,0.0000000000,0.6942785382,0.0000000000,1.0000000000,0.0000000000,-0.6942785382,0.0000000000,0.7197064757,0,232.0,-510.0,1831.7,1,0.6963945627,0.0215513166,0.7173354626,-0.3157938421,0.9067788124,0.2793321311,-0.6444446445,-0.4210554957,0.6382815838,1,373.3,-146.9,1521.7,1,0.7336830497,0.0000000000,0.6794919372,0.0000000000,1.0000000000,0.0000000000,-0.6794919372,0.0000000000,0.7336830497,0,364.6,-511.9,1691.2,1,110.0,-208.1,1870.6,1,430.7,-252.3,1469.6,1,232.0,-897.0,1831.7,0,364.6,-898.9,1691.2,0,
7,0.6942378879,-0.1017041430,0.7125238180,0.0264103189,0.9928988814,0.1159917861,-0.7192599773,-0.0617079698,0.6919948459,1,250.3,450.4,1543.0,1,0.6942378879,-0.1017041430,0.7125238180,0.0264103189,0.9928988814,0.1159917861,-0.7192599773,-0.0617079698,0.6919948459,1,270.7,251.1,1555.3,1,0.6960936189,-0.1001153886,0.7109364271,0.0081655560,0.9912695885,0.1315973997,-0.7179036140,-0.0857989863,0.6908347011,1,290.9,51.6,1572.6,1,-0.0877103955,-0.6280292273,0.7732310295,0.8118045926,0.4047856927,0.4208585918,-0.5773043633,0.6646261811,0.4743330479,1,175.3,250.0,1653.8,1,0.3437887728,-0.6280292273,0.6981322765,0.9105230570,0.4047857225,-0.0842395797,-0.2296890318,0.6646261811,0.7109958529,1,199.0,30.3,1810.0,1,0.3692283630,-0.1490578651,0.9173070788,-0.9291089773,-0.0372596644,0.3679242730,-0.0206634570,-0.9881262779,-0.1522483230,1,366.2,252.2,1456.9,1,-0.1270089149,-0.1512534022,0.9803016186,-0.9892819524,-0.0524642915,-0.1362672895,0.0720417127,-0.9871018529,-0.1429688185,1,463.3,7.8,1451.5,1,0.6816886067,0.0186723899,0.7314041257,-0.3251409531,0.9032687545,0.2799802423,-0.6554265618,-0.4286687672,0.6218191981,1,246.4,-148.6,1656.6,1,0.7206943631,0.0000000000,0.6932529211,0.0000000000,1.0000000000,0.0000000000,-0.6932529211,0.0000000000,0.7206943631,0,238.8,-512.2,1829.1,1,0.7008964419,0.0151268262,0.7131026983,-0.3108434081,0.9063169360,0.2862972021,-0.6419662833,-0.4223279357,0.6399363279,1,375.7,-147.1,1523.2,1,0.7371507287,0.0000000000,0.6757284403,0.0000000000,1.0000000000,0.0000000000,-0.6757284403,0.0000000000,0.7371507287,0,369.6,-511.9,1693.2,1,108.5,-209.3,1870.5,1,429.9,-252.5,1470.4,1,238.8,-899.2,1829.1,0,369.6,-898.9,1693.2,0,
8,0.6948515177,-0.1053608283,0.7113933563,0.0276731774,0.9923943281,0.1199487373,-0.7186196446,-0.0636601374,0.6924831271,1,249.8,450.5,1542.1,1,0.6948515177,-0.1053608283,0.7113933563,0.0276731774,0.9923943281,0.1199487373,-0.7186196446,-0.0636601374,0.6924831271,1,271.0,251.1,1554.9,1,0.6967291832,-0.1027803347,0.7099328637,0.0097815040,0.9909512401,0.1338651478,-0.7172666192,-0.0863236189,0.6914307475,1,291.7,51.7,1572.2,1,-0.0857909843,-0.6081166267,0.7891984582,0.8172221780,0.4101489484,0.4048774838,-0.5699015856,0.6796853542,0.4617792964,1,175.4,249.8,1653.2,1,0.3455818892,-0.6081165075,0.7146798968,0.9075803161,0.4101489186,-0.0898653641,-0.2384765893,0.6796852946,0.6936546564,1,198.6,28.5,1807.6,1,0.3672041893,-0.1464371085,0.9185408354,-0.9300234318,-0.0421444476,0.3650757372,-0.0147492373,-0.9883218408,-0.1516655535,1,366.5,252.5,1456.5,1,-0.1283093989,-0.1475318074,0.9806993604,-0.9893935919,-0.0488564074,-0.1367966533,0.0680952966,-0.9878499508,-0.1396982968,1,463.4,7.1,1452.6,1,0.6828576326,0.0320536233,0.7298479676,-0.3358532190,0.9009796381,0.2746603191,-0.6487743258,-0.4326756895,0.6260061264,1,247.6,-148.6,1656.2,1,0.7248122692,0.0000000000,0.6889463663,0.0000000000,1.0000000000,0.0000000000,-0.6889463663,0.0000000000,0.7248122692,0,234.7,-511.3,1830.4,1,0.7022340298,0.0228971783,0.7115778923,-0.3147953451,0.9064575434,0.2814936638,-0.6385697126,-0.4216758609,0.6437532306,1,377.1,-146.8,1523.0,1,0.7395777106,0.0000000000,0.6730712056,0.0000000000,1.0000000000,0.0000000000,-0.6730712056,0.0000000000,0.7395777106,0,367.8,-511.7,1692.7,1,107.7,-210.3,1870.3,1,429.6,-253.3,1470.5,1,234.7,-898.3,1830.4,0,367.8,-898.7,1692.7,0,
9,0.6926888227,-0.1032137573,0.7138131857,0.0257076211,0.9926115274,0.1185797751,-0.7207773328,-0.0637884960,0.6902250051,1,250.0,449.2,1542.6,1,0.6926888227,-0.1032137573,0.7138131857,0.0257076211,0.9926115274,0.1185797751,-0.7207773328,-0.0637884960,0.6902250051,1,270.6,250.5,1555.4,1,0.6945502162,-0.1018116847,0.7122039795,0.0076995306,0.9909312725,0.1341479719,-0.7194021344,-0.0876889154,0.6890361309,1,291.1,51.0,1573.0,1,-0.0992342457,-0.6111007929,0.7853080034,0.8066662550,0.4126793146,0.4230666161,-0.5826165676,0.6754641533,0.4520024955,1,175.4,249.4,1654.1,1,0.3625100553,-0.6111006737,0.7036635280,0.9045008421,0.4126792848,-0.1075827181,-0.2246434838,0.6754640341,0.7023414969,1,202.2,31.8,1811.2,1,0.3706252277,-0.1494126171,0.9166858792,-0.9286641479,-0.0438628905,0.3683189750,-0.0148230065,-0.9878016114,-0.1550108492,1,365.9,251.5,1456.7,1,-0.1269646883,-0.1501325518,0.9804796576,-0.9896320701,-0.0477388948,-0.1354597360,0.0671439171,-0.9875127077,-0.1425148398,1,463.5,6.9,1452.8,1,0.6803114414,0.0357748903,0.7320495844,-0.3417068124,0.8990938067,0.2736181617,-0.6483926177,-0.4362918735,0.6238882542,1,247.8,-149.1,1656.9,1,0.7237373590,0.0000000000,0.6900755763,0.0000000000,1.0000000000,0.0000000000,-0.6900755763,0.0000000000,0.7237373590,0,233.4,-511.0,1832.5,1,0.8047522306,0.0463313535,0.5917999744,-0.2377315164,0.9386633635,0.2497895360,-0.5439279079,-0.3417081833,0.7664058805,0,375.5,-147.7,1524.5,1,0.7872139812,0.0000000000,0.6166799664,0.0000000000,1.0000000000,0.0000000000,-0.6166799664,0.0000000000,0.7872139812,0,356.8,-525.5,1662.1,0,106.8,-206.2,1870.3,1,430.1,-253.5,1470.5,1,233.4,-898.0,1832.5,0,356.8,-912.5,1662.1,0,
10,0.6950004697,-0.1081174538,0.7108342052,0.0298826657,0.9921189547,0.1216837093,-0.7183871865,-0.0633286461,0.6927545667,1,248.6,449.9,1542.4,1,0.6950004697,-0.1081174538,0.7108342052,0.0298826657,0.9921189547,0.1216837093,-0.7183871865,-0.0633286461,0.6927545667,1,270.2,251.2,1555.1,1,0.6969705820,-0.1043425426,0.7094680667,0.0114948349,0.9908556938,0.1344343871,-0.7170067430,-0.0855416283,0.6917973161,1,291.2,51.7,1572.3,1,-0.1018201560,-0.6071972847,0.7880000472,0.8079327941,0.4116817117,0.4216191173,-0.5804111958,0.6795804501,0.4486571550,1,174.6,249.6,1653.4,1,0.3602586091,-0.6071972847,0.7081843615,0.9049777985,0.4116817117,-0.1073929518,-0.2263378650,0.6795803905,0.6978120208,1,202.3,30.5,1810.8,1,0.3683378696,-0.1454979181,0.9182361364,-0.9295880198,-0.0428596102,0.3661001921,-0.0139115741,-0.9884299040,-0.1510399133,1,365.8,252.7,1456.8,1,-0.1299301386,-0.1466895789,0.9806122780,-0.9890778661,-0.0502394699,-0.1385671645,0.0695917904,-0.9879059792,-0.1385598034,1,463.5,6.1,1453.1,1,0.6839838028,0.0258207042,0.7290402055,-0.3233342767,0.9065772891,0.2712428272,-0.6539276242,-0.4212493300,0.6284328699,1,247.8,-148.7,1655.8,1,0.7226617932,0.0000000000,0.6912018657,0.0000000000,1.0000000000,0.0000000000,-0.6912018657,0.0000000000,0.7226617932,0,237.4,-513.6,1825.3,1,0.7028617263,0.0250703674,0.7108846903,-0.3171702623,0.9055794477,0.2816541195,-0.6367014050,-0.4234353602,0.6444485784,1,376.6,-146.6,1523.3,1,0.7409307361,0.0013072187,0.6715803146,-0.0014682513,0.9999989271,-0.0003266099,-0.6715800166,-0.0007440533,0.7409317493,0,366.5,-511.1,1693.7,1,107.5,-207.7,1870.4,1,429.3,-254.2,1471.4,1,237.4,-900.6,1825.3,0,366.0,-898.1,1694.0,0,
11,0.6910654306,-0.0999362171,0.7158501744,0.0268844478,0.9932638407,0.1127109528,-0.7222911716,-0.0586454459,0.6890977621,1,250.8,448.4,1544.8,1,0.6910654306,-0.0999362171,0.7158501744,0.0268844478,0.9932638407,0.1127109528,-0.7222911716,-0.0586454459,0.6890977621,1,270.8,249.8,1556.5,1,0.6926296353,-0.1017547250,0.7140800953,0.0114924926,0.9914302826,0.1301292777,-0.7212010026,-0.0819248781,0.6878640652,1,291.2,50.3,1573.0,1,-0.0933882818,-0.6258022189,0.7743710279,0.8081206679,0.4066663384,0.4261028171,-0.5815665722,0.6655782461,0.4677457809,1,175.8,248.3,1655.4,1,0.3521283567,-0.6258021593,0.6959722042,0.9087174535,0.4066662788,-0.0941022635,-0.2241390347,0.6655781865,0.7118760347,1,200.8,31.5,1811.5,1,0.3728880882,-0.1510271132,0.9155027866,-0.9276910424,-0.0409613922,0.3710951507,-0.0185451582,-0.9876806736,-0.1553805023,1,365.8,251.4,1457.6,1,-0.1317198426,-0.1523007154,0.9795174599,-0.9888660908,-0.0488279872,-0.1405690610,0.0692366287,-0.9871273041,-0.1441733986,1,463.8,7.4,1452.7,1,0.6784886718,0.0322321132,0.7339034677,-0.3386323750,0.9002848268,0.2735239565,-0.6519058943,-0.4341063201,0.6217479110,1,247.5,-150.3,1656.3,1,0.7209437490,0.0000000000,0.6929935813,0.0000000000,1.0000000000,0.0000000000,-0.6929935813,0.0000000000,0.7209437490,0,234.6,-512.6,1831.0,1,0.6978263259,0.0295299981,0.7156580687,-0.3224737942,0.9051137567,0.2770914435,-0.6395694613,-0.4241426289,0.6411349177,1,375.9,-148.2,1522.7,1,0.7369950414,0.0006536084,0.6758977175,-0.0007332645,0.9999997020,-0.0001674747,-0.6758976579,-0.0003721838,0.7369953394,0,364.0,-512.5,1693.4,1,108.2,-207.7,1870.4,1,429.2,-252.9,1471.0,1,234.6,-899.7,1831.0,0,363.7,-899.5,1693.5,0,
12,0.6876870394,-0.1004734263,0.7190214992,0.0278561637,0.9932997227,0.1121578664,-0.7254718542,-0.0571003780,0.6858788133,1,249.9,450.1,1546.0,1,0.6876870394,-0.1004734263,0.7190214992,0.0278561637,0.9932997227,0.1121578664,-0.7254718542,-0.0571003780,0.6858788133,1,270.1,250.8,1557.4,1,0.6896756887,-0.0984985232,0.7173881531,0.0080170119,0.9916831851,0.1284524053,-0.7240732312,-0.0828392357,0.6847300529,1,289.9,51.2,1574.1,1,-0.0845243856,-0.6212837100,0.7790136337,0.8162916899,0.4051741362,0.4117060602,-0.5714223981,0.6707015634,0.4729016423,1,175.5,249.7,1656.7,1,0.3467091620,-0.6212837100,0.7027086020,0.9097363949,0.4051741362,-0.0906291455,-0.2284129113,0.6707015634,0.7056819797,1,198.4,28.4,1811.6,1,0.3743808270,-0.1687563211,0.9117895961,-0.9270629287,-0.0470896624,0.3719365895,-0.0198307857,-0.9845322371,-0.1740772128,1,364.6,251.9,1458.1,1,-0.1319379359,-0.1687563360,0.9767874479,-0.9887897968,-0.0470896736,-0.1416946650,0.0699084699,-0.9845323563,-0.1606516242,1,464.1,5.5,1452.9,1,0.6744386554,0.0355649069,0.7374738455,-0.3449242413,0.8983194232,0.2721202970,-0.6528091431,-0.4379010499,0.6181285381,1,245.7,-149.1,1658.0,1,0.7184048295,0.0000000000,0.6956251860,0.0000000000,1.0000000000,0.0000000000,-0.6956251860,0.0000000000,0.7184048295,0,231.4,-510.7,1834.2,1,0.6940768361,0.0280202851,0.7193554044,-0.3234961331,0.9048123360,0.2768841088,-0.6431232691,-0.4248875380,0.6370738149,1,373.7,-147.6,1523.6,1,0.7332627773,0.0003268433,0.6799452901,-0.0003661943,0.9999998808,-0.0000857814,-0.6799452305,-0.0001860917,0.7332628369,0,362.4,-511.8,1694.6,1,107.1,-211.0,1871.7,1,429.4,-254.7,1471.3,1,231.4,-897.7,1834.2,0,362.3,-898.8,1694.7,0,
13,0.6828954816,-0.1016090736,0.7234151363,0.0280097779,0.9931930900,0.1130605191,-0.7299780846,-0.0569458678,0.6810938120,1,248.6,450.6,1547.1,1,0.6828954816,-0.1016090736,0.7234151363,0.0280097779,0.9931930900,0.1130605191,-0.7299780846,-0.0569458678,0.6810938120,1,269.0,251.3,1558.5,1,0.6850638390,-0.0963757038,0.7220799327,0.0062683923,0.9919532537,0.1264485866,-0.7284553051,-0.0820991173,0.6801560521,1,288.4,51.7,1575.0,1,-0.0864514709,-0.6318547130,0.7702505589,0.8158275485,0.3988431990,0.4187475145,-0.5717966557,0.6645929813,0.4810039401,1,175.0,250.4,1658.4,1,0.3455361426,-0.6318546534,0.6938042641,0.9124718904,0.3988431096,-0.0912088975,-0.2190883011,0.6645928621,0.7143644094,1,198.4,29.9,1813.0,1,0.3778801858,-0.1715449393,0.9098235369,-0.9256209731,-0.0479248911,0.3754052222,-0.0207956713,-0.9840099812,-0.1768954396,1,362.9,252.2,1458.6,1,-0.1334936470,-0.1715449393,0.9760900736,-0.9884732366,-0.0479248874,-0.1436098963,0.0714145526,-0.9840099216,-0.1631699204,1,463.6,5.5,1453.1,1,0.6699010730,0.0207192171,0.7421611547,-0.3285069168,0.9047089815,0.2712650001,-0.6658194661,-0.4255257547,0.6128720641,1,244.2,-148.5,1659.2,1,0.7091298699,0.0000000000,0.7050778270,0.0000000000,1.0000000000,0.0000000000,-0.7050778270,0.0000000000,0.7091298699,0,235.8,-512.7,1830.5,1,0.6893144846,0.0216661282,0.7241383195,-0.3172441125,0.9076475501,0.2748310864,-0.6513078809,-0.4191735983,0.6325280666,1,371.3,-147.4,1523.9,1,0.7265897989,0.0001633822,0.6870714426,-0.0001824242,1.0000000000,-0.0000448782,-0.6870714426,-0.0000927304,0.7265897989,0,362.6,-512.7,1692.7,1,107.4,-210.2,1870.6,1,428.5,-254.6,1471.9,1,235.8,-899.7,1830.5,0,362.6,-899.7,1692.7,0,
14,0.6788433194,-0.1060853899,0.7265796065,0.0279754847,0.9925265312,0.1187779456,-0.7337493300,-0.0603052340,0.6767384410,1,246.3,450.9,1548.1,1,0.6788433194,-0.1060853899,0.7265796065,0.0279754847,0.9925265312,0.1187779456,-0.7337493300,-0.0603052340,0.6767384410,1,267.6,251.9,1560.2,1,0.6811846495,-0.0952951759,0.7258833051,0.0049019977,0.9920637012,0.1256397069,-0.7320945859,-0.0820255950,0.6762463450,1,286.8,52.3,1576.7,1,-0.0938762873,-0.5350266099,0.8396034241,0.8346786499,0.4173893332,0.3593017161,-0.5426774025,0.7345289588,0.4073923230,1,174.2,251.3,1660.6,1,0.3602971733,-0.5350265503,0.7641547918,0.8991332054,0.4173892736,-0.1317021996,-0.2484858185,0.7345288396,0.6314444542,1,199.5,25.9,1807.2,1,0.3825654089,-0.1823127866,0.9057626128,-0.9235942960,-0.0491015688,0.3802138567,-0.0248434786,-0.9820138812,-0.1871676296,1,361.0,252.6,1459.8,1,-0.1361779273,-0.1823127866,0.9737647176,-0.9878659248,-0.0491015688,-0.1473429799,0.0746758804,-0.9820138812,-0.1734140366,1,463.2,5.8,1453.2,1,0.6657774448,0.0131389080,0.7460348010,-0.3334680200,0.8996757865,0.2817492187,-0.6674875617,-0.4363609552,0.6033652425,1,242.7,-147.8,1661.2,1,0.7060606480,0.0000000000,0.7081514001,0.0000000000,1.0000000000,0.0000000000,-0.7081514001,0.0000000000,0.7060606480,0,237.4,-509.9,1836.9,1,0.6854777336,0.0178907942,0.7278736830,-0.3126591146,0.9100643992,0.2720789313,-0.6575441957,-0.4140804112,0.6294226646,1,369.2,-146.9,1525.3,1,0.7213758230,0.0000816911,0.6925438046,-0.0000910399,1.0000000000,-0.0000231279,-0.6925438046,-0.0000463652,0.7213758230,0,362.0,-513.2,1691.9,1,104.8,-210.6,1872.5,1,427.4,-254.2,1472.8,1,237.4,-897.0,1836.9,0,362.0,-900.2,1691.9,0,
15,0.6784652472,-0.1186890751,0.7249814868,0.0380037464,0.9912115335,0.1267091483,-0.7336483002,-0.0584157892,0.6770137548,1,243.4,451.4,1548.7,1,0.6784652472,-0.1186890751,0.7249814868,0.0380037464,0.9912115335,0.1267091483,-0.7336483002,-0.0584157892,0.6770137548,1,267.3,252.3,1560.4,1,0.6808772683,-0.1076516956,0.7244429588,0.0168782249,0.9911822081,0.1314257979,-0.7322024703,-0.0772575662,0.6766909361,1,288.9,52.8,1575.9,1,-0.1869303137,-0.3029913306,0.9344802499,0.8434269428,0.4382163882,0.3108014166,-0.5036746860,0.8462640047,0.1736350954,1,173.9,250.0,1660.8,1,0.4447746873,-0.3029913008,0.8428355455,0.8503851295,0.4382163584,-0.2912241518,-0.2811059356,0.8462639451,0.4525668621,1,224.0,24.0,1795.7,1,0.3825212419,-0.1672629267,0.9086807966,-0.9236831665,-0.0457378365,0.3804176152,-0.0220686682,-0.9848510027,-0.1719936132,1,360.6,254.6,1460.0,1,-0.1372789443,-0.1672628820,0.9763081670,-0.9881119132,-0.0457378253,-0.1467745751,0.0692041516,-0.9848507643,-0.1589956284,1,462.9,7.6,1454.1,1,0.7801952362,0.0413832515,0.6241656542,-0.2520507574,0.9340208173,0.2531315088,-0.5725083351,-0.3548134565,0.7391492724,0,249.3,-148.2,1657.4,1,0.7595411539,0.0000000000,0.6504592299,0.0000000000,1.0000000000,0.0000000000,-0.6504592299,0.0000000000,0.7595411539,0,232.6,-524.1,1800.2,0,0.6890555620,0.0116203828,0.7246153951,-0.3095276356,0.9088040590,0.2797637582,-0.6552824378,-0.4170612097,0.6298133731,1,371.9,-145.1,1525.6,1,0.7243605852,0.0000408455,0.6894212961,-0.0000454607,1.0000000000,-0.0000114814,-0.6894212961,-0.0000230249,0.7243605852,0,367.2,-510.9,1693.4,1,107.6,-198.5,1869.3,1,426.8,-252.4,1472.3,1,232.6,-911.1,1800.2,0,367.2,-897.9,1693.4,0,
16,0.6772980690,-0.1164472103,0.7264349461,0.0436672866,0.9920163751,0.1183062717,-0.7344111204,-0.0484071970,0.6769762635,1,242.7,449.0,1551.4,1,0.6772980690,-0.1164472103,0.7264349461,0.0436672866,0.9920163751,0.1183062717,-0.7344111204,-0.0484071970,0.6769762635,1,266.0,250.5,1561.1,1,0.6798413992,-0.1088128760,0.7252418995,0.0212726463,0.9914407730,0.1288115680,-0.7330499887,-0.0721436590,0.6763377786,1,287.9,51.0,1575.6,1,-0.1492067873,-0.4371450543,0.8869282007,0.8324117064,0.4285948277,0.3512794077,-0.5336928368,0.7907027006,0.2999354303,1,172.8,247.6,1661.6,1,0.4016010463,-0.4371450245,0.8047488928,0.8796595335,0.4285947978,-0.2061687559,-0.2547855377,0.7907026410,0.5566629171,1,212.6,25.1,1804.2,1,0.3894773126,-0.1768250316,0.9039028883,-0.9206354022,-0.0457940772,0.3877286017,-0.0271667298,-0.9831764698,-0.1806271076,1,359.2,253.4,1460.6,1,-0.1350764036,-0.1768250316,0.9749294519,-0.9883361459,-0.0457940772,-0.1452396959,0.0703279898,-0.9831764698,-0.1685768664,1,462.6,9.0,1453.4,1,0.8568640947,0.0530274212,0.5128080249,-0.1902132481,0.9570345879,0.2188690603,-0.4791689515,-0.2850839198,0.8301351070,0,247.0,-150.5,1657.9,1,0.8036635518,0.0000000000,0.5950840116,0.0000000000,1.0000000000,0.0000000000,-0.5950840116,0.0000000000,0.8036635518,0,225.7,-535.7,1772.6,0,0.6880426407,0.0321570635,0.7249572873,-0.3240688741,0.9074813724,0.2673140764,-0.6492891908,-0.4188596308,0.6348070502,1,372.6,-146.6,1522.4,1,0.7270231843,0.0000204228,0.6866127849,-0.0000226441,1.0000000000,-0.0000057674,-0.6866127849,-0.0000113547,0.7270231843,0,359.7,-511.8,1691.0,1,107.4,-205.3,1871.0,1,427.1,-251.1,1471.9,1,225.7,-922.7,1772.6,0,359.6,-898.9,1691.0,0,
17,0.6757391691,-0.1228445098,0.7268329859,0.0511304177,0.9914522171,0.1200326234,-0.7353647947,-0.0439475141,0.6762447357,1,241.0,446.9,1552.8,1,0.6757391691,-0.1228445098,0.7268329859,0.0511304177,0.9914522171,0.1200326234,-0.7353647947,-0.0439475141,0.6762447357,1,265.5,248.7,1561.6,1,0.6787390709,-0.1130509898,0.7256259918,0.0259171221,0.9911518693,0.1301769465,-0.7339214683,-0.0695500895,0.6756640077,1,288.3,49.2,1575.6,1,-0.2248757035,-0.1588602960,0.9613502622,0.8531559706,0.4445051551,0.2730204165,-0.4706972539,0.8815773726,0.0355741978,1,172.4,245.1,1662.2,1,0.4789155424,-0.1588603258,0.8633674383,0.8155244589,0.4445051551,-0.3705874085,-0.3248996437,0.8815773726,0.3424348831,1,232.3,17.9,1787.6,1,0.3903025985,-0.1946075410,0.8998843431,-0.9201415181,-0.0488222502,0.3885304630,-0.0316765830,-0.9796653986,-0.1981219500,1,358.6,252.2,1460.9,1,-0.1301979870,-0.1946075559,0.9722019434,-0.9886371493,-0.0488222539,-0.1421718895,0.0751327947,-0.9796654582,-0.1860397160,1,462.0,8.4,1452.5,1,0.9073735476,0.0551201217,0.4166953862,-0.1438961327,0.9721961617,0.1847392023,-0.3949268162,-0.2275883257,0.8900766373,0,248.5,-152.6,1657.2,1,0.8399348855,0.0000000000,0.5426871181,0.0000000000,1.0000000000,0.0000000000,-0.5426871181,0.0000000000,0.8399348855,0,226.3,-544.0,1748.8,0,0.6879158020,0.0373345762,0.7248296142,-0.3357651830,0.9017534256,0.2722178996,-0.6434544325,-0.4306355417,0.6328660250,1,373.5,-147.9,1522.0,1,0.7300402522,0.0000102508,0.6834041476,-0.0000113634,1.0000000000,-0.0000028607,-0.6834041476,-0.0000056774,0.7300402522,0,358.5,-510.8,1695.3,1,107.5,-194.7,1872.3,1,427.7,-251.7,1472.3,1,226.3,-931.0,1748.8,0,358.5,-897.8,1695.3,0,
18,0.6679828763,-0.1322770566,0.7323264480,0.0621950589,0.9905560017,0.1221895069,-0.7415725589,-0.0360734761,0.6699019670,1,237.8,446.5,1556.0,1,0.6679828763,-0.1322770566,0.7323264480,0.0621950589,0.9905560017,0.1221895069,-0.7415725589,-0.0360734761,0.6699019670,1,264.2,248.9,1563.2,1,0.6711065173,-0.1243651733,0.7308554649,0.0380854011,0.9903107882,0.1335432976,-0.7403814793,-0.0617869087,0.6693410277,1,289.2,49.6,1575.6,1,-0.2860136032,0.0451759845,0.9571600556,0.8682488799,0.4348095655,0.2389235348,-0.4053887129,0.8993885517,-0.1635854542,1,172.2,243.7,1664.7,1,0.5355574489,0.0451759994,0.8432896137,0.7494546771,0.4348095953,-0.4992578328,-0.3892248869,0.8993886113,0.1990081221,1,248.4,12.3,1772.7,1,0.3933646083,-0.1921369135,0.8990816474,-0.9187858105,-0.0469273925,0.3919571042,-0.0331178643,-0.9802454710,-0.1949922591,1,356.2,254.1,1461.6,1,-0.1340148300,-0.1921368986,0.9721745849,-0.9882439971,-0.0469273850,-0.1455045789,0.0735784099,-0.9802454710,-0.1835891753,1,461.5,8.2,1452.8,1,0.6670849323,-0.0412283763,0.7438400388,-0.3261704743,0.8815197945,0.3413731754,-0.6697840095,-0.4703435302,0.5746011138,1,252.2,-153.2,1656.5,1,0.7048691511,-0.0094992267,0.7092737556,0.0111959651,0.9999348521,0.0022655791,-0.7092490792,0.0063440683,0.7049294114,0,268.8,-508.0,1845.8,1,0.6842589378,0.0448590256,0.7278581262,-0.3452764452,0.8990687132,0.2691831887,-0.6423191428,-0.4355032444,0.6306845546,1,376.3,-146.2,1519.6,1,0.7288266420,0.0000052043,0.6846982241,-0.0000057366,1.0000000000,-0.0000014944,-0.6846982241,-0.0000028387,0.7288266420,0,358.3,-508.0,1694.8,1,108.9,-182.9,1874.1,1,426.2,-251.9,1472.1,1,272.4,-895.0,1843.4,0,358.3,-895.1,1694.8,0,
19,0.6620730162,-0.1387234777,0.7364886999,0.0703576952,0.9898840189,0.1232038587,-0.7461287379,-0.0297523849,0.6651362777,1,235.6,446.1,1558.1,1,0.6620730162,-0.1387234777,0.7364886999,0.0703576952,0.9898840189,0.1232038587,-0.7461287379,-0.0297523849,0.6651362777,1,263.4,248.2,1564.0,1,0.6652621031,-0.1344738007,0.7344000936,0.0472547449,0.9892575145,0.1383339614,-0.7451122999,-0.0573245250,0.6644706130,1,290.4,49.2,1575.6,1,-0.3248075247,0.1759460568,0.9292701483,0.8773431182,0.4230093360,0.2265657783,-0.3532266319,0.8888790607,-0.2917616963,1,172.1,241.8,1666.2,1,0.5661115050,0.1759460568,0.8053326607,0.6952317953,0.4230093360,-0.5811331868,-0.4429113567,0.8888790607,0.1171471924,1,258.8,7.6,1760.5,1,0.3984212875,-0.2096560150,0.8929193020,-0.9164548516,-0.0516946353,0.3967849910,-0.0370292217,-0.9764077663,-0.2127364874,1,354.6,254.7,1461.8,1,-0.1180060208,-0.2096560001,0.9706281424,-0.9899643064,-0.0516946353,-0.1315229237,0.0777508318,-0.9764077067,-0.2014516890,1,460.0,12.4,1452.0,1,0.7806946039,0.0000354350,0.6249127984,-0.2420567423,0.9219520688,0.3023457825,-0.5761289001,-0.3873040378,0.7197715640,0,256.2,-154.2,1655.7,1,0.7585561275,-0.0088114105,0.6515480876,0.0101994984,0.9999466538,0.0016484568,-0.6515278220,0.0053950171,0.7586054802,0,256.2,-525.3,1811.6,0,0.6818976402,0.0590712689,0.7290585041,-0.3553953469,0.8979282379,0.2596519291,-0.6393042803,-0.4361600280,0.6332887411,1,378.7,-145.5,1518.5,1,0.7292620540,0.0000026021,0.6842345595,-0.0000027609,1.0000000000,-0.0000008604,-0.6842345595,-0.0000012616,0.7292620540,0,355.0,-507.0,1694.0,1,111.1,-173.8,1876.0,1,428.9,-248.1,1472.5,1,259.6,-912.3,1809.5,0,355.0,-894.0,1694.0,0,
20,0.6554365158,-0.1523673832,0.7397212982,0.0787389576,0.9878864884,0.1337170154,-0.7511338592,-0.0293982215,0.6594946980,1,231.6,443.9,1559.1,1,0.6554365158,-0.1523673832,0.7397212982,0.0787389576,0.9878864884,0.1337170154,-0.7511338592,-0.0293982215,0.6594946980,1,262.1,246.3,1565.0,1,0.6585609913,-0.1447977275,0.7384656072,0.0579622909,0.9881584644,0.1420668066,-0.7502911091,-0.0507565886,0.6591560245,1,291.2,47.4,1575.2,1,-0.1304789931,0.2153876573,0.9677724838,0.9018591642,0.4312707782,0.0256085917,-0.4118561447,0.8761358857,-0.2505210638,1,171.8,238.3,1667.9,1,0.5543171763,0.2153876424,0.8039532304,0.6846431494,0.4312707484,-0.5875962973,-0.4732823670,0.8761357665,0.0915971175,1,212.8,-44.8,1797.2,1,0.4073033929,-0.1958191246,0.8920531273,-0.9126262665,-0.0499534085,0.4057313800,-0.0348888710,-0.9793668985,-0.1990558803,1,352.4,254.2,1462.1,1,-0.1032048762,-0.1958191693,0.9751942158,-0.9921058416,-0.0499534272,-0.1150252894,0.0712384433,-0.9793670177,-0.1891178787,1,459.5,14.3,1452.9,1,0.8570401669,0.0216772258,0.5147934556,-0.1794449836,0.9491224289,0.2587780356,-0.4829924405,-0.3141602874,0.8173259497,0,260.0,-156.7,1654.2,1,0.8028525710,-0.0081301481,0.5961221457,0.0092635695,0.9999564290,0.0011616958,-0.5961055756,0.0045895493,0.8028929234,0,251.3,-538.8,1780.6,0,0.6787718534,0.0726493448,0.7307467461,-0.3648886383,0.8969245553,0.2497652471,-0.6372794509,-0.4361748397,0.6353160143,1,380.7,-146.1,1516.7,1,0.7287852168,0.0000013405,0.6847423911,-0.0000014089,1.0000000000,-0.0000004582,-0.6847423911,-0.0000006308,0.7287852168,0,351.5,-507.1,1692.2,1,67.6,-224.1,1921.1,1,432.3,-246.8,1471.7,1,254.4,-925.8,1778.9,0,351.5,-894.1,1692.2,0,
21,0.6436809301,-0.1633179188,0.7476647496,0.0980302915,0.9865109921,0.1310944855,-0.7589887381,-0.0110893492,0.6510091424,1,227.7,442.7,1565.6,1,0.6436809301,-0.1633179188,0.7476647496,0.0980302915,0.9865109921,0.1310944855,-0.7589887381,-0.0110893492,0.6510091424,1,260.3,245.7,1567.9,1,0.6471104026,-0.1558526903,0.7462965250,0.0768225640,0.9872295856,0.1395554692,-0.7585152388,-0.0329754949,0.6508201957,1,291.7,47.1,1574.5,1,-0.1902697384,0.2708736658,0.9436232448,0.9065425992,0.4173897207,0.0629782379,-0.3767995238,0.8674175143,-0.3249751627,1,171.6,235.2,1671.8,1,0.5549545288,0.2708736360,0.7865449190,0.6685749292,0.4173897505,-0.6154619455,-0.4950082600,0.8674175739,0.0505330041,1,226.6,-26.9,1780.8,1,0.4087699652,-0.2067872584,0.8889017105,-0.9114155769,-0.0421126224,0.4093264937,-0.0472095124,-0.9774792194,-0.2056834996,1,349.0,256.2,1463.9,1,-0.0588885434,-0.2082604915,0.9762989283,-0.9950566292,-0.0660961941,-0.0741193518,0.0799657851,-0.9758375287,-0.2033386528,1,457.1,15.2,1451.4,1,0.9074259996,0.0313091613,0.4190438688,-0.1334720552,0.9670541286,0.2167753130,-0.3984510601,-0.2526381910,0.8817089796,0,264.4,-158.5,1649.8,1,0.8392692804,-0.0074695349,0.5436645746,0.0083935931,0.9999644756,0.0007813356,-0.5436511040,0.0039075492,0.8393021822,0,251.8,-547.7,1751.5,0,0.6709566712,0.0808966160,0.7370704412,-0.3788929880,0.8918635845,0.2470212132,-0.6373831034,-0.4450113773,0.6290529966,1,381.6,-144.6,1512.4,1,0.7247606516,0.0000007097,0.6890006661,-0.0000007317,1.0000000000,-0.0000002604,-0.6890006661,-0.0000003154,0.7247606516,0,349.1,-503.6,1691.6,1,81.0,-202.4,1910.7,1,441.7,-246.3,1472.4,1,254.7,-934.7,1750.0,0,349.1,-890.6,1691.6,0,
22,0.6351405382,-0.1598159820,0.7556823492,0.1058369726,0.9871390462,0.1198112965,-0.7651104331,0.0038819946,0.6438871622,1,225.5,440.3,1571.9,1,0.6351405382,-0.1598159820,0.7556823492,0.1058369726,0.9871390462,0.1198112965,-0.7651104331,0.0038819946,0.6438871622,1,257.3,243.4,1571.1,1,0.6386330724,-0.1567152888,0.7533847094,0.0840504169,0.9873908162,0.1341438442,-0.7649066448,-0.0223465189,0.6437531114,1,288.8,44.8,1575.6,1,-0.2235053480,0.2476792037,0.9427090883,0.8975355625,0.4294618964,0.0999621674,-0.3800990582,0.8684570193,-0.3182879090,1,169.8,231.9,1676.0,1,0.5649896264,0.2476792037,0.7870461941,0.6641615629,0.4294618964,-0.6119248271,-0.4895673990,0.8684569597,0.0781425163,1,231.8,-17.4,1781.6,1,0.4254885912,-0.2128387541,0.8795790076,-0.9034514427,-0.0437343977,0.4264538884,-0.0522980504,-0.9761081934,-0.2108979374,1,344.9,255.0,1466.3,1,-0.0257210862,-0.2133815140,0.9766303301,-0.9971773028,-0.0634602159,-0.0401274897,0.0705396309,-0.9749057293,-0.2111469358,1,455.9,19.3,1452.6,1,0.9403070211,0.0339801908,0.3386267722,-0.0998562276,0.9787560701,0.1790679842,-0.3253482282,-0.2021928579,0.9237242937,0,260.7,-161.8,1651.7,1,0.8691217303,-0.0068388348,0.4945509732,0.0075912680,0.9999710917,0.0004871100,-0.4945400059,0.0033309110,0.8691484928,0,247.0,-555.7,1733.0,0,0.6616960168,0.0907315612,0.7442621589,-0.3979597688,0.8837857246,0.2460707426,-0.6354418397,-0.4590104222,0.6209050417,1,380.1,-146.0,1508.6,1,0.7210161090,0.0000003154,0.6929182410,-0.0000002274,1.0000000000,-0.0000002186,-0.6929182410,0.0000000000,0.7210161090,0,343.6,-501.8,1693.3,1,83.4,-191.9,1910.3,1,449.1,-242.8,1471.2,1,249.6,-942.7,1731.8,0,343.6,-888.8,1693.3,0,
23,0.6206749082,-0.1640873700,0.7667061090,0.1236681491,0.9861038923,0.1109284237,-0.7742530107,0.0259664897,0.6323429942,1,222.6,440.5,1580.5,1,0.6206749082,-0.1640873700,0.7667061090,0.1236681491,0.9861038923,0.1109284237,-0.7742530107,0.0259664897,0.6323429942,1,255.4,243.1,1575.3,1,0.6244376898,-0.1630163342,0.7638740540,0.1009753197,0.9866192341,0.1280084252,-0.7745194435,-0.0028009978,0.6325435638,1,288.2,44.6,1575.9,1,-0.2170677632,0.2876534760,0.9328114390,0.9032070637,0.4216544628,0.0801520795,-0.3702680469,0.8599203229,-0.3513382971,1,169.8,229.2,1681.5,1,0.5516313910,0.2876535356,0.7829166055,0.6610353589,0.4216545522,-0.6206769347,-0.5086601973,0.8599204421,0.0424487144,1,228.8,-16.2,1782.1,1,0.4324430823,-0.2231549323,0.8736102581,-0.8996802568,-0.0426005274,0.4344660044,-0.0597369708,-0.9738517404,-0.2191903740,1,341.0,256.9,1469.2,1,-0.0023964853,-0.2232736498,0.9747528434,-0.9975523353,-0.0675850958,-0.0179333556,0.0698828101,-0.9724099636,-0.2225651890,1,453.8,22.2,1453.6,1,0.1829887033,-0.0397889912,-0.9823094606,0.4352631569,0.8991947174,0.0446602404,0.8815106153,-0.4357353747,0.1818611771,1,264.0,-163.1,1647.2,1,-0.9921467900,-0.0072727590,-0.1248680875,0.0156957712,0.9831778407,-0.1819754392,0.1240909994,-0.1825062186,-0.9753425121,1,280.0,-524.6,1822.3,1,0.6508339643,0.0865360498,0.7542722821,-0.4030980170,0.8812748194,0.2467117608,-0.6433717012,-0.4646140635,0.6084460616,1,378.0,-144.7,1505.8,1,0.7109147906,0.0000001577,0.7032781243,-0.0000001121,1.0000000000,-0.0000001109,-0.7032781243,0.0000000000,0.7109147906,0,343.2,-499.4,1692.8,1,83.8,-190.0,1915.9,1,453.2,-240.1,1471.9,1,282.7,-896.5,1891.4,1,343.2,-886.4,1692.8,0,
