1,0.6457419395,-0.1065044850,0.7560908198,-0.0055427207,0.9895436764,0.1441223770,-0.7635321021,-0.0972563922,0.6383993030,1,223.0,450.7,1576.3,1,0.6457419395,-0.1065044850,0.7560908198,-0.0055427207,0.9895436764,0.1441223770,-0.7635321021,-0.0972563922,0.6383993030,1,243.7,258.0,1595.2,1,0.6472709179,-0.0848605409,0.7575210929,-0.0213698074,0.9913724065,0.1293165833,-0.7619569302,-0.0998906791,0.6398727894,1,259.6,71.9,1613.9,1,-0.0000005960,-1.0000001192,0.0000000000,1.0000001192,-0.0000005960,0.0000000000,-0.0000000000,0.0000000000,1.0000000000,0,162.8,260.7,1690.4,1,0.0000197291,-0.9999990463,0.0000003430,0.9999990463,0.0000197291,-0.0000002246,0.0000002246,0.0000003430,1.0000000000,0,162.8,15.1,1690.4,0,-0.0000013113,1.0000001192,0.0000000000,-1.0000001192,-0.0000013113,0.0000000000,0.0000000000,-0.0000000000,1.0000000000,0,324.6,255.4,1499.9,1,0.0000197291,0.9999990463,0.0000002073,-0.9999990463,0.0000197291,-0.0000000024,-0.0000000024,-0.0000002073,1.0000000000,0,324.6,9.7,1499.9,0,-0.9410225153,0.1227962077,-0.3152744472,0.1896574497,0.9631001949,-0.1909665316,0.2801908553,-0.2394979000,-0.9295880198,0,219.3,-112.4,1698.9,0,-0.8293109536,0.0000000000,0.5587874055,0.0000000000,1.0000000000,0.0000000000,-0.5587874055,0.0000000000,-0.8293109536,0,173.2,-474.2,1788.9,0,-0.9410225153,0.1227962077,-0.3152744472,0.1896574497,0.9631001949,-0.1909665316,0.2801908553,-0.2394979000,-0.9295880198,1,331.8,-116.1,1566.5,1,-0.8293109536,0.0000000000,0.5587874055,0.0000000000,1.0000000000,0.0000000000,-0.5587874055,0.0000000000,-0.8293109536,0,285.7,-477.9,1656.5,1,162.8,-230.6,1690.4,0,324.6,-235.9,1499.9,0,173.2,-835.4,1788.9,0,285.7,-839.1,1656.5,0,
2,0.6609994173,-0.0935992002,0.7445254922,-0.0152292987,0.9903118610,0.1380188465,-0.7502284646,-0.1025686488,0.6531696916,1,222.9,449.8,1577.5,1,0.6609994173,-0.0935992002,0.7445254922,-0.0152292987,0.9903118610,0.1380188465,-0.7502284646,-0.1025686488,0.6531696916,1,241.2,256.8,1597.5,1,0.6626205444,-0.0702641532,0.7456514835,-0.0348373353,0.9916197658,0.1243997216,-0.7481411695,-0.1084060222,0.6546194553,1,254.4,70.6,1617.9,1,-0.0000005960,-1.0000001192,0.0000000000,1.0000001192,-0.0000005960,0.0000000000,-0.0000000000,0.0000000000,1.0000000000,0,158.3,261.1,1691.0,1,0.0000197291,-0.9999990463,0.0000003087,0.9999990463,0.0000197291,-0.0000002021,0.0000002021,0.0000003087,1.0000000000,0,158.3,15.5,1691.0,0,-0.0000013113,1.0000001192,0.0000000000,-1.0000001192,-0.0000013113,0.0000000000,0.0000000000,-0.0000000000,1.0000000000,0,324.0,252.4,1504.0,1,0.0000197291,0.9999990463,0.0000001866,-0.9999990463,0.0000197291,-0.0000000022,-0.0000000022,-0.0000001866,1.0000000000,0,324.0,6.8,1504.0,0,-0.9468795061,0.1206740439,-0.2980883718,0.1827170253,0.9646547437,-0.1898842007,0.2646382451,-0.2342633903,-0.9354608655,0,207.0,-112.4,1706.6,0,-0.8193253875,0.0000000000,0.5733287334,0.0000000000,1.0000000000,0.0000000000,-0.5733287334,0.0000000000,-0.8193253875,0,161.7,-474.8,1794.6,0,-0.9468795061,0.1206740439,-0.2980883718,0.1827170253,0.9646547437,-0.1898842007,0.2646382451,-0.2342633903,-0.9354608655,1,328.1,-118.8,1569.9,1,-0.8193253875,0.0000000000,0.5733287334,0.0000000000,1.0000000000,0.0000000000,-0.5733287334,0.0000000000,-0.8193253875,0,282.7,-481.1,1657.9,1,158.3,-230.1,1691.0,0,324.0,-238.9,1504.0,0,161.7,-836.0,1794.6,0,282.7,-842.4,1657.9,0,
3,0.6479169726,-0.0954006612,0.7557125688,-0.0245973151,0.9889873266,0.1459373087,-0.7613102794,-0.1131434143,0.6384347677,1,222.6,450.3,1576.7,1,0.6479169726,-0.0954006612,0.7557125688,-0.0245973151,0.9889873266,0.1459373087,-0.7613102794,-0.1131434143,0.6384347677,1,241.2,257.1,1598.8,1,0.6496331692,-0.0686211661,0.7571440339,-0.0453110002,0.9906523228,0.1286608875,-0.7588928938,-0.1178890094,0.6404510140,1,254.1,71.1,1620.9,1,-0.0000005960,-1.0000001192,0.0000000000,1.0000001192,-0.0000005960,0.0000000000,-0.0000000000,0.0000000000,1.0000000000,0,160.0,262.7,1693.6,1,0.0000197291,-0.9999990463,0.0000002779,0.9999990463,0.0000197291,-0.0000001819,0.0000001819,0.0000002779,1.0000000000,0,160.0,17.1,1693.6,0,-0.0000013113,1.0000001192,0.0000000000,-1.0000001192,-0.0000013113,0.0000000000,0.0000000000,-0.0000000000,1.0000000000,0,322.4,251.4,1503.9,1,0.0000197291,0.9999990463,0.0000001679,-0.9999990463,0.0000197291,-0.0000000020,-0.0000000020,-0.0000001679,1.0000000000,0,322.4,5.8,1503.9,0,-0.9462389946,0.0923517346,-0.3100045621,0.1513763368,0.9733831882,-0.1720767617,0.2858616412,-0.2097531259,-0.9350329638,0,209.4,-110.9,1710.3,0,-0.8294026256,0.0000000000,0.5586513877,0.0000000000,1.0000000000,0.0000000000,-0.5586513877,0.0000000000,-0.8294026256,0,174.7,-476.5,1789.1,0,-0.9462389946,0.0923517346,-0.3100045621,0.1513763368,0.9733831882,-0.1720767617,0.2858616412,-0.2097531259,-0.9350329638,1,324.6,-118.9,1575.7,1,-0.8294026256,0.0000000000,0.5586513877,0.0000000000,1.0000000000,0.0000000000,-0.5586513877,0.0000000000,-0.8294026256,0,289.9,-484.6,1654.5,1,160.0,-228.5,1693.6,0,322.4,-239.8,1503.9,0,174.7,-837.8,1789.1,0,289.9,-845.8,1654.5,0,
4,0.6615742445,-0.0830699205,0.7452638149,-0.0325045697,0.9897338152,0.1391733736,-0.7491714358,-0.1162976399,0.6520819068,1,223.0,450.4,1576.7,1,0.6615742445,-0.0830699205,0.7452638149,-0.0325045697,0.9897338152,0.1391733736,-0.7491714358,-0.1162976399,0.6520819068,1,239.3,256.7,1599.5,1,0.6630806923,-0.0578562953,0.7463081479,-0.0536754429,0.9907665849,0.1244965717,-0.7466176152,-0.1226093471,0.6538523436,1,250.1,70.7,1622.5,1,-0.0000005960,-1.0000001192,0.0000000000,1.0000001192,-0.0000005960,0.0000000000,-0.0000000000,0.0000000000,1.0000000000,0,156.4,263.4,1692.8,1,0.0000197291,-0.9999990463,0.0000002501,0.9999990463,0.0000197291,-0.0000001637,0.0000001637,0.0000002501,1.0000000000,0,156.4,17.8,1692.8,0,-0.0000013113,1.0000001192,0.0000000000,-1.0000001192,-0.0000013113,0.0000000000,0.0000000000,-0.0000000000,1.0000000000,0,322.2,250.0,1506.2,1,0.0000197291,0.9999990463,0.0000001511,-0.9999990463,0.0000197291,-0.0000000018,-0.0000000018,-0.0000001511,1.0000000000,0,322.2,4.4,1506.2,0,-0.9509968162,0.0976922363,-0.2933620512,0.1517659277,0.9741039872,-0.1675966978,0.2693922520,-0.2039062977,-0.9411960840,0,201.6,-110.5,1712.4,0,-0.8193076849,0.0000000000,0.5733541250,0.0000000000,1.0000000000,0.0000000000,-0.5733541250,0.0000000000,-0.8193076849,0,164.9,-476.4,1789.0,0,-0.9509968162,0.0976922363,-0.2933620512,0.1517659277,0.9741039872,-0.1675966978,0.2693922520,-0.2039062977,-0.9411960840,1,320.4,-120.1,1578.7,1,-0.8193076849,0.0000000000,0.5733541250,0.0000000000,1.0000000000,0.0000000000,-0.5733541250,0.0000000000,-0.8193076849,0,283.7,-486.0,1655.3,1,156.4,-227.8,1692.8,0,322.2,-241.2,1506.2,0,164.9,-837.6,1789.0,0,283.7,-847.3,1655.3,0,
5,0.6773729920,-0.0861546248,0.7305766940,-0.0230119582,0.9901502132,0.1381008774,-0.7352763414,-0.1103574708,0.6687180996,1,222.9,449.2,1576.8,1,0.6773729920,-0.0861546248,0.7305766940,-0.0230119582,0.9901502132,0.1381008774,-0.7352763414,-0.1103574708,0.6687180996,1,239.7,256.0,1598.3,1,0.6786321402,-0.0667366907,0.7314395308,-0.0393284298,0.9911324382,0.1269195974,-0.7334212661,-0.1148977652,0.6699892879,1,252.2,70.0,1619.9,1,-0.0000005960,-1.0000001192,0.0000000000,1.0000001192,-0.0000005960,0.0000000000,-0.0000000000,0.0000000000,1.0000000000,0,154.9,261.0,1690.0,1,0.0000197291,-0.9999990463,0.0000002251,0.9999990463,0.0000197291,-0.0000001474,0.0000001473,0.0000002251,1.0000000000,0,154.9,15.3,1690.0,0,-0.0000013113,1.0000001192,0.0000000000,-1.0000001192,-0.0000013113,0.0000000000,0.0000000000,-0.0000000000,1.0000000000,0,324.5,251.1,1506.6,1,0.0000197291,0.9999990463,0.0000001360,-0.9999990463,0.0000197291,-0.0000000016,-0.0000000016,-0.0000001360,1.0000000000,0,324.5,5.5,1506.6,0,-0.9583120346,0.0820506960,-0.2736888826,0.1320225596,0.9766510725,-0.1694767177,0.2533928156,-0.1985447109,-0.9467692375,0,207.8,-112.8,1703.0,0,-0.8084089160,0.0000000000,0.5886213183,0.0000000000,1.0000000000,0.0000000000,-0.5886213183,0.0000000000,-0.8084089160,0,177.0,-479.7,1777.5,0,-0.9583120346,0.0820506960,-0.2736888826,0.1320225596,0.9766510725,-0.1694767177,0.2533928156,-0.1985447109,-0.9467692375,1,321.7,-119.4,1579.9,1,-0.8084089160,0.0000000000,0.5886213183,0.0000000000,1.0000000000,0.0000000000,-0.5886213183,0.0000000000,-0.8084089160,0,290.8,-486.3,1654.5,1,154.9,-230.3,1690.0,0,324.5,-240.1,1506.6,0,177.0,-840.9,1777.5,0,290.8,-847.5,1654.5,0,
6,0.6577511430,-0.1019421965,0.7463045120,-0.0171925612,0.9885089397,0.1501783282,-0.7530357242,-0.1116105542,0.6484398246,1,221.7,449.8,1576.3,1,0.6577511430,-0.1019421965,0.7463045120,-0.0171925612,0.9885089397,0.1501783282,-0.7530357242,-0.1116105542,0.6484398246,1,241.6,257.1,1598.1,1,0.6594055295,-0.0741754174,0.7481186390,-0.0357865356,0.9908950925,0.1297888458,-0.7509318590,-0.1123557538,0.6507468224,1,255.5,71.1,1619.1,1,-0.0000005960,-1.0000001192,0.0000000000,1.0000001192,-0.0000005960,0.0000000000,-0.0000000000,0.0000000000,1.0000000000,0,159.1,261.6,1691.9,1,0.0000197291,-0.9999990463,0.0000002026,0.9999990463,0.0000197291,-0.0000001326,0.0000001326,0.0000002026,1.0000000000,0,159.1,15.9,1691.9,0,-0.0000013113,1.0000001192,0.0000000000,-1.0000001192,-0.0000013113,0.0000000000,0.0000000000,-0.0000000000,1.0000000000,0,324.0,252.6,1504.2,1,0.0000197291,0.9999990463,0.0000001224,-0.9999990463,0.0000197291,-0.0000000014,-0.0000000014,-0.0000001224,1.0000000000,0,324.0,7.0,1504.2,0,-0.9499995112,0.0966481566,-0.2969174981,0.1519562006,0.9737944603,-0.1692149937,0.2727822661,-0.2058726847,-0.9397905469,0,213.6,-111.9,1703.8,0,-0.8214462996,0.0000000000,0.5702859759,0.0000000000,1.0000000000,0.0000000000,-0.5702859759,0.0000000000,-0.8214462996,0,177.3,-477.8,1781.2,0,-0.9499995112,0.0966481566,-0.2969174981,0.1519562006,0.9737944603,-0.1692149937,0.2727822661,-0.2058726847,-0.9397905469,1,325.2,-118.0,1576.7,1,-0.8214462996,0.0000000000,0.5702859759,0.0000000000,1.0000000000,0.0000000000,-0.5702859759,0.0000000000,-0.8214462996,0,288.9,-483.8,1654.0,1,159.1,-229.7,1691.9,0,324.0,-238.6,1504.2,0,177.3,-839.0,1781.2,0,288.9,-845.0,1654.0,0,
7,0.6510183215,-0.1008195952,0.7523360848,-0.0181399006,0.9887900352,0.1482028812,-0.7588418126,-0.1101297960,0.6418913007,1,222.3,449.7,1577.0,1,0.6510183215,-0.1008195952,0.7523360848,-0.0181399006,0.9887900352,0.1482028812,-0.7588418126,-0.1101297960,0.6418913007,1,241.9,257.1,1598.5,1,0.6527000070,-0.0728997886,0.7541004419,-0.0373054259,0.9910594225,0.1280954480,-0.7566940784,-0.1117396355,0.6441445947,1,255.6,71.0,1619.5,1,-0.0000005960,-1.0000001192,0.0000000000,1.0000001192,-0.0000005960,0.0000000000,-0.0000000000,0.0000000000,1.0000000000,0,160.4,261.8,1693.1,1,0.0000197291,-0.9999990463,0.0000001823,0.9999990463,0.0000197291,-0.0000001194,0.0000001194,0.0000001823,1.0000000000,0,160.4,16.1,1693.1,0,-0.0000013113,1.0000001192,0.0000000000,-1.0000001192,-0.0000013113,0.0000000000,0.0000000000,-0.0000000000,1.0000000000,0,323.5,252.4,1503.9,1,0.0000197291,0.9999990463,0.0000001102,-0.9999990463,0.0000197291,-0.0000000013,-0.0000000013,-0.0000001102,1.0000000000,0,323.5,6.8,1503.9,0,-0.9464724064,0.1036005020,-0.3057072163,0.1613412201,0.9721343517,-0.1700692177,0.2795692384,-0.2102889866,-0.9368134737,0,212.7,-111.8,1706.1,0,-0.8260239959,0.0000000000,0.5636348724,0.0000000000,1.0000000000,0.0000000000,-0.5636348724,0.0000000000,-0.8260239959,0,173.8,-477.0,1785.1,0,-0.9464724064,0.1036005020,-0.3057072163,0.1613412201,0.9721343517,-0.1700692177,0.2795692384,-0.2102889866,-0.9368134737,1,325.9,-118.3,1574.8,1,-0.8260239959,0.0000000000,0.5636348724,0.0000000000,1.0000000000,0.0000000000,-0.5636348724,0.0000000000,-0.8260239959,0,287.0,-483.5,1653.8,1,160.3,-229.5,1693.1,0,323.5,-238.8,1503.9,0,173.8,-838.2,1785.1,0,287.0,-844.7,1653.8,0,
8,0.6420646310,-0.1077562943,0.7590393424,-0.0162458736,0.9879377484,0.1539932936,-0.7664750218,-0.1112046093,0.6325690150,1,222.1,450.5,1576.4,1,0.6420646310,-0.1077562943,0.7590393424,-0.0162458736,0.9879377484,0.1539932936,-0.7664750218,-0.1112046093,0.6325690150,1,243.1,257.7,1598.1,1,0.6438753009,-0.0790454596,0.7610358596,-0.0354229771,0.9905026555,0.1328482330,-0.7643066645,-0.1124955565,0.6349598169,1,258.0,71.8,1619.2,1,-0.0000005960,-1.0000001192,0.0000000000,1.0000001192,-0.0000005960,0.0000000000,-0.0000000000,0.0000000000,1.0000000000,0,162.6,262.1,1693.7,1,0.0000197291,-0.9999990463,0.0000001641,0.9999990463,0.0000197291,-0.0000001074,0.0000001074,0.0000001641,1.0000000000,0,162.6,16.5,1693.7,0,-0.0000013113,1.0000001192,0.0000000000,-1.0000001192,-0.0000013113,0.0000000000,0.0000000000,-0.0000000000,1.0000000000,0,323.6,253.3,1502.6,1,0.0000197291,0.9999990463,0.0000000992,-0.9999990463,0.0000197291,-0.0000000012,-0.0000000012,-0.0000000992,1.0000000000,0,323.6,7.7,1502.6,0,-0.9429609776,0.1057381928,-0.3156642914,0.1666899920,0.9707553387,-0.1727666110,0.2881647348,-0.2155302316,-0.9330099821,0,217.7,-111.2,1705.7,0,-0.8317781687,0.0000000000,0.5551081896,0.0000000000,1.0000000000,0.0000000000,-0.5551081896,0.0000000000,-0.8317781687,0,178.0,-475.9,1786.7,0,-0.9429609776,0.1057381928,-0.3156642914,0.1666899920,0.9707553387,-0.1727666110,0.2881647348,-0.2155302316,-0.9330099821,1,327.9,-117.2,1575.0,1,-0.8317781687,0.0000000000,0.5551081896,0.0000000000,1.0000000000,0.0000000000,-0.5551081896,0.0000000000,-0.8317781687,0,288.1,-481.9,1656.0,1,162.6,-229.1,1693.7,0,323.6,-238.0,1502.6,0,178.0,-837.1,1786.7,0,288.1,-843.1,1656.0,0,
9,0.6599123478,-0.0928206816,0.7455865145,-0.0153673086,0.9904640913,0.1369072348,-0.7511820197,-0.1018041149,0.6521927118,1,222.1,451.8,1581.1,1,0.6599123478,-0.0928206816,0.7455865145,-0.0153673086,0.9904640913,0.1369072348,-0.7511820197,-0.1018041149,0.6521927118,1,240.2,258.7,1601.0,1,0.6615659595,-0.0670849383,0.7468796968,-0.0358689651,0.9920189381,0.1208745986,-0.7490252256,-0.1067560241,0.6538794041,1,252.8,72.4,1621.0,1,-0.0000005960,-1.0000001192,0.0000000000,1.0000001192,-0.0000005960,0.0000000000,-0.0000000000,0.0000000000,1.0000000000,0,157.5,263.2,1694.6,1,0.0000197291,-0.9999990463,0.0000001477,0.9999990463,0.0000197291,-0.0000000967,0.0000000967,0.0000001477,1.0000000000,0,157.5,17.5,1694.6,0,-0.0000013113,1.0000001192,0.0000000000,-1.0000001192,-0.0000013113,0.0000000000,0.0000000000,-0.0000000000,1.0000000000,0,322.9,254.2,1507.3,1,0.0000197291,0.9999990463,0.0000000892,-0.9999990463,0.0000197291,-0.0000000010,-0.0000000010,-0.0000000892,1.0000000000,0,322.9,8.6,1507.3,0,-0.9477494955,0.1141119897,-0.2979079783,0.1719624400,0.9692916870,-0.1757909358,0.2686998546,-0.2178347409,-0.9382687807,0,206.2,-110.6,1708.0,0,-0.8199697733,0.0000000000,0.5724067092,0.0000000000,1.0000000000,0.0000000000,-0.5724067092,0.0000000000,-0.8199697733,0,163.4,-474.7,1789.8,0,-0.9477494955,0.1141119897,-0.2979079783,0.1719624400,0.9692916870,-0.1757909358,0.2686998546,-0.2178347409,-0.9382687807,1,324.5,-117.0,1574.1,1,-0.8199697733,0.0000000000,0.5724067092,0.0000000000,1.0000000000,0.0000000000,-0.5724067092,0.0000000000,-0.8199697733,0,281.6,-481.2,1655.9,1,157.5,-228.1,1694.6,0,322.9,-237.1,1507.3,0,163.4,-836.0,1789.8,0,281.6,-842.4,1655.9,0,
10,0.6703306437,-0.0886847675,0.7367436290,-0.0207583476,0.9902028441,0.1380811930,-0.7417687178,-0.1078532934,0.6619219780,1,222.1,451.2,1578.5,1,0.6703306437,-0.0886847675,0.7367436290,-0.0207583476,0.9902028441,0.1380811930,-0.7417687178,-0.1078532934,0.6619219780,1,239.4,257.9,1599.5,1,0.6717578769,-0.0668090954,0.7377514839,-0.0389463007,0.9913615584,0.1252373308,-0.7397428751,-0.1128615290,0.6633526087,1,252.0,71.8,1620.7,1,-0.0000005960,-1.0000001192,0.0000000000,1.0000001192,-0.0000005960,0.0000000000,-0.0000000000,0.0000000000,1.0000000000,0,155.4,262.8,1692.0,1,0.0000197291,-0.9999990463,0.0000001329,0.9999990463,0.0000197291,-0.0000000870,0.0000000870,0.0000001329,1.0000000000,0,155.4,17.2,1692.0,0,-0.0000013113,1.0000001192,0.0000000000,-1.0000001192,-0.0000013113,0.0000000000,0.0000000000,-0.0000000000,1.0000000000,0,323.4,253.1,1507.1,1,0.0000197291,0.9999990463,0.0000000803,-0.9999990463,0.0000197291,-0.0000000009,-0.0000000009,-0.0000000803,1.0000000000,0,323.4,7.4,1507.1,0,-0.9538481236,0.0956217498,-0.2846581042,0.1503826529,0.9726195931,-0.1771902442,0.2599207163,-0.2118202746,-0.9421111345,0,205.9,-110.9,1706.5,0,-0.8136276007,0.0000000000,0.5813863873,0.0000000000,1.0000000000,0.0000000000,-0.5813863873,0.0000000000,-0.8136276007,0,170.0,-476.3,1786.0,0,-0.9538481236,0.0956217498,-0.2846581042,0.1503826529,0.9726195931,-0.1771902442,0.2599207163,-0.2118202746,-0.9421111345,1,323.1,-117.7,1577.3,1,-0.8136276007,0.0000000000,0.5813863873,0.0000000000,1.0000000000,0.0000000000,-0.5813863873,0.0000000000,-0.8136276007,0,287.2,-483.1,1656.9,1,155.4,-228.5,1692.0,0,323.4,-238.2,1507.1,0,170.0,-837.5,1786.0,0,287.2,-844.3,1656.9,0,
11,0.6747278571,-0.0857455954,0.7330684662,-0.0186705049,0.9909275174,0.1330909133,-0.7378270030,-0.1034865826,0.6670050621,1,220.6,453.3,1580.6,1,0.6747278571,-0.0857455954,0.7330684662,-0.0186705049,0.9909275174,0.1330909133,-0.7378270030,-0.1034865826,0.6670050621,1,237.3,259.9,1600.8,1,0.6758792996,-0.0690862983,0.7337667346,-0.0334148742,0.9917002320,0.1241496652,-0.7362510562,-0.1084286049,0.6679607630,1,250.3,73.7,1621.2,1,-0.0000005960,-1.0000001192,0.0000000000,1.0000001192,-0.0000005960,0.0000000000,-0.0000000000,0.0000000000,1.0000000000,0,152.8,264.1,1692.9,1,0.0000197291,-0.9999990463,0.0000001196,0.9999990463,0.0000197291,-0.0000000783,0.0000000783,0.0000001196,1.0000000000,0,152.8,18.5,1692.9,0,-0.0000013113,1.0000001192,0.0000000000,-1.0000001192,-0.0000013113,0.0000000000,0.0000000000,-0.0000000000,1.0000000000,0,321.8,255.7,1508.8,1,0.0000197291,0.9999990463,0.0000000723,-0.9999990463,0.0000197291,-0.0000000008,-0.0000000008,-0.0000000723,1.0000000000,0,321.8,10.1,1508.8,0,-0.9553360343,0.0978327990,-0.2788574100,0.1502094865,0.9733813405,-0.1731061041,0.2544991374,-0.2072615921,-0.9446018338,0,204.4,-109.5,1705.6,0,-0.8099059463,0.0000000000,0.5865597129,0.0000000000,1.0000000000,0.0000000000,-0.5865597129,0.0000000000,-0.8099059463,0,167.7,-475.2,1783.5,0,-0.9553360343,0.0978327990,-0.2788574100,0.1502094865,0.9733813405,-0.1731061041,0.2544991374,-0.2072615921,-0.9446018338,1,322.0,-115.4,1577.5,1,-0.8099059463,0.0000000000,0.5865597129,0.0000000000,1.0000000000,0.0000000000,-0.5865597129,0.0000000000,-0.8099059463,0,285.3,-481.0,1655.3,1,152.8,-227.2,1692.9,0,321.8,-235.5,1508.8,0,167.7,-836.4,1783.5,0,285.3,-842.2,1655.3,0,
12,0.6682647467,-0.0727117211,0.7403611541,-0.0268302001,0.9922083616,0.1216628104,-0.7434362173,-0.1011666507,0.6611065865,1,222.2,454.1,1584.2,1,0.6682647467,-0.0727117211,0.7403611541,-0.0268302001,0.9922083616,0.1216628104,-0.7434362173,-0.1011666507,0.6611065865,1,236.4,260.1,1604.0,1,0.6694725156,-0.0522091649,0.7409994602,-0.0460206084,0.9926954508,0.1115208790,-0.7414065599,-0.1087610722,0.6621792316,1,246.2,73.8,1624.4,1,-0.0000005960,-1.0000001192,0.0000000000,1.0000001192,-0.0000005960,0.0000000000,-0.0000000000,0.0000000000,1.0000000000,0,152.7,265.9,1696.7,1,0.0000197291,-0.9999990463,0.0000001076,0.9999990463,0.0000197291,-0.0000000705,0.0000000705,0.0000001076,1.0000000000,0,152.7,20.3,1696.7,0,-0.0000013113,1.0000001192,0.0000000000,-1.0000001192,-0.0000013113,0.0000000000,0.0000000000,-0.0000000000,1.0000000000,0,320.1,254.4,1511.3,1,0.0000197291,0.9999990463,0.0000000651,-0.9999990463,0.0000197291,-0.0000000008,-0.0000000008,-0.0000000651,1.0000000000,0,320.1,8.7,1511.3,0,-0.9522179365,0.0939506739,-0.2906100750,0.1489956528,0.9735012054,-0.1734807193,0.2666105926,-0.2084910870,-0.9409836531,0,195.5,-108.4,1711.8,0,-0.8167412281,0.0000000000,0.5770041347,0.0000000000,1.0000000000,0.0000000000,-0.5770041347,0.0000000000,-0.8167412281,0,160.2,-474.2,1790.1,0,-0.9522179365,0.0939506739,-0.2906100750,0.1489956528,0.9735012054,-0.1734807193,0.2666105926,-0.2084910870,-0.9409836531,1,316.5,-116.8,1577.9,1,-0.8167412281,0.0000000000,0.5770041347,0.0000000000,1.0000000000,0.0000000000,-0.5770041347,0.0000000000,-0.8167412281,0,281.2,-482.5,1656.2,1,152.7,-225.4,1696.7,0,320.1,-236.9,1511.3,0,160.2,-835.4,1790.1,0,281.2,-843.7,1656.2,0,
13,0.6480405927,-0.0807131231,0.7573164701,-0.0299847052,0.9908933640,0.1312647909,-0.7610118985,-0.1077724695,0.6397186518,1,221.1,455.0,1584.0,1,0.6480405927,-0.0807131231,0.7573164701,-0.0299847052,0.9908933640,0.1312647909,-0.7610118985,-0.1077724695,0.6397186518,1,236.9,261.5,1605.1,1,0.6495139003,-0.0550886504,0.7583510280,-0.0514961816,0.9918943644,0.1161588505,-0.7586004138,-0.1144986451,0.6414120197,1,247.3,75.3,1626.6,1,-0.0000005960,-1.0000001192,0.0000000000,1.0000001192,-0.0000005960,0.0000000000,-0.0000000000,0.0000000000,1.0000000000,0,155.7,267.9,1699.9,1,0.0000197291,-0.9999990463,0.0000000969,0.9999990463,0.0000197291,-0.0000000634,0.0000000634,0.0000000969,1.0000000000,0,155.7,22.3,1699.9,0,-0.0000013113,1.0000001192,0.0000000000,-1.0000001192,-0.0000013113,0.0000000000,0.0000000000,-0.0000000000,1.0000000000,0,318.1,255.1,1510.2,1,0.0000197291,0.9999990463,0.0000000585,-0.9999990463,0.0000197291,-0.0000000007,-0.0000000007,-0.0000000585,1.0000000000,0,318.1,9.4,1510.2,0,-0.9467695951,0.0690840930,-0.3144115806,0.1275925785,0.9772377610,-0.1694885194,0.2955459952,-0.2005831599,-0.9340336919,0,200.8,-106.4,1714.3,0,-0.8326676488,0.0000000000,0.5537731647,0.0000000000,1.0000000000,0.0000000000,-0.5537731647,0.0000000000,-0.8326676488,0,174.9,-473.6,1789.7,0,-0.9467695951,0.0690840930,-0.3144115806,0.1275925785,0.9772377610,-0.1694885194,0.2955459952,-0.2005831599,-0.9340336919,1,314.3,-115.4,1581.8,1,-0.8326676488,0.0000000000,0.5537731647,0.0000000000,1.0000000000,0.0000000000,-0.5537731647,0.0000000000,-0.8326676488,0,288.4,-482.6,1657.1,1,155.7,-223.3,1699.9,0,318.1,-236.2,1510.2,0,174.9,-834.8,1789.7,0,288.4,-843.8,1657.1,0,
14,0.6578228474,-0.0817708299,0.7487201691,-0.0192297567,0.9919410348,0.1252286136,-0.7529237866,-0.0967756361,0.6509487033,1,221.9,454.9,1583.9,1,0.6578228474,-0.0817708299,0.7487201691,-0.0192297567,0.9919410348,0.1252286136,-0.7529237866,-0.0967756361,0.6509487033,1,237.9,261.2,1602.8,1,0.6590145826,-0.0613654330,0.7496221662,-0.0357565545,0.9929826260,0.1127214208,-0.7512763143,-0.1010886729,0.6521954536,1,249.4,74.8,1621.8,1,-0.0000005960,-1.0000001192,0.0000000000,1.0000001192,-0.0000005960,0.0000000000,-0.0000000000,0.0000000000,1.0000000000,0,155.5,265.6,1696.7,1,0.0000197291,-0.9999990463,0.0000000872,0.9999990463,0.0000197291,-0.0000000571,0.0000000571,0.0000000872,1.0000000000,0,155.5,20.0,1696.7,0,-0.0000013113,1.0000001192,0.0000000000,-1.0000001192,-0.0000013113,0.0000000000,0.0000000000,-0.0000000000,1.0000000000,0,320.3,256.7,1508.9,1,0.0000197291,0.9999990463,0.0000000527,-0.9999990463,0.0000197291,-0.0000000006,-0.0000000006,-0.0000000527,1.0000000000,0,320.3,11.1,1508.9,0,-0.9497518539,0.0780785531,-0.3031090498,0.1346411705,0.9761263728,-0.1704375893,0.2825652063,-0.2026843429,-0.9375904799,0,206.3,-108.7,1703.0,0,-0.8251863122,0.0000000000,0.5648607612,0.0000000000,1.0000000000,0.0000000000,-0.5648607612,0.0000000000,-0.8251863122,0,177.0,-475.4,1779.1,0,-0.9497518539,0.0780785531,-0.3031090498,0.1346411705,0.9761263728,-0.1704375893,0.2825652063,-0.2026843429,-0.9375904799,1,315.5,-114.6,1578.6,1,-0.8251863122,0.0000000000,0.5648607612,0.0000000000,1.0000000000,0.0000000000,-0.5648607612,0.0000000000,-0.8251863122,0,286.2,-481.3,1654.7,1,155.5,-225.6,1696.7,0,320.3,-234.6,1508.9,0,177.0,-836.6,1779.1,0,286.2,-842.6,1654.7,0,
15,0.6656964421,-0.0790334791,0.7420251369,-0.0200967025,0.9921157360,0.1236996353,-0.7459485531,-0.0972583443,0.6588591933,1,221.9,453.8,1583.9,1,0.6656964421,-0.0790334791,0.7420251369,-0.0200967025,0.9921157360,0.1236996353,-0.7459485531,-0.0972583443,0.6588591933,1,237.3,260.1,1602.8,1,0.6668837667,-0.0599051863,0.7427494526,-0.0370594002,0.9928631186,0.1133511961,-0.7442362905,-0.1031176224,0.6599038243,1,248.6,73.7,1622.2,1,-0.0000005960,-1.0000001192,0.0000000000,1.0000001192,-0.0000005960,0.0000000000,-0.0000000000,0.0000000000,1.0000000000,0,154.0,264.7,1695.9,1,0.0000197291,-0.9999990463,0.0000000785,0.9999990463,0.0000197291,-0.0000000514,0.0000000514,0.0000000785,1.0000000000,0,154.0,19.1,1695.9,0,-0.0000013113,1.0000001192,0.0000000000,-1.0000001192,-0.0000013113,0.0000000000,0.0000000000,-0.0000000000,1.0000000000,0,320.7,255.5,1509.8,1,0.0000197291,0.9999990463,0.0000000474,-0.9999990463,0.0000197291,-0.0000000006,-0.0000000006,-0.0000000474,1.0000000000,0,320.7,9.8,1509.8,0,-0.9520776272,0.0795762241,-0.2953233719,0.1385748833,0.9730021358,-0.1845645607,0.2726632655,-0.2166441977,-0.9374006987,0,201.6,-109.5,1706.5,0,-0.8203411698,0.0000000000,0.5718743801,0.0000000000,1.0000000000,0.0000000000,-0.5718743801,0.0000000000,-0.8203411698,0,171.7,-475.0,1787.9,0,-0.9520776272,0.0795762241,-0.2953233719,0.1385748833,0.9730021358,-0.1845645607,0.2726632655,-0.2166441977,-0.9374006987,1,318.1,-116.0,1576.6,1,-0.8203411698,0.0000000000,0.5718743801,0.0000000000,1.0000000000,0.0000000000,-0.5718743801,0.0000000000,-0.8203411698,0,288.2,-481.5,1658.0,1,154.0,-226.5,1695.9,0,320.7,-235.8,1509.8,0,171.7,-836.2,1787.9,0,288.2,-842.7,1658.0,0,
16,0.6454728246,-0.0868605226,0.7588277459,-0.0200504195,0.9912425876,0.1305189729,-0.7635167241,-0.0994609520,0.6380782127,1,222.2,453.0,1583.3,1,0.6454728246,-0.0868605226,0.7588277459,-0.0200504195,0.9912425876,0.1305189729,-0.7635167241,-0.0994609520,0.6380782127,1,239.1,260.1,1602.7,1,0.6470150948,-0.0624816120,0.7599124312,-0.0405362137,0.9924082160,0.1161112487,-0.7613955736,-0.1059294045,0.6395699978,1,250.9,73.8,1622.6,1,-0.0000005960,-1.0000001192,0.0000000000,1.0000001192,-0.0000005960,0.0000000000,-0.0000000000,0.0000000000,1.0000000000,0,158.3,265.2,1697.9,1,0.0000197291,-0.9999990463,0.0000000706,0.9999990463,0.0000197291,-0.0000000462,0.0000000462,0.0000000706,1.0000000000,0,158.3,19.6,1697.9,0,-0.0000013113,1.0000001192,0.0000000000,-1.0000001192,-0.0000013113,0.0000000000,0.0000000000,-0.0000000000,1.0000000000,0,320.0,255.1,1507.5,1,0.0000197291,0.9999990463,0.0000000427,-0.9999990463,0.0000197291,-0.0000000005,-0.0000000005,-0.0000000427,1.0000000000,0,320.0,9.4,1507.5,0,-0.9453046918,0.0764548630,-0.3171015680,0.1359501928,0.9760294557,-0.1699523628,0.2965068221,-0.2037667930,-0.9330395460,0,206.9,-109.0,1708.0,0,-0.8336823583,0.0000000000,0.5522443056,0.0000000000,1.0000000000,0.0000000000,-0.5522443056,0.0000000000,-0.8336823583,0,178.2,-475.7,1784.6,0,-0.9453046918,0.0764548630,-0.3171015680,0.1359501928,0.9760294557,-0.1699523628,0.2965068221,-0.2037667930,-0.9330395460,1,318.3,-116.0,1576.9,1,-0.8336823583,0.0000000000,0.5522443056,0.0000000000,1.0000000000,0.0000000000,-0.5522443056,0.0000000000,-0.8336823583,0,289.6,-482.7,1653.5,1,158.3,-226.1,1697.9,0,320.0,-236.2,1507.5,0,178.2,-836.9,1784.6,0,289.6,-843.9,1653.5,0,
17,0.6589500904,-0.0836569443,0.7475197911,-0.0168366600,0.9919061661,0.1258480847,-0.7519949675,-0.0955130234,0.6522076726,1,221.3,451.7,1584.1,1,0.6589500904,-0.0836569443,0.7475197911,-0.0168366600,0.9919061661,0.1258480847,-0.7519949675,-0.0955130234,0.6522076726,1,237.6,259.2,1602.6,1,0.6605060101,-0.0618988909,0.7482645512,-0.0380496085,0.9925553799,0.1156938896,-0.7498527765,-0.1048873886,0.6532330513,1,249.2,72.9,1622.3,1,-0.0000005960,-1.0000001192,0.0000000000,1.0000001192,-0.0000005960,0.0000000000,-0.0000000000,0.0000000000,1.0000000000,0,155.0,264.0,1696.3,1,0.0000197291,-0.9999990463,0.0000000636,0.9999990463,0.0000197291,-0.0000000416,0.0000000416,0.0000000636,1.0000000000,0,155.0,18.3,1696.3,0,-0.0000013113,1.0000001192,0.0000000000,-1.0000001192,-0.0000013113,0.0000000000,0.0000000000,-0.0000000000,1.0000000000,0,320.1,254.4,1508.9,1,0.0000197291,0.9999990463,0.0000000384,-0.9999990463,0.0000197291,-0.0000000004,-0.0000000004,-0.0000000384,1.0000000000,0,320.1,8.8,1508.9,0,-0.9497649074,0.0836172402,-0.3015871942,0.1421599537,0.9737604260,-0.1777111590,0.2788138986,-0.2116574645,-0.9367303848,0,203.3,-110.2,1707.3,0,-0.8239986897,0.0000000000,0.5665917397,0.0000000000,1.0000000000,0.0000000000,-0.5665917397,0.0000000000,-0.8239986897,0,171.9,-476.0,1786.8,0,-0.9497649074,0.0836172402,-0.3015871942,0.1421599537,0.9737604260,-0.1777111590,0.2788138986,-0.2116574645,-0.9367303848,1,318.3,-116.8,1576.7,1,-0.8239986897,0.0000000000,0.5665917397,0.0000000000,1.0000000000,0.0000000000,-0.5665917397,0.0000000000,-0.8239986897,0,286.9,-482.6,1656.2,1,155.0,-227.3,1696.3,0,320.1,-236.8,1508.9,0,171.9,-837.2,1786.8,0,286.9,-843.8,1656.2,0,
18,0.6697491407,-0.0865422338,0.7375268936,-0.0107380711,0.9919528961,0.1261475384,-0.7425063848,-0.0924065337,0.6634298563,1,221.1,451.5,1583.4,1,0.6697491407,-0.0865422338,0.7375268936,-0.0107380711,0.9919528961,0.1261475384,-0.7425063848,-0.0924065337,0.6634298563,1,237.9,258.4,1601.4,1,0.6711918116,-0.0666020438,0.7382853031,-0.0294343643,0.9927751422,0.1163188890,-0.7406957746,-0.0998029709,0.6643816829,1,250.4,72.0,1620.2,1,-0.0000005960,-1.0000001192,0.0000000000,1.0000001192,-0.0000005960,0.0000000000,-0.0000000000,0.0000000000,1.0000000000,0,154.0,262.0,1694.0,1,0.0000197291,-0.9999990463,0.0000000572,0.9999990463,0.0000197291,-0.0000000375,0.0000000375,0.0000000572,1.0000000000,0,154.0,16.4,1694.0,0,-0.0000013113,1.0000001192,0.0000000000,-1.0000001192,-0.0000013113,0.0000000000,0.0000000000,-0.0000000000,1.0000000000,0,321.8,254.7,1508.8,1,0.0000197291,0.9999990463,0.0000000346,-0.9999990463,0.0000197291,-0.0000000004,-0.0000000004,-0.0000000346,1.0000000000,0,321.8,9.0,1508.8,0,-0.9552180767,0.0705839545,-0.2873606980,0.1240437701,0.9772018194,-0.1723063886,0.2686473727,-0.2002355009,-0.9421964884,0,206.0,-111.9,1701.7,0,-0.8163266182,0.0000000000,0.5775904655,0.0000000000,1.0000000000,0.0000000000,-0.5775904655,0.0000000000,-0.8163266182,0,179.5,-479.0,1776.9,0,-0.9552180767,0.0705839545,-0.2873606980,0.1240437701,0.9772018194,-0.1723063886,0.2686473727,-0.2002355009,-0.9421964884,1,319.8,-116.9,1576.1,1,-0.8163266182,0.0000000000,0.5775904655,0.0000000000,1.0000000000,0.0000000000,-0.5775904655,0.0000000000,-0.8163266182,0,293.3,-484.0,1651.3,1,154.0,-229.2,1694.0,0,321.8,-236.6,1508.8,0,179.5,-840.2,1776.9,0,293.3,-845.2,1651.3,0,
19,0.6703727245,-0.0885241404,0.7367247343,-0.0046100710,0.9923416376,0.1234331056,-0.7420067787,-0.0861422941,0.6648302078,1,221.4,452.7,1583.1,1,0.6703727245,-0.0885241404,0.7367247343,-0.0046100710,0.9923416376,0.1234331056,-0.7420067787,-0.0861422941,0.6648302078,1,238.6,259.8,1599.9,1,0.6714422107,-0.0726293027,0.7374888659,-0.0177874174,0.9933189154,0.1140177846,-0.7408400178,-0.0896741375,0.6656638384,1,252.3,73.3,1616.7,1,-0.0000005960,-1.0000001192,0.0000000000,1.0000001192,-0.0000005960,0.0000000000,-0.0000000000,0.0000000000,1.0000000000,0,154.7,262.0,1692.5,1,0.0000197291,-0.9999990463,0.0000000515,0.9999990463,0.0000197291,-0.0000000337,0.0000000337,0.0000000515,1.0000000000,0,154.7,16.3,1692.5,0,-0.0000013113,1.0000001192,0.0000000000,-1.0000001192,-0.0000013113,0.0000000000,0.0000000000,-0.0000000000,1.0000000000,0,322.6,257.5,1507.3,1,0.0000197291,0.9999990463,0.0000000311,-0.9999990463,0.0000197291,-0.0000000004,-0.0000000004,-0.0000000311,1.0000000000,0,322.6,11.9,1507.3,0,-0.9543482065,0.0810781121,-0.2874818444,0.1359866709,0.9748630524,-0.1764931381,0.2659457326,-0.2075296342,-0.9413841963,0,209.7,-111.7,1695.6,0,-0.8154950738,0.0000000000,0.5787639022,0.0000000000,1.0000000000,0.0000000000,-0.5787639022,0.0000000000,-0.8154950738,0,179.3,-478.0,1773.5,0,-0.9543482065,0.0810781121,-0.2874818444,0.1359866709,0.9748630524,-0.1764931381,0.2659457326,-0.2075296342,-0.9413841963,1,322.1,-114.7,1571.5,1,-0.8154950738,0.0000000000,0.5787639022,0.0000000000,1.0000000000,0.0000000000,-0.5787639022,0.0000000000,-0.8154950738,0,291.7,-480.9,1649.5,1,154.7,-229.3,1692.5,0,322.6,-233.7,1507.3,0,179.3,-839.2,1773.5,0,291.7,-842.2,1649.5,0,
20,0.6731127501,-0.0912125707,0.7338930368,0.0023498775,0.9926232100,0.1212132201,-0.7395327687,-0.0798653737,0.6683610678,1,222.1,453.0,1583.5,1,0.6731127501,-0.0912125707,0.7338930368,0.0023498775,0.9926232100,0.1212132201,-0.7395327687,-0.0798653737,0.6683610678,1,239.9,260.1,1599.0,1,0.6740971208,-0.0761389509,0.7347077131,-0.0093338843,0.9937151670,0.1115435809,-0.7385804057,-0.0820486620,0.6691492796,1,254.2,73.5,1614.4,1,-0.0000005960,-1.0000001192,0.0000000000,1.0000001192,-0.0000005960,0.0000000000,-0.0000000000,0.0000000000,1.0000000000,0,155.6,261.3,1691.3,1,0.0000197291,-0.9999990463,0.0000000463,0.9999990463,0.0000197291,-0.0000000303,0.0000000303,0.0000000463,1.0000000000,0,155.6,15.6,1691.3,0,-0.0000013113,1.0000001192,0.0000000000,-1.0000001192,-0.0000013113,0.0000000000,0.0000000000,-0.0000000000,1.0000000000,0,324.1,258.9,1506.7,1,0.0000197291,0.9999990463,0.0000000280,-0.9999990463,0.0000197291,-0.0000000003,-0.0000000003,-0.0000000280,1.0000000000,0,324.1,13.3,1506.7,0,-0.9540445209,0.0889312327,-0.2861645818,0.1470276713,0.9710221291,-0.1884117872,0.2611163855,-0.2218273878,-0.9394736290,0,211.5,-112.2,1692.2,0,-0.8137816787,0.0000000000,0.5811707377,0.0000000000,1.0000000000,0.0000000000,-0.5811707377,0.0000000000,-0.8137816787,0,178.1,-477.0,1775.5,0,-0.9540445209,0.0889312327,-0.2861645818,0.1470276713,0.9710221291,-0.1884117872,0.2611163855,-0.2218273878,-0.9394736290,1,325.4,-113.8,1567.4,1,-0.8137816787,0.0000000000,0.5811707377,0.0000000000,1.0000000000,0.0000000000,-0.5811707377,0.0000000000,-0.8137816787,0,292.0,-478.6,1650.8,1,155.6,-230.0,1691.3,0,324.1,-232.3,1506.7,0,178.1,-838.3,1775.5,0,292.0,-839.8,1650.8,0,
21,0.6673998833,-0.0886136368,0.7394082546,0.0100040268,0.9938718677,0.1100792214,-0.7446290255,-0.0660695881,0.6641960144,1,223.0,453.2,1588.1,1,0.6673998833,-0.0886136368,0.7394082546,0.0100040268,0.9938718677,0.1100792214,-0.7446290255,-0.0660695881,0.6641960144,1,240.2,260.3,1601.0,1,0.6682619452,-0.0781059489,0.7398141026,-0.0002772132,0.9944463968,0.1052385792,-0.7439226508,-0.0705318302,0.6645285487,1,254.9,73.6,1614.2,1,-0.0000005960,-1.0000001192,0.0000000000,1.0000001192,-0.0000005960,0.0000000000,-0.0000000000,0.0000000000,1.0000000000,0,156.7,260.4,1693.9,1,0.0000197291,-0.9999990463,0.0000000417,0.9999990463,0.0000197291,-0.0000000273,0.0000000273,0.0000000417,1.0000000000,0,156.7,14.7,1693.9,0,-0.0000013113,1.0000001192,0.0000000000,-1.0000001192,-0.0000013113,0.0000000000,0.0000000000,-0.0000000000,1.0000000000,0,323.7,260.3,1508.0,1,0.0000197291,0.9999990463,0.0000000252,-0.9999990463,0.0000197291,-0.0000000003,-0.0000000003,-0.0000000252,1.0000000000,0,323.7,14.7,1508.0,0,-0.9504010677,0.0995038748,-0.2946805060,0.1601514220,0.9687504768,-0.1894040108,0.2666254640,-0.2272033244,-0.9366374016,0,212.4,-113.0,1691.0,0,-0.8177716136,0.0000000000,0.5755429864,0.0000000000,1.0000000000,0.0000000000,-0.5755429864,0.0000000000,-0.8177716136,0,175.1,-477.0,1776.4,0,-0.9504010677,0.0995038748,-0.2946805060,0.1601514220,0.9687504768,-0.1894040108,0.2666254640,-0.2272033244,-0.9366374016,1,326.6,-113.1,1563.9,1,-0.8177716136,0.0000000000,0.5755429864,0.0000000000,1.0000000000,0.0000000000,-0.5755429864,0.0000000000,-0.8177716136,0,289.3,-477.0,1649.2,1,156.7,-230.9,1693.9,0,323.7,-231.0,1508.0,0,175.1,-838.2,1776.4,0,289.3,-838.2,1649.2,0,
22,0.6695323586,-0.0936345533,0.7368571758,0.0098473504,0.9930539727,0.1172419935,-0.7427142859,-0.0712409988,0.6658033729,1,221.5,452.8,1585.5,1,0.6695323586,-0.0936345533,0.7368571758,0.0098473504,0.9930539727,0.1172419935,-0.7427142859,-0.0712409988,0.6658033729,1,239.7,259.8,1599.3,1,0.6705028415,-0.0794195831,0.7376435399,-0.0012967715,0.9941263795,0.1082123518,-0.7419025302,-0.0735130385,0.6664611101,1,254.6,73.2,1613.1,1,-0.0000005960,-1.0000001192,0.0000000000,1.0000001192,-0.0000005960,0.0000000000,-0.0000000000,0.0000000000,1.0000000000,0,155.9,260.0,1692.1,1,0.0000197291,-0.9999990463,0.0000000375,0.9999990463,0.0000197291,-0.0000000246,0.0000000246,0.0000000375,1.0000000000,0,155.9,14.4,1692.1,0,-0.0000013113,1.0000001192,0.0000000000,-1.0000001192,-0.0000013113,0.0000000000,0.0000000000,-0.0000000000,1.0000000000,0,323.5,259.7,1506.6,1,0.0000197291,0.9999990463,0.0000000227,-0.9999990463,0.0000197291,-0.0000000003,-0.0000000003,-0.0000000227,1.0000000000,0,323.5,14.0,1506.6,0,-0.9507963061,0.1032231450,-0.2921160758,0.1652601063,0.9665027857,-0.1963711977,0.2620609403,-0.2349841446,-0.9360057712,0,211.6,-113.3,1691.1,0,-0.8160229921,0.0000000000,0.5780193806,0.0000000000,1.0000000000,0.0000000000,-0.5780193806,0.0000000000,-0.8160229921,0,172.8,-476.4,1779.4,0,-0.9507963061,0.1032231450,-0.2921160758,0.1652601063,0.9665027857,-0.1963711977,0.2620609403,-0.2349841446,-0.9360057712,1,327.5,-113.6,1562.8,1,-0.8160229921,0.0000000000,0.5780193806,0.0000000000,1.0000000000,0.0000000000,-0.5780193806,0.0000000000,-0.8160229921,0,288.8,-476.6,1651.0,1,155.9,-231.3,1692.1,0,323.5,-231.6,1506.6,0,172.8,-837.6,1779.4,0,288.8,-837.9,1651.0,0,
23,0.6675405502,-0.0947475359,0.7385202050,0.0058728373,0.9925091863,0.1220237389,-0.7445470095,-0.0771183595,0.6630962491,1,220.7,452.5,1584.1,1,0.6675405502,-0.0947475359,0.7385202050,0.0058728373,0.9925091863,0.1220237389,-0.7445470095,-0.0771183595,0.6630962491,1,239.1,259.0,1599.2,1,0.6686752439,-0.0786650553,0.7393813133,-0.0071239294,0.9936639071,0.1121610329,-0.7435171008,-0.0802663937,0.6638777256,1,253.9,72.4,1614.2,1,-0.0000005960,-1.0000001192,0.0000000000,1.0000001192,-0.0000005960,0.0000000000,-0.0000000000,0.0000000000,1.0000000000,0,155.6,259.9,1692.1,1,0.0000197291,-0.9999990463,0.0000000338,0.9999990463,0.0000197291,-0.0000000221,0.0000000221,0.0000000338,1.0000000000,0,155.6,14.2,1692.1,0,-0.0000013113,1.0000001192,0.0000000000,-1.0000001192,-0.0000013113,0.0000000000,0.0000000000,-0.0000000000,1.0000000000,0,322.7,258.1,1506.2,1,0.0000197291,0.9999990463,0.0000000204,-0.9999990463,0.0000197291,-0.0000000002,-0.0000000002,-0.0000000204,1.0000000000,0,322.7,12.4,1506.2,0,-0.9505992532,0.1016568393,-0.2933031917,0.1637918055,0.9668810964,-0.1957370639,0.2636912465,-0.2341082394,-0.9357671142,0,209.9,-113.5,1694.6,0,-0.8171719313,0.0000000000,0.5763939619,0.0000000000,1.0000000000,0.0000000000,-0.5763939619,0.0000000000,-0.8171719313,0,171.7,-476.7,1782.6,0,-0.9505992532,0.1016568393,-0.2933031917,0.1637918055,0.9668810964,-0.1957370639,0.2636912465,-0.2341082394,-0.9357671142,1,327.4,-114.8,1564.0,1,-0.8171719313,0.0000000000,0.5763939619,0.0000000000,1.0000000000,0.0000000000,-0.5763939619,0.0000000000,-0.8171719313,0,289.2,-478.0,1651.9,1,155.6,-231.4,1692.1,0,322.7,-233.2,1506.2,0,171.7,-838.0,1782.6,0,289.2,-839.2,1651.9,0,
