1,0.9892436862,0.0422704481,0.1400107592,-0.0887772664,0.9343308210,0.3451659083,-0.1162276193,-0.3538848460,0.9280408025,1,498.7,464.4,1628.3,1,0.9892436862,0.0422704481,0.1400107592,-0.0887772664,0.9343308210,0.3451659083,-0.1162276193,-0.3538848460,0.9280408025,1,489.9,269.3,1702.2,1,0.9894611239,0.0432894230,0.1381506622,-0.0839915648,0.9488877654,0.3042242229,-0.1179213896,-0.3126234412,0.9425308108,1,481.0,75.2,1766.2,1,0.3618397713,-0.7328820825,-0.5761560798,0.8797362447,0.0639570653,0.4711407125,-0.3084413409,-0.6773428321,0.6678851843,1,349.5,281.2,1718.9,1,0.0828374699,-0.7329617739,-0.6752074957,0.9964923263,0.0528494343,0.0648842081,-0.0118733058,-0.6782139540,0.7347686887,1,244.4,25.9,1808.5,1,0.2515877783,0.6298928261,0.7348052263,-0.9254280329,-0.0657098144,0.3731825650,0.2833489180,-0.7738975286,0.5663886070,1,630.2,257.4,1685.5,1,-0.1558099240,0.6298928261,0.7608932257,-0.9868496656,-0.0657098293,-0.1476827562,-0.0430261344,-0.7738976479,0.6318476200,1,703.2,-11.1,1767.7,1,0.7450301051,0.2138263732,-0.6318293810,-0.2348438650,0.9706637263,0.0515768118,0.6243224740,0.1099549979,0.7733895183,1,378.2,-111.0,1841.3,1,0.7639150023,-0.0000000000,-0.6453168988,0.0000000000,1.0000000000,0.0000000000,0.6453168988,0.0000000000,0.7639150023,0,290.6,-508.2,1796.3,1,0.9593554139,0.2122379541,0.1859902889,-0.1699821204,0.9606934190,-0.2194864452,-0.2252629995,0.1789504737,0.9577230215,1,566.1,-127.0,1818.9,1,0.9593553543,0.0252015349,0.2810733318,-0.1699821204,0.8466520905,0.5042681098,-0.2252629846,-0.5315497518,0.8165240288,1,516.6,-350.9,1777.2,1,222.3,-240.7,1811.6,1,659.8,-286.5,1755.7,1,290.6,-901.7,1796.3,0,506.7,-684.0,1986.3,1,
2,0.9896806479,0.0422936715,0.1368807107,-0.0880962014,0.9331052303,0.3486379385,-0.1129804775,-0.3571008444,0.9272094965,1,498.9,464.9,1627.5,1,0.9896806479,0.0422936715,0.1368807107,-0.0880962014,0.9331052303,0.3486379385,-0.1129804775,-0.3571008444,0.9272094965,1,490.1,269.9,1702.1,1,0.9898250699,0.0450755171,0.1349347979,-0.0849867389,0.9479881525,0.3067417443,-0.1140916348,-0.3150902987,0.9421806335,1,480.9,75.9,1766.6,1,0.3606414497,-0.7312213182,-0.5790104866,0.8797617555,0.0605112165,0.4715482295,-0.3097695410,-0.6794511080,0.6651232839,1,349.7,281.9,1718.3,1,0.0828591138,-0.7311214805,-0.6771970391,0.9965193868,0.0545586161,0.0630270764,-0.0091335149,-0.6800623536,0.7330974340,1,244.4,25.2,1808.7,1,0.2544577420,0.6060979366,0.7535890937,-0.9261565804,-0.0715662837,0.3702865839,0.2783614993,-0.7921637893,0.5431310534,1,630.5,257.8,1685.9,1,-0.1650339663,0.6060979366,0.7780804038,-0.9855849147,-0.0715662912,-0.1532988548,-0.0372297838,-0.7921637893,0.6091719270,1,704.9,-12.8,1767.2,1,0.7409592271,0.2211318016,-0.6340978146,-0.2349066734,0.9699250460,0.0637519583,0.6291249394,0.1017162055,0.7706202269,1,378.5,-110.1,1841.8,1,0.7611135840,-0.0000000000,-0.6486185193,0.0000000000,1.0000000000,0.0000000000,0.6486185193,0.0000000000,0.7611135840,0,288.0,-507.0,1800.2,1,0.9591816664,0.2143114209,0.1845022738,-0.1689693630,0.9574980736,-0.2337665260,-0.2267594039,0.1930493563,0.9546266794,1,564.8,-126.1,1820.3,1,0.9591817856,0.0222482011,0.2819139957,-0.1689693481,0.8444675207,0.5082558393,-0.2267594337,-0.5351445079,0.8137571216,1,515.0,-348.6,1775.4,1,222.3,-241.4,1811.1,1,658.8,-287.7,1756.9,1,288.0,-900.5,1800.2,0,506.2,-680.9,1986.0,1,
3,0.9891093373,0.0418374315,0.1410860568,-0.0890302956,0.9335013628,0.3473380804,-0.1171738580,-0.3561181426,0.9270670414,1,498.5,463.7,1627.6,1,0.9891093373,0.0418374315,0.1410860568,-0.0890302956,0.9335013628,0.3473380804,-0.1171738580,-0.3561181426,0.9270670414,1,489.8,268.8,1701.9,1,0.9891827106,0.0462264232,0.1391891688,-0.0874630213,0.9477387667,0.3068164289,-0.1177335531,-0.3156733513,0.9415372014,1,480.3,74.9,1766.5,1,0.3620475829,-0.7326799631,-0.5762823820,0.8797632456,0.0642246753,0.4710537791,-0.3081201911,-0.6775358915,0.6678373814,1,349.4,281.2,1718.7,1,0.0785256252,-0.7329991460,-0.6756818295,0.9968498349,0.0501594096,0.0614363886,-0.0111410208,-0.6783776879,0.7346289158,1,244.5,26.2,1808.0,1,0.2556634545,0.6213533282,0.7406458259,-0.9239454865,-0.0684384704,0.3763520420,0.2845362723,-0.7805358768,0.5565993786,1,630.1,256.4,1685.2,1,-0.1598605067,0.6213533282,0.7670494318,-0.9862969518,-0.0684385002,-0.1501147896,-0.0407786109,-0.7805359364,0.6237795353,1,704.3,-11.9,1767.9,1,0.7447605729,0.2165143788,-0.6312316060,-0.2327905446,0.9707766175,0.0583207086,0.6254121661,0.1035097837,0.7733986378,1,377.8,-110.8,1842.2,1,0.7633899450,-0.0000000000,-0.6459379792,0.0000000000,1.0000000000,0.0000000000,0.6459379792,0.0000000000,0.7633899450,0,289.2,-508.1,1799.8,1,0.9650624990,0.2050546557,0.1631163359,-0.1632619649,0.9575044513,-0.2377615720,-0.2049387395,0.2028240263,0.9575294852,1,563.9,-127.3,1820.1,1,0.9650624990,0.0270044506,0.2606244981,-0.1632619798,0.8399585485,0.5175085664,-0.2049387395,-0.5419781208,0.8150213957,1,516.4,-349.0,1773.1,1,223.5,-240.5,1811.0,1,659.7,-287.0,1756.5,1,289.2,-901.6,1799.8,0,505.8,-679.5,1986.3,1,
4,0.9893503785,0.0435149185,0.1388713717,-0.0900307000,0.9327398539,0.3491215110,-0.1143404096,-0.3579080403,0.9267315269,1,498.8,465.3,1627.2,1,0.9893503785,0.0435149185,0.1388713717,-0.0900307000,0.9327398539,0.3491215110,-0.1143404096,-0.3579080403,0.9267315269,1,489.7,270.3,1702.0,1,0.9895357490,0.0457652919,0.1368118674,-0.0861249939,0.9482116103,0.3057320416,-0.1157362759,-0.3143176138,0.9422382116,1,480.4,76.3,1766.3,1,0.3604784310,-0.7311418056,-0.5792124271,0.8817964196,0.0646575093,0.4671771228,-0.3041222692,-0.6791546941,0.6680258512,1,349.3,282.5,1718.4,1,0.0802497864,-0.7313749194,-0.6772376299,0.9967083931,0.0510361157,0.0629898682,-0.0115056336,-0.6800633669,0.7330631614,1,244.2,25.4,1807.1,1,0.2496611625,0.6222031713,0.7419788241,-0.9266897440,-0.0687706620,0.3694818616,0.2809191644,-0.7798294425,0.5594198704,1,630.1,258.1,1685.6,1,-0.1590207219,0.6222032309,0.7665348649,-0.9864693284,-0.0687706769,-0.1488252431,-0.0398844220,-0.7798294425,0.6247203350,1,703.2,-13.0,1767.7,1,0.7457696795,0.2103685439,-0.6321176291,-0.2248002440,0.9726484418,0.0584787205,0.6271302700,0.0984885320,0.7726626992,1,377.5,-109.6,1841.5,1,0.7626334429,-0.0000000000,-0.6468309164,0.0000000000,1.0000000000,0.0000000000,0.6468309164,0.0000000000,0.7626334429,0,291.4,-507.7,1801.2,1,0.9651755691,0.2081432790,0.1584696770,-0.1631534547,0.9524563551,-0.2573089898,-0.2044925988,0.2224934846,0.9532468319,1,564.5,-125.9,1819.7,1,0.9651755691,0.0244264361,0.2604604065,-0.1631534696,0.8344799280,0.5263308883,-0.2044925839,-0.5504966974,0.8094049096,1,516.6,-345.2,1768.4,1,222.8,-241.3,1810.1,1,658.8,-288.2,1756.6,1,291.4,-901.2,1801.2,0,506.9,-673.6,1985.0,1,
5,0.9893063903,0.0458806306,0.1384229064,-0.0916270465,0.9340177178,0.3452683985,-0.1134498492,-0.3542613387,0.9282408953,1,499.7,464.9,1627.9,1,0.9893063903,0.0458806306,0.1384229064,-0.0916270465,0.9340177178,0.3452683985,-0.1134498492,-0.3542613387,0.9282408953,1,490.1,269.7,1702.0,1,0.9895457625,0.0471880212,0.1362551153,-0.0867816806,0.9495388865,0.3013961613,-0.1151588336,-0.3100716174,0.9437146187,1,480.5,75.4,1765.5,1,0.3631715775,-0.7309504151,-0.5777698159,0.8808179498,0.0671841204,0.4686639905,-0.3037531078,-0.6791154146,0.6682337523,1,349.7,282.0,1718.4,1,0.0816481262,-0.7315385938,-0.6768937111,0.9965759516,0.0510367230,0.0650519133,-0.0130415466,-0.6798873544,0.7332007289,1,244.3,26.3,1806.5,1,0.2391970754,0.6459419131,0.7249439955,-0.9286577702,-0.0658117086,0.3650527298,0.2835126519,-0.7605444193,0.5841170549,1,630.5,257.3,1685.7,1,-0.1562772989,0.6459419727,0.7472191453,-0.9865772724,-0.0658116788,-0.1494462490,-0.0473578535,-0.7605444789,0.6475564837,1,701.6,-18.5,1769.9,1,0.7457852364,0.2099867165,-0.6322260499,-0.2240764350,0.9727973938,0.0587790161,0.6273707151,0.0978304669,0.7725510001,1,377.3,-110.7,1839.8,1,0.7626073956,-0.0000000000,-0.6468616128,0.0000000000,1.0000000000,0.0000000000,0.6468616128,0.0000000000,0.7626073956,0,291.4,-508.8,1799.7,1,0.9676645398,0.2009202987,0.1525007784,-0.1616986841,0.9581289291,-0.2363102585,-0.1935949326,0.2040098608,0.9596359134,1,564.3,-127.1,1818.0,1,0.9676644802,0.0313066058,0.2502905428,-0.1616986692,0.8385562897,0.5202662349,-0.1935949326,-0.5439147353,0.8165034056,1,518.3,-346.5,1771.3,1,222.5,-240.3,1810.0,1,657.8,-295.1,1756.6,1,291.4,-902.3,1799.7,0,506.0,-676.5,1985.3,1,
6,0.9891849160,0.0476295874,0.1386993825,-0.0936867371,0.9328714609,0.3478052020,-0.1128244326,-0.3570398092,0.9272520542,1,499.8,466.3,1626.8,1,0.9891849160,0.0476295874,0.1386993825,-0.0936867371,0.9328714609,0.3478052020,-0.1128244326,-0.3570398092,0.9272520542,1,489.8,270.9,1701.6,1,0.9894486666,0.0485344566,0.1364867985,-0.0885270387,0.9483802319,0.3045204282,-0.1146632433,-0.3133919835,0.9426776171,1,479.9,76.9,1765.7,1,0.3609114885,-0.7302960753,-0.5800090432,0.8827244043,0.0668440610,0.4651123881,-0.3008996248,-0.6798525453,0.6687749624,1,349.5,283.5,1717.9,1,0.0777953118,-0.7310522199,-0.6778721809,0.9968783259,0.0478514656,0.0628002658,-0.0134730982,-0.6806416512,0.7324927449,1,244.2,25.9,1805.7,1,0.2436267883,0.6315370798,0.7360754013,-0.9282024503,-0.0682388097,0.3657645881,0.2812227905,-0.7723370790,0.5695694089,1,630.2,258.3,1685.3,1,-0.1612081975,0.6315370798,0.7584015727,-0.9859071374,-0.0682388097,-0.1527436078,-0.0447108224,-0.7723370194,0.6336375475,1,702.5,-17.0,1768.8,1,0.7447620630,0.2135145217,-0.6322509050,-0.2240208685,0.9724467397,0.0645144060,0.6286051273,0.0935895145,0.7720729709,1,377.1,-108.9,1840.6,1,0.7618798614,-0.0000000000,-0.6477182508,0.0000000000,1.0000000000,0.0000000000,0.6477182508,0.0000000000,0.7618798614,0,289.7,-506.8,1802.3,1,0.9715669751,0.1940037459,0.1357212067,-0.1548515856,0.9543022513,-0.2555939555,-0.1791052520,0.2273100168,0.9572102427,1,562.9,-125.5,1819.1,1,0.9715669751,0.0289839059,0.2349843085,-0.1548515856,0.8285661340,0.5380512476,-0.1791052222,-0.5591404438,0.8094957471,1,518.1,-346.1,1766.5,1,223.3,-240.8,1809.3,1,657.2,-294.1,1756.2,1,289.7,-900.3,1802.3,0,506.7,-672.0,1986.5,1,
7,0.9887719750,0.0507095754,0.1405397803,-0.0964899361,0.9349060655,0.3415189385,-0.1140747964,-0.3512468338,0.9293092489,1,501.5,466.1,1628.3,1,0.9887719750,0.0507095754,0.1405397803,-0.0964899361,0.9349060655,0.3415189385,-0.1140747964,-0.3512468338,0.9293092489,1,490.8,270.1,1701.9,1,0.9890185595,0.0521122254,0.1382733285,-0.0919707492,0.9494983554,0.2999818027,-0.1156591922,-0.3094065189,0.9438716769,1,480.2,75.8,1765.2,1,0.3654954433,-0.7306954265,-0.5766260028,0.8811631203,0.0719918907,0.4672994912,-0.2999411225,-0.6788973808,0.6701745391,1,350.5,283.2,1718.3,1,0.0799419284,-0.7319313884,-0.6766726375,0.9967041016,0.0493003801,0.0644240007,-0.0137937302,-0.6795926094,0.7334601283,1,244.2,26.9,1805.5,1,0.2468311787,0.6313550472,0.7351632714,-0.9265106320,-0.0685736090,0.3699668944,0.2839932740,-0.7724559903,0.5680311918,1,631.2,257.1,1685.5,1,-0.1558187753,0.6313551068,0.7596783638,-0.9869860411,-0.0685736462,-0.1454518586,-0.0397378616,-0.7724560499,0.6338237524,1,703.2,-13.2,1768.3,1,0.7477692366,0.2063273638,-0.6310864091,-0.2201685011,0.9737664461,0.0574872270,0.6263919473,0.0959581733,0.7735794187,1,376.2,-109.8,1839.4,1,0.7627960443,-0.0000000000,-0.6466391087,0.0000000000,1.0000000000,0.0000000000,0.6466391087,0.0000000000,0.7627960443,0,291.8,-508.3,1800.1,1,0.9706727266,0.1937914193,0.1422658414,-0.1569888890,0.9591382146,-0.2353899479,-0.1820691526,0.2061524242,0.9614323378,1,562.8,-127.1,1817.6,1,0.9706726074,0.0321951024,0.2382397056,-0.1569888741,0.8354080915,0.5267331004,-0.1820691526,-0.5486863852,0.8159620762,1,518.2,-347.8,1770.2,1,222.8,-239.8,1809.2,1,659.3,-290.9,1757.1,1,291.8,-901.8,1800.1,0,505.6,-676.4,1986.0,1,
8,0.9883729815,0.0505083725,0.1433902234,-0.0977067873,0.9336466789,0.3446044922,-0.1164719686,-0.3546097577,0.9277334809,1,501.2,466.0,1627.5,1,0.9883729815,0.0505083725,0.1433902234,-0.0977067873,0.9336466789,0.3446044922,-0.1164719686,-0.3546097577,0.9277334809,1,490.6,270.5,1701.7,1,0.9885318875,0.0540515967,0.1409827769,-0.0948459581,0.9488099813,0.3012618124,-0.1174838170,-0.3111804128,0.9430628419,1,479.5,76.4,1765.4,1,0.3639376163,-0.7323794365,-0.5754736662,0.8816172481,0.0715308487,0.4665130377,-0.3005004227,-0.6771291494,0.6717110872,1,350.3,283.9,1718.4,1,0.0818825886,-0.7334129214,-0.6748338342,0.9965757132,0.0524447858,0.0639246479,-0.0114916451,-0.6777573228,0.7351958156,1,244.3,27.1,1805.9,1,0.2413962930,0.6304690838,0.7377240658,-0.9270505309,-0.0749200433,0.3673749864,0.2868888080,-0.7725904584,0.5663912296,1,630.9,257.0,1685.1,1,-0.1472680867,0.6333554387,0.7597189546,-0.9880355000,-0.0586312227,-0.1426470727,-0.0458030440,-0.7716366649,0.6344121695,1,701.6,-14.6,1769.1,1,0.7492340207,0.2065956891,-0.6292587519,-0.2188807279,0.9739570022,0.0591527894,0.6250917315,0.0934133306,0.7749415040,1,375.7,-108.9,1840.1,1,0.7637937665,-0.0000000000,-0.6454603672,0.0000000000,1.0000000000,0.0000000000,0.6454603672,0.0000000000,0.7637937665,0,291.1,-507.5,1801.9,1,0.9664243460,0.2017185688,0.1591648608,-0.1586083919,0.9556582570,-0.2481139004,-0.2021563947,0.2145384252,0.9555658102,1,561.3,-126.7,1818.0,1,0.9664244056,0.0204852074,0.2561331391,-0.1586083621,0.8318055272,0.5319237709,-0.2021563947,-0.5546889305,0.8071263433,1,514.5,-348.1,1768.3,1,222.4,-239.5,1809.0,1,660.3,-292.0,1756.3,1,291.1,-900.9,1801.9,0,506.5,-675.4,1986.6,1,
9,0.9876584411,0.0516608991,0.1478341073,-0.1008320078,0.9320834875,0.3479201198,-0.1198214591,-0.3585344553,0.9257963896,1,501.4,466.1,1626.6,1,0.9876584411,0.0516608991,0.1478341073,-0.1008320078,0.9320834875,0.3479201198,-0.1198214591,-0.3585344553,0.9257963896,1,490.5,271.0,1701.6,1,0.9878450036,0.0552603379,0.1452634782,-0.0975510925,0.9480723143,0.3027170897,-0.1209936887,-0.3132100701,0.9419464469,1,479.2,77.0,1765.7,1,0.3632771373,-0.7344812155,-0.5732078552,0.8818964958,0.0726591647,0.4658102989,-0.3004800379,-0.6747282147,0.6741318107,1,350.4,284.8,1718.8,1,0.0827922672,-0.7354491353,-0.6725027561,0.9965097308,0.0538719073,0.0637666509,-0.0106681269,-0.6754348874,0.7373424172,1,244.5,27.8,1806.4,1,0.2435392141,0.6263507605,0.7405224442,-0.9270676374,-0.0740364492,0.3675109446,0.2850163877,-0.7760177255,0.5626387000,1,630.7,257.1,1684.5,1,-0.1519753188,0.6271616220,0.7639187574,-0.9877609611,-0.0689261854,-0.1399198920,-0.0350983702,-0.7758334875,0.6299607754,1,701.8,-13.4,1767.6,1,0.7521992326,0.2032651603,-0.6268010736,-0.2195115685,0.9741965532,0.0524947867,0.6212978363,0.0981035680,0.7774088979,1,375.0,-107.8,1841.2,1,0.7657396793,-0.0000000000,-0.6431506872,0.0000000000,1.0000000000,0.0000000000,0.6431506872,0.0000000000,0.7657396793,0,291.8,-506.5,1801.1,1,0.9635718465,0.2064870745,0.1699774712,-0.1592436731,0.9535626173,-0.2556554079,-0.2148737013,0.2192745060,0.9517079592,1,560.9,-126.2,1818.4,1,0.9635719061,0.0157276429,0.2669867277,-0.1592436731,0.8357659578,0.5254871845,-0.2148737460,-0.5488606095,0.8078250885,1,513.4,-345.4,1768.0,1,222.4,-238.8,1809.2,1,659.1,-290.4,1757.8,1,291.8,-900.0,1801.1,0,507.2,-674.2,1984.0,1,
10,0.9875057936,0.0494956598,0.1495844722,-0.0993935317,0.9323356748,0.3476580381,-0.1222569942,-0.3581838906,0.9256136417,1,501.3,465.6,1626.6,1,0.9875057936,0.0494956598,0.1495844722,-0.0993935317,0.9323356748,0.3476580381,-0.1222569942,-0.3581838906,0.9256136417,1,490.9,270.7,1701.5,1,0.9876575470,0.0534447171,0.1472048163,-0.0966219977,0.9476933479,0.3041979671,-0.1232489273,-0.3146685064,0.9411676526,1,480.0,76.8,1765.8,1,0.3652211726,-0.7351419330,-0.5711216331,0.8804134130,0.0734315515,0.4684869647,-0.3024660349,-0.6739245653,0.6740475893,1,350.8,284.5,1719.0,1,0.0827664882,-0.7358942628,-0.6720187664,0.9965181947,0.0543093234,0.0632607117,-0.0100563150,-0.6749147773,0.7378270626,1,244.6,28.5,1806.9,1,0.2448770255,0.6244820356,0.7416585684,-0.9266948104,-0.0741701126,0.3684231043,0.2850825191,-0.7775095105,0.5605416894,1,631.1,257.0,1684.0,1,-0.1542563736,0.6245818734,0.7655732036,-0.9874827266,-0.0716529489,-0.1405121833,-0.0329057910,-0.7776651978,0.6278167963,1,702.2,-12.4,1766.9,1,0.7534875274,0.2029164582,-0.6253650784,-0.2204332352,0.9740951657,0.0504765287,0.6194075942,0.0998177901,0.7786980867,1,375.3,-107.9,1841.9,1,0.7671024799,-0.0000000000,-0.6415246129,0.0000000000,1.0000000000,0.0000000000,0.6415246129,0.0000000000,0.7671024799,0,292.2,-506.5,1801.1,1,0.9731918573,0.1880086660,0.1324781626,-0.1540227234,0.9605211616,-0.2316809297,-0.1708061099,0.2050652951,0.9637290239,1,562.8,-126.2,1818.5,1,0.9731917977,0.0346149802,0.2273752987,-0.1540227234,0.8322787881,0.5325307846,-0.1708060950,-0.5532755256,0.8152983785,1,518.8,-351.2,1770.5,1,222.5,-238.1,1809.6,1,659.0,-289.1,1757.6,1,292.2,-900.0,1801.1,0,505.2,-678.6,1988.2,1,
11,0.9872693419,0.0470391661,0.1519195735,-0.0980510041,0.9321364164,0.3485723436,-0.1252148598,-0.3590324819,0.9248891473,1,500.7,465.7,1626.6,1,0.9872693419,0.0470391661,0.1519195735,-0.0980510041,0.9321364164,0.3485723436,-0.1252148598,-0.3590324819,0.9248891473,1,490.9,271.0,1701.6,1,0.9873860478,0.0514600724,0.1497119218,-0.0958245695,0.9470470548,0.3064545393,-0.1260157526,-0.3169369102,0.9400394559,1,480.4,77.2,1766.5,1,0.3646256924,-0.7361986637,-0.5701401234,0.8806222677,0.0736759603,0.4680558443,-0.3025764227,-0.6727433205,0.6751770973,1,350.8,284.6,1719.5,1,0.0831918046,-0.7363982797,-0.6714140177,0.9965093136,0.0567688942,0.0612094551,-0.0069591063,-0.6741624475,0.7385503650,1,244.7,28.4,1807.6,1,0.2474624217,0.6203281879,0.7442817688,-0.9283250570,-0.0681652725,0.3654669821,0.2774436176,-0.7813747525,0.5589978099,1,631.0,257.4,1683.8,1,-0.1546243727,0.6184931993,0.7704268694,-0.9876630306,-0.0772241727,-0.1362285763,-0.0247608665,-0.7819864154,0.6228035688,1,703.1,-13.1,1764.6,1,0.7544694543,0.2035676390,-0.6239678264,-0.2244428396,0.9733923078,0.0461816639,0.6167665124,0.1052024812,0.7800841331,1,376.3,-107.5,1843.3,1,0.7686446309,-0.0000000000,-0.6396760941,0.0000000000,1.0000000000,0.0000000000,0.6396760941,0.0000000000,0.7686446309,0,293.0,-505.8,1800.2,1,0.9726833701,0.1866280735,0.1380467564,-0.1554111987,0.9652816653,-0.2099490315,-0.1724363863,0.1827599257,0.9679176211,1,563.4,-125.6,1819.4,1,0.9726834297,0.0389650241,0.2288420200,-0.1554111838,0.8415929675,0.5172703266,-0.1724363863,-0.5387048721,0.8246591687,1,519.5,-352.6,1776.4,1,222.4,-238.3,1809.4,1,659.8,-289.8,1757.7,1,293.0,-899.3,1800.2,0,504.2,-683.6,1988.4,1,
12,0.9863108993,0.0482859984,0.1576456428,-0.1015399024,0.9312064052,0.3500561416,-0.1298995167,-0.3612734079,0.9233692288,1,501.1,465.9,1626.2,1,0.9863108993,0.0482859984,0.1576456428,-0.1015399024,0.9312064052,0.3500561416,-0.1298995167,-0.3612734079,0.9233692288,1,491.0,271.0,1701.8,1,0.9865334630,0.0512278825,0.1553072929,-0.0973395780,0.9470650554,0.3059211373,-0.1314161569,-0.3169209063,0.9393050671,1,480.5,77.2,1766.6,1,0.3660829961,-0.7388304472,-0.5657851696,0.8800361753,0.0772113651,0.4685880542,-0.3025220633,-0.6694535613,0.6784632802,1,351.0,284.8,1720.4,1,0.0853488147,-0.7385780215,-0.6687434912,0.9963440895,0.0607525930,0.0600622632,-0.0037327686,-0.6714248657,0.7410631180,1,244.7,29.2,1808.3,1,0.2456125021,0.6168227196,0.7477995753,-0.9284191132,-0.0721619576,0.3644592464,0.2787694335,-0.7837871909,0.5549461246,1,631.0,257.1,1683.1,1,-0.1554480046,0.6159191132,0.7723208666,-0.9875504971,-0.0778342262,-0.1366959810,-0.0240806695,-0.7839549780,0.6203504205,1,702.3,-12.6,1764.1,1,0.7582595944,0.2018408626,-0.6199213862,-0.2254719734,0.9733808041,0.0411370471,0.6117227674,0.1085823476,0.7835848331,1,376.8,-107.4,1843.9,1,0.7720021605,-0.0000000000,-0.6356198788,0.0000000000,1.0000000000,0.0000000000,0.6356198788,0.0000000000,0.7720021605,0,294.2,-505.7,1799.5,1,0.9626562595,0.2053874433,0.1763770878,-0.1626971662,0.9596218467,-0.2294677347,-0.2163850963,0.1922024935,0.9572020173,1,563.3,-125.8,1819.0,1,0.9626562595,0.0208103228,0.2699255943,-0.1626971662,0.8413807154,0.5153717995,-0.2163851410,-0.5400420427,0.8133462667,1,515.2,-350.7,1774.0,1,221.9,-237.4,1809.3,1,658.8,-289.2,1757.4,1,294.2,-899.2,1799.5,0,507.0,-681.7,1986.4,1,
13,0.9857234955,0.0482507572,0.1612885147,-0.1028432623,0.9310907125,0.3499835730,-0.1332889646,-0.3615763485,0.9227674007,1,501.3,466.5,1626.4,1,0.9857234955,0.0482507572,0.1612885147,-0.1028432623,0.9310907125,0.3499835730,-0.1332889646,-0.3615763485,0.9227674007,1,491.2,271.8,1702.0,1,0.9859611988,0.0509095564,0.1590023786,-0.0983427539,0.9467123747,0.3066910207,-0.1349177659,-0.3180240989,0.9384353757,1,480.8,78.1,1767.1,1,0.3680490851,-0.7398336530,-0.5631927848,0.8795068860,0.0804870576,0.4690304995,-0.3016748428,-0.6679582000,0.6803118587,1,351.3,285.8,1721.2,1,0.0832563490,-0.7394626141,-0.6680296063,0.9965280890,0.0613958128,0.0562360995,-0.0005702724,-0.6703922749,0.7420067191,1,244.4,30.3,1808.8,1,0.2424471974,0.6133642793,0.7516672015,-0.9307797551,-0.0714572072,0.3585286736,0.2736207247,-0.7865608931,0.5535824895,1,631.1,257.9,1682.9,1,-0.1537769735,0.6122322679,0.7755800486,-0.9878706932,-0.0781427100,-0.1341837943,-0.0215457287,-0.7868071795,0.6168228388,1,701.9,-14.1,1762.8,1,0.7602267861,0.2041625232,-0.6167438626,-0.2244622409,0.9734175801,0.0455508083,0.6096491218,0.1038067713,0.7858449221,1,377.2,-106.3,1844.9,1,0.7741787434,-0.0000000000,-0.6329670548,0.0000000000,1.0000000000,0.0000000000,0.6329670548,0.0000000000,0.7741787434,0,293.6,-504.6,1802.4,1,0.9557569623,0.2178864777,0.1976209879,-0.1681756973,0.9559392333,-0.2406180054,-0.2413410693,0.1967372745,0.9502888918,1,563.5,-124.9,1819.4,1,0.9557571411,0.0118109966,0.2939202189,-0.1681757122,0.8417271972,0.5130422115,-0.2413410991,-0.5397738814,0.8064730763,1,512.3,-349.6,1773.2,1,222.1,-236.3,1808.9,1,658.8,-290.8,1756.8,1,293.6,-898.1,1802.4,0,507.6,-680.7,1985.5,1,
14,0.9845002890,0.0461580716,0.1691794693,-0.1036861017,0.9312567115,0.3492926061,-0.1414285898,-0.3614220321,0.9216154814,1,500.9,467.2,1626.6,1,0.9845002890,0.0461580716,0.1691794693,-0.1036861017,0.9312567115,0.3492926061,-0.1414285898,-0.3614220321,0.9216154814,1,491.2,272.3,1702.2,1,0.9847264290,0.0491717532,0.1670001000,-0.0992307588,0.9467269778,0.3063596785,-0.1430410743,-0.3182539046,0.9371535778,1,481.2,78.6,1767.3,1,0.3726312220,-0.7427930832,-0.5562412739,0.8775171638,0.0870793909,0.4715727866,-0.3018439114,-0.6638339758,0.6842620969,1,351.5,286.4,1722.5,1,0.0945837796,-0.7424514890,-0.6631890535,0.9955120087,0.0684713051,0.0653247833,-0.0030910661,-0.6663913727,0.7455957532,1,244.1,33.4,1809.5,1,0.2308980376,0.6095608473,0.7583678961,-0.9329017401,-0.0826966763,0.3505077660,0.2763702869,-0.7884142995,0.5495657921,1,630.9,258.2,1681.9,1,-0.1521101594,0.6122347713,0.7759066224,-0.9877218604,-0.0658770055,-0.1416540593,-0.0356111415,-0.7879269719,0.6147381663,1,699.4,-18.5,1763.9,1,0.7649450302,0.2057079077,-0.6103630662,-0.2260243595,0.9730959535,0.0446902364,0.6031349301,0.1037713587,0.7908599973,1,377.8,-105.7,1846.0,1,0.7792309523,-0.0000000000,-0.6267368793,0.0000000000,1.0000000000,0.0000000000,0.6267368793,0.0000000000,0.7792309523,0,293.6,-503.9,1803.5,1,0.9497997761,0.2256346643,0.2167242318,-0.1723835319,0.9555144906,-0.2393241078,-0.2610829771,0.1899503171,0.9464430809,1,564.4,-124.5,1818.9,1,0.9497997165,0.0077332472,0.3127628565,-0.1723835319,0.8471891284,0.5025479198,-0.2610829473,-0.5312350392,0.8059931993,1,511.6,-348.3,1774.4,1,218.8,-233.0,1810.4,1,656.7,-296.2,1753.9,1,293.6,-897.4,1803.5,0,508.5,-681.6,1983.4,1,
15,0.9828161001,0.0441196412,0.1792178750,-0.1052694619,0.9315820932,0.3479484916,-0.1516066641,-0.3608373404,0.9202254415,1,499.9,466.6,1626.6,1,0.9828161001,0.0441196412,0.1792178750,-0.1052694619,0.9315820932,0.3479484916,-0.1516066641,-0.3608373404,0.9202254415,1,490.7,271.8,1702.1,1,0.9830054641,0.0481495745,0.1771295816,-0.1014137864,0.9467940331,0.3054359853,-0.1530005336,-0.3182104826,0.9355939627,1,480.8,78.1,1767.2,1,0.3703334033,-0.7490798235,-0.5493018031,0.8781519532,0.0895468891,0.4699259996,-0.3028238714,-0.6563997269,0.6909680963,1,351.2,286.2,1723.8,1,0.1048362851,-0.7482277751,-0.6551064253,0.9944852591,0.0769717768,0.0712338015,-0.0028743958,-0.6589615345,0.7521710396,1,244.4,33.0,1811.1,1,0.2381380647,0.6017844677,0.7623292208,-0.9299315810,-0.0851759464,0.3577322066,0.2802097499,-0.7941036820,0.5393347740,1,630.1,257.4,1680.4,1,-0.1548073590,0.6061382890,0.7801481485,-0.9869208932,-0.0589410588,-0.1500435621,-0.0449643880,-0.7931723595,0.6073350906,1,700.7,-18.3,1763.4,1,0.7713590860,0.2044821382,-0.6026544571,-0.2279569805,0.9729160070,0.0383425318,0.5941724777,0.1078034267,0.7970806360,1,378.2,-106.1,1846.7,1,0.7853505015,-0.0000000000,-0.6190515161,0.0000000000,1.0000000000,0.0000000000,0.6190515161,0.0000000000,0.7853505015,0,294.5,-504.2,1802.6,1,0.9494183660,0.2273758948,0.2165756971,-0.1763591766,0.9567530155,-0.2313462645,-0.2598120272,0.1814492494,0.9484587908,1,563.7,-125.2,1817.8,1,0.9494184256,0.0110279759,0.3138203621,-0.1763591617,0.8456057310,0.5038338304,-0.2598120272,-0.5336941481,0.8047785163,1,510.3,-350.1,1775.2,1,216.3,-233.1,1811.9,1,657.2,-295.6,1750.8,1,294.5,-897.7,1802.6,0,506.0,-682.8,1985.2,1,
16,0.9817270041,0.0434335619,0.1852529049,-0.1067880988,0.9315791726,0.3474929631,-0.1574868262,-0.3609277606,0.9192019105,1,498.7,468.8,1627.2,1,0.9817270041,0.0434335619,0.1852529049,-0.1067880988,0.9315791726,0.3474929631,-0.1574868262,-0.3609277606,0.9192019105,1,489.6,274.1,1702.6,1,0.9819991589,0.0461792536,0.1831341535,-0.1010805964,0.9475919008,0.3030627668,-0.1595432013,-0.3161204755,0.9352095723,1,480.2,80.2,1767.3,1,0.3646968305,-0.7548177242,-0.5452030897,0.8797404170,0.0875006020,0.4673332870,-0.3050458133,-0.6500721574,0.6959548593,1,350.3,288.5,1725.2,1,0.1100381762,-0.7533670664,-0.6483284235,0.9939274192,0.0833906606,0.0717941374,-0.0000228120,-0.6522915363,0.7579683065,1,244.6,33.5,1813.6,1,0.2425779253,0.5955020189,0.7658547163,-0.9311364889,-0.0786536634,0.3560878336,0.2722882926,-0.7994943261,0.5354139805,1,629.0,259.8,1679.9,1,-0.1499881744,0.5976765752,0.7875826359,-0.9880806804,-0.0627019480,-0.1405883282,-0.0346433893,-0.7992817760,0.5999571681,1,700.8,-16.0,1760.6,1,0.7722218037,0.2138732970,-0.5982741117,-0.2381624281,0.9704215527,0.0395021327,0.5890265703,0.1119819954,0.8003173470,1,378.2,-104.1,1847.0,1,0.7893261909,-0.0000000000,-0.6139741540,0.0000000000,1.0000000000,0.0000000000,0.6139741540,0.0000000000,0.7893261909,0,290.7,-501.2,1801.2,1,0.9402853847,0.2377099693,0.2436336577,-0.1792527884,0.9542673826,-0.2392532080,-0.2893645167,0.1812942624,0.9398939610,1,563.3,-123.2,1816.9,1,0.9402854443,-0.0025114545,0.3403778672,-0.1792527735,0.8464276195,0.5014266968,-0.2893645167,-0.5324978232,0.7954334617,1,507.2,-348.4,1774.1,1,215.2,-232.5,1813.7,1,658.7,-293.6,1750.9,1,290.7,-894.7,1801.2,0,508.2,-681.4,1983.6,1,
17,0.9799079895,0.0376659110,0.1958432347,-0.1081648916,0.9253995419,0.3632229567,-0.1675540954,-0.3771102428,0.9108877778,1,496.4,468.4,1622.9,1,0.9799079895,0.0376659110,0.1958432347,-0.1081648916,0.9253995419,0.3632229567,-0.1675540954,-0.3771102428,0.9108877778,1,488.5,274.6,1701.9,1,0.9801149368,0.0432191342,0.1936485618,-0.1033810899,0.9442750812,0.3124927580,-0.1693538725,-0.3263002932,0.9299734235,1,479.7,81.4,1768.7,1,0.3611229658,-0.7612367868,-0.5386174321,0.8780274987,0.0830168426,0.4713555276,-0.3140988946,-0.6431382298,0.6983659863,1,349.5,289.3,1725.9,1,0.1109756604,-0.7583285570,-0.6423568726,0.9937791228,0.0907629654,0.0645391271,0.0093603600,-0.6455231309,0.7636834383,1,244.8,34.7,1817.0,1,0.2488866448,0.6385514736,0.7282221913,-0.9268127680,-0.0612764359,0.3704906404,0.2812001705,-0.7671357989,0.5765667558,1,627.6,259.9,1677.9,1,-0.1553387493,0.6385513544,0.7537387013,-0.9865697026,-0.0612764359,-0.1514110565,-0.0504973195,-0.7671357393,0.6394941211,1,701.4,-15.0,1761.3,1,0.7787960768,0.2121061832,-0.5903286338,-0.2360847294,0.9710114598,0.0374294855,0.5811548233,0.1102176234,0.8062947989,1,378.6,-102.1,1851.4,1,0.7947160006,-0.0000000000,-0.6069813967,0.0000000000,1.0000000000,0.0000000000,0.6069813967,0.0000000000,0.7947160006,0,291.8,-499.4,1806.3,1,0.9460453987,0.2334764451,0.2246925831,-0.1764172018,0.9527632594,-0.2472226769,-0.2717995048,0.1942442358,0.9425466657,1,563.1,-121.5,1819.5,1,0.9460455179,0.0007005895,0.3240332305,-0.1764172316,0.8399111032,0.5132507086,-0.2717995346,-0.5427235365,0.7947177887,1,507.4,-349.0,1773.1,1,215.1,-231.2,1814.5,1,657.7,-292.7,1747.1,1,291.8,-892.9,1806.3,0,507.1,-679.5,1986.6,1,
18,0.9787960052,0.0348787680,0.2018282115,-0.1071659327,0.9269600511,0.3595210910,-0.1745490432,-0.3735287488,0.9110499620,1,495.9,468.9,1624.3,1,0.9787960052,0.0348787680,0.2018282115,-0.1071659327,0.9269600511,0.3595210910,-0.1745490432,-0.3735287488,0.9110499620,1,488.6,275.1,1702.4,1,0.9789450169,0.0420510098,0.1997278035,-0.1035394147,0.9456041455,0.3083945811,-0.1758971959,-0.3225829005,0.9300557375,1,480.0,81.6,1768.4,1,0.3633434176,-0.7653117180,-0.5312997103,0.8757604361,0.0860075653,0.4750223458,-0.3178443909,-0.6378874779,0.7014801502,1,349.7,289.8,1727.4,1,0.1172917411,-0.7619070411,-0.6369773746,0.9930214286,0.0979177281,0.0657307282,0.0122906696,-0.6402418613,0.7680749893,1,244.4,35.9,1819.5,1,0.2433444560,0.6633008718,0.7076830268,-0.9275719523,-0.0541409105,0.3697011173,0.2835377157,-0.7463916540,0.6020845175,1,627.5,260.4,1677.5,1,-0.1543316543,0.6633009911,0.7322660685,-0.9858362079,-0.0541409142,-0.1587319225,-0.0656414926,-0.7463917732,0.6622617245,1,699.7,-15.0,1761.6,1,0.7811744809,0.2142630816,-0.5863939524,-0.2456389666,0.9689900279,0.0268282406,0.5739581585,0.1230836660,0.8095816374,1,378.6,-102.1,1851.1,1,0.7987381816,-0.0000000000,-0.6016787887,0.0000000000,1.0000000000,0.0000000000,0.6016787887,0.0000000000,0.7987381816,0,290.9,-498.6,1800.7,1,0.9501442909,0.2269982845,0.2137704194,-0.1766122282,0.9567884803,-0.2310062051,-0.2569710910,0.1817347258,0.9491778016,1,564.1,-121.7,1817.8,1,0.9501441717,0.0121559538,0.3115738034,-0.1766122133,0.8444789052,0.5056318045,-0.2569710612,-0.5354508758,0.8045235872,1,510.0,-349.8,1774.4,1,213.0,-229.8,1816.2,1,656.3,-292.2,1743.2,1,290.9,-892.1,1800.7,0,505.2,-682.0,1985.1,1,
19,0.9774975181,0.0302709565,0.2087463886,-0.1073012948,0.9233908057,0.3685524464,-0.1816000789,-0.3826597035,0.9058675766,1,493.6,468.7,1622.0,1,0.9774975181,0.0302709565,0.2087463886,-0.1073012948,0.9233908057,0.3685524464,-0.1816000789,-0.3826597035,0.9058675766,1,487.3,275.2,1702.2,1,0.9776542187,0.0375004224,0.2068301737,-0.1029853001,0.9432258010,0.3157751858,-0.1832479537,-0.3300213516,0.9260179996,1,479.6,82.2,1769.7,1,0.3629561663,-0.7691494823,-0.5259960294,0.8731341362,0.0835922062,0.4802594185,-0.3254221082,-0.6335781813,0.7019110322,1,348.6,289.8,1728.2,1,0.1260651797,-0.7620964646,-0.6350720525,0.9910407662,0.1252176464,0.0464636795,0.0441124290,-0.6352397799,0.7710541487,1,243.7,37.4,1822.3,1,0.2542440295,0.6292610765,0.7344321012,-0.9266886115,-0.0588223785,0.3711980581,0.2767814994,-0.7749647498,0.5681739450,1,626.0,260.5,1676.2,1,-0.1721426845,0.6292611957,0.7578901649,-0.9829139113,-0.0588223413,-0.1744142324,-0.0651712269,-0.7749648690,0.6286353469,1,701.9,-16.0,1758.8,1,0.7836688161,0.2206095904,-0.5806847215,-0.2486031801,0.9680675268,0.0322764590,0.5692624450,0.1190659925,0.8134885430,1,379.6,-101.1,1854.6,1,0.8027733564,-0.0000000000,-0.5962842703,0.0000000000,1.0000000000,0.0000000000,0.5962842703,0.0000000000,0.8027733564,0,289.3,-497.3,1805.8,1,0.9497359991,0.2311719507,0.2110949457,-0.1769966781,0.9527135491,-0.2470003068,-0.2582125664,0.1972219795,0.9457429647,1,564.2,-120.5,1820.0,1,0.9497359991,0.0088308677,0.3129273951,-0.1769966781,0.8396423459,0.5134908557,-0.2582125068,-0.5430678129,0.7990016341,1,508.7,-349.5,1772.6,1,210.2,-225.6,1810.5,1,653.5,-291.8,1740.5,1,289.3,-890.7,1805.8,0,505.2,-679.8,1986.2,1,
20,0.9759237170,0.0254763998,0.2166026384,-0.1068038344,0.9217430949,0.3727971017,-0.1901565641,-0.3869573772,0.9022790790,1,492.0,466.9,1621.3,1,0.9759237170,0.0254763998,0.2166026384,-0.1068038344,0.9217430949,0.3727971017,-0.1901565641,-0.3869573772,0.9022790790,1,486.6,273.5,1702.5,1,0.9761047959,0.0325871743,0.2148262560,-0.1009864137,0.9434556961,0.3157339990,-0.1923923492,-0.3298859298,0.9242097735,1,479.9,80.5,1770.0,1,0.3653049171,-0.7735660076,-0.5178301334,0.8702255487,0.0862599313,0.4850431085,-0.3305447996,-0.6278176308,0.7046880126,1,348.1,287.9,1729.8,1,0.1340984553,-0.7645011544,-0.6305201650,0.9889660478,0.1436671317,0.0361370631,0.0629581958,-0.6284089684,0.7753312588,1,243.3,38.2,1824.6,1,0.2606312335,0.5970148444,0.7587125301,-0.9266735315,-0.0657557100,0.3700706363,0.2708273232,-0.7995307446,0.5360999107,1,625.1,259.2,1675.2,1,-0.1805023104,0.5970149636,0.7816599011,-0.9820904732,-0.0657556951,-0.1765633225,-0.0540123507,-0.7995308042,0.5981916785,1,701.7,-13.0,1754.8,1,0.7871397734,0.2238416374,-0.5747224689,-0.2575429678,0.9659811258,0.0234974008,0.5604307652,0.1295200139,0.8180109262,1,380.4,-102.9,1855.8,1,0.8083145022,-0.0000000000,-0.5887509584,0.0000000000,1.0000000000,0.0000000000,0.5887509584,0.0000000000,0.8083145022,0,288.8,-498.2,1802.8,1,0.9497507215,0.2349765152,0.2067836523,-0.1818779856,0.9519535899,-0.2463830709,-0.2547426820,0.1963931024,0.9468557835,1,566.2,-122.2,1819.2,1,0.9497507811,0.0133615760,0.3127218187,-0.1818780452,0.8366720676,0.5166238546,-0.2547427118,-0.5475411415,0.7970601916,1,509.2,-352.9,1771.6,1,207.8,-223.5,1808.0,1,651.1,-288.3,1739.6,1,288.8,-891.7,1802.8,0,503.9,-682.1,1987.0,1,
21,0.9748256803,0.0153421657,0.2224237621,-0.1033590361,0.9150462747,0.3898746073,-0.1975486726,-0.4030512571,0.8936035037,1,488.2,464.3,1617.0,1,0.9748256803,0.0153421657,0.2224237621,-0.1033590361,0.9150462747,0.3898746073,-0.1975486726,-0.4030512571,0.8936035037,1,484.9,271.5,1701.9,1,0.9749330878,0.0250923280,0.2210626155,-0.0984324664,0.9397289157,0.3274378181,-0.1995249689,-0.3409917355,0.9186498523,1,479.8,79.3,1771.7,1,0.3694022298,-0.7757260799,-0.5116552114,0.8638072610,0.0836463273,0.4968301952,-0.3426060379,-0.6255016327,0.7009770274,1,346.6,285.5,1730.2,1,0.1315424144,-0.7673580647,-0.6275811791,0.9900413156,0.1337207109,0.0440114439,0.0501480736,-0.6271206737,0.7773061395,1,243.1,43.4,1826.2,1,0.2649331689,0.5756573677,0.7735818624,-0.9264585972,-0.0704817474,0.3697385490,0.2673661113,-0.8146475554,0.5146499276,1,623.3,257.6,1673.6,1,-0.1853608787,0.5756574273,0.7964043617,-0.9815905690,-0.0704817623,-0.1775168031,-0.0460568890,-0.8146476746,0.5781245232,1,700.8,-13.7,1751.9,1,0.7873461246,0.2333398461,-0.5706476569,-0.2677491903,0.9631791115,0.0244227163,0.5553346872,0.1335612983,0.8208318949,1,382.3,-103.6,1860.4,1,0.8119009733,-0.0000000000,-0.5837952495,0.0000000000,1.0000000000,0.0000000000,0.5837952495,0.0000000000,0.8119009733,0,286.8,-497.8,1805.7,1,0.9434059262,0.2495310903,0.2184481025,-0.1850213408,0.9426668286,-0.2777523696,-0.2752316296,0.2216156274,0.9354860783,1,567.1,-122.3,1822.5,1,0.9434058666,0.0017131462,0.3316359520,-0.1850213259,0.8326175809,0.5220296979,-0.2752316296,-0.5538455844,0.7858133912,1,506.6,-350.6,1768.9,1,208.1,-220.0,1812.9,1,648.9,-288.7,1739.0,1,286.8,-891.3,1805.7,0,506.0,-678.2,1986.8,1,
22,0.9744466543,0.0001571071,0.2246029973,-0.0945477486,0.9073680639,0.4095594883,-0.2037353963,-0.4203316867,0.8842036724,1,484.2,461.9,1612.3,1,0.9744466543,0.0001571071,0.2246029973,-0.0945477486,0.9073680639,0.4095594883,-0.2037353963,-0.4203316867,0.8842036724,1,484.2,270.1,1701.2,1,0.9744601846,0.0147180576,0.2240614593,-0.0928724781,0.9349159598,0.3424933851,-0.2044400424,-0.3545574546,0.9124124050,1,481.1,78.9,1773.7,1,0.3709091544,-0.7768307924,-0.5088814497,0.8576429486,0.0763597935,0.5085447431,-0.3561951518,-0.6250624657,0.6945660114,1,345.9,283.3,1730.2,1,0.1417235285,-0.7658964396,-0.6271499395,0.9882532954,0.1460664868,0.0449444950,0.0571827665,-0.6261526942,0.7776007056,1,243.0,45.3,1829.0,1,0.2656912804,0.5672298074,0.7795245051,-0.9265761375,-0.0730253011,0.3689497113,0.2662042975,-0.8203154802,0.5061794519,1,622.4,257.0,1672.2,1,-0.1897054613,0.5672298074,0.8014125824,-0.9808609486,-0.0730253160,-0.1804969609,-0.0438598469,-0.8203155398,0.5702268481,1,700.2,-14.4,1750.1,1,0.7842478156,0.2453844398,-0.5698613524,-0.2838653922,0.9586088061,0.0221227687,0.5517026782,0.1444141567,0.8214430213,1,384.9,-103.5,1865.8,1,0.8140342236,-0.0000000000,-0.5808169246,0.0000000000,1.0000000000,0.0000000000,0.5808169246,0.0000000000,0.8140342236,0,284.5,-495.8,1806.7,1,0.9405104518,0.2599553764,0.2187766731,-0.1900413930,0.9362512827,-0.2954959273,-0.2816457152,0.2363404036,0.9299563766,1,571.3,-121.3,1826.7,1,0.9405105710,0.0071834088,0.3396887481,-0.1900414079,0.8398802876,0.5084146857,-0.2816457152,-0.5427242517,0.7912813425,1,508.1,-349.0,1769.2,1,205.2,-218.3,1813.8,1,647.1,-289.2,1737.9,1,284.5,-889.3,1806.7,0,505.3,-679.4,1982.7,1,
23,0.9717180133,-0.0044688052,0.2360869050,-0.0968178213,0.9043723345,0.4156104326,-0.2153699994,-0.4267157316,0.8783692718,1,480.6,460.2,1611.0,1,0.9717180133,-0.0044688052,0.2360869050,-0.0968178213,0.9043723345,0.4156104326,-0.2153699994,-0.4267157316,0.8783692718,1,481.5,268.6,1701.4,1,0.9717217088,0.0125325304,0.2357809693,-0.0959684253,0.9333479404,0.3458996713,-0.2157330215,-0.3587479591,0.9081642628,1,479.0,77.7,1774.8,1,0.3654335737,-0.7836868763,-0.5022879243,0.8592361212,0.0764588714,0.5058332086,-0.3580105007,-0.6164323688,0.7013127208,1,343.7,282.2,1732.0,1,0.1612108499,-0.7695937157,-0.6178483963,0.9849858284,0.1646399647,0.0519294441,0.0617579594,-0.6169434786,0.7845805883,1,243.0,45.5,1830.6,1,0.2740344107,0.5471661687,0.7908946872,-0.9242873788,-0.0773624480,0.3737750947,0.2657026052,-0.8334411979,0.4845388830,1,619.4,255.0,1670.8,1,-0.1965110004,0.5471661687,0.8136293292,-0.9797623754,-0.0773624331,-0.1846098453,-0.0380679257,-0.8334413171,0.5512953997,1,699.0,-13.5,1748.0,1,0.7824574709,0.2643359303,-0.5638145804,-0.3090509772,0.9508950114,0.0169142690,0.5405994654,0.1610127091,0.8257281780,1,385.6,-104.3,1868.3,1,0.8197401166,-0.0000000000,-0.5727355480,0.0000000000,1.0000000000,0.0000000000,0.5727355480,0.0000000000,0.8197401166,0,277.4,-493.5,1802.5,1,0.9480946064,0.2470503151,0.2002069652,-0.1851270050,0.9407343864,-0.2841599286,-0.2585433722,0.2323467731,0.9376407862,1,567.2,-122.3,1828.0,1,0.9480946064,0.0135928923,0.3176978827,-0.1851270497,0.8359102011,0.5167031884,-0.2585434318,-0.5486979485,0.7950383425,1,506.3,-354.0,1770.8,1,199.9,-217.6,1814.1,1,643.9,-287.9,1737.3,1,277.4,-887.0,1802.5,0,501.0,-682.9,1986.7,1,
