1,0.9638068080,0.0632694289,0.2589709759,-0.1508878618,0.9303184152,0.3342659175,-0.2197784483,-0.3612473905,0.9062017202,1,331.2,514.7,1746.9,1,0.9638068080,0.0632694289,0.2589709759,-0.1508878618,0.9303184152,0.3342659175,-0.2197784483,-0.3612473905,0.9062017202,1,318.0,320.5,1822.3,1,0.9635589123,0.0756279454,0.2565682530,-0.1542280763,0.9407781959,0.3018996418,-0.2185436189,-0.3304722011,0.9181669354,1,302.5,128.0,1889.9,1,0.3549878001,-0.6318362951,-0.6890332103,0.8805465698,-0.0216055810,0.4734670222,-0.3140405416,-0.7748008370,0.5486915112,1,181.3,342.4,1853.3,1,-0.0167371891,-0.6318576336,-0.7749037743,0.9998598099,-0.0109352535,-0.0126794083,-0.0004621891,-0.7750073075,0.6319520473,1,86.4,107.1,1937.2,1,0.2729394436,0.5623139143,0.7805812955,-0.9214882255,-0.0802561641,0.3800240755,0.2763392627,-0.8230200410,0.4962606430,1,454.7,298.7,1791.3,1,-0.1685672253,0.5623138547,0.8095604777,-0.9855056405,-0.0802561343,-0.1494574100,-0.0190697853,-0.8230200410,0.5676921010,1,532.9,34.6,1870.4,1,0.9982817769,-0.0423232131,-0.0405245833,0.0424466617,0.9990963340,0.0021903508,0.0403952636,-0.0039067203,0.9991761446,0,196.0,-49.9,1978.1,1,0.9654206038,-0.0871906206,-0.2456843555,0.1206332967,0.9848570824,0.1245157719,0.2311073542,-0.1498478055,0.9613194466,0,213.4,-458.7,1979.7,0,0.9601933956,0.0387152843,0.2766403854,-0.0006456189,0.9906538129,-0.1363991648,-0.2793355882,0.1307909787,0.9512441158,1,378.0,-79.0,1936.9,1,0.9601934552,-0.1494597942,0.2359884530,-0.0006456152,0.8436287045,0.5369266868,-0.2793355882,-0.5157057643,0.8099502325,1,369.1,-307.1,1906.8,1,90.9,-160.4,1937.3,1,484.7,-247.0,1865.0,1,247.7,-846.3,2038.7,0,427.9,-639.0,2109.6,1,
2,0.9636617303,0.0628349781,0.2596160173,-0.1509803087,0.9299135804,0.3353489935,-0.2203506231,-0.3623639643,0.9056167006,1,330.7,513.8,1745.7,1,0.9636617303,0.0628349781,0.2596160173,-0.1509803087,0.9299135804,0.3353489935,-0.2203506231,-0.3623639643,0.9056167006,1,317.5,319.4,1821.4,1,0.9634044766,0.0753657818,0.2572245896,-0.1544621140,0.9403905869,0.3029856980,-0.2190586627,-0.3316333294,0.9176253676,1,302.1,127.0,1889.3,1,0.3578080535,-0.6316438317,-0.6877496839,0.8790279031,-0.0206866115,0.4763213694,-0.3150926232,-0.7749827504,0.5478307009,1,180.9,341.3,1852.5,1,-0.0172222815,-0.6312810779,-0.7753629684,0.9998504519,-0.0120888306,-0.0123661561,-0.0015667118,-0.7754600048,0.6313948631,1,85.5,107.1,1936.5,1,0.2750318050,0.5681037307,0.7756389976,-0.9203181863,-0.0778418183,0.3833472431,0.2781580985,-0.8192673922,0.5014272332,1,454.2,297.5,1790.4,1,-0.1647573709,0.5681037307,0.8062959909,-0.9861200452,-0.0778417885,-0.1466562152,-0.0205524266,-0.8192673326,0.5730434060,1,532.9,34.2,1869.9,1,0.9989002347,-0.0338754952,-0.0324160643,0.0339545086,0.9994215965,0.0018900395,0.0323332883,-0.0029886323,0.9994726777,0,195.7,-50.9,1977.8,1,0.9719511271,-0.0802229047,-0.2210775614,0.1073497534,0.9877169132,0.1135402396,0.2092535198,-0.1340881735,0.9686244726,0,209.6,-459.9,1979.1,0,0.9537243843,0.0473025665,0.2969383895,-0.0038175918,0.9893735051,-0.1453465670,-0.3006582558,0.1374869645,0.9437701106,1,377.7,-80.0,1936.5,1,0.9537243843,-0.1558493525,0.2571398914,-0.0038175881,0.8488423228,0.5286323428,-0.3006582260,-0.5051511526,0.8089666367,1,367.1,-300.3,1905.8,1,90.1,-160.4,1936.9,1,485.8,-247.5,1864.0,1,241.2,-848.5,2031.8,0,428.5,-634.3,2104.6,1,
3,0.9626826048,0.0633093640,0.2631099522,-0.1533818543,0.9286515117,0.3377479911,-0.2229566425,-0.3655045033,0.9037148356,1,330.7,513.5,1744.7,1,0.9626826048,0.0633093640,0.2631099522,-0.1533818543,0.9286515117,0.3377479911,-0.2229566425,-0.3655045033,0.9037148356,1,317.5,319.2,1821.2,1,0.9623124599,0.0780733004,0.2604840398,-0.1582730860,0.9397369027,0.3030472100,-0.2211284041,-0.3328578472,0.9166850448,1,301.5,126.9,1889.3,1,0.3538749218,-0.6336531043,-0.6879362464,0.8816434145,-0.0195351094,0.4715116620,-0.3122137487,-0.7733706236,0.5517430902,1,180.9,341.7,1852.5,1,-0.0202731919,-0.6332489252,-0.7736826539,0.9997932315,-0.0140867550,-0.0146682579,-0.0016100209,-0.7738200426,0.6334034801,1,86.0,105.0,1936.3,1,0.2752551138,0.5625240207,0.7796162963,-0.9207801819,-0.0788942873,0.3820205033,0.2764029205,-0.8230082989,0.4962448478,1,454.0,296.8,1789.8,1,-0.1614853591,0.5625239015,0.8108571768,-0.9867488742,-0.0788942650,-0.1417827755,-0.0157842338,-0.8230082989,0.5678101182,1,532.7,33.6,1868.8,1,0.9992960691,-0.0271104053,-0.0259297565,0.0271609798,0.9996297956,0.0016001588,0.0258767754,-0.0023033100,0.9996624589,0,194.6,-50.4,1978.2,1,0.9772543907,-0.0736026466,-0.1988880485,0.0956005305,0.9900392890,0.1033573225,0.1892995983,-0.1200202033,0.9745567441,0,205.7,-459.5,1979.2,0,0.9575929642,0.0355500057,0.2859229743,0.0028411523,0.9911456704,-0.1327486932,-0.2881105542,0.1279315650,0.9490131140,1,376.4,-80.3,1936.5,1,0.9575929642,-0.1534066051,0.2438896596,0.0028411523,0.8514595032,0.5244127512,-0.2881105542,-0.5014809966,0.8157874346,1,368.5,-301.5,1907.9,1,91.4,-162.5,1936.8,1,486.5,-248.4,1864.3,1,234.7,-849.0,2026.4,0,428.8,-636.6,2105.2,1,
4,0.9624473453,0.0603159033,0.2646691203,-0.1510868520,0.9290491343,0.3376889825,-0.2255244404,-0.3649999499,0.9032814503,1,330.2,512.9,1744.7,1,0.9624473453,0.0603159033,0.2646691203,-0.1510868520,0.9290491343,0.3376889825,-0.2255244404,-0.3649999499,0.9032814503,1,317.6,318.4,1821.1,1,0.9620441198,0.0760910735,0.2620570362,-0.1566130668,0.9403867722,0.3018915653,-0.2234655768,-0.3314786553,0.9166180491,1,302.0,126.0,1888.9,1,0.3571157753,-0.6347284317,-0.6852650642,0.8798450828,-0.0177185535,0.4749301970,-0.3135935664,-0.7725321651,0.5521351099,1,181.1,340.6,1852.8,1,-0.0275427401,-0.6340692639,-0.7727856040,0.9996179938,-0.0192488823,-0.0198335648,-0.0022994056,-0.7730366588,0.6343572140,1,85.3,104.7,1936.9,1,0.2744018734,0.5694913268,0.7748441100,-0.9212453365,-0.0753346235,0.3816173077,0.2757002711,-0.8185380101,0.5039692521,1,454.1,296.2,1789.4,1,-0.1581809521,0.5694913268,0.8066340685,-0.9872235656,-0.0753346309,-0.1404076070,-0.0191934388,-0.8185380101,0.5741317868,1,532.5,32.9,1868.2,1,0.9995495081,-0.0216939896,-0.0207411125,0.0217263587,0.9997630715,0.0013364907,0.0207072049,-0.0017865174,0.9997839928,0,195.6,-51.6,1977.9,1,0.9815590382,-0.0673655570,-0.1788960248,0.0852003545,0.9919243455,0.0939519927,0.1711222082,-0.1074614301,0.9793718457,0,204.5,-460.7,1978.6,0,0.9486098289,0.0482011922,0.3127560019,-0.0068100058,0.9912120104,-0.1321079731,-0.3163752854,0.1231890395,0.9406015277,1,377.3,-81.2,1935.7,1,0.9486097693,-0.1603591740,0.2728087306,-0.0068100095,0.8515506387,0.5242281556,-0.3163752556,-0.4991457164,0.8066971898,1,366.6,-302.1,1908.2,1,92.7,-162.8,1937.5,1,487.3,-249.2,1862.7,1,231.0,-851.1,2020.9,0,429.7,-637.2,2104.6,1,
5,0.9630633593,0.0583367981,0.2628657520,-0.1486680508,0.9291553497,0.3384692669,-0.2244997621,-0.3650511503,0.9035160542,1,329.7,512.5,1744.2,1,0.9630633593,0.0583367981,0.2628657520,-0.1486680508,0.9291553497,0.3384692669,-0.2244997621,-0.3650511503,0.9035160542,1,317.5,318.1,1820.6,1,0.9627535939,0.0725937635,0.2604385912,-0.1530911028,0.9403477311,0.3038137257,-0.2228497118,-0.3323726952,0.9164442420,1,302.7,125.7,1888.6,1,0.3539671898,-0.6346272230,-0.6869903207,0.8803793788,-0.0218216479,0.4737679958,-0.3156572878,-0.7725104094,0.5509884953,1,180.9,339.8,1852.2,1,-0.0277110804,-0.6346111298,-0.7723346353,0.9996126890,-0.0195692852,-0.0197860636,-0.0025575792,-0.7725837827,0.6349076629,1,85.7,103.1,1937.1,1,0.2724273801,0.5776373148,0.7694923282,-0.9223806858,-0.0708379000,0.3797313571,0.2738562226,-0.8132140636,0.5135033131,1,454.1,296.4,1789.0,1,-0.1551358700,0.5776373744,0.8014162183,-0.9875975251,-0.0708379224,-0.1401184052,-0.0241669640,-0.8132140636,0.5814626813,1,532.3,31.7,1867.5,1,0.9997116327,-0.0173588451,-0.0165911932,0.0173795614,0.9998483658,0.0011052653,0.0165694896,-0.0013932943,0.9998617172,0,196.9,-52.2,1977.6,1,0.9850515723,-0.0615294240,-0.1608958989,0.0759864450,0.9934538007,0.0852969587,0.1545943767,-0.0962478071,0.9832786918,0,204.0,-461.4,1978.2,0,0.9591023326,0.0488784276,0.2788078785,-0.0061362609,0.9883369803,-0.1521587819,-0.2829934359,0.1442249715,0.9482162595,1,378.7,-81.1,1935.5,1,0.9591022730,-0.1454106420,0.2428552508,-0.0061362535,0.8470814824,0.5314276218,-0.2829934359,-0.5111835599,0.8115455508,1,368.0,-297.7,1903.9,1,93.1,-164.4,1937.8,1,488.0,-250.4,1860.6,1,228.2,-852.3,2016.1,0,425.2,-631.0,2105.0,1,
6,0.9628523588,0.0558940098,0.2641660571,-0.1473223269,0.9286344051,0.3404816687,-0.2262846828,-0.3667552173,0.9023799300,1,329.6,512.4,1743.9,1,0.9628523588,0.0558940098,0.2641660571,-0.1473223269,0.9286344051,0.3404816687,-0.2262846828,-0.3667552173,0.9023799300,1,318.0,318.6,1820.5,1,0.9626093507,0.0696568936,0.2617705762,-0.1509411931,0.9403690100,0.3048218489,-0.2249298841,-0.3329404294,0.9157296419,1,303.7,126.2,1888.6,1,0.3537628651,-0.6353173256,-0.6864574552,0.8805766106,-0.0212078393,0.4734291732,-0.3153360188,-0.7719600201,0.5519429445,1,181.4,340.0,1852.4,1,-0.0306359529,-0.6348397732,-0.7720363140,0.9995291829,-0.0181331374,-0.0247525852,0.0017144865,-0.7724311352,0.6350963712,1,85.9,102.4,1937.5,1,0.2702539265,0.5846988559,0.7649118900,-0.9231655002,-0.0682056397,0.3783034980,0.2733649015,-0.8083782792,0.5213409066,1,454.5,297.2,1788.6,1,-0.1565397680,0.5846987963,0.7960042357,-0.9872180820,-0.0682056099,-0.1440434158,-0.0299300589,-0.8083782792,0.5879021287,1,532.2,31.9,1867.1,1,0.9998154640,-0.0138892783,-0.0132717360,0.0139025366,0.9999029636,0.0009072913,0.0132578462,-0.0010916347,0.9999114871,0,198.6,-51.9,1978.0,1,0.9878844619,-0.0560988300,-0.1446971297,0.0678161308,0.9946943521,0.0773568228,0.1395897865,-0.0862324014,0.9864475131,0,204.2,-461.1,1978.4,0,0.9704505205,0.0399562195,0.2379694283,-0.0030755177,0.9881632328,-0.1533753127,-0.2412809432,0.1481112540,0.9590864182,1,380.4,-80.5,1935.5,1,0.9704505205,-0.1264472604,0.2055165023,-0.0030755103,0.8451527357,0.5345160365,-0.2412809283,-0.5193534493,0.8197899461,1,371.5,-298.6,1902.8,1,94.1,-165.0,1937.0,1,487.5,-250.2,1858.6,1,226.3,-852.5,2012.3,0,421.3,-631.1,2107.1,1,
7,0.9625499249,0.0587683171,0.2646445334,-0.1494365484,0.9295287728,0.3371029198,-0.2261856198,-0.3640300035,0.9035075307,1,330.5,514.1,1744.3,1,0.9625499249,0.0587683171,0.2646445334,-0.1494365484,0.9295287728,0.3371029198,-0.2261856198,-0.3640300035,0.9035075307,1,318.2,320.0,1820.4,1,0.9623489976,0.0712222829,0.2623061836,-0.1523268819,0.9405851364,0.3034627736,-0.2251098752,-0.3319974840,0.9160277247,1,303.6,127.5,1888.3,1,0.3508568108,-0.6367831230,-0.6865907907,0.8814741969,-0.0228928775,0.4716769755,-0.3160739243,-0.7707031965,0.5532757640,1,181.7,341.6,1852.3,1,-0.0369459279,-0.6364737749,-0.7704131007,0.9993166924,-0.0243945327,-0.0277697835,-0.0011191285,-0.7709126472,0.6369400620,1,86.3,102.1,1938.2,1,0.2677324116,0.5774016976,0.7713149786,-0.9251493216,-0.0695316046,0.3731811047,0.2691061199,-0.8134942055,0.5155668855,1,454.7,298.4,1788.4,1,-0.1571313441,0.5774015784,0.8011973500,-0.9872044325,-0.0695316046,-0.1435016096,-0.0271495227,-0.8134942055,0.5809390545,1,531.9,31.9,1866.0,1,0.9998818636,-0.0111127608,-0.0106165437,0.0111212470,0.9999378920,0.0007405995,0.0106076533,-0.0008585812,0.9999433756,0,198.2,-50.5,1977.5,1,0.9901815653,-0.0510688648,-0.1301247180,0.0605645478,0.9957002997,0.0700913519,0.1259857416,-0.0772841126,0.9890170693,0,202.7,-459.8,1977.9,0,0.9681456089,0.0452282429,0.2462692559,-0.0022119395,0.9850571752,-0.1722136289,-0.2503782213,0.1661831290,0.9537787437,1,379.9,-79.3,1935.0,1,0.9681456089,-0.1310824603,0.2133343220,-0.0022119507,0.8475042582,0.5307840109,-0.2503782213,-0.5143480301,0.8202176094,1,370.0,-295.3,1898.6,1,96.2,-165.2,1938.5,1,487.0,-250.2,1858.2,1,222.8,-851.6,2008.3,0,421.6,-628.7,2100.9,1,
8,0.9630612731,0.0565181263,0.2632706463,-0.1464567930,0.9303983450,0.3360102177,-0.2259577513,-0.3621602058,0.9043155909,1,330.7,513.7,1744.5,1,0.9630612731,0.0565181263,0.2632706463,-0.1464567930,0.9303983450,0.3360102177,-0.2259577513,-0.3621602058,0.9043155909,1,318.8,319.2,1820.2,1,0.9628308415,0.0695587024,0.2609810531,-0.1498781443,0.9414432645,0.3020176589,-0.2246927768,-0.3299113512,0.9168834686,1,304.6,126.6,1887.7,1,0.3505386114,-0.6369026303,-0.6866424084,0.8810172677,-0.0244540721,0.4724517465,-0.3176969588,-0.7705563903,0.5525500774,1,182.2,340.5,1852.1,1,-0.0355139971,-0.6367290020,-0.7702694535,0.9993460774,-0.0278583877,-0.0230471808,-0.0067836563,-0.7705842257,0.6373021007,1,87.8,103.1,1937.7,1,0.2660396695,0.5751031041,0.7736144066,-0.9258532524,-0.0709769279,0.3711574972,0.2683626115,-0.8149960041,0.5135784745,1,455.5,298.0,1788.4,1,-0.1618646532,0.5751031637,0.8019078970,-0.9864066243,-0.0709769353,-0.1482032090,-0.0283151679,-0.8149961233,0.5787742734,1,531.7,32.5,1865.3,1,0.9999244213,-0.0088910321,-0.0084926616,0.0088964636,0.9999602437,0.0006019281,0.0084869731,-0.0006774373,0.9999637604,0,199.5,-51.9,1976.5,1,0.9920439124,-0.0464278236,-0.1170186102,0.0541223958,0.9965158701,0.0634576380,0.1136647016,-0.0692860931,0.9911003113,0,203.1,-461.1,1976.8,0,0.9581095576,0.0565749109,0.2807587087,-0.0123928450,0.9875668287,-0.1567103863,-0.2861338556,0.1466663033,0.9468983412,1,381.3,-80.2,1934.0,1,0.9581094980,-0.1434751451,0.2478730828,-0.0123928413,0.8438928127,0.5363686681,-0.2861338854,-0.5169717669,0.8067637086,1,368.8,-298.5,1901.6,1,97.3,-164.3,1939.5,1,485.5,-249.3,1857.2,1,221.4,-853.2,2004.0,0,425.2,-630.5,2105.0,1,
9,0.9642178416,0.0524398200,0.2598589659,-0.1414456815,0.9308165312,0.3369972706,-0.2242107838,-0.3616987467,0.9049349427,1,330.6,514.1,1744.6,1,0.9642178416,0.0524398200,0.2598589659,-0.1414456815,0.9308165312,0.3369972706,-0.2242107838,-0.3616987467,0.9049349427,1,319.6,319.6,1820.2,1,0.9640059471,0.0653307214,0.2577150464,-0.1448149532,0.9419502616,0.3029057384,-0.2229675800,-0.3293280303,0.9175141454,1,306.3,126.8,1887.6,1,0.3543011248,-0.6353158951,-0.6861811280,0.8776768446,-0.0273212940,0.4784735739,-0.3227292001,-0.7717689872,0.5479220152,1,182.9,340.1,1851.9,1,-0.0302855261,-0.6354407072,-0.7715554833,0.9995368123,-0.0215491839,-0.0214868188,-0.0029727928,-0.7718488574,0.6357991099,1,87.1,102.9,1939.1,1,0.2599612176,0.5774198174,0.7739552259,-0.9289689064,-0.0691743493,0.3636367619,0.2635088861,-0.8135117888,0.5184224248,1,456.4,299.0,1788.6,1,-0.1645382196,0.5758614540,0.8008188009,-0.9861484170,-0.0788000673,-0.1459520608,-0.0209435839,-0.8137409091,0.5808503628,1,531.3,31.5,1864.5,1,0.9999516010,-0.0071133333,-0.0067937444,0.0071168090,0.9999745488,0.0004875883,0.0067901029,-0.0005359145,0.9999768138,0,201.9,-52.2,1976.1,1,0.9935534596,-0.0421595275,-0.1052333340,0.0483941361,0.9971769452,0.0574119911,0.1025157943,-0.0621345565,0.9927889109,0,204.8,-461.4,1976.3,0,0.9552347660,0.0714581087,0.2870892882,-0.0199347772,0.9837329388,-0.1785274148,-0.2951764166,0.1648125350,0.9411205053,1,383.9,-79.6,1933.9,1,0.9552348852,-0.1417519897,0.2596784532,-0.0199347734,0.8449057341,0.5345436931,-0.2951764464,-0.5157912970,0.8042576313,1,368.4,-293.7,1898.1,1,95.2,-164.5,1939.9,1,484.3,-250.2,1858.5,1,221.4,-853.8,2000.7,0,424.2,-626.2,2101.0,1,
10,0.9645100832,0.0527874045,0.2587012351,-0.1402696371,0.9325470924,0.3326769173,-0.2236917317,-0.3571622074,0.9068632722,1,331.8,513.8,1745.7,1,0.9645100832,0.0527874045,0.2587012351,-0.1402696371,0.9325470924,0.3326769173,-0.2236917317,-0.3571622074,0.9068632722,1,320.7,318.8,1820.4,1,0.9642199278,0.0667563602,0.2565463781,-0.1448226273,0.9432387948,0.2988655269,-0.2220351696,-0.3253298998,0.9191651344,1,307.1,125.8,1886.9,1,0.3547199368,-0.6348821521,-0.6863662004,0.8782996535,-0.0254285336,0.4774339795,-0.3205675483,-0.7721905112,0.5485967398,1,183.9,339.3,1851.9,1,-0.0312997885,-0.6354254484,-0.7715277076,0.9994785786,-0.0260305777,-0.0191088133,-0.0079410849,-0.7717235088,0.6359087825,1,88.2,102.3,1938.4,1,0.2593518496,0.5607239604,0.7863366008,-0.9292439818,-0.0769574642,0.3613630533,0.2631393969,-0.8244187236,0.5010902286,1,457.5,298.2,1788.9,1,-0.1723948270,0.5607239008,0.8098573089,-0.9847020507,-0.0769574419,-0.1563308537,-0.0253338981,-0.8244187832,0.5654130578,1,532.1,31.2,1864.5,1,0.9999690652,-0.0056909821,-0.0054347399,0.0056932070,0.9999837279,0.0003939394,0.0054324097,-0.0004248683,0.9999851584,0,202.4,-53.5,1974.5,1,0.9947769642,-0.0382448062,-0.0946369469,0.0432961658,0.9977127314,0.0519109704,0.0924351662,-0.0557372533,0.9941574931,0,204.7,-462.8,1974.7,0,0.9445021152,0.0808586925,0.3183988929,-0.0308132134,0.9867671728,-0.1591888964,-0.3270573914,0.1405433267,0.9344951510,1,384.5,-80.9,1932.5,1,0.9445019960,-0.1456662267,0.2944441140,-0.0308132097,0.8530781865,0.5208724737,-0.3270573616,-0.5010378361,0.8012456298,1,367.1,-293.2,1902.3,1,96.6,-165.2,1940.5,1,482.8,-250.2,1857.3,1,219.7,-855.3,1996.6,0,424.4,-628.8,2099.4,1,
11,0.9641244411,0.0514843538,0.2603958547,-0.1404443234,0.9313835502,0.3358475268,-0.2252393514,-0.3603739738,0.9052080512,1,332.0,513.5,1744.7,1,0.9641244411,0.0514843538,0.2603958547,-0.1404443234,0.9313835502,0.3358475268,-0.2252393514,-0.3603739738,0.9052080512,1,321.3,318.8,1820.0,1,0.9639058113,0.0651520714,0.2581342459,-0.1439576596,0.9431697130,0.2995006144,-0.2239531875,-0.3258548677,0.9185135961,1,307.9,125.8,1886.7,1,0.3593513370,-0.6303400397,-0.6881410480,0.8753912449,-0.0278160721,0.4826141596,-0.3233523965,-0.7758207321,0.5417984128,1,184.5,339.2,1851.8,1,-0.0391120240,-0.6303400397,-0.7753332257,0.9992266893,-0.0278160572,-0.0277921762,-0.0040481905,-0.7758206725,0.6309404969,1,87.5,102.9,1939.1,1,0.2536507249,0.5815240741,0.7729755044,-0.9301133156,-0.0728012174,0.3599849939,0.2656134963,-0.8102652431,0.5224172473,1,458.0,298.3,1788.2,1,-0.1728091836,0.5815240145,0.7949633598,-0.9843122363,-0.0728012100,-0.1607150137,-0.0355853476,-0.8102651834,0.5849819779,1,532.0,27.1,1865.7,1,0.9999802113,-0.0045529823,-0.0043476233,0.0045544063,0.9999895692,0.0003176271,0.0043461323,-0.0003374217,0.9999905229,0,203.6,-53.6,1974.5,1,0.9957684278,-0.0346627422,-0.0851100013,0.0387552045,0.9981468916,0.0469122380,0.0833261833,-0.0500121787,0.9952665567,0,205.4,-462.8,1974.7,0,0.9526653290,0.0724070743,0.2952730060,-0.0292964131,0.9885689020,-0.1478960812,-0.3026064336,0.1322450042,0.9438965917,1,385.6,-80.8,1932.2,1,0.9526652098,-0.1349624246,0.2724225819,-0.0292964056,0.8511411548,0.5241186619,-0.3026064038,-0.5072906017,0.8068987727,1,369.9,-295.9,1903.4,1,98.0,-164.5,1940.2,1,482.9,-252.6,1855.6,1,219.1,-855.6,1994.3,0,423.0,-630.8,2103.0,1,
12,0.9646956325,0.0469246209,0.2591388524,-0.1392649412,0.9260526299,0.3507493734,-0.2235192806,-0.3744594157,0.8999016881,1,331.7,512.2,1740.2,1,0.9646956325,0.0469246209,0.2591388524,-0.1392649412,0.9260526299,0.3507493734,-0.2235192806,-0.3744594157,0.8999016881,1,321.8,318.4,1818.5,1,0.9644785523,0.0624084584,0.2566688359,-0.1429715157,0.9403872490,0.3085845411,-0.2221116871,-0.3343236148,0.9159136415,1,309.1,126.0,1886.9,1,0.3597926199,-0.6368223429,-0.6819138527,0.8724883199,-0.0293493420,0.4877526164,-0.3306254745,-0.7704516649,0.5450605154,1,185.0,338.7,1850.1,1,-0.0437831916,-0.6368224025,-0.7697664499,0.9990393519,-0.0293493699,-0.0325433724,-0.0018678079,-0.7704518437,0.6374956369,1,87.4,102.1,1939.7,1,0.2488228530,0.5996370316,0.7606067657,-0.9303812385,-0.0703053027,0.3597887456,0.2692173421,-0.7971779108,0.5403974652,1,458.7,298.1,1787.0,1,-0.1743421555,0.5996370316,0.7810508609,-0.9836842418,-0.0703053027,-0.1655974090,-0.0443863198,-0.7971780300,0.6021106839,1,532.0,24.0,1866.3,1,0.9999873042,-0.0036425097,-0.0034779890,0.0036434210,0.9999933243,0.0002556860,0.0034770344,-0.0002683545,0.9999939203,0,205.2,-52.9,1976.3,1,0.9965718389,-0.0313916653,-0.0765448362,0.0347071290,0.9984987378,0.0423752479,0.0750996917,-0.0448866300,0.9961652756,0,206.7,-462.1,1976.4,0,0.9696000218,0.0548108853,0.2384776771,-0.0271237381,0.9926585555,-0.1178698018,-0.2431874573,0.1078181490,0.9639683962,0,387.4,-79.9,1934.4,1,0.9614121318,-0.1151281893,0.2498643696,-0.0187775828,0.8786485195,0.4770997763,-0.2744705975,-0.4633813500,0.8425815105,0,365.0,-486.1,1890.3,0,99.1,-165.2,1940.2,1,482.7,-254.2,1853.8,1,219.1,-855.0,1994.1,0,410.3,-831.9,2072.6,0,
13,0.9652666450,0.0476812162,0.2568647265,-0.1368877739,0.9297391772,0.3418191969,-0.2225206792,-0.3651122749,0.9039807916,1,332.5,512.3,1742.5,1,0.9652666450,0.0476812162,0.2568647265,-0.1368877739,0.9297391772,0.3418191969,-0.2225206792,-0.3651122749,0.9039807916,1,322.5,317.7,1818.9,1,0.9649900794,0.0625865459,0.2546952367,-0.1415811330,0.9417665601,0.3049984872,-0.2207765132,-0.3303846121,0.9176641107,1,309.7,125.0,1886.5,1,0.3605172932,-0.6301963329,-0.6876626611,0.8717896342,-0.0344985425,0.4886642098,-0.3316777349,-0.7756690979,0.5369613171,1,185.6,337.8,1850.2,1,-0.0522344634,-0.6301963925,-0.7746767402,0.9986329079,-0.0344985351,-0.0392708294,-0.0019768784,-0.7756689787,0.6311368346,1,87.7,101.1,1940.3,1,0.2500365376,0.5855450034,0.7711152434,-0.9308735728,-0.0737285614,0.3578243852,0.2663755119,-0.8072800040,0.5266336799,1,459.5,297.6,1787.5,1,-0.1770198047,0.5855450630,0.7910758257,-0.9834508300,-0.0737285540,-0.1654947549,-0.0385797583,-0.8072800636,0.5889062285,1,532.2,26.7,1865.1,1,0.9999918938,-0.0029140862,-0.0027823201,0.0029146692,0.9999957085,0.0002055627,0.0027817092,-0.0002136705,0.9999961257,0,205.8,-54.3,1974.9,1,0.9972228408,-0.0284097772,-0.0688443705,0.0310956743,0.9987838268,0.0382615142,0.0676736459,-0.0402960144,0.9968934059,0,207.0,-463.5,1975.0,0,0.9541906714,0.0735337138,0.2900223434,-0.0294779763,0.9877172112,-0.1534464657,-0.2977435589,0.1378679276,0.9446381330,1,388.1,-81.0,1933.2,1,0.9541907310,-0.1354322731,0.2667925656,-0.0294779688,0.8447970152,0.5342742801,-0.2977435589,-0.5176640153,0.8021052480,1,372.0,-296.4,1903.1,1,101.7,-166.1,1940.8,1,482.2,-250.9,1854.2,1,218.2,-856.5,1990.9,0,425.3,-628.8,2106.8,1,
14,0.9646172523,0.0498470850,0.2588850260,-0.1385170519,0.9313302636,0.3367943764,-0.2243210375,-0.3607416749,0.9052896500,1,333.7,513.0,1743.6,1,0.9646172523,0.0498470850,0.2588850260,-0.1385170519,0.9313302636,0.3367943764,-0.2243210375,-0.3607416749,0.9052896500,1,323.3,318.1,1819.1,1,0.9643642902,0.0634896308,0.2568328083,-0.1426981390,0.9422848821,0.3028697371,-0.2227824330,-0.3287303746,0.9177734256,1,310.3,125.3,1886.4,1,0.3630781472,-0.6227678061,-0.6930617094,0.8714731932,-0.0362342149,0.4891027510,-0.3297099769,-0.7815672159,0.5295696259,1,186.4,338.4,1850.7,1,-0.0581162348,-0.6227678061,-0.7802453041,0.9983099103,-0.0362341926,-0.0454376526,0.0000255491,-0.7815672755,0.6238209605,1,87.4,100.7,1940.6,1,0.2524957061,0.5612611175,0.7881827354,-0.9314954281,-0.0794375241,0.3549732566,0.2618439496,-0.8238178492,0.5027545094,1,460.1,297.9,1787.5,1,-0.1853485256,0.5612611175,0.8066176176,-0.9821655750,-0.0794375539,-0.1704125255,-0.0315701924,-0.8238177299,0.5659749508,1,533.4,27.3,1863.5,1,0.9999948144,-0.0023313181,-0.0022258097,0.0023316911,0.9999972582,0.0001650990,0.0022254186,-0.0001702880,0.9999974966,0,206.2,-54.0,1974.7,1,0.9977502227,-0.0256955810,-0.0619211607,0.0278714038,0.9990147948,0.0345347896,0.0609727614,-0.0361829251,0.9974833727,0,207.2,-463.2,1974.7,0,0.9618796706,0.0716213807,0.2639279962,-0.0287018865,0.9862051010,-0.1630203128,-0.2719628811,0.1492306739,0.9506663680,1,388.4,-81.0,1932.6,1,0.9618796110,-0.1269945800,0.2421982288,-0.0287018940,0.8338665962,0.5512192249,-0.2719628811,-0.5371580720,0.7984343767,1,372.4,-301.1,1899.3,1,103.0,-166.4,1940.6,1,481.2,-249.6,1854.6,1,217.3,-856.3,1989.0,0,422.3,-629.1,2110.6,1,
15,0.9644618630,0.0453780815,0.2602818906,-0.1380486935,0.9265187979,0.3499983549,-0.2252756655,-0.3734957278,0.8998641968,1,332.9,511.6,1740.1,1,0.9644618630,0.0453780815,0.2602818906,-0.1380486935,0.9265187979,0.3499983549,-0.2252756655,-0.3734957278,0.8998641968,1,323.4,317.9,1818.2,1,0.9642485380,0.0600335225,0.2580953240,-0.1418250650,0.9396693707,0.3112886846,-0.2238383889,-0.3367681801,0.9145967960,1,311.1,125.6,1887.1,1,0.3613250554,-0.6250171661,-0.6919521093,0.8712916970,-0.0379947275,0.4892924726,-0.3321067095,-0.7796857357,0.5308439136,1,186.6,338.0,1850.0,1,-0.0585632734,-0.6250171661,-0.7784111500,0.9982821941,-0.0379947647,-0.0445976406,-0.0017012584,-0.7796857357,0.6261686683,1,88.1,100.4,1940.5,1,0.2557985485,0.5575407147,0.7897565961,-0.9295917749,-0.0824003369,0.3592622578,0.2653795481,-0.8260499835,0.4972073138,1,460.2,297.8,1786.5,1,-0.1903928369,0.5575406551,0.8080216646,-0.9812301397,-0.0824003369,-0.1743488759,-0.0306253284,-0.8260499835,0.5627641678,1,534.3,28.3,1863.4,1,0.9999966621,-0.0018650857,-0.0017806180,0.0018653246,0.9999982715,0.0001324944,0.0017803677,-0.0001358154,0.9999983907,0,207.8,-53.2,1977.2,1,0.9981775284,-0.0232282318,-0.0556964427,0.0249908045,0.9992018938,0.0311611965,0.0549281687,-0.0324963033,0.9979613423,0,208.5,-462.5,1977.2,0,0.9540541768,0.0872601718,0.2866466045,-0.0385620445,0.9844572544,-0.1713386029,-0.2971423864,0.1524126381,0.9425904751,1,389.9,-80.0,1934.9,1,0.9540541172,-0.1288298666,0.2705244422,-0.0385620221,0.8425492048,0.5372371078,-0.2971423268,-0.5229852796,0.7988696694,1,370.5,-298.4,1901.1,1,103.7,-166.7,1941.0,1,480.7,-248.3,1854.8,1,217.7,-855.6,1990.0,0,421.2,-629.8,2106.8,1,
16,0.9650846720,0.0421958566,0.2585026026,-0.1358948201,0.9243732691,0.3564547002,-0.2239138186,-0.3791421950,0.8978404999,1,332.1,511.6,1738.4,1,0.9650846720,0.0421958566,0.2585026026,-0.1358948201,0.9243732691,0.3564547002,-0.2239138186,-0.3791421950,0.8978404999,1,323.3,317.8,1817.9,1,0.9648769498,0.0580780916,0.2561870515,-0.1397546679,0.9392709136,0.3134202361,-0.2224280685,-0.3382194638,0.9144053459,1,311.4,125.6,1887.1,1,0.3590484262,-0.6315385699,-0.6871997118,0.8712438941,-0.0372441113,0.4894354343,-0.3346914351,-0.7744495273,0.5368516445,1,186.4,337.7,1849.4,1,-0.0599618331,-0.6315385103,-0.7730225325,0.9982002974,-0.0372441411,-0.0470009781,0.0008923661,-0.7744495869,0.6326351166,1,88.4,99.9,1940.8,1,0.2542840540,0.5537684560,0.7928935885,-0.9304397106,-0.0835980177,0.3567817807,0.2638587952,-0.8284636140,0.4939906001,1,460.2,298.0,1786.3,1,-0.1920835525,0.5537685156,0.8102126122,-0.9809378386,-0.0835980251,-0.1754207164,-0.0294102840,-0.8284636736,0.5592702031,1,534.0,27.8,1862.9,1,0.9999978542,-0.0014920884,-0.0014244751,0.0014922414,0.9999988675,0.0001062613,0.0014243149,-0.0001083867,0.9999989867,0,208.4,-53.3,1977.3,1,0.9985237122,-0.0209878553,-0.0500995554,0.0224156436,0.9993534684,0.0281093214,0.0494772084,-0.0291908365,0.9983485937,0,209.0,-462.6,1977.3,0,0.9366946220,0.1015365943,0.3351025581,-0.0476429053,0.9850901961,-0.1653101891,-0.3468912840,0.1388798803,0.9275661707,1,390.6,-79.7,1935.3,1,0.9366945028,-0.1482925117,0.3171950877,-0.0476428792,0.8434871435,0.5350323319,-0.3468912840,-0.5162739754,0.7830246687,1,367.7,-302.2,1903.9,1,104.4,-167.2,1940.5,1,479.9,-248.6,1854.7,1,217.3,-855.8,1988.8,0,426.0,-634.0,2107.0,1,
17,0.9654447436,0.0407284498,0.2573907971,-0.1342065334,0.9243618250,0.3571237922,-0.2233789265,-0.3793309331,0.8978940845,1,332.7,511.3,1738.0,1,0.9654447436,0.0407284498,0.2573907971,-0.1342065334,0.9243618250,0.3571237922,-0.2233789265,-0.3793309331,0.8978940845,1,324.1,317.5,1817.5,1,0.9652686119,0.0559202768,0.2551898658,-0.1376034766,0.9391646981,0.3146879673,-0.2220697254,-0.3388775885,0.9142487645,1,312.7,125.3,1886.9,1,0.3610520661,-0.6400637031,-0.6782034039,0.8689218163,-0.0331185460,0.4938400984,-0.3385502100,-0.7676077485,0.5442078114,1,187.2,337.0,1849.1,1,-0.0590518601,-0.6400637627,-0.7660492659,0.9982358813,-0.0331185721,-0.0492784157,0.0061708675,-0.7676078081,0.6408902407,1,88.5,99.5,1941.6,1,0.2532569766,0.5518196821,0.7945791483,-0.9309774637,-0.0842297524,0.3552272320,0.2629485726,-0.8296990991,0.4923998713,1,461.1,298.0,1786.0,1,-0.1866026223,0.5518196821,0.8128189445,-0.9821324348,-0.0842297673,-0.1682894379,-0.0244018771,-0.8296990991,0.5576774478,1,534.5,28.3,1862.2,1,0.9999986291,-0.0011936835,-0.0011395676,0.0011937813,0.9999992847,0.0000851791,0.0011394651,-0.0000865393,0.9999993443,0,210.1,-53.8,1977.2,1,0.9988040924,-0.0189556032,-0.0450669266,0.0201121792,0.9994763136,0.0253500938,0.0445627980,-0.0262261704,0.9986622930,0,210.6,-463.1,1977.2,0,0.9433332682,0.1030152366,0.3154525459,-0.0480527617,0.9829815030,-0.1773082018,-0.3283494711,0.1521023512,0.9322293997,1,392.4,-79.8,1935.2,1,0.9433333278,-0.1354527175,0.3029439151,-0.0480527431,0.8475241661,0.5285771489,-0.3283495009,-0.5131816268,0.7929888964,1,369.6,-298.0,1901.5,1,104.3,-167.6,1940.0,1,481.9,-248.4,1855.3,1,218.1,-856.4,1987.5,0,422.8,-631.4,2103.4,1,
18,0.9634637833,0.0435093828,0.2642669380,-0.1405914575,0.9219954014,0.3607659340,-0.2279580534,-0.3847427368,0.8944339156,1,332.8,510.4,1736.9,1,0.9634637833,0.0435093828,0.2642669380,-0.1405914575,0.9219954014,0.3607659340,-0.2279580534,-0.3847427368,0.8944339156,1,323.7,317.4,1817.4,1,0.9634013772,0.0565478280,0.2620165944,-0.1417515129,0.9371061325,0.3189549446,-0.2275030464,-0.3444270790,0.9108326435,1,312.1,125.7,1887.8,1,0.3626640141,-0.6291207671,-0.6875186563,0.8687976599,-0.0386513472,0.4936564565,-0.3371430337,-0.7763460279,0.5325611830,1,187.0,337.6,1849.6,1,-0.0641983524,-0.6291207671,-0.7746520042,0.9979344606,-0.0386513621,-0.0513125584,0.0023404437,-0.7763460875,0.6303026080,1,88.0,100.2,1941.7,1,0.2603701949,0.5407226086,0.7998915911,-0.9290046692,-0.0853472352,0.3600917757,0.2629782557,-0.8368601799,0.4801120162,1,460.4,297.3,1785.1,1,-0.1911389232,0.5407226682,0.8191977739,-0.9812835455,-0.0853472352,-0.1726228893,-0.0234248396,-0.8368602395,0.5469153523,1,535.9,27.9,1861.4,1,0.9999991059,-0.0009549547,-0.0009116459,0.0009550173,0.9999995232,0.0000682521,0.0009115804,-0.0000691227,0.9999995828,0,208.6,-52.5,1980.0,1,0.9990313053,-0.0171138011,-0.0405415446,0.0180506781,0.9995757937,0.0228567813,0.0401331782,-0.0235664416,0.9989163876,0,209.0,-461.7,1980.1,0,0.9394106865,0.0424604230,0.3401542306,-0.0744050294,0.9938987494,0.0814204440,-0.3346216977,-0.1017964035,0.9368382692,1,392.6,-79.6,1936.6,1,0.9412379861,-0.0899468809,0.3255463839,-0.0903856680,0.8616457582,0.4993966222,-0.3254248202,-0.4994758368,0.8028838038,1,379.4,-387.4,1968.1,1,105.1,-166.8,1941.1,1,482.1,-248.6,1854.8,1,215.7,-855.1,1989.3,0,414.7,-726.0,2164.4,1,
19,0.9645147920,0.0420833081,0.2606390417,-0.1376105696,0.9226412177,0.3602638841,-0.2253170609,-0.3833506703,0.8956999779,1,333.6,510.2,1736.8,1,0.9645147920,0.0420833081,0.2606390417,-0.1376105696,0.9226412177,0.3602638841,-0.2253170609,-0.3833506703,0.8956999779,1,324.8,317.0,1817.1,1,0.9643793106,0.0563409291,0.2584390938,-0.1401713938,0.9374342561,0.3186889887,-0.2243162841,-0.3435670435,0.9119472504,1,313.2,125.2,1887.4,1,0.3693597615,-0.6305783391,-0.6826012135,0.8643710017,-0.0365937650,0.5015213490,-0.3412274420,-0.7752625346,0.5315373540,1,187.9,336.9,1848.9,1,-0.0642763674,-0.6305782795,-0.7734594941,0.9979186654,-0.0365937538,-0.0530956835,0.0051771998,-0.7752624750,0.6316179633,1,87.4,101.6,1941.8,1,0.2550312877,0.5434356928,0.7997729182,-0.9305172563,-0.0869203061,0.3557842970,0.2628623843,-0.8349386454,0.4835089445,1,461.6,297.1,1785.2,1,-0.1935031712,0.5434356928,0.8168440461,-0.9808099270,-0.0869203135,-0.1745183319,-0.0238391478,-0.8349385858,0.5498265624,1,535.4,27.9,1861.3,1,0.9999994636,-0.0007639689,-0.0007293116,0.0007640089,0.9999997020,0.0000546713,0.0007292696,-0.0000552285,0.9999997616,0,210.1,-53.3,1979.0,1,0.9992153049,-0.0154457772,-0.0364717953,0.0162046719,0.9996563792,0.0206046235,0.0361410044,-0.0211794693,0.9991222620,0,210.4,-462.6,1979.0,0,0.9610694647,0.0368558653,0.2738378942,-0.0573812462,0.9960797429,0.0673244447,-0.2702830732,-0.0804166198,0.9594166279,0,393.3,-80.0,1936.4,1,0.9520925283,-0.0733107701,0.2968928814,-0.0737109408,0.8872023821,0.4554542601,-0.2967937589,-0.4555188715,0.8392949700,0,378.2,-487.6,1969.3,0,104.6,-165.4,1940.4,1,480.8,-248.3,1854.5,1,216.5,-855.9,1987.3,0,407.0,-836.7,2148.5,0,
20,0.9636760950,0.0416563787,0.2637908757,-0.1393841803,0.9210047126,0.3637528419,-0.2278018147,-0.3873124421,0.8933640718,1,334.0,510.0,1736.2,1,0.9636760950,0.0416563787,0.2637908757,-0.1393841803,0.9210047126,0.3637528419,-0.2278018147,-0.3873124421,0.8933640718,1,325.3,317.2,1817.3,1,0.9634581208,0.0582350530,0.2614375055,-0.1434372365,0.9364956617,0.3199928105,-0.2262021452,-0.3458038270,0.9106350541,1,313.4,125.6,1888.1,1,0.3660667539,-0.6282339096,-0.6865254641,0.8673357964,-0.0370099694,0.4963454604,-0.3372293115,-0.7771437168,0.5313417315,1,188.6,337.5,1849.4,1,-0.0588654131,-0.6282340288,-0.7757944465,0.9982659817,-0.0370099768,-0.0457755476,0.0000456229,-0.7771438360,0.6293231845,1,88.9,101.3,1941.3,1,0.2559411228,0.5384594798,0.8028423190,-0.9307943583,-0.0869538561,0.3550506532,0.2609905899,-0.8381531239,0.4789399505,1,462.0,296.8,1785.2,1,-0.1995446533,0.5384593606,0.8186840415,-0.9795283079,-0.0869538635,-0.1815578789,-0.0265738145,-0.8381530643,0.5447874069,1,536.2,27.0,1860.9,1,0.9999996424,-0.0006111783,-0.0005834459,0.0006112040,0.9999998212,0.0000437816,0.0005834191,-0.0000441382,0.9999998212,0,210.2,-52.5,1980.2,1,0.9993643761,-0.0139362514,-0.0328118205,0.0145509765,0.9997216463,0.0185712259,0.0325438753,-0.0190368649,0.9992889762,0,210.5,-461.7,1980.3,0,0.9398334622,0.0624470823,0.3358772397,-0.0726121143,0.9972018600,0.0177771710,-0.3338272572,-0.0410963371,0.9417380095,1,392.7,-79.6,1937.4,1,0.9394664764,-0.1163320243,0.3222880661,-0.0698823407,0.8557763100,0.5126044750,-0.3354387879,-0.5040969849,0.7958436012,1,374.9,-364.5,1949.1,1,104.6,-165.8,1941.3,1,480.0,-248.9,1853.4,1,216.0,-855.1,1987.8,0,420.5,-700.6,2147.1,1,
21,0.9638181329,0.0389751010,0.2636814117,-0.1404049397,0.9151157737,0.3779458404,-0.2265703529,-0.4012975693,0.8874852657,1,333.1,508.1,1732.4,1,0.9638181329,0.0389751010,0.2636814117,-0.1404049397,0.9151157737,0.3779458404,-0.2265703529,-0.4012975693,0.8874852657,1,324.9,316.5,1816.5,1,0.9636089206,0.0574191734,0.2610618472,-0.1444185376,0.9336733222,0.3277057409,-0.2249317467,-0.3534866869,0.9079959989,1,313.2,125.5,1888.8,1,0.3636186123,-0.6437867880,-0.6732905507,0.8644122481,-0.0362281650,0.5014768243,-0.3472362161,-0.7643469572,0.5433239341,1,188.2,337.0,1848.4,1,-0.0612822026,-0.6437867284,-0.7627471089,0.9981111884,-0.0362281799,-0.0496143885,0.0043081450,-0.7643468976,0.6447908878,1,89.1,101.3,1943.1,1,0.2534945905,0.5506274700,0.7953300476,-0.9313499928,-0.0832461789,0.3544815779,0.2613954544,-0.8305898309,0.4917244613,1,461.6,296.0,1784.6,1,-0.1966160387,0.5506274104,0.8112654090,-0.9799540043,-0.0832461789,-0.1809975654,-0.0321274810,-0.8305897713,0.5559571385,1,535.0,26.5,1860.2,1,0.9999997616,-0.0004889447,-0.0004667546,0.0004889611,0.9999998808,0.0000350538,0.0004667374,-0.0000352820,0.9999998808,0,210.3,-51.9,1982.4,1,0.9994851351,-0.0125709120,-0.0295200255,0.0130688492,0.9997745156,0.0167358834,0.0293029826,-0.0171130579,0.9994240999,0,210.5,-461.1,1982.4,0,0.9425051212,0.0856048614,0.3230419159,-0.0592408106,0.9941239357,-0.0905984268,-0.3288993537,0.0662522018,0.9420382380,1,392.5,-79.2,1939.9,1,0.9425050020,-0.1258159727,0.3096039295,-0.0592408329,0.8488539457,0.5252975225,-0.3288993537,-0.5134367347,0.7925956845,1,371.0,-329.6,1923.2,1,105.5,-165.7,1941.9,1,479.6,-249.6,1851.2,1,215.4,-854.6,1989.2,0,420.4,-663.3,2125.0,1,
22,0.9633151889,0.0354684442,0.2660042048,-0.1401562542,0.9117917418,0.3859863877,-0.2288519144,-0.4091130793,0.8833217025,1,332.2,506.3,1730.5,1,0.9633151889,0.0354684442,0.2660042048,-0.1401562542,0.9117917418,0.3859863877,-0.2288519144,-0.4091130793,0.8833217025,1,324.7,315.2,1816.3,1,0.9630304575,0.0568469241,0.2633118927,-0.1458430290,0.9318548441,0.3322197795,-0.2264846712,-0.3583443761,0.9057029486,1,313.1,124.5,1889.6,1,0.3630698323,-0.6526541114,-0.6649985313,0.8635867238,-0.0322722644,0.5031664371,-0.3498546183,-0.7569684386,0.5519063473,1,188.1,335.9,1848.5,1,-0.0614842586,-0.6526539922,-0.7551572323,0.9980531335,-0.0322722457,-0.0533689633,0.0104608480,-0.7569683790,0.6533677578,1,89.0,100.0,1944.0,1,0.2533157766,0.5541980863,0.7929031849,-0.9318318367,-0.0803738385,0.3538776934,0.2598470449,-0.8284952641,0.4960595071,1,461.4,294.5,1784.2,1,-0.1972520351,0.5541982055,0.8086755276,-0.9796578884,-0.0803738609,-0.1838765442,-0.0369076617,-0.8284953833,0.5587784648,1,534.3,26.1,1859.0,1,0.9999998808,-0.0003911571,-0.0003734023,0.0003911676,0.9999999404,0.0000280613,0.0003733913,-0.0000282074,0.9999999404,0,210.5,-52.4,1984.4,1,0.9995829463,-0.0113367569,-0.0265594851,0.0117400996,0.9998173714,0.0150799695,0.0263836775,-0.0153854918,0.9995334744,0,210.6,-461.6,1984.4,0,0.9360725284,0.0995086282,0.3374407589,-0.0526133887,0.9879738688,-0.1453943402,-0.3478506505,0.1183457449,0.9300506711,1,392.5,-79.9,1941.6,1,0.9360725880,-0.1428946853,0.3214799166,-0.0526133850,0.8466585279,0.5295291543,-0.3478506207,-0.5125917792,0.7850157619,1,368.7,-316.3,1913.2,1,105.4,-167.0,1941.2,1,478.8,-249.8,1848.6,1,215.1,-855.0,1990.4,0,424.9,-649.3,2114.8,1,
23,0.9606676698,0.0355356820,0.2754037976,-0.1453715265,0.9093722701,0.3897468746,-0.2365965545,-0.4144575000,0.8787780404,1,332.0,505.2,1729.6,1,0.9606676698,0.0355356820,0.2754037976,-0.1453715265,0.9093722701,0.3897468746,-0.2365965545,-0.4144575000,0.8787780404,1,324.6,314.6,1816.5,1,0.9604973197,0.0556412674,0.2726561129,-0.1488097459,0.9306415915,0.3342984617,-0.2351462692,-0.3616711199,0.9021662474,1,313.2,124.2,1890.5,1,0.3583392799,-0.6631102562,-0.6571740508,0.8658819795,-0.0271252841,0.4995123744,-0.3490578234,-0.7480300665,0.5644551516,1,188.3,335.7,1849.8,1,-0.0566009618,-0.6631102562,-0.7463786602,0.9982990623,-0.0271253008,-0.0516060144,0.0139747281,-0.7480300665,0.6635177135,1,90.3,98.8,1945.3,1,0.2514723539,0.5511164665,0.7956333160,-0.9327144623,-0.0815361291,0.3512771726,0.2584674656,-0.8304351568,0.4935301840,1,460.9,293.5,1783.1,1,-0.2119639367,0.5511165261,0.8070576191,-0.9762493968,-0.0815361366,-0.2007214427,-0.0448165312,-0.8304352760,0.5553098321,1,533.5,24.2,1857.7,1,0.9999998808,-0.0003129265,-0.0002987210,0.0003129333,0.9999999404,0.0000224607,0.0002987139,-0.0000225542,0.9999999404,0,211.1,-52.2,1986.7,1,0.9996621609,-0.0102216164,-0.0238965172,0.0105483318,0.9998520613,0.0135862315,0.0237541106,-0.0138337100,0.9996221066,0,211.2,-461.4,1986.7,0,0.9444064498,0.1014765576,0.3127283156,-0.0436979607,0.9814798236,-0.1865151078,-0.3258634508,0.1624804735,0.9313501120,1,392.5,-80.3,1942.3,1,0.9444064498,-0.1385011375,0.2981843948,-0.0436979532,0.8460186124,0.5313596725,-0.3258634508,-0.5148495436,0.7929331064,1,369.3,-305.5,1905.0,1,105.4,-168.3,1941.6,1,473.8,-250.8,1845.1,1,215.2,-854.8,1992.1,0,423.7,-638.3,2107.5,1,
