1,0.9991760254,0.0403562784,0.0040105544,-0.0400389656,0.9658996463,0.2558011711,0.0064493385,-0.2557512820,0.9667210579,1,402.7,524.5,1765.1,1,0.9991760254,0.0403562784,0.0040105544,-0.0400389656,0.9658996463,0.2558011711,0.0064493385,-0.2557512820,0.9667210579,1,394.4,325.2,1817.9,1,0.9995907545,0.0282406174,0.0042576157,-0.0283668339,0.9644456506,0.2627535760,0.0033140373,-0.2627671659,0.9648535848,1,388.6,127.8,1871.6,1,0.3262478709,-0.6565839052,-0.6800439358,0.9267911315,0.0805698484,0.3668332696,-0.1860658228,-0.7499372363,0.6348019242,1,252.6,329.2,1817.4,1,-0.1201116070,-0.6446026564,-0.7550235987,0.9897202253,-0.1372246444,-0.0402921215,-0.0776354373,-0.7521016598,0.6544584632,1,159.4,64.4,1870.6,1,0.2085889578,0.8207982183,0.5317715406,-0.9097377658,-0.0367389619,0.4135546386,0.3589815795,-0.5700355768,0.7390478253,1,536.2,321.1,1818.3,1,-0.0944075882,0.8207982779,0.5633627176,-0.9929307103,-0.0367389694,-0.1128667518,-0.0719434619,-0.5700355768,0.8184642196,1,600.1,42.7,1928.2,1,0.6504440308,-0.3862897754,-0.6539899707,0.4716987610,0.8802940845,-0.0508188605,0.5953343511,-0.2754313946,0.7547945380,1,289.5,-66.9,1925.1,1,0.5440401435,-0.0175055359,-0.8388766050,0.4133808613,0.8756179214,0.2498193085,0.7301622033,-0.4826872349,0.4836076796,1,447.5,-427.0,2037.8,1,1.0000000000,0.0000000000,0.0000000000,0.0000000000,1.0000000000,0.0000000000,0.0000000000,0.0000000000,1.0000000000,0,476.2,-72.2,1925.7,1,1.0000000000,0.0000000000,0.0000000000,0.0000000000,1.0000000000,0.0000000000,0.0000000000,0.0000000000,1.0000000000,0,476.2,-481.4,1925.7,0,191.6,-201.3,1891.4,1,573.0,-242.0,1907.6,1,454.4,-771.4,2227.6,1,476.2,-874.9,1925.7,0,
2,0.9993818998,0.0350743830,0.0016771839,-0.0344229825,0.9691531062,0.2440424412,0.0069341408,-0.2439496517,0.9697631598,1,402.6,523.9,1768.4,1,0.9993818998,0.0350743830,0.0016771839,-0.0344229825,0.9691531062,0.2440424412,0.0069341408,-0.2439496517,0.9697631598,1,395.4,323.8,1818.7,1,0.9997206926,0.0234910939,0.0019893635,-0.0232243761,0.9668298960,0.2543620765,0.0040518218,-0.2543375492,0.9671070576,1,390.6,126.0,1870.8,1,0.3343333900,-0.6555339694,-0.6771236658,0.9238301516,0.0858248770,0.3730575740,-0.1864378601,-0.7502728105,0.6342961192,1,253.5,327.1,1818.2,1,-0.1209360436,-0.6433333158,-0.7559741139,0.9900698066,-0.1331563890,-0.0450692549,-0.0716682300,-0.7539176345,0.6530482173,1,159.5,67.2,1870.6,1,0.2098103166,0.7908685207,0.5748971105,-0.9095676541,-0.0578352213,0.4115115404,0.3587007523,-0.6092471480,0.7072140574,1,537.2,320.5,1819.3,1,-0.1202651858,0.7908685207,0.6000528336,-0.9908000231,-0.0578352287,-0.1223537251,-0.0620615110,-0.6092472672,0.7905480862,1,600.6,45.7,1927.7,1,0.6481333375,-0.3885494769,-0.6549448371,0.4681747258,0.8816156983,-0.0597175993,0.6006128788,-0.2679235935,0.7533134818,1,288.3,-69.6,1922.4,1,0.5412385464,-0.0212214440,-0.8406013250,0.4219584465,0.8715555668,0.2496837676,0.7273321152,-0.4898372591,0.4806740582,1,447.3,-430.3,2032.0,1,1.0000000000,0.0000000000,0.0000000000,0.0000000000,1.0000000000,0.0000000000,0.0000000000,0.0000000000,1.0000000000,0,483.2,-74.1,1923.2,1,1.0000000000,0.0000000000,0.0000000000,0.0000000000,1.0000000000,0.0000000000,0.0000000000,0.0000000000,1.0000000000,0,483.2,-483.3,1923.2,0,191.9,-198.6,1889.9,1,566.1,-238.9,1909.9,1,455.7,-773.1,2224.7,1,483.2,-876.8,1923.2,0,
3,0.9996303320,0.0247906912,-0.0110486876,-0.0213500001,0.9695758820,0.2438570559,0.0167578943,-0.2435313165,0.9697482586,1,401.9,524.5,1768.6,1,0.9996303320,0.0247906912,-0.0110486876,-0.0213500001,0.9695758820,0.2438570559,0.0167578943,-0.2435313165,0.9697482586,1,396.8,324.5,1818.8,1,0.9998589158,0.0126994010,-0.0108764106,-0.0095386654,0.9674821496,0.2527583241,0.0137325851,-0.2526192367,0.9674683213,1,394.2,126.6,1870.5,1,0.3422585130,-0.6477460265,-0.6806498170,0.9196713567,0.0825157911,0.3839214742,-0.1925192624,-0.7573745251,0.6239552498,1,254.9,325.9,1816.8,1,-0.1176042706,-0.6358565688,-0.7627945542,0.9907245040,-0.1277801991,-0.0462293960,-0.0680747852,-0.7611560225,0.6449862123,1,158.7,67.2,1871.0,1,0.1991548687,0.7779417634,0.5959395170,-0.9180901051,-0.0645522326,0.3910799623,0.3427066505,-0.6250116825,0.7013647556,1,538.6,323.2,1820.7,1,-0.1275781989,0.7779417634,0.6152482629,-0.9902166128,-0.0645522550,-0.1237096637,-0.0565232486,-0.6250116825,0.7785663009,1,600.3,38.8,1926.9,1,0.6377133131,-0.3876743317,-0.6656053066,0.4751873612,0.8780906200,-0.0561592318,0.6062332988,-0.2804736793,0.7441880107,1,291.4,-70.4,1920.8,1,0.5279514194,-0.0078971069,-0.8492378592,0.4076113701,0.8796128035,0.2452229410,0.7450639606,-0.4756247997,0.4676117599,1,450.0,-429.7,2035.5,1,1.0000000000,0.0000000000,0.0000000000,0.0000000000,1.0000000000,0.0000000000,0.0000000000,0.0000000000,1.0000000000,0,491.8,-72.3,1923.5,1,1.0000000000,0.0000000000,0.0000000000,0.0000000000,1.0000000000,0.0000000000,0.0000000000,0.0000000000,1.0000000000,0,491.8,-481.5,1923.5,0,190.2,-198.8,1889.3,1,563.5,-246.5,1910.6,1,453.1,-775.7,2222.6,1,491.8,-875.0,1923.5,0,
4,0.9994955063,0.0148480218,-0.0280291475,-0.0074617956,0.9689363241,0.2471965998,0.0308288336,-0.2468631268,0.9685599208,1,402.0,524.0,1768.1,1,0.9994955063,0.0148480218,-0.0280291475,-0.0074617956,0.9689363241,0.2471965998,0.0308288336,-0.2468631268,0.9685599208,1,399.0,324.2,1819.0,1,0.9996017814,0.0033154679,-0.0279766917,0.0038659950,0.9675135016,0.2527887821,0.0279059373,-0.2527966201,0.9671169519,1,398.3,126.3,1870.8,1,0.3535177708,-0.6366673708,-0.6853320003,0.9134858847,0.0772134811,0.3994767368,-0.2014169395,-0.7672632337,0.6088829637,1,257.2,323.7,1815.1,1,-0.1168079674,-0.6245319247,-0.7722148299,0.9907936454,-0.1268593222,-0.0472729616,-0.0684391707,-0.7706273794,0.6336004138,1,158.3,68.2,1871.4,1,0.2084065527,0.7583022118,0.6176928282,-0.9169563651,-0.0682100356,0.3931137323,0.3402318656,-0.6483248472,0.6811146140,1,540.7,324.8,1823.0,1,-0.1469848752,0.7583022714,0.6351166964,-0.9867918491,-0.0682100132,-0.1469331086,-0.0680983961,-0.6483249664,0.7583122849,1,605.1,41.8,1928.0,1,0.6286216378,-0.3736410141,-0.6820756793,0.4729256928,0.8798932433,-0.0461429171,0.6173946857,-0.2935646474,0.7298244238,1,297.2,-72.1,1919.7,1,0.5152406693,-0.0105712106,-0.8569803238,0.4060530365,0.8835859895,0.2332311124,0.7547502518,-0.4681496322,0.4595519006,1,450.1,-432.0,2039.8,1,1.0000000000,0.0000000000,0.0000000000,0.0000000000,1.0000000000,0.0000000000,0.0000000000,0.0000000000,1.0000000000,0,498.0,-71.3,1925.3,1,1.0000000000,0.0000000000,0.0000000000,0.0000000000,1.0000000000,0.0000000000,0.0000000000,0.0000000000,1.0000000000,0,498.0,-480.5,1925.3,0,189.7,-197.7,1889.8,1,562.6,-242.9,1908.3,1,454.2,-779.6,2224.0,1,498.0,-874.0,1925.3,0,
5,0.9992570877,0.0106441937,-0.0370042659,-0.0011452732,0.9688225985,0.2477516234,0.0384876989,-0.2475255430,0.9681166410,1,401.6,524.3,1768.4,1,0.9992570877,0.0106441937,-0.0370042659,-0.0011452732,0.9688225985,0.2477516234,0.0384876989,-0.2475255430,0.9681166410,1,399.4,324.6,1819.4,1,0.9993137717,-0.0013984585,-0.0369779989,0.0107249441,0.9673404098,0.2532526851,0.0354161635,-0.2534758449,0.9666931629,1,399.7,126.7,1871.3,1,0.3531240821,-0.6315512657,-0.6902508736,0.9131028056,0.0719098300,0.4013379216,-0.2038296610,-0.7719920874,0.6020643711,1,257.6,323.1,1814.4,1,-0.1170946732,-0.6191670895,-0.7764798999,0.9908686876,-0.1254624277,-0.0493808687,-0.0668440387,-0.7751718760,0.6282042861,1,159.2,68.6,1871.2,1,0.2245946229,0.7453870177,0.6276587844,-0.9116404653,-0.0667871833,0.4055258632,0.3441932201,-0.6632781029,0.6645249128,1,541.1,326.2,1824.5,1,-0.1577889472,0.7453870177,0.6476888657,-0.9843713641,-0.0667871684,-0.1629495770,-0.0782031938,-0.6632780433,0.7442758679,1,609.7,47.8,1929.6,1,0.6248870492,-0.3572424054,-0.6941859722,0.4730839431,0.8805938363,-0.0273147188,0.6210539341,-0.3113395870,0.7192773819,1,303.2,-72.2,1919.7,1,0.5080801845,-0.0175439343,-0.8611310720,0.3993509412,0.8906301856,0.2174780965,0.7631339431,-0.4543898404,0.4595177174,1,449.4,-432.5,2047.1,1,1.0000000000,0.0000000000,0.0000000000,0.0000000000,1.0000000000,0.0000000000,0.0000000000,0.0000000000,1.0000000000,0,496.7,-70.2,1926.6,1,1.0000000000,0.0000000000,0.0000000000,0.0000000000,1.0000000000,0.0000000000,0.0000000000,0.0000000000,1.0000000000,0,496.7,-479.4,1926.6,0,190.6,-197.3,1889.2,1,564.2,-236.5,1907.0,1,456.3,-782.8,2225.8,1,496.7,-872.9,1926.6,0,
6,0.9991630912,0.0088282116,-0.0399052426,0.0014149869,0.9683343172,0.2496518940,0.0408456102,-0.2494997829,0.9675130248,1,401.4,524.8,1768.1,1,0.9991630912,0.0088282116,-0.0399052426,0.0014149869,0.9683343172,0.2496518940,0.0408456102,-0.2494997829,0.9675130248,1,399.6,325.9,1819.3,1,0.9992013574,-0.0016827948,-0.0398885757,0.0117751751,0.9670884609,0.2541664839,0.0381480902,-0.2544335425,0.9663375616,1,399.9,128.1,1871.4,1,0.3470156491,-0.6308381557,-0.6939908862,0.9154419303,0.0670144707,0.3968314230,-0.2038289607,-0.7730150819,0.6007507443,1,257.8,324.3,1813.9,1,-0.1185050383,-0.6181711555,-0.7770591974,0.9908981323,-0.1239487827,-0.0525119156,-0.0638541877,-0.7762094140,0.6272332668,1,160.4,67.4,1871.1,1,0.2328935564,0.7381869555,0.6331197023,-0.9094355702,-0.0653094351,0.4106842577,0.3445104361,-0.6714273095,0.6561233997,1,541.3,327.6,1824.7,1,-0.1596049070,0.7381870747,0.6554435492,-0.9839531183,-0.0653094277,-0.1660450995,-0.0797656924,-0.6714273095,0.7367651463,1,611.6,53.3,1928.6,1,0.6242526770,-0.3531213105,-0.6968602538,0.4699623287,0.8823007941,-0.0260942541,0.6240547895,-0.3112086058,0.7167322636,1,305.6,-70.9,1919.8,1,0.5065668821,-0.0083556175,-0.8621602654,0.3977814615,0.8894382715,0.2250986695,0.7649574876,-0.4569788277,0.4538837075,1,450.0,-431.9,2047.1,1,1.0000000000,0.0000000000,0.0000000000,0.0000000000,1.0000000000,0.0000000000,0.0000000000,0.0000000000,1.0000000000,0,495.0,-68.7,1927.0,1,1.0000000000,0.0000000000,0.0000000000,0.0000000000,1.0000000000,0.0000000000,0.0000000000,0.0000000000,1.0000000000,0,495.0,-477.9,1927.0,0,192.3,-198.6,1888.2,1,565.5,-231.0,1905.6,1,453.3,-781.8,2226.9,1,495.0,-871.4,1927.0,0,
7,0.9991722107,0.0123090809,-0.0387394167,-0.0022109638,0.9680939913,0.2505761683,0.0405877754,-0.2502833903,0.9673214555,1,401.5,524.1,1768.4,1,0.9991722107,0.0123090809,-0.0387394167,-0.0022109638,0.9680939913,0.2505761683,0.0405877754,-0.2502833903,0.9673214555,1,399.0,325.4,1819.8,1,0.9992456436,0.0024548883,-0.0387229435,0.0074171796,0.9675064683,0.2527360618,0.0380851552,-0.2528329492,0.9667600393,1,398.5,127.4,1871.5,1,0.3442361057,-0.6324449182,-0.6939128041,0.9165570140,0.0661503375,0.3943948150,-0.2035304308,-0.7717756033,0.6024432182,1,257.2,324.3,1814.4,1,-0.1174439117,-0.6201484799,-0.7756434083,0.9899867177,-0.1347054243,-0.0421979278,-0.0783144012,-0.7728325725,0.6297591329,1,161.0,68.0,1871.3,1,0.2263488621,0.7738630772,0.5915252566,-0.9129340649,-0.0431723595,0.4058171511,0.3395844400,-0.6318798065,0.6967139840,1,540.8,326.4,1825.2,1,-0.1196921691,0.7738631368,0.6219403744,-0.9896654487,-0.0431723222,-0.1367425919,-0.0789694339,-0.6318799257,0.7710329294,1,608.8,52.2,1927.2,1,0.6242302656,-0.3557451367,-0.6955444813,0.4715961814,0.8813841343,-0.0275519006,0.6228433847,-0.3108173609,0.7179546356,1,305.9,-71.2,1919.7,1,0.5059831142,0.0105106235,-0.8624792695,0.3804595470,0.8946764469,0.2341038138,0.7741004825,-0.4465911090,0.4486922920,1,451.5,-431.9,2046.9,1,1.0000000000,0.0000000000,0.0000000000,0.0000000000,1.0000000000,0.0000000000,0.0000000000,0.0000000000,1.0000000000,0,490.1,-69.9,1926.7,1,1.0000000000,0.0000000000,0.0000000000,0.0000000000,1.0000000000,0.0000000000,0.0000000000,0.0000000000,1.0000000000,0,490.1,-479.1,1926.7,0,192.5,-197.7,1892.3,1,574.2,-233.6,1904.4,1,447.3,-783.8,2222.6,1,490.1,-872.6,1926.7,0,
8,0.9992282391,0.0136414086,-0.0367990434,-0.0039316686,0.9677250981,0.2519756258,0.0390486717,-0.2516367733,0.9670335650,1,401.3,523.7,1768.0,1,0.9992282391,0.0136414086,-0.0367990434,-0.0039316686,0.9677250981,0.2519756258,0.0390486717,-0.2516367733,0.9670335650,1,398.5,325.3,1819.6,1,0.9993185401,0.0025619313,-0.0367859975,0.0068529993,0.9673019648,0.2535331845,0.0362327211,-0.2536128163,0.9666269422,1,398.0,127.4,1871.5,1,0.3448145390,-0.6326828599,-0.6934086084,0.9169300795,0.0689612031,0.3930442035,-0.2008540183,-0.7713345885,0.6039046645,1,256.7,324.3,1814.5,1,-0.1190897524,-0.6200441122,-0.7754760385,0.9896443486,-0.1371652633,-0.0423069075,-0.0801362246,-0.7724838257,0.6299580336,1,159.9,66.8,1870.9,1,0.2169936299,0.7869459391,0.5776070356,-0.9158471227,-0.0406629294,0.3994628191,0.3378428221,-0.6156806350,0.7118986249,1,540.3,326.3,1824.8,1,-0.1081290171,0.7869459391,0.6074736714,-0.9914731383,-0.0406629220,-0.1238037571,-0.0727251992,-0.6156806350,0.7846327424,1,605.5,51.2,1926.2,1,0.6251791120,-0.3565937579,-0.6942565441,0.4734448195,0.8804430366,-0.0258877203,0.6204846501,-0.3125076294,0.7192620039,1,303.6,-71.2,1920.0,1,0.5081611276,-0.0065708472,-0.8612369299,0.3851014376,0.8961733580,0.2203864753,0.7703694105,-0.4436554313,0.4579309225,1,449.5,-431.5,2047.9,1,1.0000000000,0.0000000000,0.0000000000,0.0000000000,1.0000000000,0.0000000000,0.0000000000,0.0000000000,1.0000000000,0,491.3,-69.9,1926.8,1,1.0000000000,0.0000000000,0.0000000000,0.0000000000,1.0000000000,0.0000000000,0.0000000000,0.0000000000,1.0000000000,0,491.3,-479.1,1926.8,0,191.8,-198.9,1892.4,1,574.2,-235.2,1905.2,1,452.1,-784.0,2222.4,1,491.3,-872.6,1926.8,0,
9,0.9993435740,0.0135636739,-0.0335507505,-0.0046543572,0.9675775170,0.2525300384,0.0358881913,-0.2522083819,0.9670071602,1,400.9,523.6,1768.4,1,0.9993435740,0.0135636739,-0.0335507505,-0.0046543572,0.9675775170,0.2525300384,0.0358881913,-0.2522083819,0.9670071602,1,398.2,325.3,1820.0,1,0.9994205832,0.0054833326,-0.0335517153,0.0031656476,0.9676091075,0.2524317503,0.0338491239,-0.2523919940,0.9670327902,1,397.0,127.4,1871.7,1,0.3487998545,-0.6334813833,-0.6906808615,0.9159327149,0.0743177980,0.3943909109,-0.1985094100,-0.7701807022,0.6061483622,1,256.4,324.9,1815.2,1,-0.1235441491,-0.6198849082,-0.7749060392,0.9889279008,-0.1416015029,-0.0443919711,-0.0822099671,-0.7718105316,0.6305155158,1,158.5,68.0,1870.9,1,0.2132938802,0.7898285985,0.5750449896,-0.9168372750,-0.0415186733,0.3970965743,0.3375132978,-0.6119209528,0.7152885199,1,540.0,325.8,1824.8,1,-0.1072424725,0.7898284793,0.6038791537,-0.9916847944,-0.0415186696,-0.1218093038,-0.0711361989,-0.6119208932,0.7877134681,1,603.9,50.9,1926.1,1,0.6254070401,-0.3593650460,-0.6926201582,0.4807368219,0.8766194582,-0.0207475536,0.6146203279,-0.3199924231,0.7210039496,1,303.1,-70.9,1920.2,1,0.5083162189,-0.0020418866,-0.8611681461,0.3687813282,0.9041821361,0.2155343145,0.7782127261,-0.4271422923,0.4603634477,1,450.1,-429.6,2051.1,1,1.0000000000,0.0000000000,0.0000000000,0.0000000000,1.0000000000,0.0000000000,0.0000000000,0.0000000000,1.0000000000,0,488.8,-70.3,1926.5,1,1.0000000000,0.0000000000,0.0000000000,0.0000000000,1.0000000000,0.0000000000,0.0000000000,0.0000000000,1.0000000000,0,488.8,-479.6,1926.5,0,191.7,-197.5,1893.0,1,572.9,-235.7,1905.5,1,450.9,-785.3,2219.1,1,488.8,-873.0,1926.5,0,
10,0.9991889000,0.0160793401,-0.0368830785,-0.0062161018,0.9673606753,0.2533255517,0.0397525653,-0.2528910935,0.9666776657,1,400.8,523.5,1768.0,1,0.9991889000,0.0160793401,-0.0368830785,-0.0062161018,0.9673606753,0.2533255517,0.0397525653,-0.2528910935,0.9666776657,1,397.5,325.6,1819.8,1,0.9993001223,0.0060666995,-0.0368745476,0.0035036346,0.9671788216,0.2540708482,0.0372056700,-0.2540225387,0.9664823413,1,396.2,127.7,1871.8,1,0.3495181501,-0.6323291063,-0.6913731694,0.9143285751,0.0690977573,0.3990347087,-0.2045489550,-0.7716121078,0.6023075581,1,255.7,325.1,1814.5,1,-0.1259031147,-0.6181106567,-0.7759429812,0.9893838167,-0.1354616135,-0.0526278801,-0.0725806355,-0.7743314505,0.6286038160,1,158.0,69.4,1871.7,1,0.2115672380,0.7809720039,0.5876412392,-0.9175025821,-0.0484855920,0.3947635889,0.3367914259,-0.6226813793,0.7062857747,1,539.3,326.1,1825.1,1,-0.1166648194,0.7809718251,0.6135733128,-0.9907593131,-0.0484855771,-0.1266692579,-0.0691756755,-0.6226813197,0.7794117332,1,603.1,49.2,1926.7,1,0.6234003305,-0.3604879975,-0.6938446760,0.4794752598,0.8772005439,-0.0249554142,0.6176370382,-0.3171240985,0.7196922302,1,301.5,-70.5,1920.2,1,0.5069264174,-0.0101255225,-0.8619297743,0.3820188940,0.8990083337,0.2141155303,0.7727140188,-0.4378143251,0.4595992267,1,449.1,-429.5,2050.0,1,1.0000000000,0.0000000000,0.0000000000,0.0000000000,1.0000000000,0.0000000000,0.0000000000,0.0000000000,1.0000000000,0,488.5,-69.9,1927.2,1,1.0000000000,0.0000000000,0.0000000000,0.0000000000,1.0000000000,0.0000000000,0.0000000000,0.0000000000,1.0000000000,0,488.5,-479.1,1927.2,0,191.8,-196.1,1891.2,1,569.4,-237.1,1906.7,1,453.0,-783.2,2222.2,1,488.5,-872.6,1927.2,0,
11,0.9993932247,0.0147281177,-0.0315190963,-0.0058099637,0.9639031291,0.2661881149,0.0343018100,-0.2658438087,0.9634055495,1,399.3,522.2,1764.4,1,0.9993932247,0.0147281177,-0.0315190963,-0.0058099637,0.9639031291,0.2661881149,0.0343018100,-0.2658438087,0.9634055495,1,396.3,324.4,1818.9,1,0.9994796515,0.0065421518,-0.0315418802,0.0020221660,0.9644865990,0.2641223073,0.0321496576,-0.2640489936,0.9639732242,1,395.0,127.0,1872.9,1,0.3488098085,-0.6340147257,-0.6901862621,0.9141042233,0.0676957667,0.3997883499,-0.2067490071,-0.7703522444,0.6031684875,1,254.5,324.1,1814.4,1,-0.1237519234,-0.6202454567,-0.7745844722,0.9896775484,-0.1340005100,-0.0508160181,-0.0722763166,-0.7728774548,0.6304257512,1,157.5,69.9,1871.8,1,0.2114463747,0.7621361613,0.6119142175,-0.9157741666,-0.0642884225,0.3965157568,0.3415380120,-0.6442170143,0.6843509674,1,538.1,324.7,1823.5,1,-0.1362808198,0.7621361017,0.6329108477,-0.9886928201,-0.0642884523,-0.1354746073,-0.0625612214,-0.6442170143,0.7622798681,1,602.1,47.7,1926.8,1,0.6266839504,-0.3704980314,-0.6855642796,0.4803065062,0.8764185905,-0.0345860347,0.6136552691,-0.3076064885,0.7271900177,1,300.4,-70.5,1924.0,1,0.5128670931,0.0060040173,-0.8584470153,0.3794117272,0.8954256177,0.2329368889,0.7700740099,-0.4451705217,0.4569564164,1,452.0,-429.1,2049.8,1,1.0000000000,0.0000000000,0.0000000000,0.0000000000,1.0000000000,0.0000000000,0.0000000000,0.0000000000,1.0000000000,0,486.8,-70.1,1930.0,1,1.0000000000,0.0000000000,0.0000000000,0.0000000000,1.0000000000,0.0000000000,0.0000000000,0.0000000000,1.0000000000,0,486.8,-479.3,1930.0,0,190.8,-195.7,1891.2,1,562.7,-238.1,1908.7,1,449.7,-781.3,2225.0,1,486.8,-872.8,1930.0,0,
12,0.9996072054,0.0213785525,-0.0180456713,-0.0155840302,0.9611862302,0.2754582763,0.0232341345,-0.2750692368,0.9611436129,1,398.8,522.2,1762.0,1,0.9996072054,0.0213785525,-0.0180456713,-0.0155840302,0.9611862302,0.2754582763,0.0232341345,-0.2750692368,0.9611436129,1,394.4,325.2,1818.4,1,0.9997550249,0.0126317544,-0.0180988703,-0.0072242664,0.9621424079,0.2724497914,0.0208551958,-0.2722526491,0.9619997144,1,391.8,128.3,1874.1,1,0.3412434757,-0.6416320801,-0.6869214177,0.9174717665,0.0684104115,0.3918744028,-0.2044466287,-0.7639555931,0.6120239496,1,252.6,326.2,1815.5,1,-0.1279327422,-0.6271838546,-0.7682927251,0.9895482063,-0.1326926351,-0.0564536713,-0.0665399581,-0.7674849629,0.6376043558,1,156.7,68.5,1872.9,1,0.2152077109,0.7684997320,0.6025727987,-0.9110822082,-0.0641478598,0.4072031081,0.3515892029,-0.6366266012,0.6863612533,1,536.2,324.1,1821.4,1,-0.1345793903,0.7684995532,0.6255370975,-0.9889099598,-0.0641478598,-0.1339477897,-0.0628119484,-0.6366264820,0.7686100006,1,601.3,48.4,1927.8,1,0.6377830505,-0.3690066636,-0.6760672927,0.4784727395,0.8776665926,-0.0276644975,0.6035701036,-0.3058357835,0.7363204360,1,299.1,-67.9,1928.0,1,0.5277151465,-0.0048186257,-0.8494077921,0.3730252385,0.8997129202,0.2266469598,0.7631310225,-0.4364555478,0.4765895903,1,450.1,-427.0,2053.1,1,1.0000000000,0.0000000000,0.0000000000,0.0000000000,1.0000000000,0.0000000000,0.0000000000,0.0000000000,1.0000000000,0,479.3,-69.2,1931.7,1,1.0000000000,0.0000000000,0.0000000000,0.0000000000,1.0000000000,0.0000000000,0.0000000000,0.0000000000,1.0000000000,0,479.3,-478.4,1931.7,0,191.0,-197.2,1890.8,1,562.5,-237.4,1909.6,1,452.0,-781.0,2224.8,1,479.3,-871.9,1931.7,0,
13,0.9994322062,0.0270273481,-0.0200477131,-0.0206674635,0.9631552696,0.2681488693,0.0265564024,-0.2675825953,0.9631687999,1,400.5,524.8,1764.4,1,0.9994322062,0.0270273481,-0.0200477131,-0.0206674635,0.9631552696,0.2681488693,0.0265564024,-0.2675825953,0.9631687999,1,394.9,326.7,1819.4,1,0.9996637106,0.0162984338,-0.0201008096,-0.0103722252,0.9639754295,0.2657871842,0.0237085912,-0.2654896080,0.9638220668,1,391.6,129.5,1873.7,1,0.3411433101,-0.6411657333,-0.6874065995,0.9181182981,0.0703630000,0.3900101781,-0.2016931176,-0.7641699314,0.6126697659,1,253.1,328.2,1816.0,1,-0.1287005097,-0.6266404390,-0.7686077952,0.9891110659,-0.1369035244,-0.0540064946,-0.0713824630,-0.7671891451,0.6374365687,1,157.0,69.5,1872.9,1,0.1936765760,0.7486922741,0.6339947581,-0.9201795459,-0.0854830593,0.3820500672,0.3402337134,-0.6573831439,0.6723752618,1,536.8,325.2,1822.8,1,-0.1727800518,0.7486922741,0.6400054097,-0.9825395346,-0.0854830444,-0.1652529389,-0.0690139830,-0.6573830247,0.7503896952,1,597.2,38.2,1928.9,1,0.6332101226,-0.3843949735,-0.6717777848,0.4779030383,0.8769128919,-0.0513083749,0.6088132858,-0.2885556817,0.7389736176,1,294.9,-66.8,1925.8,1,0.5237587690,0.0131586976,-0.8517650366,0.3729440868,0.8954249620,0.2431602180,0.7658913732,-0.4450179935,0.4640792310,1,452.1,-425.5,2043.9,1,1.0000000000,0.0000000000,0.0000000000,0.0000000000,1.0000000000,0.0000000000,0.0000000000,0.0000000000,1.0000000000,0,481.7,-68.7,1930.3,1,1.0000000000,0.0000000000,0.0000000000,0.0000000000,1.0000000000,0.0000000000,0.0000000000,0.0000000000,1.0000000000,0,481.7,-478.0,1930.3,0,191.5,-196.0,1892.0,1,547.3,-245.6,1909.0,1,446.9,-777.8,2218.9,1,481.7,-871.4,1930.3,0,
14,0.9992598295,0.0279054958,-0.0264249276,-0.0201965999,0.9662832022,0.2566864192,0.0326969251,-0.2559630275,0.9661332369,1,401.0,524.2,1767.5,1,0.9992598295,0.0279054958,-0.0264249276,-0.0201965999,0.9662832022,0.2566864192,0.0326969251,-0.2559630275,0.9661332369,1,395.2,325.4,1820.2,1,0.9995835423,0.0116854152,-0.0263320170,-0.0044029541,0.9652689099,0.2612193525,0.0284699351,-0.2609949410,0.9649201035,1,392.9,127.9,1873.6,1,0.3465815187,-0.6374562383,-0.6881356835,0.9158014655,0.0712266266,0.3952650428,-0.2029505968,-0.7671872377,0.6084691882,1,253.4,326.0,1816.2,1,-0.1295877993,-0.6226193905,-0.7717202306,0.9893009663,-0.1337808669,-0.0581905134,-0.0670108572,-0.7710043192,0.6332944036,1,157.2,71.6,1872.5,1,0.1998270601,0.7221571803,0.6622372866,-0.9199914336,-0.0942921489,0.3804270625,0.3371718526,-0.6852722764,0.6455363035,1,537.1,324.8,1824.2,1,-0.1872491091,0.7221571207,0.6659030318,-0.9803260565,-0.0942921937,-0.1734058261,-0.0624367855,-0.6852722168,0.7256057858,1,598.4,42.5,1927.7,1,0.6261534095,-0.3875904977,-0.6765393019,0.4849909246,0.8730142713,-0.0512804873,0.6105042696,-0.2960059941,0.7346188426,1,293.9,-69.2,1924.2,1,0.5150070786,0.0105204303,-0.8571212888,0.3723175526,0.8979314566,0.2347308397,0.7721056342,-0.4400093853,0.4585241675,1,452.5,-426.4,2045.4,1,1.0000000000,0.0000000000,0.0000000000,0.0000000000,1.0000000000,0.0000000000,0.0000000000,0.0000000000,1.0000000000,0,487.0,-70.0,1929.7,1,1.0000000000,0.0000000000,0.0000000000,0.0000000000,1.0000000000,0.0000000000,0.0000000000,0.0000000000,1.0000000000,0,487.0,-479.2,1929.7,0,191.9,-193.9,1890.5,1,544.3,-240.8,1909.7,1,448.3,-779.6,2218.5,1,487.0,-872.7,1929.7,0,
15,0.9990317822,0.0243050698,-0.0366305970,-0.0140631236,0.9661689997,0.2575240135,0.0416504964,-0.2567598820,0.9655771852,1,401.9,523.9,1767.6,1,0.9990317822,0.0243050698,-0.0366305970,-0.0140631236,0.9661689997,0.2575240135,0.0416504964,-0.2567598820,0.9655771852,1,396.9,324.9,1820.5,1,0.9992807508,0.0098875742,-0.0365688764,0.0000000417,0.9653354883,0.2610102594,0.0378820114,-0.2608228624,0.9646430016,1,394.9,127.4,1873.9,1,0.3492487073,-0.6313038468,-0.6924455166,0.9139211178,0.0663913488,0.4004252553,-0.2068175972,-0.7726885676,0.6001490355,1,255.1,324.9,1815.1,1,-0.1284120828,-0.6165742874,-0.7767538428,0.9895125031,-0.1318993717,-0.0588855967,-0.0661460012,-0.7761692405,0.6270454526,1,157.5,69.5,1872.9,1,0.1996431798,0.7354996800,0.6474432945,-0.9211214185,-0.0844759941,0.3799988329,0.3341824114,-0.6722380519,0.6606194377,1,538.7,324.9,1825.9,1,-0.1669749171,0.7354995608,0.6566274762,-0.9841935635,-0.0844759941,-0.1556492597,-0.0590107143,-0.6722380519,0.7379794121,1,599.2,45.9,1927.1,1,0.6226139665,-0.3715240359,-0.6887102723,0.4805486202,0.8761356473,-0.0382006243,0.6175960898,-0.3071745634,0.7240296602,1,296.1,-70.1,1923.6,1,0.5108729601,-0.0181924403,-0.8594636917,0.3756160438,0.9040142894,0.2041341215,0.7732537389,-0.4271149635,0.4686698616,1,448.1,-428.5,2049.2,1,1.0000000000,0.0000000000,0.0000000000,0.0000000000,1.0000000000,0.0000000000,0.0000000000,0.0000000000,1.0000000000,0,489.6,-70.1,1930.9,1,1.0000000000,0.0000000000,0.0000000000,0.0000000000,1.0000000000,0.0000000000,0.0000000000,0.0000000000,1.0000000000,0,489.6,-479.3,1930.9,0,192.0,-196.1,1890.7,1,550.9,-238.5,1910.0,1,455.3,-784.0,2217.2,1,489.6,-872.8,1930.9,0,
16,0.9988309145,0.0226536840,-0.0426699370,-0.0109534767,0.9664336443,0.2566810548,0.0470524579,-0.2559139132,0.9655536413,1,401.9,524.0,1768.2,1,0.9988309145,0.0226536840,-0.0426699370,-0.0109534767,0.9664336443,0.2566810548,0.0470524579,-0.2559139132,0.9655536413,1,397.2,324.8,1820.9,1,0.9990678430,0.0065262183,-0.0426367670,0.0047384752,0.9658980370,0.2588775456,0.0428722911,-0.2588385940,0.9649685025,1,395.9,127.2,1873.9,1,0.3516786695,-0.6275514960,-0.6946230531,0.9128427505,0.0654487014,0.4030315280,-0.2074608356,-0.7758191824,0.5958728790,1,255.5,324.2,1814.8,1,-0.1284922063,-0.6127069592,-0.7797947526,0.9890263677,-0.1369850039,-0.0553357005,-0.0729156360,-0.7783477306,0.6235847473,1,157.3,69.5,1872.7,1,0.2028764039,0.7400490642,0.6412242651,-0.9211246371,-0.0779395252,0.3813853860,0.3322205842,-0.6680215597,0.6658653617,1,538.9,325.5,1827.0,1,-0.1616676003,0.7400491834,0.6528330445,-0.9847544432,-0.0779395476,-0.1555126458,-0.0642054826,-0.6680216193,0.7413669229,1,600.5,46.1,1927.8,1,0.6202585101,-0.3659520447,-0.6938000321,0.4741429090,0.8795371652,-0.0400364026,0.6248742342,-0.3041274548,0.7190539837,1,298.6,-70.9,1922.7,1,0.5071192980,-0.0184145942,-0.8616791964,0.3832374811,0.9003152847,0.2063043565,0.7719839215,-0.4348486662,0.4636243582,1,448.3,-430.7,2047.2,1,1.0000000000,0.0000000000,0.0000000000,0.0000000000,1.0000000000,0.0000000000,0.0000000000,0.0000000000,1.0000000000,0,490.5,-70.0,1931.0,1,1.0000000000,0.0000000000,0.0000000000,0.0000000000,1.0000000000,0.0000000000,0.0000000000,0.0000000000,1.0000000000,0,490.5,-479.2,1931.0,0,191.8,-196.0,1892.3,1,553.8,-238.6,1909.2,1,455.5,-784.9,2218.2,1,490.5,-872.7,1931.0,0,
17,0.9987869263,0.0186299663,-0.0455476306,-0.0063219545,0.9664757252,0.2566781640,0.0488026142,-0.2560791373,0.9654229283,1,401.5,524.0,1768.4,1,0.9987869263,0.0186299663,-0.0455476306,-0.0063219545,0.9664757252,0.2566781640,0.0488026142,-0.2560791373,0.9654229283,1,397.7,325.0,1821.2,1,0.9989575744,0.0026605302,-0.0455387607,0.0091643287,0.9662387967,0.2574832141,0.0446863957,-0.2576324344,0.9652089477,1,397.2,127.3,1873.9,1,0.3538221419,-0.6258631945,-0.6950576305,0.9117629528,0.0650905371,0.4055262804,-0.2085622847,-0.7772119641,0.5936692953,1,256.0,323.7,1814.8,1,-0.1269651204,-0.6112751961,-0.7811673284,0.9893501997,-0.1345536560,-0.0555113330,-0.0711762309,-0.7798960805,0.6218488216,1,157.2,69.3,1873.0,1,0.2050510049,0.7386901379,0.6420988441,-0.9211027622,-0.0761831105,0.3817928433,0.3309437335,-0.6697260141,0.6647881269,1,539.4,326.3,1827.5,1,-0.1597491354,0.7386901975,0.6548412442,-0.9850714207,-0.0761831030,-0.1543711722,-0.0641446263,-0.6697260141,0.7398328185,1,601.6,47.3,1927.8,1,0.6137453914,-0.3743248880,-0.6951241493,0.4874487221,0.8722652197,-0.0393329188,0.6210558414,-0.3146969378,0.7178130150,1,300.2,-71.3,1922.3,1,0.4980944097,0.0062406468,-0.8671002984,0.3663918972,0.9048072100,0.2169810832,0.7859126925,-0.4257756174,0.4483929276,1,453.4,-428.1,2051.0,1,1.0000000000,0.0000000000,0.0000000000,0.0000000000,1.0000000000,0.0000000000,0.0000000000,0.0000000000,1.0000000000,0,493.0,-69.5,1930.9,1,1.0000000000,0.0000000000,0.0000000000,0.0000000000,1.0000000000,0.0000000000,0.0000000000,0.0000000000,1.0000000000,0,493.0,-478.7,1930.9,0,191.3,-196.3,1892.1,1,555.4,-237.5,1909.2,1,450.9,-784.0,2218.5,1,493.0,-872.2,1930.9,0,
18,0.9989197254,0.0228532813,-0.0404244810,-0.0117706433,0.9666988850,0.2556437552,0.0449206270,-0.2548920810,0.9659253955,1,402.2,523.9,1768.1,1,0.9989197254,0.0228532813,-0.0404244810,-0.0117706433,0.9666988850,0.2556437552,0.0449206270,-0.2548920810,0.9659253955,1,397.5,324.4,1820.7,1,0.9991622567,0.0062573478,-0.0404071696,0.0043324893,0.9664561152,0.2567934394,0.0406586304,-0.2567536831,0.9656211138,1,396.2,126.7,1873.2,1,0.3527753353,-0.6295955181,-0.6922131777,0.9121554494,0.0664562434,0.4044207335,-0.2086195797,-0.7740756869,0.5977330208,1,255.8,323.8,1814.9,1,-0.1287233233,-0.6147698164,-0.7781313658,0.9890518188,-0.1366823614,-0.0556279495,-0.0721584484,-0.7767728567,0.6256333590,1,157.2,69.0,1873.2,1,0.2098175436,0.7317440510,0.6484808326,-0.9192065001,-0.0784107745,0.3858900666,0.3332205713,-0.6770542860,0.6561719179,1,539.3,325.0,1826.4,1,-0.1644640416,0.7317439914,0.6614395976,-0.9843206406,-0.0784107596,-0.1580019593,-0.0637529939,-0.6770542860,0.7331664562,1,602.6,47.7,1927.0,1,0.6207165122,-0.3659152091,-0.6934098601,0.4780634344,0.8776205778,-0.0351782031,0.6214230657,-0.3096581399,0.7196841836,1,302.3,-71.5,1922.0,1,0.5046443343,-0.0008318157,-0.8633269072,0.3898459673,0.8924587965,0.2270185202,0.7702948451,-0.4511281550,0.4506985545,1,452.0,-430.6,2048.7,1,1.0000000000,0.0000000000,0.0000000000,0.0000000000,1.0000000000,0.0000000000,0.0000000000,0.0000000000,1.0000000000,0,487.7,-70.7,1929.5,1,1.0000000000,0.0000000000,0.0000000000,0.0000000000,1.0000000000,0.0000000000,0.0000000000,0.0000000000,1.0000000000,0,487.7,-479.9,1929.5,0,191.8,-196.5,1892.5,1,555.0,-236.9,1908.5,1,452.3,-781.5,2226.1,1,487.7,-873.4,1929.5,0,
19,0.9992281795,0.0237874053,-0.0312152468,-0.0139659094,0.9588364959,0.2836133540,0.0366767645,-0.2829588652,0.9584304094,1,401.7,522.5,1759.9,1,0.9992281795,0.0237874053,-0.0312152468,-0.0139659094,0.9588364959,0.2836133540,0.0366767645,-0.2829588652,0.9584304094,1,396.8,324.6,1818.3,1,0.9994744062,0.0081415633,-0.0313343517,0.0008386292,0.9610269070,0.2764516473,0.0323639251,-0.2763329744,0.9605167508,1,395.1,128.0,1874.8,1,0.3492773473,-0.6325682402,-0.6912763119,0.9124038815,0.0616100132,0.4046275914,-0.2133649886,-0.7720504403,0.5986766219,1,255.0,324.5,1813.7,1,-0.1294590235,-0.6176644564,-0.7757132649,0.9891428947,-0.1353101134,-0.0573372021,-0.0695466995,-0.7747140527,0.6284754872,1,157.3,69.2,1873.4,1,0.2067113072,0.7371121645,0.6433787346,-0.9171445370,-0.0830401629,0.3898078799,0.3407583535,-0.6706489921,0.6588730812,1,538.6,324.7,1822.9,1,-0.1621801257,0.7371121645,0.6560208201,-0.9851554036,-0.0830401257,-0.1502433568,-0.0562701449,-0.6706489325,0.7396375537,1,601.5,45.9,1926.5,1,0.6287169456,-0.3664214313,-0.6858937144,0.4824312329,0.8755617142,-0.0255313739,0.6098976135,-0.3148445785,0.7272536159,1,300.2,-68.7,1928.3,1,0.5167486668,-0.0064184531,-0.8561131358,0.3814414442,0.8969640136,0.2235127985,0.7664680481,-0.4420569539,0.4659532309,1,450.1,-427.0,2057.2,1,1.0000000000,0.0000000000,0.0000000000,0.0000000000,1.0000000000,0.0000000000,0.0000000000,0.0000000000,1.0000000000,0,486.8,-68.5,1934.4,1,1.0000000000,0.0000000000,0.0000000000,0.0000000000,1.0000000000,0.0000000000,0.0000000000,0.0000000000,1.0000000000,0,486.8,-477.8,1934.4,0,192.1,-196.3,1892.0,1,554.6,-239.0,1910.2,1,452.6,-779.8,2231.0,1,486.8,-871.3,1934.4,0,
20,0.9993330240,0.0258822292,-0.0257072989,-0.0170501340,0.9543874860,0.2980816662,0.0322497524,-0.2974449098,0.9541939497,1,401.0,522.0,1755.8,1,0.9993330240,0.0258822292,-0.0257072989,-0.0170501340,0.9543874860,0.2980816662,0.0322497524,-0.2974449098,0.9541939497,1,395.7,324.6,1817.3,1,0.9996127486,0.0099516613,-0.0259328410,-0.0021187004,0.9582136869,0.2860435545,0.0276958216,-0.2858782113,0.9578654766,1,393.6,128.6,1875.8,1,0.3454864323,-0.6346687078,-0.6912559867,0.9136845469,0.0594750643,0.4020488560,-0.2140552998,-0.7704923153,0.6004347801,1,253.8,324.9,1813.4,1,-0.1279418617,-0.6201365590,-0.7739907503,0.9895145297,-0.1325532794,-0.0573640168,-0.0670214817,-0.7732143402,0.6305932403,1,157.3,69.7,1873.2,1,0.2079135329,0.7443799376,0.6345631480,-0.9141768813,-0.0828797072,0.3967512846,0.3479261100,-0.6625929475,0.6632631421,1,537.5,324.3,1821.2,1,-0.1600134224,0.7443799376,0.6483009458,-0.9854968190,-0.0828796625,-0.1480774581,-0.0564949177,-0.6625928879,0.7468459606,1,600.7,46.5,1927.0,1,0.6356657743,-0.3694318533,-0.6778268814,0.4710999727,0.8812392950,-0.0384991951,0.6115504503,-0.2948515415,0.7342129946,1,299.0,-67.2,1931.7,1,0.5282186270,0.0028640560,-0.8491035700,0.3693068922,0.8996818662,0.2327766716,0.7645897865,-0.4365367889,0.4741709828,1,450.1,-427.8,2052.3,1,1.0000000000,0.0000000000,0.0000000000,0.0000000000,1.0000000000,0.0000000000,0.0000000000,0.0000000000,1.0000000000,0,484.2,-67.6,1936.8,1,1.0000000000,0.0000000000,0.0000000000,0.0000000000,1.0000000000,0.0000000000,0.0000000000,0.0000000000,1.0000000000,0,484.2,-476.8,1936.8,0,191.7,-195.9,1891.1,1,554.4,-238.4,1910.6,1,449.0,-781.7,2224.1,1,484.2,-870.3,1936.8,0,
21,0.9994159341,0.0315483250,-0.0130283237,-0.0261209533,0.9526232481,0.3030269742,0.0219710656,-0.3025100529,0.9528927803,1,400.2,520.3,1754.8,1,0.9994159341,0.0315483250,-0.0130283237,-0.0261209533,0.9526232481,0.3030269742,0.0219710656,-0.3025100529,0.9528927803,1,393.6,323.3,1817.3,1,0.9997557402,0.0175792594,-0.0132914865,-0.0129186250,0.9560850263,0.2928025126,0.0178550314,-0.2925596535,0.9560804367,1,390.0,127.7,1877.1,1,0.3391304016,-0.6420003176,-0.6876235604,0.9163754582,0.0601689667,0.3957722187,-0.2127122879,-0.7643397450,0.6087185144,1,251.8,325.1,1814.8,1,-0.1306679994,-0.6270872355,-0.7679110765,0.9892324805,-0.1339635700,-0.0589315332,-0.0659169033,-0.7673430443,0.6378397942,1,157.4,69.9,1874.0,1,0.2153964639,0.7469060421,0.6290752888,-0.9098930359,-0.0803773701,0.4069817066,0.3545404971,-0.6600536108,0.6622917056,1,535.5,321.5,1819.8,1,-0.1552989781,0.7469061613,0.6465396881,-0.9863000512,-0.0803773552,-0.1440546662,-0.0556281656,-0.6600536704,0.7491560578,1,600.1,48.3,1926.3,1,0.6451789737,-0.3789921701,-0.6634071469,0.4644769728,0.8839805126,-0.0532870218,0.6066343784,-0.2737577260,0.7463587523,1,297.1,-66.7,1935.4,1,0.5416628122,0.0097555751,-0.8405392170,0.3853708804,0.8857785463,0.2586224973,0.7470546365,-0.4640055299,0.4760337770,1,452.1,-428.4,2047.4,1,1.0000000000,0.0000000000,0.0000000000,0.0000000000,1.0000000000,0.0000000000,0.0000000000,0.0000000000,1.0000000000,0,475.8,-69.1,1938.6,1,1.0000000000,0.0000000000,0.0000000000,0.0000000000,1.0000000000,0.0000000000,0.0000000000,0.0000000000,1.0000000000,0,475.8,-478.3,1938.6,0,192.4,-195.6,1891.7,1,555.2,-236.9,1910.2,1,448.3,-776.7,2229.9,1,475.8,-871.8,1938.6,0,
22,0.9994478226,0.0327723809,-0.0052239019,-0.0295798052,0.9510967731,0.3074712157,0.0150449723,-0.3071472645,0.9515429735,1,399.9,520.5,1753.2,1,0.9994478226,0.0327723809,-0.0052239019,-0.0295798052,0.9510967731,0.3074712157,0.0150449723,-0.3071472645,0.9515429735,1,393.1,323.3,1816.9,1,0.9998174310,0.0182144493,-0.0055324747,-0.0157618187,0.9550773501,0.2959349155,0.0106742084,-0.2957940400,0.9551919699,1,389.4,127.9,1877.4,1,0.3361177742,-0.6471037865,-0.6843109727,0.9172924757,0.0601855963,0.3936396539,-0.2135400772,-0.7600226402,0.6138128638,1,251.3,325.6,1815.4,1,-0.1324435472,-0.6319393516,-0.7636173368,0.9891103506,-0.1341488063,-0.0605373606,-0.0641824082,-0.7633196115,0.6428249478,1,157.4,69.3,1875.0,1,0.2110886574,0.7632688284,0.6106246114,-0.9094046354,-0.0756772608,0.4089698195,0.3583643138,-0.6416336894,0.6781454682,1,535.0,321.1,1818.4,1,-0.1413711756,0.7632687092,0.6304245591,-0.9886124730,-0.0756772608,-0.1300699115,-0.0515694842,-0.6416337490,0.7652757168,1,598.6,47.0,1926.4,1,0.6505318880,-0.3872823715,-0.6533152461,0.4600887597,0.8853631616,-0.0667107999,0.6042571068,-0.2571854591,0.7541412711,1,292.0,-66.0,1936.9,1,0.5511151552,-0.0059522539,-0.8344079852,0.4019993246,0.8781716824,0.2592507005,0.7312103510,-0.4783084095,0.4863665998,1,450.5,-428.2,2042.1,1,1.0000000000,0.0000000000,0.0000000000,0.0000000000,1.0000000000,0.0000000000,0.0000000000,0.0000000000,1.0000000000,0,479.3,-69.0,1938.9,1,1.0000000000,0.0000000000,0.0000000000,0.0000000000,1.0000000000,0.0000000000,0.0000000000,0.0000000000,1.0000000000,0,479.3,-478.2,1938.9,0,192.9,-196.2,1892.3,1,557.7,-238.9,1911.5,1,452.8,-773.6,2230.2,1,479.3,-871.7,1938.9,0,
23,0.9992810488,0.0375836641,0.0046849838,-0.0371837430,0.9500043392,0.3100125790,0.0072006099,-0.3099642694,0.9507207870,1,400.1,519.8,1753.5,1,0.9992810488,0.0375836641,0.0046849838,-0.0371837430,0.9500043392,0.3100125790,0.0072006099,-0.3099642694,0.9507207870,1,392.3,323.1,1817.6,1,0.9996829033,0.0247602593,0.0042601321,-0.0249079764,0.9545413852,0.2970337272,0.0032881182,-0.2970460057,0.9548574090,1,387.3,127.8,1878.4,1,0.3282681406,-0.6526826620,-0.6828216910,0.9218693972,0.0637927800,0.3822138011,-0.2059052289,-0.7549410462,0.6226292253,1,250.5,326.6,1817.2,1,-0.1285509020,-0.6384698153,-0.7588352561,0.9891456366,-0.1374651939,-0.0519061163,-0.0711729527,-0.7572711706,0.6492108703,1,158.2,67.3,1875.1,1,0.2154378891,0.7518287897,0.6231693029,-0.9089542031,-0.0788530856,0.4093707204,0.3569154739,-0.6546263099,0.6663901210,1,534.2,319.5,1818.1,1,-0.1410096735,0.7518288493,0.6441037655,-0.9890822768,-0.0788530633,-0.1244926155,-0.0428075828,-0.6546262503,0.7547396421,1,598.6,47.5,1924.9,1,0.6575227976,-0.3876712620,-0.6460453868,0.4581053555,0.8864668608,-0.0656967163,0.5981665850,-0.2527597547,0.7604664564,1,291.2,-65.3,1938.9,1,0.5599166155,-0.0078939982,-0.8285112977,0.3884453177,0.8857513666,0.2540760636,0.7318493128,-0.4640927911,0.4990133345,1,449.9,-428.0,2042.3,1,1.0000000000,0.0000000000,0.0000000000,0.0000000000,1.0000000000,0.0000000000,0.0000000000,0.0000000000,1.0000000000,0,473.2,-69.8,1939.5,1,1.0000000000,0.0000000000,0.0000000000,0.0000000000,1.0000000000,0.0000000000,0.0000000000,0.0000000000,1.0000000000,0,473.2,-479.0,1939.5,0,192.7,-198.3,1894.2,1,557.9,-238.5,1912.6,1,453.0,-776.4,2224.9,1,473.2,-872.5,1939.5,0,
24,0.9991987348,0.0362025946,0.0169779584,-0.0397669151,0.9440860152,0.3272904456,-0.0041799531,-0.3277038038,0.9447711110,1,398.7,517.9,1748.6,1,0.9991987348,0.0362025946,0.0169779584,-0.0397669151,0.9440860152,0.3272904456,-0.0041799531,-0.3277038038,0.9447711110,1,391.2,321.6,1816.7,1,0.9994990826,0.0270884149,0.0162713006,-0.0307708960,0.9514930248,0.3061258197,-0.0071896268,-0.3064735830,0.9518519044,1,385.6,126.9,1879.4,1,0.3270765245,-0.6587007642,-0.6775944829,0.9219862819,0.0651611537,0.3817007244,-0.2072737664,-0.7495781183,0.6286256909,1,249.4,326.0,1817.8,1,-0.1281597167,-0.6447045207,-0.7536121011,0.9891593456,-0.1380205452,-0.0501423851,-0.0716869310,-0.7518686652,0.6554040909,1,157.9,68.0,1875.7,1,0.2169191092,0.7697861195,0.6003128290,-0.9041453004,-0.0734302998,0.4208673239,0.3680589199,-0.6340641975,0.6800700426,1,533.0,317.2,1815.7,1,-0.1400381327,0.7697861791,0.6227509379,-0.9885879159,-0.0734303147,-0.1315363795,-0.0555260703,-0.6340641379,0.7712844014,1,597.9,46.6,1925.9,1,0.6610884666,-0.3967098296,-0.6368544102,0.4775483906,0.8771432042,-0.0506704301,0.5787139535,-0.2706311047,0.7693172693,1,287.8,-64.9,1942.8,1,0.5672810674,-0.0065706777,-0.8234980702,0.3380897045,0.9136717916,0.2256088108,0.7509245276,-0.4063998163,0.5205301046,1,450.1,-423.7,2053.5,1,1.0000000000,0.0000000000,0.0000000000,0.0000000000,1.0000000000,0.0000000000,0.0000000000,0.0000000000,1.0000000000,0,472.4,-70.6,1941.5,1,1.0000000000,0.0000000000,0.0000000000,0.0000000000,1.0000000000,0.0000000000,0.0000000000,0.0000000000,1.0000000000,0,472.4,-479.8,1941.5,0,192.3,-197.5,1895.0,1,557.4,-239.3,1909.8,1,452.7,-782.4,2213.1,1,472.4,-873.3,1941.5,0,
