1,0.8104965091,0.1353935748,-0.5698800087,0.0435053855,0.9563167095,0.2890785336,0.5841246843,-0.2590897977,0.7692012787,1,-404.6,397.0,1537.0,1,0.8104965091,0.1353935748,-0.5698800087,0.0435053855,0.9563167095,0.2890785336,0.5841246843,-0.2590897977,0.7692012787,1,-431.4,207.3,1588.5,1,0.8118625879,0.1058953032,-0.5741642118,0.0543852374,0.9654222131,0.2549566925,0.5813092589,-0.2382156402,0.7780313492,1,-451.9,21.1,1634.4,1,0.2379362434,-0.7058692575,-0.6671844125,0.9710945487,0.1594343334,0.1776402444,-0.0190186724,-0.6901661754,0.7234009504,1,-536.2,200.3,1513.4,1,-0.1912088245,-0.6798893809,-0.7079475522,0.9809367061,-0.1578411460,-0.1133548096,-0.0346745290,-0.7161262035,0.6971091032,1,-595.2,-40.5,1518.2,1,0.1018186361,0.9838609099,0.1471423060,-0.9398024678,0.0466311797,0.3385215402,0.3261965811,-0.1727524996,0.9293828607,1,-326.7,214.3,1663.5,1,0.0536913350,0.9831374288,0.1748081148,-0.9970734119,0.0623245649,-0.0442737751,-0.0544220507,-0.1719194055,0.9836065769,1,-301.8,-15.5,1743.2,1,0.8121789694,-0.0786880255,-0.5780774951,0.1113590747,0.9935538173,0.0212128945,0.5726818442,-0.0816028416,0.8157061338,1,-544.5,-169.9,1628.6,1,0.8172457218,-0.0000000000,-0.5762894154,0.0000000000,1.0000000000,0.0000000000,0.5762894154,0.0000000000,0.8172457218,0,-514.2,-553.0,1660.1,1,0.7775092721,0.1256056428,-0.6162001491,-0.0130751431,0.9828675985,0.1838488132,0.6287356019,-0.1348872483,0.7658309340,1,-400.0,-160.2,1732.1,1,0.7776548862,-0.0000000000,-0.6286913753,0.0000000000,1.0000000000,0.0000000000,0.6286913753,0.0000000000,0.7776548862,0,-448.5,-539.2,1784.1,1,-547.0,-287.8,1526.9,1,-288.2,-266.9,1729.5,1,-514.2,-923.9,1660.1,0,-448.5,-910.1,1784.1,0,
2,0.8121697903,0.1375367939,-0.5669773221,0.0457075387,0.9538291097,0.2968528569,0.5816272497,-0.2670098245,0.7683849931,1,-403.5,396.4,1535.4,1,0.8121697903,0.1375367939,-0.5669773221,0.0457075387,0.9538291097,0.2968528569,0.5816272497,-0.2670098245,0.7683849931,1,-430.9,206.6,1588.5,1,0.8137559295,0.1031973884,-0.5719711185,0.0583482012,0.9646337032,0.2570564747,0.5782697797,-0.2425544858,0.7789553404,1,-450.8,20.6,1635.3,1,0.2383455932,-0.7087525725,-0.6639737487,0.9707868695,0.1544115990,0.1836566627,-0.0276418813,-0.6883507967,0.7248511314,1,-535.9,199.1,1513.9,1,-0.1874247193,-0.6836023927,-0.7053792477,0.9820442796,-0.1461006254,-0.1193466634,-0.0214706808,-0.7150821686,0.6987106800,1,-594.4,-39.3,1520.7,1,0.0999176875,0.9835622311,0.1504055560,-0.9408010244,0.0441825390,0.3360673189,0.3238978088,-0.1750807613,0.9297510386,1,-325.9,214.1,1663.1,1,0.0551486127,0.9826463461,0.1771009862,-0.9968408942,0.0643385500,-0.0465703197,-0.0571565814,-0.1739732176,0.9830902219,1,-301.3,-17.1,1742.7,1,0.8144676685,-0.0784937069,-0.5748750567,0.1086051762,0.9939191341,0.0181587283,0.5699539781,-0.0772240981,0.8180397153,1,-543.1,-170.6,1630.6,1,0.8193004727,-0.0000000000,-0.5733643174,0.0000000000,1.0000000000,0.0000000000,0.5733643174,0.0000000000,0.8193004727,0,-512.9,-553.9,1660.4,1,0.7781357765,0.1301772445,-0.6144577265,-0.0210935175,0.9831507206,0.1815751195,0.6277415156,-0.1283290386,0.7677708268,1,-398.3,-160.2,1733.5,1,0.7783922553,-0.0000000000,-0.6277782917,0.0000000000,1.0000000000,0.0000000000,0.6277782917,0.0000000000,0.7783922553,0,-448.5,-539.4,1783.0,1,-547.2,-286.9,1526.1,1,-287.4,-268.5,1728.3,1,-512.9,-924.8,1660.4,0,-448.5,-910.2,1783.0,0,
3,0.8138200045,0.1393969655,-0.5641496778,0.0447034314,0.9529092312,0.2999437153,0.5793943405,-0.2693194151,0.7692653537,1,-402.8,395.9,1534.6,1,0.8138200045,0.1393969655,-0.5641496778,0.0447034314,0.9529092312,0.2999437153,0.5793943405,-0.2693194151,0.7692653537,1,-430.6,206.2,1588.2,1,0.8156296015,0.1033198833,-0.5692738891,0.0589948706,0.9639463425,0.2594757974,0.5755581260,-0.2452201545,0.7801281214,1,-450.5,20.4,1635.5,1,0.2358608842,-0.7121821046,-0.6611854434,0.9711265564,0.1476601213,0.1873753965,-0.0358146839,-0.6862892509,0.7264463305,1,-535.8,198.6,1513.9,1,-0.1757090688,-0.6902080178,-0.7019540668,0.9843335748,-0.1337726116,-0.1148585305,-0.0146259405,-0.7111386061,0.7028998137,1,-593.5,-39.1,1522.7,1,0.0973031297,0.9833273292,0.1536218375,-0.9401345253,0.0401574448,0.3384293914,0.3266177177,-0.1773554385,0.9283674359,1,-325.3,213.9,1662.4,1,0.0552532226,0.9822435379,0.1792898327,-0.9966533780,0.0650901049,-0.0494507849,-0.0602427050,-0.1759575009,0.9825527072,1,-301.3,-18.4,1743.1,1,0.8164885044,-0.0831145197,-0.5713478923,0.1076559126,0.9941453338,0.0092271259,0.5672358871,-0.0690428168,0.8206561208,1,-543.0,-170.8,1631.5,1,0.8212547898,-0.0000000000,-0.5705614686,0.0000000000,1.0000000000,0.0000000000,0.5705614686,0.0000000000,0.8212547898,0,-510.9,-554.2,1658.1,1,0.7788954377,0.1372416914,-0.6119530797,-0.0290749818,0.9826152921,0.1833627373,0.6264794469,-0.1250278950,0.7693448067,1,-397.8,-160.3,1734.0,1,0.7793144584,-0.0000000000,-0.6266331673,0.0000000000,1.0000000000,0.0000000000,0.6266331673,0.0000000000,0.7793144584,0,-450.7,-539.2,1782.2,1,-549.2,-287.2,1526.4,1,-287.3,-269.7,1727.9,1,-510.9,-925.0,1658.1,0,-450.7,-910.0,1782.2,0,
4,0.8139234781,0.1389617324,-0.5641078353,0.0464300029,0.9523091912,0.3015823960,0.5791131258,-0.2716563046,0.7686551213,1,-402.8,395.7,1534.2,1,0.8139234781,0.1389617324,-0.5641078353,0.0464300029,0.9523091912,0.3015823960,0.5791131258,-0.2716563046,0.7686551213,1,-430.5,206.3,1588.2,1,0.8156058192,0.1031779647,-0.5693336725,0.0597422123,0.9636965990,0.2602311671,0.5755147338,-0.2462590784,0.7798327804,1,-450.4,20.5,1635.7,1,0.2363472879,-0.7128108144,-0.6603338718,0.9707846642,0.1442440301,0.1917570382,-0.0414372459,-0.6863632202,0.7260774970,1,-535.7,198.6,1513.9,1,-0.1722036749,-0.6916230917,-0.7014296055,0.9850130081,-0.1279574186,-0.1156560332,-0.0097627472,-0.7108337283,0.7032924294,1,-593.5,-38.6,1524.0,1,0.0975638852,0.9833188057,0.1535107195,-0.9396386743,0.0401820168,0.3398008347,0.3279641867,-0.1773968935,0.9278846383,1,-325.2,214.0,1662.5,1,0.0548595935,0.9822495580,0.1793770194,-0.9965352416,0.0651086867,-0.0517539494,-0.0625143051,-0.1759163141,0.9824180603,1,-301.2,-17.6,1743.3,1,0.8164866567,-0.0804839656,-0.5717270374,0.1080408618,0.9940427542,0.0143589890,0.5671654344,-0.0734938085,0.8203182220,1,-542.9,-170.7,1631.9,1,0.8212838769,-0.0000000000,-0.5705198646,0.0000000000,1.0000000000,0.0000000000,0.5705198646,0.0000000000,0.8212838769,0,-511.8,-554.0,1660.3,1,0.7786002755,0.1397822499,-0.6117535830,-0.0302891806,0.9821099043,0.1858564764,0.6267887354,-0.1261783987,0.7689049840,1,-397.7,-160.0,1734.4,1,0.7790644765,-0.0000000000,-0.6269438267,0.0000000000,1.0000000000,0.0000000000,0.6269438267,0.0000000000,0.7790644765,0,-451.6,-538.8,1783.0,1,-550.1,-287.0,1526.5,1,-287.3,-268.9,1727.5,1,-511.8,-924.8,1660.3,0,-451.6,-909.6,1783.0,0,
5,0.8147392273,0.1409236044,-0.5624408722,0.0441976748,0.9520992637,0.3025789857,0.5781398416,-0.2713813782,0.7694844604,1,-402.3,395.8,1534.4,1,0.8147392273,0.1409236044,-0.5624408722,0.0441976748,0.9520992637,0.3025789857,0.5781398416,-0.2713813782,0.7694844604,1,-430.4,205.9,1588.6,1,0.8164117932,0.1053665951,-0.5677754283,0.0572072640,0.9636192918,0.2610855699,0.5746287704,-0.2456340045,0.7806827426,1,-450.8,20.1,1635.9,1,0.2362902611,-0.7137497067,-0.6593393683,0.9707965255,0.1444387734,0.1915503442,-0.0414848030,-0.6853458881,0.7270352244,1,-535.8,198.5,1514.4,1,-0.1662185490,-0.6941835284,-0.7003432512,0.9860281348,-0.1248937622,-0.1102273464,-0.0109504899,-0.7088799477,0.7052441835,1,-593.5,-38.3,1524.5,1,0.0976244062,0.9830579758,0.1551347673,-0.9390035868,0.0393342003,0.3416506052,0.3297601640,-0.1790255308,0.9269348979,1,-325.1,213.3,1662.7,1,0.0551723354,0.9819312692,0.1810166687,-0.9963312745,0.0660201609,-0.0544554032,-0.0654222071,-0.1773481369,0.9819712639,1,-301.2,-16.7,1743.5,1,0.8174065351,-0.0761206150,-0.5710095763,0.1055128053,0.9942457080,0.0185010321,0.5663154721,-0.0753716975,0.8207348585,1,-543.7,-170.8,1632.2,1,0.8219817877,-0.0000000000,-0.5695137382,0.0000000000,1.0000000000,0.0000000000,0.5695137382,0.0000000000,0.8219817877,0,-514.4,-554.2,1661.2,1,0.7793270946,0.1383994520,-0.6111420989,-0.0321163386,0.9828440547,0.1816204935,0.6257935762,-0.1219141558,0.7704019547,1,-398.4,-160.6,1734.4,1,0.7798328400,-0.0000000000,-0.6259878874,0.0000000000,1.0000000000,0.0000000000,0.6259878874,0.0000000000,0.7798328400,0,-451.8,-539.7,1781.5,1,-551.5,-286.9,1527.3,1,-287.3,-267.9,1727.0,1,-514.4,-925.1,1661.2,0,-451.8,-910.5,1781.5,0,
6,0.8146766424,0.1369068474,-0.5635225177,0.0411870405,0.9556199908,0.2917098105,0.5784501433,-0.2608588040,0.7728828788,1,-403.8,396.5,1537.6,1,0.8146766424,0.1369068474,-0.5635225177,0.0411870405,0.9556199908,0.2917098105,0.5784501433,-0.2608588040,0.7728828788,1,-431.0,206.5,1589.5,1,0.8164498806,0.1034957767,-0.5680646896,0.0553551391,0.9652451873,0.2554172873,0.5747559667,-0.2399804890,0.7823456526,1,-450.9,20.4,1635.7,1,0.2342806160,-0.7144395113,-0.6593093872,0.9714583158,0.1461173743,0.1868649721,-0.0371671617,-0.6842704415,0.7282806039,1,-536.3,199.3,1515.3,1,-0.1646325439,-0.6954035759,-0.6995070577,0.9862398505,-0.1268898398,-0.1059711501,-0.0150676211,-0.7073280215,0.7067249417,1,-593.8,-39.1,1524.4,1,0.0990119278,0.9829872847,0.1547022760,-0.9406686425,0.0417520441,0.3367481232,0.3245599270,-0.1788656563,0.9287992716,1,-325.6,213.6,1663.6,1,0.0499625057,0.9821828604,0.1811637729,-0.9967397451,0.0605406053,-0.0533348322,-0.0633523315,-0.1779083908,0.9820055962,1,-301.2,-18.2,1743.6,1,0.8167343140,-0.0828889906,-0.5710294247,0.1113440841,0.9936684966,0.0150155900,0.5661693215,-0.0758444890,0.8207923174,1,-543.5,-170.7,1630.9,1,0.8218334317,-0.0000000000,-0.5697277188,0.0000000000,1.0000000000,0.0000000000,0.5697277188,0.0000000000,0.8218334317,0,-511.6,-553.9,1660.1,1,0.7803862691,0.1362789124,-0.6102665663,-0.0282801092,0.9826550484,0.1832736135,0.6246578097,-0.1257658154,0.7707045674,1,-398.2,-160.8,1733.2,1,0.7807999849,-0.0000000000,-0.6247811913,0.0000000000,1.0000000000,0.0000000000,0.6247811913,0.0000000000,0.7807999849,0,-450.8,-539.8,1781.7,1,-552.3,-287.8,1528.2,1,-288.6,-269.5,1727.6,1,-511.6,-924.7,1660.1,0,-450.8,-910.6,1781.7,0,
7,0.8139656782,0.1443654299,-0.5626879930,0.0395323411,0.9526169896,0.3015933037,0.5795654655,-0.2677307725,0.7696907520,1,-402.4,396.9,1535.7,1,0.8139656782,0.1443654299,-0.5626879930,0.0395323411,0.9526169896,0.3015933037,0.5795654655,-0.2677307725,0.7696907520,1,-431.1,207.2,1589.0,1,0.8158990145,0.1082329378,-0.5679734349,0.0541990511,0.9636816978,0.2614965439,0.5756478310,-0.2441381663,0.7804011106,1,-452.0,21.4,1636.1,1,0.2335552573,-0.7138867378,-0.6601650715,0.9714321494,0.1419237703,0.1902033538,-0.0420905314,-0.6857285500,0.7266395092,1,-536.4,200.2,1514.7,1,-0.1636975855,-0.6948769093,-0.7002492547,0.9864230752,-0.1247467622,-0.1068068519,-0.0131362192,-0.7082260251,0.7058634162,1,-593.6,-37.6,1525.0,1,0.0991656706,0.9828356504,0.1555650383,-0.9415446520,0.0420940891,0.3342482150,0.3219626546,-0.1796173751,0.9295578003,1,-325.9,214.2,1663.3,1,0.0410819277,0.9824781418,0.1817940921,-0.9974918365,0.0508253947,-0.0492642559,-0.0576408133,-0.1793142408,0.9821017981,1,-301.3,-19.1,1743.1,1,0.8162925839,-0.0808641911,-0.5719507337,0.1121226624,0.9935019016,0.0195579026,0.5666525960,-0.0800935924,0.8200548887,1,-545.5,-169.2,1631.9,1,0.8214566708,-0.0000000000,-0.5702708960,0.0000000000,1.0000000000,0.0000000000,0.5702708960,0.0000000000,0.8214566708,0,-514.3,-552.4,1662.8,1,0.7799417973,0.1332724988,-0.6114974618,-0.0250583142,0.9829303622,0.1822633147,0.6253501177,-0.1268316954,0.7699680924,1,-400.3,-159.6,1734.4,1,0.7802857161,-0.0000000000,-0.6254231334,0.0000000000,1.0000000000,0.0000000000,0.6254231334,0.0000000000,0.7802857161,0,-451.7,-538.7,1783.3,1,-552.3,-286.3,1528.3,1,-290.9,-270.7,1728.5,1,-514.3,-923.2,1662.8,0,-451.7,-909.5,1783.3,0,
8,0.8150364161,0.1440812051,-0.5612091422,0.0406947210,0.9519619942,0.3035009205,0.5779782534,-0.2702023387,0.7700205445,1,-403.1,396.0,1535.2,1,0.8150364161,0.1440812051,-0.5612091422,0.0406947210,0.9519619942,0.3035009205,0.5779782534,-0.2702023387,0.7700205445,1,-431.7,207.0,1588.9,1,0.8166165948,0.1103084162,-0.5665411353,0.0525914803,0.9632638097,0.2633581161,0.5747788548,-0.2448576093,0.7808161378,1,-453.0,21.2,1636.1,1,0.2366678417,-0.7132824659,-0.6597093344,0.9708531499,0.1471647620,0.1891737133,-0.0378483422,-0.6852521896,0.7273217440,1,-537.1,200.2,1514.7,1,-0.1742327213,-0.6917378306,-0.7008150220,0.9845242500,-0.1359895319,-0.1105387732,-0.0188396610,-0.7092288136,0.7047265172,1,-595.3,-38.4,1524.0,1,0.1010691896,0.9824142456,0.1569950134,-0.9403253794,0.0427928828,0.3375750780,0.3249202371,-0.1817448437,0.9281141162,1,-326.3,213.8,1663.0,1,0.0467574522,0.9818561673,0.1837723404,-0.9974674582,0.0557639040,-0.0441475026,-0.0535943583,-0.1812427044,0.9819769859,1,-301.4,-18.4,1743.3,1,0.8165036440,-0.0922699571,-0.5699192882,0.1179148257,0.9929900765,0.0081673553,0.5651706457,-0.0738705993,0.8216601014,1,-546.9,-169.2,1632.1,1,0.8222333193,-0.0000000000,-0.5691506863,0.0000000000,1.0000000000,0.0000000000,0.5691506863,0.0000000000,0.8222333193,0,-511.4,-552.1,1660.6,1,0.7819881439,0.1200577468,-0.6116214395,-0.0152399763,0.9846633077,0.1737986356,0.6231070757,-0.1265873760,0.7718246579,1,-401.6,-159.8,1734.4,1,0.7821708322,-0.0000000000,-0.6230640411,0.0000000000,1.0000000000,0.0000000000,0.6230640411,0.0000000000,0.7821708322,0,-447.9,-539.6,1783.3,1,-551.4,-286.7,1528.7,1,-289.6,-269.9,1729.8,1,-511.4,-923.0,1660.6,0,-447.9,-910.4,1783.3,0,
9,0.8163065314,0.1485337764,-0.5581942201,0.0370065272,0.9509382844,0.3071603179,0.5764316916,-0.2713935971,0.7707606554,1,-402.1,396.6,1535.0,1,0.8163065314,0.1485337764,-0.5581942201,0.0370065272,0.9509382844,0.3071603179,0.5764316916,-0.2713935971,0.7707606554,1,-431.5,207.9,1588.8,1,0.8179377913,0.1160070226,-0.5634887815,0.0488020442,0.9619379640,0.2688760161,0.5732324123,-0.2474230379,0.7811442018,1,-453.9,22.4,1636.5,1,0.2370596528,-0.7134228945,-0.6594169736,0.9709109664,0.1504455209,0.1862744987,-0.0336861610,-0.6843933463,0.7283345461,1,-537.1,201.6,1514.8,1,-0.1785570830,-0.6909399033,-0.7005136609,0.9836024046,-0.1437013894,-0.1089774296,-0.0253679305,-0.7084856033,0.7052691579,1,-596.0,-39.7,1523.2,1,0.0980550200,0.9821133018,0.1607437134,-0.9399968386,0.0383623317,0.3390195370,0.3267890811,-0.1843411475,0.9269450903,1,-326.0,214.2,1662.8,1,0.0522463657,0.9812129736,0.1857185960,-0.9977304935,0.0591986515,-0.0320845358,-0.0424760580,-0.1836207956,0.9820790291,1,-301.8,-17.9,1743.5,1,0.8175422549,-0.0972925723,-0.5675903559,0.1214811951,0.9925819635,0.0048365113,0.5629093647,-0.0729056075,0.8232969046,1,-549.1,-167.4,1633.2,1,0.8236383796,-0.0000000000,-0.5671153665,0.0000000000,1.0000000000,0.0000000000,0.5671153665,0.0000000000,0.8236383796,0,-511.6,-550.2,1661.3,1,0.7837297320,0.1136157736,-0.6106218696,-0.0123885199,0.9857905507,0.1675212234,0.6209783554,-0.1237266660,0.7740010023,1,-403.5,-158.8,1735.3,1,0.7838765383,-0.0000000000,-0.6209166646,0.0000000000,1.0000000000,0.0000000000,0.6209166646,0.0000000000,0.7838765383,0,-447.3,-538.9,1783.0,1,-551.0,-287.7,1529.6,1,-288.6,-269.5,1732.8,1,-511.6,-921.1,1661.3,0,-447.3,-909.8,1783.0,0,
10,0.8143845201,0.1538491547,-0.5595602989,0.0355869755,0.9491646886,0.3127628565,0.5792328119,-0.2746220231,0.7675100565,1,-401.7,396.9,1534.4,1,0.8143845201,0.1538491547,-0.5595602989,0.0355869755,0.9491646886,0.3127628565,0.5792328119,-0.2746220231,0.7675100565,1,-432.3,208.1,1589.0,1,0.8161371946,0.1195050403,-0.5653653741,0.0478349738,0.9610522389,0.2721965611,0.5758742094,-0.2491937429,0.7786341310,1,-455.3,22.8,1637.0,1,0.2377891243,-0.7107778192,-0.6620054245,0.9707459211,0.1505408287,0.1870554686,-0.0332960226,-0.6871187687,0.7257816792,1,-537.6,202.0,1514.7,1,-0.1808078587,-0.6875735521,-0.7032430768,0.9831191301,-0.1467223167,-0.1093124896,-0.0280210767,-0.7111362815,0.7024953961,1,-596.6,-38.9,1522.9,1,0.1000683084,0.9823756218,0.1578758359,-0.9369114637,0.0396209396,0.3473142087,0.3349377513,-0.1826708168,0.9243637323,1,-327.0,214.3,1663.3,1,0.0563916005,0.9812832475,0.1841277331,-0.9974294305,0.0635361001,-0.0331306569,-0.0442093201,-0.1817861199,0.9823437929,1,-302.5,-14.9,1745.2,1,0.8156230450,-0.1014159992,-0.5696262121,0.1240902618,0.9922704697,0.0010160438,0.5651202202,-0.0715137646,0.8219032884,1,-551.0,-166.7,1633.8,1,0.8219751716,-0.0000000000,-0.5695232153,0.0000000000,1.0000000000,0.0000000000,0.5695232153,0.0000000000,0.8219751716,0,-511.9,-549.4,1661.4,1,0.7826617956,0.1019891500,-0.6140349507,-0.0035731569,0.9872048497,0.1594170332,0.6224371195,-0.1225755513,0.7730119824,1,-405.8,-158.2,1736.3,1,0.7827478647,-0.0000000000,-0.6223389506,0.0000000000,1.0000000000,0.0000000000,0.6223389506,0.0000000000,0.7827478647,0,-445.1,-539.0,1783.6,1,-551.0,-286.8,1530.0,1,-288.3,-266.4,1734.1,1,-511.9,-920.3,1661.4,0,-445.1,-909.8,1783.6,0,
11,0.8126170039,0.1575940847,-0.5610855818,0.0349931568,0.9478147030,0.3168964088,0.5817458630,-0.2771494091,0.7646958232,1,-401.1,397.2,1534.0,1,0.8126170039,0.1575940847,-0.5610855818,0.0349931568,0.9478147030,0.3168964088,0.5817458630,-0.2771494091,0.7646958232,1,-432.5,208.7,1589.2,1,0.8142752051,0.1241924092,-0.5670374632,0.0462190285,0.9598726630,0.2766023874,0.5786353946,-0.2514382005,0.7758606076,1,-456.4,23.6,1637.7,1,0.2375617176,-0.7079523206,-0.6651074886,0.9708483219,0.1505571455,0.1865099519,-0.0319034494,-0.6900261641,0.7230809927,1,-537.6,202.7,1514.5,1,-0.1900054663,-0.6820485592,-0.7061923742,0.9811478853,-0.1577808410,-0.1115974337,-0.0353087485,-0.7140832543,0.6991697550,1,-596.8,-39.3,1522.5,1,0.1002452001,0.9827468395,0.1554334164,-0.9342496991,0.0392369553,0.3544544280,0.3422402143,-0.1807459742,0.9220643044,1,-327.4,214.6,1663.8,1,0.0530372784,0.9818090200,0.1823140681,-0.9974459410,0.0608328991,-0.0374324769,-0.0478422344,-0.1798631102,0.9825275540,1,-303.0,-12.5,1747.1,1,0.8135060072,-0.1091113091,-0.5712290406,0.1281663775,0.9917285442,-0.0069056172,0.5672575831,-0.0675945953,0.8207616806,1,-552.8,-165.6,1634.6,1,0.8202770352,-0.0000000000,-0.5719664693,0.0000000000,1.0000000000,0.0000000000,0.5719664693,0.0000000000,0.8202770352,0,-510.8,-548.1,1660.7,1,0.7806608081,0.0984214619,-0.6171563268,-0.0027153865,0.9880461097,0.1541346163,0.6249490380,-0.1186510324,0.7715961337,1,-407.9,-157.4,1737.6,1,0.7807415724,-0.0000000000,-0.6248541474,0.0000000000,1.0000000000,0.0000000000,0.6248541474,0.0000000000,0.7807415724,0,-445.9,-538.4,1783.4,1,-548.9,-286.7,1531.4,1,-289.7,-264.0,1735.0,1,-510.8,-918.9,1660.7,0,-445.9,-909.3,1783.4,0,
12,0.8072412014,0.1615878493,-0.5676711202,0.0334840119,0.9477072954,0.3173803687,0.5892705917,-0.2752102017,0.7596178651,1,-400.2,397.8,1534.9,1,0.8072412014,0.1615878493,-0.5676711202,0.0334840119,0.9477072954,0.3173803687,0.5892705917,-0.2752102017,0.7596178651,1,-432.3,209.2,1589.7,1,0.8091056943,0.1286140978,-0.5734159350,0.0457346179,0.9590167403,0.2796351314,0.5858802199,-0.2524791360,0.7700639367,1,-457.1,24.2,1638.4,1,0.2405382544,-0.7012227774,-0.6711392403,0.9701181054,0.1510162503,0.1899076402,-0.0318146385,-0.6967643499,0.7165941596,1,-536.7,203.3,1514.1,1,-0.1973640174,-0.6728895903,-0.7129285336,0.9794918299,-0.1654237956,-0.1150248721,-0.0405363068,-0.7210094929,0.6917385459,1,-596.8,-38.9,1522.0,1,0.1012430042,0.9839127064,0.1471930146,-0.9309817553,0.0415374488,0.3626950383,0.3507461846,-0.1737543494,0.9202101231,1,-327.9,215.1,1665.3,1,0.0518933199,0.9831151366,0.1754758507,-0.9974575043,0.0596185215,-0.0390394479,-0.0488418825,-0.1730038226,0.9837094545,1,-303.4,-10.5,1750.2,1,0.8082154393,-0.1168466881,-0.5771782398,0.1312806010,0.9912024140,-0.0168331098,0.5740673542,-0.0621675327,0.8164446354,1,-553.9,-164.7,1634.9,1,0.8152861595,-0.0000000000,-0.5790582895,0.0000000000,1.0000000000,0.0000000000,0.5790582895,0.0000000000,0.8152861595,0,-508.9,-547.0,1658.9,1,0.7759469748,0.0915590674,-0.6241179705,0.0070318133,0.9880930185,0.1536972076,0.6307589412,-0.1236495599,0.7660639286,1,-409.9,-156.6,1739.2,1,0.7760394216,-0.0000000000,-0.6306844354,0.0000000000,1.0000000000,0.0000000000,0.6306844354,0.0000000000,0.7760394216,0,-445.2,-537.7,1786.9,1,-547.0,-285.9,1532.2,1,-290.3,-262.0,1737.9,1,-508.9,-917.8,1658.9,0,-445.2,-908.5,1786.9,0,
13,0.8055927157,0.1641671062,-0.5692706108,0.0333439857,0.9467586279,0.3202137947,0.5915301442,-0.2769434154,0.7572279572,1,-400.0,397.6,1534.8,1,0.8055927157,0.1641671062,-0.5692706108,0.0333439857,0.9467586279,0.3202137947,0.5915301442,-0.2769434154,0.7572279572,1,-432.7,209.3,1589.9,1,0.8074321151,0.1319713295,-0.5750099421,0.0451748148,0.9579673409,0.2832991779,0.5882278681,-0.2547205985,0.7675319314,1,-458.1,24.6,1639.0,1,0.2394325137,-0.6983990073,-0.6744709015,0.9705085754,0.1521093994,0.1870181561,-0.0280199274,-0.6993580461,0.7142221928,1,-536.9,203.5,1514.0,1,-0.1974428892,-0.6699618101,-0.7156588435,0.9793644547,-0.1669354439,-0.1139204726,-0.0431464724,-0.7233836055,0.6890969276,1,-596.2,-37.2,1520.9,1,0.1005695313,0.9843315482,0.1448349953,-0.9282537699,0.0404358916,0.3697429597,0.3580931425,-0.1716285050,0.9177761078,1,-328.5,215.1,1665.8,1,0.0498884805,0.9836241007,0.1731896847,-0.9977293611,0.0569376610,-0.0359724239,-0.0452443510,-0.1710018218,0.9842313528,1,-304.0,-10.5,1752.8,1,0.8060990572,-0.1213636696,-0.5792022943,0.1366647929,0.9904657006,-0.0173362438,0.5757839680,-0.0651818365,0.8149994612,1,-555.4,-164.2,1635.8,1,0.8137500286,-0.0000000000,-0.5812150836,0.0000000000,1.0000000000,0.0000000000,0.5812150836,0.0000000000,0.8137500286,0,-508.6,-546.2,1660.9,1,0.7743204832,0.0802413300,-0.6276854873,0.0099486858,0.9902613163,0.1388647258,0.6327153444,-0.1137704402,0.7659814358,1,-411.7,-156.1,1740.5,1,0.7744247317,-0.0000000000,-0.6326659322,0.0000000000,1.0000000000,0.0000000000,0.6326659322,0.0000000000,0.7744247317,0,-442.6,-538.0,1784.3,1,-546.4,-284.1,1531.8,1,-291.4,-262.1,1741.4,1,-508.6,-917.0,1660.9,0,-442.6,-908.9,1784.3,0,
14,0.8013604283,0.1697316170,-0.5735956430,0.0311479289,0.9457588792,0.3233739138,0.5973697305,-0.2770051658,0.7526071072,1,-398.8,397.9,1535.3,1,0.8013604283,0.1697316170,-0.5735956430,0.0311479289,0.9457588792,0.3233739138,0.5973697305,-0.2770051658,0.7526071072,1,-432.6,210.0,1590.3,1,0.8031685352,0.1384063065,-0.5794510245,0.0423122570,0.9569304585,0.2872185707,0.5942469239,-0.2552025914,0.7627202272,1,-459.2,25.5,1639.5,1,0.2353809327,-0.6934350133,-0.6809872389,0.9715853930,0.1499697268,0.1831141710,-0.0248502977,-0.7047388554,0.7090314031,1,-536.2,204.6,1513.6,1,-0.1918658167,-0.6664785147,-0.7204123139,0.9802917242,-0.1653501689,-0.1081077754,-0.0470687784,-0.7269564271,0.6850685477,1,-594.8,-37.2,1519.8,1,0.0968821347,0.9854858518,0.1393971145,-0.9270917773,0.0384000801,0.3728621900,0.3620975018,-0.1653575897,0.9173561931,1,-328.9,215.5,1667.0,1,0.0453337133,0.9849807024,0.1666069925,-0.9982537627,0.0509889908,-0.0298223887,-0.0378695950,-0.1649641097,0.9855723381,1,-305.1,-12.0,1755.8,1,0.8016452193,-0.1344704479,-0.5824797153,0.1394396573,0.9895561934,-0.0365418755,0.5813102126,-0.0519271605,0.8120233417,1,-557.4,-162.8,1635.8,1,0.8095884323,-0.0000000000,-0.5869979262,0.0000000000,1.0000000000,0.0000000000,0.5869979262,0.0000000000,0.8095884323,0,-505.5,-544.4,1655.9,1,0.7701142430,0.0723977089,-0.6337843537,0.0143055245,0.9913288355,0.1306230277,0.6377454996,-0.1096612737,0.7624008656,1,-414.5,-155.3,1741.6,1,0.7702541947,-0.0000000000,-0.6377369165,0.0000000000,1.0000000000,0.0000000000,0.6377369165,0.0000000000,0.7702541947,0,-442.4,-537.6,1783.9,1,-546.4,-284.4,1531.7,1,-293.7,-263.7,1746.3,1,-505.5,-915.2,1655.9,0,-442.4,-908.4,1783.9,0,
15,0.7959627509,0.1769674420,-0.5789001584,0.0294232387,0.9438738823,0.3289941549,0.6046296954,-0.2788999975,0.7460814714,1,-397.6,396.7,1535.0,1,0.7959627509,0.1769674420,-0.5789001584,0.0294232387,0.9438738823,0.3289941549,0.6046296954,-0.2788999975,0.7460814714,1,-432.7,209.2,1590.4,1,0.7979127169,0.1450701505,-0.5850551128,0.0409230851,0.9553300738,0.2926954031,0.6013817787,-0.2574874163,0.7563332915,1,-460.7,25.0,1640.1,1,0.2367508858,-0.6864377856,-0.6875697970,0.9712795019,0.1499063522,0.1847811788,-0.0237697009,-0.7115695477,0.7022135258,1,-535.7,203.9,1512.8,1,-0.1935109347,-0.6586276889,-0.7271609902,0.9797754288,-0.1682047695,-0.1083844602,-0.0509269349,-0.7334280610,0.6778567433,1,-594.0,-35.4,1518.7,1,0.0947422087,0.9935491085,0.0623236895,-0.8880558014,0.0560593978,0.4563050568,0.4498676062,-0.0985782593,0.8876382113,1,-329.7,214.5,1668.0,1,0.0439545512,0.9935491085,0.1045386344,-0.9916859269,0.0560593903,-0.1158293784,-0.1209425405,-0.0985782668,0.9877526760,1,-306.4,-4.4,1778.9,1,0.7955024838,-0.1452795565,-0.5882767439,0.1484150887,0.9879769683,-0.0432930365,0.5874934793,-0.0528694242,0.8074999452,1,-559.7,-162.8,1636.2,1,0.8044535518,-0.0000000000,-0.5940156579,0.0000000000,1.0000000000,0.0000000000,0.5940156579,0.0000000000,0.8044535518,0,-503.6,-543.9,1656.6,1,0.7649309039,0.0673721284,-0.6405792236,0.0213311352,0.9913194776,0.1297328323,0.6437590122,-0.1129009277,0.7568538189,1,-417.6,-155.6,1743.2,1,0.7651625872,-0.0000000000,-0.6438371539,0.0000000000,1.0000000000,0.0000000000,0.6438371539,0.0000000000,0.7651625872,0,-443.6,-537.9,1786.8,1,-545.2,-282.5,1531.5,1,-295.4,-253.6,1748.5,1,-503.6,-914.7,1656.6,0,-443.6,-908.7,1786.8,0,
16,0.7873172164,0.1849547625,-0.5881520510,0.0285620932,0.9419789910,0.3344558477,0.6158857942,-0.2801215053,0.7363534570,1,-396.2,395.9,1534.9,1,0.7873172164,0.1849547625,-0.5881520510,0.0285620932,0.9419789910,0.3344558477,0.6158857942,-0.2801215053,0.7363534570,1,-432.9,208.8,1590.5,1,0.7897495031,0.1507617831,-0.5946143270,0.0422959290,0.9536390901,0.2979671359,0.6119691730,-0.2604689300,0.7467592955,1,-462.0,24.9,1640.7,1,0.2371799350,-0.6762121320,-0.6974831820,0.9711996317,0.1482477784,0.1865308434,-0.0227340795,-0.7216367722,0.6918984056,1,-534.8,203.4,1511.5,1,-0.1990246624,-0.6460915208,-0.7368547320,0.9783616066,-0.1743810028,-0.1113543808,-0.0565483384,-0.7430726290,0.6668173075,1,-593.4,-36.5,1517.1,1,0.0866139755,0.9946948886,0.0554980375,-0.9070647359,0.0557012185,0.4172899127,0.4119848013,-0.0864834487,0.9070772529,1,-331.0,214.3,1669.4,1,0.0618770383,0.9940469861,0.0896767825,-0.9960731268,0.0672028735,-0.0576374978,-0.0633209199,-0.0857581943,0.9943018556,1,-309.6,-9.4,1771.1,1,0.7870082855,-0.1514011472,-0.5980766416,0.1548832059,0.9868608713,-0.0460099764,0.5971843600,-0.0564217977,0.8001170754,1,-561.3,-162.7,1636.5,1,0.7966682911,-0.0000000000,-0.6044169068,0.0000000000,1.0000000000,0.0000000000,0.6044169068,0.0000000000,0.7966682911,0,-502.9,-543.3,1658.2,1,0.7566708922,0.0516566671,-0.6517519355,0.0314272009,0.9928475618,0.1151776463,0.6530399919,-0.1076343209,0.7496355772,1,-420.7,-155.2,1745.4,1,0.7570957541,-0.0000000000,-0.6533039808,0.0000000000,1.0000000000,0.0000000000,0.6533039808,0.0000000000,0.7570957541,0,-440.7,-538.1,1786.9,1,-543.2,-283.2,1531.4,1,-294.1,-259.7,1755.2,1,-502.9,-914.1,1658.2,0,-440.7,-908.9,1786.9,0,
17,0.7788599730,0.1910290867,-0.5973982215,0.0278070495,0.9410346150,0.3371666968,0.6265807152,-0.2792173326,0.7276222110,1,-394.8,394.5,1535.3,1,0.7788599730,0.1910290867,-0.5973982215,0.0278070495,0.9410346150,0.3371666968,0.6265807152,-0.2792173326,0.7276222110,1,-432.6,208.1,1590.6,1,0.7816712856,0.1565672457,-0.6037186980,0.0431185104,0.9520967603,0.3027431369,0.6221979260,-0.2626768351,0.7374756932,1,-462.8,24.5,1641.2,1,0.2379155904,-0.6660675406,-0.7069301009,0.9710555077,0.1472662985,0.1880524904,-0.0211486816,-0.7312089801,0.6818255782,1,-533.5,202.6,1510.3,1,-0.2009973228,-0.6347272396,-0.7461377978,0.9777776003,-0.1763297766,-0.1133964732,-0.0595904589,-0.7523491979,0.6560638547,1,-592.0,-36.1,1515.5,1,0.0934048742,0.9942730665,0.0519300699,-0.8625975847,0.0547679439,0.5029174089,0.4971930981,-0.0917696953,0.8627731204,1,-331.8,213.7,1670.9,1,0.0406061448,0.9942731261,0.0988551527,-0.9879071116,0.0547679365,-0.1450524777,-0.1496358514,-0.0917696878,0.9844732285,1,-308.6,0.2,1793.9,1,0.7789069414,-0.1612585038,-0.6060526371,0.1588244438,0.9855944514,-0.0581237413,0.6066950560,-0.0509829856,0.7932981253,1,-562.6,-162.9,1636.5,1,0.7889814973,-0.0000000000,-0.6144170165,0.0000000000,1.0000000000,0.0000000000,0.6144170165,0.0000000000,0.7889814973,0,-500.4,-543.0,1656.2,1,0.7483416796,0.0423731804,-0.6619587541,0.0389462076,0.9934289455,0.1076197475,0.6621691585,-0.1063171029,0.7417740822,1,-423.4,-155.2,1747.2,1,0.7489564419,-0.0000000000,-0.6626191735,0.0000000000,1.0000000000,0.0000000000,0.6626191735,0.0000000000,0.7489564419,0,-439.8,-538.3,1788.2,1,-541.3,-282.7,1530.5,1,-298.5,-247.5,1756.4,1,-500.4,-913.8,1656.2,0,-439.8,-909.2,1788.2,0,
18,0.7631137371,0.1976577640,-0.6152954698,0.0338869244,0.9385332465,0.3435227275,0.6453748941,-0.2829971015,0.7095094919,1,-392.7,395.3,1535.0,1,0.7631137371,0.1976577640,-0.6152954698,0.0338869244,0.9385332465,0.3435227275,0.6453748941,-0.2829971015,0.7095094919,1,-431.9,209.4,1591.0,1,0.7657080293,0.1653009057,-0.6215838194,0.0473805666,0.9492889643,0.3108157516,0.6414404511,-0.2674448490,0.7190460563,1,-463.7,26.3,1642.6,1,0.2391359508,-0.6466115713,-0.7243669629,0.9707601070,0.1431177258,0.1927229017,-0.0209471136,-0.7492735386,0.6619293690,1,-530.6,203.3,1508.3,1,-0.1962775588,-0.6157229543,-0.7631253600,0.9784467816,-0.1739124358,-0.1113385484,-0.0641632825,-0.7685308456,0.6365873218,1,-589.4,-35.5,1513.5,1,0.0716089606,0.9970288277,0.0283867083,-0.8921926618,0.0513034016,0.4487318695,0.4459422529,-0.0574596338,0.8932155371,1,-333.1,215.5,1673.8,1,0.0461745411,0.9970287681,0.0616567843,-0.9951127172,0.0513033941,-0.0843716562,-0.0872841701,-0.0574596263,0.9945249557,1,-315.3,-5.5,1784.3,1,0.7636299729,-0.1701514572,-0.6228305101,0.1627313048,0.9842293262,-0.0693632513,0.6248103380,-0.0483861677,0.7792758942,1,-563.7,-160.9,1637.1,1,0.7740209699,-0.0000000000,-0.6331598759,0.0000000000,1.0000000000,0.0000000000,0.6331598759,0.0000000000,0.7740209699,0,-498.1,-540.5,1655.8,1,0.7314583659,0.0349033400,-0.6809923053,0.0459159054,0.9939012527,0.1002596542,0.6803385019,-0.1046041325,0.7253947854,1,-427.5,-152.5,1751.3,1,0.7322748303,-0.0000000000,-0.6810092330,0.0000000000,1.0000000000,0.0000000000,0.6810092330,0.0000000000,0.7322748303,0,-440.9,-535.8,1791.6,1,-540.0,-282.2,1529.6,1,-303.8,-255.2,1762.4,1,-498.1,-911.3,1655.8,0,-440.9,-906.6,1791.6,0,
19,0.7355104089,0.1977703571,-0.6480053663,0.0443713702,0.9403328896,0.3373514712,0.6760585904,-0.2768781483,0.6828492284,1,-391.0,396.9,1538.4,1,0.7355104089,0.1977703571,-0.6480053663,0.0443713702,0.9403328896,0.3373514712,0.6760585904,-0.2768781483,0.6828492284,1,-430.2,210.7,1593.2,1,0.7385201454,0.1654541045,-0.6536150575,0.0600302145,0.9494372010,0.3081658483,0.6715534329,-0.2668230534,0.6912461519,1,-462.1,27.6,1644.6,1,0.2498981655,-0.6133860946,-0.7492052913,0.9681673050,0.1469029784,0.2026614249,-0.0142491972,-0.7760007381,0.6305710673,1,-525.4,202.9,1506.6,1,-0.1946343482,-0.5812385082,-0.7901135087,0.9780757427,-0.1758275330,-0.1115908250,-0.0740628242,-0.7945102453,0.6027173400,1,-586.5,-33.8,1510.1,1,0.0631993413,0.9972256422,0.0393294096,-0.8696085811,0.0356899276,0.4924501777,0.4896802604,-0.0653237179,0.8694515824,1,-335.0,218.4,1679.8,1,0.0253343470,0.9972257018,0.0699937865,-0.9879024029,0.0356899314,-0.1509141624,-0.1529935449,-0.0653237179,0.9860658646,1,-319.3,2.0,1801.7,1,0.7381516695,-0.1766499430,-0.6510966420,0.1624552011,0.9832532406,-0.0825914964,0.6547826529,-0.0448089987,0.7544877529,1,-559.7,-160.8,1636.4,1,0.7481804490,-0.0000000000,-0.6634953618,0.0000000000,1.0000000000,0.0000000000,0.6634953618,0.0000000000,0.7481804490,0,-491.6,-540.0,1653.6,1,0.7027118802,0.0274096299,-0.7109464407,0.0573623665,0.9938220382,0.0950134769,0.7091585398,-0.1075486690,0.6967980862,1,-428.3,-150.1,1755.8,1,0.7039281726,-0.0000000000,-0.7102711201,0.0000000000,1.0000000000,0.0000000000,0.7102711201,0.0000000000,0.7039281726,0,-438.9,-533.4,1797.3,1,-537.4,-280.4,1528.8,1,-312.9,-246.0,1763.3,1,-491.6,-910.8,1653.6,0,-438.9,-904.2,1797.3,0,
20,0.7087071538,0.2103241980,-0.6734225154,0.0487774909,0.9376372099,0.3441774249,0.7038143873,-0.2767685056,0.6542509794,1,-387.3,398.1,1539.5,1,0.7087071538,0.2103241980,-0.6734225154,0.0487774909,0.9376372099,0.3441774249,0.7038143873,-0.2767685056,0.6542509794,1,-428.9,212.6,1594.3,1,0.7121023536,0.1770538688,-0.6793835163,0.0652939305,0.9467837214,0.3151794672,0.6990326643,-0.2687993348,0.6626462936,1,-463.1,30.1,1646.1,1,0.2555518746,-0.5808358192,-0.7728667259,0.9667697549,0.1477146149,0.2086542100,-0.0070301276,-0.8005061150,0.5992832780,1,-520.7,204.2,1504.2,1,-0.1903190762,-0.5483298898,-0.8143174052,0.9776573181,-0.1812661886,-0.1064365581,-0.0892458707,-0.8163802624,0.5705771446,1,-583.4,-32.9,1505.9,1,0.0445050746,0.9989796877,-0.0076780599,-0.8959538341,0.0433126241,0.4420303106,0.4419117868,-0.0127934041,0.8969673514,1,-337.1,221.0,1684.4,1,0.0419672690,0.9989796877,0.0166854057,-0.9949337244,0.0433126241,-0.0907247216,-0.0913548395,-0.0127934050,0.9957362413,1,-326.1,-0.2,1793.5,1,0.7149003744,-0.1649119258,-0.6795008779,0.1537954509,0.9850770235,-0.0772663057,0.6821028590,-0.0492664203,0.7295947671,1,-560.5,-158.3,1635.8,1,0.7235932946,-0.0000000000,-0.6902265549,0.0000000000,1.0000000000,0.0000000000,0.6902265549,0.0000000000,0.7235932946,0,-496.9,-538.2,1654.8,1,0.6748213768,0.0152818980,-0.7378228903,0.0612829328,0.9951719642,0.0766622424,0.7354322076,-0.0969492644,0.6706268191,1,-433.9,-146.7,1760.1,1,0.6761404276,-0.0000000000,-0.7367727757,0.0000000000,1.0000000000,0.0000000000,0.7367727757,0.0000000000,0.6761404276,0,-439.8,-530.5,1797.5,1,-535.4,-279.4,1528.4,1,-315.6,-250.0,1770.5,1,-496.9,-909.0,1654.8,0,-439.8,-901.3,1797.5,0,
21,0.6868097782,0.2188622504,-0.6931027770,0.0504122190,0.9369475842,0.3458160460,0.7250866294,-0.2724503875,0.6324713826,1,-384.5,397.8,1541.1,1,0.6868097782,0.2188622504,-0.6931027770,0.0504122190,0.9369475842,0.3458160460,0.7250866294,-0.2724503875,0.6324713826,1,-427.7,212.7,1594.9,1,0.6909677982,0.1859422922,-0.6985619664,0.0697398707,0.9446984529,0.3204403818,0.7195134163,-0.2701312900,0.6397885680,1,-463.6,30.5,1647.0,1,0.2592414618,-0.5538771749,-0.7912105322,0.9658029675,0.1523263007,0.2098128200,0.0043116310,-0.8185456395,0.5744254589,1,-516.8,203.7,1502.2,1,-0.1848431379,-0.5216953158,-0.8328667283,0.9776506424,-0.1839843690,-0.1017307937,-0.1001619771,-0.8330569267,0.5440438986,1,-579.7,-30.8,1501.1,1,0.0312624797,0.9989566207,-0.0332906619,-0.9033003449,0.0424954891,0.4268987477,0.4278680384,0.0167255551,0.9036864638,1,-338.6,221.6,1687.7,1,0.0510905311,0.9985911846,-0.0143287312,-0.9971621037,0.0502125435,-0.0560926981,-0.0552941933,0.0171538740,0.9983227253,1,-331.0,0.6,1792.4,1,0.6945141554,-0.1755775511,-0.6977268457,0.1572072059,0.9833665490,-0.0909732655,0.7020940781,-0.0465054698,0.7105640173,1,-560.8,-157.8,1635.1,1,0.7033616900,-0.0000000000,-0.7108320594,0.0000000000,1.0000000000,0.0000000000,0.7108320594,0.0000000000,0.7033616900,0,-493.1,-537.1,1653.1,1,0.6526550055,-0.0102966595,-0.7575852871,0.0756344795,0.9957983494,0.0516243242,0.7538706064,-0.0909924358,0.6506915689,1,-438.0,-145.4,1763.0,1,0.6545630097,-0.0000000000,-0.7560074925,0.0000000000,1.0000000000,0.0000000000,0.7560074925,0.0000000000,0.6545630097,0,-434.0,-529.5,1798.1,1,-533.1,-277.3,1526.4,1,-318.2,-250.1,1778.5,1,-493.1,-907.9,1653.1,0,-434.0,-900.3,1798.1,0,
22,0.6689327955,0.2245276570,-0.7086016536,0.0339892916,0.9430531263,0.3309025466,0.7425451875,-0.2454360723,0.6232075095,1,-384.2,395.6,1546.4,1,0.6689327955,0.2245276570,-0.7086016536,0.0339892916,0.9430531263,0.3309025466,0.7425451875,-0.2454360723,0.6232075095,1,-428.5,209.8,1594.7,1,0.6733454466,0.2000523508,-0.7117477655,0.0536323823,0.9469426274,0.3168977797,0.7373799086,-0.2515540719,0.6268901825,1,-467.0,27.2,1643.2,1,0.2485898733,-0.5389499068,-0.8048205376,0.9685937166,0.1429607570,0.2034415007,0.0054129739,-0.8301175833,0.5575620532,1,-515.3,202.8,1499.7,1,-0.1767122895,-0.5088021159,-0.8425515890,0.9798752069,-0.1716766059,-0.1018413305,-0.0928293169,-0.8435920477,0.5288999677,1,-574.6,-28.3,1498.4,1,0.0223924797,0.9983535409,-0.0528089181,-0.9006065130,0.0430773497,0.4324953556,0.4340581000,0.0378754102,0.9000883698,1,-341.7,216.7,1689.8,1,0.0583287105,0.9976355433,-0.0363467559,-0.9977303147,0.0570299104,-0.0358012468,-0.0336437449,0.0383525006,0.9986977577,1,-336.2,-3.3,1795.8,1,0.6745899320,-0.1837723106,-0.7149517536,0.1605314314,0.9818588495,-0.1009097099,0.7205261588,-0.0466995612,0.6918534040,1,-565.5,-160.1,1626.2,1,0.6835743189,-0.0000000000,-0.7298809290,0.0000000000,1.0000000000,0.0000000000,0.7298809290,0.0000000000,0.6835743189,0,-494.6,-538.8,1644.2,1,0.6337175369,-0.0336057991,-0.7728342414,0.0899049491,0.9954851866,0.0304337814,0.7683222890,-0.0887680352,0.6338778734,1,-445.7,-150.6,1757.3,1,0.6363137960,-0.0000000000,-0.7714302540,0.0000000000,1.0000000000,0.0000000000,0.7714302540,0.0000000000,0.6363137960,0,-432.8,-534.5,1791.5,1,-530.0,-275.4,1521.8,1,-321.5,-254.5,1787.4,1,-494.6,-909.6,1644.2,0,-432.8,-905.3,1791.5,0,
23,0.6404922605,0.2372010946,-0.7304145694,0.0294829346,0.9428088069,0.3320291638,0.7673982978,-0.2341964841,0.5968682766,1,-380.9,394.2,1549.0,1,0.6404922605,0.2372010946,-0.7304145694,0.0294829346,0.9428088069,0.3320291638,0.7673982978,-0.2341964841,0.5968682766,1,-427.6,208.2,1595.2,1,0.6449552774,0.2159807086,-0.7330655456,0.0480829962,0.9458647966,0.3209808767,0.7627059817,-0.2422659248,0.5996554494,1,-469.3,25.9,1641.9,1,0.2404371351,-0.5087258220,-0.8266729712,0.9705959558,0.1361414045,0.1985170841,0.0115536600,-0.8500962853,0.5265006423,1,-510.8,202.0,1496.9,1,-0.1660825163,-0.4806650281,-0.8610329032,0.9816877246,-0.1632088274,-0.0982452333,-0.0933051333,-0.8615822792,0.4989690781,1,-568.3,-30.2,1494.1,1,0.0015332941,0.9937070012,-0.1119998097,-0.8325455189,0.0633114427,0.5503267646,0.5539544225,0.0924011245,0.8274034858,1,-344.5,214.4,1693.5,1,0.0761356056,0.9937071204,-0.0821564421,-0.9868454933,0.0633114427,-0.1487534791,-0.1426159143,0.0924011469,0.9854556918,1,-344.1,11.1,1828.8,1,0.6402090788,-0.2083626240,-0.7394033074,0.1925901920,0.9753082991,-0.1080868691,0.7436674237,-0.0732036531,0.6645298004,1,-568.2,-160.7,1620.8,1,0.6525598764,-0.0000000000,-0.7577371001,0.0000000000,1.0000000000,0.0000000000,0.7577371001,0.0000000000,0.6525598764,0,-487.9,-536.9,1649.0,1,0.6015754938,-0.0722273365,-0.7955439091,0.1436138451,0.9894558191,0.0187655371,0.7858001590,-0.1255400032,0.6056053042,1,-453.6,-152.2,1756.4,1,0.6078891754,-0.0000000000,-0.7940217853,0.0000000000,1.0000000000,0.0000000000,0.7940217853,0.0000000000,0.6078891754,0,-425.7,-533.8,1804.8,1,-526.4,-277.7,1517.7,1,-325.1,-236.0,1793.1,1,-487.9,-907.7,1649.0,0,-425.7,-904.6,1804.8,0,
