1,0.8467054367,0.1070801616,-0.5211747289,0.0422933623,0.9628943801,0.2665455639,0.5303778648,-0.2477281839,0.8107591271,1,-70.5,386.4,1614.3,1,0.8467054367,0.1070801616,-0.5211747289,0.0422933623,0.9628943801,0.2665455639,0.5303778648,-0.2477281839,0.8107591271,1,-90.6,206.1,1660.6,1,0.8476853967,0.0953045636,-0.5218675137,0.0516252741,0.9642419815,0.2599483132,0.5279807448,-0.2472963184,0.8124537468,1,-107.4,35.7,1704.4,1,0.2946878076,-0.1909387261,-0.9363234639,0.9541674256,0.0052820407,0.2992267609,-0.0521882661,-0.9815878272,0.1837440729,1,-196.3,199.6,1594.8,1,-0.1895115376,-0.1856248975,-0.9641725421,0.9818207622,-0.0251810774,-0.1881324500,0.0106431572,-0.9822978973,0.1870224923,1,-269.6,-37.7,1607.8,1,0.0000322461,1.0000001192,-0.0001564050,-1.0000001192,0.0000322461,0.0000425972,0.0000426023,0.0001564036,1.0000000000,0,15.2,212.5,1726.5,1,0.0047698617,0.9998458028,-0.0169044044,-0.9999869466,0.0048007369,0.0017847680,0.0018656459,0.0168956704,0.9998555183,0,15.2,-18.6,1726.5,0,0.8248829842,-0.0338788554,-0.5642876029,0.0273706708,0.9994254708,-0.0199929811,0.5646407604,0.0010469391,0.8253362179,1,-193.4,-139.0,1705.0,1,0.8251914978,0.0000018852,-0.5648531318,-0.0000019614,1.0000000000,0.0000004722,0.5648531318,0.0000007182,0.8251914978,0,-181.5,-492.3,1704.6,1,0.2250070572,0.1336820424,-0.9651429653,0.1748889089,0.9689153433,0.1749769449,0.9585330486,-0.2081638575,0.1946332455,1,-55.1,-130.6,1791.1,1,-0.7043957114,0.4463357925,-0.5519158840,0.2910067737,0.8907991052,0.3489872515,0.6474117041,0.0852138698,-0.7573617697,1,-102.3,-472.7,1864.7,1,-222.0,-284.2,1605.1,1,16.3,-249.8,1727.0,0,-181.5,-832.3,1704.6,0,-253.1,-773.6,1835.9,1,
2,0.8484043479,0.1096598879,-0.5178648233,0.0404222347,0.9620299339,0.2699360549,0.5278024673,-0.2499485463,0.8117575645,1,-69.1,387.6,1614.4,1,0.8484043479,0.1096598879,-0.5178648233,0.0404222347,0.9620299339,0.2699360549,0.5278024673,-0.2499485463,0.8117575645,1,-89.7,207.3,1661.2,1,0.8493134379,0.0973188952,-0.5188398957,0.0488828011,0.9641381502,0.2608619928,0.5256200433,-0.2469163239,0.8140982985,1,-106.9,36.8,1704.8,1,0.2995592654,-0.1931650043,-0.9343187809,0.9527111053,0.0081669651,0.3037677407,-0.0510467403,-0.9811323285,0.1864769310,1,-195.6,201.2,1595.6,1,-0.1915547401,-0.1865692586,-0.9635863900,0.9814562798,-0.0293140896,-0.1894313842,0.0070954147,-0.9820044041,0.1887248158,1,-271.0,-38.5,1608.5,1,0.0000255108,1.0000001192,-0.0001251239,-1.0000001192,0.0000255108,0.0000340782,0.0000340814,0.0001251230,1.0000000000,0,16.3,213.4,1726.8,1,0.0042943954,0.9998751283,-0.0152137382,-0.9999894500,0.0043193698,0.0016099475,0.0016754614,0.0152066629,0.9998829961,0,16.3,-17.8,1726.8,0,0.8255133629,-0.0525457114,-0.5619312525,0.0493479259,0.9985633492,-0.0208795201,0.5622211099,-0.0104938168,0.8269204497,1,-193.4,-137.6,1705.6,1,0.8265202641,0.0000009426,-0.5629069805,-0.0000009812,1.0000000000,0.0000002338,0.5629069805,0.0000003591,0.8265202641,0,-174.8,-490.6,1709.3,1,0.2317713499,0.1136601865,-0.9661073685,0.2015617490,0.9659857750,0.1620010287,0.9516591430,-0.2322774231,0.2009783387,1,-54.8,-129.6,1791.4,1,-0.7060389519,0.4521646798,-0.5450285673,0.2827672660,0.8856132030,0.3684180677,0.6492701173,0.1060012653,-0.7531348467,1,-94.9,-470.8,1873.4,1,-222.9,-285.0,1606.7,1,17.3,-249.0,1727.2,0,-174.8,-830.5,1709.3,0,-248.1,-770.8,1837.5,1,
3,0.8443844914,0.1147418320,-0.5233051777,0.0400161296,0.9605588913,0.2751839459,0.5342405438,-0.2533020675,0.8064894676,1,-66.7,389.9,1614.9,1,0.8443844914,0.1147418320,-0.5233051777,0.0400161296,0.9605588913,0.2751839459,0.5342405438,-0.2533020675,0.8064894676,1,-88.1,210.2,1662.3,1,0.8452367187,0.1025699079,-0.5244553685,0.0475602001,0.9630745053,0.2650025785,0.5322708488,-0.2489334792,0.8091477156,1,-106.3,40.0,1706.3,1,0.3071222305,-0.1859054863,-0.9333354831,0.9501205683,0.0039550215,0.3118577302,-0.0542847030,-0.9825596809,0.1778473109,1,-193.6,204.3,1595.9,1,-0.1909715533,-0.1811306179,-0.9647391438,0.9815294743,-0.0238333829,-0.1898204833,0.0113893077,-0.9831702113,0.1823365539,1,-271.8,-37.8,1609.7,1,0.0000202656,1.0000001192,-0.0001000990,-1.0000001192,0.0000202656,0.0000272628,0.0000272649,0.0001000985,1.0000000000,0,17.3,216.2,1728.7,1,0.0038660765,0.9998987317,-0.0136921676,-0.9999913573,0.0038863420,0.0014519147,0.0015049791,0.0136864372,0.9999052286,0,17.3,-15.0,1728.7,0,0.8211678267,-0.0490165167,-0.5685778856,0.0477631390,0.9987120032,-0.0171160977,0.5686845779,-0.0131018749,0.8224513531,1,-193.4,-134.1,1706.9,1,0.8221015334,0.0000004489,-0.5693407655,-0.0000003690,0.9999999404,0.0000002556,0.5693407059,0.0000000000,0.8221015930,0,-176.0,-487.2,1711.5,1,0.2266169190,0.1070071757,-0.9680880308,0.2190899849,0.9628733993,0.1577169150,0.9490230083,-0.2478396595,0.1947592199,1,-55.4,-126.3,1793.7,1,-0.7047979832,0.4777489901,-0.5244196057,0.2492805719,0.8588793874,0.4474209845,0.6641681194,0.1846137643,-0.7244299054,1,-93.2,-466.5,1881.3,1,-223.9,-284.2,1606.9,1,18.2,-246.1,1729.0,0,-176.0,-827.1,1711.5,0,-254.8,-756.9,1818.9,1,
4,0.8419989944,0.1182810068,-0.5263520479,0.0407684073,0.9589281678,0.2807054222,0.5379358530,-0.2578125894,0.8025944829,1,-66.1,390.9,1614.7,1,0.8419989944,0.1182810068,-0.5263520479,0.0407684073,0.9589281678,0.2807054222,0.5379358530,-0.2578125894,0.8025944829,1,-88.2,211.9,1662.8,1,0.8426548839,0.1099369526,-0.5271107554,0.0462851599,0.9605230689,0.2743243873,0.5364603996,-0.2555585504,0.8043010831,1,-107.6,42.1,1708.0,1,0.3060173988,-0.1803776026,-0.9347819686,0.9502814412,-0.0015402436,0.3113886416,-0.0576073229,-0.9835963249,0.1709381342,1,-193.3,206.1,1595.9,1,-0.1881713122,-0.1780036837,-0.9658707380,0.9819871187,-0.0169620197,-0.1881851256,0.0171145257,-0.9838836789,0.1779890805,1,-271.3,-36.0,1610.6,1,0.0000160336,1.0000001192,-0.0000800792,-1.0000001192,0.0000160336,0.0000218104,0.0000218117,0.0000800788,1.0000000000,0,16.9,217.7,1729.7,1,0.0034803748,0.9999180436,-0.0123227816,-0.9999930263,0.0034967661,0.0013091206,0.0013521034,0.0123181399,0.9999232292,0,16.9,-13.5,1729.7,0,0.8184194565,-0.0467235893,-0.5727185607,0.0463174060,0.9988096356,-0.0152970525,0.5727515221,-0.0140074342,0.8196093440,1,-195.8,-131.4,1709.4,1,0.8192945719,0.0000002244,-0.5733727217,-0.0000001839,0.9999999404,0.0000001287,0.5733726621,0.0000000000,0.8192946315,0,-179.3,-484.5,1714.3,1,0.2190238833,0.1167701781,-0.9687070847,0.1918269396,0.9682836533,0.1600911021,0.9566770792,-0.2208878100,0.1896775663,1,-58.3,-123.9,1796.9,1,-0.6976553202,0.4514975846,-0.5562614799,0.2604632974,0.8831443191,0.3901472986,0.6674097180,0.1273026168,-0.7337289453,1,-99.6,-465.9,1875.0,1,-224.0,-282.6,1606.3,1,17.7,-244.6,1730.1,0,-179.3,-824.5,1714.3,0,-252.3,-764.6,1831.9,1,
5,0.8394553661,0.1180322021,-0.5304546952,0.0423921160,0.9589297771,0.2804590762,0.5417719483,-0.2579203546,0.7999752760,1,-66.2,389.2,1615.6,1,0.8394553661,0.1180322021,-0.5304546952,0.0423921160,0.9589297771,0.2804590762,0.5417719483,-0.2579203546,0.7999752760,1,-88.3,210.1,1663.8,1,0.8402395844,0.1079439446,-0.5313611627,0.0490538925,0.9608317018,0.2727578580,0.5399912000,-0.2552476525,0.8020339012,1,-107.4,40.3,1708.9,1,0.3150207102,-0.1760486215,-0.9326140285,0.9473129511,-0.0016912296,0.3203050494,-0.0579665191,-0.9843800664,0.1662403643,1,-193.1,204.0,1596.4,1,-0.1886912286,-0.1735341847,-0.9665823579,0.9819152355,-0.0178680047,-0.1884764731,0.0154362135,-0.9846657515,0.1737673581,1,-271.9,-32.9,1610.9,1,0.0000126958,1.0000001192,-0.0000640633,-1.0000001192,0.0000126958,0.0000174484,0.0000174493,0.0000640631,1.0000000000,0,16.6,216.2,1731.1,1,0.0031331182,0.9999336600,-0.0110903606,-0.9999944568,0.0031464100,0.0011801491,0.0012149662,0.0110865999,0.9999378324,0,16.6,-14.9,1731.1,0,0.8159658313,-0.0572830215,-0.5752549767,0.0468828417,0.9983579516,-0.0329143740,0.5761957765,-0.0001125836,0.8173115849,1,-195.0,-133.6,1709.9,1,0.8168550730,0.0000001347,-0.5768428445,-0.0000001100,0.9999999404,0.0000000777,0.5768427849,0.0000000000,0.8168551326,0,-174.7,-486.5,1710.0,1,0.2176141739,0.0919787288,-0.9716913700,0.2198889256,0.9653363824,0.1406221986,0.9509432316,-0.2442655712,0.1898457408,1,-57.9,-125.6,1798.0,1,-0.7135438919,0.4767090380,-0.5134235024,0.2349978089,0.8532186151,0.4656114578,0.6600236893,0.2115807831,-0.7208345532,1,-90.4,-466.5,1884.3,1,-224.5,-279.5,1607.0,1,17.3,-246.1,1731.4,0,-174.7,-826.5,1710.0,0,-251.3,-754.6,1812.9,1,
6,0.8344029188,0.1187328324,-0.5382133126,0.0495002121,0.9564303756,0.2877348959,0.5489271283,-0.2667288184,0.7921711206,1,-65.9,388.7,1614.5,1,0.8344029188,0.1187328324,-0.5382133126,0.0495002121,0.9564303756,0.2877348959,0.5489271283,-0.2667288184,0.7921711206,1,-88.1,210.1,1664.3,1,0.8351030946,0.1064122021,-0.5397022963,0.0554594509,0.9598259926,0.2750618458,0.5472902060,-0.2596369088,0.7956521511,1,-106.9,40.5,1710.2,1,0.3152354956,-0.1673300862,-0.9341452122,0.9470031261,-0.0085700639,0.3211097121,-0.0617369972,-0.9858636260,0.1557605565,1,-192.2,203.2,1596.1,1,-0.1888123602,-0.1657592505,-0.9679223895,0.9819384813,-0.0197093002,-0.1881711930,0.0121140443,-0.9859693050,0.1664867401,1,-271.5,-34.8,1611.6,1,0.0000099540,1.0000001192,-0.0000512507,-1.0000001192,0.0000099540,0.0000139588,0.0000139593,0.0000512505,1.0000000000,0,16.1,217.1,1732.6,1,0.0028202534,0.9999462366,-0.0099812020,-0.9999954700,0.0028310418,0.0010637073,0.0010919068,0.0099781565,0.9999496341,0,16.1,-14.1,1732.6,0,0.8112393618,-0.0542808622,-0.5821893215,0.0407982729,0.9985097647,-0.0362473279,0.5832892656,0.0056529390,0.8122448921,1,-193.8,-133.7,1711.5,1,0.8119044304,0.0000000898,-0.5837903023,-0.0000000729,1.0000000000,0.0000000524,0.5837903023,0.0000000000,0.8119044304,0,-174.6,-486.7,1709.5,1,0.2053655982,0.1017405689,-0.9733827114,0.2011492252,0.9689604640,0.1437170953,0.9577912092,-0.2253096998,0.1785260737,1,-57.6,-124.7,1800.8,1,-0.6792432666,0.4802294672,-0.5549849272,0.2331359684,0.8582184315,0.4572841227,0.6958996058,0.1812201887,-0.6948978901,1,-93.5,-467.0,1880.4,1,-224.1,-281.4,1608.5,1,16.8,-245.3,1732.9,0,-174.6,-826.7,1709.5,0,-256.1,-757.6,1819.0,1,
7,0.8306912780,0.1151539683,-0.5446934104,0.0559920110,0.9561344385,0.2875281572,0.5539101362,-0.2693458796,0.7878049016,1,-66.2,388.8,1614.5,1,0.8306912780,0.1151539683,-0.5446934104,0.0559920110,0.9561344385,0.2875281572,0.5539101362,-0.2693458796,0.7878049016,1,-87.7,210.0,1664.9,1,0.8314564228,0.1025395840,-0.5460450649,0.0627239123,0.9592139125,0.2756357491,0.5520375967,-0.2634294927,0.7911128998,1,-105.8,40.4,1711.4,1,0.3169976175,-0.1600015163,-0.9348326921,0.9464611411,-0.0100530647,0.3226613998,-0.0610242337,-0.9870656729,0.1482483894,1,-191.4,202.1,1596.0,1,-0.1853153259,-0.1589344889,-0.9697412848,0.9826163650,-0.0188159682,-0.1846919060,0.0111072939,-0.9871098995,0.1596585065,1,-270.6,-34.1,1611.2,1,0.0000079870,1.0000001192,-0.0000410005,-1.0000001192,0.0000079870,0.0000111671,0.0000111674,0.0000410004,1.0000000000,0,16.0,217.8,1733.7,1,0.0025386810,0.9999564290,-0.0089829788,-0.9999962449,0.0025473833,0.0009586094,0.0009814505,0.0089805117,0.9999591708,0,16.0,-13.4,1733.7,0,0.8083070517,-0.0501827709,-0.5866185427,0.0327164456,0.9986498356,-0.0403500311,0.5878514051,0.0134231420,0.8088575006,1,-191.8,-134.3,1713.0,1,0.8087267280,0.0000000898,-0.5881844759,-0.0000000726,0.9999999404,0.0000000528,0.5881844163,0.0000000000,0.8087267876,0,-174.1,-487.3,1708.2,1,0.1944461465,0.1157512069,-0.9740597010,0.1740135550,0.9731922746,0.1503854990,0.9653548002,-0.1987414658,0.1690911651,1,-56.1,-124.0,1803.0,1,-0.6729623079,0.4476518035,-0.5888377428,0.2491089255,0.8867328167,0.3894224465,0.6964673996,0.1153818816,-0.7082516551,1,-97.0,-467.8,1873.2,1,-224.0,-280.9,1608.4,1,16.6,-244.5,1734.0,0,-174.1,-827.3,1708.2,0,-248.4,-767.7,1834.2,1,
8,0.8311171532,0.1141876280,-0.5442469716,0.0588057116,0.9551572204,0.2902019024,0.5529789329,-0.2731969357,0.7871327400,1,-65.9,388.3,1614.5,1,0.8311171532,0.1141876280,-0.5442469716,0.0588057116,0.9551572204,0.2902019024,0.5529789329,-0.2731969357,0.7871327400,1,-87.3,209.3,1665.7,1,0.8318031430,0.1010625735,-0.5457922816,0.0649055168,0.9588310122,0.2764614224,0.5512624979,-0.2653867006,0.7909992337,1,-105.2,39.8,1712.6,1,0.3179830015,-0.1597535163,-0.9345402718,0.9461783767,-0.0091967098,0.3235150278,-0.0602773577,-0.9871140718,0.1482309103,1,-191.1,201.2,1596.9,1,-0.1818487346,-0.1584163159,-0.9704819918,0.9832829237,-0.0199970044,-0.1809831560,0.0092639485,-0.9871699214,0.1594044715,1,-269.9,-33.2,1611.8,1,0.0000062585,1.0000001192,-0.0000328004,-1.0000001192,0.0000062585,0.0000089337,0.0000089339,0.0000328004,1.0000000000,0,16.4,217.4,1734.4,1,0.0022853017,0.9999647141,-0.0080845952,-0.9999970198,0.0022923350,0.0008637784,0.0008822805,0.0080825966,0.9999669194,0,16.4,-13.8,1734.4,0,0.8090974689,-0.0418190956,-0.5861846805,0.0268864036,0.9990545511,-0.0341630206,0.5870591402,0.0118808169,0.8094568849,1,-190.9,-135.0,1714.5,1,0.8093779087,0.0000000449,-0.5872879624,-0.0000000363,0.9999999404,0.0000000264,0.5872879028,0.0000000000,0.8093779683,0,-176.1,-488.2,1710.3,1,0.1987963915,0.0989675373,-0.9750310183,0.2082127333,0.9679110646,0.1406967938,0.9576675892,-0.2309838533,0.1718109548,1,-55.2,-124.4,1804.5,1,-0.7024525404,0.4776032865,-0.5276889801,0.2323662788,0.8546854258,0.4642400444,0.6727306843,0.2034894228,-0.7113548517,1,-90.2,-466.2,1886.0,1,-224.2,-280.1,1609.5,1,17.0,-244.9,1734.7,0,-176.1,-828.1,1710.3,0,-251.3,-754.6,1817.4,1,
9,0.8318808079,0.1132905558,-0.5432670116,0.0602739789,0.9547053576,0.2913849056,0.5516712070,-0.2751426399,0.7873726487,1,-65.8,387.3,1614.5,1,0.8318808079,0.1132905558,-0.5432670116,0.0602739789,0.9547053576,0.2913849056,0.5516712070,-0.2751426399,0.7873726487,1,-87.0,208.5,1666.0,1,0.8325183392,0.1002299264,-0.5448545814,0.0659874827,0.9585555196,0.2771596611,0.5500531197,-0.2666943669,0.7914012671,1,-104.8,39.0,1713.1,1,0.3184523880,-0.1603094041,-0.9342853427,0.9460666776,-0.0081639700,0.3238689601,-0.0595467053,-0.9870330691,0.1490635574,1,-190.9,200.2,1597.4,1,-0.1823929995,-0.1590842158,-0.9702705741,0.9831696153,-0.0189697109,-0.1817075461,0.0105010485,-0.9870827794,0.1598667055,1,-269.8,-34.1,1612.1,1,0.0000047684,1.0000001192,-0.0000262403,-1.0000001192,0.0000047684,0.0000071470,0.0000071471,0.0000262403,1.0000000000,0,16.8,216.7,1734.6,1,0.0020571351,0.9999713302,-0.0072760629,-0.9999974370,0.0020628572,0.0007782353,0.0007932221,0.0072744442,0.9999732375,0,16.8,-14.5,1734.6,0,0.8101656437,-0.0404627845,-0.5848028660,0.0211001970,0.9989813566,-0.0398885012,0.5858211517,0.0199768357,0.8101940751,1,-190.4,-135.8,1715.4,1,0.8103309274,0.0000000449,-0.5859724879,-0.0000000364,0.9999999404,0.0000000263,0.5859724283,0.0000000000,0.8103309870,0,-176.1,-489.0,1708.3,1,0.1989854276,0.1023265868,-0.9746457338,0.2005426288,0.9692363143,0.1427017748,0.9592641592,-0.2238535583,0.1723430753,1,-54.6,-125.0,1805.2,1,-0.7002376318,0.4848283827,-0.5240312815,0.2300181687,0.8481042385,0.4772953391,0.6758394837,0.2136834115,-0.7053938508,1,-90.7,-467.5,1884.2,1,-224.0,-281.0,1609.5,1,17.3,-245.6,1734.8,0,-176.1,-828.9,1708.3,0,-254.9,-754.7,1811.9,1,
10,0.8288460374,0.1172089577,-0.5470610261,0.0609708950,0.9530625939,0.2965718210,0.5561442971,-0.2791674435,0.7827958465,1,-65.3,387.3,1614.0,1,0.8288460374,0.1172089577,-0.5470610261,0.0609708950,0.9530625939,0.2965718210,0.5561442971,-0.2791674435,0.7827958465,1,-87.3,208.8,1666.2,1,0.8297089934,0.1012797877,-0.5489305854,0.0685172975,0.9574865699,0.2802237868,0.5539746881,-0.2701157331,0.7874959111,1,-105.2,39.6,1714.0,1,0.3136415482,-0.1562389433,-0.9365993738,0.9473804832,-0.0150196217,0.3197573125,-0.0640259162,-0.9876051545,0.1433069408,1,-190.8,200.3,1597.1,1,-0.1847910732,-0.1567409933,-0.9701982737,0.9826903343,-0.0162963271,-0.1845376790,0.0131139448,-0.9875053763,0.1570392698,1,-269.3,-37.0,1613.2,1,0.0000035763,1.0000001192,-0.0000209923,-1.0000001192,0.0000035763,0.0000057176,0.0000057177,0.0000209922,1.0000000000,0,16.2,217.4,1735.3,1,0.0018519163,0.9999766946,-0.0065483963,-0.9999979138,0.0018565655,0.0007010868,0.0007132271,0.0065470850,0.9999783039,0,16.2,-13.8,1735.3,0,0.8073737621,-0.0374039747,-0.5888535380,0.0190647747,0.9991213083,-0.0373245701,0.5897321701,0.0189085193,0.8073773980,1,-190.8,-135.3,1716.5,1,0.8075038195,0.0000000449,-0.5898621678,-0.0000000362,0.9999999404,0.0000000265,0.5898621082,0.0000000000,0.8075038791,0,-177.5,-488.5,1709.9,1,0.1957016885,0.0973858386,-0.9758160114,0.2191201299,0.9655569196,0.1403069496,0.9558699131,-0.2412792146,0.1676219702,1,-55.4,-124.1,1806.9,1,-0.7280961871,0.4930368066,-0.4762255251,0.2344003469,0.8319353461,0.5029314756,0.6441525817,0.2545550466,-0.7212969661,1,-89.8,-465.3,1892.2,1,-222.9,-283.7,1609.9,1,16.7,-244.9,1735.5,0,-177.5,-828.4,1709.9,0,-256.9,-747.3,1805.9,1,
11,0.8257514238,0.1168713272,-0.5517926216,0.0565526634,0.9562123418,0.2871589959,0.5611914992,-0.2683275640,0.7829843760,1,-65.7,388.7,1617.7,1,0.8257514238,0.1168713272,-0.5517926216,0.0565526634,0.9562123418,0.2871589959,0.5611914992,-0.2683275640,0.7829843760,1,-87.5,209.9,1667.9,1,0.8265574574,0.1036694348,-0.5532221794,0.0635541975,0.9594156146,0.2747417688,0.5592523217,-0.2622497380,0.7864236236,1,-105.8,40.3,1714.2,1,0.3089258969,-0.1522479057,-0.9388213158,0.9492141604,-0.0125465617,0.3143804073,-0.0596427396,-0.9882627130,0.1406399161,1,-190.6,201.9,1598.1,1,-0.1920277625,-0.1511600912,-0.9696783423,0.9813594818,-0.0218530968,-0.1909344345,0.0076711886,-0.9882677794,0.1525387913,1,-268.6,-37.6,1613.2,1,0.0000025630,1.0000001192,-0.0000167938,-1.0000001192,0.0000025630,0.0000045741,0.0000045741,0.0000167938,1.0000000000,0,15.6,217.8,1737.7,1,0.0016669631,0.9999813437,-0.0058935075,-0.9999985099,0.0016707182,0.0006315245,0.0006413595,0.0058924453,0.9999824166,0,15.6,-13.4,1737.7,0,0.8038487434,-0.0360544659,-0.5937400460,0.0172674898,0.9991551042,-0.0372950286,0.5945830941,0.0197271649,0.8037921786,1,-191.6,-134.5,1715.0,1,0.8039526343,-0.0000000000,-0.5946933031,0.0000000000,0.9999999404,0.0000000000,0.5946932435,0.0000000000,0.8039526939,0,-178.8,-487.7,1708.0,1,0.1840261221,0.1243536770,-0.9750234485,0.1607392430,0.9748037457,0.1546635628,0.9696894884,-0.1851866543,0.1594007909,1,-56.7,-124.1,1806.2,1,-0.7043240070,0.4276756346,-0.5665872693,0.2814783454,0.9009742141,0.3301747143,0.6516882181,0.0730679482,-0.7549592853,1,-100.6,-468.0,1871.6,1,-220.4,-284.1,1611.3,1,16.0,-244.5,1737.8,0,-178.8,-827.7,1708.0,0,-242.7,-767.4,1847.3,1,
12,0.8216314316,0.1195529997,-0.5573403239,0.0549794920,0.9565786719,0.2862428725,0.5673609972,-0.2658287287,0.7793822885,1,-64.9,389.4,1619.6,1,0.8216314316,0.1195529997,-0.5573403239,0.0549794920,0.9565786719,0.2862428725,0.5673609972,-0.2658287287,0.7793822885,1,-87.2,210.8,1669.2,1,0.8226138353,0.1041676849,-0.5589766502,0.0633960962,0.9601437449,0.2722232044,0.5650547743,-0.2593718171,0.7832238078,1,-105.6,41.1,1715.0,1,0.3043953478,-0.1444106847,-0.9415355325,0.9511555433,-0.0073029995,0.3086256385,-0.0514448620,-0.9894909263,0.1351340264,1,-189.8,202.9,1598.7,1,-0.1941687763,-0.1408884525,-0.9707980156,0.9809675217,-0.0290521346,-0.1919865012,-0.0011550739,-0.9895991087,0.1438480020,1,-266.8,-37.5,1611.7,1,0.0000019073,1.0000001192,-0.0000134350,-1.0000001192,0.0000019073,0.0000036593,0.0000036593,0.0000134350,1.0000000000,0,15.4,218.7,1739.7,1,0.0015000105,0.9999850988,-0.0053041177,-0.9999990463,0.0015030503,0.0005688160,0.0005767813,0.0053032571,0.9999857545,0,15.4,-12.4,1739.7,0,0.7995903492,-0.0387234576,-0.5992960930,0.0205462333,0.9990987182,-0.0371435583,0.6001942754,0.0173863508,0.7996652722,1,-191.1,-133.8,1714.8,1,0.7997453213,-0.0000000000,-0.6003392339,0.0000000000,0.9999999404,0.0000000000,0.6003391743,0.0000000000,0.7997453809,0,-177.4,-487.0,1708.6,1,0.1778819859,0.1270534396,-0.9758153558,0.1659189016,0.9735605717,0.1570053399,0.9699634314,-0.1898346096,0.1520983279,1,-56.9,-123.4,1807.0,1,-0.7116401792,0.4096928239,-0.5707188845,0.2811004817,0.9105464220,0.3031298518,0.6438561678,0.0552900508,-0.7631462812,1,-101.8,-467.2,1874.0,1,-218.0,-283.8,1612.0,1,15.8,-243.6,1739.8,0,-177.4,-826.9,1708.6,0,-239.4,-773.2,1855.4,1,
13,0.8188837767,0.1243090928,-0.5603355765,0.0597703904,0.9524874687,0.2986564338,0.5708382726,-0.2780566216,0.7725467086,1,-64.5,389.0,1616.5,1,0.8188837767,0.1243090928,-0.5603355765,0.0597703904,0.9524874687,0.2986564338,0.5708382726,-0.2780566216,0.7725467086,1,-87.8,211.1,1668.5,1,0.8200181723,0.1061646268,-0.5624043345,0.0691691488,0.9570605159,0.2815161943,0.5681419969,-0.2697496712,0.7774638534,1,-106.5,42.0,1716.1,1,0.3064221740,-0.1380277872,-0.9418353438,0.9502990842,-0.0129244588,0.3110699654,-0.0551090091,-0.9903439879,0.1272073537,1,-190.1,202.5,1597.6,1,-0.1978732198,-0.1354520172,-0.9708238244,0.9802249074,-0.0296921860,-0.1956465840,-0.0023251607,-0.9903389215,0.1386487037,1,-267.1,-36.5,1611.4,1,0.0000013709,1.0000001192,-0.0000107480,-1.0000001192,0.0000013709,0.0000029274,0.0000029274,0.0000107480,1.0000000000,0,14.5,219.8,1739.3,1,0.0013493896,0.9999881983,-0.0047736741,-0.9999994040,0.0013518333,0.0005122949,0.0005187439,0.0047729774,0.9999884963,0,14.5,-11.4,1739.3,0,0.7969623208,-0.0377161540,-0.6028502584,0.0223325603,0.9992061853,-0.0329899453,0.6036159396,0.0128285587,0.7971719503,1,-192.2,-132.8,1717.5,1,0.7971478105,-0.0000000000,-0.6037841439,0.0000000000,0.9999999404,0.0000000000,0.6037840843,0.0000000000,0.7971478701,0,-178.9,-486.1,1712.9,1,0.1826297939,0.0816089660,-0.9797888994,0.2527612746,0.9591566920,0.1270044446,0.9501358271,-0.2708474994,0.1545429826,1,-58.4,-121.6,1810.2,1,-0.7491467595,0.4682867527,-0.4684940577,0.2382706553,0.8504267335,0.4690431356,0.6180665493,0.2397537529,-0.7486734390,1,-87.1,-459.0,1905.4,1,-217.4,-282.6,1612.0,1,14.8,-242.6,1739.4,0,-178.9,-826.0,1712.9,0,-242.2,-740.6,1826.1,1,
14,0.8127632737,0.1238867566,-0.5692689419,0.0612810142,0.9535291791,0.2950038910,0.5793615580,-0.2746539712,0.7674017549,1,-64.5,390.1,1618.5,1,0.8127632737,0.1238867566,-0.5692689419,0.0612810142,0.9535291791,0.2950038910,0.5793615580,-0.2746539712,0.7674017549,1,-87.6,212.3,1669.7,1,0.8136514425,0.1089864373,-0.5710452199,0.0685686544,0.9574231505,0.2804280519,0.5772947073,-0.2673267424,0.7715357542,1,-106.9,43.1,1716.9,1,0.2936941981,-0.1274489909,-0.9473650455,0.9545770288,-0.0130100287,0.2976801991,-0.0502642915,-0.9917598963,0.1178389043,1,-189.1,203.8,1597.7,1,-0.1930168122,-0.1244468614,-0.9732715487,0.9811652899,-0.0322576016,-0.1904576719,-0.0076935459,-0.9917017817,0.1283292025,1,-264.1,-39.8,1610.5,1,0.0000010729,1.0000001192,-0.0000085984,-1.0000001192,0.0000010729,0.0000023419,0.0000023420,0.0000085984,1.0000000000,0,13.9,220.9,1741.7,1,0.0012137294,0.9999904633,-0.0042962809,-0.9999996424,0.0012156963,0.0004613578,0.0004665783,0.0042957170,0.9999906421,0,13.9,-10.3,1741.7,0,0.7903686166,-0.0485349521,-0.6107057929,0.0180498734,0.9982689619,-0.0559760071,0.6123654246,0.0332185254,0.7898765206,1,-192.5,-131.7,1717.1,1,0.7904742956,-0.0000000000,-0.6124951839,0.0000000000,1.0000000000,0.0000000000,0.6124951839,0.0000000000,0.7904742956,0,-175.4,-484.6,1705.3,1,0.1675378680,0.0961790979,-0.9811629057,0.2091185302,0.9691156745,0.1307060570,0.9634315372,-0.2270775586,0.1422507167,1,-59.8,-120.5,1811.3,1,-0.7104155421,0.4460288882,-0.5443969965,0.2266271412,0.8773089647,0.4230474234,0.6662957668,0.1771643311,-0.7243362069,1,-93.6,-461.9,1891.3,1,-215.6,-286.2,1612.4,1,14.2,-241.4,1741.8,0,-175.4,-824.6,1705.3,0,-242.9,-755.5,1832.0,1,
15,0.8064923882,0.1278126836,-0.5772637129,0.0610163137,0.9531494975,0.2962835729,0.5880872011,-0.2741731703,0.7609090805,1,-64.4,390.1,1619.5,1,0.8064923882,0.1278126836,-0.5772637129,0.0610163137,0.9531494975,0.2962835729,0.5880872011,-0.2741731703,0.7609090805,1,-88.2,212.3,1670.6,1,0.8073892593,0.1123187244,-0.5792292356,0.0681518912,0.9573894143,0.2806450725,0.5860695243,-0.2660656273,0.7653311491,1,-108.1,43.1,1717.6,1,0.2949295342,-0.1165085882,-0.9483894110,0.9543946385,-0.0122154541,0.2982977927,-0.0463392511,-0.9931145906,0.1075924858,1,-189.0,203.8,1597.5,1,-0.1968258917,-0.1123683304,-0.9739779234,0.9803112149,-0.0385620221,-0.1936568469,-0.0157976598,-0.9929181933,0.1177459359,1,-263.7,-38.2,1609.2,1,0.0000007153,1.0000001192,-0.0000068787,-1.0000001192,0.0000007153,0.0000018736,0.0000018736,0.0000068787,1.0000000000,0,12.5,220.8,1743.7,1,0.0010916591,0.9999923706,-0.0038666320,-0.9999997616,0.0010932684,0.0004154589,0.0004196843,0.0038661757,0.9999924302,0,12.5,-10.4,1743.7,0,0.7833254933,-0.0522890873,-0.6194085479,0.0251549724,0.9983059764,-0.0524629168,0.6211025119,0.0255143344,0.7833139300,1,-193.8,-131.7,1716.9,1,0.7835540175,-0.0000000000,-0.6213237047,0.0000000000,0.9999999404,0.0000000000,0.6213236451,0.0000000000,0.7835540771,0,-175.3,-484.7,1707.8,1,0.1579560041,0.0892475545,-0.9834047556,0.2143569589,0.9690589905,0.1223759502,0.9638990164,-0.2301296741,0.1339377761,1,-62.1,-120.6,1812.5,1,-0.7053682208,0.4468452334,-0.5502590537,0.2246208936,0.8771781921,0.4243864417,0.6723102927,0.1757490039,-0.7191044092,1,-93.6,-462.6,1893.7,1,-214.3,-284.4,1613.2,1,12.7,-241.5,1743.8,0,-175.3,-824.6,1707.8,0,-244.3,-758.5,1834.4,1,
16,0.8103733659,0.1257348061,-0.5722632408,0.0603387281,0.9536013603,0.2949651778,0.5827983022,-0.2735617757,0.7651864290,1,-64.3,390.1,1620.0,1,0.8103733659,0.1257348061,-0.5722632408,0.0603387281,0.9536013603,0.2949651778,0.5827983022,-0.2735617757,0.7651864290,1,-87.6,212.8,1670.8,1,0.8112145066,0.1113982350,-0.5740392208,0.0671171099,0.9574602246,0.2806528211,0.5808838606,-0.2661976814,0.7692288160,1,-107.3,43.5,1717.9,1,0.2975674570,-0.1219332069,-0.9468821883,0.9536618590,-0.0082951225,0.3007661998,-0.0445278920,-0.9925036430,0.1138146818,1,-188.8,204.4,1598.4,1,-0.2053486109,-0.1180301011,-0.9715456367,0.9786564708,-0.0328405872,-0.2028618902,-0.0079623181,-0.9924668074,0.1222546995,1,-264.5,-38.1,1609.7,1,0.0000003576,1.0000001192,-0.0000055030,-1.0000001192,0.0000003576,0.0000014988,0.0000014988,0.0000055030,1.0000000000,0,13.5,221.2,1743.3,1,0.0009819865,0.9999936223,-0.0034799506,-0.9999995828,0.0009832978,0.0003741047,0.0003775245,0.0034795813,0.9999938607,0,13.5,-10.0,1743.3,0,0.7869604230,-0.0614385568,-0.6139369607,0.0308637060,0.9977042079,-0.0602814071,0.6162310839,0.0284907166,0.7870498896,1,-193.2,-131.2,1717.5,1,0.7873152494,-0.0000000000,-0.6165506244,0.0000000000,0.9999999404,0.0000000000,0.6165505648,0.0000000000,0.7873153090,0,-171.5,-483.9,1707.5,1,0.1668274999,0.0692217648,-0.9835531712,0.2365351170,0.9655931592,0.1080781668,0.9571935534,-0.2506752610,0.1447142065,1,-60.9,-120.2,1812.3,1,-0.7443219423,0.4730571806,-0.4713827670,0.2172961831,0.8389978409,0.4988636374,0.6314801574,0.2688854337,-0.7272781730,1,-85.3,-461.1,1900.8,1,-213.0,-283.9,1611.7,1,13.8,-241.1,1743.4,0,-171.5,-823.8,1707.5,0,-244.6,-743.7,1810.3,1,
17,0.8027473688,0.1283706725,-0.5823376775,0.0620376728,0.9532774091,0.2956590056,0.5930832624,-0.2734665573,0.7572770119,1,-64.2,390.4,1620.2,1,0.8027473688,0.1283706725,-0.5823376775,0.0620376728,0.9532774091,0.2956590056,0.5930832624,-0.2734665573,0.7572770119,1,-88.1,213.1,1671.1,1,0.8038139939,0.1118539199,-0.5842698216,0.0705213249,0.9573212266,0.2802919447,0.5906856060,-0.2665062845,0.7616200447,1,-107.8,43.9,1718.2,1,0.2912408412,-0.1095603406,-0.9503554106,0.9557430148,-0.0099180173,0.2940354049,-0.0416402481,-0.9939306974,0.1018230096,1,-188.3,204.3,1597.4,1,-0.1942070872,-0.1056624427,-0.9752534032,0.9808515310,-0.0357391424,-0.1914497763,-0.0146256657,-0.9937596917,0.1105799600,1,-262.0,-37.5,1607.9,1,0.0000000596,1.0000001192,-0.0000044024,-1.0000001192,0.0000000596,0.0000011991,0.0000011991,0.0000044024,1.0000000000,0,12.2,221.9,1744.7,1,0.0008835793,0.9999948144,-0.0031319410,-0.9999997020,0.0008846521,0.0003368487,0.0003396178,0.0031316418,0.9999950528,0,12.2,-9.3,1744.7,0,0.7796030045,-0.0593260825,-0.6234578490,0.0283159781,0.9978241324,-0.0595417619,0.6256336570,0.0287651140,0.7795865536,1,-193.2,-131.1,1717.1,1,0.7798905373,-0.0000000000,-0.6259159446,0.0000000000,1.0000000000,0.0000000000,0.6259159446,0.0000000000,0.7798905373,0,-172.2,-483.9,1706.9,1,0.1540336013,0.0750324130,-0.9852125645,0.2356398702,0.9655520320,0.1103763580,0.9595558047,-0.2491570562,0.1310468018,1,-62.0,-119.6,1813.5,1,-0.7549887300,0.4764682949,-0.4505218863,0.2182343900,0.8304539323,0.5125621557,0.6183573008,0.2886592746,-0.7309651375,1,-88.5,-460.7,1901.5,1,-213.3,-283.8,1611.6,1,12.4,-240.4,1744.8,0,-172.2,-823.8,1706.9,0,-249.7,-741.7,1803.8,1,
18,0.7922737598,0.1310366541,-0.5959289074,0.0678174794,0.9517058134,0.2994288206,0.6063851118,-0.2776441872,0.7451248169,1,-63.9,389.2,1620.8,1,0.7922737598,0.1310366541,-0.5959289074,0.0678174794,0.9517058134,0.2994288206,0.6063851118,-0.2776441872,0.7451248169,1,-88.3,212.3,1672.4,1,0.7930892706,0.1151777729,-0.5981161594,0.0741378963,0.9564051032,0.2824777663,0.6045764685,-0.2683733702,0.7499754429,1,-108.6,43.2,1719.9,1,0.2904256582,-0.0907329172,-0.9525862336,0.9562045336,-0.0103634130,0.2925159335,-0.0364128649,-0.9958214164,0.0837494209,1,-187.2,203.0,1597.0,1,-0.1793033481,-0.0869792551,-0.9799412489,0.9835548401,-0.0378061533,-0.1766088605,-0.0216865037,-0.9954925179,0.0923276320,1,-259.8,-36.0,1606.1,1,-0.0000001192,1.0000001192,-0.0000035219,-1.0000001192,-0.0000001192,0.0000009593,0.0000009593,0.0000035219,1.0000000000,0,10.7,221.5,1747.9,1,0.0007948279,0.9999960661,-0.0028187355,-1.0000000000,0.0007956624,0.0003032890,0.0003055315,0.0028184932,0.9999960065,0,10.7,-9.6,1747.9,0,0.7685651183,-0.0595139302,-0.6369974613,0.0280265063,0.9978401065,-0.0594118275,0.6391574144,0.0278090462,0.7685729861,1,-193.7,-131.9,1718.0,1,0.7688351870,-0.0000000000,-0.6394469738,0.0000000000,0.9999999404,0.0000000000,0.6394469142,0.0000000000,0.7688352466,0,-172.6,-484.7,1708.2,1,-0.9360054731,0.0596578419,0.3468931019,-0.0419345237,0.9596127272,-0.2781817913,-0.3494787812,-0.2749264538,-0.8957009315,1,-64.3,-119.8,1816.6,1,-0.7775678635,0.4837407768,-0.4017251730,0.2173818648,0.8062846661,0.5501365066,0.5900282860,0.3404406309,-0.7320975661,1,-85.3,-458.8,1913.8,1,-214.8,-282.9,1611.6,1,10.9,-240.8,1747.9,0,-172.6,-824.6,1708.2,0,-249.1,-731.7,1798.5,1,
19,0.7874880433,0.1349067837,-0.6013836265,0.0678188950,0.9508580565,0.3021095693,0.6125870943,-0.2786930203,0.7396400571,1,-63.3,389.3,1620.6,1,0.7874880433,0.1349067837,-0.6013836265,0.0678188950,0.9508580565,0.3021095693,0.6125870943,-0.2786930203,0.7396400571,1,-88.4,212.4,1672.5,1,0.7884252071,0.1184847727,-0.6036112309,0.0748696849,0.9554948211,0.2853503823,0.6105570793,-0.2701697946,0.7444652319,1,-109.3,43.5,1720.3,1,0.2904902101,-0.0822466463,-0.9533368349,0.9562624097,-0.0107776523,0.2923115492,-0.0343163684,-0.9965537786,0.0755185783,1,-186.7,203.0,1596.3,1,-0.1672761142,-0.0794588849,-0.9827028513,0.9856820107,-0.0349150300,-0.1649600863,-0.0212035570,-0.9962264299,0.0841616541,1,-258.6,-33.7,1604.8,1,-0.0000003576,1.0000001192,-0.0000028175,-1.0000001192,-0.0000003576,0.0000007674,0.0000007674,0.0000028175,1.0000000000,0,10.0,221.7,1748.7,1,0.0007146001,0.9999967813,-0.0025368528,-1.0000000000,0.0007153153,0.0002730623,0.0002748767,0.0025366568,0.9999967217,0,10.0,-9.4,1748.7,0,0.7634491920,-0.0614626370,-0.6429367661,0.0309416391,0.9977992773,-0.0586449653,0.6451262832,0.0248789322,0.7636708021,1,-194.6,-131.5,1718.2,1,0.7637898326,-0.0000000000,-0.6454649568,0.0000000000,0.9999999404,0.0000000000,0.6454648972,0.0000000000,0.7637898922,0,-172.8,-484.3,1709.4,1,-0.9420233965,0.0682170391,0.3285398781,-0.0218875632,0.9645388722,-0.2630321980,-0.3348327279,-0.2549734116,-0.9071249962,1,-65.9,-119.3,1817.8,1,-0.7739955187,0.4733276665,-0.4205853343,0.2124231160,0.8198402524,0.5317316055,0.5964961052,0.3222157955,-0.7350983024,1,-90.1,-460.1,1907.9,1,-216.6,-281.2,1610.2,1,10.1,-240.6,1748.7,0,-172.8,-824.2,1709.4,0,-250.6,-738.1,1798.6,1,
20,0.7820616961,0.1476898193,-0.6054475307,0.0605033040,0.9489307404,0.3096298575,0.6202569008,-0.2787814438,0.7331864238,1,-61.8,389.4,1621.0,1,0.7820616961,0.1476898193,-0.6054475307,0.0605033040,0.9489307404,0.3096298575,0.6202569008,-0.2787814438,0.7331864238,1,-89.4,212.1,1673.1,1,0.7834556699,0.1283465624,-0.6080492139,0.0701129287,0.9539386034,0.2916952372,0.6174796820,-0.2711625993,0.7383697033,1,-112.0,43.5,1721.1,1,0.2807876468,-0.0718894154,-0.9570738077,0.9593763351,-0.0075330473,0.2820289731,-0.0274845809,-0.9973841906,0.0668538138,1,-187.1,203.4,1596.1,1,-0.1527495980,-0.0684774220,-0.9858896136,0.9878993630,-0.0377104357,-0.1504417211,-0.0268764719,-0.9969396591,0.0734090582,1,-256.5,-33.9,1602.9,1,-0.0000004768,1.0000001192,-0.0000022540,-1.0000001192,-0.0000004768,0.0000006139,0.0000006139,0.0000022540,1.0000000000,0,8.4,220.9,1750.1,1,0.0006426573,0.9999972582,-0.0022831596,-0.9999998808,0.0006432533,0.0002458385,0.0002473068,0.0022830009,0.9999973774,0,8.4,-10.3,1750.1,0,0.7573825121,-0.0661539286,-0.6496116519,0.0338637382,0.9974953532,-0.0620992891,0.6520927548,0.0250346400,0.7577257156,1,-198.6,-130.8,1718.6,1,0.7577916384,-0.0000000000,-0.6524965763,0.0000000000,1.0000000000,0.0000000000,0.6524965763,0.0000000000,0.7577916384,0,-175.3,-483.5,1709.8,1,-0.8973165751,0.0640951693,0.4367091656,-0.0677757710,0.9576589465,-0.2798145413,-0.4361532331,-0.2806805372,-0.8549788594,1,-70.8,-119.4,1819.4,1,-0.8110327125,0.4631339312,-0.3573974371,0.2138706744,0.8033813834,0.5557316542,0.5445046425,0.3742797375,-0.7506193519,1,-93.5,-457.7,1918.5,1,-218.2,-281.9,1609.6,1,8.5,-241.4,1750.2,0,-175.3,-823.4,1709.8,0,-250.5,-730.1,1791.6,1,
21,0.7708426714,0.1499407440,-0.6191275716,0.0543399751,0.9528849721,0.2984260619,0.6347035766,-0.2636831105,0.7263764739,1,-62.1,390.0,1625.2,1,0.7708426714,0.1499407440,-0.6191275716,0.0543399751,0.9528849721,0.2984260619,0.6347035766,-0.2636831105,0.7263764739,1,-90.0,212.6,1674.3,1,0.7720687389,0.1368927956,-0.6206203699,0.0624976009,0.9554402232,0.2884940207,0.6324584484,-0.2615247071,0.7291099429,1,-114.2,43.8,1720.5,1,0.2720423043,-0.0561890230,-0.9606434703,0.9619696140,-0.0096907327,0.2729846537,-0.0246480796,-0.9983732104,0.0514158383,1,-186.3,204.9,1595.4,1,-0.1537084728,-0.0522296205,-0.9867348671,0.9875148535,-0.0429549664,-0.1515562832,-0.0344694406,-0.9977108240,0.0581800677,1,-254.8,-37.6,1601.6,1,-0.0000005960,1.0000001192,-0.0000018032,-1.0000001192,-0.0000005960,0.0000004911,0.0000004911,0.0000018032,1.0000000000,0,6.3,220.4,1753.2,1,0.0005780458,0.9999977946,-0.0020548371,-0.9999999404,0.0005785227,0.0002213212,0.0002225097,0.0020547088,0.9999978542,0,6.3,-10.7,1753.2,0,0.7441093326,-0.0815052167,-0.6630673409,0.0414451584,0.9962499738,-0.0759498179,0.6667711139,0.0290340409,0.7446968555,1,-201.3,-130.2,1715.2,1,0.7447190881,-0.0000000000,-0.6673780680,0.0000000000,0.9999999404,0.0000000000,0.6673780084,0.0000000000,0.7447191477,0,-172.5,-482.4,1704.9,1,-0.9087053537,0.0480480790,0.4146640897,-0.0761916190,0.9575764537,-0.2779247761,-0.4104263186,-0.2841455936,-0.8664939404,1,-75.4,-120.0,1818.3,1,-0.8091527820,0.4637514949,-0.3608412147,0.2041044384,0.7976812124,0.5674910545,0.5510110855,0.3855376542,-0.7400996685,1,-92.4,-458.4,1918.8,1,-216.2,-285.6,1610.3,1,6.5,-241.9,1753.2,0,-172.5,-822.3,1704.9,0,-249.8,-729.2,1787.9,1,
22,0.7690801620,0.1543029249,-0.6202464700,0.0452520028,0.9548408389,0.2936527431,0.6375482678,-0.2539100945,0.7273665071,1,-61.4,388.7,1627.8,1,0.7690801620,0.1543029249,-0.6202464700,0.0452520028,0.9548408389,0.2936527431,0.6375482678,-0.2539100945,0.7273665071,1,-90.0,211.7,1674.9,1,0.7701289058,0.1445467323,-0.6212946773,0.0519595817,0.9565361738,0.2869486809,0.6357684135,-0.2532699108,0.7291454673,1,-115.5,42.6,1719.7,1,0.2693854570,-0.0537037067,-0.9615339637,0.9628328681,-0.0053080451,0.2700458467,-0.0196063258,-0.9985429049,0.0502777807,1,-186.1,205.2,1595.6,1,-0.1523056924,-0.0482312627,-0.9871557951,0.9874908328,-0.0486611351,-0.1499798298,-0.0408024117,-0.9976500869,0.0550392978,1,-254.0,-37.6,1600.6,1,-0.0000005960,1.0000001192,-0.0000014426,-1.0000001192,-0.0000005960,0.0000003929,0.0000003929,0.0000014426,1.0000000000,0,6.1,218.2,1754.2,1,0.0005201697,0.9999982119,-0.0018493480,-0.9999998808,0.0005205870,0.0001992426,0.0002002051,0.0018492440,0.9999982715,0,6.1,-13.0,1754.2,0,0.7394475341,-0.0910446569,-0.6670293212,0.0602579601,0.9957869649,-0.0691176131,0.6705118418,0.0109150270,0.7418184280,1,-203.9,-130.7,1712.6,1,0.7407671809,-0.0000000000,-0.6717618108,0.0000000000,0.9999999404,0.0000000000,0.6717617512,0.0000000000,0.7407672405,0,-171.7,-482.7,1708.7,1,-0.9037654996,0.0374864638,0.4263834357,-0.0905307978,0.9568801522,-0.2760159373,-0.4183446765,-0.2880545259,-0.8614014387,1,-78.3,-122.2,1816.3,1,-0.8134230971,0.4621581137,-0.3532038033,0.1966589987,0.7899696231,0.5807523727,0.5474196672,0.4029366374,-0.7334670424,1,-91.5,-460.4,1918.1,1,-215.7,-285.5,1610.8,1,6.2,-244.1,1754.3,0,-171.7,-822.6,1708.7,0,-248.5,-728.7,1781.3,1,
23,0.7646372914,0.1563730836,-0.6252012253,0.0461948588,0.9543219209,0.2951889038,0.6428030133,-0.2545937598,0.7224863768,1,-60.9,388.4,1627.7,1,0.7646372914,0.1563730836,-0.6252012253,0.0461948588,0.9543219209,0.2951889038,0.6428030133,-0.2545937598,0.7224863768,1,-89.9,211.5,1674.8,1,0.7658351660,0.1453644484,-0.6263904572,0.0537794419,0.9562221766,0.2876589298,0.6407839656,-0.2539864779,0.7244908214,1,-115.5,42.5,1719.7,1,0.2741147876,-0.0461684614,-0.9605881572,0.9615556598,-0.0039664339,0.2745815516,-0.0164871141,-0.9989258051,0.0433062837,1,-185.4,204.8,1594.9,1,-0.1533025801,-0.0403289124,-0.9873560071,0.9872469306,-0.0496416651,-0.1512580514,-0.0429139249,-0.9979524016,0.0474248007,1,-254.1,-36.1,1599.0,1,-0.0000005960,1.0000001192,-0.0000011541,-1.0000001192,-0.0000005960,0.0000003143,0.0000003143,0.0000011541,1.0000000000,0,5.7,218.2,1754.8,1,0.0004681349,0.9999983907,-0.0016644085,-0.9999997020,0.0004684329,0.0001793618,0.0001801410,0.0016643244,0.9999985695,0,5.7,-12.9,1754.8,0,0.8304640055,-0.0726225227,-0.5523182154,0.0525902659,0.9972586632,-0.0520517156,0.5545842648,0.0141805112,0.8320066929,0,-203.0,-130.8,1712.9,1,0.7881947756,-0.0000000000,-0.6154258251,0.0000000000,1.0000000000,-0.0000000000,0.6154258251,0.0000000000,0.7881947756,0,-177.3,-483.4,1707.9,0,-0.9107285738,0.0390604287,0.4111540020,-0.0809337050,0.9593368769,-0.2704113722,-0.4049976468,-0.2795476019,-0.8705343008,1,-79.5,-122.2,1816.3,1,-0.8107033372,0.4607520401,-0.3612031341,0.1939731687,0.7935005426,0.5768286586,0.5523898602,0.3975731730,-0.7326670885,1,-93.3,-461.3,1915.1,1,-215.6,-284.0,1609.8,1,5.8,-244.1,1754.8,0,-177.3,-823.3,1707.9,0,-249.8,-730.9,1780.0,1,
