1,0.5777744651,-0.0749110281,0.8127524853,-0.1779077947,0.9602754712,0.2149799466,-0.7965692282,-0.2688046992,0.5414973497,1,532.3,349.5,1627.7,1,0.5777744651,-0.0749110281,0.8127524853,-0.1779077947,0.9602754712,0.2149799466,-0.7965692282,-0.2688046992,0.5414973497,1,546.3,170.4,1677.8,1,0.5784114599,-0.0581550486,0.8136705756,-0.1871063858,0.9614033103,0.2017210871,-0.7939952612,-0.2689205110,0.5452074409,1,556.6,0.5,1725.3,1,-0.0000026226,-1.0000003576,0.0000000000,1.0000003576,-0.0000026226,0.0000000000,0.0000000000,0.0000000000,1.0000000000,0,474.1,193.8,1776.9,1,0.0000197291,-0.9999990463,0.0000000000,0.9999990463,0.0000197291,0.0000000000,-0.0000000000,0.0000000000,1.0000000000,0,474.1,-37.4,1776.9,0,0.1308721900,-0.3777663410,0.9166052341,-0.9898959398,0.0011039153,0.1417915523,-0.0545759238,-0.9259003997,-0.3738048673,1,618.4,147.1,1578.8,1,-0.2958310246,-0.3919581473,0.8711216450,-0.9390455484,-0.0478821397,-0.3404422104,0.1751502454,-0.9187362790,-0.3539014757,1,648.0,-76.5,1566.4,1,0.7307358384,0.2552084327,0.6331617832,-0.3577834070,0.9330782890,0.0368242636,-0.5813916326,-0.2534435987,0.7731429935,1,519.6,-154.2,1837.7,1,0.7312984467,-0.0353151597,0.6811426878,-0.3117729127,0.8709107041,0.3798843324,-0.6066301465,-0.4901706576,0.6258854270,1,429.4,-484.0,1927.2,1,0.2515076697,0.0831694156,0.9642752409,-0.2215951383,0.9747846127,-0.0262781661,-0.9421461821,-0.2070695460,0.2635957301,1,614.0,-184.7,1708.1,1,0.2612406015,-0.0896730125,0.9610994458,-0.3069602847,0.9362719655,0.1707927585,-0.9151659608,-0.3396373391,0.2170662135,1,584.6,-529.4,1781.3,1,474.1,-268.6,1776.9,0,573.9,-311.6,1610.3,1,441.4,-780.1,2093.9,1,615.1,-847.5,1896.7,1,
2,0.5837120414,-0.0833572820,0.8076717854,-0.1788850427,0.9570716619,0.2280579209,-0.7920085788,-0.2776002586,0.5437446833,1,530.7,349.1,1624.1,1,0.5837120414,-0.0833572820,0.8076717854,-0.1788850427,0.9570716619,0.2280579209,-0.7920085788,-0.2776002586,0.5437446833,1,546.3,170.1,1676.0,1,0.5844232440,-0.0606507398,0.8091802597,-0.1883523911,0.9598256350,0.2079774141,-0.7892844677,-0.2739576399,0.5495225191,1,557.1,0.5,1724.4,1,-0.0000026226,-1.0000003576,0.0000000000,1.0000003576,-0.0000026226,0.0000000000,0.0000000000,0.0000000000,1.0000000000,0,473.4,193.6,1774.5,1,0.0000197291,-0.9999990463,0.0000000000,0.9999990463,0.0000197291,0.0000000000,-0.0000000000,0.0000000000,1.0000000000,0,473.4,-37.5,1774.5,0,0.1232299209,-0.3724335134,0.9198411703,-0.9911141992,0.0005788878,0.1330126673,-0.0500708558,-0.9280588031,-0.3690527976,1,619.2,146.6,1577.5,1,-0.2940877080,-0.3871558309,0.8738551736,-0.9396641254,-0.0500633195,-0.3384153545,0.1747675687,-0.9206541181,-0.3490734696,1,646.9,-76.1,1566.3,1,0.7363327146,0.2498528212,0.6287986040,-0.3564730883,0.9331401587,0.0466526411,-0.5751009583,-0.2585016787,0.7761673331,1,520.1,-153.8,1837.2,1,0.7370364666,-0.0331798755,0.6750380397,-0.3075689077,0.8729090691,0.3787231445,-0.6018127799,-0.4867534637,0.6331607103,1,431.8,-483.7,1928.6,1,0.2584244609,0.0851533636,0.9622710347,-0.2277112454,0.9734080434,-0.0249854829,-0.9388099313,-0.2126631141,0.2709428370,1,615.5,-184.6,1708.4,1,0.2693565488,-0.1024106964,0.9575797319,-0.3129859269,0.9310432076,0.1876121312,-0.9107615948,-0.3502435684,0.2187294960,1,585.4,-528.7,1783.6,1,473.4,-268.7,1774.5,0,573.3,-311.4,1610.0,1,443.1,-780.4,2094.1,1,620.1,-845.1,1902.6,1,
3,0.5851595402,-0.0889115185,0.8060302734,-0.1772614121,0.9559065104,0.2341314256,-0.7913051844,-0.2798820734,0.5435990691,1,529.7,350.8,1622.8,1,0.5851595402,-0.0889115185,0.8060302734,-0.1772614121,0.9559065104,0.2341314256,-0.7913051844,-0.2798820734,0.5435990691,1,546.3,172.2,1675.1,1,0.5859093666,-0.0657565370,0.8077054024,-0.1865444630,0.9589899182,0.2133916318,-0.7886118293,-0.2757008970,0.5496164560,1,557.9,2.7,1723.8,1,-0.0000026226,-1.0000003576,0.0000000000,1.0000003576,-0.0000026226,0.0000000000,0.0000000000,0.0000000000,1.0000000000,0,473.2,195.4,1773.4,1,0.0000197291,-0.9999990463,0.0000000000,0.9999990463,0.0000197291,0.0000000000,-0.0000000000,0.0000000000,1.0000000000,0,473.2,-35.7,1773.4,0,0.1182047278,-0.3719949126,0.9206777215,-0.9919725060,-0.0022901669,0.1264328659,-0.0449238718,-0.9282319546,-0.3692794442,1,619.4,148.9,1576.7,1,-0.2966077924,-0.3860976100,0.8734713793,-0.9386639595,-0.0505809039,-0.3411034942,0.1758802533,-0.9210700393,-0.3474132121,1,646.2,-76.0,1566.5,1,0.7373254299,0.2513315678,0.6270436645,-0.3583034575,0.9323909283,0.0475994758,-0.5726865530,-0.2597681582,0.7775285840,1,521.8,-151.6,1836.9,1,0.7375158668,-0.0420744382,0.6740177870,-0.2944173217,0.8781854510,0.3769731224,-0.6077735424,-0.4764662385,0.6352882385,1,432.9,-481.3,1928.7,1,0.2602246106,0.0923498645,0.9611215591,-0.2278925478,0.9731666446,-0.0318050906,-0.9382686615,-0.2107559741,0.2742877901,1,617.4,-182.1,1708.2,1,0.2748417556,-0.1145948693,0.9546360970,-0.3291494846,0.9216676950,0.2054001689,-0.9033950567,-0.3706704974,0.2155939490,1,584.7,-526.1,1782.7,1,473.2,-266.9,1773.4,0,571.9,-311.0,1610.5,1,447.2,-779.7,2090.6,1,623.6,-839.3,1908.6,1,
4,0.5649190545,-0.0762157068,0.8216198683,-0.1988462359,0.9538044333,0.2251973003,-0.8008268476,-0.2905940413,0.5236688852,1,529.6,352.7,1625.6,1,0.5649190545,-0.0762157068,0.8216198683,-0.1988462359,0.9538044333,0.2251973003,-0.8008268476,-0.2905940413,0.5236688852,1,543.9,174.7,1679.9,1,0.5655991435,-0.0537857562,0.8229254484,-0.2088366449,0.9560025334,0.2060170770,-0.7977982163,-0.2883798480,0.5294835567,1,553.4,5.7,1730.8,1,-0.0000026226,-1.0000003576,0.0000000000,1.0000003576,-0.0000026226,0.0000000000,0.0000000000,0.0000000000,1.0000000000,0,473.3,200.7,1779.4,1,0.0000197291,-0.9999990463,0.0000000000,0.9999990463,0.0000197291,0.0000000000,-0.0000000000,0.0000000000,1.0000000000,0,473.3,-30.4,1779.4,0,0.1428447068,-0.3916749060,0.9089478850,-0.9883015156,-0.0068628676,0.1523581743,-0.0534368828,-0.9200781584,-0.3880732358,1,614.4,148.6,1580.4,1,-0.2980422974,-0.4011715055,0.8661594391,-0.9387284517,-0.0413560793,-0.3421674967,0.1730888337,-0.9150689244,-0.3642652035,1,646.6,-74.2,1568.3,1,0.7277227044,0.2493967712,0.6389216185,-0.3461745381,0.9377446771,0.0282485355,-0.5921002626,-0.2417355180,0.7687529922,1,516.7,-146.2,1846.9,1,0.7282469273,-0.0381847806,0.6842503548,-0.3143575788,0.8685953021,0.3830426335,-0.6089630127,-0.4940488040,0.6205480695,1,428.6,-477.7,1932.3,1,0.2381853908,0.1028076485,0.9657630324,-0.2269951552,0.9727336168,-0.0475660339,-0.9443203211,-0.2078940123,0.2550277710,1,609.0,-180.3,1716.7,1,0.2541299164,-0.1157156676,0.9602228403,-0.3364321887,0.9202384949,0.1999363899,-0.9067698121,-0.3738597035,0.1949296445,1,572.7,-524.1,1790.2,1,473.3,-261.6,1779.4,0,572.0,-309.2,1611.7,1,441.6,-772.8,2100.2,1,612.0,-836.9,1917.3,1,
5,0.5559443235,-0.0723113939,0.8280691504,-0.2076092064,0.9525544047,0.2225651592,-0.8048736453,-0.2956483960,0.5145564079,1,529.0,354.0,1627.1,1,0.5559443235,-0.0723113939,0.8280691504,-0.2076092064,0.9525544047,0.2225651592,-0.8048736453,-0.2956483960,0.5145564079,1,542.5,176.2,1682.2,1,0.5567079186,-0.0439876094,0.8295438290,-0.2201347500,0.9550833106,0.1983766407,-0.8010082245,-0.2930490077,0.5220209956,1,550.2,7.4,1734.0,1,-0.0000026226,-1.0000003576,0.0000000000,1.0000003576,-0.0000026226,0.0000000000,0.0000000000,0.0000000000,1.0000000000,0,473.0,203.6,1782.1,1,0.0000197291,-0.9999990463,0.0000000000,0.9999990463,0.0000197291,0.0000000000,-0.0000000000,0.0000000000,1.0000000000,0,473.0,-27.5,1782.1,0,0.1490733922,-0.3981990516,0.9051048756,-0.9874399900,-0.0114980154,0.1575757265,-0.0523395799,-0.9172270894,-0.3949117064,1,611.9,148.7,1582.3,1,-0.2963893712,-0.4045109451,0.8651730418,-0.9400272965,-0.0365733430,-0.3391327262,0.1688251346,-0.9138016701,-0.3694114089,1,645.4,-73.6,1570.5,1,0.7321278453,0.2322181761,0.6403619647,-0.3068774939,0.9517318010,0.0057219602,-0.6081240773,-0.2007018924,0.7680519223,1,512.6,-143.5,1851.1,1,0.7340065241,-0.0475681312,0.6774746180,-0.3116659522,0.8627072573,0.3982469141,-0.6034061313,-0.5034615397,0.6184073091,1,430.6,-479.5,1922.0,1,0.2306285799,0.0753852874,0.9701173306,-0.2074056268,0.9778910875,-0.0266822800,-0.9506805539,-0.1950540841,0.2411649525,1,603.4,-179.4,1720.5,1,0.2412098348,-0.0873421952,0.9665346742,-0.3034598827,0.9392114878,0.1606050134,-0.9218080640,-0.3320439756,0.2000421882,1,576.8,-524.9,1789.4,1,473.0,-258.7,1782.1,0,571.2,-308.9,1612.8,1,446.8,-772.7,2093.1,1,606.4,-843.7,1902.1,1,
6,0.5563504696,-0.0704465136,0.8279572129,-0.2096656114,0.9522572160,0.2219081372,-0.8040595055,-0.2970525622,0.5150203109,1,528.2,354.5,1628.2,1,0.5563504696,-0.0704465136,0.8279572129,-0.2096656114,0.9522572160,0.2219081372,-0.8040595055,-0.2970525622,0.5150203109,1,541.3,177.1,1683.6,1,0.5571886897,-0.0400994606,0.8294181228,-0.2241237313,0.9545003772,0.1967086047,-0.7995664477,-0.2954958081,0.5228513479,1,548.4,8.4,1735.8,1,-0.0000026226,-1.0000003576,0.0000000000,1.0000003576,-0.0000026226,0.0000000000,0.0000000000,0.0000000000,1.0000000000,0,471.8,205.1,1783.3,1,0.0000197291,-0.9999990463,0.0000000000,0.9999990463,0.0000197291,0.0000000000,-0.0000000000,0.0000000000,1.0000000000,0,471.8,-26.1,1783.3,0,0.1520581841,-0.3965971172,0.9053116441,-0.9870495796,-0.0135742016,0.1598405093,-0.0511033945,-0.9178925157,-0.3935250342,1,610.8,149.2,1583.8,1,-0.2962007225,-0.4045655727,0.8652119637,-0.9387217164,-0.0438585207,-0.3418742120,0.1762574762,-0.9134566784,-0.3667835593,1,645.1,-73.4,1572.3,1,0.7395043969,0.2159114629,0.6375855803,-0.2792437375,0.9602193832,-0.0012867097,-0.6124998331,-0.1770902872,0.7703784108,1,510.0,-142.0,1853.2,1,0.7438848019,-0.0526677445,0.6662293673,-0.3130455613,0.8533003926,0.4169903696,-0.5904557109,-0.5187529325,0.6182697415,1,433.8,-481.1,1915.8,1,0.2318991125,0.0552001260,0.9711724520,-0.2032499909,0.9791010022,-0.0071182135,-0.9512688518,-0.1957400590,0.2382720858,1,600.9,-178.6,1722.8,1,0.2388927341,-0.0702862591,0.9684988260,-0.2818312347,0.9494268298,0.1384194344,-0.9292477369,-0.3060206473,0.2070022970,1,581.4,-524.6,1792.0,1,471.8,-257.2,1783.3,0,570.9,-308.4,1616.4,1,451.7,-771.1,2092.1,1,605.3,-846.9,1895.9,1,
7,0.5615962148,-0.0690083802,0.8245297074,-0.2112576962,0.9515264630,0.2235267758,-0.7999857068,-0.2997197509,0.5197967887,1,528.0,355.2,1627.9,1,0.5615962148,-0.0690083802,0.8245297074,-0.2112576962,0.9515264630,0.2235267758,-0.7999857068,-0.2997197509,0.5197967887,1,540.9,177.9,1683.7,1,0.5624396205,-0.0408557951,0.8258293271,-0.2258802652,0.9531925917,0.2009942681,-0.7953847647,-0.2995854020,0.5268864632,1,548.1,9.4,1736.7,1,-0.0000026226,-1.0000003576,0.0000000000,1.0000003576,-0.0000026226,0.0000000000,0.0000000000,0.0000000000,1.0000000000,0,470.7,206.1,1782.9,1,0.0000197291,-0.9999990463,0.0000000000,0.9999990463,0.0000197291,0.0000000000,-0.0000000000,0.0000000000,1.0000000000,0,470.7,-25.1,1782.9,0,0.1518066525,-0.3913598359,0.9076300263,-0.9873344302,-0.0172101222,0.1577168703,-0.0461036265,-0.9200768471,-0.3890156150,1,611.0,149.7,1584.5,1,-0.3006012440,-0.3996807337,0.8659642935,-0.9365990162,-0.0477084592,-0.3471401036,0.1800590456,-0.9154120684,-0.3599993289,1,645.2,-72.7,1574.1,1,0.7455215454,0.2145555913,0.6310020685,-0.2720645070,0.9622619152,-0.0057507334,-0.6084231138,-0.1673859507,0.7757598758,1,509.4,-140.6,1854.5,1,0.7495114207,-0.0658662543,0.6587063670,-0.2965290248,0.8562252522,0.4230234325,-0.5918639898,-0.5123865604,0.6222193241,1,433.6,-480.6,1913.6,1,0.2383707464,0.0525353327,0.9697523713,-0.1994460970,0.9799004197,-0.0040601012,-0.9504740834,-0.1924454719,0.2440575361,1,601.2,-177.5,1724.7,1,0.2443220019,-0.0872074515,0.9657648206,-0.2546859384,0.9552114606,0.1506856829,-0.9356505275,-0.2827825248,0.2111686617,1,582.6,-523.8,1792.8,1,470.7,-256.2,1782.9,0,570.0,-307.2,1619.2,1,456.0,-771.6,2087.8,1,612.2,-848.2,1888.8,1,
8,0.5826036334,-0.0675633326,0.8099443316,-0.2081588507,0.9508953094,0.2290520072,-0.7856463194,-0.3020433187,0.5399327874,1,527.8,355.1,1628.1,1,0.5826036334,-0.0675633326,0.8099443316,-0.2081588507,0.9508953094,0.2290520072,-0.7856463194,-0.3020433187,0.5399327874,1,540.4,177.4,1684.6,1,0.5833420753,-0.0389264785,0.8112941980,-0.2213654518,0.9534175396,0.2049126774,-0.7814770937,-0.2991264164,0.5475532413,1,547.3,8.9,1737.4,1,-0.0000026226,-1.0000003576,0.0000000000,1.0000003576,-0.0000026226,0.0000000000,0.0000000000,0.0000000000,1.0000000000,0,467.7,205.0,1782.0,1,0.0000197291,-0.9999990463,0.0000000000,0.9999990463,0.0000197291,0.0000000000,-0.0000000000,0.0000000000,1.0000000000,0,467.7,-26.1,1782.0,0,0.1514247805,-0.3688806593,0.9170591831,-0.9874362946,-0.0140570328,0.1573911011,-0.0451674014,-0.9293704629,-0.3663747311,1,613.2,149.8,1587.1,1,-0.3021410704,-0.3794121444,0.8745039105,-0.9369572401,-0.0507536978,-0.3457386494,0.1755617708,-0.9238346219,-0.3401581645,1,647.2,-72.2,1577.0,1,0.7626650333,0.2089817524,0.6121020913,-0.2636789680,0.9646102190,-0.0007960342,-0.5906062722,-0.1607913077,0.7907784581,1,506.6,-141.6,1854.1,1,0.7666894794,-0.0628681630,0.6389327645,-0.2880036235,0.8557634354,0.4297941625,-0.5737956762,-0.5135335326,0.6379984617,1,432.7,-482.5,1910.9,1,0.2628590465,0.0469999537,0.9636888504,-0.2009288818,0.9795806408,0.0070310319,-0.9436804652,-0.1954810768,0.2669352591,1,601.8,-177.7,1726.6,1,0.2681675255,-0.0709768683,0.9607540965,-0.2600887716,0.9549157023,0.1431420445,-0.9275989532,-0.2882674038,0.2376171350,1,585.2,-523.9,1795.7,1,467.7,-257.3,1782.0,0,571.6,-306.8,1620.9,1,454.1,-773.3,2085.4,1,609.3,-848.3,1893.6,1,
9,0.6097626686,-0.0695722401,0.7895255685,-0.1969013065,0.9516124725,0.2359245867,-0.7677346468,-0.2993163168,0.5665604472,1,527.2,353.9,1628.3,1,0.6097626686,-0.0695722401,0.7895255685,-0.1969013065,0.9516124725,0.2359245867,-0.7677346468,-0.2993163168,0.5665604472,1,540.2,175.7,1684.4,1,0.6105888486,-0.0407135747,0.7909014821,-0.2111773640,0.9541456103,0.2121486664,-0.7632709742,-0.2965558171,0.5739944577,1,547.4,7.0,1736.8,1,-0.0000026226,-1.0000003576,0.0000000000,1.0000003576,-0.0000026226,0.0000000000,0.0000000000,0.0000000000,1.0000000000,0,464.1,202.0,1779.5,1,0.0000197291,-0.9999990463,0.0000000000,0.9999990463,0.0000197291,0.0000000000,-0.0000000000,0.0000000000,1.0000000000,0,464.1,-29.2,1779.5,0,0.1490427405,-0.3394875228,0.9287274480,-0.9878993034,-0.0103641748,0.1547501534,-0.0429102480,-0.9405535460,-0.3369241655,1,616.3,149.3,1589.2,1,-0.2999864519,-0.3535826206,0.8859952092,-0.9383347631,-0.0579535440,-0.3408360779,0.1718602628,-0.9336063266,-0.3143936098,1,649.7,-72.3,1579.6,1,0.7837522030,0.1953434497,0.5895535350,-0.2544477284,0.9669211507,0.0178817492,-0.5665587187,-0.1640254408,0.8075312972,1,504.8,-144.4,1851.5,1,0.7874180079,-0.0450899750,0.6147681475,-0.2830120027,0.8595485687,0.4255356491,-0.5476104617,-0.5090611577,0.6640629172,1,435.7,-486.2,1909.5,1,0.2951203883,0.0450067669,0.9543995857,-0.1962655485,0.9804441929,0.0144544588,-0.9350849986,-0.1915815175,0.2981823683,1,604.4,-178.9,1727.0,1,0.3012414575,-0.0568105318,0.9518541098,-0.2762826383,0.9502046108,0.1441496313,-0.9126453400,-0.3064045906,0.2705452442,1,588.5,-525.5,1794.7,1,464.1,-260.3,1779.5,0,574.6,-307.2,1622.6,1,451.1,-778.3,2082.5,1,607.8,-848.3,1898.8,1,
10,0.6273651719,-0.0664426610,0.7758865356,-0.1881013066,0.9539183974,0.2337824702,-0.7556639910,-0.2926119268,0.5859587193,1,527.9,356.0,1631.4,1,0.6273651719,-0.0664426610,0.7758865356,-0.1881013066,0.9539183974,0.2337824702,-0.7556639910,-0.2926119268,0.5859587193,1,540.3,177.6,1686.1,1,0.6280772686,-0.0418944173,0.7770233750,-0.2006567717,0.9560589790,0.2137399912,-0.7518330812,-0.2901599407,0.5920740366,1,547.7,8.6,1737.4,1,-0.0000026226,-1.0000003576,0.0000000000,1.0000003576,-0.0000026226,0.0000000000,0.0000000000,0.0000000000,1.0000000000,0,462.0,202.6,1779.8,1,0.0000197291,-0.9999990463,0.0000000000,0.9999990463,0.0000197291,0.0000000000,-0.0000000000,0.0000000000,1.0000000000,0,462.0,-28.6,1779.8,0,0.1462015808,-0.3190342486,0.9363986254,-0.9884712100,-0.0094454475,0.1511137038,-0.0393657386,-0.9476961493,-0.3167371452,1,618.6,152.6,1592.4,1,-0.3002007604,-0.3327639699,0.8939505816,-0.9399917722,-0.0561163425,-0.3365507722,0.1621571928,-0.9413389564,-0.2959492207,1,652.2,-74.4,1583.3,1,0.7955065966,0.1887335777,0.5758029222,-0.2538203299,0.9666599035,0.0338215344,-0.5502223372,-0.1730557084,0.8168887496,1,503.9,-144.0,1850.0,1,0.7983467579,-0.0418329611,0.6007431746,-0.2745493650,0.8625903130,0.4249241650,-0.5359711051,-0.5041705370,0.6771609783,1,437.2,-485.7,1911.1,1,0.3156940341,0.0566300824,0.9471696019,-0.1964283586,0.9804943204,0.0068475492,-0.9283066392,-0.1882127076,0.3206599355,1,606.3,-176.8,1727.4,1,0.3235500157,-0.0610984899,0.9442363977,-0.2894449234,0.9436861873,0.1602434814,-0.9008535147,-0.3251512051,0.2876450419,1,586.3,-523.4,1793.9,1,462.0,-259.7,1779.8,0,577.0,-309.7,1623.9,1,451.4,-778.9,2082.5,1,607.1,-844.0,1904.4,1,
11,0.6500357985,-0.0629034862,0.7572966814,-0.1819632053,0.9546889067,0.2354895622,-0.7377941012,-0.2908764482,0.6091371775,1,528.6,355.5,1633.9,1,0.6500357985,-0.0629034862,0.7572966814,-0.1819632053,0.9546889067,0.2354895622,-0.7377941012,-0.2908764482,0.6091371775,1,540.3,177.7,1688.1,1,0.6506999135,-0.0394981876,0.7583080530,-0.1943599880,0.9567134380,0.2166111320,-0.7340375185,-0.2883332968,0.6148579121,1,547.3,8.6,1739.1,1,-0.0000026226,-1.0000003576,0.0000000000,1.0000003576,-0.0000026226,0.0000000000,0.0000000000,0.0000000000,1.0000000000,0,459.2,201.9,1779.6,1,0.0000197291,-0.9999990463,0.0000000000,0.9999990463,0.0000197291,0.0000000000,-0.0000000000,0.0000000000,1.0000000000,0,459.2,-29.2,1779.6,0,0.1491403431,-0.2917155325,0.9448065162,-0.9880899191,-0.0073558092,0.1537016034,-0.0378873274,-0.9564769268,-0.2893382311,1,621.5,153.5,1596.6,1,-0.2980864346,-0.3064689934,0.9040029049,-0.9421850443,-0.0574075878,-0.3301386833,0.1530738771,-0.9501478672,-0.2716381252,1,655.5,-72.2,1587.9,1,0.8122195005,0.1871387213,0.5525202751,-0.2490274012,0.9677386880,0.0383035950,-0.5275271535,-0.1687036157,0.8326188922,1,501.3,-144.7,1849.9,1,0.8143907785,-0.0427070893,0.5787432194,-0.2615863085,0.8632066250,0.4317950904,-0.5180156827,-0.5030412674,0.6918158531,1,435.1,-486.8,1909.5,1,0.3426069617,0.0717690587,0.9367335439,-0.2052812725,0.9787030220,0.0000962867,-0.9167770147,-0.1923268288,0.3500433266,1,607.4,-176.4,1730.2,1,0.3497857749,-0.0780416057,0.9335734248,-0.2759284675,0.9437369108,0.1822744757,-0.8952727318,-0.3213565350,0.3085718751,1,582.0,-522.3,1798.2,1,459.2,-260.4,1779.6,0,580.9,-308.0,1626.3,1,449.6,-780.2,2080.5,1,608.5,-843.0,1907.4,1,
12,0.6713634133,-0.0592815056,0.7387546897,-0.1679217815,0.9587038755,0.2295342982,-0.7218523026,-0.2781536579,0.6336853504,1,531.1,357.7,1637.2,1,0.6713634133,-0.0592815056,0.7387546897,-0.1679217815,0.9587038755,0.2295342982,-0.7218523026,-0.2781536579,0.6336853504,1,542.1,179.1,1689.0,1,0.6719400287,-0.0389826410,0.7395800352,-0.1791832447,0.9603872895,0.2134161592,-0.7186009288,-0.2759229243,0.6383389235,1,549.0,9.3,1737.8,1,-0.0000026226,-1.0000003576,0.0000000000,1.0000003576,-0.0000026226,0.0000000000,0.0000000000,0.0000000000,1.0000000000,0,458.3,201.4,1778.6,1,0.0000197291,-0.9999990463,0.0000000000,0.9999990463,0.0000197291,0.0000000000,-0.0000000000,0.0000000000,1.0000000000,0,458.3,-29.7,1778.6,0,0.1399830878,-0.2634494901,0.9544627070,-0.9897409678,-0.0093947984,0.1425639242,-0.0285914112,-0.9646273851,-0.2620618939,1,625.9,156.7,1599.4,1,-0.2922319472,-0.2786896229,0.9148401618,-0.9451009631,-0.0621147901,-0.3208205104,0.1462344527,-0.9583703279,-0.2452379465,1,658.2,-71.9,1592.8,1,0.8273251653,0.1782473326,0.5326920748,-0.2402066290,0.9695016742,0.0486546010,-0.5077733397,-0.1682093441,0.8449093699,1,501.1,-145.8,1845.1,1,0.8296155930,-0.0466417633,0.5563834906,-0.2538780868,0.8560159206,0.4503140450,-0.4972765744,-0.5148411393,0.6983227730,1,438.1,-488.5,1904.6,1,0.3674599528,0.0660765395,0.9276891947,-0.2125288546,0.9770458341,0.0145911183,-0.9054307342,-0.2025223374,0.3730683923,1,610.7,-175.0,1728.0,1,0.3704980612,-0.0601619147,0.9268828034,-0.2508939803,0.9543233514,0.1622315794,-0.8943060637,-0.2926558256,0.3384807110,1,587.3,-520.4,1799.5,1,458.3,-260.9,1778.6,0,585.0,-308.5,1629.4,1,453.9,-779.5,2079.6,1,607.7,-844.5,1899.0,1,
13,0.6890884042,-0.0645881295,0.7217944860,-0.1598218828,0.9579494596,0.2382994294,-0.7068319321,-0.2795676589,0.6497905254,1,530.7,356.7,1637.3,1,0.6890884042,-0.0645881295,0.7217944860,-0.1598218828,0.9579494596,0.2382994294,-0.7068319321,-0.2795676589,0.6497905254,1,542.7,178.4,1689.4,1,0.6896884441,-0.0435655639,0.7227956653,-0.1704643965,0.9603648782,0.2205404490,-0.7037535906,-0.2753148377,0.6549274325,1,550.4,8.6,1738.0,1,-0.0000026226,-1.0000003576,0.0000000000,1.0000003576,-0.0000026226,0.0000000000,0.0000000000,0.0000000000,1.0000000000,0,456.7,199.6,1777.1,1,0.0000197291,-0.9999990463,0.0000000000,0.9999990463,0.0000197291,0.0000000000,-0.0000000000,0.0000000000,1.0000000000,0,456.7,-31.5,1777.1,0,0.1462655067,-0.2416104525,0.9592866898,-0.9889559150,-0.0122603141,0.1477013826,-0.0239250362,-0.9702959061,-0.2407353818,1,628.7,157.1,1601.6,1,-0.2992662191,-0.2548820972,0.9194971323,-0.9444368482,-0.0581630468,-0.3235059381,0.1359366179,-0.9652213454,-0.2233138233,1,662.3,-70.4,1596.1,1,0.8364098072,0.1865289807,0.5153888464,-0.2551161647,0.9647322297,0.0648658350,-0.4851128757,-0.1857384294,0.8544979692,1,501.9,-147.2,1844.1,1,0.8366422653,-0.0596495531,0.5444920063,-0.2362855077,0.8575047255,0.4570062757,-0.4941646755,-0.5110063553,0.7033304572,1,435.9,-488.2,1909.7,1,0.3879352510,0.0755121335,0.9185881019,-0.2341136187,0.9720242620,0.0189653095,-0.8914577961,-0.2224113047,0.3947608769,1,614.3,-175.0,1729.3,1,0.3875556588,-0.0584138371,0.9199936986,-0.2225953192,0.9625290036,0.1548848301,-0.8945680261,-0.2648127973,0.3600308895,1,587.6,-518.5,1807.9,1,456.7,-262.7,1777.1,0,587.4,-306.8,1630.2,1,456.2,-779.7,2083.4,1,607.5,-845.5,1897.9,1,
14,0.7028430104,-0.0609883629,0.7087270021,-0.1512713730,0.9607134461,0.2326876521,-0.6950727701,-0.2707526684,0.6660060883,1,532.7,358.9,1639.9,1,0.7028430104,-0.0609883629,0.7087270021,-0.1512713730,0.9607134461,0.2326876521,-0.6950727701,-0.2707526684,0.6660060883,1,544.0,180.0,1690.3,1,0.7035219669,-0.0393573418,0.7095840573,-0.1642848253,0.9624128342,0.2162612528,-0.6914222836,-0.2687181532,0.6706140041,1,551.0,9.8,1737.8,1,-0.0000026226,-1.0000003576,0.0000000000,1.0000003576,-0.0000026226,0.0000000000,0.0000000000,0.0000000000,1.0000000000,0,456.3,200.4,1776.5,1,0.0000197291,-0.9999990463,0.0000000000,0.9999990463,0.0000197291,0.0000000000,-0.0000000000,0.0000000000,1.0000000000,0,456.3,-30.7,1776.5,0,0.1426462382,-0.2217410505,0.9646154642,-0.9895404577,-0.0107918512,0.1438513696,-0.0214877613,-0.9750458598,-0.2209611684,1,631.7,159.5,1604.1,1,-0.2995849848,-0.2375103533,0.9240333438,-0.9442796111,-0.0645755976,-0.3227474391,0.1363258660,-0.9692361355,-0.2049303353,1,664.8,-69.7,1599.1,1,0.8435940146,0.1906855106,0.5019844770,-0.2629204094,0.9617801905,0.0764973909,-0.4682117701,-0.1965146810,0.8614869714,1,500.6,-146.9,1841.7,1,0.8429999352,-0.0599943809,0.5345574617,-0.2251618952,0.8631561399,0.4519552290,-0.4885213375,-0.5013601780,0.7141321898,1,433.2,-486.8,1911.1,1,0.4042967856,0.0812887698,0.9110084772,-0.2423326075,0.9699660540,0.0209953468,-0.8819406629,-0.2292553633,0.4118530750,1,615.3,-173.7,1728.9,1,0.4030961990,-0.0386365317,0.9143417478,-0.1950186789,0.9725331068,0.1270713061,-0.8941372037,-0.2295356393,0.3844895363,1,586.5,-516.5,1810.0,1,456.3,-261.9,1776.5,0,589.8,-306.1,1633.3,1,453.6,-780.2,2081.6,1,599.7,-846.7,1887.9,1,
15,0.7077488899,-0.0586622804,0.7040255070,-0.1522357017,0.9604682922,0.2330704778,-0.6898646355,-0.2721329033,0.6708410978,1,532.6,360.6,1641.2,1,0.7077488899,-0.0586622804,0.7040255070,-0.1522357017,0.9604682922,0.2330704778,-0.6898646355,-0.2721329033,0.6708410978,1,543.6,181.1,1692.0,1,0.7083345652,-0.0379226133,0.7048586011,-0.1638960093,0.9624291062,0.2164839357,-0.6865840554,-0.2688663006,0.6755076647,1,550.3,11.0,1739.5,1,-0.0000026226,-1.0000003576,0.0000000000,1.0000003576,-0.0000026226,0.0000000000,0.0000000000,0.0000000000,1.0000000000,0,455.2,201.6,1777.7,1,0.0000197291,-0.9999990463,0.0000000000,0.9999990463,0.0000197291,0.0000000000,-0.0000000000,0.0000000000,1.0000000000,0,455.2,-29.6,1777.7,0,0.1507250220,-0.2150335759,0.9649054408,-0.9883226752,-0.0106922612,0.1520001292,-0.0223681126,-0.9765481353,-0.2141341418,1,631.9,160.7,1606.4,1,-0.2951258421,-0.2294616699,0.9274955988,-0.9466488957,-0.0612934045,-0.3163842857,0.1294474304,-0.9713858366,-0.1991303563,1,666.7,-67.2,1601.2,1,0.8465598226,0.1872647256,0.4982653856,-0.2642773390,0.9604187012,0.0880535319,-0.4620540738,-0.2062228471,0.8625416756,1,499.2,-145.8,1843.1,1,0.8462680578,-0.0521493368,0.5301985741,-0.2278240025,0.8641877174,0.4486376047,-0.4815872610,-0.5004597306,0.7194536924,1,433.0,-485.3,1916.0,1,0.4100261331,0.0917126983,0.9074510932,-0.2469021231,0.9689444900,0.0136335660,-0.8780193329,-0.2296416759,0.4199366570,1,614.7,-172.5,1731.1,1,0.4084397256,-0.0460467264,0.9116231203,-0.1980623007,0.9704608321,0.1377576441,-0.8910378218,-0.2368238568,0.3872545958,1,582.3,-515.0,1812.3,1,455.2,-260.8,1777.7,0,592.8,-304.2,1633.6,1,450.7,-779.0,2086.1,1,598.0,-844.7,1892.7,1,
16,0.7078419328,-0.0635561571,0.7035070062,-0.1481365860,0.9604389071,0.2358166873,-0.6906611323,-0.2711358368,0.6704251766,1,531.5,360.1,1642.8,1,0.7078419328,-0.0635561571,0.7035070062,-0.1481365860,0.9604389071,0.2358166873,-0.6906611323,-0.2711358368,0.6704251766,1,543.4,180.5,1693.5,1,0.7084612846,-0.0451440662,0.7043055296,-0.1590905637,0.9620494843,0.2216933221,-0.6875829101,-0.2691092491,0.6743940115,1,551.4,10.5,1741.1,1,-0.0000026226,-1.0000003576,0.0000000000,1.0000003576,-0.0000026226,0.0000000000,0.0000000000,0.0000000000,1.0000000000,0,455.1,200.4,1779.3,1,0.0000197291,-0.9999990463,0.0000000000,0.9999990463,0.0000197291,0.0000000000,-0.0000000000,0.0000000000,1.0000000000,0,455.1,-30.8,1779.3,0,0.1534640193,-0.2163118571,0.9641878009,-0.9879366755,-0.0131112002,0.1543025523,-0.0207358077,-0.9762364030,-0.2157144994,1,631.8,160.7,1607.7,1,-0.2898340821,-0.2304944545,0.9289072156,-0.9480330348,-0.0639699697,-0.3116748631,0.1312614828,-0.9709687233,-0.1999756843,1,667.0,-66.1,1603.0,1,0.8472157121,0.1818812042,0.4991440773,-0.2611356080,0.9607988000,0.0931332782,-0.4626378417,-0.2092482597,0.8614995480,1,501.6,-146.6,1844.7,1,0.8468037844,-0.0491414182,0.5296305418,-0.2225106061,0.8716841936,0.4366413951,-0.4831277430,-0.4875979722,0.7272109985,1,437.3,-486.3,1918.7,1,0.4104156196,0.0962580219,0.9068039656,-0.2448152602,0.9695377350,0.0078850752,-0.8784216642,-0.2252355963,0.4214788079,1,617.2,-172.6,1732.6,1,0.4079816341,-0.0565228462,0.9112387896,-0.1863277406,0.9719204903,0.1437098831,-0.8937745094,-0.2284200639,0.3859939277,1,583.1,-515.3,1812.2,1,455.0,-262.0,1779.3,0,594.4,-303.4,1635.8,1,454.0,-782.5,2084.4,1,602.3,-845.5,1889.8,1,
17,0.7022441626,-0.0612247661,0.7092999816,-0.1469958723,0.9623568058,0.2286009341,-0.6965937018,-0.2647975981,0.6668108702,1,532.1,361.9,1645.6,1,0.7022441626,-0.0612247661,0.7092999816,-0.1469958723,0.9623568058,0.2286009341,-0.6965937018,-0.2647975981,0.6668108702,1,543.6,181.8,1695.2,1,0.7028405666,-0.0450259373,0.7099221349,-0.1578056067,0.9632571936,0.2173241675,-0.6936209202,-0.2647736967,0.6699121594,1,551.5,11.6,1742.0,1,-0.0000026226,-1.0000003576,0.0000000000,1.0000003576,-0.0000026226,0.0000000000,0.0000000000,0.0000000000,1.0000000000,0,455.9,201.5,1781.7,1,0.0000197291,-0.9999990463,0.0000000000,0.9999990463,0.0000197291,0.0000000000,-0.0000000000,0.0000000000,1.0000000000,0,455.9,-29.7,1781.7,0,0.1536989510,-0.2228741050,0.9626545310,-0.9879046082,-0.0144266095,0.1543903649,-0.0205217712,-0.9747404456,-0.2223957032,1,631.3,162.1,1608.7,1,-0.2894932628,-0.2354054302,0.9277811646,-0.9483597279,-0.0607423782,-0.3113264740,0.1296435744,-0.9699972272,-0.2056645155,1,666.5,-64.6,1604.0,1,0.8424285054,0.1855510026,0.5058508515,-0.2644762993,0.9603518844,0.0881843120,-0.4694321156,-0.2080745399,0.8581016660,1,502.2,-145.8,1845.4,1,0.8416129947,-0.0541150644,0.5373630524,-0.2241106033,0.8702695966,0.4386402667,-0.4913877845,-0.4895941317,0.7203024030,1,436.6,-485.3,1918.9,1,0.4031071365,0.1078558639,0.9087747931,-0.2425524294,0.9701089859,-0.0075456705,-0.8824244142,-0.2173838466,0.4172185361,1,616.8,-171.6,1732.2,1,0.4005016685,-0.0685220137,0.9137302637,-0.1949608773,0.9679937363,0.1580455750,-0.8953148127,-0.2414392084,0.3743239939,1,578.7,-514.5,1809.1,1,455.9,-260.8,1781.7,0,594.1,-302.0,1636.4,1,455.0,-781.2,2085.4,1,602.0,-843.4,1891.1,1,
18,0.6880975366,-0.0585866384,0.7232502699,-0.1445841938,0.9656764865,0.2157805115,-0.7110657692,-0.2530483902,0.6560102105,1,533.9,365.3,1650.6,1,0.6880975366,-0.0585866384,0.7232502699,-0.1445841938,0.9656764865,0.2157805115,-0.7110657692,-0.2530483902,0.6560102105,1,544.8,184.7,1697.9,1,0.6886809468,-0.0424675159,0.7238208652,-0.1557381898,0.9663177729,0.2048718482,-0.7081394792,-0.2538176775,0.6588721275,1,552.3,13.9,1742.7,1,-0.0000026226,-1.0000003576,0.0000000000,1.0000003576,-0.0000026226,0.0000000000,0.0000000000,0.0000000000,1.0000000000,0,458.9,204.1,1786.2,1,0.0000197291,-0.9999990463,0.0000000000,0.9999990463,0.0000197291,0.0000000000,-0.0000000000,0.0000000000,1.0000000000,0,458.9,-27.0,1786.2,0,0.1515306979,-0.2393098027,0.9590460062,-0.9881637096,-0.0132216178,0.1528321505,-0.0238940939,-0.9708532691,-0.2384807467,1,630.7,165.3,1609.6,1,-0.2856667638,-0.2509518862,0.9248879552,-0.9493704438,-0.0575470105,-0.3088429868,0.1307292581,-0.9662874937,-0.2218070626,1,665.4,-60.8,1604.1,1,0.8312543035,0.1875065416,0.5233141184,-0.2673597932,0.9602171183,0.0806341171,-0.4873757362,-0.2069406062,0.8483162522,1,503.7,-144.2,1845.4,1,0.8303605318,-0.0586522296,0.5541312099,-0.2320875973,0.8676800132,0.4396210909,-0.5065933466,-0.4936509430,0.7068747878,1,437.4,-483.7,1918.5,1,0.3851807714,0.1080549285,0.9164932966,-0.2334539145,0.9722276926,-0.0165108033,-0.8928242326,-0.2075992972,0.3997092545,1,616.0,-169.6,1729.8,1,0.3849851489,-0.0540234335,0.9213403463,-0.2225617170,0.9633897543,0.1494871974,-0.8956856728,-0.2626053989,0.3588671982,1,577.8,-513.3,1803.2,1,458.9,-258.2,1786.2,0,593.9,-298.5,1636.8,1,457.3,-778.6,2086.3,1,596.2,-840.6,1892.4,1,
19,0.6785665154,-0.0555681847,0.7324351668,-0.1439289451,0.9677448869,0.2067633122,-0.7202979922,-0.2457210869,0.6486827731,1,534.5,365.7,1654.0,1,0.6785665154,-0.0555681847,0.7324351668,-0.1439289451,0.9677448869,0.2067633122,-0.7202979922,-0.2457210869,0.6486827731,1,544.9,185.1,1699.8,1,0.6790761948,-0.0402643010,0.7329637408,-0.1542271674,0.9683810472,0.1960842758,-0.7176814675,-0.2461988926,0.6513960361,1,552.0,14.0,1743.4,1,-0.0000026226,-1.0000003576,0.0000000000,1.0000003576,-0.0000026226,0.0000000000,0.0000000000,0.0000000000,1.0000000000,0,460.2,204.4,1789.4,1,0.0000197291,-0.9999990463,0.0000000000,0.9999990463,0.0000197291,0.0000000000,-0.0000000000,0.0000000000,1.0000000000,0,460.2,-26.8,1789.4,0,0.1562243998,-0.2519001961,0.9550603628,-0.9869111180,-0.0006464943,0.1612638831,-0.0400049649,-0.9677530527,-0.2487040907,1,629.6,165.9,1610.3,1,-0.2814151645,-0.2680542469,0.9213860631,-0.9496469498,-0.0600444078,-0.3075150847,0.1377548277,-0.9615308642,-0.2376594543,1,664.7,-56.0,1601.3,1,0.8240524530,0.1791002899,0.5374574661,-0.2665789723,0.9597022533,0.0889225826,-0.4998731017,-0.2165517509,0.8385893703,1,503.7,-144.6,1845.4,1,0.8239661455,-0.0430596583,0.5650005341,-0.2435024530,0.8734385371,0.4216771126,-0.5116505027,-0.4850266576,0.7091987729,1,440.4,-483.9,1922.0,1,0.3723126948,0.1036089733,0.9223061204,-0.2343558371,0.9720413685,-0.0145922899,-0.8980315924,-0.2107149065,0.3861847222,1,614.5,-169.8,1728.3,1,0.3729912341,-0.0380719602,0.9270535111,-0.2425812781,0.9604029655,0.1370418370,-0.8955623507,-0.2760011852,0.3489863575,1,577.9,-513.4,1802.8,1,460.2,-257.9,1789.4,0,594.3,-293.8,1635.8,1,455.0,-780.7,2086.8,1,590.8,-839.7,1896.6,1,
20,0.6638700366,-0.0586659350,0.7455443740,-0.1431875080,0.9685019851,0.2037108988,-0.7340102196,-0.2419900000,0.6345606446,1,534.9,366.6,1654.7,1,0.6638700366,-0.0586659350,0.7455443740,-0.1431875080,0.9685019851,0.2037108988,-0.7340102196,-0.2419900000,0.6345606446,1,545.9,186.0,1699.9,1,0.6644484401,-0.0442518517,0.7460238338,-0.1540746987,0.9686873555,0.1946859956,-0.7312772274,-0.2443020195,0.6368261576,1,553.7,14.8,1743.0,1,-0.0000026226,-1.0000003576,0.0000000000,1.0000003576,-0.0000026226,0.0000000000,0.0000000000,0.0000000000,1.0000000000,0,463.0,205.2,1791.1,1,0.0000197291,-0.9999990463,0.0000000000,0.9999990463,0.0000197291,0.0000000000,-0.0000000000,0.0000000000,1.0000000000,0,463.0,-25.9,1791.1,0,0.1541089267,-0.2709251046,0.9501842856,-0.9871501923,-0.0010965280,0.1597917229,-0.0422496833,-0.9625998735,-0.2676127255,1,628.8,166.8,1608.7,1,-0.2784577906,-0.2859759033,0.9168854952,-0.9499490261,-0.0587654635,-0.3068280518,0.1416266412,-0.9564331770,-0.2552988231,1,663.4,-55.1,1599.2,1,0.8125299811,0.1758973151,0.5557472706,-0.2728681564,0.9572526217,0.0959706232,-0.5151095390,-0.2296247780,0.8257932663,1,507.3,-143.9,1845.9,1,0.8124644756,-0.0390886813,0.5816988945,-0.2489145994,0.8789850473,0.4067269862,-0.5272030234,-0.4752445519,0.7044143677,1,445.2,-482.3,1927.0,1,0.3542327285,0.0998459831,0.9298118353,-0.2320943922,0.9725614190,-0.0160150044,-0.9058981538,-0.2101310492,0.3676867783,1,615.7,-169.0,1726.6,1,0.3558616042,-0.0448122472,0.9334637523,-0.2530367076,0.9569190145,0.1424026787,-0.8996306062,-0.2868762016,0.3291915655,1,580.4,-512.8,1800.9,1,463.0,-257.1,1791.1,0,593.7,-293.0,1634.6,1,458.4,-781.0,2088.6,1,595.7,-838.0,1898.4,1,
21,0.6475883722,-0.0569970943,0.7598567009,-0.1504573971,0.9679999948,0.2008367926,-0.7469865680,-0.2443854362,0.6182913184,1,535.4,365.9,1656.1,1,0.6475883722,-0.0569970943,0.7598567009,-0.1504573971,0.9679999948,0.2008367926,-0.7469865680,-0.2443854362,0.6182913184,1,546.0,185.6,1701.6,1,0.6480000019,-0.0447586551,0.7603250742,-0.1582921296,0.9685586691,0.1919234097,-0.7450078130,-0.2447196394,0.6205425262,1,553.9,14.4,1744.9,1,-0.0000026226,-1.0000003576,0.0000000000,1.0000003576,-0.0000026226,0.0000000000,0.0000000000,0.0000000000,1.0000000000,0,465.2,205.3,1794.5,1,0.0000197291,-0.9999990463,0.0000000000,0.9999990463,0.0000197291,0.0000000000,-0.0000000000,0.0000000000,1.0000000000,0,465.2,-25.8,1794.5,0,0.1599933952,-0.2923547626,0.9428312778,-0.9856105447,0.0054551288,0.1689443290,-0.0545349456,-0.9562944174,-0.2872751355,1,626.8,165.8,1608.7,1,-0.2732776701,-0.3091204762,0.9109137058,-0.9505236149,-0.0586537272,-0.3050650060,0.1477303356,-0.9492124319,-0.2777975202,1,662.3,-53.0,1596.6,1,0.7992212176,0.1833555698,0.5723865628,-0.2820346951,0.9553818703,0.0877614915,-0.5307561755,-0.2315736860,0.8152739406,1,509.0,-143.9,1848.9,1,0.7991796732,-0.0366180502,0.5999757051,-0.2574024200,0.8811456561,0.3966437578,-0.5431903005,-0.4714248776,0.6947681308,1,444.2,-481.7,1930.8,1,0.3327940404,0.1056388393,0.9370637536,-0.2442425787,0.9694519639,-0.0225484017,-0.9108203053,-0.2213669121,0.3484293520,1,614.7,-169.7,1727.4,1,0.3328673542,-0.0325117335,0.9424129725,-0.2322407365,0.9657946229,0.1153475270,-0.9139275551,-0.2572621405,0.3139309287,1,577.3,-512.4,1805.6,1,465.2,-257.0,1794.5,0,593.9,-291.0,1633.6,1,456.6,-781.2,2091.0,1,588.4,-840.5,1893.0,1,
22,0.6256950498,-0.0622923486,0.7775774598,-0.1527156383,0.9677344561,0.2004114091,-0.7649708986,-0.2441445142,0.5959952474,1,533.6,365.3,1657.8,1,0.6256950498,-0.0622923486,0.7775774598,-0.1527156383,0.9677344561,0.2004114091,-0.7649708986,-0.2441445142,0.5959952474,1,545.2,184.9,1703.3,1,0.6263598800,-0.0486584082,0.7780148387,-0.1643110514,0.9673846364,0.1927839071,-0.7620183825,-0.2485883683,0.5979374051,1,553.8,13.9,1747.2,1,-0.0000026226,-1.0000003576,0.0000000000,1.0000003576,-0.0000026226,0.0000000000,0.0000000000,0.0000000000,1.0000000000,0,467.1,205.4,1798.3,1,0.0000197291,-0.9999990463,0.0000000000,0.9999990463,0.0000197291,0.0000000000,-0.0000000000,0.0000000000,1.0000000000,0,467.1,-25.7,1798.3,0,0.1678981036,-0.3201363683,0.9323748946,-0.9836612940,0.0079259090,0.1798549145,-0.0649680197,-0.9473384023,-0.3135749698,1,623.3,164.5,1608.3,1,-0.2712629139,-0.3389028311,0.9008670449,-0.9488705993,-0.0628225356,-0.3093509972,0.1614346653,-0.9387217164,-0.3045334816,1,660.4,-52.7,1593.9,1,0.7837774754,0.1862908900,0.5924428105,-0.2841591835,0.9558092356,0.0753811672,-0.5522195101,-0.2274301350,0.8020779490,1,511.3,-143.7,1853.3,1,0.7839452028,-0.0362635553,0.6197698712,-0.2674143314,0.8812125921,0.3898126185,-0.5602850318,-0.4713271260,0.6811250448,1,445.5,-481.5,1933.7,1,0.3082871437,0.1070317402,0.9452529550,-0.2323344648,0.9720313549,-0.0342897326,-0.9224855900,-0.2090437710,0.3245319128,1,613.5,-170.5,1729.0,1,0.3093702793,-0.0300345141,0.9504671693,-0.2494776398,0.9619284272,0.1115998775,-0.9176332355,-0.2716460228,0.2900991440,1,575.6,-514.1,1802.9,1,467.1,-256.9,1798.3,0,592.5,-290.3,1634.3,1,457.8,-781.1,2093.9,1,585.9,-840.9,1895.2,1,
23,0.6072361469,-0.0659448132,0.7917809486,-0.1609150171,0.9656878710,0.2038380802,-0.7780535221,-0.2511871159,0.5757908225,1,532.7,364.8,1656.6,1,0.6072361469,-0.0659448132,0.7917809486,-0.1609150171,0.9656878710,0.2038380802,-0.7780535221,-0.2511871159,0.5757908225,1,545.0,184.7,1703.5,1,0.6078315973,-0.0512021855,0.7924143672,-0.1707347631,0.9661500454,0.1933918595,-0.7754914761,-0.2528421879,0.5785163045,1,554.1,13.9,1748.2,1,-0.0000026226,-1.0000003576,0.0000000000,1.0000003576,-0.0000026226,0.0000000000,0.0000000000,0.0000000000,1.0000000000,0,469.2,205.9,1800.2,1,0.0000197291,-0.9999990463,0.0000000000,0.9999990463,0.0000197291,0.0000000000,-0.0000000000,0.0000000000,1.0000000000,0,469.2,-25.2,1800.2,0,0.1662435085,-0.3422605693,0.9247815609,-0.9839275479,0.0044241808,0.1785133034,-0.0651894584,-0.9395947456,-0.3360241055,1,620.8,163.4,1606.8,1,-0.2792515457,-0.3598277867,0.8902485967,-0.9452205896,-0.0602100492,-0.3208312988,0.1690459102,-0.9310739636,-0.3233029246,1,657.5,-54.1,1592.4,1,0.7716345787,0.1880036891,0.6076469421,-0.2800529897,0.9581586123,0.0591810755,-0.5710958838,-0.2158394903,0.7919992805,1,513.6,-143.0,1856.1,1,0.7723052502,-0.0264826752,0.6346993446,-0.2773627937,0.8848069310,0.3744148314,-0.5715019107,-0.4652044475,0.6759958267,1,447.1,-481.7,1932.4,1,0.2875421345,0.1113397330,0.9512743950,-0.2235411555,0.9735902548,-0.0463817641,-0.9313156009,-0.1993122697,0.3048372567,1,612.7,-170.8,1729.6,1,0.2893984616,-0.0328405052,0.9566452503,-0.2565430999,0.9601874948,0.1105699390,-0.9221900105,-0.2774194777,0.2694517672,1,573.3,-515.0,1800.1,1,469.2,-256.4,1800.2,0,587.6,-290.7,1634.7,1,456.1,-782.4,2090.5,1,584.5,-841.3,1894.4,1,
