1,0.5567793846,0.0285768677,0.8301686049,-0.1603590846,0.9843027592,0.0736679360,-0.8150337338,-0.1741416454,0.5526238084,1,457.1,330.2,1254.8,1,0.5567793846,0.0285768677,0.8301686049,-0.1603590846,0.9843027592,0.0736679360,-0.8150337338,-0.1741416454,0.5526238084,1,451.2,127.2,1290.7,1,0.5567287207,0.0648932531,0.8281557560,-0.1614283770,0.9863871336,0.0312286373,-0.8148572445,-0.1510735452,0.5596274137,1,438.4,-66.7,1320.4,1,0.0016162992,-0.9999958873,-0.0023891481,0.9999898076,0.0016061664,0.0042328928,-0.0042290380,-0.0023959654,0.9999881983,0,374.0,149.6,1403.7,1,0.0110297799,-0.9992793798,-0.0363125652,0.9999377728,0.0110768080,-0.0010932051,0.0014946330,-0.0362982564,0.9993398786,0,373.6,-107.7,1404.8,0,-0.0000013113,1.0000001192,0.0000000000,-1.0000001192,-0.0000013113,-0.0000000000,-0.0000000000,-0.0000000000,1.0000000000,0,528.4,104.8,1177.8,1,0.0000170469,0.9999990463,0.0000000000,-0.9999990463,0.0000170469,-0.0000000000,-0.0000000000,-0.0000000000,1.0000000000,0,528.4,-152.5,1177.8,0,0.5617777705,0.1586075276,0.8119416833,-0.4137760401,0.9037390351,0.1097497344,-0.7163762450,-0.3976170123,0.5733285546,0,375.4,-246.0,1423.7,0,0.6161928177,0.1430222243,0.7745005488,-0.2241132557,0.9745616913,-0.0016617349,-0.7550362349,-0.1725518852,0.6325711012,0,313.0,-601.7,1580.2,0,0.5617777705,0.1586075276,0.8119416833,-0.4137760401,0.9037390351,0.1097497344,-0.7163762450,-0.3976170123,0.5733285546,1,476.0,-275.2,1276.5,1,0.6161928177,0.1430222243,0.7745005488,-0.2241132557,0.9745616913,-0.0016617349,-0.7550362349,-0.1725518852,0.6325711012,0,413.6,-630.8,1433.0,1,370.8,-365.0,1404.4,0,528.4,-409.8,1177.8,0,258.9,-970.5,1645.5,0,359.4,-999.6,1498.3,0,
2,0.5618808866,0.0311770923,0.8266303539,-0.1571090966,0.9851199389,0.0696367919,-0.8121606708,-0.1689985096,0.5584200621,1,458.6,332.9,1254.6,1,0.5618808866,0.0311770923,0.8266303539,-0.1571090966,0.9851199389,0.0696367919,-0.8121606708,-0.1689985096,0.5584200621,1,452.2,129.5,1289.5,1,0.5616153479,0.0691108257,0.8245069981,-0.1623296589,0.9863390923,0.0278958734,-0.8113172650,-0.1495085061,0.5651636720,1,438.6,-64.4,1318.9,1,0.0012919903,-0.9999974966,-0.0019118676,0.9999935627,0.0012854934,0.0033860123,-0.0033835454,-0.0019162302,0.9999924302,0,374.3,152.0,1401.9,1,0.0099295974,-0.9994164705,-0.0326820165,0.9999498129,0.0099676847,-0.0010019857,0.0013271663,-0.0326704308,0.9994652867,0,374.0,-105.3,1402.8,0,-0.0000013113,1.0000001192,0.0000000000,-1.0000001192,-0.0000013113,-0.0000000000,-0.0000000000,-0.0000000000,1.0000000000,0,530.0,107.0,1177.0,1,0.0000170469,0.9999990463,0.0000000000,-0.9999990463,0.0000170469,-0.0000000000,-0.0000000000,-0.0000000000,1.0000000000,0,530.0,-150.3,1177.0,0,-0.4964183867,0.2275391221,-0.8377318978,0.4282488227,0.9036223888,-0.0083333254,0.7550970912,-0.3628944159,-0.5460182428,1,374.1,-243.6,1421.7,1,-0.9728621244,0.0005471244,0.2313845158,0.0002955058,0.9999992251,-0.0011221046,-0.2313849479,-0.0010232775,-0.9728617668,0,284.6,-599.2,1564.6,1,0.5676187277,0.0815427005,0.8192434311,-0.3970103562,0.8988512158,0.1856051236,-0.7212432027,-0.4306010604,0.5425781012,1,475.9,-273.0,1274.8,1,0.6386160851,0.0691713318,0.7664102912,-0.1083915681,0.9941081405,0.0005960510,-0.7618534565,-0.0834530741,0.6423509717,0,443.8,-626.7,1444.2,1,371.4,-362.6,1402.5,0,530.0,-407.6,1177.0,0,284.4,-977.6,1564.9,0,417.6,-1002.9,1475.8,0,
3,0.5664905906,0.0345414840,0.8233439922,-0.1606268138,0.9845824838,0.0692117587,-0.8082610965,-0.1714586765,0.5633067489,1,460.1,331.6,1252.5,1,0.5664905906,0.0345414840,0.8233439922,-0.1606268138,0.9845824838,0.0692117587,-0.8082610965,-0.1714586765,0.5633067489,1,453.0,128.5,1287.8,1,0.5663717985,0.0698682964,0.8211829066,-0.1628688127,0.9862352610,0.0284199137,-0.8078955412,-0.1498411149,0.5699569583,1,439.2,-65.4,1317.3,1,0.0010328293,-0.9999984503,-0.0015298452,0.9999959469,0.0010287166,0.0027086153,-0.0027070369,-0.0015326366,0.9999951720,0,374.5,151.0,1399.8,1,0.0089386702,-0.9995273948,-0.0294145048,0.9999594092,0.0089694858,-0.0009164568,0.0011798590,-0.0294051170,0.9995668530,0,374.2,-106.3,1400.5,0,-0.0000013113,1.0000001192,0.0000000000,-1.0000001192,-0.0000013113,-0.0000000000,-0.0000000000,-0.0000000000,1.0000000000,0,531.5,105.9,1175.8,1,0.0000170469,0.9999990463,0.0000000000,-0.9999990463,0.0000170469,-0.0000000000,-0.0000000000,-0.0000000000,1.0000000000,0,531.5,-151.4,1175.8,0,-0.5036395192,0.2240857184,-0.8343456984,0.4182347953,0.9082990885,-0.0085129142,0.7559276819,-0.3532398343,-0.5511757731,1,374.1,-244.5,1420.0,1,-0.9718372822,0.0002735609,0.2356527746,0.0001452881,0.9999998808,-0.0005616925,-0.2356528938,-0.0005116363,-0.9718371034,0,285.9,-602.0,1559.0,1,0.5728539824,0.0466943532,0.8183262944,-0.3842402399,0.8971780539,0.2177864760,-0.7240149975,-0.4391937554,0.5318939090,1,476.9,-274.1,1273.5,1,0.6471310258,0.0338655151,0.7616261244,-0.0530637279,0.9985908866,0.0006845870,-0.7605296969,-0.0408577472,0.6480162144,0,458.5,-627.1,1446.3,1,371.9,-363.6,1400.2,0,531.5,-408.7,1175.8,0,285.8,-980.4,1559.2,0,445.7,-1005.0,1461.8,0,
4,0.5753197074,0.0302069820,0.8173705935,-0.1592382789,0.9843301177,0.0757058114,-0.8022773862,-0.1737114936,0.5711163282,1,459.5,330.8,1249.9,1,0.5753197074,0.0302069820,0.8173705935,-0.1592382789,0.9843301177,0.0757058114,-0.8022773862,-0.1737114936,0.5711163282,1,453.3,127.6,1285.7,1,0.5754750967,0.0608105212,0.8155552745,-0.1558728665,0.9871037006,0.0363861173,-0.8028266430,-0.1480620503,0.5775340199,1,441.3,-66.4,1314.9,1,0.0008257031,-0.9999991655,-0.0012241006,0.9999976158,0.0008230805,0.0021667678,-0.0021657578,-0.0012258870,0.9999969006,0,373.5,149.2,1397.0,1,0.0080462694,-0.9996171594,-0.0264735129,0.9999671578,0.0080712438,-0.0008366955,0.0010500513,-0.0264659077,0.9996491671,0,373.3,-108.1,1397.6,0,-0.0000013113,1.0000001192,0.0000000000,-1.0000001192,-0.0000013113,-0.0000000000,-0.0000000000,-0.0000000000,1.0000000000,0,533.0,106.0,1174.5,1,0.0000170469,0.9999990463,0.0000000000,-0.9999990463,0.0000170469,-0.0000000000,-0.0000000000,-0.0000000000,1.0000000000,0,533.0,-151.3,1174.5,0,-0.5157744884,0.2183255851,-0.8284386396,0.4097038209,0.9121001959,-0.0147023201,0.7524091005,-0.3469976187,-0.5598868132,1,377.1,-246.3,1416.8,1,-0.9695826769,0.0001367801,0.2447638363,0.0000700837,0.9999998808,-0.0002812023,-0.2447638512,-0.0002554949,-0.9695827365,0,291.2,-605.3,1553.4,1,0.5830817223,0.0308025572,0.8118292689,-0.3887819946,0.8880074620,0.2455427796,-0.7133470774,-0.4587961733,0.5297564268,1,481.6,-274.6,1271.1,1,0.6633376479,0.0167397149,0.7481330037,-0.0262167994,0.9996559024,0.0008776973,-0.7478609085,-0.0201958604,0.6635482907,0,469.4,-624.1,1451.7,1,371.2,-365.4,1397.3,0,533.0,-408.6,1174.5,0,291.1,-983.7,1553.5,0,463.1,-1002.4,1459.3,0,
5,0.5768426657,0.0307471249,0.8162764907,-0.1598138362,0.9842247963,0.0758637413,-0.8010684848,-0.1742134541,0.5726582408,1,459.8,329.7,1248.6,1,0.5768426657,0.0307471249,0.8162764907,-0.1598138362,0.9842247963,0.0758637413,-0.8010684848,-0.1742134541,0.5726582408,1,453.4,126.5,1284.6,1,0.5767773390,0.0646936223,0.8143357038,-0.1611623168,0.9862755537,0.0357951336,-0.8008453250,-0.1518858522,0.5792891979,1,440.7,-67.4,1314.4,1,0.0006601810,-0.9999994040,-0.0009794242,0.9999983311,0.0006584525,0.0017333343,-0.0017326882,-0.0009805670,0.9999980330,0,373.5,148.9,1395.6,1,0.0072427988,-0.9996898174,-0.0238264613,0.9999732971,0.0072630644,-0.0007626507,0.0009354670,-0.0238203015,0.9997158051,0,373.3,-108.5,1396.0,0,-0.0000013113,1.0000001192,0.0000000000,-1.0000001192,-0.0000013113,-0.0000000000,-0.0000000000,-0.0000000000,1.0000000000,0,533.4,104.2,1173.6,1,0.0000170469,0.9999990463,0.0000000000,-0.9999990463,0.0000170469,-0.0000000000,-0.0000000000,-0.0000000000,1.0000000000,0,533.4,-153.1,1173.6,0,-0.5190976858,0.2139133513,-0.8275135756,0.4016312361,0.9156746864,-0.0152393878,0.7544732690,-0.3402659893,-0.5612388849,1,375.7,-246.6,1417.0,1,-0.9694899321,0.0000683900,0.2451310009,0.0000349886,1.0000000000,-0.0001406142,-0.2451310158,-0.0001277473,-0.9694899321,0,291.5,-607.0,1550.9,1,0.5828533769,0.0248581115,0.8121970296,-0.4085322320,0.8729853630,0.2664545476,-0.7024125457,-0.4871126413,0.5189777613,1,480.4,-275.9,1271.6,1,0.6724391580,0.0083202282,0.7401056290,-0.0130244931,0.9999150038,0.0005926962,-0.7400377989,-0.0100380536,0.6724903584,0,470.6,-619.4,1463.3,1,371.5,-365.8,1395.8,0,533.4,-410.4,1173.6,0,291.4,-985.4,1550.9,0,467.4,-997.8,1467.1,0,
6,0.5768839121,0.0292997211,0.8163005114,-0.1621935219,0.9835627675,0.0793202445,-0.8005603552,-0.1781569719,0.5721553564,1,460.1,329.2,1246.0,1,0.5768839121,0.0292997211,0.8163005114,-0.1621935219,0.9835627675,0.0793202445,-0.8005603552,-0.1781569719,0.5721553564,1,454.1,125.9,1282.8,1,0.5767375231,0.0655278489,0.8142972589,-0.1652338505,0.9855297804,0.0377222523,-0.8000439405,-0.1563051045,0.5792210102,1,441.2,-67.9,1313.5,1,0.0005278587,-0.9999995828,-0.0007836310,0.9999989867,0.0005267859,0.0013866161,-0.0013862025,-0.0007843623,0.9999987483,0,374.1,148.8,1393.7,1,0.0065198541,-0.9997485876,-0.0214440040,0.9999781847,0.0065361857,-0.0006941780,0.0008341623,-0.0214390140,0.9997698069,0,374.0,-108.6,1394.1,0,-0.0000013113,1.0000001192,0.0000000000,-1.0000001192,-0.0000013113,-0.0000000000,-0.0000000000,-0.0000000000,1.0000000000,0,534.0,103.0,1171.9,1,0.0000170469,0.9999990463,0.0000000000,-0.9999990463,0.0000170469,-0.0000000000,-0.0000000000,-0.0000000000,1.0000000000,0,534.0,-154.4,1171.9,0,-0.5212828517,0.2148865461,-0.8258862495,0.3977558911,0.9174081087,-0.0123559833,0.7550196648,-0.3349420428,-0.5637014508,1,375.9,-246.6,1416.9,1,-0.9691103697,0.0000341950,0.2466275990,0.0000173857,1.0000000000,-0.0000703340,-0.2466275990,-0.0000638736,-0.9691103697,0,291.4,-607.6,1548.7,1,0.5828100443,0.0065480592,0.8125820756,-0.4019244909,0.8714095354,0.2812510729,-0.7062501311,-0.4905125499,0.5104980469,1,480.7,-276.6,1271.6,1,0.6721412539,0.0041475897,0.7404112816,-0.0064927395,0.9999788404,0.0002924538,-0.7403944135,-0.0050038677,0.6721540093,0,478.1,-619.6,1464.7,1,372.3,-365.9,1393.8,0,534.0,-411.7,1171.9,0,291.4,-986.1,1548.7,0,476.5,-997.9,1466.5,0,
7,0.5768581629,0.0246635154,0.8164719939,-0.1653462052,0.9823748469,0.0871468335,-0.7999337316,-0.1852716953,0.5707704425,1,459.3,328.0,1242.2,1,0.5768581629,0.0246635154,0.8164719939,-0.1653462052,0.9823748469,0.0871468335,-0.7999337316,-0.1852716953,0.5707704425,1,454.2,124.9,1280.5,1,0.5766077042,0.0637709126,0.8145286441,-0.1709163040,0.9843027592,0.0439296737,-0.7989429235,-0.1645462364,0.5784575939,1,441.7,-68.6,1312.8,1,0.0004220605,-0.9999998212,-0.0006269636,0.9999993443,0.0004213452,0.0011092600,-0.0011089954,-0.0006274314,0.9999991655,0,374.3,148.6,1391.2,1,0.0058692098,-0.9997963309,-0.0192997158,0.9999822974,0.0058824420,-0.0006310679,0.0007444648,-0.0192956757,0.9998135567,0,374.2,-108.8,1391.5,0,-0.0000013113,1.0000001192,0.0000000000,-1.0000001192,-0.0000013113,-0.0000000000,-0.0000000000,-0.0000000000,1.0000000000,0,534.1,101.2,1169.7,1,0.0000170469,0.9999990463,0.0000000000,-0.9999990463,0.0000170469,-0.0000000000,-0.0000000000,-0.0000000000,1.0000000000,0,534.1,-156.1,1169.7,0,-0.5230057240,0.2273418307,-0.8214504123,0.4040427506,0.9147308469,-0.0040903986,0.7504761815,-0.3340403140,-0.5702653527,1,376.8,-246.6,1417.7,1,-0.9674258232,0.0000170975,0.2531545460,0.0000084556,1.0000000000,-0.0000352248,-0.2531545460,-0.0000319368,-0.9674258232,0,287.3,-606.6,1549.2,1,-0.1740633100,0.0005632639,-0.9847344160,0.4978433549,0.8628410697,-0.0875060856,0.8496199846,-0.5054749846,-0.1504694372,1,481.5,-277.6,1272.6,1,-0.9999949336,0.0020705943,-0.0024357054,0.0020766666,0.9999947548,-0.0024930763,0.0024305305,-0.0024981215,-0.9999939799,0,481.3,-617.2,1471.5,1,372.7,-366.1,1391.3,0,534.2,-413.4,1169.7,0,287.3,-985.0,1549.2,0,480.5,-995.6,1472.5,0,
8,0.5741930604,0.0241629500,0.8183633685,-0.1675800085,0.9818670154,0.0885901228,-0.8013850451,-0.1880089343,0.5678318739,1,459.7,327.5,1240.2,1,0.5741930604,0.0241629500,0.8183633685,-0.1675800085,0.9818670154,0.0885901228,-0.8013850451,-0.1880089343,0.5678318739,1,454.7,124.3,1279.1,1,0.5738861561,0.0641342923,0.8164200187,-0.1744108945,0.9836260080,0.0453296676,-0.8001463413,-0.1684064269,0.5756766200,1,442.1,-69.0,1312.2,1,0.0003374815,-0.9999998808,-0.0005016084,0.9999996424,0.0003370643,0.0008873869,-0.0008872176,-0.0005019077,0.9999994636,0,375.1,148.5,1390.0,1,0.0052831173,-0.9998351336,-0.0173698105,0.9999858141,0.0052938461,-0.0005730689,0.0006649261,-0.0173665360,0.9998489618,0,375.0,-108.8,1390.3,0,-0.0000013113,1.0000001192,0.0000000000,-1.0000001192,-0.0000013113,-0.0000000000,-0.0000000000,-0.0000000000,1.0000000000,0,534.2,100.2,1168.2,1,0.0000170469,0.9999990463,0.0000000000,-0.9999990463,0.0000170469,-0.0000000000,-0.0000000000,-0.0000000000,1.0000000000,0,534.2,-157.1,1168.2,0,-0.5229222775,0.2331730723,-0.8198674917,0.4015378952,0.9158321023,0.0043595135,0.7518773675,-0.3269281387,-0.5725367665,1,377.3,-246.5,1418.0,1,-0.9672716856,0.0000085487,0.2537432313,0.0000041761,1.0000000000,-0.0000177710,-0.2537432313,-0.0000161297,-0.9672716856,0,285.6,-606.9,1546.7,1,-0.1704772115,0.0003512800,-0.9853616953,0.4876792431,0.8689664602,-0.0840635300,0.8562165499,-0.4948712885,-0.1483102292,1,481.6,-278.2,1272.7,1,-0.9999851584,0.0010344647,-0.0053625824,0.0010411420,0.9999987483,-0.0012425402,0.0053612906,-0.0012481050,-0.9999848604,0,481.4,-620.2,1467.4,1,373.7,-366.1,1390.1,0,534.2,-414.5,1168.2,0,285.6,-985.4,1546.7,0,481.0,-998.6,1467.9,0,
9,0.5763373375,0.0243802425,0.8168482184,-0.1689090282,0.9815219045,0.0898812041,-0.7995646596,-0.1897747368,0.5698072910,1,460.1,327.7,1239.3,1,0.5763373375,0.0243802425,0.8168482184,-0.1689090282,0.9815219045,0.0898812041,-0.7995646596,-0.1897747368,0.5698072910,1,455.1,124.7,1278.5,1,0.5759979486,0.0638324544,0.8149551749,-0.1764686704,0.9831458330,0.0477194265,-0.7981752753,-0.1713001877,0.5775559545,1,442.6,-68.6,1312.2,1,0.0002697706,-1.0000000000,-0.0004013109,0.9999998808,0.0002694726,0.0007098962,-0.0007097878,-0.0004015023,0.9999996424,0,375.3,149.2,1389.2,1,0.0047553778,-0.9998664856,-0.0156328622,0.9999885559,0.0047640800,-0.0005199015,0.0005943081,-0.0156302117,0.9998776913,0,375.2,-108.2,1389.4,0,-0.0000013113,1.0000001192,0.0000000000,-1.0000001192,-0.0000013113,-0.0000000000,-0.0000000000,-0.0000000000,1.0000000000,0,534.9,100.2,1167.9,1,0.0000170469,0.9999990463,0.0000000000,-0.9999990463,0.0000170469,-0.0000000000,-0.0000000000,-0.0000000000,1.0000000000,0,534.9,-157.1,1167.9,0,-0.5262165070,0.2365435958,-0.8167886138,0.4013139009,0.9159161448,0.0067044795,0.7496957183,-0.3242605329,-0.5768983364,1,377.7,-245.8,1418.4,1,-0.9660601616,0.0000042744,0.2583173811,0.0000019627,1.0000000000,-0.0000092069,-0.2583173811,-0.0000083874,-0.9660601616,0,284.6,-606.3,1546.0,1,-0.1715121418,-0.0072107613,-0.9851556420,0.4883561730,0.8678475618,-0.0913732052,0.8556237221,-0.4967785180,-0.1453249156,1,482.3,-277.9,1273.4,1,-0.9999737740,0.0005169936,-0.0072229677,0.0005214835,0.9999997020,-0.0006197399,0.0072226450,-0.0006234904,-0.9999737144,0,485.2,-619.4,1468.9,1,374.0,-365.5,1389.2,0,534.9,-414.4,1167.9,0,284.6,-984.7,1546.0,0,485.0,-997.8,1469.1,0,
10,0.5427088737,0.0123898704,0.8398295045,-0.1757466942,0.9794296026,0.0991210490,-0.8213273883,-0.2013909519,0.5337241292,1,460.6,327.3,1237.3,1,0.5427088737,0.0123898704,0.8398295045,-0.1757466942,0.9794296026,0.0991210490,-0.8213273883,-0.2013909519,0.5337241292,1,458.1,125.2,1278.9,1,0.5426808596,0.0566276163,0.8380280137,-0.1765451729,0.9831236601,0.0478933267,-0.8211746812,-0.1739404351,0.5435212255,1,447.0,-68.1,1313.1,1,0.0002154708,-1.0000000000,-0.0003210642,0.9999999404,0.0002152920,0.0005679083,-0.0005678391,-0.0003211866,0.9999997616,0,382.9,149.7,1392.7,1,0.0042802095,-0.9998917580,-0.0140695889,0.9999905825,0.0042872429,-0.0004712651,0.0005315323,-0.0140674412,0.9999009371,0,382.8,-107.7,1392.8,0,-0.0000013113,1.0000001192,0.0000000000,-1.0000001192,-0.0000013113,-0.0000000000,-0.0000000000,-0.0000000000,1.0000000000,0,533.3,100.7,1165.1,1,0.0000170469,0.9999990463,0.0000000000,-0.9999990463,0.0000170469,-0.0000000000,-0.0000000000,-0.0000000000,1.0000000000,0,533.3,-156.6,1165.1,0,-0.4960365891,0.2376083136,-0.8351588249,0.4033508003,0.9148111343,0.0207026899,0.7689317465,-0.3265926242,-0.5496193767,1,386.5,-245.3,1421.8,1,-0.9745118618,0.0000020969,0.2243361324,0.0000011026,1.0000000000,-0.0000045572,-0.2243361324,-0.0000041937,-0.9745118618,0,293.0,-605.3,1550.4,1,-0.1391044557,-0.0102883875,-0.9902242422,0.4881778657,0.8692866564,-0.0776100159,0.8615870476,-0.4942014813,-0.1158990711,1,485.1,-277.4,1272.7,1,-0.9992138147,0.0002584472,-0.0396435447,0.0002706003,0.9999998212,-0.0003011946,0.0396434590,-0.0003116853,-0.9992138743,0,489.2,-619.5,1467.2,1,381.7,-365.0,1392.7,0,533.3,-413.9,1165.1,0,293.0,-983.7,1550.4,0,489.1,-997.9,1467.3,0,
11,0.5470463037,0.0201099366,0.8368608952,-0.1778035760,0.9796882868,0.0926865712,-0.8180004954,-0.1995004863,0.5395119786,1,461.4,325.9,1236.8,1,0.5470463037,0.0201099366,0.8368608952,-0.1778035760,0.9796882868,0.0926865712,-0.8180004954,-0.1995004863,0.5395119786,1,457.3,124.6,1277.8,1,0.5470664501,0.0575417094,0.8351092339,-0.1772937924,0.9829634428,0.0484131984,-0.8180976510,-0.1745447665,0.5479496717,1,446.0,-68.6,1312.1,1,0.0001719594,-1.0000001192,-0.0002568613,1.0000001192,0.0001718402,0.0004543212,-0.0004542770,-0.0002569395,0.9999998808,0,381.5,149.2,1391.2,1,0.0038528442,-0.9999120831,-0.0126626268,0.9999921918,0.0038585663,-0.0004268531,0.0004756716,-0.0126608871,0.9999197125,0,381.4,-108.2,1391.3,0,-0.0000013113,1.0000001192,0.0000000000,-1.0000001192,-0.0000013113,-0.0000000000,-0.0000000000,-0.0000000000,1.0000000000,0,533.1,100.0,1164.4,1,0.0000170469,0.9999990463,0.0000000000,-0.9999990463,0.0000170469,-0.0000000000,-0.0000000000,-0.0000000000,1.0000000000,0,533.1,-157.3,1164.4,0,-0.5037925243,0.2728202045,-0.8196111917,0.4051586092,0.9126065969,0.0547353029,0.7629154325,-0.3044972718,-0.5702997446,1,385.0,-245.8,1420.7,1,-0.9699603915,0.0000009678,0.2432627380,0.0000004679,1.0000000000,-0.0000021128,-0.2432627380,-0.0000019356,-0.9699603915,0,277.7,-604.9,1540.5,1,-0.1928408891,-0.0059472322,-0.9812120795,0.4970771670,0.8615815639,-0.1029143929,0.8460063934,-0.5075841546,-0.1631919295,1,484.3,-278.0,1272.2,1,-0.9999287128,0.0001292112,-0.0119384006,0.0001310584,0.9999999404,-0.0001539514,0.0119383801,-0.0001555051,-0.9999287724,0,486.7,-617.0,1472.0,1,380.4,-365.5,1391.2,0,533.1,-414.6,1164.4,0,277.7,-983.3,1540.5,0,486.6,-995.4,1472.0,0,
12,0.5468012691,0.0183360521,0.8370617032,-0.1751181483,0.9801493287,0.0929241180,-0.8187433481,-0.1973955184,0.5391594768,1,461.2,326.5,1236.1,1,0.5468012691,0.0183360521,0.8370617032,-0.1751181483,0.9801493287,0.0929241180,-0.8187433481,-0.1973955184,0.5391594768,1,457.4,124.4,1276.8,1,0.5466853976,0.0569713302,0.8353977799,-0.1781388372,0.9827537537,0.0495540388,-0.8181688190,-0.1759071201,0.5474075079,1,446.2,-68.8,1311.4,1,0.0001374483,-1.0000001192,-0.0002054953,1.0000001192,0.0001373887,0.0003634535,-0.0003634252,-0.0002055453,0.9999999404,0,381.6,149.1,1390.2,1,0.0034682751,-0.9999288917,-0.0113963522,0.9999937415,0.0034728646,-0.0003863643,0.0004259129,-0.0113949440,0.9999349713,0,381.6,-108.2,1390.3,0,-0.0000013113,1.0000001192,0.0000000000,-1.0000001192,-0.0000013113,-0.0000000000,-0.0000000000,-0.0000000000,1.0000000000,0,533.2,99.7,1163.4,1,0.0000170469,0.9999990463,0.0000000000,-0.9999990463,0.0000170469,-0.0000000000,-0.0000000000,-0.0000000000,1.0000000000,0,533.2,-157.6,1163.4,0,-0.5078002214,0.2676679492,-0.8188362122,0.3943001926,0.9173141718,0.0553345084,0.7659414411,-0.2947684526,-0.5713539124,1,385.4,-245.8,1420.2,1,-0.9702936411,0.0000004839,0.2419303060,0.0000003134,1.0000000000,-0.0000007431,-0.2419303060,-0.0000006452,-0.9702936411,0,280.0,-606.8,1536.2,1,-0.1625812054,-0.0146663785,-0.9865860343,0.4977031648,0.8621470928,-0.0948338509,0.8519732356,-0.5064452887,-0.1328694224,1,484.6,-278.1,1271.7,1,-0.9995777011,0.0000645218,-0.0290608853,0.0000667540,1.0000000000,-0.0000758409,0.0290608797,-0.0000777488,-0.9995777011,0,490.4,-617.4,1471.0,1,380.7,-365.5,1390.2,0,533.2,-414.9,1163.4,0,280.0,-985.2,1536.2,0,490.4,-995.8,1471.0,0,
13,0.5496020913,0.0182151608,0.8352280259,-0.1730975211,0.9805464745,0.0925189555,-0.8172963858,-0.1954243481,0.5420649052,1,461.4,327.5,1235.7,1,0.5496020913,0.0182151608,0.8352280259,-0.1730975211,0.9805464745,0.0925189555,-0.8172963858,-0.1954243481,0.5420649052,1,457.7,124.7,1276.1,1,0.5493986011,0.0573620498,0.8335891366,-0.1783833504,0.9826894999,0.0499463156,-0.8162959814,-0.1761387438,0.5501222610,1,446.4,-68.4,1310.7,1,0.0001097918,-1.0000001192,-0.0001644003,1.0000001192,0.0001097322,0.0002907605,-0.0002907425,-0.0001644323,0.9999999404,0,381.5,149.5,1389.3,1,0.0031220913,-0.9999423027,-0.0102567030,0.9999948740,0.0031258464,-0.0003495063,0.0003815452,-0.0102555603,0.9999473095,0,381.5,-107.9,1389.3,0,-0.0000013113,1.0000001192,0.0000000000,-1.0000001192,-0.0000013113,-0.0000000000,-0.0000000000,-0.0000000000,1.0000000000,0,533.8,100.0,1163.0,1,0.0000170469,0.9999990463,0.0000000000,-0.9999990463,0.0000170469,-0.0000000000,-0.0000000000,-0.0000000000,1.0000000000,0,533.8,-157.3,1163.0,0,-0.5097275972,0.2684561014,-0.8173794746,0.3961598873,0.9165927172,0.0539912283,0.7636982799,-0.2962920666,-0.5735642314,1,385.2,-245.4,1419.5,1,-0.9695315361,0.0000002419,0.2449666411,0.0000002346,1.0000000000,-0.0000000593,-0.2449666411,0.0000000000,-0.9695315361,0,279.6,-606.1,1536.1,1,-0.1457511783,-0.0189078748,-0.9891406298,0.5050601959,0.8582918644,-0.0908280015,0.8506886363,-0.5128138065,-0.1155473590,1,485.0,-277.8,1271.3,1,-0.9993189573,0.0000322601,-0.0369021222,0.0000336667,1.0000000000,-0.0000374953,0.0369021222,-0.0000387122,-0.9993189573,0,492.4,-615.6,1473.1,1,380.7,-365.2,1389.2,0,533.8,-414.6,1163.0,0,279.6,-984.5,1536.1,0,492.4,-994.0,1473.1,0,
14,0.5447316766,0.0157659743,0.8384622931,-0.1750521213,0.9799327850,0.0953022242,-0.8201357126,-0.1986885816,0.5365618467,1,461.1,327.5,1233.5,1,0.5447316766,0.0157659743,0.8384622931,-0.1750521213,0.9799327850,0.0953022242,-0.8201357126,-0.1986885816,0.5365618467,1,457.8,124.9,1274.6,1,0.5445774794,0.0542313196,0.8369554877,-0.1793754250,0.9823455811,0.0530615412,-0.8193035722,-0.1790252477,0.5446926355,1,447.2,-68.2,1309.8,1,0.0000874996,-1.0000001192,-0.0001315229,1.0000001192,0.0000874400,0.0002326070,-0.0002325955,-0.0001315432,0.9999999404,0,382.3,149.8,1388.1,1,0.0028103590,-0.9999533892,-0.0092310179,0.9999959469,0.0028133988,-0.0003159982,0.0003419523,-0.0092300922,0.9999573231,0,382.3,-107.5,1388.2,0,-0.0000013113,1.0000001192,0.0000000000,-1.0000001192,-0.0000013113,-0.0000000000,-0.0000000000,-0.0000000000,1.0000000000,0,533.3,100.1,1161.0,1,0.0000170469,0.9999990463,0.0000000000,-0.9999990463,0.0000170469,-0.0000000000,-0.0000000000,-0.0000000000,1.0000000000,0,533.3,-157.2,1161.0,0,-0.5094056129,0.2684617043,-0.8175784349,0.3890135288,0.9193096757,0.0594851673,0.7675772905,-0.2877469063,-0.5727366209,1,387.1,-245.0,1419.4,1,-0.9704501629,0.0000001613,0.2413016111,0.0000001565,1.0000000000,-0.0000000389,-0.2413016111,0.0000000000,-0.9704501629,0,281.4,-606.7,1532.6,1,-0.1252947152,-0.0269611776,-0.9917531013,0.5155479908,0.8522986174,-0.0883026123,0.8476505280,-0.5223602057,-0.0928887576,1,486.0,-277.5,1270.6,1,-0.9986692071,0.0000161299,-0.0515734069,0.0000171067,1.0000000000,-0.0000184982,0.0515734069,-0.0000193559,-0.9986692071,0,496.6,-613.0,1476.1,1,381.6,-364.8,1388.1,0,533.3,-414.5,1161.0,0,281.4,-985.2,1532.6,0,496.6,-991.4,1476.2,0,
15,0.5327748656,0.0109477965,0.8461862803,-0.1743225008,0.9798884392,0.0970797166,-0.8281069398,-0.1992307901,0.5239698887,1,461.2,327.9,1232.4,1,0.5327748656,0.0109477965,0.8461862803,-0.1743225008,0.9798884392,0.0970797166,-0.8281069398,-0.1992307901,0.5239698887,1,459.0,125.5,1273.6,1,0.5326056480,0.0513326377,0.8448055387,-0.1796551794,0.9822664261,0.0535783358,-0.8270754218,-0.1803097129,0.5323843956,1,448.9,-67.6,1309.0,1,0.0000698566,-1.0000001192,-0.0001052200,1.0000001192,0.0000698566,0.0001860847,-0.0001860773,-0.0001052330,1.0000000000,0,385.1,150.4,1388.2,1,0.0025295019,-0.9999623299,-0.0083079012,0.9999967813,0.0025319457,-0.0002855663,0.0003065914,-0.0083071515,0.9999654293,0,385.1,-106.9,1388.3,0,-0.0000013113,1.0000001192,0.0000000000,-1.0000001192,-0.0000013113,-0.0000000000,-0.0000000000,-0.0000000000,1.0000000000,0,532.8,100.6,1159.0,1,0.0000170469,0.9999990463,0.0000000000,-0.9999990463,0.0000170469,-0.0000000000,-0.0000000000,-0.0000000000,1.0000000000,0,532.8,-156.7,1159.0,0,-0.4937652349,0.2892051339,-0.8200953007,0.4068500996,0.9103223085,0.0760661960,0.7685497999,-0.2960969210,-0.5671488047,1,390.4,-244.4,1419.6,1,-0.9717484713,0.0000000806,0.2360190600,0.0000000784,1.0000000000,-0.0000000190,-0.2360190600,0.0000000000,-0.9717484713,0,276.6,-602.6,1536.1,1,-0.1643685102,-0.0184294283,-0.9862268567,0.4927635789,0.8645950556,-0.0982825160,0.8544981480,-0.5021312237,-0.1330308318,1,487.1,-277.0,1269.4,1,-0.9993265867,0.0000080649,-0.0366922133,0.0000084146,1.0000000000,-0.0000093754,0.0366922133,-0.0000096779,-0.9993265867,0,494.4,-617.3,1467.0,1,384.5,-364.3,1388.2,0,532.8,-414.1,1159.0,0,276.6,-981.0,1536.1,0,494.4,-995.7,1467.0,0,
16,0.5232896805,0.0068419967,0.8521275520,-0.1761246324,0.9792420268,0.1002957076,-0.8337545395,-0.2025642097,0.5136337280,1,461.3,328.7,1229.9,1,0.5232896805,0.0068419967,0.8521275520,-0.1761246324,0.9792420268,0.1002957076,-0.8337545395,-0.2025642097,0.5136337280,1,459.8,125.9,1271.8,1,0.5231280923,0.0492787696,0.8508282900,-0.1817693114,0.9818046689,0.0548956245,-0.8326436281,-0.1833718121,0.5225685239,1,450.2,-67.1,1307.9,1,0.0000558496,-1.0000001192,-0.0000841770,1.0000001192,0.0000558496,0.0001488672,-0.0001488625,-0.0000841853,1.0000000000,0,387.3,151.1,1387.2,1,0.0022763610,-0.9999696612,-0.0074770981,0.9999975562,0.0022783279,-0.0002579570,0.0002749858,-0.0074764919,0.9999719858,0,387.3,-106.2,1387.3,0,-0.0000013113,1.0000001192,0.0000000000,-1.0000001192,-0.0000013113,-0.0000000000,-0.0000000000,-0.0000000000,1.0000000000,0,532.3,100.7,1156.4,1,0.0000170469,0.9999990463,0.0000000000,-0.9999990463,0.0000170469,-0.0000000000,-0.0000000000,-0.0000000000,1.0000000000,0,532.3,-156.6,1156.4,0,-0.4820997417,0.3125606775,-0.8184655309,0.4222682714,0.9014248252,0.0955135226,0.7676388025,-0.2995649278,-0.5665611029,1,392.8,-243.5,1419.7,1,-0.9718498588,0.0000000000,0.2356010526,0.0000000000,1.0000000000,0.0000000000,-0.2356010526,0.0000000000,-0.9718498588,0,269.8,-598.3,1537.6,1,-0.1303254664,-0.0276984200,-0.9910843968,0.1458740830,0.9881958961,-0.0467998087,0.9806815386,-0.1506727338,-0.1247465461,1,488.1,-276.6,1268.1,1,-0.9982407093,-0.0166617781,-0.0569041707,-0.0228768885,0.9936262369,0.1103795692,0.0547023565,0.1114871651,-0.9922592044,1,498.2,-638.5,1323.3,1,386.7,-363.5,1387.2,0,532.4,-413.9,1156.4,0,269.8,-976.7,1537.6,0,504.5,-1012.0,1281.4,1,
17,0.5068159699,-0.0006842563,0.8620541096,-0.1696008593,0.9803731441,0.1004899293,-0.8452051282,-0.1971348673,0.4967541397,1,461.3,328.7,1229.6,1,0.5068159699,-0.0006842563,0.8620541096,-0.1696008593,0.9803731441,0.1004899293,-0.8452051282,-0.1971348673,0.4967541397,1,461.5,125.9,1270.4,1,0.5066872835,0.0419296697,0.8611097932,-0.1757254899,0.9828681350,0.0555408634,-0.8440302610,-0.1794606745,0.5053764582,1,453.2,-67.3,1305.7,1,0.0000443459,-1.0000001192,-0.0000673423,1.0000001192,0.0000443459,0.0001190934,-0.0001190904,-0.0000673476,1.0000000000,0,391.2,150.2,1387.4,1,0.0020484924,-0.9999752641,-0.0067293765,0.9999979138,0.0020501018,-0.0002329294,0.0002467199,-0.0067288852,0.9999773502,0,391.2,-107.1,1387.4,0,-0.0000013113,1.0000001192,0.0000000000,-1.0000001192,-0.0000013113,-0.0000000000,-0.0000000000,-0.0000000000,1.0000000000,0,531.7,101.5,1153.4,1,0.0000170469,0.9999990463,0.0000000000,-0.9999990463,0.0000170469,-0.0000000000,-0.0000000000,-0.0000000000,1.0000000000,0,531.7,-155.8,1153.4,0,-0.9118206501,0.3790351152,0.1578462422,0.3337663710,0.9081542492,-0.2526970804,-0.2391297221,-0.1777306050,-0.9545829892,0,397.8,-244.2,1419.5,1,-0.8688608408,0.0000000000,0.4950563610,0.0000000000,1.0000000000,0.0000000000,-0.4950563610,0.0000000000,-0.8688608408,0,248.7,-601.6,1489.4,0,0.9670625329,-0.0442856774,0.2506566942,0.0122961253,0.9917266369,0.1277770102,-0.2542417049,-0.1204862371,0.9596063495,0,492.1,-276.9,1262.4,1,-0.9341163635,0.0006844718,-0.3569683135,-0.0389543250,0.9938307405,0.1038414761,0.3548371494,0.1109054759,-0.9283268452,0,509.6,-667.2,1309.8,0,390.7,-364.4,1387.3,0,531.7,-413.1,1153.4,0,248.7,-980.0,1489.4,0,509.3,-1043.2,1267.8,0,
18,0.5001398325,-0.0047390163,0.8659317493,-0.1697068065,0.9800538421,0.1033824533,-0.8491514325,-0.1986600161,0.4893613458,1,460.8,328.3,1228.5,1,0.5001398325,-0.0047390163,0.8659317493,-0.1697068065,0.9800538421,0.1033824533,-0.8491514325,-0.1986600161,0.4893613458,1,461.8,125.4,1269.6,1,0.5000631213,0.0372018404,0.8651896119,-0.1743466556,0.9829417467,0.0585043468,-0.8482561707,-0.1800986528,0.4980205595,1,454.5,-67.8,1305.0,1,0.0000352859,-1.0000001192,-0.0000538743,1.0000001192,0.0000352859,0.0000952745,-0.0000952726,-0.0000538776,1.0000000000,0,392.5,149.6,1387.2,1,0.0018436313,-0.9999800920,-0.0060564280,0.9999984503,0.0018449426,-0.0002102572,0.0002214275,-0.0060560298,0.9999816418,0,392.5,-107.7,1387.2,0,-0.0000013113,1.0000001192,0.0000000000,-1.0000001192,-0.0000013113,-0.0000000000,-0.0000000000,-0.0000000000,1.0000000000,0,531.1,101.3,1152.0,1,0.0000170469,0.9999990463,0.0000000000,-0.9999990463,0.0000170469,-0.0000000000,-0.0000000000,-0.0000000000,1.0000000000,0,531.1,-156.0,1152.0,0,-0.4470008016,0.3562137485,-0.8205498457,0.4605613351,0.8780169487,0.1302669048,0.7668595314,-0.3196841180,-0.5565326214,1,401.4,-245.0,1418.0,1,-0.9735377431,0.0000000000,0.2285259068,0.0000000000,1.0000000000,0.0000000000,-0.2285259068,0.0000000000,-0.9735377431,0,261.2,-590.6,1543.8,1,-0.0234822258,0.2575581968,-0.9659774303,0.3185967207,0.9177926183,0.2369658053,0.9475995302,-0.3021927476,-0.1036089957,1,493.0,-276.9,1262.7,1,-0.9598395228,0.2603027523,-0.1046446860,0.2771661878,0.9375829697,-0.2100403309,0.0434389971,-0.2306089550,-0.9720764756,1,404.3,-593.1,1366.8,1,392.0,-365.0,1387.1,0,531.1,-413.3,1152.0,0,261.2,-969.0,1543.8,0,318.1,-903.5,1443.2,1,
19,0.4926364720,-0.0108694574,0.8701673746,-0.1667666733,0.9802076221,0.1066578925,-0.8541057706,-0.1976583302,0.4810749292,1,460.7,327.8,1227.9,1,0.4926364720,-0.0108694574,0.8701673746,-0.1667666733,0.9802076221,0.1066578925,-0.8541057706,-0.1976583302,0.4810749292,1,463.0,124.8,1268.8,1,0.4925682843,0.0333944857,0.8696328998,-0.1727100909,0.9831361175,0.0600718409,-0.8529631495,-0.1797837317,0.4900308549,1,456.4,-68.5,1304.2,1,0.0000281930,-1.0000001192,-0.0000430997,1.0000001192,0.0000281930,0.0000762194,-0.0000762182,-0.0000431018,1.0000000000,0,394.7,148.7,1387.1,1,0.0016590357,-0.9999839067,-0.0054507758,0.9999986887,0.0016601086,-0.0001897358,0.0001987820,-0.0054504536,0.9999850988,0,394.7,-108.6,1387.1,0,-0.0000013113,1.0000001192,0.0000000000,-1.0000001192,-0.0000013113,-0.0000000000,-0.0000000000,-0.0000000000,1.0000000000,0,531.3,100.8,1150.6,1,0.0000170469,0.9999990463,0.0000000000,-0.9999990463,0.0000170469,-0.0000000000,-0.0000000000,-0.0000000000,1.0000000000,0,531.3,-156.5,1150.6,0,0.0568405986,0.3907078803,-0.9187582731,0.4803887904,0.7960114479,0.3682291210,0.8752120137,-0.4622914195,-0.1424459219,0,405.0,-246.0,1417.3,0,-0.9023168087,0.3948834538,-0.1728913039,0.4307829142,0.8112841249,-0.3952773213,-0.0158244967,-0.4311440289,-0.9021443129,0,251.2,-559.2,1599.2,0,0.0568405986,0.3907078803,-0.9187582731,0.4803887904,0.7960114479,0.3682291210,0.8752120137,-0.4622914195,-0.1424459219,1,494.8,-277.5,1261.8,1,-0.9023168087,0.3948834538,-0.1728913039,0.4307829142,0.8112841249,-0.3952773213,-0.0158244967,-0.4311440289,-0.9021443129,1,354.3,-563.7,1428.0,1,394.3,-365.9,1387.0,0,531.3,-413.8,1150.6,0,101.8,-866.2,1762.4,0,218.7,-842.2,1576.0,1,
20,0.4833613038,-0.0128288157,0.8753269315,-0.1650696546,0.9806174636,0.1055251211,-0.8597163558,-0.1954965293,0.4718763828,1,461.4,327.5,1227.6,1,0.4833613038,-0.0128288157,0.8753269315,-0.1650696546,0.9806174636,0.1055251211,-0.8597163558,-0.1954965293,0.4718763828,1,464.0,125.0,1268.0,1,0.4833147526,0.0314595439,0.8748812675,-0.1699790359,0.9837049842,0.0585299209,-0.8587854505,-0.1769997329,0.4807881415,1,457.8,-68.4,1302.8,1,0.0000222921,-1.0000001192,-0.0000344799,1.0000001192,0.0000222921,0.0000609754,-0.0000609747,-0.0000344813,1.0000000000,0,397.0,148.5,1387.0,1,0.0014929771,-0.9999870062,-0.0049056904,0.9999990463,0.0014938116,-0.0001711699,0.0001784966,-0.0049054287,0.9999879599,0,397.0,-108.8,1387.1,0,-0.0000013113,1.0000001192,0.0000000000,-1.0000001192,-0.0000013113,-0.0000000000,-0.0000000000,-0.0000000000,1.0000000000,0,531.0,101.4,1149.0,1,0.0000170469,0.9999990463,0.0000000000,-0.9999990463,0.0000170469,-0.0000000000,-0.0000000000,-0.0000000000,1.0000000000,0,531.0,-155.9,1149.0,0,0.1078325659,0.4464991093,-0.8882627487,0.5442630649,0.7211759686,0.4285823703,0.8319554329,-0.5296636820,-0.1652466953,0,407.7,-246.3,1415.7,0,-0.8654062152,0.4494036436,-0.2216042578,0.4986849725,0.7293668389,-0.4683346748,-0.0488405079,-0.5158104300,-0.8553094268,0,232.0,-530.1,1624.2,0,0.1078325659,0.4464991093,-0.8882627487,0.5442630649,0.7211759686,0.4285823703,0.8319554329,-0.5296636820,-0.1652466953,1,495.6,-277.2,1259.5,1,-0.8654062152,0.4494036436,-0.2216042578,0.4986849725,0.7293668389,-0.4683346748,-0.0488405079,-0.5158104300,-0.8553094268,1,328.5,-547.1,1457.7,1,396.6,-366.1,1387.0,0,531.0,-413.2,1149.0,0,61.9,-806.1,1819.3,0,167.6,-808.3,1642.4,1,
21,0.4716922343,-0.0207583718,0.8815189004,-0.1613507271,0.9808080196,0.1094343141,-0.8668742776,-0.1938528866,0.4592916965,1,460.4,326.7,1226.5,1,0.4716922343,-0.0207583718,0.8815189004,-0.1613507271,0.9808080196,0.1094343141,-0.8668742776,-0.1938528866,0.4592916965,1,464.7,123.9,1266.6,1,0.4716832638,0.0252119191,0.8814076185,-0.1653287858,0.9843893051,0.0603180081,-0.8661292195,-0.1741729230,0.4684897661,1,459.7,-69.6,1300.8,1,0.0000175834,-1.0000001192,-0.0000275841,1.0000001192,0.0000175834,0.0000487803,-0.0000487798,-0.0000275849,1.0000000000,0,399.3,146.8,1386.6,1,0.0013435483,-0.9999893308,-0.0044151144,0.9999991059,0.0013442636,-0.0001543835,0.0001603167,-0.0044149025,0.9999902248,0,399.3,-110.5,1386.6,0,-0.0000013113,1.0000001192,0.0000000000,-1.0000001192,-0.0000013113,-0.0000000000,-0.0000000000,-0.0000000000,1.0000000000,0,530.1,101.0,1146.5,1,0.0000170469,0.9999990463,0.0000000000,-0.9999990463,0.0000170469,-0.0000000000,-0.0000000000,-0.0000000000,1.0000000000,0,530.1,-156.3,1146.5,0,0.1451044679,0.3573224545,-0.9226404428,0.5468540788,0.7481693029,0.3757571280,0.8245577216,-0.5590736866,-0.0868405253,0,412.5,-248.3,1412.6,0,-0.9634715915,0.2349558026,-0.1285233796,0.2604346871,0.9338477254,-0.2451575696,0.0624200739,-0.2696743309,-0.9609263539,0,271.9,-542.7,1632.6,0,0.1451044679,0.3573224545,-0.9226404428,0.5468540788,0.7481693029,0.3757571280,0.8245577216,-0.5590736866,-0.0868405253,1,497.0,-277.9,1257.5,1,-0.9634715915,0.2349558026,-0.1285233796,0.2604346871,0.9338477254,-0.2451575696,0.0624200739,-0.2696743309,-0.9609263539,0,356.4,-572.3,1477.5,1,399.0,-367.8,1386.6,0,530.1,-413.7,1146.5,0,183.0,-896.1,1734.7,0,267.5,-925.7,1579.5,0,
22,0.4097231925,-0.0375887156,0.9114351273,-0.1709042788,0.9782924056,0.1171743497,-0.8960563540,-0.2037770450,0.3944064379,1,459.4,326.2,1225.4,1,0.4097231925,-0.0375887156,0.9114351273,-0.1709042788,0.9782924056,0.1171743497,-0.8960563540,-0.2037770450,0.3944064379,1,467.2,123.5,1267.6,1,0.4096736312,0.0162192564,0.9120880365,-0.1663509607,0.9844024181,0.0572133437,-0.8969354630,-0.1751653999,0.4059832692,1,464.0,-70.0,1302.1,1,0.0000140071,-1.0000001192,-0.0000220673,1.0000001192,0.0000140071,0.0000390242,-0.0000390239,-0.0000220679,1.0000000000,0,410.4,146.6,1391.9,1,0.0012094378,-0.9999912977,-0.0039735958,0.9999991655,0.0012099743,-0.0001392122,0.0001440186,-0.0039734249,0.9999920726,0,410.4,-110.7,1391.9,0,-0.0000013113,1.0000001192,0.0000000000,-1.0000001192,-0.0000013113,-0.0000000000,-0.0000000000,-0.0000000000,1.0000000000,0,523.9,100.5,1143.3,1,0.0000170469,0.9999990463,0.0000000000,-0.9999990463,0.0000170469,-0.0000000000,-0.0000000000,-0.0000000000,1.0000000000,0,523.9,-156.8,1143.3,0,-0.8919194937,0.3719851375,0.2571117878,0.2803746462,0.9010260701,-0.3309714198,-0.3547809124,-0.2231122404,-0.9079379439,1,423.8,-248.4,1417.5,1,-0.6892985106,0.1882039011,0.6996047497,0.0943711549,0.9807655215,-0.1708593518,-0.7183046341,-0.0517505929,-0.6938013434,1,278.5,-600.3,1504.6,1,0.2197220176,0.1725353599,-0.9601843357,0.5066546202,0.8209115267,0.2634489536,0.8336806297,-0.5443673134,0.0929564536,1,497.8,-278.5,1255.5,1,-0.9716685414,0.1135036573,-0.2073094398,0.1374067962,0.9849594831,-0.1047581509,0.1923009753,-0.1302759349,-0.9726502895,0,429.9,-601.5,1469.7,1,410.1,-368.0,1391.9,0,523.9,-414.2,1143.3,0,208.8,-963.9,1523.8,1,386.9,-974.3,1519.0,0,
23,0.4065068364,-0.0368831418,0.9129030704,-0.1615427881,0.9805379510,0.1115498394,-0.8992521167,-0.1928184777,0.3926386237,1,459.2,326.7,1226.9,1,0.4065068364,-0.0368831418,0.9129030704,-0.1615427881,0.9805379510,0.1115498394,-0.8992521167,-0.1928184777,0.3926386237,1,466.8,123.9,1266.8,1,0.4065233767,0.0147337699,0.9135216475,-0.1630091518,0.9849936366,0.0566539913,-0.8989800215,-0.1719434261,0.4028261602,1,463.9,-69.8,1300.6,1,0.0000111461,-1.0000001192,-0.0000176539,1.0000001192,0.0000111461,0.0000312193,-0.0000312191,-0.0000176543,1.0000000000,0,410.5,146.4,1391.4,1,0.0010887384,-0.9999929070,-0.0035762307,0.9999993443,0.0010892153,-0.0001255070,0.0001294011,-0.0035760920,0.9999936223,0,410.5,-110.9,1391.4,0,-0.0000013113,1.0000001192,0.0000000000,-1.0000001192,-0.0000013113,-0.0000000000,-0.0000000000,-0.0000000000,1.0000000000,0,523.2,101.3,1142.2,1,0.0000170469,0.9999990463,0.0000000000,-0.9999990463,0.0000170469,-0.0000000000,-0.0000000000,-0.0000000000,1.0000000000,0,523.2,-156.1,1142.2,0,-0.8793472052,0.4161267877,0.2314883769,0.3168058395,0.8741865754,-0.3680105209,-0.3555031419,-0.2502722144,-0.9005451202,1,424.2,-248.6,1415.7,1,-0.6931065917,0.0935918167,0.7147334218,0.0465771072,0.9952780008,-0.0851603970,-0.7193287611,-0.0257350057,-0.6941929460,0,260.5,-592.6,1514.2,1,0.2405889928,0.0718221664,-0.9679661989,0.5004820824,0.8452844620,0.1871145964,0.8316457868,-0.5294674039,0.1674204469,1,497.8,-278.1,1253.0,1,-0.9688708782,0.0551020242,-0.2413563877,0.0686715394,0.9964756966,-0.0481695309,0.2378515303,-0.0632443726,-0.9692403078,0,469.6,-610.8,1461.4,1,410.2,-368.2,1391.3,0,523.2,-413.4,1142.2,0,225.1,-969.3,1524.0,0,448.7,-987.8,1485.3,0,
