1,0.5982476473,0.0800079331,0.7973079681,-0.2206686288,0.9729798436,0.0679391548,-0.7703285217,-0.2165852189,0.5997387171,1,328.0,389.2,1460.2,1,0.5982476473,0.0800079331,0.7973079681,-0.2206686288,0.9729798436,0.0679391548,-0.7703285217,-0.2165852189,0.5997387171,1,311.6,190.0,1504.5,1,0.5980609059,0.1109735742,0.7937313914,-0.2225725800,0.9744082093,0.0314695798,-0.7699255943,-0.1954835057,0.6074556708,1,289.8,-1.4,1542.9,1,-0.0000001192,-1.0000001192,0.0000004835,1.0000001192,-0.0000001192,0.0000018049,-0.0000018049,0.0000004835,1.0000000000,0,227.7,221.2,1612.6,1,0.0004547834,-0.9999990463,0.0003078203,0.9999989271,0.0004550219,0.0006174253,-0.0006175651,0.0003075399,0.9999997616,0,227.7,-35.6,1612.6,0,-0.0098185847,-0.5359855890,0.8441700339,-0.9995670915,0.0286756027,0.0065808729,-0.0277343374,-0.8437399864,-0.5360351205,1,395.5,158.7,1396.4,1,-0.3027738929,-0.5367204547,0.7875653505,-0.9389399886,0.0262523144,-0.3430780172,0.1634615809,-0.8433516622,-0.5118967891,1,393.2,-82.5,1389.7,1,0.9864123464,-0.0512385741,0.1560938656,0.0485402271,0.9985993505,0.0210522525,-0.1569539309,-0.0131893679,0.9875178337,0,213.8,-172.6,1651.1,1,0.9143918753,-0.0779895782,0.3972469866,0.0730992556,0.9969464540,0.0274642128,-0.3981758654,0.0039254036,0.9173007011,0,233.9,-564.9,1656.3,0,0.5755150318,-0.1563856751,0.8026991487,-0.1459356248,0.9461508393,0.2889657915,-0.8046645522,-0.2834465802,0.5217018723,1,322.2,-213.0,1511.5,1,0.5754467845,-0.1562144905,0.8027815223,-0.1455180794,0.9463680983,0.2884649038,-0.8047892451,-0.2828153968,0.5218523741,1,383.7,-584.6,1622.8,1,227.5,-292.5,1612.7,0,315.4,-323.7,1431.7,1,263.4,-941.4,1654.8,0,442.6,-942.0,1729.7,1,
2,0.6022748947,0.0807185769,0.7941983342,-0.2201710045,0.9730837345,0.0680655986,-0.7673268318,-0.2158535421,0.6038363576,1,328.2,387.8,1460.8,1,0.6022748947,0.0807185769,0.7941983342,-0.2201710045,0.9730837345,0.0680655986,-0.7673268318,-0.2158535421,0.6038363576,1,311.7,189.0,1504.9,1,0.6020185351,0.1104348078,0.7908092737,-0.2227830440,0.9742910266,0.0335401595,-0.7667738795,-0.1963706315,0.6111447811,1,290.1,-2.4,1543.5,1,-0.0000003576,-1.0000001192,0.0000003868,1.0000001192,-0.0000003576,0.0000014439,-0.0000014439,0.0000003868,1.0000000000,0,227.2,220.2,1612.5,1,0.0004108548,-0.9999992251,0.0002770259,0.9999991059,0.0004110336,0.0005556885,-0.0005558021,0.0002767979,0.9999998212,0,227.2,-36.6,1612.5,0,-0.0106517468,-0.5320265889,0.8466606736,-0.9995844960,0.0283466037,0.0052368389,-0.0267860927,-0.8462530971,-0.5321074128,1,396.2,157.7,1397.3,1,-0.3020912707,-0.5322744846,0.7908380032,-0.9398146272,0.0273539275,-0.3405880928,0.1596538275,-0.8461298347,-0.5085027218,1,393.7,-82.5,1390.8,1,0.9909741879,-0.0408417694,0.1276791543,0.0390718505,0.9991028309,0.0163372364,-0.1282318532,-0.0112011191,0.9916808605,0,213.8,-173.6,1651.5,1,0.9304657578,-0.0703554079,0.3595603108,0.0663832948,0.9975197911,0.0233995020,-0.3603147864,0.0020963661,0.9328284264,0,229.8,-566.0,1655.9,0,0.5793991685,-0.1583404392,0.7995154858,-0.1454939246,0.9450984001,0.2926101089,-0.8019527793,-0.2858626842,0.5245515704,1,322.9,-213.9,1512.5,1,0.5793646574,-0.1582552791,0.7995573878,-0.1452864856,0.9452078938,0.2923592329,-0.8020153642,-0.2855474651,0.5246276855,1,385.1,-585.2,1624.8,1,227.1,-293.4,1612.7,0,316.1,-323.9,1431.8,1,256.4,-942.8,1655.1,0,444.9,-942.2,1732.7,1,
3,0.6015700698,0.0817612037,0.7946257591,-0.2208474427,0.9729990363,0.0670777410,-0.7676852345,-0.2158429325,0.6033844948,1,327.9,388.8,1462.6,1,0.6015700698,0.0817612037,0.7946257591,-0.2208474427,0.9729990363,0.0670777410,-0.7676852345,-0.2158429325,0.6033844948,1,311.2,189.8,1506.7,1,0.6012285352,0.1131864935,0.7910212278,-0.2242589593,0.9740340114,0.0310780294,-0.7669634819,-0.1960785240,0.6110007167,1,289.0,-1.5,1545.2,1,-0.0000004768,-1.0000001192,0.0000003094,1.0000001192,-0.0000004768,0.0000011551,-0.0000011551,0.0000003094,1.0000000000,0,226.8,221.2,1614.4,1,0.0003710985,-0.9999992251,0.0002493132,0.9999991059,0.0003712177,0.0005001243,-0.0005002166,0.0002491279,0.9999998212,0,226.8,-35.6,1614.4,0,-0.0074138516,-0.5321053267,0.8466456532,-0.9994832277,0.0304264389,0.0103703951,-0.0312785581,-0.8461312652,-0.5320559144,1,395.6,158.3,1399.1,1,-0.3008924127,-0.5330436826,0.7907769680,-0.9402532578,0.0272770971,-0.3393816054,0.1593351215,-0.8456479907,-0.5094034672,1,393.8,-83.7,1391.5,1,0.9913195968,-0.0325672515,0.1273774654,0.0311038122,0.9994255304,0.0134617640,-0.1277426928,-0.0093829846,0.9917629361,0,212.2,-172.5,1653.3,1,0.9435512424,-0.0634221137,0.3250979185,0.0601975061,0.9979865551,0.0199785531,-0.3257104158,0.0007192949,0.9454693198,0,225.0,-565.1,1657.0,0,0.5776016712,-0.1597837061,0.8005283475,-0.1395639777,0.9468887448,0.2896958888,-0.8042999506,-0.2790537179,0.5246244073,1,321.2,-213.2,1514.2,1,0.5775842071,-0.1597410440,0.8005493879,-0.1394597888,0.9469424486,0.2895703018,-0.8043304682,-0.2788956761,0.5246615410,1,384.0,-585.1,1623.8,1,226.7,-292.4,1614.5,0,316.5,-325.2,1432.4,1,249.0,-942.1,1656.7,0,444.3,-942.8,1729.2,1,
4,0.6012737155,0.0830297992,0.7947185040,-0.2256315500,0.9717531204,0.0691841319,-0.7665253282,-0.2209120691,0.6030244231,1,328.1,388.2,1461.5,1,0.6012737155,0.0830297992,0.7947185040,-0.2256315500,0.9717531204,0.0691841319,-0.7665253282,-0.2209120691,0.6030244231,1,311.1,189.5,1506.7,1,0.6011953354,0.1128570884,0.7910935283,-0.2264103591,0.9734665751,0.0331872627,-0.7663571835,-0.1990637332,0.6107961535,1,289.0,-1.7,1545.8,1,-0.0000005960,-1.0000001192,0.0000002475,1.0000001192,-0.0000005960,0.0000009241,-0.0000009241,0.0000002475,1.0000000000,0,226.8,221.2,1614.2,1,0.0003353953,-0.9999991655,0.0002243737,0.9999990463,0.0003355145,0.0004501155,-0.0004501906,0.0002242230,0.9999998808,0,226.8,-35.6,1614.2,0,-0.0057515390,-0.5322355628,0.8465767503,-0.9995967746,0.0266010091,0.0099326894,-0.0278063267,-0.8461782932,-0.5321739316,1,395.5,157.7,1399.1,1,-0.3013085425,-0.5323814154,0.7910646200,-0.9399030209,0.0260867625,-0.3404434323,0.1606094241,-0.8461025357,-0.5082470775,1,394.1,-83.1,1392.4,1,0.9916036129,-0.0259638000,0.1266814619,0.0247596297,0.9996321201,0.0110711707,-0.1269223094,-0.0078416271,0.9918816686,0,212.3,-172.4,1654.3,1,0.9541937113,-0.0571398772,0.2936824858,0.0545232110,0.9983661175,0.0170960575,-0.2941795290,-0.0003004381,0.9557501078,0,222.5,-565.1,1657.4,0,0.5769098401,-0.1594134718,0.8011007905,-0.1381215006,0.9476066232,0.2880348563,-0.8050450087,-0.2768193483,0.5246651769,1,321.3,-213.5,1515.4,1,0.5769011378,-0.1593921036,0.8011112809,-0.1380691677,0.9476334453,0.2879719138,-0.8050603271,-0.2767400742,0.5246836543,1,383.9,-585.7,1624.1,1,226.7,-292.4,1614.4,0,316.8,-324.5,1433.7,1,244.1,-942.2,1657.5,0,444.1,-943.6,1728.7,1,
5,0.6042252779,0.0880845860,0.7919308543,-0.2259448022,0.9720174074,0.0642756000,-0.7641084194,-0.2177695185,0.6072202921,1,328.9,386.8,1462.9,1,0.6042252779,0.0880845860,0.7919308543,-0.2259448022,0.9720174074,0.0642756000,-0.7641084194,-0.2177695185,0.6072202921,1,310.9,188.2,1507.4,1,0.6038355827,0.1163192615,0.7885771990,-0.2296526283,0.9727343917,0.0323679931,-0.7633106709,-0.2006437182,0.6140851974,1,288.0,-2.9,1546.8,1,-0.0000005960,-1.0000001192,0.0000001980,1.0000001192,-0.0000005960,0.0000007393,-0.0000007393,0.0000001980,1.0000000000,0,226.1,220.4,1614.6,1,0.0003035069,-0.9999990463,0.0002019297,0.9999989271,0.0003036261,0.0004051069,-0.0004051680,0.0002018070,0.9999998808,0,226.1,-36.4,1614.6,0,-0.0058250362,-0.5285496116,0.8488824964,-0.9995534420,0.0279579517,0.0105488431,-0.0293086004,-0.8484419584,-0.5284764171,1,395.6,155.9,1400.3,1,-0.3013933897,-0.5299623609,0.7926549911,-0.9395713806,0.0234974772,-0.3415456712,0.1623809338,-0.8476955295,-0.5050194860,1,394.2,-83.7,1393.3,1,0.9923036695,-0.0206955094,0.1220869571,0.0197415426,0.9997644424,0.0090184184,-0.1222448424,-0.0065388246,0.9924784899,0,210.0,-172.9,1656.0,1,0.9628424644,-0.0514577627,0.2651158869,0.0493351594,0.9986746311,0.0146636907,-0.2655190527,-0.0010392903,0.9641050696,0,218.1,-565.7,1658.6,0,0.5824816227,-0.1051132828,0.8060187697,-0.1598583758,0.9574244022,0.2403822690,-0.7969694138,-0.2688671052,0.5408790112,1,320.3,-214.9,1516.5,1,0.5775836110,-0.0807589889,0.8123270273,-0.0683159083,0.9868219495,0.1466809511,-0.8134679794,-0.1402153671,0.5644550920,0,361.6,-591.0,1622.1,1,226.0,-293.3,1614.7,0,316.8,-325.0,1435.0,1,237.6,-942.9,1658.9,0,392.1,-963.7,1675.1,0,
6,0.5971453190,0.0954917148,0.7964297533,-0.2272494733,0.9723492861,0.0538022071,-0.7692697644,-0.2131159008,0.6023347974,1,329.2,388.4,1466.7,1,0.5971453190,0.0954917148,0.7964297533,-0.2272494733,0.9723492861,0.0538022071,-0.7692697644,-0.2131159008,0.6023347974,1,309.7,189.9,1510.2,1,0.5964479446,0.1244342029,0.7929486632,-0.2334153205,0.9721045494,0.0230241865,-0.7679635286,-0.1988190264,0.6088551879,1,285.3,-1.0,1549.2,1,-0.0000005960,-1.0000001192,0.0000001584,1.0000001192,-0.0000005960,0.0000005914,-0.0000005914,0.0000001584,1.0000000000,0,226.0,222.7,1618.0,1,0.0002747774,-0.9999990463,0.0001817313,0.9999990463,0.0002748370,0.0003645985,-0.0003646483,0.0001816314,0.9999999404,0,226.0,-34.2,1618.0,0,0.0027183383,-0.5339724422,0.8454975486,-0.9994064569,0.0275832452,0.0206333194,-0.0343391858,-0.8450518250,-0.5335806012,1,393.4,157.2,1402.4,1,-0.3012106717,-0.5335940719,0.7902844548,-0.9403377771,0.0286906958,-0.3390305936,0.1582309008,-0.8452539444,-0.5104005933,1,394.1,-85.0,1394.1,1,0.9914509058,-0.0164952558,0.1294329166,0.0156525820,0.9998491406,0.0075251320,-0.1295375228,-0.0054348400,0.9915595651,0,206.6,-170.7,1658.1,1,0.9698666930,-0.0463255979,0.2391913980,0.0446042456,0.9989251494,0.0126076154,-0.2395183593,-0.0015587537,0.9708905816,0,213.0,-563.4,1660.3,0,0.5722908974,-0.1495959908,0.8062903285,-0.1381392777,0.9515835643,0.2746019959,-0.8083319664,-0.2685326040,0.5239175558,1,315.1,-213.2,1518.4,1,0.5664701462,-0.1381426603,0.8124211431,-0.0926160142,0.9689317346,0.2293329984,-0.8188612461,-0.2051535249,0.5360766649,1,373.8,-586.3,1623.7,1,225.9,-291.0,1618.0,0,316.7,-326.6,1434.7,1,230.5,-940.7,1660.9,0,425.4,-948.4,1700.4,1,
7,0.5945906639,0.0959444270,0.7982847095,-0.2317803502,0.9711596966,0.0559162349,-0.7698966861,-0.2182738781,0.5996810794,1,328.8,387.4,1466.0,1,0.5945906639,0.0959444270,0.7982847095,-0.2317803502,0.9711596966,0.0559162349,-0.7698966861,-0.2182738781,0.5996810794,1,309.2,189.3,1510.6,1,0.5940423012,0.1241208762,0.7948015332,-0.2366202027,0.9712761045,0.0251719579,-0.7688469291,-0.2030192167,0.6063491702,1,284.9,-1.5,1550.4,1,-0.0000005960,-1.0000001192,0.0000001267,1.0000001192,-0.0000005960,0.0000004731,-0.0000004731,0.0000001267,1.0000000000,0,225.9,222.5,1618.5,1,0.0002489686,-0.9999990463,0.0001635537,0.9999990463,0.0002490282,0.0003281405,-0.0003281810,0.0001634723,0.9999999404,0,225.9,-34.4,1618.5,0,0.0117229251,-0.5365169048,0.8438082337,-0.9993418455,0.0226843785,0.0283070989,-0.0343284979,-0.8435847163,-0.5358978510,1,392.6,156.0,1402.6,1,-0.3069053590,-0.5331200957,0.7884112000,-0.9387372136,0.0331002399,-0.3430406451,0.1567852497,-0.8453919291,-0.5106182694,1,395.4,-83.7,1394.4,1,0.9911777377,-0.0131421983,0.1318856031,0.0124310069,0.9999034405,0.0062143942,-0.1319545358,-0.0045200987,0.9912454486,0,206.7,-170.9,1659.9,1,0.9755685329,-0.0416951664,0.2157023400,0.0402995311,0.9991285801,0.0108662508,-0.2159674317,-0.0019080718,0.9763987064,0,211.9,-563.6,1661.7,0,0.5711088777,-0.1246810630,0.8113502860,-0.1506369710,0.9556946158,0.2528958917,-0.8069344163,-0.2666504383,0.5270240903,1,314.3,-213.7,1520.7,1,0.5671263337,-0.0692490116,0.8207145333,-0.0456517860,0.9922844172,0.1152715683,-0.8223646879,-0.1028406247,0.5595893264,0,363.2,-589.1,1625.4,1,225.8,-291.2,1618.6,0,316.6,-324.8,1434.7,1,227.6,-941.0,1662.4,0,389.4,-963.9,1664.3,0,
8,0.5921463370,0.0954125822,0.8001630306,-0.2332565039,0.9707511663,0.0568635762,-0.7713332176,-0.2203146666,0.5970830321,1,329.4,389.2,1465.2,1,0.5921463370,0.0954125822,0.8001630306,-0.2332565039,0.9707511663,0.0568635762,-0.7713332176,-0.2203146666,0.5970830321,1,309.9,190.7,1510.3,1,0.5916163325,0.1247469038,0.7965111732,-0.2379309237,0.9709690809,0.0246555153,-0.7703115344,-0.2041011453,0.6041229963,1,285.4,-0.0,1550.3,1,-0.0000005960,-1.0000001192,0.0000001014,1.0000001192,-0.0000005960,0.0000003785,-0.0000003785,0.0000001014,1.0000000000,0,226.9,224.1,1618.4,1,0.0002257228,-0.9999991059,0.0001471948,0.9999991059,0.0002257824,0.0002953279,-0.0002953610,0.0001471284,0.9999999404,0,226.9,-32.8,1618.4,0,0.0093559502,-0.5388538241,0.8423473239,-0.9993045926,0.0253673196,0.0273268782,-0.0360932872,-0.8420171738,-0.5382418036,1,393.0,157.3,1402.1,1,-0.3043320477,-0.5380350351,0.7860662937,-0.9384635091,0.0278793275,-0.3442514241,0.1633043438,-0.8424612880,-0.5134108067,1,395.2,-84.6,1393.4,1,0.9908701181,-0.0104678646,0.1344133615,0.0098678889,0.9999381304,0.0051291059,-0.1344587207,-0.0037559015,0.9909120798,0,207.5,-169.3,1660.0,1,0.9801951051,-0.0375208706,0.1944471449,0.0363895297,0.9992935658,0.0093883043,-0.1946620494,-0.0021265298,0.9808680415,0,211.6,-562.0,1661.4,0,0.5699600577,-0.1080344096,0.8145392537,-0.1624671221,0.9569296241,0.2406036407,-0.8054502010,-0.2694702744,0.5278596282,1,314.3,-212.2,1520.9,1,0.5710000992,-0.0344649665,0.8202263713,-0.0223662686,0.9980944395,0.0575090423,-0.8206453919,-0.0511830598,0.5691410899,0,356.8,-588.1,1626.8,1,226.8,-289.6,1618.5,0,317.1,-325.6,1435.3,1,225.8,-939.5,1662.2,0,369.8,-965.1,1646.1,0,
9,0.5934637785,0.0897301435,0.7998443842,-0.2334705889,0.9702299237,0.0643843859,-0.7702552676,-0.2249498069,0.5967463255,1,328.9,388.9,1463.3,1,0.5934637785,0.0897301435,0.7998443842,-0.2334705889,0.9702299237,0.0643843859,-0.7702552676,-0.2249498069,0.5967463255,1,310.6,190.7,1509.3,1,0.5927383304,0.1223672181,0.7960460782,-0.2401082814,0.9702937007,0.0296329260,-0.7687719464,-0.2087017298,0.6045122743,1,286.6,0.1,1550.2,1,-0.0000005960,-1.0000001192,0.0000000811,1.0000001192,-0.0000005960,0.0000003028,-0.0000003028,0.0000000811,1.0000000000,0,227.4,224.4,1617.2,1,0.0002048016,-0.9999991059,0.0001324724,0.9999991059,0.0002048612,0.0002657962,-0.0002658233,0.0001324182,0.9999999404,0,227.4,-32.5,1617.2,0,0.0075793420,-0.5384117961,0.8426478505,-0.9993780255,0.0249437485,0.0249269474,-0.0344397537,-0.8423126936,-0.5378878713,1,393.8,157.0,1401.3,1,-0.3024137914,-0.5380598903,0.7867893577,-0.9389380217,0.0260186344,-0.3431010842,0.1641377360,-0.8425049782,-0.5130733252,1,395.6,-83.7,1393.1,1,0.9910858274,-0.0083353454,0.1329636276,0.0078466479,0.9999604225,0.0041989945,-0.1329933554,-0.0031182449,0.9911121130,0,209.0,-168.8,1660.6,1,0.9839479327,-0.0337601826,0.1752332896,0.0328432173,0.9994274378,0.0081310952,-0.1754074544,-0.0022453491,0.9844933748,0,212.3,-561.6,1661.9,0,0.5720555782,-0.0924845785,0.8149840832,-0.1756743491,0.9567494392,0.2318818569,-0.8011810780,-0.2758211195,0.5310665965,1,316.1,-212.1,1521.8,1,0.5773704648,-0.0171678551,0.8163018227,-0.0109078484,0.9995274544,0.0287364516,-0.8164094090,-0.0254956726,0.5769104362,0,352.4,-588.0,1630.2,1,227.4,-289.3,1617.2,0,318.0,-324.8,1435.2,1,225.1,-939.1,1662.7,0,358.9,-965.5,1639.8,0,
10,0.5963805914,0.0899830982,0.7976434231,-0.2342724502,0.9699457288,0.0657396466,-0.7677549720,-0.2260716110,0.5995379686,1,329.5,387.9,1462.3,1,0.5963805914,0.0899830982,0.7976434231,-0.2342724502,0.9699457288,0.0657396466,-0.7677549720,-0.2260716110,0.5995379686,1,311.2,189.8,1508.5,1,0.5954853296,0.1216697618,0.7941004038,-0.2424759418,0.9695866704,0.0332721397,-0.7659005523,-0.2123632133,0.6068772674,1,287.3,-0.6,1550.2,1,-0.0000005960,-1.0000001192,0.0000000649,1.0000001192,-0.0000005960,0.0000002423,-0.0000002423,0.0000000649,1.0000000000,0,227.6,223.9,1616.0,1,0.0001859069,-0.9999991059,0.0001192228,0.9999991059,0.0001859665,0.0002392175,-0.0002392396,0.0001191785,0.9999999404,0,227.6,-33.0,1616.0,0,0.0031668441,-0.5358376503,0.8443151712,-0.9994040132,0.0273277871,0.0210919026,-0.0343750976,-0.8438788056,-0.5354317427,1,394.7,155.8,1401.0,1,-0.3015438318,-0.5371819735,0.7877226472,-0.9388275743,0.0231366754,-0.3436096311,0.1663555950,-0.8431491256,-0.5112979412,1,395.5,-83.8,1392.8,1,0.9915893674,-0.0066362107,0.1292532086,0.0062465128,0.9999746680,0.0034201595,-0.1292726398,-0.0025840120,0.9916056991,0,209.5,-169.1,1661.2,1,0.9869911671,-0.0303737391,0.1578791142,0.0296306182,0.9995359778,0.0070591178,-0.1580202579,-0.0022892319,0.9874331951,0,212.1,-561.9,1662.2,0,0.5748279095,-0.0825607032,0.8140985966,-0.1783529520,0.9583354592,0.2231217474,-0.7986006737,-0.2734535038,0.5361530781,1,317.2,-213.0,1522.6,1,0.5823766589,-0.0085648997,0.8128738999,-0.0053522964,0.9998824000,0.0143699357,-0.8129013777,-0.0127194580,0.5822623372,0,349.7,-589.4,1630.0,1,227.5,-289.8,1616.1,0,318.1,-324.9,1435.5,1,223.6,-939.4,1663.1,0,352.9,-967.1,1634.8,0,
11,0.5945667028,0.0928889960,0.7986637354,-0.2355714291,0.9698404074,0.0625737980,-0.7687635422,-0.2253465354,0.5985174775,1,329.3,388.7,1463.4,1,0.5945667028,0.0928889960,0.7986637354,-0.2355714291,0.9698404074,0.0625737980,-0.7687635422,-0.2253465354,0.5985174775,1,310.3,190.5,1509.4,1,0.5936083794,0.1232362688,0.7952632308,-0.2441693395,0.9692022800,0.0320648998,-0.7668189406,-0.2132127881,0.6054177880,1,286.1,0.2,1551.3,1,-0.0000005960,-1.0000001192,0.0000000519,1.0000001192,-0.0000005960,0.0000001938,-0.0000001938,0.0000000519,1.0000000000,0,227.0,224.8,1617.0,1,0.0001689792,-0.9999991059,0.0001072986,0.9999991059,0.0001689792,0.0002152965,-0.0002153145,0.0001072624,1.0000000000,0,227.0,-32.0,1617.0,0,0.0068489388,-0.5373046398,0.8433604240,-0.9993221164,0.0268294197,0.0252085235,-0.0361715257,-0.8429613709,-0.5367566943,1,393.7,156.3,1401.8,1,-0.3017641604,-0.5383209586,0.7868601680,-0.9387354255,0.0236547142,-0.3438258767,0.1664757133,-0.8424078822,-0.5124791265,1,395.3,-84.8,1393.0,1,0.9913604259,-0.0052830782,0.1310594827,0.0049574929,0.9999837875,0.0028104067,-0.1310721934,-0.0021363997,0.9913705587,0,207.6,-167.8,1663.4,1,0.9894585013,-0.0273254123,0.1422152519,0.0267232340,0.9996240139,0.0061428444,-0.1423296332,-0.0022776381,0.9898166656,0,209.6,-560.6,1664.2,0,0.5729736686,-0.0749462917,0.8161399364,-0.1794457436,0.9601757526,0.2141536176,-0.7996878028,-0.2691571712,0.5367066264,1,316.3,-212.5,1522.9,1,0.5816190243,-0.0042773099,0.8134501576,-0.0026794705,0.9999706745,0.0071739070,-0.8134570122,-0.0063520959,0.5815904737,0,345.7,-589.7,1628.6,1,227.0,-288.9,1617.1,0,317.8,-325.9,1435.8,1,219.9,-938.2,1665.1,0,347.3,-967.4,1631.0,0,
12,0.5888971090,0.0945686772,0.8026573062,-0.2375511825,0.9695165157,0.0600596480,-0.7725093365,-0.2260410339,0.5934109092,1,330.0,389.5,1463.9,1,0.5888971090,0.0945686772,0.8026573062,-0.2375511825,0.9695165157,0.0600596480,-0.7725093365,-0.2260410339,0.5934109092,1,310.7,191.3,1510.1,1,0.5879782438,0.1257250607,0.7990472317,-0.2456360906,0.9689491391,0.0282929987,-0.7706785202,-0.2129104137,0.6006042361,1,286.0,1.0,1551.9,1,-0.0000005960,-1.0000001192,0.0000000415,1.0000001192,-0.0000005960,0.0000001550,-0.0000001550,0.0000000415,1.0000000000,0,228.2,225.8,1618.3,1,0.0001539588,-0.9999990463,0.0000965672,0.9999990463,0.0001539588,0.0001937674,-0.0001937822,0.0000965376,1.0000000000,0,228.2,-31.1,1618.3,0,0.0127706071,-0.5422679782,0.8401085138,-0.9992170930,0.0245408546,0.0310297199,-0.0374434032,-0.8398470283,-0.5415300727,1,393.2,156.8,1401.9,1,-0.3054013252,-0.5418130755,0.7830508351,-0.9372766018,0.0259124190,-0.3476221561,0.1680554897,-0.8400995135,-0.5157423615,1,396.3,-84.2,1392.9,1,0.9905016422,-0.0042047333,0.1374367177,0.0039222483,0.9999896288,0.0023261430,-0.1374450773,-0.0017649876,0.9905078411,0,207.7,-167.0,1664.0,1,0.9914585352,-0.0245821662,0.1280847341,0.0240942389,0.9996953607,0.0053576916,-0.1281774193,-0.0022258256,0.9917487502,0,209.4,-559.8,1664.6,0,0.5673515201,-0.0800741762,0.8195732236,-0.1802255362,0.9590580463,0.2184637040,-0.8035116196,-0.2716537714,0.5296916366,1,314.9,-211.7,1523.5,1,0.5765168667,-0.0021372840,0.8170824647,-0.0013615780,0.9999926686,0.0035764338,-0.8170840740,-0.0031743958,0.5765097737,0,346.3,-588.5,1630.2,1,228.1,-287.9,1618.3,0,317.9,-324.9,1436.1,1,218.7,-937.4,1665.5,0,347.1,-966.2,1631.4,0,
13,0.5865931511,0.0936915129,0.8044451475,-0.2424554974,0.9680458903,0.0640504584,-0.7727383375,-0.2326136082,0.5905658007,1,329.3,389.8,1462.1,1,0.5865931511,0.0936915129,0.8044451475,-0.2424554974,0.9680458903,0.0640504584,-0.7727383375,-0.2326136082,0.5905658007,1,310.2,191.8,1509.7,1,0.5858771801,0.1243056953,0.8008106351,-0.2488148808,0.9680297971,0.0317719355,-0.7712586522,-0.2178679854,0.5980762839,1,285.7,1.7,1552.5,1,-0.0000005960,-1.0000001192,0.0000000332,1.0000001192,-0.0000005960,0.0000001240,-0.0000001240,0.0000000332,1.0000000000,0,227.9,226.7,1618.0,1,0.0001404881,-0.9999990463,0.0000869092,0.9999990463,0.0001404881,0.0001743911,-0.0001744032,0.0000868849,1.0000000000,0,227.9,-30.1,1618.0,0,0.0147113595,-0.5448264480,0.8384198546,-0.9992163181,0.0228044502,0.0323516876,-0.0367457569,-0.8382387161,-0.5440639853,1,392.4,156.9,1401.4,1,-0.3025420904,-0.5446820855,0.7821699381,-0.9377477765,0.0232350081,-0.3465390801,0.1705798954,-0.8383207917,-0.5178039074,1,395.9,-83.7,1392.6,1,0.9901594520,-0.0033449568,0.1399033964,0.0031079829,0.9999933839,0.0019122863,-0.1399088800,-0.0014586509,0.9901632667,0,207.8,-165.7,1665.7,1,0.9930795431,-0.0221139304,0.1153429821,0.0217186026,0.9997531772,0.0046831835,-0.1154180691,-0.0021456853,0.9933146834,0,209.1,-558.6,1666.3,0,0.5640728474,-0.0846107751,0.8213786483,-0.1717286557,0.9609651566,0.2169224471,-0.8076702356,-0.2634143233,0.5275242329,1,314.8,-211.2,1524.8,1,0.5725812316,-0.0010683038,0.8198474050,-0.0006891594,0.9999982119,0.0017843584,-0.8198478222,-0.0015866956,0.5725793839,0,348.1,-588.7,1628.3,1,227.9,-287.0,1618.0,0,318.2,-324.5,1436.4,1,217.5,-936.2,1667.1,0,348.5,-966.4,1628.9,0,
14,0.5877141356,0.0900051221,0.8040477037,-0.2428199649,0.9676018953,0.0691745207,-0.7717715502,-0.2358936071,0.5905289650,1,328.9,389.8,1460.8,1,0.5877141356,0.0900051221,0.8040477037,-0.2428199649,0.9676018953,0.0691745207,-0.7717715502,-0.2358936071,0.5905289650,1,310.5,191.5,1509.1,1,0.5868571401,0.1224373654,0.8003807664,-0.2506258786,0.9674228430,0.0357740372,-0.7699260712,-0.2215903252,0.5984255672,1,286.4,1.5,1552.6,1,-0.0000005960,-1.0000001192,0.0000000266,1.0000001192,-0.0000005960,0.0000000992,-0.0000000992,0.0000000266,1.0000000000,0,228.1,226.6,1617.2,1,0.0001281500,-0.9999990463,0.0000782173,0.9999990463,0.0001281500,0.0001569523,-0.0001569622,0.0000781973,1.0000000000,0,228.1,-30.2,1617.2,0,0.0118670287,-0.5444475412,0.8387109637,-0.9992624521,0.0241753757,0.0298320949,-0.0365181603,-0.8384463787,-0.5437591672,1,392.8,156.3,1401.0,1,-0.3011023700,-0.5452976823,0.7822964787,-0.9379880428,0.0215640515,-0.3459961712,0.1718014479,-0.8379650116,-0.5179757476,1,395.7,-83.6,1392.3,1,0.9903239012,-0.0026601104,0.1387493610,0.0024672223,0.9999957085,0.0015621643,-0.1387529373,-0.0012047233,0.9903262854,0,209.2,-165.8,1666.0,1,0.9943931699,-0.0198934600,0.1038577333,0.0195731744,0.9998000264,0.0041022561,-0.1039185748,-0.0020464298,0.9945837259,0,210.2,-558.6,1666.4,0,0.5638971329,-0.0864029601,0.8213127255,-0.1623954922,0.9634932280,0.2128580213,-0.8097208142,-0.2534075081,0.5292795897,1,315.6,-211.3,1526.3,1,0.5716179609,-0.0005340666,0.8205196857,-0.0003455717,0.9999995232,0.0008916317,-0.8205197453,-0.0007932211,0.5716175437,0,349.5,-589.7,1625.9,1,228.1,-287.0,1617.2,0,318.4,-324.5,1436.4,1,217.7,-936.3,1667.2,0,349.7,-967.5,1626.2,0,
15,0.5891703963,0.0893808603,0.8030510545,-0.2407818735,0.9681307673,0.0688987374,-0.7712997198,-0.2339531183,0.5919158459,1,328.9,389.3,1460.6,1,0.5891703963,0.0893808603,0.8030510545,-0.2407818735,0.9681307673,0.0688987374,-0.7712997198,-0.2339531183,0.5919158459,1,310.6,190.8,1508.5,1,0.5880992413,0.1219972894,0.7995358706,-0.2505903244,0.9673969150,0.0367114730,-0.7689893842,-0.2219458520,0.5994973183,1,286.6,0.8,1552.1,1,-0.0000005960,-1.0000001192,0.0000000213,1.0000001192,-0.0000005960,0.0000000794,-0.0000000794,0.0000000213,1.0000000000,0,228.0,226.0,1616.5,1,0.0001170039,-0.9999990463,0.0000703947,0.9999990463,0.0001170039,0.0001412573,-0.0001412655,0.0000703783,1.0000000000,0,228.0,-30.9,1616.5,0,0.0131313782,-0.5433073640,0.8394310474,-0.9993029833,0.0222057067,0.0300045535,-0.0349418595,-0.8392399549,-0.5426372290,1,393.1,155.6,1400.6,1,-0.3032421768,-0.5434716940,0.7827404737,-0.9372218847,0.0216451585,-0.3480612934,0.1722189337,-0.8391484022,-0.5159173012,1,396.3,-84.1,1392.2,1,0.9905402064,-0.0021150839,0.1372065842,0.0019587507,0.9999972582,0.0012744064,-0.1372089088,-0.0009935972,0.9905416369,0,209.5,-166.6,1665.2,1,0.9954576492,-0.0178960506,0.0935079977,0.0176365729,0.9998379946,0.0036006523,-0.0935572907,-0.0019351365,0.9956120253,0,210.4,-559.4,1665.6,0,0.5653046966,-0.0809893608,0.8208966851,-0.1644560397,0.9641242027,0.2083716393,-0.8083222508,-0.2527948618,0.5317047238,1,315.8,-211.8,1526.3,1,0.5732958317,-0.0002670524,0.8193483949,-0.0001718362,0.9999998212,0.0004461660,-0.8193483949,-0.0003965788,0.5732957721,0,347.6,-590.6,1625.6,1,228.0,-287.7,1616.5,0,318.4,-324.8,1436.4,1,217.1,-937.0,1666.3,0,347.7,-968.3,1625.7,0,
16,0.5805625916,0.0924761668,0.8089481592,-0.2401405424,0.9687820077,0.0615952834,-0.7779977918,-0.2300210446,0.5846464038,1,329.6,389.6,1462.5,1,0.5805625916,0.0924761668,0.8089481592,-0.2401405424,0.9687820077,0.0615952834,-0.7779977918,-0.2300210446,0.5846464038,1,310.6,190.9,1509.7,1,0.5793594718,0.1245407015,0.8055022955,-0.2508749068,0.9675278068,0.0308504757,-0.7755032778,-0.2199537456,0.5917911530,1,286.1,0.8,1552.9,1,-0.0000005960,-1.0000001192,0.0000000170,1.0000001192,-0.0000005960,0.0000000635,-0.0000000635,0.0000000170,1.0000000000,0,229.3,226.1,1618.5,1,0.0001072288,-0.9999990463,0.0000633545,0.9999990463,0.0001072288,0.0001271317,-0.0001271385,0.0000633410,1.0000000000,0,229.3,-30.8,1618.5,0,0.0137090059,-0.5512868166,0.8342032433,-0.9992311001,0.0230938513,0.0316826962,-0.0367312096,-0.8339961767,-0.5505464077,1,391.9,155.7,1400.8,1,-0.3014027178,-0.5519599319,0.7774938941,-0.9371074438,0.0209402740,-0.3484124541,0.1760287434,-0.8336077929,-0.5235571861,1,395.2,-85.0,1392.0,1,0.9890556335,-0.0016814451,0.1475334316,0.0015423140,0.9999982715,0.0010574406,-0.1475349665,-0.0008183249,0.9890565276,0,208.9,-166.3,1666.7,1,0.9963201880,-0.0160993878,0.0841836482,0.0158891808,0.9998687506,0.0031664527,-0.0842235833,-0.0018171917,0.9964452386,0,209.6,-559.2,1667.0,0,0.5565049648,-0.0848613828,0.8264991045,-0.1633484662,0.9641797543,0.2089849114,-0.8146284819,-0.2513085008,0.5227088332,1,314.4,-212.0,1525.4,1,0.5643038154,-0.0001335612,0.8255671263,-0.0000881922,1.0000000000,0.0002220636,-0.8255671263,-0.0001981199,0.5643037558,0,347.8,-590.8,1624.2,1,229.2,-287.6,1618.5,0,317.8,-325.7,1437.2,1,215.6,-936.8,1667.7,0,347.8,-968.5,1624.2,0,
17,0.5770502687,0.0920722038,0.8115031719,-0.2425948530,0.9681015015,0.0626666918,-0.7798472047,-0.2330282480,0.5809800625,1,328.9,387.6,1461.9,1,0.5770502687,0.0920722038,0.8115031719,-0.2425948530,0.9681015015,0.0626666918,-0.7798472047,-0.2330282480,0.5809800625,1,310.1,189.8,1509.5,1,0.5760638118,0.1231223717,0.8080798388,-0.2514669001,0.9673407674,0.0318776220,-0.7777633667,-0.2215688229,0.5882118344,1,285.9,-0.2,1553.1,1,-0.0000005960,-1.0000001192,0.0000000136,1.0000001192,-0.0000005960,0.0000000508,-0.0000000508,0.0000000136,1.0000000000,0,229.2,225.1,1618.7,1,0.0000984669,-0.9999990463,0.0000570185,0.9999990463,0.0000984669,0.0001144187,-0.0001144242,0.0000570073,1.0000000000,0,229.2,-31.8,1618.7,0,0.0210991893,-0.5548991561,0.8316500783,-0.9991111755,0.0186598487,0.0377980731,-0.0364925787,-0.8317083716,-0.5540121794,1,390.9,154.5,1400.4,1,-0.3023546636,-0.5536912680,0.7758916020,-0.9368125200,0.0223450661,-0.3491175473,0.1759659648,-0.8324223161,-0.5254610181,1,396.0,-84.9,1391.6,1,0.9884240031,-0.0013357544,0.1517107487,0.0012179291,0.9999988675,0.0008695667,-0.1517117471,-0.0006747276,0.9884245396,0,209.4,-167.4,1667.1,1,0.9970189929,-0.0144833680,0.0757848024,0.0143130794,0.9998936653,0.0027896794,-0.0758171529,-0.0016966495,0.9971203208,0,210.0,-560.2,1667.4,0,0.5526075959,-0.0940292925,0.8281202912,-0.1598398983,0.9632144570,0.2160303444,-0.8179706335,-0.2517467141,0.5172500014,1,313.9,-213.0,1526.0,1,0.5600540638,-0.0000667389,0.8284559846,-0.0000445539,0.9999999404,0.0001106776,-0.8284559250,-0.0000988964,0.5600541234,0,350.9,-591.4,1624.9,1,229.2,-288.6,1618.7,0,318.3,-325.5,1436.8,1,215.4,-937.9,1668.0,0,350.9,-969.1,1625.0,0,
18,0.5655936599,0.0911533162,0.8196319938,-0.2417391539,0.9685397744,0.0591003485,-0.7884586453,-0.2315638661,0.5698359013,1,328.4,389.0,1462.6,1,0.5655936599,0.0911533162,0.8196319938,-0.2417391539,0.9685397744,0.0591003485,-0.7884586453,-0.2315638661,0.5698359013,1,309.7,190.8,1510.0,1,0.5644634366,0.1218740121,0.8164125681,-0.2520096004,0.9672644138,0.0298449360,-0.7860491276,-0.2225901335,0.5766993761,1,285.8,0.8,1553.8,1,-0.0000005960,-1.0000001192,0.0000000109,1.0000001192,-0.0000005960,0.0000000406,-0.0000000406,0.0000000109,1.0000000000,0,230.5,226.1,1620.4,1,0.0000904202,-0.9999990463,0.0000513162,0.9999990463,0.0000904202,0.0001029769,-0.0001029815,0.0000513070,1.0000000000,0,230.5,-30.7,1620.4,0,0.0283169914,-0.5664856434,0.8235849738,-0.9988975525,0.0148251578,0.0445418656,-0.0374421030,-0.8239383101,-0.5654412508,1,389.0,155.4,1399.7,1,-0.2999010086,-0.5646172166,0.7689387202,-0.9364832640,0.0206200629,-0.3501056433,0.1818201244,-0.8250952959,-0.5349385142,1,395.8,-86.1,1390.7,1,0.9861319661,-0.0010606280,0.1659594625,0.0009536151,0.9999992847,0.0007244959,-0.1659601182,-0.0005561872,0.9861323237,0,210.5,-166.2,1669.1,1,0.9975851774,-0.0130298370,0.0682207420,0.0128918895,0.9999138713,0.0024619512,-0.0682469383,-0.0015765118,0.9976671934,0,210.9,-559.1,1669.3,0,0.5399060249,-0.1005051062,0.8357034326,-0.1532954574,0.9645009637,0.2150313109,-0.8276485205,-0.2442062348,0.5053328872,1,313.3,-212.1,1525.9,1,0.5466261506,-0.0000333691,0.8373767138,-0.0000231659,1.0000000000,0.0000549719,-0.8373767138,-0.0000494477,0.5466261506,0,352.8,-591.0,1621.8,1,230.5,-287.5,1620.4,0,318.8,-326.6,1437.4,1,215.8,-936.7,1669.9,0,352.8,-968.7,1621.8,0,
19,0.5560560822,0.0848219395,0.8268062472,-0.2426149547,0.9680186510,0.0638581663,-0.7949469090,-0.2361042202,0.5588523149,1,327.7,389.2,1461.0,1,0.5560560822,0.0848219395,0.8268062472,-0.2426149547,0.9680186510,0.0638581663,-0.7949469090,-0.2361042202,0.5588523149,1,310.4,191.0,1509.4,1,0.5550072789,0.1188860759,0.8233071566,-0.2525781989,0.9670919180,0.0306191277,-0.7925730944,-0.2249432355,0.5667716265,1,287.0,1.0,1553.5,1,-0.0000005960,-1.0000001192,0.0000000087,1.0000001192,-0.0000005960,0.0000000325,-0.0000000325,0.0000000087,1.0000000000,0,232.5,226.4,1620.6,1,0.0000831485,-0.9999990463,0.0000461842,0.9999990463,0.0000831485,0.0000926793,-0.0000926831,0.0000461766,1.0000000000,0,232.5,-30.4,1620.6,0,0.0324508920,-0.5763422251,0.8165639043,-0.9987639785,0.0120765120,0.0482154340,-0.0376498364,-0.8171192408,-0.5752379298,1,388.3,155.5,1398.1,1,-0.2928695977,-0.5746403337,0.7642092705,-0.9379571080,0.0174814612,-0.3463103175,0.1856444031,-0.8182192445,-0.5441077948,1,396.1,-85.5,1389.0,1,0.9840779305,-0.0008413173,0.1777352989,0.0007463013,0.9999995232,0.0006014465,-0.1777357161,-0.0004592261,0.9840781093,0,213.6,-166.1,1669.3,1,0.9980438352,-0.0117224380,0.0614092611,0.0116106924,0.9999302030,0.0021762177,-0.0614304878,-0.0014589564,0.9981102943,0,213.9,-559.0,1669.5,0,0.5301134586,-0.1010426581,0.8418849111,-0.1557357907,0.9643819928,0.2138075978,-0.8335023522,-0.2444538772,0.4954959452,1,313.8,-211.7,1526.2,1,0.5369169116,-0.0000167249,0.8436351418,-0.0000120143,1.0000000000,0.0000274710,-0.8436351418,-0.0000248853,0.5369169116,0,353.5,-590.6,1622.2,1,232.5,-287.3,1620.6,0,320.9,-326.4,1436.7,1,218.3,-936.6,1670.0,0,353.5,-968.3,1622.2,0,
20,0.5506787896,0.0804384872,0.8308333755,-0.2381676584,0.9691110253,0.0640322044,-0.8000186086,-0.2331387699,0.5528272986,1,327.1,388.2,1461.2,1,0.5506787896,0.0804384872,0.8308333755,-0.2381676584,0.9691110253,0.0640322044,-0.8000186086,-0.2331387699,0.5528272986,1,310.7,190.0,1508.8,1,0.5495519042,0.1171501279,0.8272062540,-0.2492161244,0.9680293202,0.0284722298,-0.7974238992,-0.2218000740,0.5611785650,1,287.6,-0.1,1552.4,1,-0.0000005960,-1.0000001192,0.0000000070,1.0000001192,-0.0000005960,0.0000000260,-0.0000000260,0.0000000070,1.0000000000,0,233.5,225.0,1620.8,1,0.0000767112,-0.9999990463,0.0000415655,0.9999990463,0.0000767112,0.0000834114,-0.0000834146,0.0000415591,1.0000000000,0,233.5,-31.8,1620.8,0,0.0343380161,-0.5818561316,0.8125665784,-0.9986691475,0.0113303643,0.0503158234,-0.0384832434,-0.8132129312,-0.5806926489,1,387.8,155.1,1396.9,1,-0.2886407077,-0.5801886320,0.7616217732,-0.9391286969,0.0167438388,-0.3431574106,0.1863435507,-0.8143100739,-0.5497046709,1,396.1,-85.5,1387.7,1,0.5973798037,-0.1514605731,0.7875257730,-0.0258276984,0.9778603911,0.2076582462,-0.8015423417,-0.1443908513,0.5802422166,1,214.9,-167.7,1668.1,1,0.5969999433,0.0045215636,0.8022285700,-0.0075281956,0.9999716878,-0.0000337852,-0.8022060394,-0.0060191634,0.5970170498,0,274.4,-551.8,1724.8,1,0.5242272615,-0.1045950353,0.8451305628,-0.1510008872,0.9652845263,0.2131301165,-0.8380838037,-0.2393440753,0.4902345836,1,314.3,-212.8,1523.8,1,0.5305729508,-0.0000084028,0.8476393223,-0.0000062255,1.0000000000,0.0000138100,-0.8476393223,-0.0000126042,0.5305729508,0,355.4,-591.9,1617.9,1,233.5,-288.7,1620.8,0,321.9,-326.7,1435.5,1,272.7,-929.5,1727.1,0,355.4,-969.6,1617.9,0,
21,0.5393522382,0.0758708790,0.8386563659,-0.2362870723,0.9695571065,0.0642466545,-0.8082501292,-0.2328151762,0.5408605933,1,327.0,388.7,1460.8,1,0.5393522382,0.0758708790,0.8386563659,-0.2362870723,0.9695571065,0.0642466545,-0.8082501292,-0.2328151762,0.5408605933,1,311.5,190.3,1508.4,1,0.5383189321,0.1123376414,0.8352213502,-0.2469283938,0.9686035514,0.0288732685,-0.8057541847,-0.2217828631,0.5491575003,1,289.4,0.1,1552.0,1,-0.0000005960,-1.0000001192,0.0000000056,1.0000001192,-0.0000005960,0.0000000208,-0.0000000208,0.0000000056,1.0000000000,0,235.9,225.0,1621.5,1,0.0000709891,-0.9999990463,0.0000374087,0.9999990463,0.0000709891,0.0000750703,-0.0000750729,0.0000374034,1.0000000000,0,235.9,-31.9,1621.5,0,0.0380074345,-0.5935155749,0.8039244413,-0.9985152483,0.0088584740,0.0537471436,-0.0390213169,-0.8047735691,-0.5922976732,1,387.0,155.7,1395.3,1,-0.2871316969,-0.5908416510,0.7539638281,-0.9389069080,0.0176686794,-0.3437174261,0.1897610426,-0.8065940142,-0.5598185062,1,396.2,-86.5,1385.9,1,0.6028681993,-0.0677793100,0.7949564457,-0.1726784408,0.9616835117,0.2129482478,-0.7789300084,-0.2656516135,0.5680643916,1,218.6,-167.8,1668.5,1,0.6114652157,0.0022608046,0.7912681699,-0.0037637805,0.9999929070,0.0000513504,-0.7912624478,-0.0030095582,0.6114693880,0,245.2,-545.6,1772.8,1,0.5127101541,-0.1081004888,0.8517292142,-0.1527977884,0.9647161365,0.2144193798,-0.8448557258,-0.2400773168,0.4781022370,1,316.1,-212.5,1522.6,1,0.5190585852,-0.0000042014,0.8547385931,-0.0000030678,1.0000000000,0.0000067784,-0.8547385931,-0.0000061405,0.5190585852,0,358.6,-591.5,1616.9,1,235.9,-288.7,1621.5,0,322.5,-327.7,1434.6,1,244.4,-923.3,1774.0,0,358.6,-969.2,1616.9,0,
22,0.5280193686,0.0783423483,0.8456119299,-0.2300636172,0.9716966748,0.0536334552,-0.8174759150,-0.2228640318,0.5310989022,1,327.8,389.0,1463.1,1,0.5280193686,0.0783423483,0.8456119299,-0.2300636172,0.9716966748,0.0536334552,-0.8174759150,-0.2228640318,0.5310989022,1,311.8,190.0,1508.7,1,0.5267933011,0.1131562144,0.8424287438,-0.2424954027,0.9699175358,0.0213581733,-0.8146689534,-0.2155364156,0.5383864045,1,289.6,-0.5,1551.0,1,-0.0000005960,-1.0000001192,0.0000000045,1.0000001192,-0.0000005960,0.0000000166,-0.0000000166,0.0000000045,1.0000000000,0,237.9,224.0,1623.0,1,0.0000658035,-0.9999990463,0.0000336676,0.9999990463,0.0000658035,0.0000675633,-0.0000675655,0.0000336632,1.0000000000,0,237.9,-32.8,1623.0,0,0.0468599051,-0.6034572124,0.7960173488,-0.9980012178,0.0055425297,0.0629520416,-0.0424008109,-0.7973762155,-0.6019912362,1,385.7,155.9,1394.4,1,-0.2827192247,-0.5991091132,0.7490915060,-0.9406365752,0.0202567428,-0.3388104439,0.1878102869,-0.8004111052,-0.5692709088,1,397.1,-85.6,1384.1,1,0.5950783491,-0.0214075409,0.8033824563,-0.2355675995,0.9510914683,0.1998322159,-0.7683681250,-0.3081667423,0.5609309673,1,219.6,-169.1,1667.2,1,0.6117384434,0.0011303513,0.7910593152,-0.0018818390,0.9999981523,0.0000263494,-0.7910578251,-0.0015047651,0.6117395163,0,228.0,-542.7,1788.2,1,0.5032271743,-0.1032644361,0.8579620123,-0.1679962724,0.9622018933,0.2143469602,-0.8476670980,-0.2519996464,0.4668581486,1,315.1,-213.0,1519.6,1,0.5107392669,-0.0000021007,0.8597356677,-0.0000017056,1.0000000000,0.0000034567,-0.8597356677,-0.0000032318,0.5107392669,0,355.6,-591.0,1618.6,1,237.9,-289.7,1623.1,0,324.5,-327.2,1432.4,1,227.6,-920.4,1788.8,0,355.6,-968.7,1618.6,0,
23,0.5298113227,0.0742907450,0.8448565602,-0.2275702506,0.9720785022,0.0572321117,-0.8170143366,-0.2225864381,0.5319250226,1,326.8,385.7,1461.7,1,0.5298113227,0.0742907450,0.8448565602,-0.2275702506,0.9720785022,0.0572321117,-0.8170143366,-0.2225864381,0.5319250226,1,311.5,186.6,1507.3,1,0.5285998583,0.1100730523,0.8417053223,-0.2403346896,0.9703927636,0.0240307115,-0.8141388893,-0.2149936110,0.5394042730,1,289.9,-4.0,1549.5,1,-0.0000005960,-1.0000001192,0.0000000036,1.0000001192,-0.0000005960,0.0000000133,-0.0000000133,0.0000000036,1.0000000000,0,237.4,220.3,1621.6,1,0.0000610352,-0.9999990463,0.0000303006,0.9999990463,0.0000610352,0.0000608070,-0.0000608088,0.0000302970,1.0000000000,0,237.4,-36.5,1621.6,0,0.0560323894,-0.6026420593,0.7960419655,-0.9971778393,0.0061236173,0.0748259425,-0.0499679260,-0.7979880571,-0.6005981565,1,385.7,152.9,1393.0,1,-0.2782017291,-0.5984876752,0.7512764931,-0.9427632093,0.0204283595,-0.3328365684,0.1838512123,-0.8008715510,-0.5699154139,1,399.1,-84.5,1381.1,1,0.5972850323,-0.0117601836,0.8019428253,-0.2583917677,0.9437575340,0.2062893808,-0.7592656016,-0.3304289579,0.5606535673,1,220.4,-172.8,1665.5,1,0.6176878214,0.0005651723,0.7864233255,-0.0009407878,0.9999995828,0.0000202702,-0.7864229679,-0.0007523780,0.6176880598,0,225.0,-543.5,1795.3,1,0.5053169131,-0.1151932105,0.8552107811,-0.1702395678,0.9582657218,0.2296634465,-0.8459748030,-0.2616434991,0.4646174014,1,316.2,-216.4,1518.0,1,0.5130756497,-0.0000011311,0.8583434224,-0.0000008067,1.0000000000,0.0000018000,-0.8583434224,-0.0000016159,0.5130756497,0,361.5,-592.8,1620.8,1,237.3,-293.4,1621.6,0,327.6,-326.7,1428.4,1,224.8,-921.3,1795.6,0,361.5,-970.5,1620.8,0,
