1,0.6720133424,0.0862361193,0.7355014682,-0.2235585898,0.9704813957,0.0904748440,-0.7059888840,-0.2252284288,0.6714569330,1,389.4,374.5,1405.9,1,0.6720133424,0.0862361193,0.7355014682,-0.2235585898,0.9704813957,0.0904748440,-0.7059888840,-0.2252284288,0.6714569330,1,371.7,175.0,1452.2,1,0.6715362668,0.1127934083,0.7323371172,-0.2282145470,0.9717842937,0.0595954359,-0.7049523592,-0.2071509808,0.6783311963,1,349.6,-15.8,1492.9,1,0.2294272333,-0.9132953882,-0.3365331888,0.9225328565,0.0938088074,0.3743434846,-0.3103164136,-0.3963475227,0.8640673161,1,277.5,207.1,1551.2,1,0.1802411377,-0.9094438553,-0.3747331202,0.9753505588,0.1159428954,0.1877461672,-0.1272969693,-0.3993357420,0.9079241753,1,214.9,-44.7,1635.8,1,0.1304144114,-0.0122336000,0.9913840294,-0.9897991419,-0.0594521277,0.1294722855,0.0573559850,-0.9981561303,-0.0198622216,1,466.0,143.0,1353.3,1,-0.2174387723,-0.0390349366,0.9752931595,-0.9587638378,-0.1788031906,-0.2209100276,0.1830087155,-0.9831102490,0.0014534562,1,498.2,-101.3,1367.4,1,0.6767625809,0.0450164452,0.7348237634,-0.2120318115,0.9677544236,0.1359922588,-0.7050070167,-0.2478404641,0.6644849181,0,266.5,-186.0,1597.5,1,-0.1931306124,-0.0032845093,0.9811681509,-0.0001142191,0.9999944568,0.0033250502,-0.9811736345,0.0005300991,-0.1931298971,0,248.8,-566.2,1694.9,0,0.6767625809,0.0450164452,0.7348237634,-0.2120318115,0.9677544236,0.1359922588,-0.7050070167,-0.2478404641,0.6644849181,0,388.3,-227.4,1469.7,1,-0.1931306124,-0.0032845093,0.9811681509,-0.0001142191,0.9999944568,0.0033250502,-0.9811736345,0.0005300991,-0.1931298971,0,370.6,-607.6,1567.0,0,168.6,-295.2,1668.5,1,439.5,-359.9,1416.8,1,250.1,-943.9,1694.7,0,371.9,-985.3,1566.8,0,
2,0.6730303168,0.0883876011,0.7343151569,-0.2247965783,0.9703094959,0.0892425105,-0.7046256661,-0.2251349092,0.6729185581,1,389.3,374.2,1406.6,1,0.6730303168,0.0883876011,0.7343151569,-0.2247965783,0.9703094959,0.0892425105,-0.7046256661,-0.2251349092,0.6729185581,1,371.2,174.9,1452.9,1,0.6723493934,0.1164305806,0.7310206294,-0.2312513292,0.9711619020,0.0580136962,-0.7031854391,-0.2080554664,0.6798865199,1,348.3,-15.9,1493.8,1,0.2265297025,-0.9133136272,-0.3384411633,0.9238800406,0.0914509967,0.3715943396,-0.3084314167,-0.3968561888,0.8645086288,1,276.8,207.3,1551.6,1,0.1795965880,-0.9094013572,-0.3751454949,0.9750851393,0.1140893623,0.1902433485,-0.1302074641,-0.3999658525,0.9072338939,1,215.3,-43.5,1635.3,1,0.1323393285,-0.0111210756,0.9911420941,-0.9898533821,-0.0536747985,0.1315650046,0.0517362058,-0.9984965920,-0.0181115195,1,465.5,142.4,1354.2,1,-0.2161284536,-0.0395857841,0.9755621552,-0.9586532116,-0.1808499992,-0.2197208554,0.1851282269,-0.9827136993,0.0011377922,1,498.0,-100.0,1366.9,1,0.7884687781,0.0530083515,0.6127863526,-0.1623056084,0.9788980484,0.1241593137,-0.5932738185,-0.1973544061,0.7804341316,0,264.5,-185.6,1598.4,1,-0.0178371668,-0.0030650005,0.9998366833,0.0001656092,0.9999952912,0.0030684425,-0.9998413324,0.0002203132,-0.0178365707,0,243.7,-570.2,1675.9,0,0.7884687781,0.0530083515,0.6127863526,-0.1623056084,0.9788980484,0.1241593137,-0.5932738185,-0.1973544061,0.7804341316,0,386.4,-227.6,1470.9,1,-0.0178371668,-0.0030650005,0.9998366833,0.0001656092,0.9999952912,0.0030684425,-0.9998413324,0.0002203132,-0.0178365707,0,365.6,-612.1,1548.4,0,169.2,-294.0,1668.8,1,439.7,-358.6,1416.8,1,244.8,-947.9,1675.8,0,366.7,-989.8,1548.3,0,
3,0.6702840924,0.0910332203,0.7365005612,-0.2254139483,0.9705305696,0.0851885602,-0.7070419192,-0.2231184989,0.6710531712,1,390.7,373.6,1407.0,1,0.6702840924,0.0910332203,0.7365005612,-0.2254139483,0.9705305696,0.0851885602,-0.7070419192,-0.2231184989,0.6710531712,1,372.1,174.4,1452.8,1,0.6696225405,0.1187091023,0.7331539392,-0.2315391004,0.9713133574,0.0542049147,-0.7056881785,-0.2060511410,0.6779008508,1,348.7,-16.4,1493.3,1,0.2348331213,-0.9128354788,-0.3340427279,0.9221068025,0.1004809514,0.3736608326,-0.3075259030,-0.3957709968,0.8653283119,1,278.1,206.9,1551.8,1,0.1721083075,-0.9117222428,-0.3730165958,0.9761196375,0.1068910062,0.1891159415,-0.1325490773,-0.3966572583,0.9083467126,1,214.3,-43.3,1635.3,1,0.1297652870,-0.0134609286,0.9914534092,-0.9900497794,-0.0566447340,0.1288125366,0.0544266738,-0.9983036518,-0.0206775125,1,466.0,141.9,1353.7,1,-0.2159155160,-0.0410742834,0.9755477309,-0.9586831927,-0.1806102693,-0.2197873294,0.1852215528,-0.9826967120,-0.0003806608,1,497.8,-100.5,1367.1,1,0.8626836538,0.0531821549,0.5029398799,-0.1241329014,0.9863016009,0.1086288244,-0.4902732670,-0.1561437100,0.8574678898,0,264.7,-186.2,1597.7,1,0.1405574083,-0.0028236194,0.9900689721,0.0003754282,0.9999960065,0.0027986336,-0.9900729060,-0.0000216704,0.1405579448,0,243.8,-573.6,1659.0,0,0.8626836538,0.0531821549,0.5029398799,-0.1241329014,0.9863016009,0.1086288244,-0.4902732670,-0.1561437100,0.8574678898,0,386.1,-228.1,1469.8,1,0.1405574083,-0.0028236194,0.9900689721,0.0003754282,0.9999960065,0.0027986336,-0.9900729060,-0.0000216704,0.1405579448,0,365.2,-615.6,1531.1,0,170.1,-294.0,1669.3,1,439.6,-359.1,1417.0,1,244.9,-951.3,1659.1,0,366.3,-993.3,1531.1,0,
4,0.6772599220,0.0876619294,0.7305033803,-0.2264942974,0.9694994092,0.0936448574,-0.7000142932,-0.2288772464,0.6764597893,1,390.5,373.5,1404.2,1,0.6772599220,0.0876619294,0.7305033803,-0.2264942974,0.9694994092,0.0936448574,-0.7000142932,-0.2288772464,0.6764597893,1,372.5,174.3,1451.2,1,0.6767350435,0.1144354269,0.7272793055,-0.2315343022,0.9708037376,0.0626905039,-0.6988720894,-0.2108154744,0.6834743619,1,350.0,-16.4,1492.6,1,0.2335108519,-0.9103982449,-0.3415374160,0.9188582897,0.0917037427,0.3837836385,-0.3180756569,-0.4034421146,0.8579407930,1,277.5,206.8,1549.3,1,0.1690229923,-0.9085785747,-0.3819902241,0.9767437577,0.1025362313,0.1883031279,-0.1319203079,-0.4049341381,0.9047793150,1,214.0,-43.3,1635.9,1,0.1239401251,-0.0053942394,0.9922750592,-0.9905643463,-0.0596170463,0.1234023571,0.0584908426,-0.9982067943,-0.0127322851,1,467.5,141.8,1353.1,1,-0.2178170979,-0.0324985050,0.9754483700,-0.9586419463,-0.1804764271,-0.2200770527,0.1831976175,-0.9830422997,0.0081564188,1,497.9,-101.2,1367.5,1,0.9113170505,0.0493296087,0.4087392986,-0.0951517075,0.9911531210,0.0925288200,-0.4005588591,-0.1232153326,0.9079485536,0,266.2,-186.1,1597.4,1,0.2801984549,-0.0025760522,0.9599388838,0.0005256397,0.9999966621,0.0025301203,-0.9599422216,-0.0002043545,0.2801989317,0,246.8,-575.4,1645.8,0,0.9113170505,0.0493296087,0.4087392986,-0.0951517075,0.9911531210,0.0925288200,-0.4005588591,-0.1232153326,0.9079485536,0,388.9,-228.1,1470.7,1,0.2801984549,-0.0025760522,0.9599388838,0.0005256397,0.9999966621,0.0025301203,-0.9599422216,-0.0002043545,0.2801989317,0,369.5,-617.4,1519.1,0,170.6,-294.1,1669.7,1,439.1,-359.8,1416.9,1,247.8,-953.1,1645.9,0,370.5,-995.1,1519.2,0,
5,0.6735337973,0.0916079059,0.7334583402,-0.2283422351,0.9695407748,0.0885928497,-0.7030026913,-0.2271502763,0.6739380956,1,392.1,373.2,1405.3,1,0.6735337973,0.0916079059,0.7334583402,-0.2283422351,0.9695407748,0.0885928497,-0.7030026913,-0.2271502763,0.6739380956,1,373.3,174.1,1451.9,1,0.6730537415,0.1175313443,0.7301958799,-0.2327964455,0.9707739949,0.0583249144,-0.7020008564,-0.2092433274,0.6807456017,1,350.2,-16.6,1493.0,1,0.2374032140,-0.9108716846,-0.3375686407,0.9197980762,0.0990152732,0.3796940446,-0.3124280870,-0.4006355703,0.8613244891,1,278.8,206.8,1550.5,1,0.1675050706,-0.9107377529,-0.3774902523,0.9762032628,0.0997296348,0.1925650388,-0.1377293020,-0.4007628262,0.9057702422,1,214.3,-43.0,1635.3,1,0.1259040087,-0.0093216971,0.9919986129,-0.9903667569,-0.0592770837,0.1251398623,0.0576362684,-0.9981980324,-0.0166951194,1,467.7,141.4,1353.4,1,-0.2226957232,-0.0363941044,0.9742083549,-0.9579512477,-0.1772930175,-0.2256027162,0.1809309721,-0.9834848642,0.0046186214,1,498.6,-101.3,1367.5,1,0.9429130554,0.0437233858,0.3301564157,-0.0732199624,0.9943051338,0.0774350390,-0.3248904645,-0.0971885398,0.9407446980,0,266.1,-186.1,1597.7,1,0.4010657668,-0.0023329905,0.9160463810,0.0006268782,0.9999971986,0.0022723356,-0.9160491228,-0.0003371068,0.4010661244,0,248.9,-576.7,1635.9,0,0.9429130554,0.0437233858,0.3301564157,-0.0732199624,0.9943051338,0.0774350390,-0.3248904645,-0.0971885398,0.9407446980,0,388.1,-228.3,1470.5,1,0.4010657668,-0.0023329905,0.9160463810,0.0006268782,0.9999971986,0.0022723356,-0.9160491228,-0.0003371068,0.4010661244,0,370.9,-618.9,1508.7,0,171.3,-293.7,1670.7,1,438.5,-359.7,1416.3,1,249.8,-954.4,1636.1,0,371.8,-996.6,1508.8,0,
6,0.6781595945,0.0879307836,0.7296359539,-0.2308552414,0.9680487514,0.0979063138,-0.6977148056,-0.2348368764,0.6767925024,1,391.6,372.2,1401.8,1,0.6781595945,0.0879307836,0.7296359539,-0.2308552414,0.9680487514,0.0979063138,-0.6977148056,-0.2348368764,0.6767925024,1,373.6,173.2,1450.1,1,0.6775754094,0.1149280146,0.7264186740,-0.2364351302,0.9693210721,0.0671802014,-0.6964126825,-0.2172710747,0.6839628220,1,351.0,-17.2,1492.8,1,0.2352852523,-0.9093707204,-0.3430536687,0.9172700047,0.0910665169,0.3877145648,-0.3213355541,-0.4058963358,0.8555651307,1,278.5,206.4,1547.8,1,0.1678847820,-0.9080883861,-0.3836538196,0.9761219621,0.0987123325,0.1934987307,-0.1378425658,-0.4069783986,0.9029773474,1,214.5,-43.1,1635.2,1,0.1246332824,-0.0045519746,0.9921923876,-0.9902585149,-0.0631432757,0.1241006553,0.0620853826,-0.9979940057,-0.0123773851,1,468.7,140.0,1352.4,1,-0.2197024822,-0.0305943713,0.9750871062,-0.9587142467,-0.1782085896,-0.2216048986,0.1805487424,-0.9835170507,0.0098216059,1,499.1,-101.5,1367.5,1,0.9633287191,0.0376531109,0.2656689584,-0.0566009954,0.9963417649,0.0640270486,-0.2622862756,-0.0767162219,0.9619358182,0,267.0,-186.1,1598.6,1,0.5042313337,-0.0021012670,0.8635659814,0.0006890302,0.9999976754,0.0020309177,-0.8635682464,-0.0004290292,0.5042316318,0,252.2,-577.5,1628.7,0,0.9633287191,0.0376531109,0.2656689584,-0.0566009954,0.9963417649,0.0640270486,-0.2622862756,-0.0767162219,0.9619358182,0,389.8,-229.0,1472.3,1,0.5042313337,-0.0021012670,0.8635659814,0.0006890302,0.9999976754,0.0020309177,-0.8635682464,-0.0004290292,0.5042316318,0,375.1,-620.4,1502.5,0,171.4,-293.8,1670.6,1,439.8,-360.1,1416.2,1,253.0,-955.2,1628.9,0,375.9,-998.1,1502.6,0,
7,0.6715837717,0.0840725601,0.7361440063,-0.2358139455,0.9661303759,0.1047951430,-0.7024013400,-0.2439722270,0.6686645746,1,391.0,375.6,1399.1,1,0.6715837717,0.0840725601,0.7361440063,-0.2358139455,0.9661303759,0.1047951430,-0.7024013400,-0.2439722270,0.6686645746,1,373.7,176.5,1449.4,1,0.6713956594,0.1110127419,0.7327380180,-0.2376797199,0.9687432647,0.0710141435,-0.7019521594,-0.2218360901,0.6767971516,1,351.9,-13.8,1493.0,1,0.2297370583,-0.9125323296,-0.3383868635,0.9207649827,0.0911496803,0.3793198168,-0.3152977228,-0.3987185955,0.8611683249,1,279.5,209.8,1547.9,1,0.1745728105,-0.9098232985,-0.3764916062,0.9752163291,0.1069770157,0.1936725229,-0.1359318197,-0.4009707272,0.9059498310,1,216.3,-43.3,1634.6,1,0.1266709417,-0.0137262112,0.9918498397,-0.9897627831,-0.0680343732,0.1254628897,0.0657577515,-0.9975885749,-0.0222036727,1,467.9,143.1,1350.9,1,-0.2231076211,-0.0381089002,0.9740486145,-0.9581415057,-0.1753351837,-0.2263238877,0.1794099510,-0.9837710261,0.0026048971,1,499.4,-102.7,1367.2,1,-0.0463492572,-0.0847283900,0.9953255653,-0.4298295677,0.9011284113,0.0566938892,-0.9017196894,-0.4251925945,-0.0781854689,0,269.1,-182.4,1600.3,0,-0.7555859685,0.0014307965,0.6550479531,-0.0018185064,0.9999892116,-0.0042818524,-0.6550469995,-0.0044265166,-0.7555751801,0,302.4,-536.4,1767.4,0,-0.0463492572,-0.0847283900,0.9953255653,-0.4298295677,0.9011284113,0.0566938892,-0.9017196894,-0.4251925945,-0.0781854689,1,391.1,-225.7,1472.7,1,-0.7555859685,0.0014307965,0.6550479531,-0.0018185064,0.9999892116,-0.0042818524,-0.6550469995,-0.0044265166,-0.7555751801,0,424.4,-579.6,1639.7,1,171.5,-293.8,1669.5,1,439.2,-361.1,1415.6,1,301.8,-914.1,1769.0,0,423.9,-957.3,1641.4,0,
8,0.6701918244,0.0896115154,0.7367589474,-0.2359215617,0.9669178724,0.0970009267,-0.7036935091,-0.2388270199,0.6691633463,1,392.8,373.0,1400.7,1,0.6701918244,0.0896115154,0.7367589474,-0.2359215617,0.9669178724,0.0970009267,-0.7036935091,-0.2388270199,0.6691633463,1,374.4,174.4,1449.8,1,0.6701746583,0.1143932417,0.7333356142,-0.2360845953,0.9695882797,0.0645053312,-0.7036551833,-0.2163596004,0.6768016219,1,351.9,-16.0,1492.3,1,0.2329138368,-0.9134533405,-0.3336978257,0.9174314737,0.0925592557,0.3869785368,-0.3226000369,-0.3962775469,0.8595890403,1,280.3,207.5,1548.6,1,0.1735339463,-0.9104443192,-0.3754692376,0.9767533541,0.1103906780,0.1837575287,-0.1258527040,-0.3986289799,0.9084360600,1,217.6,-39.7,1635.5,1,0.1382325739,-0.0141966501,0.9902980924,-0.9884649515,-0.0644485429,0.1370527893,0.0618775748,-0.9978201389,-0.0229417793,1,468.5,141.2,1351.0,1,-0.2290775478,-0.0404084101,0.9725691080,-0.9564156532,-0.1765307039,-0.2326072752,0.1810875982,-0.9834654331,0.0017919849,1,502.1,-99.3,1366.1,1,0.2684195638,-0.0106070787,0.9632439017,-0.3491585255,0.9308715463,0.1075479239,-0.8977970481,-0.3651927114,0.2461605668,0,268.6,-185.0,1598.6,1,-0.5759893656,0.0018534310,0.8174552917,-0.0022014782,0.9999902844,-0.0038184852,-0.8174544573,-0.0039990158,-0.5759797096,0,272.8,-550.7,1742.1,0,0.2684195638,-0.0106070787,0.9632439017,-0.3491585255,0.9308715463,0.1075479239,-0.8977970481,-0.3651927114,0.2461605668,0,390.3,-227.9,1470.9,1,-0.5759893656,0.0018534310,0.8174552917,-0.0022014782,0.9999902844,-0.0038184852,-0.8174544573,-0.0039990158,-0.5759797096,0,394.5,-593.6,1614.4,0,173.0,-290.5,1667.8,1,440.3,-357.2,1414.9,1,272.1,-928.4,1743.6,0,393.8,-971.3,1615.9,0,
9,0.6736304164,0.0863754302,0.7340043783,-0.2307597697,0.9680762887,0.0978595987,-0.7021200657,-0.2353003472,0.6720592380,1,393.7,372.5,1401.0,1,0.6736304164,0.0863754302,0.7340043783,-0.2307597697,0.9680762887,0.0978595987,-0.7021200657,-0.2353003472,0.6720592380,1,375.9,173.5,1449.4,1,0.6734172702,0.1135192737,0.7304954529,-0.2328272909,0.9704201221,0.0638320372,-0.7016418576,-0.2130653858,0.6799296737,1,353.6,-17.1,1491.3,1,0.2293880582,-0.9134296179,-0.3361955881,0.9165717363,0.0864850804,0.3904054761,-0.3275320232,-0.3977017403,0.8570625186,1,281.4,206.2,1547.9,1,0.1740220785,-0.9085859060,-0.3797210157,0.9784939885,0.1161772609,0.1704476029,-0.1107513383,-0.4012163877,0.9092631936,1,219.3,-42.0,1636.6,1,0.1296696216,-0.0099673215,0.9915071726,-0.9897077680,-0.0623476729,0.1288075298,0.0605342984,-0.9980047345,-0.0179493334,1,470.5,140.8,1350.9,1,-0.2211524099,-0.0353510790,0.9745983481,-0.9587470889,-0.1751260310,-0.2239078283,0.1785929203,-0.9839110970,0.0048368080,1,502.2,-101.3,1365.7,1,0.5049375296,0.0311632082,0.8625932336,-0.2746175528,0.9532206059,0.1263159961,-0.8183051944,-0.3006649017,0.4898747802,0,270.3,-186.6,1596.8,1,-0.3851338625,0.0021359266,0.9228583574,-0.0024418246,0.9999914765,-0.0033334885,-0.9228576422,-0.0035372972,-0.3851253986,0,258.0,-561.0,1714.9,0,0.5049375296,0.0311632082,0.8625932336,-0.2746175528,0.9532206059,0.1263159961,-0.8183051944,-0.3006649017,0.4898747802,0,392.4,-228.8,1469.5,1,-0.3851338625,0.0021359266,0.9228583574,-0.0024418246,0.9999914765,-0.0033334885,-0.9228576422,-0.0035372972,-0.3851253986,0,380.2,-603.3,1587.6,0,174.6,-293.3,1665.0,1,442.5,-359.8,1413.9,1,257.2,-938.7,1716.2,0,379.4,-981.0,1588.9,0,
10,0.6767050028,0.0825455263,0.7316129804,-0.2248173058,0.9694015384,0.0985709801,-0.7010907531,-0.2311831713,0.6745581031,1,394.4,372.5,1401.2,1,0.6767050028,0.0825455263,0.7316129804,-0.2248173058,0.9694015384,0.0985709801,-0.7010907531,-0.2311831713,0.6745581031,1,377.5,173.5,1448.7,1,0.6763310432,0.1120877340,0.7280204296,-0.2285472155,0.9715078473,0.0627453774,-0.7002451420,-0.2088241726,0.6826798320,1,355.4,-17.3,1489.7,1,0.2431414723,-0.9128702879,-0.3279482722,0.8976740241,0.0836667120,0.4326443374,-0.3675097823,-0.3995844126,0.8398028612,1,282.5,205.5,1547.0,1,0.1413273662,-0.9096903205,-0.3904994726,0.9884630442,0.1079658195,0.1062265411,-0.0544726662,-0.4010069966,0.9144539237,1,216.6,-38.0,1646.7,1,0.1241118833,-0.0064502568,0.9922473431,-0.9906368256,-0.0581235737,0.1235326082,0.0568761341,-0.9982886314,-0.0136036873,1,472.4,141.4,1350.4,1,-0.2197889686,-0.0324294083,0.9750083089,-0.9593310356,-0.1742892861,-0.2220519632,0.1771345139,-0.9841603041,0.0071963277,1,502.9,-102.0,1364.4,1,-0.0412008464,-0.0690715313,0.9967604876,-0.4095247686,0.9111278057,0.0462099463,-0.9113680124,-0.4062942266,-0.0658257604,0,272.7,-187.6,1593.6,0,-0.7474677563,0.0017675657,0.6642957926,0.0047333981,0.9999852180,0.0026652622,-0.6642812490,0.0051365737,-0.7474650741,0,299.9,-545.5,1753.2,0,-0.0412008464,-0.0690715313,0.9967604876,-0.4095247686,0.9111278057,0.0462099463,-0.9113680124,-0.4062942266,-0.0658257604,1,394.1,-228.7,1467.9,1,-0.7474677563,0.0017675657,0.6642957926,0.0047333981,0.9999852180,0.0026652622,-0.6642812490,0.0051365737,-0.7474650741,0,421.3,-586.6,1627.5,1,180.3,-291.3,1660.6,1,443.6,-360.7,1412.1,1,299.2,-923.3,1751.2,0,420.6,-964.3,1625.5,0,
11,0.6600137949,0.0774234682,0.7472538352,-0.2277791947,0.9684759974,0.1008428410,-0.7158904076,-0.2367670089,0.6568445563,1,394.9,370.9,1399.8,1,0.6600137949,0.0774234682,0.7472538352,-0.2277791947,0.9684759974,0.1008428410,-0.7158904076,-0.2367670089,0.6568445563,1,379.0,172.0,1448.4,1,0.6597506404,0.1062122732,0.7439415455,-0.2305590808,0.9708258510,0.0658631623,-0.7152428627,-0.2149762511,0.6649928093,1,358.1,-18.7,1490.6,1,0.2429740876,-0.9183884263,-0.3122921288,0.9022032619,0.0956818238,0.4205643237,-0.3563607037,-0.3839372098,0.8518211842,1,286.4,204.4,1548.8,1,0.1474467218,-0.9158850312,-0.3733819425,0.9872721434,0.1135369390,0.1113692224,-0.0596087649,-0.3850506246,0.9209684134,1,220.7,-39.8,1645.2,1,0.1301189214,-0.0295835957,0.9910569191,-0.9896129966,-0.0654871836,0.1279745102,0.0611155853,-0.9974147081,-0.0377974324,1,471.6,139.6,1348.0,1,-0.2136042863,-0.0518422052,0.9755436778,-0.9610267878,-0.1682437211,-0.2193664312,0.1755015552,-0.9843811989,-0.0138841672,1,503.3,-101.4,1362.9,1,0.2731159329,-0.0007382035,0.9619808197,-0.3333799243,0.9379565120,0.0953696221,-0.9023666382,-0.3467520475,0.2559247613,0,277.8,-188.5,1597.4,1,-0.5669018030,0.0010756578,0.8237849474,0.0047535608,0.9999867678,0.0019655097,-0.8237719536,0.0050301617,-0.5668992996,0,278.1,-557.0,1733.6,0,0.2731159329,-0.0007382035,0.9619808197,-0.3333799243,0.9379565120,0.0953696221,-0.9023666382,-0.3467520475,0.2559247613,0,396.8,-230.1,1468.3,1,-0.5669018030,0.0010756578,0.8237849474,0.0047535608,0.9999867678,0.0019655097,-0.8237719536,0.0050301617,-0.5668992996,0,397.1,-598.6,1604.6,0,182.8,-293.1,1660.5,1,445.6,-360.5,1410.3,1,277.7,-934.7,1731.7,0,396.6,-976.3,1602.7,0,
12,0.6476686597,0.0757586285,0.7581470013,-0.2267119437,0.9691352844,0.0968340114,-0.7274116874,-0.2345978320,0.6448555589,1,395.2,371.9,1400.6,1,0.6476686597,0.0757586285,0.7581470013,-0.2267119437,0.9691352844,0.0968340114,-0.7274116874,-0.2345978320,0.6448555589,1,379.6,172.2,1448.9,1,0.6473419666,0.1049618796,0.7549386024,-0.2302192450,0.9711360335,0.0623875856,-0.7266004086,-0.2141880244,0.6528230309,1,358.9,-18.6,1491.0,1,0.2282432616,-0.9249411821,-0.3039552867,0.9144859314,0.0965373293,0.3929325342,-0.3340964317,-0.3676470518,0.8678797483,1,288.7,204.5,1550.9,1,0.1583002955,-0.9214567542,-0.3547651470,0.9845176339,0.1199095547,0.1278535128,-0.0752717480,-0.3695117831,0.9261723161,1,226.8,-43.6,1641.5,1,0.1348089874,-0.0456154719,0.9898210168,-0.9890455008,-0.0668129399,0.1316243112,0.0601287559,-0.9967221618,-0.0541227646,1,470.4,139.9,1347.0,1,-0.2104997188,-0.0654737428,0.9753988385,-0.9625886083,-0.1602626294,-0.2184927464,0.1706255525,-0.9849004745,-0.0292890444,1,503.5,-103.2,1361.7,1,0.5085761547,0.0369444340,0.8602240086,-0.2628313303,0.9580543041,0.1142434776,-0.8199206591,-0.2841953635,0.4969537854,0,279.8,-188.5,1598.7,1,-0.3759179115,0.0004907690,0.9266529679,0.0046279477,0.9999883771,0.0013478232,-0.9266415238,0.0047951718,-0.3759157658,0,265.3,-564.8,1710.4,0,0.5085761547,0.0369444340,0.8602240086,-0.2628313303,0.9580543041,0.1142434776,-0.8199206591,-0.2841953635,0.4969537854,0,396.9,-230.1,1467.4,1,-0.3759179115,0.0004907690,0.9266529679,0.0046279477,0.9999883771,0.0013478232,-0.9266415238,0.0047951718,-0.3759157658,0,382.3,-606.4,1579.0,0,186.2,-296.3,1660.9,1,446.8,-362.9,1407.8,1,265.1,-942.5,1708.6,0,382.2,-984.2,1577.2,0,
13,0.6445657611,0.0703091994,0.7613096833,-0.2185095251,0.9711680412,0.0953124240,-0.7326591015,-0.2277890444,0.6413465738,1,395.7,371.3,1401.5,1,0.6445657611,0.0703091994,0.7613096833,-0.2185095251,0.9711680412,0.0953124240,-0.7326591015,-0.2277890444,0.6413465738,1,381.2,170.9,1448.5,1,0.6439036727,0.1032407954,0.7581096888,-0.2259243876,0.9723265767,0.0594772063,-0.7309904099,-0.2095735818,0.6494109035,1,360.9,-20.1,1489.6,1,0.2205248624,-0.9288525581,-0.2976604998,0.9132503271,0.0894512683,0.3974573314,-0.3425531685,-0.3594877720,0.8680010438,1,290.8,202.6,1551.0,1,0.1616124362,-0.9239134789,-0.3467926085,0.9837347269,0.1229070723,0.1309954375,-0.0784051940,-0.3623224199,0.9287491441,1,231.2,-44.1,1643.6,1,0.1358031034,-0.0510844737,0.9894179106,-0.9894800782,-0.0572607964,0.1328551918,0.0498680249,-0.9970514774,-0.0583232567,1,471.5,139.2,1345.9,1,-0.2077785432,-0.0740774721,0.9753669500,-0.9619569182,-0.1653524637,-0.2174800932,0.1773896813,-0.9834486842,-0.0369026400,1,504.8,-103.3,1358.1,1,0.6743605137,0.0541687161,0.7364127040,-0.2038515061,0.9722049236,0.1151614189,-0.7097058892,-0.2277791500,0.6666589975,0,282.3,-190.6,1597.0,1,-0.1886326075,0.0000187359,0.9820478559,0.0044032387,0.9999899864,0.0008266987,-0.9820379615,0.0044801328,-0.1886307001,0,261.0,-572.5,1686.4,0,0.6743605137,0.0541687161,0.7364127040,-0.2038515061,0.9722049236,0.1151614189,-0.7097058892,-0.2277791500,0.6666589975,0,398.9,-231.5,1464.6,1,-0.1886326075,0.0000187359,0.9820478559,0.0044032387,0.9999899864,0.0008266987,-0.9820379615,0.0044801328,-0.1886307001,0,377.6,-613.4,1554.1,0,189.7,-296.7,1663.7,1,448.8,-362.7,1405.9,1,261.0,-950.2,1684.7,0,377.6,-991.1,1552.4,0,
14,0.6369865537,0.0609671846,0.7684608102,-0.2175615281,0.9705598354,0.1033390984,-0.7395375967,-0.2330136299,0.6314993501,1,395.4,369.7,1399.4,1,0.6369865537,0.0609671846,0.7684608102,-0.2175615281,0.9705598354,0.1033390984,-0.7395375967,-0.2330136299,0.6314993501,1,382.9,169.7,1447.4,1,0.6365244389,0.0933547243,0.7655863166,-0.2233805358,0.9724147916,0.0671487004,-0.7381995320,-0.2137594223,0.6398210526,1,364.5,-21.3,1489.4,1,0.2075461000,-0.9339874387,-0.2908470333,0.9156200886,0.0808223933,0.3938369155,-0.3443317711,-0.3480446935,0.8719521165,1,293.5,201.0,1551.0,1,0.1835692376,-0.9244133234,-0.3343090415,0.9791095257,0.1416890025,0.1458386928,-0.0874473229,-0.3540966511,0.9311115146,1,237.4,-46.7,1644.2,1,0.1369806528,-0.0643232614,0.9884831309,-0.9896928668,-0.0509592704,0.1338322610,0.0417638458,-0.9966271520,-0.0706407130,1,472.2,138.3,1343.8,1,-0.2092857808,-0.0901481882,0.9736902714,-0.9600617290,-0.1701439768,-0.2221090645,0.1856902689,-0.9812870622,-0.0509391129,1,505.8,-104.6,1354.1,1,0.7869281173,0.0590602010,0.6142117381,-0.1570004076,0.9818131924,0.1067416072,-0.5967369676,-0.1804294586,0.7818888426,0,288.5,-192.1,1598.3,1,-0.0137128830,-0.0003465010,0.9999061227,0.0041177366,0.9999914169,0.0004030017,-0.9998976588,0.0041228756,-0.0137113333,0,265.3,-577.7,1669.1,0,0.7869281173,0.0590602010,0.6142117381,-0.1570004076,0.9818131924,0.1067416072,-0.5967369676,-0.1804294586,0.7818888426,0,403.8,-232.5,1464.5,1,-0.0137128830,-0.0003465010,0.9999061227,0.0041177366,0.9999914169,0.0004030017,-0.9998976588,0.0041228756,-0.0137113333,0,380.6,-618.2,1535.4,0,190.2,-298.1,1666.7,1,449.4,-363.6,1404.2,1,265.5,-955.4,1667.6,0,380.8,-995.9,1533.8,0,
15,0.6270083189,0.0549361967,0.7770736217,-0.2101273090,0.9724629521,0.1007995754,-0.7501385808,-0.2264870703,0.6212875247,1,396.3,369.3,1400.4,1,0.6270083189,0.0549361967,0.7770736217,-0.2101273090,0.9724629521,0.1007995754,-0.7501385808,-0.2264870703,0.6212875247,1,384.9,168.4,1447.2,1,0.6264560223,0.0872647837,0.7745569944,-0.2176864594,0.9737595916,0.0663560331,-0.7484425902,-0.2101802677,0.6290155649,1,367.8,-22.9,1488.4,1,0.1999984682,-0.9394946098,-0.2781198919,0.9155877233,0.0781386197,0.3944534659,-0.3488549590,-0.3335332572,0.8758172989,1,297.0,198.9,1552.2,1,0.1908272356,-0.9274279475,-0.3216556013,0.9788505435,0.1551691145,0.1333200485,-0.0737337396,-0.3402938843,0.9374237657,1,243.0,-48.2,1646.3,1,0.1464661956,-0.0788465962,0.9860683680,-0.9886830449,-0.0443768315,0.1433061510,0.0324593894,-0.9958986044,-0.0844539851,1,472.8,137.8,1342.1,1,-0.2162703425,-0.1066117585,0.9704952240,-0.9582219720,-0.1673974693,-0.2319243550,0.1871843338,-0.9801082015,-0.0659546107,1,508.6,-103.3,1350.1,1,0.8616963625,0.0571615696,0.5041943192,-0.1207339466,0.9881950617,0.0943073481,-0.4928515851,-0.1421376616,0.8584254384,0,293.9,-194.4,1597.5,1,0.1442323923,-0.0006171660,0.9895437956,0.0038008103,0.9999927878,0.0000696898,-0.9895366430,0.0037510162,0.1442337036,0,271.4,-582.6,1653.4,0,0.8616963625,0.0571615696,0.5041943192,-0.1207339466,0.9881950617,0.0943073481,-0.4928515851,-0.1421376616,0.8584254384,0,407.4,-233.8,1461.9,1,0.1442323923,-0.0006171660,0.9895437956,0.0038008103,0.9999927878,0.0000696898,-0.9895366430,0.0037510162,0.1442337036,0,385.0,-622.0,1517.7,0,194.0,-299.5,1665.3,1,450.3,-361.8,1400.5,1,271.7,-960.3,1652.0,0,385.2,-999.7,1516.3,0,
16,0.6139848828,0.0480005853,0.7878573537,-0.2037635148,0.9739543200,0.0994569734,-0.7625639439,-0.2216022164,0.6077756286,1,396.9,366.6,1400.9,1,0.6139848828,0.0480005853,0.7878573537,-0.2037635148,0.9739543200,0.0994569734,-0.7625639439,-0.2216022164,0.6077756286,1,387.0,165.6,1446.6,1,0.6135553718,0.0799881294,0.7855905294,-0.2103063166,0.9754760861,0.0649301782,-0.7611320019,-0.2050534934,0.6153322458,1,371.3,-26.0,1486.9,1,0.1965239048,-0.9455829859,-0.2593278289,0.9098554850,0.0772966146,0.4076616466,-0.3654327691,-0.3160660863,0.8755347133,1,300.9,195.1,1553.4,1,0.2017925084,-0.9306423664,-0.3052617311,0.9773200750,0.1708894074,0.1250695586,-0.0642290264,-0.3235765100,0.9440195560,1,248.2,-49.0,1651.4,1,0.1488511711,-0.0972226188,0.9840685725,-0.9886597395,-0.0346399769,0.1461233050,0.0198816266,-0.9946596026,-0.1012762859,1,473.1,136.1,1339.8,1,-0.2169067562,-0.1287721992,0.9676616192,-0.9562000632,-0.1715593636,-0.2371679544,0.1965520829,-0.9767214656,-0.0859196112,1,509.1,-102.7,1344.6,1,-0.9946458340,-0.0989209563,-0.0299070776,-0.0787347928,0.9128198028,-0.4007004499,0.0669375360,-0.3962002397,-0.9157208800,0,300.0,-198.5,1596.1,0,-0.7748830318,-0.0540661849,0.6297881007,-0.1639149487,0.9794401526,-0.1175956428,-0.6104817986,-0.1943545491,-0.7678139210,0,338.9,-557.1,1751.8,0,-0.9946458340,-0.0989209563,-0.0299070776,-0.0787347928,0.9128198028,-0.4007004499,0.0669375360,-0.3962002397,-0.9157208800,1,411.2,-236.7,1458.2,1,-0.7748830318,-0.0540661849,0.6297881007,-0.1639149487,0.9794401526,-0.1175956428,-0.6104817986,-0.1943545491,-0.7678139210,1,450.2,-596.0,1614.2,1,196.4,-300.0,1667.9,1,450.6,-360.6,1397.6,1,359.3,-927.1,1825.2,0,470.1,-958.3,1686.1,1,
17,0.5828526020,0.0334617607,0.8118889928,-0.1987497061,0.9746733308,0.1025116220,-0.7878974080,-0.2211124599,0.5747430921,1,396.6,365.0,1401.6,1,0.5828526020,0.0334617607,0.8118889928,-0.1987497061,0.9746733308,0.1025116220,-0.7878974080,-0.2211124599,0.5747430921,1,389.7,164.3,1447.1,1,0.5825363398,0.0633607507,0.8103317022,-0.2051230371,0.9761468172,0.0711347014,-0.7864965796,-0.2076568604,0.5816394091,1,377.3,-27.4,1487.9,1,0.2065636665,-0.9523086548,-0.2245880663,0.9069219828,0.1002136692,0.4092062116,-0.3671837449,-0.2882109880,0.8843702078,1,308.0,193.0,1557.4,1,0.2122689486,-0.9375043511,-0.2757305801,0.9751804471,0.1850392073,0.1215876937,-0.0629680306,-0.2946963608,0.9535139799,1,252.3,-51.4,1656.4,1,0.1522335112,-0.1392628849,0.9784838557,-0.9882811308,-0.0326616839,0.1491092145,0.0111935558,-0.9897165298,-0.1426030993,1,471.4,135.5,1336.8,1,-0.2148986310,-0.1719718874,0.9613761902,-0.9541119933,-0.1732245237,-0.2442613840,0.2085400373,-0.9697519541,-0.1268547177,1,508.3,-103.9,1339.5,1,-0.9949842691,-0.0831296444,-0.0556409061,-0.0516571701,0.9033191800,-0.4258474112,0.0856620371,-0.4208372235,-0.9030826092,0,312.5,-200.7,1599.2,0,-0.8081625104,-0.0268893018,0.5883452892,-0.0785476565,0.9949541092,-0.0624219477,-0.5836980939,-0.0966602340,-0.8061967492,0,345.2,-555.6,1764.5,0,-0.9949842691,-0.0831296444,-0.0556409061,-0.0516571701,0.9033191800,-0.4258474112,0.0856620371,-0.4208372235,-0.9030826092,1,417.1,-237.5,1458.1,1,-0.8081625104,-0.0268893018,0.5883452892,-0.0785476565,0.9949541092,-0.0624219477,-0.5836980939,-0.0966602340,-0.8061967492,0,449.7,-592.4,1623.4,1,197.8,-301.9,1672.5,1,450.3,-361.2,1395.8,1,355.4,-931.4,1801.1,0,459.9,-968.2,1659.9,0,
18,0.5566447973,0.0217572004,0.8304660320,-0.1956165135,0.9749802947,0.1055752486,-0.8073918819,-0.2212213725,0.5469753742,1,396.5,362.6,1401.9,1,0.5566447973,0.0217572004,0.8304660320,-0.1956165135,0.9749802947,0.1055752486,-0.8073918819,-0.2212213725,0.5469753742,1,392.1,162.6,1447.3,1,0.5563447475,0.0545551181,0.8291592002,-0.2032908946,0.9764550924,0.0721570626,-0.8057011366,-0.2087053508,0.5543378592,1,381.4,-29.1,1488.3,1,0.2082896531,-0.9592388868,-0.1909869462,0.8965553045,0.1092123985,0.4292565584,-0.3909014761,-0.2606400549,0.8827585578,1,314.1,191.1,1560.3,1,0.2236142009,-0.9405875206,-0.2555227876,0.9746776819,0.2158840597,0.0582881607,0.0003381756,-0.2620864213,0.9650444388,1,257.9,-50.8,1665.8,1,0.1511798650,-0.1724899560,0.9733405113,-0.9884999394,-0.0298916046,0.1482371986,0.0035252785,-0.9845575094,-0.1750253439,1,470.1,134.1,1334.3,1,-0.2074884921,-0.2056917995,0.9563677907,-0.9537317157,-0.1749201864,-0.2445377260,0.2175874561,-0.9628570676,-0.1598808765,1,506.6,-104.6,1335.2,1,0.8935613036,-0.1975258589,-0.4031519294,0.3164070547,0.9141511321,0.2534049153,0.3184878528,-0.3539930582,0.8793488145,0,320.5,-202.5,1601.9,1,-0.6368385553,-0.0138395391,0.7708724141,-0.0816072524,0.9954322577,-0.0495469123,-0.7666655183,-0.0944622010,-0.6350591183,0,398.1,-561.6,1741.0,0,0.8935613036,-0.1975258589,-0.4031519294,0.3164070547,0.9141511321,0.2534049153,0.3184878528,-0.3539930582,0.8793488145,0,420.8,-239.2,1456.6,1,-0.6368385553,-0.0138395391,0.7708724141,-0.0816072524,0.9954322577,-0.0495469123,-0.7666655183,-0.0944622010,-0.6350591183,0,498.4,-598.3,1595.7,0,200.6,-300.6,1665.7,1,450.6,-361.8,1393.9,1,403.3,-937.6,1776.7,0,503.6,-974.3,1631.4,0,
19,0.5363329649,0.0108722020,0.8439369202,-0.1982103437,0.9735739231,0.1134236827,-0.8204027414,-0.2281104922,0.5243164301,1,395.3,360.1,1399.6,1,0.5363329649,0.0108722020,0.8439369202,-0.1982103437,0.9735739231,0.1134236827,-0.8204027414,-0.2281104922,0.5243164301,1,393.0,159.8,1446.5,1,0.5361475348,0.0437332578,0.8429911137,-0.2048310786,0.9755492210,0.0796642080,-0.8188962936,-0.2153831869,0.5319978595,1,384.4,-31.8,1488.8,1,0.2020730674,-0.9748750925,0.0937288478,0.8776955009,0.2227252424,0.4243159890,-0.4345308244,-0.0034774467,0.9006502628,1,317.8,188.6,1561.4,1,0.2209259868,-0.9748750329,-0.0284662656,0.9687590003,0.2227252573,-0.1090841442,0.1126835421,-0.0034774300,0.9936249256,1,263.4,-47.8,1678.4,1,0.1534242481,-0.1988294423,0.9679503441,-0.9881602526,-0.0314078666,0.1501760334,0.0005418400,-0.9795306921,-0.2012940943,1,468.2,131.1,1331.7,1,-0.2041347474,-0.2313315570,0.9512175322,-0.9533125758,-0.1739130169,-0.2468791902,0.2225400358,-0.9572042823,-0.1850296110,1,505.0,-105.8,1331.8,1,-0.9936536551,-0.0570139885,-0.0969629288,-0.0082085729,0.8964797258,-0.4430086911,0.1121829450,-0.4394012690,-0.8912583590,0,327.4,-204.8,1605.1,0,-0.8435991406,-0.0055604740,0.5369447470,-0.0173642989,0.9997058511,-0.0169284996,-0.5366926789,-0.0236045327,-0.8434476256,0,349.8,-557.0,1777.7,0,-0.9936536551,-0.0570139885,-0.0969629288,-0.0082085729,0.8964797258,-0.4430086911,0.1121829450,-0.4394012690,-0.8912583590,1,424.2,-241.8,1457.2,1,-0.8435991406,-0.0055604740,0.5369447470,-0.0173642989,0.9997058511,-0.0169284996,-0.5366926789,-0.0236045327,-0.8434476256,0,446.6,-594.0,1629.8,1,207.1,-294.8,1649.7,1,449.9,-362.9,1391.8,1,351.9,-934.6,1786.6,0,448.7,-971.6,1638.7,0,
20,0.5162670612,0.0034390062,0.8564211726,-0.2017419636,0.9723389149,0.1177101135,-0.8323279023,-0.2335465550,0.5026819110,1,394.9,358.5,1398.0,1,0.5162670612,0.0034390062,0.8564211726,-0.2017419636,0.9723389149,0.1177101135,-0.8323279023,-0.2335465550,0.5026819110,1,394.2,158.2,1446.1,1,0.5160859823,0.0392723791,0.8556364179,-0.2099967897,0.9742611647,0.0819452405,-0.8303961754,-0.2219723314,0.5110511780,1,386.5,-33.1,1489.7,1,0.1976040602,-0.9762498736,0.0888191238,0.8516171575,0.2158349007,0.4776645601,-0.4854901731,-0.0187485665,0.8740411401,1,321.8,187.7,1562.6,1,0.2062338740,-0.9762498140,-0.0663610324,0.9523450136,0.2158348858,-0.2155321985,0.2247362733,-0.0187485553,0.9742392898,1,268.4,-42.6,1693.8,1,0.1507344842,-0.2231979668,0.9630481005,-0.9885715842,-0.0317531116,0.1473701745,-0.0023129536,-0.9742557406,-0.2254334539,1,466.6,128.8,1329.6,1,-0.2117447257,-0.2573403418,0.9428361654,-0.9495652914,-0.1741226614,-0.2607814968,0.2312787622,-0.9505035877,-0.2074919343,1,502.9,-109.4,1329.1,1,-0.9921245575,-0.0450524390,-0.1168730259,0.0112347603,0.8973058462,-0.4412664175,0.1247509122,-0.4391042590,-0.8897330165,0,331.8,-205.4,1608.8,0,-0.8546133637,-0.0027737368,0.5192573667,-0.0084846187,0.9999269247,-0.0086229574,-0.5191954970,-0.0117749972,-0.8545743227,0,349.5,-557.8,1781.3,0,-0.9921245575,-0.0450524390,-0.1168730259,0.0112347603,0.8973058462,-0.4412664175,0.1247509122,-0.4391042590,-0.8897330165,1,425.7,-243.5,1457.8,1,-0.8546133637,-0.0027737368,0.5192573667,-0.0084846187,0.9999269247,-0.0086229574,-0.5191954970,-0.0117749972,-0.8545743227,0,443.4,-596.0,1630.3,1,215.9,-284.7,1636.7,1,445.8,-365.4,1391.4,1,350.6,-935.5,1785.7,0,444.4,-973.7,1634.7,0,
21,0.5065318346,0.0001515129,0.8622216582,-0.1994718164,0.9728912115,0.1170139536,-0.8388311863,-0.2312608361,0.4928320646,1,394.9,356.2,1398.2,1,0.5065318346,0.0001515129,0.8622216582,-0.1994718164,0.9728912115,0.1170139536,-0.8388311863,-0.2312608361,0.4928320646,1,394.8,155.5,1445.9,1,0.5062997937,0.0398357585,0.8614373803,-0.2107715309,0.9743515849,0.0788217708,-0.8362040520,-0.2214745581,0.5017117858,1,387.0,-35.9,1489.4,1,0.1867591143,-0.9763165712,0.1092105657,0.8358431458,0.2163266838,0.5045483112,-0.5162240267,-0.0029460937,0.8564485312,1,323.8,185.1,1563.2,1,0.2071059048,-0.9763166308,-0.0625544265,0.9384658337,0.2163266838,-0.2692298889,0.2763858140,-0.0029460937,0.9610422254,1,273.6,-39.8,1702.1,1,0.1456927955,-0.2346131653,0.9611088634,-0.9892892241,-0.0257496014,0.1436789781,-0.0089608096,-0.9717476368,-0.2358518392,1,465.9,125.9,1328.6,1,-0.2212334126,-0.2724986374,0.9363760948,-0.9455690384,-0.1750308424,-0.2743418217,0.2386524826,-0.9461017847,-0.2189435959,1,500.9,-111.8,1326.4,1,-0.9909497499,-0.0422621518,-0.1274061799,0.0182743594,0.8978325129,-0.4399575889,0.1329828799,-0.4383041859,-0.8889347315,0,333.5,-208.2,1608.3,0,-0.8602982759,-0.0013851322,0.5097892880,-0.0041893264,0.9999818206,-0.0043527070,-0.5097740293,-0.0058802995,-0.8602883220,0,350.1,-560.9,1780.5,0,-0.9909497499,-0.0422621518,-0.1274061799,0.0182743594,0.8978325129,-0.4399575889,0.1329828799,-0.4383041859,-0.8889347315,1,424.9,-246.2,1457.5,1,-0.8602982759,-0.0013851322,0.5097892880,-0.0041893264,0.9999818206,-0.0043527070,-0.5097740293,-0.0058802995,-0.8602883220,0,441.5,-598.9,1629.6,1,220.7,-279.2,1631.5,1,441.2,-366.8,1390.8,1,350.6,-938.6,1782.7,0,442.0,-976.6,1631.9,0,
22,0.4930489063,0.0006690458,0.8700016737,-0.1986642778,0.9736647606,0.1118392348,-0.8470163345,-0.2279811054,0.4801987410,1,394.1,356.3,1400.3,1,0.4930489063,0.0006690458,0.8700016737,-0.1986642778,0.9736647606,0.1118392348,-0.8470163345,-0.2279811054,0.4801987410,1,393.9,155.6,1447.3,1,0.4928650558,0.0396284610,0.8692032099,-0.2075594366,0.9754775763,0.0732194483,-0.8449878693,-0.2164992839,0.4890055656,1,386.1,-36.0,1489.8,1,0.1772406548,-0.9760617614,0.1260535717,0.8307493925,0.2170517147,0.5125856996,-0.5276753902,0.0138679072,0.8493330479,1,324.8,184.7,1565.8,1,0.2109930068,-0.9760615826,-0.0527796447,0.9294855595,0.2170516849,-0.2982365191,0.3025530875,0.0138679072,0.9530317187,1,277.0,-39.4,1708.2,1,0.1395923197,-0.2496085167,0.9582324624,-0.9900543094,-0.0180719160,0.1395204663,-0.0175084025,-0.9681781530,-0.2496486753,1,463.1,126.4,1328.7,1,-0.2263853997,-0.2899916470,0.9298680425,-0.9434995055,-0.1718858182,-0.2833090127,0.2419883460,-0.9414671063,-0.2346945256,1,497.0,-114.1,1324.5,1,-0.1661552787,0.1846852452,0.9686505795,-0.0754788592,0.9770412445,-0.1992321461,-0.9832068086,-0.1062160954,-0.1484007090,1,333.8,-208.8,1608.7,1,-0.1682061106,-0.0011496645,0.9857511520,-0.0028548345,0.9999955893,0.0006791357,-0.9857475758,-0.0026999218,-0.1682086885,0,261.3,-592.6,1650.5,1,-0.9889978170,-0.0446074009,-0.1410436034,0.0231860839,0.8949239850,-0.4456157684,0.1461011171,-0.4439833164,-0.8840436935,1,422.9,-246.4,1455.9,1,-0.8688390255,-0.0006921334,0.4950942397,-0.0020560925,0.9999954700,-0.0022102522,-0.4950904846,-0.0029383129,-0.8688364625,0,440.5,-597.9,1630.3,1,223.0,-277.3,1630.8,1,435.9,-368.5,1389.7,1,261.7,-970.4,1651.5,0,440.7,-975.6,1631.4,0,
23,0.4897224307,-0.0028681678,0.8718739748,-0.1901149750,0.9755797982,0.1099955142,-0.8508993387,-0.2196241915,0.4772195220,1,392.4,355.5,1403.3,1,0.4897224307,-0.0028681678,0.8718739748,-0.1901149750,0.9755797982,0.1099955142,-0.8508993387,-0.2196241915,0.4772195220,1,393.0,154.1,1448.7,1,0.4895684719,0.0341864787,0.8712947369,-0.1997174472,0.9770634174,0.0738825426,-0.8487856388,-0.2101839781,0.4851685762,1,386.3,-37.8,1489.9,1,0.1610612571,-0.9666879773,0.1989316344,0.8484717607,0.2385815829,0.4724135697,-0.5041378736,0.0927003399,0.8586336374,1,324.3,182.1,1567.8,1,0.2532176375,-0.9666878581,0.0373544581,0.9442691803,0.2385815978,-0.2267918289,0.2103248239,0.0927003548,0.9732266665,1,281.1,-45.3,1702.9,1,0.1326716691,-0.2560484111,0.9575161934,-0.9905586243,-0.0006042197,0.1370883733,-0.0345227197,-0.9666636586,-0.2537111342,1,461.7,126.0,1329.5,1,-0.2305695117,-0.3027254939,0.9247675538,-0.9409813881,-0.1726306230,-0.2911232412,0.2477736175,-0.9373131990,-0.2450556755,1,493.7,-113.1,1321.2,1,-0.1591050476,0.2892027497,0.9439530373,-0.0218190514,0.9548689723,-0.2962247431,-0.9870204926,-0.0677270144,-0.1456143558,1,335.2,-211.6,1608.1,1,-0.1614043415,-0.0005748286,0.9868882895,-0.0014247134,0.9999989867,0.0003494551,-0.9868874550,-0.0013496291,-0.1614049822,0,221.6,-586.7,1634.7,1,-0.9887126684,-0.0481679738,-0.1418702006,0.0215034448,0.8914853930,-0.4525388777,0.1482730806,-0.4504815340,-0.8803870678,1,423.9,-247.8,1454.4,1,-0.8713176250,-0.0003459171,0.4907191396,-0.0010221191,0.9999988675,-0.0011099501,-0.4907181859,-0.0014686927,-0.8713170290,0,442.8,-598.0,1631.3,1,216.5,-286.1,1649.2,1,431.5,-366.8,1388.0,1,221.9,-964.4,1635.2,0,442.9,-975.7,1631.9,0,
