1,0.7739834785,-0.1712929904,-0.6095987558,0.2689785063,0.9604787230,0.0716247186,0.5732361078,-0.2194045335,0.7894681692,1,-110.3,359.3,1648.9,1,0.7739834785,-0.1712929904,-0.6095987558,0.2689785063,0.9604787230,0.0716247186,0.5732361078,-0.2194045335,0.7894681692,1,-75.6,164.9,1693.4,1,0.7757000327,-0.1673488021,-0.6085114479,0.2592255771,0.9635962248,0.0654470548,0.5754051805,-0.2085082382,0.7908420563,1,-44.0,-17.6,1732.8,1,-0.0000013113,-1.0000001192,0.0000000000,1.0000001192,-0.0000013113,0.0000000000,0.0000000000,0.0000000000,1.0000000000,0,-178.7,130.5,1616.9,1,0.0000170469,-0.9999990463,-0.0000000000,0.9999990463,0.0000170469,-0.0000000000,0.0000000000,-0.0000000000,1.0000000000,0,-178.7,-118.2,1616.9,0,-0.0000005960,1.0000001192,0.0000000000,-1.0000001192,-0.0000005960,-0.0000000000,-0.0000000000,0.0000000000,1.0000000000,0,27.4,199.3,1769.8,1,0.0000170469,0.9999990463,0.0000000000,-0.9999990463,0.0000170469,-0.0000000000,-0.0000000000,-0.0000000000,1.0000000000,0,27.4,-49.3,1769.8,0,1.0000000000,0.0000000000,-0.0000000000,-0.0000000000,1.0000000000,-0.0000000000,0.0000000000,0.0000000000,1.0000000000,0,-80.3,-222.8,1721.8,1,1.0000000000,0.0000000000,-0.0000000000,-0.0000000000,1.0000000000,-0.0000000000,0.0000000000,0.0000000000,1.0000000000,0,-80.3,-603.1,1721.8,0,1.0000000000,0.0000000000,0.0000000000,-0.0000000000,1.0000000000,0.0000000000,-0.0000000000,-0.0000000000,1.0000000000,0,55.8,-177.3,1822.8,1,1.0000000000,0.0000000000,0.0000000000,-0.0000000000,1.0000000000,0.0000000000,-0.0000000000,-0.0000000000,1.0000000000,0,55.8,-557.6,1822.8,0,-178.7,-366.9,1616.9,0,27.4,-298.0,1769.8,0,-80.3,-968.8,1721.8,0,55.8,-923.3,1822.8,0,
2,0.7726362944,-0.1704927981,-0.6115289330,0.2644364834,0.9621512294,0.0658579171,0.5771533251,-0.2125940025,0.7884768844,1,-110.3,358.9,1651.0,1,0.7726362944,-0.1704927981,-0.6115289330,0.2644364834,0.9621512294,0.0658579171,0.5771533251,-0.2125940025,0.7884768844,1,-75.9,164.8,1693.9,1,0.7743290663,-0.1661938429,-0.6105705500,0.2547468245,0.9651207924,0.0603720136,0.5792391896,-0.2022879422,0.7896578312,1,-44.4,-17.9,1732.2,1,-0.0000013113,-1.0000001192,0.0000000000,1.0000001192,-0.0000013113,0.0000000000,0.0000000000,0.0000000000,1.0000000000,0,-178.8,131.0,1617.0,1,0.0000170469,-0.9999990463,-0.0000000000,0.9999990463,0.0000170469,-0.0000000000,0.0000000000,-0.0000000000,1.0000000000,0,-178.8,-117.7,1617.0,0,-0.0000005960,1.0000001192,0.0000000000,-1.0000001192,-0.0000005960,-0.0000000000,-0.0000000000,0.0000000000,1.0000000000,0,26.9,198.6,1770.8,1,0.0000170469,0.9999990463,0.0000000000,-0.9999990463,0.0000170469,-0.0000000000,-0.0000000000,-0.0000000000,1.0000000000,0,26.9,-50.0,1770.8,0,1.0000000000,0.0000000000,-0.0000000000,-0.0000000000,1.0000000000,-0.0000000000,0.0000000000,0.0000000000,1.0000000000,0,-80.9,-223.1,1719.7,1,1.0000000000,0.0000000000,-0.0000000000,-0.0000000000,1.0000000000,-0.0000000000,0.0000000000,0.0000000000,1.0000000000,0,-80.9,-603.4,1719.7,0,1.0000000000,0.0000000000,0.0000000000,-0.0000000000,1.0000000000,0.0000000000,-0.0000000000,-0.0000000000,1.0000000000,0,55.0,-178.3,1821.3,1,1.0000000000,0.0000000000,0.0000000000,-0.0000000000,1.0000000000,0.0000000000,-0.0000000000,-0.0000000000,1.0000000000,0,55.0,-558.7,1821.3,0,-178.8,-366.4,1617.0,0,26.9,-298.7,1770.8,0,-80.9,-969.1,1719.7,0,55.0,-924.4,1821.3,0,
3,0.7801579833,-0.1695792079,-0.6021617055,0.2616732419,0.9627650380,0.0678922758,0.5682255030,-0.2105355412,0.7954826355,1,-110.3,359.2,1651.5,1,0.7801579833,-0.1695792079,-0.6021617055,0.2616732419,0.9627650380,0.0678922758,0.5682255030,-0.2105355412,0.7954826355,1,-76.2,165.2,1693.9,1,0.7822480202,-0.1643984318,-0.6008855104,0.2495998144,0.9664554000,0.0605203956,0.5707779527,-0.1973221302,0.7970411181,1,-45.0,-17.8,1731.3,1,-0.0000013113,-1.0000001192,0.0000000000,1.0000001192,-0.0000013113,0.0000000000,0.0000000000,0.0000000000,1.0000000000,0,-180.0,132.1,1618.1,1,0.0000170469,-0.9999990463,-0.0000000000,0.9999990463,0.0000170469,-0.0000000000,0.0000000000,-0.0000000000,1.0000000000,0,-180.0,-116.6,1618.1,0,-0.0000005960,1.0000001192,0.0000000000,-1.0000001192,-0.0000005960,-0.0000000000,-0.0000000000,0.0000000000,1.0000000000,0,27.7,198.4,1769.7,1,0.0000170469,0.9999990463,0.0000000000,-0.9999990463,0.0000170469,-0.0000000000,-0.0000000000,-0.0000000000,1.0000000000,0,27.7,-50.3,1769.7,0,1.0000000000,0.0000000000,-0.0000000000,-0.0000000000,1.0000000000,-0.0000000000,0.0000000000,0.0000000000,1.0000000000,0,-82.6,-222.7,1718.6,1,1.0000000000,0.0000000000,-0.0000000000,-0.0000000000,1.0000000000,-0.0000000000,0.0000000000,0.0000000000,1.0000000000,0,-82.6,-603.0,1718.6,0,1.0000000000,0.0000000000,0.0000000000,-0.0000000000,1.0000000000,0.0000000000,-0.0000000000,-0.0000000000,1.0000000000,0,54.7,-178.9,1818.7,1,1.0000000000,0.0000000000,0.0000000000,-0.0000000000,1.0000000000,0.0000000000,-0.0000000000,-0.0000000000,1.0000000000,0,54.7,-559.2,1818.7,0,-180.1,-365.3,1618.1,0,27.7,-299.0,1769.7,0,-82.6,-968.7,1718.6,0,54.7,-924.9,1818.7,0,
4,0.7923448682,-0.1696486324,-0.5860130191,0.2574050426,0.9638355970,0.0690100193,0.5531110764,-0.2055216730,0.8073580265,1,-111.2,358.5,1652.8,1,0.7923448682,-0.1696486324,-0.5860130191,0.2574050426,0.9638355970,0.0690100193,0.5531110764,-0.2055216730,0.8073580265,1,-77.1,164.5,1694.1,1,0.7949706316,-0.1611185074,-0.5848630071,0.2420670837,0.9682571888,0.0622927099,0.5562596321,-0.1910962164,0.8087369800,1,-46.6,-18.9,1730.3,1,-0.0000013113,-1.0000001192,0.0000000000,1.0000001192,-0.0000013113,0.0000000000,0.0000000000,0.0000000000,1.0000000000,0,-182.7,132.3,1620.3,1,0.0000170469,-0.9999990463,-0.0000000000,0.9999990463,0.0000170469,-0.0000000000,0.0000000000,-0.0000000000,1.0000000000,0,-182.7,-116.3,1620.3,0,-0.0000005960,1.0000001192,0.0000000000,-1.0000001192,-0.0000005960,-0.0000000000,-0.0000000000,0.0000000000,1.0000000000,0,28.5,196.6,1768.0,1,0.0000170469,0.9999990463,0.0000000000,-0.9999990463,0.0000170469,-0.0000000000,-0.0000000000,-0.0000000000,1.0000000000,0,28.5,-52.0,1768.0,0,1.0000000000,0.0000000000,-0.0000000000,-0.0000000000,1.0000000000,-0.0000000000,0.0000000000,0.0000000000,1.0000000000,0,-85.8,-223.4,1717.7,1,1.0000000000,0.0000000000,-0.0000000000,-0.0000000000,1.0000000000,-0.0000000000,0.0000000000,0.0000000000,1.0000000000,0,-85.8,-603.8,1717.7,0,1.0000000000,0.0000000000,0.0000000000,-0.0000000000,1.0000000000,0.0000000000,-0.0000000000,-0.0000000000,1.0000000000,0,53.7,-181.0,1815.3,1,1.0000000000,0.0000000000,0.0000000000,-0.0000000000,1.0000000000,0.0000000000,-0.0000000000,-0.0000000000,1.0000000000,0,53.7,-561.3,1815.3,0,-182.7,-365.0,1620.3,0,28.5,-300.7,1768.0,0,-85.8,-969.5,1717.7,0,53.7,-927.0,1815.3,0,
5,0.7932139039,-0.1697414219,-0.5848092437,0.2565577030,0.9641227126,0.0681489855,0.5522584915,-0.2040932775,0.8083034158,1,-111.6,359.0,1652.9,1,0.7932139039,-0.1697414219,-0.5848092437,0.2565577030,0.9641227126,0.0681489855,0.5522584915,-0.2040932775,0.8083034158,1,-77.5,165.5,1693.9,1,0.7961706519,-0.1596723795,-0.5836259723,0.2392059118,0.9690372944,0.0612050518,0.5557808876,-0.1883357018,0.8097130656,1,-47.3,-18.0,1729.5,1,-0.0000013113,-1.0000001192,0.0000000000,1.0000001192,-0.0000013113,0.0000000000,0.0000000000,0.0000000000,1.0000000000,0,-183.3,133.7,1620.1,1,0.0000170469,-0.9999990463,-0.0000000000,0.9999990463,0.0000170469,-0.0000000000,0.0000000000,-0.0000000000,1.0000000000,0,-183.3,-115.0,1620.1,0,-0.0000005960,1.0000001192,0.0000000000,-1.0000001192,-0.0000005960,-0.0000000000,-0.0000000000,0.0000000000,1.0000000000,0,28.2,197.2,1767.7,1,0.0000170469,0.9999990463,0.0000000000,-0.9999990463,0.0000170469,-0.0000000000,-0.0000000000,-0.0000000000,1.0000000000,0,28.2,-51.5,1767.7,0,1.0000000000,0.0000000000,-0.0000000000,-0.0000000000,1.0000000000,-0.0000000000,0.0000000000,0.0000000000,1.0000000000,0,-86.9,-222.5,1716.4,1,1.0000000000,0.0000000000,-0.0000000000,-0.0000000000,1.0000000000,-0.0000000000,0.0000000000,0.0000000000,1.0000000000,0,-86.9,-602.9,1716.4,0,1.0000000000,0.0000000000,0.0000000000,-0.0000000000,1.0000000000,0.0000000000,-0.0000000000,-0.0000000000,1.0000000000,0,52.8,-180.5,1814.0,1,1.0000000000,0.0000000000,0.0000000000,-0.0000000000,1.0000000000,0.0000000000,-0.0000000000,-0.0000000000,1.0000000000,0,52.8,-560.9,1814.0,0,-183.3,-363.7,1620.1,0,28.2,-300.1,1767.7,0,-86.9,-968.6,1716.4,0,52.8,-926.6,1814.0,0,
6,0.7920123935,-0.1718312204,-0.5858263373,0.2586683631,0.9636349678,0.0670619011,0.5529976487,-0.2046478689,0.8076575398,1,-111.8,358.9,1653.0,1,0.7920123935,-0.1718312204,-0.5858263373,0.2586683631,0.9636349678,0.0670619011,0.5529976487,-0.2046478689,0.8076575398,1,-77.3,165.2,1694.1,1,0.7952709794,-0.1608835608,-0.5845192075,0.2397403270,0.9690133929,0.0594691448,0.5568376184,-0.1874261796,0.8091979027,1,-46.8,-18.3,1729.6,1,-0.0000013113,-1.0000001192,0.0000000000,1.0000001192,-0.0000013113,0.0000000000,0.0000000000,0.0000000000,1.0000000000,0,-182.9,133.4,1620.2,1,0.0000170469,-0.9999990463,-0.0000000000,0.9999990463,0.0000170469,-0.0000000000,0.0000000000,-0.0000000000,1.0000000000,0,-182.9,-115.3,1620.2,0,-0.0000005960,1.0000001192,0.0000000000,-1.0000001192,-0.0000005960,-0.0000000000,-0.0000000000,0.0000000000,1.0000000000,0,28.3,197.0,1768.1,1,0.0000170469,0.9999990463,0.0000000000,-0.9999990463,0.0000170469,-0.0000000000,-0.0000000000,-0.0000000000,1.0000000000,0,28.3,-51.6,1768.1,0,1.0000000000,0.0000000000,-0.0000000000,-0.0000000000,1.0000000000,-0.0000000000,0.0000000000,0.0000000000,1.0000000000,0,-86.1,-222.8,1716.2,1,1.0000000000,0.0000000000,-0.0000000000,-0.0000000000,1.0000000000,-0.0000000000,0.0000000000,0.0000000000,1.0000000000,0,-86.1,-603.2,1716.2,0,1.0000000000,0.0000000000,0.0000000000,-0.0000000000,1.0000000000,0.0000000000,-0.0000000000,-0.0000000000,1.0000000000,0,53.4,-180.8,1814.0,1,1.0000000000,0.0000000000,0.0000000000,-0.0000000000,1.0000000000,0.0000000000,-0.0000000000,-0.0000000000,1.0000000000,0,53.4,-561.1,1814.0,0,-182.9,-364.0,1620.2,0,28.3,-300.3,1768.1,0,-86.1,-968.9,1716.2,0,53.4,-926.8,1814.0,0,
7,0.7903178334,-0.1717500389,-0.5881341100,0.2589593530,0.9635895491,0.0665908009,0.5552811623,-0.2049299777,0.8060176373,1,-112.1,358.9,1652.5,1,0.7903178334,-0.1717500389,-0.5881341100,0.2589593530,0.9635895491,0.0665908009,0.5552811623,-0.2049299777,0.8060176373,1,-77.6,165.3,1693.7,1,0.7933500409,-0.1622624695,-0.5867441297,0.2414183021,0.9686527252,0.0585500561,0.5588490963,-0.1881007403,0.8076531887,1,-46.9,-18.1,1729.3,1,-0.0000013113,-1.0000001192,0.0000000000,1.0000001192,-0.0000013113,0.0000000000,0.0000000000,0.0000000000,1.0000000000,0,-183.0,133.3,1619.5,1,0.0000170469,-0.9999990463,-0.0000000000,0.9999990463,0.0000170469,-0.0000000000,0.0000000000,-0.0000000000,1.0000000000,0,-183.0,-115.4,1619.5,0,-0.0000005960,1.0000001192,0.0000000000,-1.0000001192,-0.0000005960,-0.0000000000,-0.0000000000,0.0000000000,1.0000000000,0,27.8,197.4,1767.9,1,0.0000170469,0.9999990463,0.0000000000,-0.9999990463,0.0000170469,-0.0000000000,-0.0000000000,-0.0000000000,1.0000000000,0,27.8,-51.3,1767.9,0,1.0000000000,0.0000000000,-0.0000000000,-0.0000000000,1.0000000000,-0.0000000000,0.0000000000,0.0000000000,1.0000000000,0,-85.8,-222.7,1715.9,1,1.0000000000,0.0000000000,-0.0000000000,-0.0000000000,1.0000000000,-0.0000000000,0.0000000000,0.0000000000,1.0000000000,0,-85.8,-603.0,1715.9,0,1.0000000000,0.0000000000,0.0000000000,-0.0000000000,1.0000000000,0.0000000000,-0.0000000000,-0.0000000000,1.0000000000,0,53.5,-180.3,1814.0,1,1.0000000000,0.0000000000,0.0000000000,-0.0000000000,1.0000000000,0.0000000000,-0.0000000000,-0.0000000000,1.0000000000,0,53.5,-560.6,1814.0,0,-183.0,-364.1,1619.5,0,27.8,-300.0,1767.9,0,-85.8,-968.7,1715.9,0,53.5,-926.4,1814.0,0,
8,0.7929092646,-0.1706901044,-0.5849460363,0.2554250658,0.9646580219,0.0647443756,0.5532199740,-0.2007455677,0.8084842563,1,-112.1,358.8,1652.8,1,0.7929092646,-0.1706901044,-0.5849460363,0.2554250658,0.9646580219,0.0647443756,0.5532199740,-0.2007455677,0.8084842563,1,-77.9,165.3,1693.0,1,0.7956895232,-0.1601897478,-0.5841399431,0.2391763330,0.9691179991,0.0600335486,0.5564820766,-0.1874797940,0.8094300032,1,-47.6,-18.2,1728.5,1,-0.0000013113,-1.0000001192,0.0000000000,1.0000001192,-0.0000013113,0.0000000000,0.0000000000,0.0000000000,1.0000000000,0,-183.6,133.5,1619.1,1,0.0000170469,-0.9999990463,-0.0000000000,0.9999990463,0.0000170469,-0.0000000000,0.0000000000,-0.0000000000,1.0000000000,0,-183.6,-115.1,1619.1,0,-0.0000005960,1.0000001192,0.0000000000,-1.0000001192,-0.0000005960,-0.0000000000,-0.0000000000,0.0000000000,1.0000000000,0,27.8,197.1,1766.9,1,0.0000170469,0.9999990463,0.0000000000,-0.9999990463,0.0000170469,-0.0000000000,-0.0000000000,-0.0000000000,1.0000000000,0,27.8,-51.6,1766.9,0,1.0000000000,0.0000000000,-0.0000000000,-0.0000000000,1.0000000000,-0.0000000000,0.0000000000,0.0000000000,1.0000000000,0,-87.1,-222.7,1715.2,1,1.0000000000,0.0000000000,-0.0000000000,-0.0000000000,1.0000000000,-0.0000000000,0.0000000000,0.0000000000,1.0000000000,0,-87.1,-603.0,1715.2,0,1.0000000000,0.0000000000,0.0000000000,-0.0000000000,1.0000000000,0.0000000000,-0.0000000000,-0.0000000000,1.0000000000,0,52.6,-180.7,1812.9,1,1.0000000000,0.0000000000,0.0000000000,-0.0000000000,1.0000000000,0.0000000000,-0.0000000000,-0.0000000000,1.0000000000,0,52.6,-561.1,1812.9,0,-183.6,-363.8,1619.1,0,27.8,-300.3,1766.9,0,-87.1,-968.8,1715.2,0,52.6,-926.8,1812.9,0,
9,0.8018988371,-0.1667969972,-0.5737065077,0.2503646314,0.9656753540,0.0691921413,0.5424714684,-0.1991202086,0.8161333203,1,-111.8,359.7,1652.9,1,0.8018988371,-0.1667969972,-0.5737065077,0.2503646314,0.9656753540,0.0691921413,0.5424714684,-0.1991202086,0.8161333203,1,-78.3,165.7,1692.9,1,0.8042166829,-0.1597958505,-0.5724533796,0.2366293818,0.9696341753,0.0617664456,0.5451986194,-0.1851321757,0.8176077008,1,-48.0,-17.9,1727.9,1,-0.0000013113,-1.0000001192,0.0000000000,1.0000001192,-0.0000013113,0.0000000000,0.0000000000,0.0000000000,1.0000000000,0,-185.1,134.3,1620.5,1,0.0000170469,-0.9999990463,-0.0000000000,0.9999990463,0.0000170469,-0.0000000000,0.0000000000,-0.0000000000,1.0000000000,0,-185.1,-114.4,1620.5,0,-0.0000005960,1.0000001192,0.0000000000,-1.0000001192,-0.0000005960,-0.0000000000,-0.0000000000,0.0000000000,1.0000000000,0,28.5,197.1,1765.3,1,0.0000170469,0.9999990463,0.0000000000,-0.9999990463,0.0000170469,-0.0000000000,-0.0000000000,-0.0000000000,1.0000000000,0,28.5,-51.6,1765.3,0,1.0000000000,0.0000000000,-0.0000000000,-0.0000000000,1.0000000000,-0.0000000000,0.0000000000,0.0000000000,1.0000000000,0,-88.3,-222.3,1715.2,1,1.0000000000,0.0000000000,-0.0000000000,-0.0000000000,1.0000000000,-0.0000000000,0.0000000000,0.0000000000,1.0000000000,0,-88.3,-602.6,1715.2,0,1.0000000000,0.0000000000,0.0000000000,-0.0000000000,1.0000000000,0.0000000000,-0.0000000000,-0.0000000000,1.0000000000,0,52.8,-180.8,1810.8,1,1.0000000000,0.0000000000,0.0000000000,-0.0000000000,1.0000000000,0.0000000000,-0.0000000000,-0.0000000000,1.0000000000,0,52.8,-561.1,1810.8,0,-185.1,-363.1,1620.5,0,28.5,-300.2,1765.3,0,-88.3,-968.3,1715.2,0,52.8,-926.8,1810.8,0,
10,0.7982330918,-0.1656851918,-0.5791152120,0.2494388372,0.9660391808,0.0674348325,0.5482733846,-0.1982818097,0.8124520779,1,-112.5,360.1,1653.0,1,0.7982330918,-0.1656851918,-0.5791152120,0.2494388372,0.9660391808,0.0674348325,0.5482733846,-0.1982818097,0.8124520779,1,-79.3,166.0,1692.8,1,0.8006168008,-0.1590481102,-0.5776836872,0.2352258563,0.9701538682,0.0588994361,0.5510725379,-0.1830413043,0.8141331077,1,-49.1,-17.7,1727.4,1,-0.0000013113,-1.0000001192,0.0000000000,1.0000001192,-0.0000013113,0.0000000000,0.0000000000,0.0000000000,1.0000000000,0,-185.6,134.8,1619.6,1,0.0000170469,-0.9999990463,-0.0000000000,0.9999990463,0.0000170469,-0.0000000000,0.0000000000,-0.0000000000,1.0000000000,0,-185.6,-113.9,1619.6,0,-0.0000005960,1.0000001192,0.0000000000,-1.0000001192,-0.0000005960,-0.0000000000,-0.0000000000,0.0000000000,1.0000000000,0,27.1,197.2,1766.0,1,0.0000170469,0.9999990463,0.0000000000,-0.9999990463,0.0000170469,-0.0000000000,-0.0000000000,-0.0000000000,1.0000000000,0,27.1,-51.4,1766.0,0,1.0000000000,0.0000000000,-0.0000000000,-0.0000000000,1.0000000000,-0.0000000000,0.0000000000,0.0000000000,1.0000000000,0,-89.3,-222.1,1713.7,1,1.0000000000,0.0000000000,-0.0000000000,-0.0000000000,1.0000000000,-0.0000000000,0.0000000000,0.0000000000,1.0000000000,0,-89.3,-602.4,1713.7,0,1.0000000000,0.0000000000,0.0000000000,-0.0000000000,1.0000000000,0.0000000000,-0.0000000000,-0.0000000000,1.0000000000,0,51.2,-180.8,1810.5,1,1.0000000000,0.0000000000,0.0000000000,-0.0000000000,1.0000000000,0.0000000000,-0.0000000000,-0.0000000000,1.0000000000,0,51.2,-561.1,1810.5,0,-185.6,-362.6,1619.6,0,27.1,-300.1,1766.0,0,-89.3,-968.1,1713.7,0,51.2,-926.8,1810.5,0,
11,0.7939875722,-0.1681888700,-0.5842075348,0.2511236966,0.9658871889,0.0632279366,0.5536425114,-0.1969098151,0.8091380596,1,-113.5,361.1,1653.0,1,0.7939875722,-0.1681888700,-0.5842075348,0.2511236966,0.9658871889,0.0632279366,0.5536425114,-0.1969098151,0.8091380596,1,-79.6,166.9,1692.6,1,0.7962463498,-0.1620558649,-0.5828651190,0.2378846705,0.9697138667,0.0553602949,0.5562391877,-0.1827343851,0.8106811643,1,-48.9,-16.7,1727.2,1,-0.0000013113,-1.0000001192,0.0000000000,1.0000001192,-0.0000013113,0.0000000000,0.0000000000,0.0000000000,1.0000000000,0,-185.4,135.3,1618.7,1,0.0000170469,-0.9999990463,-0.0000000000,0.9999990463,0.0000170469,-0.0000000000,0.0000000000,-0.0000000000,1.0000000000,0,-185.4,-113.4,1618.7,0,-0.0000005960,1.0000001192,0.0000000000,-1.0000001192,-0.0000005960,-0.0000000000,-0.0000000000,0.0000000000,1.0000000000,0,26.1,198.5,1766.5,1,0.0000170469,0.9999990463,0.0000000000,-0.9999990463,0.0000170469,-0.0000000000,-0.0000000000,-0.0000000000,1.0000000000,0,26.1,-50.2,1766.5,0,1.0000000000,0.0000000000,-0.0000000000,-0.0000000000,1.0000000000,-0.0000000000,0.0000000000,0.0000000000,1.0000000000,0,-88.1,-221.2,1713.0,1,1.0000000000,0.0000000000,-0.0000000000,-0.0000000000,1.0000000000,-0.0000000000,0.0000000000,0.0000000000,1.0000000000,0,-88.1,-601.6,1713.0,0,1.0000000000,0.0000000000,0.0000000000,-0.0000000000,1.0000000000,0.0000000000,-0.0000000000,-0.0000000000,1.0000000000,0,51.6,-179.5,1810.6,1,1.0000000000,0.0000000000,0.0000000000,-0.0000000000,1.0000000000,0.0000000000,-0.0000000000,-0.0000000000,1.0000000000,0,51.6,-559.8,1810.6,0,-185.4,-362.1,1618.7,0,26.1,-298.9,1766.5,0,-88.1,-967.3,1713.0,0,51.6,-925.5,1810.6,0,
12,0.7896680236,-0.1674482822,-0.5902436972,0.2546957135,0.9646917582,0.0670733899,0.5581701994,-0.2032974809,0.8044339418,1,-112.8,359.5,1649.5,1,0.7896680236,-0.1674482822,-0.5902436972,0.2546957135,0.9646917582,0.0670733899,0.5581701994,-0.2032974809,0.8044339418,1,-79.2,165.8,1690.3,1,0.7916167378,-0.1609947234,-0.5894283056,0.2432286590,0.9679672122,0.0622753613,0.5605195165,-0.1926633269,0.8054170012,1,-48.7,-17.5,1726.8,1,-0.0000013113,-1.0000001192,0.0000000000,1.0000001192,-0.0000013113,0.0000000000,0.0000000000,0.0000000000,1.0000000000,0,-184.3,133.5,1615.9,1,0.0000170469,-0.9999990463,-0.0000000000,0.9999990463,0.0000170469,-0.0000000000,0.0000000000,-0.0000000000,1.0000000000,0,-184.3,-115.2,1615.9,0,-0.0000005960,1.0000001192,0.0000000000,-1.0000001192,-0.0000005960,-0.0000000000,-0.0000000000,0.0000000000,1.0000000000,0,25.9,198.1,1764.8,1,0.0000170469,0.9999990463,0.0000000000,-0.9999990463,0.0000170469,-0.0000000000,-0.0000000000,-0.0000000000,1.0000000000,0,25.9,-50.6,1764.8,0,1.0000000000,0.0000000000,-0.0000000000,-0.0000000000,1.0000000000,-0.0000000000,0.0000000000,0.0000000000,1.0000000000,0,-87.7,-222.1,1714.1,1,1.0000000000,0.0000000000,-0.0000000000,-0.0000000000,1.0000000000,-0.0000000000,0.0000000000,0.0000000000,1.0000000000,0,-87.7,-602.5,1714.1,0,1.0000000000,0.0000000000,0.0000000000,-0.0000000000,1.0000000000,0.0000000000,-0.0000000000,-0.0000000000,1.0000000000,0,51.2,-179.5,1812.5,1,1.0000000000,0.0000000000,0.0000000000,-0.0000000000,1.0000000000,0.0000000000,-0.0000000000,-0.0000000000,1.0000000000,0,51.2,-559.8,1812.5,0,-184.3,-363.9,1615.9,0,25.9,-299.3,1764.8,0,-87.7,-968.2,1714.1,0,51.2,-925.5,1812.5,0,
13,0.7877884507,-0.1753535122,-0.5904597640,0.2602076232,0.9636237025,0.0609937571,0.5582837462,-0.2016915530,0.8047593832,1,-114.5,358.9,1650.8,1,0.7877884507,-0.1753535122,-0.5904597640,0.2602076232,0.9636237025,0.0609937571,0.5582837462,-0.2016915530,0.8047593832,1,-79.3,165.5,1691.3,1,0.7902019620,-0.1667491198,-0.5897268057,0.2465838939,0.9674515724,0.0568568297,0.5610495210,-0.1903447807,0.8055992126,1,-47.7,-17.7,1727.3,1,-0.0000013113,-1.0000001192,0.0000000000,1.0000001192,-0.0000013113,0.0000000000,0.0000000000,0.0000000000,1.0000000000,0,-184.2,132.7,1616.8,1,0.0000170469,-0.9999990463,-0.0000000000,0.9999990463,0.0000170469,-0.0000000000,0.0000000000,-0.0000000000,1.0000000000,0,-184.2,-116.0,1616.8,0,-0.0000005960,1.0000001192,0.0000000000,-1.0000001192,-0.0000005960,-0.0000000000,-0.0000000000,0.0000000000,1.0000000000,0,25.6,198.2,1765.8,1,0.0000170469,0.9999990463,0.0000000000,-0.9999990463,0.0000170469,-0.0000000000,-0.0000000000,-0.0000000000,1.0000000000,0,25.6,-50.5,1765.8,0,1.0000000000,0.0000000000,-0.0000000000,-0.0000000000,1.0000000000,-0.0000000000,0.0000000000,0.0000000000,1.0000000000,0,-85.5,-222.6,1714.1,1,1.0000000000,0.0000000000,-0.0000000000,-0.0000000000,1.0000000000,-0.0000000000,0.0000000000,0.0000000000,1.0000000000,0,-85.5,-602.9,1714.1,0,1.0000000000,0.0000000000,0.0000000000,-0.0000000000,1.0000000000,0.0000000000,-0.0000000000,-0.0000000000,1.0000000000,0,53.2,-179.3,1812.6,1,1.0000000000,0.0000000000,0.0000000000,-0.0000000000,1.0000000000,0.0000000000,-0.0000000000,-0.0000000000,1.0000000000,0,53.2,-559.6,1812.6,0,-184.2,-364.6,1616.8,0,25.7,-299.1,1765.8,0,-85.5,-968.6,1714.1,0,53.2,-925.3,1812.6,0,
14,0.7810275555,-0.1791562289,-0.5982484818,0.2619626522,0.9635970592,0.0534330569,0.5668957829,-0.1984506994,0.7995274067,1,-115.0,359.2,1651.4,1,0.7810275555,-0.1791562289,-0.5982484818,0.2619626522,0.9635970592,0.0534330569,0.5668957829,-0.1984506994,0.7995274067,1,-78.9,164.9,1691.4,1,0.7830259204,-0.1713582873,-0.5979204774,0.2509579957,0.9666196704,0.0516271517,0.5691131949,-0.1904775947,0.7998913527,1,-46.5,-18.2,1727.5,1,-0.0000013113,-1.0000001192,0.0000000000,1.0000001192,-0.0000013113,0.0000000000,0.0000000000,0.0000000000,1.0000000000,0,-182.9,131.5,1615.9,1,0.0000170469,-0.9999990463,-0.0000000000,0.9999990463,0.0000170469,-0.0000000000,0.0000000000,-0.0000000000,1.0000000000,0,-182.9,-117.1,1615.9,0,-0.0000005960,1.0000001192,0.0000000000,-1.0000001192,-0.0000005960,-0.0000000000,-0.0000000000,0.0000000000,1.0000000000,0,25.1,198.2,1767.0,1,0.0000170469,0.9999990463,0.0000000000,-0.9999990463,0.0000170469,-0.0000000000,-0.0000000000,-0.0000000000,1.0000000000,0,25.1,-50.5,1767.0,0,1.0000000000,0.0000000000,-0.0000000000,-0.0000000000,1.0000000000,-0.0000000000,0.0000000000,0.0000000000,1.0000000000,0,-82.7,-223.2,1713.6,1,1.0000000000,0.0000000000,-0.0000000000,-0.0000000000,1.0000000000,-0.0000000000,0.0000000000,0.0000000000,1.0000000000,0,-82.7,-603.6,1713.6,0,1.0000000000,0.0000000000,0.0000000000,-0.0000000000,1.0000000000,0.0000000000,-0.0000000000,-0.0000000000,1.0000000000,0,54.7,-179.2,1813.5,1,1.0000000000,0.0000000000,0.0000000000,-0.0000000000,1.0000000000,0.0000000000,-0.0000000000,-0.0000000000,1.0000000000,0,54.7,-559.5,1813.5,0,-182.9,-365.8,1615.9,0,25.1,-299.2,1767.0,0,-82.7,-969.3,1713.6,0,54.7,-925.2,1813.5,0,
15,0.7794116735,-0.1815138310,-0.5996434689,0.2674965560,0.9618991613,0.0565211438,0.5665354133,-0.2044550478,0.7982690930,1,-116.1,358.2,1649.2,1,0.7794116735,-0.1815138310,-0.5996434689,0.2674965560,0.9618991613,0.0565211438,0.5665354133,-0.2044550478,0.7982690930,1,-79.4,163.8,1690.5,1,0.7815198302,-0.1729885191,-0.5994195938,0.2560370564,0.9650831223,0.0553040877,0.5689209700,-0.1966941208,0.7985224724,1,-46.6,-19.0,1727.8,1,-0.0000013113,-1.0000001192,0.0000000000,1.0000001192,-0.0000013113,0.0000000000,0.0000000000,0.0000000000,1.0000000000,0,-183.2,129.8,1615.0,1,0.0000170469,-0.9999990463,-0.0000000000,0.9999990463,0.0000170469,-0.0000000000,0.0000000000,-0.0000000000,1.0000000000,0,-183.2,-118.9,1615.0,0,-0.0000005960,1.0000001192,0.0000000000,-1.0000001192,-0.0000005960,-0.0000000000,-0.0000000000,0.0000000000,1.0000000000,0,24.4,197.8,1766.1,1,0.0000170469,0.9999990463,0.0000000000,-0.9999990463,0.0000170469,-0.0000000000,-0.0000000000,-0.0000000000,1.0000000000,0,24.4,-50.9,1766.1,0,1.0000000000,0.0000000000,-0.0000000000,-0.0000000000,1.0000000000,-0.0000000000,0.0000000000,0.0000000000,1.0000000000,0,-82.5,-224.2,1715.1,1,1.0000000000,0.0000000000,-0.0000000000,-0.0000000000,1.0000000000,-0.0000000000,0.0000000000,0.0000000000,1.0000000000,0,-82.5,-604.5,1715.1,0,1.0000000000,0.0000000000,0.0000000000,-0.0000000000,1.0000000000,0.0000000000,-0.0000000000,-0.0000000000,1.0000000000,0,54.7,-179.3,1815.0,1,1.0000000000,0.0000000000,0.0000000000,-0.0000000000,1.0000000000,0.0000000000,-0.0000000000,-0.0000000000,1.0000000000,0,54.7,-559.6,1815.0,0,-183.2,-367.6,1615.0,0,24.4,-299.6,1766.1,0,-82.5,-970.2,1715.1,0,54.7,-925.3,1815.0,0,
16,0.7829124331,-0.1789439321,-0.5958434343,0.2650546134,0.9624114037,0.0592395402,0.5628441572,-0.2043096870,0.8009130359,1,-115.1,358.0,1650.6,1,0.7829124331,-0.1789439321,-0.5958434343,0.2650546134,0.9624114037,0.0592395402,0.5628441572,-0.2043096870,0.8009130359,1,-79.0,163.6,1691.9,1,0.7848296762,-0.1727492809,-0.5951489210,0.2545448244,0.9654704332,0.0554325506,0.5650209785,-0.1949964464,0.8017016053,1,-46.3,-19.2,1728.8,1,-0.0000013113,-1.0000001192,0.0000000000,1.0000001192,-0.0000013113,0.0000000000,0.0000000000,0.0000000000,1.0000000000,0,-183.2,129.8,1616.9,1,0.0000170469,-0.9999990463,-0.0000000000,0.9999990463,0.0000170469,-0.0000000000,0.0000000000,-0.0000000000,1.0000000000,0,-183.2,-118.9,1616.9,0,-0.0000005960,1.0000001192,0.0000000000,-1.0000001192,-0.0000005960,-0.0000000000,-0.0000000000,0.0000000000,1.0000000000,0,25.2,197.4,1766.9,1,0.0000170469,0.9999990463,0.0000000000,-0.9999990463,0.0000170469,-0.0000000000,-0.0000000000,-0.0000000000,1.0000000000,0,25.2,-51.2,1766.9,0,1.0000000000,0.0000000000,-0.0000000000,-0.0000000000,1.0000000000,-0.0000000000,0.0000000000,0.0000000000,1.0000000000,0,-82.4,-224.4,1716.2,1,1.0000000000,0.0000000000,-0.0000000000,-0.0000000000,1.0000000000,-0.0000000000,0.0000000000,0.0000000000,1.0000000000,0,-82.4,-604.7,1716.2,0,1.0000000000,0.0000000000,0.0000000000,-0.0000000000,1.0000000000,0.0000000000,-0.0000000000,-0.0000000000,1.0000000000,0,55.3,-179.7,1815.3,1,1.0000000000,0.0000000000,0.0000000000,-0.0000000000,1.0000000000,0.0000000000,-0.0000000000,-0.0000000000,1.0000000000,0,55.3,-560.0,1815.3,0,-183.2,-367.5,1616.9,0,25.2,-299.9,1766.9,0,-82.4,-970.4,1716.2,0,55.3,-925.7,1815.3,0,
17,0.7757042646,-0.1838547736,-0.6037239432,0.2648801804,0.9631333351,0.0470291264,0.5728183985,-0.1963944584,0.7958053350,1,-117.0,358.3,1652.8,1,0.7757042646,-0.1838547736,-0.6037239432,0.2648801804,0.9631333351,0.0470291264,0.5728183985,-0.1963944584,0.7958053350,1,-79.9,164.0,1692.5,1,0.7770610452,-0.1782269925,-0.6036667228,0.2576545775,0.9651061893,0.0467243791,0.5742732286,-0.1918444484,0.7958666682,1,-46.1,-18.8,1728.8,1,-0.0000013113,-1.0000001192,0.0000000000,1.0000001192,-0.0000013113,0.0000000000,0.0000000000,0.0000000000,1.0000000000,0,-183.1,129.8,1616.2,1,0.0000170469,-0.9999990463,-0.0000000000,0.9999990463,0.0000170469,-0.0000000000,0.0000000000,-0.0000000000,1.0000000000,0,-183.1,-118.9,1616.2,0,-0.0000005960,1.0000001192,0.0000000000,-1.0000001192,-0.0000005960,-0.0000000000,-0.0000000000,0.0000000000,1.0000000000,0,23.3,198.2,1768.7,1,0.0000170469,0.9999990463,0.0000000000,-0.9999990463,0.0000170469,-0.0000000000,-0.0000000000,-0.0000000000,1.0000000000,0,23.3,-50.5,1768.7,0,1.0000000000,0.0000000000,-0.0000000000,-0.0000000000,1.0000000000,-0.0000000000,0.0000000000,0.0000000000,1.0000000000,0,-80.6,-224.1,1714.7,1,1.0000000000,0.0000000000,-0.0000000000,-0.0000000000,1.0000000000,-0.0000000000,0.0000000000,0.0000000000,1.0000000000,0,-80.6,-604.4,1714.7,0,1.0000000000,0.0000000000,0.0000000000,-0.0000000000,1.0000000000,0.0000000000,-0.0000000000,-0.0000000000,1.0000000000,0,55.8,-178.9,1815.5,1,1.0000000000,0.0000000000,0.0000000000,-0.0000000000,1.0000000000,0.0000000000,-0.0000000000,-0.0000000000,1.0000000000,0,55.8,-559.2,1815.5,0,-183.1,-367.6,1616.2,0,23.3,-299.1,1768.7,0,-80.6,-970.2,1714.7,0,55.8,-924.9,1815.5,0,
18,0.7797616720,-0.1828560084,-0.5987801552,0.2642560601,0.9631551504,0.0499992892,0.5675739050,-0.1972180903,0.7993515134,1,-116.0,358.4,1652.9,1,0.7797616720,-0.1828560084,-0.5987801552,0.2642560601,0.9631551504,0.0499992892,0.5675739050,-0.1972180903,0.7993515134,1,-79.2,164.2,1692.7,1,0.7817751765,-0.1753102541,-0.5984113216,0.2534098923,0.9661662579,0.0480125993,0.5697460771,-0.1891776919,0.7997493744,1,-46.0,-18.8,1728.5,1,-0.0000013113,-1.0000001192,0.0000000000,1.0000001192,-0.0000013113,0.0000000000,0.0000000000,0.0000000000,1.0000000000,0,-183.0,130.5,1617.0,1,0.0000170469,-0.9999990463,-0.0000000000,0.9999990463,0.0000170469,-0.0000000000,0.0000000000,-0.0000000000,1.0000000000,0,-183.0,-118.2,1617.0,0,-0.0000005960,1.0000001192,0.0000000000,-1.0000001192,-0.0000005960,-0.0000000000,-0.0000000000,0.0000000000,1.0000000000,0,24.7,197.8,1768.4,1,0.0000170469,0.9999990463,0.0000000000,-0.9999990463,0.0000170469,-0.0000000000,-0.0000000000,-0.0000000000,1.0000000000,0,24.7,-50.9,1768.4,0,1.0000000000,0.0000000000,-0.0000000000,-0.0000000000,1.0000000000,-0.0000000000,0.0000000000,0.0000000000,1.0000000000,0,-81.4,-224.0,1714.3,1,1.0000000000,0.0000000000,-0.0000000000,-0.0000000000,1.0000000000,-0.0000000000,0.0000000000,0.0000000000,1.0000000000,0,-81.4,-604.3,1714.3,0,1.0000000000,0.0000000000,0.0000000000,-0.0000000000,1.0000000000,0.0000000000,-0.0000000000,-0.0000000000,1.0000000000,0,55.8,-179.5,1814.4,1,1.0000000000,0.0000000000,0.0000000000,-0.0000000000,1.0000000000,0.0000000000,-0.0000000000,-0.0000000000,1.0000000000,0,55.8,-559.8,1814.4,0,-183.0,-366.8,1617.0,0,24.7,-299.5,1768.4,0,-81.4,-970.0,1714.3,0,55.8,-925.5,1814.4,0,
19,0.7781877518,-0.1782764345,-0.6021989584,0.2660596073,0.9621502161,0.0589774773,0.5688898563,-0.2061156183,0.7961648703,1,-115.3,358.2,1649.0,1,0.7781877518,-0.1782764345,-0.6021989584,0.2660596073,0.9621502161,0.0589774773,0.5688898563,-0.2061156183,0.7961648703,1,-79.3,163.9,1690.6,1,0.7797582150,-0.1739144623,-0.6014424562,0.2574672103,0.9647291899,0.0548387989,0.5706901550,-0.1976119727,0.7970319986,1,-46.4,-18.8,1728.0,1,-0.0000013113,-1.0000001192,0.0000000000,1.0000001192,-0.0000013113,0.0000000000,0.0000000000,0.0000000000,1.0000000000,0,-182.8,129.7,1614.8,1,0.0000170469,-0.9999990463,-0.0000000000,0.9999990463,0.0000170469,-0.0000000000,0.0000000000,-0.0000000000,1.0000000000,0,-182.8,-119.0,1614.8,0,-0.0000005960,1.0000001192,0.0000000000,-1.0000001192,-0.0000005960,-0.0000000000,-0.0000000000,0.0000000000,1.0000000000,0,24.3,198.1,1766.4,1,0.0000170469,0.9999990463,0.0000000000,-0.9999990463,0.0000170469,-0.0000000000,-0.0000000000,-0.0000000000,1.0000000000,0,24.3,-50.6,1766.4,0,1.0000000000,0.0000000000,-0.0000000000,-0.0000000000,1.0000000000,-0.0000000000,0.0000000000,0.0000000000,1.0000000000,0,-81.9,-224.1,1715.4,1,1.0000000000,0.0000000000,-0.0000000000,-0.0000000000,1.0000000000,-0.0000000000,0.0000000000,0.0000000000,1.0000000000,0,-81.9,-604.4,1715.4,0,1.0000000000,0.0000000000,0.0000000000,-0.0000000000,1.0000000000,0.0000000000,-0.0000000000,-0.0000000000,1.0000000000,0,55.0,-178.9,1815.5,1,1.0000000000,0.0000000000,0.0000000000,-0.0000000000,1.0000000000,0.0000000000,-0.0000000000,-0.0000000000,1.0000000000,0,55.0,-559.2,1815.5,0,-182.9,-367.7,1614.8,0,24.3,-299.3,1766.4,0,-81.9,-970.1,1715.4,0,55.0,-924.9,1815.5,0,
20,0.7776736617,-0.1760910749,-0.6035046577,0.2676534057,0.9613606930,0.0643913448,0.5688453317,-0.2116047740,0.7947554588,1,-114.3,357.7,1647.0,1,0.7776736617,-0.1760910749,-0.6035046577,0.2676534057,0.9613606930,0.0643913448,0.5688453317,-0.2116047740,0.7947554588,1,-78.7,163.5,1689.8,1,0.7791349292,-0.1731628031,-0.6024662852,0.2595978379,0.9639326334,0.0586672015,0.5705763102,-0.2021078616,0.7959854603,1,-45.9,-19.1,1728.0,1,-0.0000013113,-1.0000001192,0.0000000000,1.0000001192,-0.0000013113,0.0000000000,0.0000000000,0.0000000000,1.0000000000,0,-182.2,129.0,1614.0,1,0.0000170469,-0.9999990463,-0.0000000000,0.9999990463,0.0000170469,-0.0000000000,0.0000000000,-0.0000000000,1.0000000000,0,-182.2,-119.7,1614.0,0,-0.0000005960,1.0000001192,0.0000000000,-1.0000001192,-0.0000005960,-0.0000000000,-0.0000000000,0.0000000000,1.0000000000,0,24.7,197.9,1765.5,1,0.0000170469,0.9999990463,0.0000000000,-0.9999990463,0.0000170469,-0.0000000000,-0.0000000000,-0.0000000000,1.0000000000,0,24.7,-50.7,1765.5,0,1.0000000000,0.0000000000,-0.0000000000,-0.0000000000,1.0000000000,-0.0000000000,0.0000000000,0.0000000000,1.0000000000,0,-81.5,-224.4,1716.2,1,1.0000000000,0.0000000000,-0.0000000000,-0.0000000000,1.0000000000,-0.0000000000,0.0000000000,0.0000000000,1.0000000000,0,-81.5,-604.7,1716.2,0,1.0000000000,0.0000000000,0.0000000000,-0.0000000000,1.0000000000,0.0000000000,-0.0000000000,-0.0000000000,1.0000000000,0,55.2,-178.8,1816.4,1,1.0000000000,0.0000000000,0.0000000000,-0.0000000000,1.0000000000,0.0000000000,-0.0000000000,-0.0000000000,1.0000000000,0,55.2,-559.1,1816.4,0,-182.2,-368.4,1614.0,0,24.7,-299.4,1765.5,0,-81.5,-970.4,1716.2,0,55.2,-924.8,1816.4,0,
21,0.7698792219,-0.1817418337,-0.6117664576,0.2722173929,0.9605323076,0.0572214462,0.5772202611,-0.2105863541,0.7889662981,1,-115.6,357.4,1647.0,1,0.7698792219,-0.1817418337,-0.6117664576,0.2722173929,0.9605323076,0.0572214462,0.5772202611,-0.2105863541,0.7889662981,1,-78.9,163.4,1689.6,1,0.7717051506,-0.1763389856,-0.6110466719,0.2624065876,0.9634807110,0.0533540882,0.5793216228,-0.2015155703,0.7897946835,1,-45.5,-19.1,1727.7,1,-0.0000013113,-1.0000001192,0.0000000000,1.0000001192,-0.0000013113,0.0000000000,0.0000000000,0.0000000000,1.0000000000,0,-181.4,128.5,1612.6,1,0.0000170469,-0.9999990463,-0.0000000000,0.9999990463,0.0000170469,-0.0000000000,0.0000000000,-0.0000000000,1.0000000000,0,-181.4,-120.1,1612.6,0,-0.0000005960,1.0000001192,0.0000000000,-1.0000001192,-0.0000005960,-0.0000000000,-0.0000000000,0.0000000000,1.0000000000,0,23.6,198.2,1766.5,1,0.0000170469,0.9999990463,0.0000000000,-0.9999990463,0.0000170469,-0.0000000000,-0.0000000000,-0.0000000000,1.0000000000,0,23.6,-50.4,1766.5,0,1.0000000000,0.0000000000,-0.0000000000,-0.0000000000,1.0000000000,-0.0000000000,0.0000000000,0.0000000000,1.0000000000,0,-79.8,-224.5,1715.0,1,1.0000000000,0.0000000000,-0.0000000000,-0.0000000000,1.0000000000,-0.0000000000,0.0000000000,0.0000000000,1.0000000000,0,-79.8,-604.9,1715.0,0,1.0000000000,0.0000000000,0.0000000000,-0.0000000000,1.0000000000,0.0000000000,-0.0000000000,-0.0000000000,1.0000000000,0,55.6,-178.5,1816.7,1,1.0000000000,0.0000000000,0.0000000000,-0.0000000000,1.0000000000,0.0000000000,-0.0000000000,-0.0000000000,1.0000000000,0,55.6,-558.8,1816.7,0,-181.4,-368.8,1612.6,0,23.6,-299.1,1766.5,0,-79.8,-970.6,1715.0,0,55.6,-924.5,1816.7,0,
22,0.7655479312,-0.1865411103,-0.6157443523,0.2763037384,0.9596179128,0.0528077632,0.5810267925,-0.2105586082,0.7861745954,1,-116.3,358.7,1646.5,1,0.7655479312,-0.1865411103,-0.6157443523,0.2763037384,0.9596179128,0.0528077632,0.5810267925,-0.2105586082,0.7861745954,1,-78.6,164.6,1689.1,1,0.7674995065,-0.1797038019,-0.6153481603,0.2660607994,0.9626199603,0.0507283360,0.5832287073,-0.2026532739,0.7866216302,1,-44.5,-17.7,1727.5,1,-0.0000013113,-1.0000001192,0.0000000000,1.0000001192,-0.0000013113,0.0000000000,0.0000000000,0.0000000000,1.0000000000,0,-180.5,129.3,1611.7,1,0.0000170469,-0.9999990463,-0.0000000000,0.9999990463,0.0000170469,-0.0000000000,0.0000000000,-0.0000000000,1.0000000000,0,-180.5,-119.4,1611.7,0,-0.0000005960,1.0000001192,0.0000000000,-1.0000001192,-0.0000005960,-0.0000000000,-0.0000000000,0.0000000000,1.0000000000,0,23.4,199.9,1766.6,1,0.0000170469,0.9999990463,0.0000000000,-0.9999990463,0.0000170469,-0.0000000000,-0.0000000000,-0.0000000000,1.0000000000,0,23.4,-48.7,1766.6,0,1.0000000000,0.0000000000,-0.0000000000,-0.0000000000,1.0000000000,-0.0000000000,0.0000000000,0.0000000000,1.0000000000,0,-77.9,-223.3,1714.7,1,1.0000000000,0.0000000000,-0.0000000000,-0.0000000000,1.0000000000,-0.0000000000,0.0000000000,0.0000000000,1.0000000000,0,-77.9,-603.6,1714.7,0,1.0000000000,0.0000000000,0.0000000000,-0.0000000000,1.0000000000,0.0000000000,-0.0000000000,-0.0000000000,1.0000000000,0,56.9,-176.6,1817.1,1,1.0000000000,0.0000000000,0.0000000000,-0.0000000000,1.0000000000,0.0000000000,-0.0000000000,-0.0000000000,1.0000000000,0,56.9,-556.9,1817.1,0,-180.5,-368.1,1611.7,0,23.4,-297.4,1766.6,0,-77.9,-969.3,1714.7,0,56.9,-922.6,1817.1,0,
23,0.7671276331,-0.1842391640,-0.6144701838,0.2800691128,0.9579474330,0.0624242350,0.5771275163,-0.2199807316,0.7864668369,1,-115.0,357.8,1642.8,1,0.7671276331,-0.1842391640,-0.6144701838,0.2800691128,0.9579474330,0.0624242350,0.5771275163,-0.2199807316,0.7864668369,1,-77.8,164.2,1687.3,1,0.7690070868,-0.1801755428,-0.6133247614,0.2701712549,0.9611588120,0.0563923195,0.5793403387,-0.2090680599,0.7878153324,1,-43.7,-17.8,1726.8,1,-0.0000013113,-1.0000001192,0.0000000000,1.0000001192,-0.0000013113,0.0000000000,0.0000000000,0.0000000000,1.0000000000,0,-179.9,128.3,1610.3,1,0.0000170469,-0.9999990463,-0.0000000000,0.9999990463,0.0000170469,-0.0000000000,0.0000000000,-0.0000000000,1.0000000000,0,-179.9,-120.3,1610.3,0,-0.0000005960,1.0000001192,0.0000000000,-1.0000001192,-0.0000005960,-0.0000000000,-0.0000000000,0.0000000000,1.0000000000,0,24.3,200.1,1764.2,1,0.0000170469,0.9999990463,0.0000000000,-0.9999990463,0.0000170469,-0.0000000000,-0.0000000000,-0.0000000000,1.0000000000,0,24.3,-48.6,1764.2,0,1.0000000000,0.0000000000,-0.0000000000,-0.0000000000,1.0000000000,-0.0000000000,0.0000000000,0.0000000000,1.0000000000,0,-77.0,-223.5,1715.6,1,1.0000000000,0.0000000000,-0.0000000000,-0.0000000000,1.0000000000,-0.0000000000,0.0000000000,0.0000000000,1.0000000000,0,-77.0,-603.8,1715.6,0,1.0000000000,0.0000000000,0.0000000000,-0.0000000000,1.0000000000,0.0000000000,-0.0000000000,-0.0000000000,1.0000000000,0,57.9,-176.1,1817.3,1,1.0000000000,0.0000000000,0.0000000000,-0.0000000000,1.0000000000,0.0000000000,-0.0000000000,-0.0000000000,1.0000000000,0,57.9,-556.4,1817.3,0,-179.9,-369.0,1610.3,0,24.3,-297.3,1764.2,0,-77.0,-969.5,1715.6,0,57.9,-922.1,1817.3,0,
