1,0.8848334551,-0.1178031787,-0.4507661462,0.1612901092,0.9851333499,0.0591523498,0.4370934367,-0.1250456423,0.8906775117,1,-48.1,400.9,1844.0,1,0.8848334551,-0.1178031787,-0.4507661462,0.1612901092,0.9851333499,0.0591523498,0.4370934367,-0.1250456423,0.8906775117,1,-24.7,205.4,1868.8,1,0.8870995045,-0.0969465822,-0.4512800276,0.1404688507,0.9880232215,0.0638741478,0.4396798015,-0.1200550348,0.8900910020,1,-6.3,17.5,1891.7,1,0.1913920194,-0.5654233694,-0.8022876978,0.9757185578,0.0209112167,0.2180278152,-0.1065012068,-0.8245357871,0.5556962490,1,-143.8,186.5,1809.8,1,-0.2089342773,-0.5501023531,-0.8085380793,0.9757942557,-0.0626643151,-0.2095202357,0.0645910949,-0.8327428102,0.5498794913,1,-191.9,-58.6,1836.6,1,0.1027874947,0.9884747863,0.1111416519,-0.9830161929,0.0838661194,0.1632350534,0.1520327032,-0.1260325760,0.9803070426,0,94.4,224.2,1927.8,1,0.0829829574,0.9878868461,0.1311232597,-0.9964599013,0.0804762840,0.0243108273,0.0134640373,-0.1326764673,0.9910679460,0,121.9,-38.8,1968.5,0,1.0000000000,-0.0000000000,-0.0000000014,0.0000000000,1.0000000000,-0.0000000000,0.0000000014,0.0000000000,1.0000000000,0,-65.7,-182.7,1875.9,1,1.0000000000,-0.0000000053,-0.0000000291,0.0000000053,1.0000000000,-0.0000001252,0.0000000291,0.0000001252,1.0000000000,0,-65.7,-563.0,1875.9,0,1.0000000000,0.0000000750,-0.0000000037,-0.0000000750,1.0000000000,-0.0000001428,0.0000000037,0.0000001428,1.0000000000,0,90.0,-158.1,1953.1,1,0.9999999404,0.0000300565,0.0003248267,-0.0000300215,1.0000000000,-0.0001078264,-0.0003248299,0.0001078166,0.9999999404,0,90.0,-538.4,1953.1,0,-139.9,-301.3,1820.5,1,143.0,-292.4,1972.0,0,-65.7,-928.7,1875.9,0,90.0,-904.1,1953.0,0,
2,0.8830206394,-0.1169720441,-0.4545217454,0.1633014381,0.9845058918,0.0638906658,0.4400029182,-0.1306423843,0.8884388208,1,-47.7,402.6,1843.6,1,0.8830206394,-0.1169720441,-0.4545217454,0.1633014381,0.9845058918,0.0638906658,0.4400029182,-0.1306423843,0.8884388208,1,-24.5,207.5,1869.5,1,0.8851599097,-0.0995272771,-0.4545152485,0.1438149810,0.9875444770,0.0638315007,0.4424980581,-0.1218686998,0.8884463906,1,-5.6,19.7,1892.7,1,0.1897071749,-0.5616728067,-0.8053165674,0.9765689969,0.0230605304,0.2139651626,-0.1016073897,-0.8270378709,0.5528870821,1,-143.4,188.2,1810.1,1,-0.2121743560,-0.5457291007,-0.8106552958,0.9750518799,-0.0628449544,-0.2128953189,0.0652375594,-0.8356018662,0.5454482436,1,-191.2,-57.9,1835.7,1,0.1233184934,0.9847711921,0.1225486100,-0.9758698344,0.0979163647,0.1951677352,0.1801960468,-0.1436592788,0.9730834365,0,94.3,226.8,1928.9,1,0.1051684618,0.9838762879,0.1446615458,-0.9939097762,0.0991790891,0.0480296314,0.0329078175,-0.1488317251,0.9883148074,0,127.4,-35.4,1977.3,0,1.0000000000,-0.0000000000,-0.0000000011,0.0000000000,1.0000000000,-0.0000000000,0.0000000011,0.0000000000,1.0000000000,0,-64.4,-180.7,1877.0,1,1.0000000000,-0.0000000048,-0.0000000262,0.0000000048,1.0000000000,-0.0000001127,0.0000000262,0.0000001127,1.0000000000,0,-64.4,-561.0,1877.0,0,1.0000000000,0.0000000600,-0.0000000030,-0.0000000600,1.0000000000,-0.0000001142,0.0000000030,0.0000001142,1.0000000000,0,91.0,-155.5,1954.7,1,0.9999999404,0.0000270493,0.0002923441,-0.0000270209,1.0000000000,-0.0000970433,-0.0002923468,0.0000970354,0.9999999404,0,91.0,-535.8,1954.7,0,-138.4,-300.4,1819.5,1,154.3,-289.2,1985.7,0,-64.4,-926.8,1877.0,0,91.0,-901.5,1954.7,0,
3,0.8873516321,-0.1115077883,-0.4474047422,0.1568414122,0.9854524732,0.0654634908,0.4335934520,-0.1282622814,0.8919299841,1,-49.2,400.2,1843.4,1,0.8873516321,-0.1115077883,-0.4474047422,0.1568414122,0.9854524732,0.0654634908,0.4335934520,-0.1282622814,0.8919299841,1,-27.1,204.9,1868.9,1,0.8892918825,-0.0939245522,-0.4475890696,0.1382012665,0.9881200790,0.0672341362,0.4359538257,-0.1216496676,0.8917057514,1,-9.2,17.0,1892.0,1,0.1783962995,-0.5687667131,-0.8029191494,0.9788952470,0.0199123472,0.2033901364,-0.0996935293,-0.8222577572,0.5603153706,1,-146.4,186.4,1810.3,1,-0.2114608139,-0.5529170036,-0.8059571385,0.9753231406,-0.0658205152,-0.2107423693,0.0634745359,-0.8306323886,0.5531912446,1,-190.7,-56.7,1835.1,1,0.1425117254,0.9809760451,0.1318181008,-0.9683423638,0.1106055379,0.2237837315,0.2049467415,-0.1595368385,0.9656835794,0,92.3,223.5,1927.4,1,0.1214940548,0.9802188277,0.1562374830,-0.9912361503,0.1115909219,0.0706986487,0.0518654734,-0.1634577066,0.9851860404,0,130.5,-35.8,1982.3,0,1.0000000000,-0.0000000000,-0.0000000009,0.0000000000,1.0000000000,-0.0000000000,0.0000000009,0.0000000000,1.0000000000,0,-69.4,-183.0,1876.9,1,1.0000000000,-0.0000000043,-0.0000000236,0.0000000043,1.0000000000,-0.0000001014,0.0000000236,0.0000001014,1.0000000000,0,-69.4,-563.3,1876.9,0,1.0000000000,0.0000000480,-0.0000000024,-0.0000000480,1.0000000000,-0.0000000914,0.0000000024,0.0000000914,1.0000000000,0,86.7,-158.7,1953.4,1,0.9999999404,0.0000243431,0.0002631098,-0.0000243201,1.0000000000,-0.0000873386,-0.0002631120,0.0000873322,0.9999999404,0,86.7,-539.1,1953.4,0,-138.2,-299.2,1819.3,1,161.6,-289.4,1995.5,0,-69.4,-929.0,1876.9,0,86.7,-904.8,1953.3,0,
4,0.8808293939,-0.1145162210,-0.4593729675,0.1554306746,0.9864715934,0.0521183349,0.4471869767,-0.1173095927,0.8867107034,1,-49.7,401.1,1847.8,1,0.8808293939,-0.1145162210,-0.4593729675,0.1554306746,0.9864715934,0.0521183349,0.4471869767,-0.1173095927,0.8867107034,1,-27.1,205.7,1871.1,1,0.8833297491,-0.0899213776,-0.4600440860,0.1312621534,0.9896146059,0.0586052388,0.4499934614,-0.1121556833,0.8859574199,1,-10.0,17.5,1892.4,1,0.1782262474,-0.5587142706,-0.8099838495,0.9793540239,0.0209136978,0.2010679841,-0.0953997895,-0.8290965557,0.5509064198,1,-145.6,188.1,1810.7,1,-0.2141549140,-0.5430696011,-0.8119193912,0.9744930863,-0.0616936535,-0.2157708704,0.0670883283,-0.8374181986,0.5424296260,1,-190.6,-59.2,1834.8,1,0.1523677707,0.9792143106,0.1338779628,-0.9634048939,0.1169307828,0.2412014008,0.2205334306,-0.1657299995,0.9611964226,0,91.5,223.3,1931.5,1,0.1318073869,0.9784928560,0.1586775184,-0.9888738394,0.1186568141,0.0897166133,0.0689589083,-0.1687373519,0.9832458496,0,133.5,-42.1,1992.2,0,1.0000000000,-0.0000000000,-0.0000000007,0.0000000000,1.0000000000,-0.0000000000,0.0000000007,0.0000000000,1.0000000000,0,-70.4,-182.2,1874.2,1,1.0000000000,-0.0000000039,-0.0000000212,0.0000000039,1.0000000000,-0.0000000913,0.0000000212,0.0000000913,1.0000000000,0,-70.4,-562.5,1874.2,0,1.0000000000,0.0000000384,-0.0000000019,-0.0000000384,1.0000000000,-0.0000000731,0.0000000019,0.0000000731,1.0000000000,0,84.6,-159.1,1953.2,1,1.0000000000,0.0000219077,0.0002367989,-0.0000218891,1.0000000000,-0.0000786044,-0.0002368006,0.0000785993,0.9999999404,0,84.6,-539.5,1953.2,0,-137.4,-301.5,1818.1,1,167.5,-297.0,2010.0,0,-70.4,-928.2,1874.2,0,84.6,-905.2,1953.2,0,
5,0.8783920407,-0.1156095490,-0.4637453258,0.1535431594,0.9871290326,0.0447452106,0.4526005089,-0.1105103493,0.8848354816,1,-50.1,401.6,1850.0,1,0.8783920407,-0.1156095490,-0.4637453258,0.1535431594,0.9871290326,0.0447452106,0.4526005089,-0.1105103493,0.8848354816,1,-27.3,206.4,1871.9,1,0.8805828691,-0.0936656520,-0.4645410180,0.1328474432,0.9897584319,0.0522614084,0.4548852742,-0.1077351570,0.8840057254,1,-9.5,18.2,1892.4,1,0.1802705973,-0.5547422171,-0.8122583032,0.9791941047,0.0229881033,0.2016198635,-0.0931747779,-0.8317046762,0.5473443270,1,-145.5,188.5,1810.8,1,-0.2117342055,-0.5387946367,-0.8153949380,0.9752876759,-0.0626127422,-0.2118806094,0.0631060451,-0.8401070237,0.5387371778,1,-190.8,-57.8,1834.3,1,0.1756202877,0.9755676389,0.1320049167,-0.9510932565,0.1335227937,0.2785558403,0.2541244328,-0.1744690537,0.9513050318,1,90.9,224.2,1933.0,1,0.1442730278,0.9774783254,0.1540178657,-0.9806675315,0.1204435080,0.1542222351,0.1321984231,-0.1732904315,0.9759580493,1,140.4,-43.8,2004.6,1,1.0000000000,-0.0000000000,-0.0000000006,0.0000000000,1.0000000000,-0.0000000000,0.0000000006,0.0000000000,1.0000000000,0,-68.9,-181.7,1873.0,1,1.0000000000,-0.0000000035,-0.0000000191,0.0000000035,1.0000000000,-0.0000000822,0.0000000191,0.0000000822,1.0000000000,0,-68.9,-562.0,1873.0,0,1.0000000000,0.0000000307,-0.0000000015,-0.0000000307,1.0000000000,-0.0000000585,0.0000000015,0.0000000585,1.0000000000,0,85.6,-158.4,1952.8,1,1.0000000000,0.0000197161,0.0002131191,-0.0000197011,1.0000000000,-0.0000707438,-0.0002131205,0.0000707396,1.0000000000,0,85.6,-538.7,1952.8,0,-138.2,-300.3,1818.6,1,178.2,-300.5,2039.2,1,-68.9,-927.7,1873.0,0,85.6,-904.4,1952.8,0,
6,0.8661293387,-0.1264768839,-0.4835506082,0.1666612327,0.9851686358,0.0408437289,0.4712100327,-0.1159666702,0.8743606210,1,-50.2,402.5,1851.1,1,0.8661293387,-0.1264768839,-0.4835506082,0.1666612327,0.9851686358,0.0408437289,0.4712100327,-0.1159666702,0.8743606210,1,-25.1,207.7,1874.1,1,0.8692777157,-0.0972002447,-0.4846710563,0.1388738453,0.9890104532,0.0507326573,0.4744104445,-0.1114104614,0.8732216954,1,-6.7,19.6,1895.3,1,0.1929287612,-0.5350479484,-0.8224976063,0.9765720963,0.0232764408,0.2139275521,-0.0953166559,-0.8445009589,0.5270036459,1,-141.8,189.1,1810.4,1,-0.2131454796,-0.5200687647,-0.8271018267,0.9747657180,-0.0557157509,-0.2161654979,0.0663383380,-0.8523051739,0.5188208222,1,-190.6,-57.8,1834.5,1,0.1664373875,0.9797891378,0.1109591573,-0.9541367292,0.1316296309,0.2688805461,0.2488407046,-0.1506219804,0.9567608833,1,91.5,226.3,1937.8,1,0.1557105333,0.9790161848,0.1314598918,-0.9796653390,0.1360071152,0.1475056112,0.1265309006,-0.1517548710,0.9802859426,1,137.7,-38.4,2006.8,1,1.0000000000,-0.0000000000,-0.0000000005,0.0000000000,1.0000000000,-0.0000000000,0.0000000005,0.0000000000,1.0000000000,0,-64.5,-180.6,1874.8,1,1.0000000000,-0.0000000031,-0.0000000172,0.0000000031,1.0000000000,-0.0000000739,0.0000000172,0.0000000739,1.0000000000,0,-64.5,-561.0,1874.8,0,1.0000000000,0.0000000246,-0.0000000012,-0.0000000246,1.0000000000,-0.0000000468,0.0000000012,0.0000000468,1.0000000000,0,88.1,-156.3,1958.1,1,1.0000000000,0.0000177438,0.0001918073,-0.0000177316,1.0000000000,-0.0000636692,-0.0001918084,0.0000636658,1.0000000000,0,88.1,-536.6,1958.1,0,-137.6,-300.2,1818.0,1,178.5,-295.1,2039.9,1,-64.5,-926.7,1874.8,0,88.1,-902.3,1958.1,0,
7,0.8556047082,-0.1308246702,-0.5008224845,0.1727148443,0.9842405915,0.0379647017,0.4879600108,-0.1189838350,0.8647147417,1,-50.0,404.6,1852.2,1,0.8556047082,-0.1308246702,-0.5008224845,0.1727148443,0.9842405915,0.0379647017,0.4879600108,-0.1189838350,0.8647147417,1,-24.1,209.5,1875.8,1,0.8588937521,-0.1012355313,-0.5020463467,0.1447577626,0.9882850051,0.0483675674,0.4912652671,-0.1142192706,0.8634848595,1,-4.8,21.6,1897.5,1,0.2022536397,-0.5181574821,-0.8310272694,0.9743368626,0.0208585709,0.2241263837,-0.0987987146,-0.8550308943,0.5090786219,1,-139.4,190.1,1809.9,1,-0.2113578618,-0.5044385195,-0.8371796012,0.9752264619,-0.0516327657,-0.2150986791,0.0652781576,-0.8619024754,0.5028547645,1,-190.5,-56.4,1834.8,1,0.1759976298,0.9799927473,0.0929467380,-0.9552836418,0.1472396702,0.2564247549,0.2376089543,-0.1339206398,0.9620848298,1,91.2,228.9,1941.7,1,0.1537034810,0.9820480943,0.1093475595,-0.9768658280,0.1343678832,0.1663684100,0.1486889720,-0.1323892921,0.9799820781,1,139.8,-35.2,2007.4,1,1.0000000000,-0.0000000000,-0.0000000004,0.0000000000,1.0000000000,-0.0000000000,0.0000000004,0.0000000000,1.0000000000,0,-60.9,-179.1,1876.1,1,1.0000000000,-0.0000000028,-0.0000000155,0.0000000028,1.0000000000,-0.0000000665,0.0000000155,0.0000000665,1.0000000000,0,-60.9,-559.4,1876.1,0,1.0000000000,0.0000000197,-0.0000000010,-0.0000000197,1.0000000000,-0.0000000374,0.0000000010,0.0000000374,1.0000000000,0,89.8,-153.7,1962.3,1,1.0000000000,0.0000159689,0.0001726266,-0.0000159590,1.0000000000,-0.0000573021,-0.0001726275,0.0000572994,1.0000000000,0,89.8,-534.0,1962.3,0,-138.0,-299.0,1818.6,1,180.0,-290.3,2046.2,1,-60.9,-925.1,1876.1,0,89.8,-899.7,1962.3,0,
8,0.8648516536,-0.1296448559,-0.4849963188,0.1765950173,0.9829008579,0.0521681234,0.4699368775,-0.1307671815,0.8729564548,1,-50.0,404.6,1847.7,1,0.8648516536,-0.1296448559,-0.4849963188,0.1765950173,0.9829008579,0.0521681234,0.4699368775,-0.1307671815,0.8729564548,1,-24.4,210.0,1873.6,1,0.8679555058,-0.1022948325,-0.4859903157,0.1502362043,0.9867913127,0.0606091805,0.4733678997,-0.1256209314,0.8718577027,1,-4.9,22.4,1897.5,1,0.1975055933,-0.5308877230,-0.8241053820,0.9756130576,0.0243259221,0.2181452662,-0.0957635343,-0.8470928669,0.5227455497,1,-140.8,189.9,1810.1,1,-0.2114260495,-0.5151283145,-0.8306273818,0.9756254554,-0.0601282381,-0.2110439539,0.0587705448,-0.8550014496,0.5152849555,1,-190.4,-55.2,1834.1,1,0.1731314212,0.9787955284,0.1094759181,-0.9509944916,0.1372218877,0.2770915926,0.2561935186,-0.1520842612,0.9545864463,1,92.1,230.2,1937.1,1,0.1821938157,0.9748875499,0.1280615926,-0.9720780849,0.1589986980,0.1725793183,0.1478837729,-0.1559287459,0.9766353965,1,139.6,-30.3,2007.3,1,1.0000000000,-0.0000000000,-0.0000000003,0.0000000000,1.0000000000,-0.0000000000,0.0000000003,0.0000000000,1.0000000000,0,-61.6,-178.4,1879.8,1,1.0000000000,-0.0000000026,-0.0000000139,0.0000000026,1.0000000000,-0.0000000599,0.0000000139,0.0000000599,1.0000000000,0,-61.6,-558.7,1879.8,0,1.0000000000,0.0000000157,-0.0000000008,-0.0000000157,1.0000000000,-0.0000000299,0.0000000008,0.0000000299,1.0000000000,0,90.7,-152.1,1962.9,1,1.0000000000,0.0000143716,0.0001553640,-0.0000143636,1.0000000000,-0.0000515718,-0.0001553647,0.0000515695,1.0000000000,0,90.7,-532.4,1962.9,0,-137.9,-297.8,1819.5,1,187.1,-283.7,2045.9,1,-61.6,-924.5,1879.8,0,90.7,-898.1,1962.9,0,
9,0.8567073941,-0.1355472803,-0.4976716340,0.1803443283,0.9826722145,0.0428087786,0.4832423329,-0.1264284253,0.8663061261,1,-50.8,403.9,1850.0,1,0.8567073941,-0.1355472803,-0.4976716340,0.1803443283,0.9826722145,0.0428087786,0.4832423329,-0.1264284253,0.8663061261,1,-24.0,209.3,1875.0,1,0.8605583310,-0.1032497063,-0.4987749755,0.1485717297,0.9875388741,0.0519118533,0.4871966839,-0.1187785715,0.8651732206,1,-4.4,21.5,1897.6,1,0.2024891973,-0.5196462870,-0.8300397396,0.9746862054,0.0249017775,0.2221861482,-0.0947887301,-0.8540185690,0.5115343928,1,-139.5,189.3,1809.6,1,-0.2141891867,-0.5034092665,-0.8370794058,0.9751542807,-0.0605938770,-0.2130788565,0.0565439947,-0.8619207144,0.5038802028,1,-190.3,-55.4,1833.4,1,0.1806742996,0.9788997173,0.0954580456,-0.9523068070,0.1498448998,0.2658159733,0.2459032089,-0.1389314532,0.9592860937,1,91.5,229.2,1940.4,1,0.1347941011,0.9846179485,0.1111675575,-0.9767398834,0.1131508350,0.1821433306,0.1667628735,-0.1331336349,0.9769675732,1,141.3,-33.1,2008.2,1,1.0000000000,-0.0000000000,-0.0000000002,0.0000000000,1.0000000000,-0.0000000000,0.0000000002,0.0000000000,1.0000000000,0,-60.2,-179.3,1877.4,1,1.0000000000,-0.0000000023,-0.0000000125,0.0000000023,1.0000000000,-0.0000000539,0.0000000125,0.0000000539,1.0000000000,0,-60.2,-559.7,1877.4,0,1.0000000000,0.0000000126,-0.0000000006,-0.0000000126,1.0000000000,-0.0000000240,0.0000000006,0.0000000240,1.0000000000,0,90.8,-153.3,1962.9,1,1.0000000000,0.0000129341,0.0001398276,-0.0000129276,1.0000000000,-0.0000464145,-0.0001398282,0.0000464127,1.0000000000,0,90.8,-533.6,1962.9,0,-137.1,-297.9,1819.4,1,176.7,-289.5,2051.9,1,-60.2,-925.4,1877.4,0,90.8,-899.3,1962.9,0,
10,0.8446151018,-0.1516887248,-0.5134330392,0.1877831817,0.9820316434,0.0187801234,0.5013555884,-0.1122776046,0.8579218984,1,-51.2,402.2,1856.6,1,0.8446151018,-0.1516887248,-0.5134330392,0.1877831817,0.9820316434,0.0187801234,0.5013555884,-0.1122776046,0.8579218984,1,-21.2,208.0,1878.8,1,0.8489743471,-0.1143699139,-0.5159065723,0.1555188596,0.9871371984,0.0370871872,0.5050257444,-0.1117208079,0.8558394313,1,0.6,20.3,1900.1,1,0.2208505720,-0.5019639134,-0.8362159729,0.9710544944,0.0331855342,0.2365417182,-0.0909851417,-0.8642516732,0.4947633147,1,-135.1,187.1,1811.1,1,-0.2159947306,-0.4850497842,-0.8473918438,0.9746311307,-0.0549712330,-0.2169614881,0.0586549565,-0.8727570176,0.4846181273,1,-190.3,-55.6,1833.8,1,0.1669152677,0.9829784632,0.0767625496,-0.9599286914,0.1442377716,0.2402753383,0.2251134068,-0.1137921959,0.9676648974,1,92.8,228.9,1946.6,1,0.1367674470,0.9863854051,0.0913163722,-0.9802218676,0.1214472577,0.1562551707,0.1430376768,-0.1108809263,0.9834865332,1,138.1,-31.7,2007.7,1,1.0000000000,-0.0000000000,-0.0000000002,0.0000000000,1.0000000000,-0.0000000000,0.0000000002,0.0000000000,1.0000000000,0,-52.2,-181.1,1877.0,1,1.0000000000,-0.0000000021,-0.0000000113,0.0000000021,1.0000000000,-0.0000000485,0.0000000113,0.0000000485,1.0000000000,0,-52.2,-561.4,1877.0,0,1.0000000000,0.0000000101,-0.0000000005,-0.0000000101,1.0000000000,-0.0000000192,0.0000000005,0.0000000192,1.0000000000,0,96.8,-153.8,1965.6,1,1.0000000000,0.0000116404,0.0001258448,-0.0000116351,1.0000000000,-0.0000417730,-0.0001258453,0.0000417715,1.0000000000,0,96.8,-534.1,1965.6,0,-136.6,-298.0,1819.2,1,174.1,-290.1,2045.4,1,-52.2,-927.1,1877.0,0,96.8,-899.8,1965.6,0,
11,0.8250738978,-0.1246679798,-0.5510976315,0.1701658368,0.9848976135,0.0319636427,0.5387866497,-0.1201518923,0.8338261843,1,-50.9,400.7,1854.4,1,0.8250738978,-0.1246679798,-0.5510976315,0.1701658368,0.9848976135,0.0319636427,0.5387866497,-0.1201518923,0.8338261843,1,-26.2,205.8,1878.2,1,0.8271170259,-0.1034924388,-0.5524167418,0.1525043845,0.9873515964,0.0433664583,0.5409382582,-0.1201166585,0.8324370384,1,-6.5,18.1,1901.0,1,0.2083922774,-0.4715311527,-0.8568727970,0.9714350700,-0.0018969700,0.2372978330,-0.1135187894,-0.8818473220,0.4576666057,1,-137.1,185.4,1805.6,1,-0.2130172104,-0.4625212550,-0.8606380820,0.9753208160,-0.0483023524,-0.2154439837,0.0580765754,-0.8852915168,0.4613958895,1,-189.2,-57.4,1834.0,1,0.2194500864,0.9748899937,0.0378330983,-0.9503514171,0.2048356235,0.2342533618,0.2206216753,-0.0873616636,0.9714391828,1,84.7,226.3,1950.7,1,0.0963058621,0.9936690331,0.0578526184,-0.9852072597,0.0868860260,0.1477074623,0.1417457759,-0.0712219104,0.9873375297,1,144.3,-31.8,2010.6,1,1.0000000000,-0.0000000000,-0.0000000002,0.0000000000,1.0000000000,-0.0000000000,0.0000000002,0.0000000000,1.0000000000,0,-59.4,-183.0,1876.4,1,1.0000000000,-0.0000000019,-0.0000000102,0.0000000019,1.0000000000,-0.0000000437,0.0000000102,0.0000000437,1.0000000000,0,-59.4,-563.3,1876.4,0,1.0000000000,0.0000000081,-0.0000000004,-0.0000000081,1.0000000000,-0.0000000153,0.0000000004,0.0000000153,1.0000000000,0,85.7,-156.3,1971.3,1,1.0000000000,0.0000104761,0.0001132604,-0.0000104718,1.0000000000,-0.0000375956,-0.0001132608,0.0000375944,1.0000000000,0,85.7,-536.6,1971.3,0,-136.2,-300.0,1819.6,1,169.7,-291.9,2048.0,1,-59.4,-929.0,1876.4,0,85.7,-902.3,1971.3,0,
12,0.8385033607,-0.1382782906,-0.5270566344,0.1736766249,0.9846392870,0.0179775301,0.5164715648,-0.1066132039,0.8496377468,1,-50.9,400.7,1857.8,1,0.8385033607,-0.1382782906,-0.5270566344,0.1736766249,0.9846392870,0.0179775301,0.5164715648,-0.1066132039,0.8496377468,1,-23.5,205.8,1878.9,1,0.8418778777,-0.1050435379,-0.5293438435,0.1463111937,0.9885647297,0.0365256667,0.5194507241,-0.1082006693,0.8476185203,1,-3.6,17.8,1899.5,1,0.2108184844,-0.4931991696,-0.8439847827,0.9724121690,0.0176175535,0.2326031625,-0.0998507142,-0.8697381020,0.4833069444,1,-136.5,186.2,1809.2,1,-0.2129693478,-0.4793758094,-0.8513771296,0.9754731655,-0.0546963029,-0.2132143974,0.0556426272,-0.8759036660,0.4792669117,1,-189.6,-58.9,1834.4,1,0.1852993369,0.9806623459,0.0629728884,-0.9579892159,0.1659963876,0.2338843197,0.2189082801,-0.1036659554,0.9702229500,1,89.4,225.4,1948.6,1,0.1180918515,0.9896730781,0.0812489167,-0.9845937490,0.1060735285,0.1390094012,0.1289555281,-0.0964130536,0.9869523048,1,138.4,-28.2,2006.5,1,1.0000000000,-0.0000000000,-0.0000000001,0.0000000000,1.0000000000,-0.0000000000,0.0000000001,0.0000000000,1.0000000000,0,-57.4,-183.0,1874.5,1,1.0000000000,-0.0000000017,-0.0000000091,0.0000000017,1.0000000000,-0.0000000393,0.0000000091,0.0000000393,1.0000000000,0,-57.4,-563.3,1874.5,0,1.0000000000,0.0000000064,-0.0000000003,-0.0000000064,1.0000000000,-0.0000000123,0.0000000003,0.0000000123,1.0000000000,0,90.2,-157.3,1965.6,1,1.0000000000,0.0000094283,0.0001019344,-0.0000094248,1.0000000000,-0.0000338360,-0.0001019347,0.0000338350,1.0000000000,0,90.2,-537.6,1965.6,0,-136.6,-301.5,1820.6,1,169.6,-288.4,2040.6,1,-57.4,-929.0,1874.5,0,90.2,-903.3,1965.6,0,
13,0.8515790701,-0.1307496279,-0.5076565742,0.1764267981,0.9833888412,0.0426756404,0.4936408401,-0.1259074807,0.8604996800,1,-49.6,403.0,1851.0,1,0.8515790701,-0.1307496279,-0.5076565742,0.1764267981,0.9833888412,0.0426756404,0.4936408401,-0.1259074807,0.8604996800,1,-23.7,208.0,1876.0,1,0.8544422388,-0.1049647480,-0.5088303685,0.1524936706,0.9869104028,0.0524871275,0.4966575503,-0.1224421784,0.8592629433,1,-3.7,20.3,1899.3,1,0.2048599869,-0.5108497143,-0.8349041343,0.9735526443,0.0182138309,0.2277356386,-0.1011319011,-0.8594770432,0.5010703802,1,-138.3,187.5,1809.4,1,-0.2096958160,-0.4963518977,-0.8424146175,0.9763324261,-0.0596442968,-0.2078884095,0.0529405884,-0.8660700321,0.4971115887,1,-189.9,-57.8,1834.9,1,0.1787348539,0.9800923467,0.0864460617,-0.9557596445,0.1520901024,0.2517780364,0.2336181253,-0.1276231706,0.9639164805,1,91.0,228.4,1942.6,1,0.0700939447,0.9917283654,0.1075255945,-0.9890367389,0.0550469570,0.1370264739,0.1299740970,-0.1159514934,0.9847141504,1,139.0,-28.6,2005.4,1,1.0000000000,-0.0000000000,-0.0000000001,0.0000000000,1.0000000000,-0.0000000000,0.0000000001,0.0000000000,1.0000000000,0,-58.7,-180.7,1879.0,1,1.0000000000,-0.0000000015,-0.0000000082,0.0000000015,1.0000000000,-0.0000000354,0.0000000082,0.0000000354,1.0000000000,0,-58.7,-561.0,1879.0,0,1.0000000000,0.0000000052,-0.0000000003,-0.0000000052,1.0000000000,-0.0000000098,0.0000000003,0.0000000098,1.0000000000,0,91.2,-154.0,1966.1,1,1.0000000000,0.0000084853,0.0000917409,-0.0000084825,1.0000000000,-0.0000304523,-0.0000917412,0.0000304516,1.0000000000,0,91.2,-534.3,1966.1,0,-137.8,-300.6,1821.7,1,157.6,-290.0,2039.8,1,-58.7,-926.7,1879.0,0,91.2,-900.0,1966.1,0,
14,0.8550426364,-0.1347204745,-0.5007494092,0.1762683839,0.9836717844,0.0363399424,0.4876741767,-0.1193400472,0.8648268580,1,-50.0,404.4,1852.1,1,0.8550426364,-0.1347204745,-0.5007494092,0.1762683839,0.9836717844,0.0363399424,0.4876741767,-0.1193400472,0.8648268580,1,-23.2,208.6,1875.9,1,0.8579191566,-0.1064120233,-0.5026417375,0.1527611017,0.9869050980,0.0518041588,0.4905439913,-0.1212294474,0.8629389405,1,-2.9,21.0,1898.9,1,0.2064527124,-0.5164853334,-0.8310356140,0.9732638001,0.0210121125,0.2287272513,-0.1006724611,-0.8560382128,0.5070144534,1,-138.3,188.1,1810.1,1,-0.2071925700,-0.5019409060,-0.8397181630,0.9768363833,-0.0592078567,-0.2056337297,0.0534980595,-0.8628730178,0.5025814772,1,-190.3,-56.9,1835.4,1,0.1727727950,0.9805352688,0.0932749212,-0.9570229650,0.1447225511,0.2513213456,0.2329304218,-0.1326877326,0.9633988738,1,92.0,229.1,1941.7,1,0.0229629781,0.9926425219,0.1188835353,-0.9944313169,0.0104449457,0.1048673838,0.1028541028,-0.1206295788,0.9873547554,1,136.7,-18.5,2002.0,1,1.0000000000,-0.0000000000,-0.0000000001,0.0000000000,1.0000000000,-0.0000000000,0.0000000001,0.0000000000,1.0000000000,0,-58.0,-180.1,1879.0,1,1.0000000000,-0.0000000014,-0.0000000074,0.0000000014,1.0000000000,-0.0000000318,0.0000000074,0.0000000318,1.0000000000,0,-58.0,-560.4,1879.0,0,1.0000000000,0.0000000041,-0.0000000002,-0.0000000041,1.0000000000,-0.0000000078,0.0000000002,0.0000000078,1.0000000000,0,92.6,-153.3,1965.0,1,1.0000000000,0.0000076366,0.0000825669,-0.0000076344,1.0000000000,-0.0000274071,-0.0000825671,0.0000274064,1.0000000000,0,92.6,-533.6,1965.0,0,-138.8,-299.8,1822.1,1,142.7,-281.1,2029.1,1,-58.0,-926.1,1879.0,0,92.6,-899.3,1965.0,0,
15,0.8553161621,-0.1326630414,-0.5008316636,0.1822960526,0.9819086790,0.0512321852,0.4849712849,-0.1351208985,0.8640248179,1,-50.7,402.9,1847.7,1,0.8553161621,-0.1326630414,-0.5008316636,0.1822960526,0.9819086790,0.0512321852,0.4849712849,-0.1351208985,0.8640248179,1,-24.4,208.2,1874.5,1,0.8585376143,-0.1030016840,-0.5022960305,0.1553975344,0.9858122468,0.0634588450,0.4886301458,-0.1325388998,0.8623616695,1,-4.8,20.7,1899.7,1,0.2030094862,-0.5163955688,-0.8319391608,0.9733418226,0.0138082430,0.2289435118,-0.1067377999,-0.8562388420,0.5054325461,1,-139.6,187.3,1808.9,1,-0.2103346586,-0.5026921034,-0.8384866714,0.9761053920,-0.0601130910,-0.2088171840,0.0545667298,-0.8623728156,0.5033243895,1,-190.4,-56.2,1835.6,1,0.1738116741,0.9798521996,0.0983811840,-0.9598339796,0.1462184340,0.2394551039,0.2202454954,-0.1360497028,0.9659100771,1,90.8,229.0,1940.1,1,-0.0357872956,0.9918337464,0.1224148497,-0.9935142994,-0.0485391468,0.1028271243,0.1079293191,-0.1179409996,0.9871379137,1,137.3,-27.7,1999.0,1,1.0000000000,-0.0000000000,-0.0000000001,0.0000000000,1.0000000000,-0.0000000000,0.0000000001,0.0000000000,1.0000000000,0,-60.6,-180.3,1882.0,1,1.0000000000,-0.0000000012,-0.0000000067,0.0000000012,1.0000000000,-0.0000000286,0.0000000067,0.0000000286,1.0000000000,0,-60.6,-560.7,1882.0,0,1.0000000000,0.0000000033,-0.0000000002,-0.0000000033,1.0000000000,-0.0000000063,0.0000000002,0.0000000063,1.0000000000,0,90.1,-153.1,1967.8,1,1.0000000000,0.0000068729,0.0000743102,-0.0000068710,1.0000000000,-0.0000246663,-0.0000743103,0.0000246658,1.0000000000,0,90.1,-533.4,1967.8,0,-138.1,-298.9,1822.0,1,127.7,-295.5,2028.1,1,-60.6,-926.4,1882.0,0,90.1,-899.1,1967.7,0,
16,0.8471103907,-0.1372868419,-0.5133750439,0.1853791177,0.9817104340,0.0433631986,0.4980293214,-0.1319039315,0.8570657969,1,-50.6,403.7,1850.0,1,0.8471103907,-0.1372868419,-0.5133750439,0.1853791177,0.9817104340,0.0433631986,0.4980293214,-0.1319039315,0.8570657969,1,-23.4,209.3,1876.1,1,0.8502591252,-0.1076040715,-0.5152459145,0.1600867659,0.9853749871,0.0583909079,0.5014242530,-0.1321329623,0.8550486565,1,-2.9,21.9,1901.2,1,0.2102902234,-0.5037017465,-0.8378918171,0.9716742039,0.0131551772,0.2359580398,-0.1078298464,-0.8637775183,0.4922003746,1,-137.5,187.8,1808.8,1,-0.2144397497,-0.4899748564,-0.8449499011,0.9752109647,-0.0590631589,-0.2132488191,0.0545811467,-0.8697334528,0.4904943705,1,-190.4,-56.8,1835.9,1,0.1685483754,0.9819253683,0.0861044973,-0.9646716118,0.1463785917,0.2190477252,0.2024846524,-0.1199827045,0.9719074965,1,90.8,230.7,1943.4,1,-0.0459318459,0.9929789901,0.1090087518,-0.9948297143,-0.0553639457,0.0851387829,0.0905761793,-0.1045345664,0.9903880358,1,134.7,-20.6,1996.2,1,1.0000000000,-0.0000000000,-0.0000000000,0.0000000000,1.0000000000,-0.0000000000,0.0000000000,0.0000000000,1.0000000000,0,-57.1,-179.5,1882.3,1,1.0000000000,-0.0000000011,-0.0000000060,0.0000000011,1.0000000000,-0.0000000258,0.0000000060,0.0000000258,1.0000000000,0,-57.1,-559.9,1882.3,0,1.0000000000,0.0000000026,-0.0000000001,-0.0000000026,1.0000000000,-0.0000000050,0.0000000001,0.0000000050,1.0000000000,0,92.2,-151.4,1970.3,1,1.0000000000,0.0000061855,0.0000668792,-0.0000061840,1.0000000000,-0.0000221997,-0.0000668793,0.0000221993,1.0000000000,0,92.2,-531.8,1970.3,0,-137.1,-299.4,1822.4,1,122.2,-290.7,2020.7,1,-57.1,-925.6,1882.3,0,92.2,-897.5,1970.3,0,
17,0.8579245210,-0.1333061159,-0.4961780608,0.1834040731,0.9815866351,0.0534007214,0.4799200892,-0.1368163824,0.8665746450,1,-50.6,405.4,1846.6,1,0.8579245210,-0.1333061159,-0.4961780608,0.1834040731,0.9815866351,0.0534007214,0.4799200892,-0.1368163824,0.8665746450,1,-24.1,209.9,1873.9,1,0.8611294627,-0.1040911824,-0.4976129830,0.1568480879,0.9854628444,0.0652903244,0.4835799336,-0.1342745721,0.8649360538,1,-4.3,22.5,1899.4,1,0.1973574460,-0.5214589238,-0.8301389813,0.9741964340,0.0097322986,0.2254922390,-0.1095057726,-0.8532209992,0.5099240541,1,-139.7,188.8,1809.0,1,-0.2090212852,-0.5083537102,-0.8353961110,0.9764214754,-0.0613567978,-0.2069699615,0.0539567173,-0.8589597940,0.5091922879,1,-189.5,-56.9,1836.6,1,0.1776350588,0.9782856703,0.1067841649,-0.9630032778,0.1504553705,0.2235798389,0.2026587278,-0.1425491273,0.9688184261,1,91.5,230.9,1938.8,1,-0.0420172401,0.9905343652,0.1306753904,-0.9944651127,-0.0540686399,0.0900871456,0.0962998644,-0.1261669099,0.9873237014,1,136.2,-11.7,1989.8,1,1.0000000000,-0.0000000000,-0.0000000000,0.0000000000,1.0000000000,-0.0000000000,0.0000000000,0.0000000000,1.0000000000,0,-60.1,-178.7,1882.5,1,1.0000000000,-0.0000000010,-0.0000000054,0.0000000010,1.0000000000,-0.0000000232,0.0000000054,0.0000000232,1.0000000000,0,-60.1,-559.0,1882.5,0,1.0000000000,0.0000000021,-0.0000000001,-0.0000000021,1.0000000000,-0.0000000040,0.0000000001,0.0000000040,1.0000000000,0,91.0,-151.1,1967.4,1,1.0000000000,0.0000055669,0.0000601912,-0.0000055657,1.0000000000,-0.0000199797,-0.0000601914,0.0000199794,1.0000000000,0,91.0,-531.5,1967.4,0,-137.5,-299.8,1823.2,1,124.8,-282.7,2016.1,1,-60.1,-924.7,1882.5,0,91.0,-897.2,1967.3,0,
18,0.8693049550,-0.1232520118,-0.4786600173,0.1781510413,0.9814512730,0.0708281696,0.4610487819,-0.1468465775,0.8751363754,1,-51.3,403.0,1841.4,1,0.8693049550,-0.1232520118,-0.4786600173,0.1781510413,0.9814512730,0.0708281696,0.4610487819,-0.1468465775,0.8751363754,1,-26.8,207.9,1870.6,1,0.8716806173,-0.1023192555,-0.4792715311,0.1574449986,0.9845872521,0.0761578828,0.4640892446,-0.1418457478,0.8743537068,1,-7.4,20.7,1897.6,1,0.1862570643,-0.5392712355,-0.8212763071,0.9755731225,0.0024191216,0.2196615338,-0.1164703965,-0.8421286345,0.5265491605,1,-143.8,186.8,1808.3,1,-0.2089325786,-0.5267602205,-0.8239361644,0.9764127731,-0.0654525310,-0.2057521939,0.0544533655,-0.8474901319,0.5280106664,1,-190.2,-56.1,1837.3,1,0.1908285916,0.9740827680,0.1214390546,-0.9517120719,0.1532857269,0.2659844458,0.2404759824,-0.1663324535,0.9562975168,1,90.2,229.0,1932.9,1,-0.0414631329,0.9865980148,0.1578137875,-0.9959788918,-0.0533676855,0.0719585121,0.0794162899,-0.1541955769,0.9848435521,1,137.4,-6.7,1992.5,1,1.0000000000,-0.0000000000,-0.0000000000,0.0000000000,1.0000000000,-0.0000000000,0.0000000000,0.0000000000,1.0000000000,0,-64.4,-180.4,1883.9,1,1.0000000000,-0.0000000009,-0.0000000049,0.0000000009,1.0000000000,-0.0000000209,0.0000000049,0.0000000209,1.0000000000,0,-64.4,-560.7,1883.9,0,1.0000000000,0.0000000017,-0.0000000001,-0.0000000017,1.0000000000,-0.0000000032,0.0000000001,0.0000000032,1.0000000000,0,88.6,-152.7,1965.3,1,1.0000000000,0.0000050101,0.0000541721,-0.0000050092,1.0000000000,-0.0000179817,-0.0000541722,0.0000179814,1.0000000000,0,88.6,-533.1,1965.3,0,-138.2,-299.0,1823.8,1,126.1,-278.6,2014.2,1,-64.4,-926.4,1883.9,0,88.6,-898.8,1965.3,0,
19,0.8750733137,-0.1214455366,-0.4685032368,0.1816964298,0.9796369076,0.0854338855,0.4485845566,-0.1598878056,0.8793186545,1,-51.1,403.0,1837.8,1,0.8750733137,-0.1214455366,-0.4685032368,0.1816964298,0.9796369076,0.0854338855,0.4485845566,-0.1598878056,0.8793186545,1,-26.9,208.1,1869.6,1,0.8778627515,-0.0981647596,-0.4687411487,0.1567580253,0.9837484956,0.0875608549,0.4525250793,-0.1503468156,0.8789826035,1,-8.2,21.0,1898.2,1,0.1814123094,-0.5479089022,-0.8166304827,0.9765591621,0.0025430471,0.2152338475,-0.1158518121,-0.8365340233,0.5355268717,1,-144.7,187.0,1808.9,1,-0.2092408985,-0.5351909995,-0.8184062839,0.9762635231,-0.0664649084,-0.2061357945,0.0559267364,-0.8421122432,0.5363946557,1,-190.4,-58.8,1838.1,1,0.1782090962,0.9749230742,0.1332912892,-0.9508953691,0.1357904524,0.2781348526,0.2530604005,-0.1763122380,0.9512488842,1,90.9,229.1,1930.4,1,-0.0229900572,0.9852863550,0.1693586409,-0.9970465899,-0.0350136012,0.0683535561,0.0732776746,-0.1672870070,0.9831812978,1,135.4,-8.5,1993.6,1,1.0000000000,-0.0000000000,-0.0000000000,0.0000000000,1.0000000000,-0.0000000000,0.0000000000,0.0000000000,1.0000000000,0,-66.6,-179.8,1887.1,1,1.0000000000,-0.0000000008,-0.0000000044,0.0000000008,1.0000000000,-0.0000000188,0.0000000044,0.0000000188,1.0000000000,0,-66.6,-560.1,1887.1,0,1.0000000000,0.0000000014,-0.0000000001,-0.0000000014,1.0000000000,-0.0000000026,0.0000000001,0.0000000026,1.0000000000,0,87.5,-152.3,1966.5,1,1.0000000000,0.0000045091,0.0000487549,-0.0000045083,1.0000000000,-0.0000161835,-0.0000487550,0.0000161833,1.0000000000,0,87.5,-532.6,1966.5,0,-138.3,-301.5,1824.2,1,129.2,-280.9,2013.6,1,-66.6,-925.9,1887.1,0,87.5,-898.3,1966.5,0,
20,0.8808383942,-0.1188291013,-0.4582585990,0.1786880642,0.9798373580,0.0893883482,0.4383940995,-0.1606235504,0.8843100071,1,-50.1,403.6,1836.5,1,0.8808383942,-0.1188291013,-0.4582585990,0.1786880642,0.9798373580,0.0893883482,0.4383940995,-0.1606235504,0.8843100071,1,-26.5,208.6,1868.5,1,0.8833296895,-0.0978113860,-0.4584312141,0.1561099589,0.9835437536,0.0909527317,0.4419880807,-0.1519083977,0.8840610385,1,-7.9,21.6,1897.4,1,0.1800714284,-0.5570235252,-0.8107396960,0.9767627716,0.0038685650,0.2142884433,-0.1162273288,-0.8304875493,0.5447764397,1,-145.1,187.7,1809.2,1,-0.2069770843,-0.5442172289,-0.8130118251,0.9767079353,-0.0668763742,-0.2038850188,0.0565864444,-0.8362746239,0.5453832150,1,-190.6,-59.0,1838.5,1,0.1682248414,0.9752177596,0.1437036544,-0.9503474236,0.1217331141,0.2863930464,0.2618021071,-0.1847468168,0.9472740889,1,92.1,229.6,1927.8,1,0.0133491466,0.9838427901,0.1785367429,-0.9976524711,0.0011109933,0.0684719905,0.0671673119,-0.1790316552,0.9815478921,1,134.3,-9.2,1993.6,1,1.0000000000,-0.0000000000,-0.0000000000,0.0000000000,1.0000000000,-0.0000000000,0.0000000000,0.0000000000,1.0000000000,0,-66.8,-179.1,1887.5,1,1.0000000000,-0.0000000007,-0.0000000039,0.0000000007,1.0000000000,-0.0000000169,0.0000000039,0.0000000169,1.0000000000,0,-66.8,-559.5,1887.5,0,1.0000000000,0.0000000011,-0.0000000001,-0.0000000011,1.0000000000,-0.0000000021,0.0000000001,0.0000000021,1.0000000000,0,88.2,-151.7,1965.1,1,1.0000000000,0.0000040581,0.0000438794,-0.0000040575,1.0000000000,-0.0000145652,-0.0000438795,0.0000145650,1.0000000000,0,88.2,-532.1,1965.1,0,-139.1,-301.9,1824.5,1,138.0,-281.7,2011.9,1,-66.8,-925.2,1887.5,0,88.2,-897.8,1965.0,0,
21,0.8851683140,-0.1186053306,-0.4498969913,0.1761620194,0.9804080129,0.0881364122,0.4306263328,-0.1572718173,0.8887181878,1,-50.7,404.3,1836.4,1,0.8851683140,-0.1186053306,-0.4498969913,0.1761620194,0.9804080129,0.0881364122,0.4306263328,-0.1572718173,0.8887181878,1,-27.0,208.4,1867.8,1,0.8875513673,-0.0976062492,-0.4502478242,0.1545134336,0.9837614298,0.0913233384,0.4340198934,-0.1506249607,0.8882186413,1,-8.4,21.3,1896.5,1,0.1769743413,-0.5653811097,-0.8056203127,0.9767752290,0.0004371405,0.2142659426,-0.1207897663,-0.8248295188,0.5523276925,1,-146.1,187.7,1809.5,1,-0.2038975656,-0.5542579293,-0.8069844246,0.9769076109,-0.0614265390,-0.2046420127,0.0638542101,-0.8300752044,0.5539835095,1,-190.8,-58.8,1840.0,1,0.1698807180,0.9735260606,0.1529300362,-0.9508987665,0.1211955249,0.2847861648,0.2587123513,-0.1938006580,0.9463135004,1,92.2,229.2,1926.1,1,0.0254487712,0.9825127721,0.1844482571,-0.9959029555,0.0089017916,0.0899893865,0.0867737904,-0.1859826744,0.9787138700,1,134.6,-8.4,1990.7,1,1.0000000000,-0.0000000000,-0.0000000000,0.0000000000,1.0000000000,-0.0000000000,0.0000000000,0.0000000000,1.0000000000,0,-67.7,-179.3,1887.0,1,1.0000000000,-0.0000000006,-0.0000000035,0.0000000006,1.0000000000,-0.0000000152,0.0000000035,0.0000000152,1.0000000000,0,-67.7,-559.6,1887.0,0,1.0000000000,0.0000000009,-0.0000000000,-0.0000000009,1.0000000000,-0.0000000016,0.0000000000,0.0000000016,1.0000000000,0,88.1,-152.2,1963.2,1,1.0000000000,0.0000036523,0.0000394915,-0.0000036518,1.0000000000,-0.0000131086,-0.0000394915,0.0000131085,1.0000000000,0,88.1,-532.5,1963.2,0,-140.1,-301.7,1824.1,1,141.6,-280.5,2014.4,1,-67.7,-925.3,1887.0,0,88.0,-898.2,1963.2,0,
22,0.8927901387,-0.1154880822,-0.4354145527,0.1699283570,0.9815112948,0.0880962983,0.4171873629,-0.1526423097,0.8959065676,1,-49.6,404.4,1836.8,1,0.8927901387,-0.1154880822,-0.4354145527,0.1699283570,0.9815112948,0.0880962983,0.4171873629,-0.1526423097,0.8959065676,1,-26.5,208.0,1867.4,1,0.8953134418,-0.0922730267,-0.4357717633,0.1460440755,0.9850400686,0.0914776772,0.4208089113,-0.1455445588,0.8953938484,1,-9.0,20.7,1895.0,1,0.1768814474,-0.5785413384,-0.7962428927,0.9769576192,0.0050269067,0.2133738399,-0.1194429696,-0.8156374693,0.5660996437,1,-146.7,188.4,1810.9,1,-0.2031910270,-0.5666203499,-0.7985328436,0.9768632650,-0.0617391542,-0.2047594786,0.0667201579,-0.8216627240,0.5660554767,1,-191.4,-58.3,1841.1,1,0.1793198138,0.9690186977,0.1698450595,-0.9517313242,0.1271568984,0.2793539762,0.2491022050,-0.2117405534,0.9450471401,1,93.7,227.6,1923.9,1,0.0508741923,0.9793965816,0.1954331845,-0.9907741547,0.0248820465,0.1332191825,0.1256116331,-0.2004075646,0.9716267586,1,138.4,-10.0,1986.1,1,1.0000000000,-0.0000000000,-0.0000000000,0.0000000000,1.0000000000,-0.0000000000,0.0000000000,0.0000000000,1.0000000000,0,-70.0,-179.4,1885.8,1,1.0000000000,-0.0000000006,-0.0000000032,0.0000000006,1.0000000000,-0.0000000137,0.0000000032,0.0000000137,1.0000000000,0,-70.0,-559.7,1885.8,0,1.0000000000,0.0000000007,-0.0000000000,-0.0000000007,1.0000000000,-0.0000000013,0.0000000000,0.0000000013,1.0000000000,0,87.1,-153.8,1959.6,1,1.0000000000,0.0000032870,0.0000355423,-0.0000032866,1.0000000000,-0.0000117978,-0.0000355424,0.0000117976,1.0000000000,0,87.1,-534.1,1959.6,0,-140.8,-301.3,1824.5,1,152.3,-280.6,2020.4,1,-70.0,-925.4,1885.8,0,87.1,-899.8,1959.6,0,
23,0.9034044743,-0.1018796116,-0.4165074229,0.1545266807,0.9834482670,0.0946144536,0.3999714553,-0.1498381644,0.9041929841,1,-47.7,405.6,1836.1,1,0.9034044743,-0.1018796116,-0.4165074229,0.1545266807,0.9834482670,0.0946144536,0.3999714553,-0.1498381644,0.9041929841,1,-27.3,208.4,1866.1,1,0.9054779410,-0.0805049464,-0.4166847169,0.1321306229,0.9865214825,0.0965293348,0.4032945633,-0.1424634904,0.9039088488,1,-12.0,20.8,1893.2,1,0.1707339585,-0.5954000950,-0.7850787044,0.9785168767,0.0090080649,0.2059699446,-0.1155625060,-0.8033788204,0.5841469765,1,-148.8,190.7,1812.0,1,-0.2040328085,-0.5819303393,-0.7872276902,0.9767434597,-0.0668775737,-0.2037143558,0.0658996999,-0.8104838729,0.5820419192,1,-192.0,-56.7,1841.2,1,0.1794473976,0.9648615122,0.1919395775,-0.9526945353,0.1217905134,0.2784604132,0.2452993244,-0.2328287959,0.9410732985,1,94.2,226.1,1920.2,1,0.0693959147,0.9742936492,0.2143278867,-0.9878448248,0.0371575356,0.1509372294,0.1390932500,-0.2221971154,0.9650293589,1,140.1,-17.5,1983.0,1,1.0000000000,-0.0000000000,-0.0000000000,0.0000000000,1.0000000000,-0.0000000000,0.0000000000,0.0000000000,1.0000000000,0,-76.1,-178.4,1884.9,1,1.0000000000,-0.0000000005,-0.0000000029,0.0000000005,1.0000000000,-0.0000000123,0.0000000029,0.0000000123,1.0000000000,0,-76.1,-558.7,1884.9,0,1.0000000000,0.0000000006,-0.0000000000,-0.0000000006,1.0000000000,-0.0000000011,0.0000000000,0.0000000011,1.0000000000,0,82.8,-155.2,1955.7,1,1.0000000000,0.0000029583,0.0000319881,-0.0000029580,1.0000000000,-0.0000106180,-0.0000319881,0.0000106179,1.0000000000,0,82.8,-535.5,1955.7,0,-141.2,-299.6,1824.8,1,159.1,-287.5,2021.0,1,-76.1,-924.4,1884.9,0,82.8,-901.2,1955.7,0,
