1,0.9785946012,-0.0785765797,-0.1902049184,0.1219137609,0.9659523964,0.2281942070,0.1657959968,-0.2464977652,0.9548523426,1,71.8,365.1,1625.1,1,0.9785946012,-0.0785765797,-0.1902049184,0.1219137609,0.9659523964,0.2281942070,0.1657959968,-0.2464977652,0.9548523426,1,87.4,173.3,1674.1,1,0.9787006378,-0.0789464414,-0.1895048171,0.1206116900,0.9681059122,0.2195983976,0.1661220342,-0.2377771288,0.9570047259,1,102.4,-10.8,1719.3,1,0.1317944825,-0.8536856771,-0.5038362145,0.9668661356,-0.0013959110,0.2552799582,-0.2186321765,-0.5207866430,0.8252158761,1,-44.0,157.1,1651.8,1,-0.0792534351,-0.8507883549,-0.5194978714,0.9964204431,-0.0522344857,-0.0664665923,0.0294133089,-0.5229060054,0.8518827558,1,-76.9,-84.4,1706.4,1,0.2166524827,0.8833573461,0.4156219959,-0.9187691808,0.0405687541,0.3927052617,0.3300377727,-0.4669412374,0.8203908205,1,218.8,189.5,1696.4,1,-0.0677303076,0.8833572865,0.4637806714,-0.9747412801,0.0405687690,-0.2196215689,-0.2128193229,-0.4669411778,0.8582970500,1,270.0,-27.6,1774.3,1,1.0000000000,0.0000000000,-0.0000000000,0.0000000000,1.0000000000,0.0000000000,0.0000000000,0.0000000000,1.0000000000,0,31.5,-205.4,1749.9,1,1.0000000000,0.0000000000,0.0000000000,0.0000000000,1.0000000000,0.0000000000,0.0000000000,0.0000000000,1.0000000000,0,31.5,-585.8,1749.9,0,1.0000000000,-0.0000000000,-0.0000000000,0.0000000000,1.0000000000,-0.0000000000,0.0000000000,0.0000000000,1.0000000000,0,203.3,-184.3,1779.1,1,1.0000000000,-0.0000000000,0.0000000000,0.0000000000,1.0000000000,-0.0000000000,-0.0000000000,0.0000000000,1.0000000000,0,203.3,-564.6,1779.1,0,-57.2,-332.2,1699.1,1,253.1,-269.9,1721.4,1,31.5,-951.5,1749.9,0,203.3,-930.3,1779.1,0,
2,0.9789742231,-0.0780165270,-0.1884740889,0.1207267269,0.9663667679,0.2270685285,0.1644178033,-0.2450476736,0.9554637671,1,75.5,365.9,1625.2,1,0.9789742231,-0.0780165270,-0.1884740889,0.1207267269,0.9663667679,0.2270685285,0.1644178033,-0.2450476736,0.9554637671,1,91.0,173.6,1674.0,1,0.9791017771,-0.0783735439,-0.1876615733,0.1191482320,0.9688695669,0.2170142531,0.1648092270,-0.2348381430,0.9579569697,1,105.9,-10.7,1718.6,1,0.1292471886,-0.8548953533,-0.5024433136,0.9678775072,-0.0014365613,0.2514184713,-0.2156582773,-0.5187987089,0.8272481561,1,-40.5,157.6,1651.9,1,-0.0598326102,-0.8534583449,-0.5177150369,0.9976439476,-0.0336884931,-0.0597624518,0.0335637219,-0.5200710297,0.8534632921,1,-73.0,-85.8,1706.1,1,0.2047078311,0.8879156709,0.4119472802,-0.9202257991,0.0311490893,0.3901463151,0.3335851729,-0.4589505196,0.8234594464,1,222.4,189.6,1696.1,1,-0.0753121078,0.8879156113,0.4537994266,-0.9743989706,0.0311490893,-0.2226574123,-0.2118364275,-0.4589505196,0.8628382087,1,270.6,-27.0,1774.6,1,1.0000000000,0.0000000000,-0.0000000000,0.0000000000,1.0000000000,0.0000000000,0.0000000000,0.0000000000,1.0000000000,0,34.9,-205.4,1748.8,1,1.0000000000,0.0000000000,0.0000000000,0.0000000000,1.0000000000,0.0000000000,0.0000000000,0.0000000000,1.0000000000,0,34.9,-585.7,1748.8,0,1.0000000000,-0.0000000000,-0.0000000000,0.0000000000,1.0000000000,-0.0000000000,0.0000000000,0.0000000000,1.0000000000,0,206.7,-184.5,1777.8,1,1.0000000000,-0.0000000000,0.0000000000,0.0000000000,1.0000000000,-0.0000000000,-0.0000000000,0.0000000000,1.0000000000,0,206.7,-564.8,1777.8,0,-58.1,-333.8,1697.7,1,251.9,-269.2,1721.9,1,34.9,-951.4,1748.8,0,206.7,-930.5,1777.8,0,
3,0.9772289395,-0.0841328502,-0.1947943717,0.1287306696,0.9648571610,0.2290820479,0.1686732620,-0.2489412129,0.9537138939,1,78.8,366.2,1624.7,1,0.9772289395,-0.0841328502,-0.1947943717,0.1287306696,0.9648571610,0.2290820479,0.1686732620,-0.2489412129,0.9537138939,1,95.5,174.4,1674.2,1,0.9778020978,-0.0795276165,-0.1938503236,0.1219601855,0.9683137536,0.2179308534,0.1703742296,-0.2367348224,0.9565154910,1,110.6,-9.7,1719.2,1,0.1387041658,-0.8502828479,-0.5077205896,0.9674574137,0.0067813173,0.2529429197,-0.2116300315,-0.5262823105,0.8235530853,1,-35.8,158.1,1651.3,1,-0.0519791842,-0.8489776850,-0.5258658528,0.9983128309,-0.0305296071,-0.0493900292,0.0258765575,-0.5275458694,0.8491322994,1,-70.6,-84.9,1704.5,1,0.1939440221,0.8940602541,0.4037844241,-0.9254476428,0.0301851183,0.3776711226,0.3254724741,-0.4469283819,0.8332602382,1,226.8,190.8,1697.1,1,-0.0713920370,0.8940602541,0.4422209263,-0.9753720164,0.0301851369,-0.2184906751,-0.2086923122,-0.4469284117,0.8698865175,1,272.4,-26.7,1773.6,1,1.0000000000,0.0000000000,-0.0000000000,0.0000000000,1.0000000000,0.0000000000,0.0000000000,0.0000000000,1.0000000000,0,39.9,-204.5,1749.3,1,1.0000000000,0.0000000000,0.0000000000,0.0000000000,1.0000000000,0.0000000000,0.0000000000,0.0000000000,1.0000000000,0,39.9,-584.9,1749.3,0,1.0000000000,-0.0000000000,-0.0000000000,0.0000000000,1.0000000000,-0.0000000000,0.0000000000,0.0000000000,1.0000000000,0,211.6,-183.1,1779.2,1,1.0000000000,-0.0000000000,0.0000000000,0.0000000000,1.0000000000,-0.0000000000,-0.0000000000,0.0000000000,1.0000000000,0,211.6,-563.5,1779.2,0,-57.7,-333.1,1698.0,1,254.6,-269.2,1721.7,1,39.9,-950.6,1749.3,0,211.6,-929.2,1779.2,0,
4,0.9767747521,-0.0890593529,-0.1948824227,0.1331335306,0.9649089575,0.2263315320,0.1678846627,-0.2470199168,0.9543523788,1,79.4,365.3,1625.5,1,0.9767747521,-0.0890593529,-0.1948824227,0.1331335306,0.9649089575,0.2263315320,0.1678846627,-0.2470199168,0.9543523788,1,97.1,173.7,1674.5,1,0.9775161743,-0.0826322883,-0.1939940453,0.1247853190,0.9683131576,0.2163285613,0.1699690670,-0.2356718332,0.9568499923,1,112.8,-10.5,1719.4,1,0.1346170008,-0.8505533934,-0.5083673000,0.9687038064,0.0049880892,0.2481696755,-0.2085457891,-0.5258651972,0.8246057034,1,-34.1,156.9,1651.7,1,-0.0480216630,-0.8494715095,-0.5254447460,0.9985484481,-0.0279821400,-0.0460218377,0.0243911687,-0.5268920660,0.8495821953,1,-67.6,-83.8,1703.5,1,0.2051106393,0.8566569686,0.4733587503,-0.9265945554,0.0142054558,0.3757935464,0.3152019083,-0.5156908631,0.7966873050,1,228.4,190.4,1697.4,1,-0.1049409062,0.8566569090,0.5051003098,-0.9739221334,0.0142054185,-0.2264371216,-0.2011540830,-0.5156908631,0.8328264952,1,276.8,-28.4,1771.8,1,1.0000000000,0.0000000000,-0.0000000000,0.0000000000,1.0000000000,0.0000000000,0.0000000000,0.0000000000,1.0000000000,0,42.8,-205.6,1749.3,1,1.0000000000,0.0000000000,0.0000000000,0.0000000000,1.0000000000,0.0000000000,0.0000000000,0.0000000000,1.0000000000,0,42.8,-585.9,1749.3,0,1.0000000000,-0.0000000000,-0.0000000000,0.0000000000,1.0000000000,-0.0000000000,0.0000000000,0.0000000000,1.0000000000,0,214.3,-183.7,1779.1,1,1.0000000000,-0.0000000000,0.0000000000,0.0000000000,1.0000000000,-0.0000000000,-0.0000000000,0.0000000000,1.0000000000,0,214.3,-564.0,1779.1,0,-55.6,-332.1,1697.5,1,250.7,-270.4,1721.8,1,42.8,-951.6,1749.3,0,214.3,-929.7,1779.1,0,
5,0.9759923816,-0.0923027694,-0.1972786933,0.1357253343,0.9661396146,0.2194370031,0.1703419387,-0.2409441769,0.9554696083,1,79.3,362.1,1627.9,1,0.9759923816,-0.0923027694,-0.1972786933,0.1357253343,0.9661396146,0.2194370031,0.1703419387,-0.2409441769,0.9554696083,1,97.5,171.1,1675.5,1,0.9769310355,-0.0832984075,-0.1966390163,0.1253805161,0.9691084623,0.2123873234,0.1728707999,-0.2321420312,0.9571929574,1,113.3,-13.2,1719.6,1,0.1321095526,-0.8492558599,-0.5111862421,0.9705199599,0.0059415624,0.2409474850,-0.2015888542,-0.5279479027,0.8250047565,1,-33.7,154.3,1652.3,1,-0.0569568127,-0.8476630449,-0.5274688005,0.9980810285,-0.0354878604,-0.0507437885,0.0242948961,-0.5293468237,0.8480576277,1,-66.3,-85.6,1702.1,1,0.2143145502,0.8430196047,0.4933430552,-0.9274845719,0.0172327310,0.3734640777,0.3063358665,-0.5376068354,0.7855808735,1,228.7,187.9,1698.7,1,-0.1070058048,0.8430195451,0.5271317363,-0.9741356969,0.0172327384,-0.2253056169,-0.1990209222,-0.5376068354,0.8193715215,1,279.1,-30.5,1770.9,1,1.0000000000,0.0000000000,-0.0000000000,0.0000000000,1.0000000000,0.0000000000,0.0000000000,0.0000000000,1.0000000000,0,43.4,-208.5,1748.6,1,1.0000000000,0.0000000000,0.0000000000,0.0000000000,1.0000000000,0.0000000000,0.0000000000,0.0000000000,1.0000000000,0,43.4,-588.8,1748.6,0,1.0000000000,-0.0000000000,-0.0000000000,0.0000000000,1.0000000000,-0.0000000000,0.0000000000,0.0000000000,1.0000000000,0,214.9,-186.5,1779.0,1,1.0000000000,-0.0000000000,0.0000000000,0.0000000000,1.0000000000,-0.0000000000,-0.0000000000,0.0000000000,1.0000000000,0,214.9,-566.8,1779.0,0,-52.1,-333.8,1696.1,1,252.5,-272.6,1721.4,1,43.4,-954.5,1748.6,0,214.9,-932.5,1779.0,0,
6,0.9757730365,-0.0887203291,-0.1999890208,0.1314201355,0.9684858918,0.2115743458,0.1749133766,-0.2327307314,0.9566788077,1,80.1,363.1,1629.1,1,0.9757730365,-0.0887203291,-0.1999890208,0.1314201355,0.9684858918,0.2115743458,0.1749133766,-0.2327307314,0.9566788077,1,97.6,171.7,1675.1,1,0.9767181277,-0.0785015821,-0.1996472478,0.1204594895,0.9707661867,0.2076111436,0.1775107831,-0.2268265635,0.9576179981,1,112.5,-12.9,1718.2,1,0.1259767115,-0.8485656977,-0.5138737559,0.9718179703,0.0015228316,0.2357276082,-0.1992477775,-0.5290879607,0.8248432279,1,-33.5,155.5,1651.2,1,-0.0580236539,-0.8470830321,-0.5282837152,0.9978983998,-0.0339228474,-0.0552094318,0.0288460851,-0.5303769112,0.8472710848,1,-65.0,-87.6,1701.1,1,0.2189258039,0.8404768705,0.4956511557,-0.9262498617,0.0192852616,0.3764163256,0.3068104386,-0.5415040851,0.7827136517,1,228.7,187.9,1698.9,1,-0.1152521372,0.8404769301,0.5294483304,-0.9701352715,0.0192852542,-0.2417968959,-0.2134352624,-0.5415041447,0.8131535649,1,281.1,-33.9,1772.4,1,1.0000000000,0.0000000000,-0.0000000000,0.0000000000,1.0000000000,0.0000000000,0.0000000000,0.0000000000,1.0000000000,0,41.7,-208.1,1745.8,1,1.0000000000,0.0000000000,0.0000000000,0.0000000000,1.0000000000,0.0000000000,0.0000000000,0.0000000000,1.0000000000,0,41.7,-588.4,1745.8,0,1.0000000000,-0.0000000000,-0.0000000000,0.0000000000,1.0000000000,-0.0000000000,0.0000000000,0.0000000000,1.0000000000,0,213.2,-186.9,1776.9,1,1.0000000000,-0.0000000000,0.0000000000,0.0000000000,1.0000000000,-0.0000000000,-0.0000000000,0.0000000000,1.0000000000,0,213.2,-567.3,1776.9,0,-50.6,-335.7,1693.9,1,252.5,-275.1,1719.3,1,41.7,-954.1,1745.8,0,213.2,-933.0,1776.9,0,
7,0.9777875543,-0.0711505562,-0.1971524358,0.1156725958,0.9675855041,0.2244948000,0.1747867316,-0.2423129678,0.9543199539,1,80.9,363.6,1626.2,1,0.9777875543,-0.0711505562,-0.1971524358,0.1156725958,0.9675855041,0.2244948000,0.1747867316,-0.2423129678,0.9543199539,1,94.9,172.9,1673.9,1,0.9781315327,-0.0686024278,-0.1963476390,0.1109019220,0.9706645012,0.2133329511,0.1759503484,-0.2304425836,0.9570424557,1,107.9,-11.6,1717.7,1,0.1179778203,-0.8506929278,-0.5122528672,0.9731464386,-0.0036318824,0.2301584333,-0.1976545751,-0.5256506205,0.8274202347,1,-36.4,158.0,1650.3,1,-0.0676807389,-0.8488247395,-0.5243241787,0.9971686602,-0.0402885303,-0.0634935647,0.0327706598,-0.5271369815,0.8491482139,1,-66.1,-87.0,1700.1,1,0.2268549800,0.8515211940,0.4727033973,-0.9200639725,0.0281981379,0.3907519877,0.3194042444,-0.5235614181,0.7898508906,1,226.2,187.8,1697.5,1,-0.1034805030,0.8515211344,0.5140072703,-0.9698739648,0.0281981155,-0.2419699579,-0.2205366045,-0.5235614777,0.8229501843,1,280.6,-32.8,1774.1,1,1.0000000000,0.0000000000,-0.0000000000,0.0000000000,1.0000000000,0.0000000000,0.0000000000,0.0000000000,1.0000000000,0,35.2,-205.9,1746.1,1,1.0000000000,0.0000000000,0.0000000000,0.0000000000,1.0000000000,0.0000000000,0.0000000000,0.0000000000,1.0000000000,0,35.2,-586.3,1746.1,0,1.0000000000,-0.0000000000,-0.0000000000,0.0000000000,1.0000000000,-0.0000000000,0.0000000000,0.0000000000,1.0000000000,0,206.8,-186.5,1777.0,1,1.0000000000,-0.0000000000,0.0000000000,0.0000000000,1.0000000000,-0.0000000000,-0.0000000000,0.0000000000,1.0000000000,0,206.8,-566.8,1777.0,0,-49.3,-335.0,1691.9,1,254.9,-274.0,1719.3,1,35.2,-952.0,1746.1,0,206.8,-932.5,1777.0,0,
8,0.9790154696,-0.0607462004,-0.1945214272,0.1053017080,0.9680250883,0.2276812345,0.1744686812,-0.2433865368,0.9541049600,1,81.8,365.0,1625.2,1,0.9790154696,-0.0607462004,-0.1945214272,0.1053017080,0.9680250883,0.2276812345,0.1744686812,-0.2433865368,0.9541049600,1,93.8,173.5,1673.4,1,0.9789397717,-0.0651796088,-0.1934644580,0.1064674929,0.9715832472,0.2114008218,0.1741856337,-0.2275459319,0.9580578208,1,106.2,-11.3,1716.6,1,0.1267055422,-0.8514029980,-0.5089781880,0.9721069932,0.0044847503,0.2344953269,-0.1973673701,-0.5244930983,0.8282229304,1,-37.6,159.2,1650.0,1,-0.0788603649,-0.8484495878,-0.5233681202,0.9962670803,-0.0485845804,-0.0713539943,0.0351126529,-0.5270414352,0.8491138220,1,-69.3,-84.4,1699.4,1,0.2145690918,0.8816950321,0.4202072024,-0.9181932211,0.0354141444,0.3945467770,0.3329886496,-0.4704889655,0.8171650767,1,225.2,187.8,1696.7,1,-0.0872396156,0.8816949725,0.4636844099,-0.9677485228,0.0354141369,-0.2494163811,-0.2363301367,-0.4704889059,0.8501695991,1,276.9,-33.3,1776.9,1,1.0000000000,0.0000000000,-0.0000000000,0.0000000000,1.0000000000,0.0000000000,0.0000000000,0.0000000000,1.0000000000,0,32.7,-205.4,1744.6,1,1.0000000000,0.0000000000,0.0000000000,0.0000000000,1.0000000000,0.0000000000,0.0000000000,0.0000000000,1.0000000000,0,32.7,-585.7,1744.6,0,1.0000000000,-0.0000000000,-0.0000000000,0.0000000000,1.0000000000,-0.0000000000,0.0000000000,0.0000000000,1.0000000000,0,204.5,-186.7,1775.2,1,1.0000000000,-0.0000000000,0.0000000000,0.0000000000,1.0000000000,-0.0000000000,-0.0000000000,0.0000000000,1.0000000000,0,204.5,-567.0,1775.2,0,-49.7,-332.1,1690.7,1,255.2,-273.9,1718.2,1,32.7,-951.4,1744.6,0,204.5,-932.7,1775.2,0,
9,0.9786462784,-0.0552715212,-0.1979805827,0.0965440646,0.9739170074,0.2053399384,0.1814650297,-0.2200687081,0.9584533572,1,81.1,365.4,1631.2,1,0.9786462784,-0.0552715212,-0.1979805827,0.0965440646,0.9739170074,0.2053399384,0.1814650297,-0.2200687081,0.9584533572,1,92.0,173.2,1674.6,1,0.9787387252,-0.0553035624,-0.1975143403,0.0949149132,0.9757739902,0.1971189380,0.1818257868,-0.2116746455,0.9602738023,1,102.5,-12.3,1714.9,1,0.1232286319,-0.8504446745,-0.5114281178,0.9733080864,0.0030286461,0.2294823974,-0.1936131120,-0.5260559320,0.8281179070,1,-39.4,160.5,1650.2,1,-0.0799628869,-0.8474222422,-0.5248633027,0.9962436557,-0.0503855571,-0.0704272315,0.0332360752,-0.5285233259,0.8482679129,1,-70.1,-82.3,1698.5,1,0.2152269334,0.8978701830,0.3840658665,-0.9202063680,0.0547931194,0.3875796199,0.3269519806,-0.4368374348,0.8380188346,1,223.4,186.0,1699.0,1,-0.0588446259,0.8978701830,0.4363101423,-0.9683865309,0.0547931381,-0.2433623821,-0.2424146086,-0.4368374348,0.8662611246,1,274.8,-33.9,1777.2,1,1.0000000000,0.0000000000,-0.0000000000,0.0000000000,1.0000000000,0.0000000000,0.0000000000,0.0000000000,1.0000000000,0,27.1,-206.1,1739.2,1,1.0000000000,0.0000000000,0.0000000000,0.0000000000,1.0000000000,0.0000000000,0.0000000000,0.0000000000,1.0000000000,0,27.1,-586.5,1739.2,0,1.0000000000,-0.0000000000,-0.0000000000,0.0000000000,1.0000000000,-0.0000000000,0.0000000000,0.0000000000,1.0000000000,0,198.9,-189.5,1771.1,1,1.0000000000,-0.0000000000,0.0000000000,0.0000000000,1.0000000000,-0.0000000000,-0.0000000000,0.0000000000,1.0000000000,0,198.9,-569.8,1771.1,0,-50.3,-330.0,1690.3,1,260.2,-274.6,1716.9,1,27.1,-952.2,1739.2,0,198.9,-935.5,1771.1,0,
10,0.9785385132,-0.0513176844,-0.1995712817,0.0954153240,0.9712513685,0.2180971205,0.1826394498,-0.2324582785,0.9553002715,1,81.1,365.3,1627.2,1,0.9785385132,-0.0513176844,-0.1995712817,0.0954153240,0.9712513685,0.2180971205,0.1826394498,-0.2324582785,0.9553002715,1,91.3,172.5,1673.4,1,0.9787185192,-0.0508880988,-0.1987973303,0.0919889063,0.9747728109,0.2033609152,0.1834313869,-0.2173198760,0.9587062001,1,100.9,-12.8,1714.7,1,0.1306092739,-0.8487656116,-0.5123846531,0.9718458056,0.0073806345,0.2355020493,-0.1961043477,-0.5287176371,0.8258333206,1,-40.1,160.2,1648.7,1,-0.0754771754,-0.8459703326,-0.5278611183,0.9965415001,-0.0455420129,-0.0695049167,0.0347592346,-0.5312815309,0.8464819193,1,-72.4,-79.6,1697.1,1,0.2057694495,0.9216308594,0.3290224373,-0.9192721248,0.0667550489,0.3879207969,0.3355557621,-0.3822833896,0.8609656692,1,222.6,184.9,1698.0,1,-0.0377713107,0.9216307402,0.3862255812,-0.9649856091,0.0667550638,-0.2536660135,-0.2595688701,-0.3822834194,0.8868390322,1,272.3,-37.0,1779.0,1,1.0000000000,0.0000000000,-0.0000000000,0.0000000000,1.0000000000,0.0000000000,0.0000000000,0.0000000000,1.0000000000,0,24.7,-206.2,1739.9,1,1.0000000000,0.0000000000,0.0000000000,0.0000000000,1.0000000000,0.0000000000,0.0000000000,0.0000000000,1.0000000000,0,24.7,-586.6,1739.9,0,1.0000000000,-0.0000000000,-0.0000000000,0.0000000000,1.0000000000,-0.0000000000,0.0000000000,0.0000000000,1.0000000000,0,196.5,-190.1,1772.1,1,1.0000000000,-0.0000000000,0.0000000000,0.0000000000,1.0000000000,-0.0000000000,-0.0000000000,0.0000000000,1.0000000000,0,196.5,-570.4,1772.1,0,-53.6,-327.4,1688.5,1,262.9,-276.8,1714.5,1,24.7,-952.3,1739.9,0,196.5,-936.1,1772.1,0,
11,0.9765657783,-0.0481505059,-0.2097633034,0.0931683928,0.9731728435,0.2103657275,0.1940045059,-0.2249789983,0.9548503757,1,81.8,365.1,1629.7,1,0.9765657783,-0.0481505059,-0.2097633034,0.0931683928,0.9731728435,0.2103657275,0.1940045059,-0.2249789983,0.9548503757,1,91.3,172.2,1674.3,1,0.9768449068,-0.0452999733,-0.2090975940,0.0873448849,0.9766102433,0.1964761168,0.1953042597,-0.2101899683,0.9579504132,1,99.9,-13.5,1714.3,1,0.1341663301,-0.8436529040,-0.5198549032,0.9709449410,0.0070158169,0.2391999066,-0.1981544644,-0.5368430614,0.8200819492,1,-39.8,160.5,1648.1,1,-0.0710225254,-0.8413239717,-0.5358449221,0.9966614246,-0.0381663293,-0.0721760467,0.0402721986,-0.5391820669,0.8412258029,1,-73.1,-80.0,1697.2,1,0.2019016892,0.9319540262,0.3011602759,-0.9226748943,0.0778584927,0.3776363730,0.3284918368,-0.3541184664,0.8756102324,1,222.4,183.9,1700.5,1,-0.0186252277,0.9319539070,0.3620979190,-0.9651022553,0.0778584778,-0.2500311732,-0.2612099349,-0.3541184068,0.8979808092,1,270.9,-37.8,1779.5,1,1.0000000000,0.0000000000,-0.0000000000,0.0000000000,1.0000000000,0.0000000000,0.0000000000,0.0000000000,1.0000000000,0,22.8,-206.8,1737.1,1,1.0000000000,0.0000000000,0.0000000000,0.0000000000,1.0000000000,0.0000000000,0.0000000000,0.0000000000,1.0000000000,0,22.8,-587.2,1737.1,0,1.0000000000,-0.0000000000,-0.0000000000,0.0000000000,1.0000000000,-0.0000000000,0.0000000000,0.0000000000,1.0000000000,0,194.3,-191.5,1771.4,1,1.0000000000,-0.0000000000,0.0000000000,0.0000000000,1.0000000000,-0.0000000000,-0.0000000000,0.0000000000,1.0000000000,0,194.3,-571.8,1771.4,0,-55.4,-327.8,1687.2,1,266.3,-277.6,1714.5,1,22.8,-952.9,1737.1,0,194.3,-937.5,1771.4,0,
12,0.9751669168,-0.0485603251,-0.2160814255,0.0914296731,0.9769139886,0.1930783391,0.2017147392,-0.2080396116,0.9570910335,1,82.7,367.8,1634.0,1,0.9751669168,-0.0485603251,-0.2160814255,0.0914296731,0.9769139886,0.1930783391,0.2017147392,-0.2080396116,0.9570910335,1,92.3,173.8,1675.3,1,0.9754374027,-0.0444127731,-0.2157524973,0.0857396126,0.9787711501,0.1861595362,0.2029021829,-0.2000852376,0.9585348964,1,100.8,-12.3,1713.4,1,0.1419731230,-0.8394901156,-0.5244997740,0.9711914062,0.0156825259,0.2377841920,-0.1913919896,-0.5431486368,0.8175320625,1,-38.6,162.3,1648.1,1,-0.0691811740,-0.8370078802,-0.5427999496,0.9969076514,-0.0376761556,-0.0689609572,0.0372702479,-0.5458922386,0.8370260596,1,-73.9,-78.8,1695.6,1,0.2000865787,0.9276352525,0.3153699636,-0.9249498248,0.0726715475,0.3730772734,0.3231611848,-0.3663491607,0.8725566864,1,223.3,185.3,1702.6,1,-0.0322103314,0.9276353121,0.3720958829,-0.9616667628,0.0726715326,-0.2644164264,-0.2723228037,-0.3663491905,0.8897351027,1,271.6,-38.1,1780.6,1,1.0000000000,0.0000000000,-0.0000000000,0.0000000000,1.0000000000,0.0000000000,0.0000000000,0.0000000000,1.0000000000,0,23.6,-206.0,1733.6,1,1.0000000000,0.0000000000,0.0000000000,0.0000000000,1.0000000000,0.0000000000,0.0000000000,0.0000000000,1.0000000000,0,23.6,-586.3,1733.6,0,1.0000000000,-0.0000000000,-0.0000000000,0.0000000000,1.0000000000,-0.0000000000,0.0000000000,0.0000000000,1.0000000000,0,194.8,-190.9,1769.2,1,1.0000000000,-0.0000000000,0.0000000000,0.0000000000,1.0000000000,-0.0000000000,-0.0000000000,0.0000000000,1.0000000000,0,194.8,-571.3,1769.2,0,-56.6,-326.7,1686.3,1,263.6,-277.2,1712.9,1,23.6,-952.0,1733.6,0,194.8,-937.0,1769.2,0,
13,0.9725418091,-0.0577093735,-0.2254591435,0.1036115065,0.9748275876,0.1974217743,0.2083884329,-0.2153608352,0.9540369511,1,82.3,368.5,1632.1,1,0.9725418091,-0.0577093735,-0.2254591435,0.1036115065,0.9748275876,0.1974217743,0.2083884329,-0.2153608352,0.9540369511,1,93.8,174.7,1674.9,1,0.9729166031,-0.0532557331,-0.2249375880,0.0970183462,0.9773179889,0.1882462949,0.2098080516,-0.2049707174,0.9560126066,1,103.9,-11.2,1713.9,1,0.1506058276,-0.8338810205,-0.5309991837,0.9679798484,0.0152716264,0.2505628467,-0.2008304149,-0.5517327189,0.8094800711,1,-36.8,161.6,1646.8,1,-0.0675105155,-0.8316075206,-0.5512452722,0.9968337417,-0.0329562202,-0.0723636374,0.0420111828,-0.5543851852,0.8311992288,1,-74.0,-77.6,1696.4,1,0.1952021420,0.9202516079,0.3391654789,-0.9270861745,0.0602980331,0.3699665368,0.3200112581,-0.3866539001,0.8649229407,1,224.4,187.7,1703.1,1,-0.0519382618,0.9202516079,0.3878653646,-0.9604964256,0.0602980107,-0.2716815472,-0.2734028399,-0.3866539598,0.8807665706,1,271.9,-37.8,1780.9,1,1.0000000000,0.0000000000,-0.0000000000,0.0000000000,1.0000000000,0.0000000000,0.0000000000,0.0000000000,1.0000000000,0,28.7,-205.5,1734.5,1,1.0000000000,0.0000000000,0.0000000000,0.0000000000,1.0000000000,0.0000000000,0.0000000000,0.0000000000,1.0000000000,0,28.7,-585.9,1734.5,0,1.0000000000,-0.0000000000,-0.0000000000,0.0000000000,1.0000000000,-0.0000000000,0.0000000000,0.0000000000,1.0000000000,0,199.4,-188.5,1771.3,1,1.0000000000,-0.0000000000,0.0000000000,0.0000000000,1.0000000000,-0.0000000000,-0.0000000000,0.0000000000,1.0000000000,0,199.4,-568.8,1771.3,0,-57.3,-325.5,1686.0,1,259.0,-276.6,1713.0,1,28.7,-951.6,1734.5,0,199.4,-934.5,1771.3,0,
14,0.9705191255,-0.0598773696,-0.2334675789,0.1085591912,0.9734277129,0.2016262859,0.2151886225,-0.2210269719,0.9512273073,1,82.4,369.1,1631.2,1,0.9705191255,-0.0598773696,-0.2334675789,0.1085591912,0.9734277129,0.2016262859,0.2151886225,-0.2210269719,0.9512273073,1,94.4,174.6,1675.3,1,0.9710744619,-0.0535747744,-0.2326885015,0.0990117416,0.9771208167,0.1882320642,0.2172779590,-0.2058259398,0.9541584849,1,104.5,-11.2,1714.5,1,0.1499501914,-0.8298276067,-0.5374952555,0.9678156376,0.0120669678,0.2513708472,-0.2021085173,-0.5578894019,0.8049295545,1,-36.0,161.3,1646.2,1,-0.0655185431,-0.8278802633,-0.5570652485,0.9968352318,-0.0291149188,-0.0739725381,0.0450214855,-0.5601488352,0.8271676898,1,-73.3,-79.3,1696.4,1,0.1954879016,0.9306856394,0.3092069626,-0.9267773032,0.0722027719,0.3686063886,0.3207310736,-0.3586240709,0.8766529560,1,224.7,187.9,1704.5,1,-0.0261139125,0.9306856394,0.3648870289,-0.9647149444,0.0722027794,-0.2532032132,-0.2619984150,-0.3586241007,0.8959608078,1,271.7,-35.0,1781.6,1,1.0000000000,0.0000000000,-0.0000000000,0.0000000000,1.0000000000,0.0000000000,0.0000000000,0.0000000000,1.0000000000,0,29.5,-205.7,1734.6,1,1.0000000000,0.0000000000,0.0000000000,0.0000000000,1.0000000000,0.0000000000,0.0000000000,0.0000000000,1.0000000000,0,29.5,-586.1,1734.6,0,1.0000000000,-0.0000000000,-0.0000000000,0.0000000000,1.0000000000,-0.0000000000,0.0000000000,0.0000000000,1.0000000000,0,200.0,-188.3,1772.7,1,1.0000000000,-0.0000000000,0.0000000000,0.0000000000,1.0000000000,-0.0000000000,-0.0000000000,0.0000000000,1.0000000000,0,200.0,-568.7,1772.7,0,-57.0,-327.2,1685.2,1,265.2,-274.8,1716.5,1,29.5,-951.8,1734.6,0,200.0,-934.4,1772.7,0,
15,0.9705943465,-0.0658987388,-0.2315250635,0.1139980629,0.9729402661,0.2009763718,0.2120136172,-0.2214597166,0.9518394470,1,80.8,366.9,1631.2,1,0.9705943465,-0.0658987388,-0.2315250635,0.1139980629,0.9729402661,0.2009763718,0.2120136172,-0.2214597166,0.9518394470,1,94.0,172.7,1675.4,1,0.9714089632,-0.0562792011,-0.2306450754,0.1009957865,0.9771676064,0.1869309247,0.2148562223,-0.2048802525,0.9549100995,1,104.7,-13.2,1714.4,1,0.1483824253,-0.8313567638,-0.5355638862,0.9676249027,0.0102452859,0.2521847486,-0.2041684836,-0.5556447506,0.8059616685,1,-36.5,159.1,1646.6,1,-0.0641919896,-0.8295987248,-0.5546578169,0.9968069792,-0.0268549658,-0.0751962587,0.0474873967,-0.5577138066,0.8286738396,1,-73.1,-79.7,1697.0,1,0.1970716119,0.9421244860,0.2712277472,-0.9248459935,0.0868541524,0.3702921271,0.3253039718,-0.3238179386,0.8884364963,1,224.4,186.2,1704.3,1,-0.0051774853,0.9421244860,0.3352236748,-0.9619763494,0.0868541524,-0.2589555383,-0.2730838954,-0.3238179982,0.9058516622,1,271.5,-35.1,1782.1,1,1.0000000000,0.0000000000,-0.0000000000,0.0000000000,1.0000000000,0.0000000000,0.0000000000,0.0000000000,1.0000000000,0,30.1,-207.8,1734.5,1,1.0000000000,0.0000000000,0.0000000000,0.0000000000,1.0000000000,0.0000000000,0.0000000000,0.0000000000,1.0000000000,0,30.1,-588.2,1734.5,0,1.0000000000,-0.0000000000,-0.0000000000,0.0000000000,1.0000000000,-0.0000000000,0.0000000000,0.0000000000,1.0000000000,0,200.6,-190.1,1772.2,1,1.0000000000,-0.0000000000,0.0000000000,0.0000000000,1.0000000000,-0.0000000000,-0.0000000000,0.0000000000,1.0000000000,0,200.6,-570.4,1772.2,0,-57.1,-327.6,1685.2,1,270.2,-274.2,1714.3,1,30.1,-953.9,1734.5,0,200.6,-936.2,1772.2,0,
16,0.9694898725,-0.0767301917,-0.2328127176,0.1224987358,0.9743047953,0.1890077889,0.2123256028,-0.2117601633,0.9539748430,1,80.9,368.7,1634.7,1,0.9694898725,-0.0767301917,-0.2328127176,0.1224987358,0.9743047953,0.1890077889,0.2123256028,-0.2117601633,0.9539748430,1,96.3,173.6,1677.1,1,0.9707157612,-0.0624219216,-0.2319790870,0.1052950174,0.9785061479,0.1773091108,0.2159226388,-0.1965426952,0.9564208388,1,108.1,-12.4,1714.5,1,0.1532946378,-0.8299844265,-0.5363081694,0.9685186744,0.0184673667,0.2482548505,-0.1961434633,-0.5574806333,0.8066864610,1,-34.1,159.5,1648.1,1,-0.0630348027,-0.8281130791,-0.5570058227,0.9966958165,-0.0235877335,-0.0777248889,0.0512264855,-0.5600647330,0.8268635869,1,-72.5,-83.0,1697.2,1,0.1925649643,0.9434800148,0.2697481811,-0.9262787700,0.0840255022,0.3673517108,0.3239233196,-0.3206010759,0.8901059628,1,226.6,187.8,1706.1,1,-0.0066722315,0.9434801340,0.3313621283,-0.9623174667,0.0840255022,-0.2586210072,-0.2718465924,-0.3206011355,0.9073668122,1,272.6,-33.4,1783.4,1,1.0000000000,0.0000000000,-0.0000000000,0.0000000000,1.0000000000,0.0000000000,0.0000000000,0.0000000000,1.0000000000,0,34.8,-207.7,1732.9,1,1.0000000000,0.0000000000,0.0000000000,0.0000000000,1.0000000000,0.0000000000,0.0000000000,0.0000000000,1.0000000000,0,34.8,-588.1,1732.9,0,1.0000000000,-0.0000000000,-0.0000000000,0.0000000000,1.0000000000,-0.0000000000,0.0000000000,0.0000000000,1.0000000000,0,205.2,-189.3,1770.8,1,1.0000000000,-0.0000000000,0.0000000000,0.0000000000,1.0000000000,-0.0000000000,-0.0000000000,0.0000000000,1.0000000000,0,205.2,-569.6,1770.8,0,-56.8,-330.9,1684.5,1,270.9,-272.6,1715.9,1,34.8,-953.8,1732.9,0,205.2,-935.3,1770.8,0,
17,0.9687049985,-0.0810333714,-0.2346144766,0.1295154989,0.9713482261,0.1992692798,0.2117425501,-0.2234191149,0.9514417648,1,80.6,368.4,1632.5,1,0.9687049985,-0.0810333714,-0.2346144766,0.1295154989,0.9713482261,0.1992692798,0.2117425501,-0.2234191149,0.9514417648,1,96.8,173.8,1677.3,1,0.9700769186,-0.0666741654,-0.2334633023,0.1114234179,0.9765737653,0.1840878874,0.2157178670,-0.2045923620,0.9547775388,1,109.5,-11.9,1716.2,1,0.1485780030,-0.8290380239,-0.5390921235,0.9693415761,0.0142098740,0.2453055978,-0.1957072616,-0.5590113997,0.8057324290,1,-33.4,158.8,1648.3,1,-0.0543277003,-0.8278219700,-0.5583540201,0.9971654415,-0.0158290304,-0.0735556483,0.0520527773,-0.5607674718,0.8263354897,1,-70.5,-83.1,1697.1,1,0.2014422417,0.9398304820,0.2759341598,-0.9227468967,0.0875859857,0.3753222823,0.3285713494,-0.3302231431,0.8848692179,1,227.0,188.7,1706.2,1,-0.0056853001,0.9398305416,0.3415938020,-0.9624357224,0.0875859782,-0.2569944561,-0.2714500427,-0.3302231729,0.9040285349,1,274.5,-28.5,1783.6,1,1.0000000000,0.0000000000,-0.0000000000,0.0000000000,1.0000000000,0.0000000000,0.0000000000,0.0000000000,1.0000000000,0,37.0,-207.4,1736.1,1,1.0000000000,0.0000000000,0.0000000000,0.0000000000,1.0000000000,0.0000000000,0.0000000000,0.0000000000,1.0000000000,0,37.0,-587.7,1736.1,0,1.0000000000,-0.0000000000,-0.0000000000,0.0000000000,1.0000000000,-0.0000000000,0.0000000000,0.0000000000,1.0000000000,0,207.3,-187.9,1774.0,1,1.0000000000,-0.0000000000,0.0000000000,0.0000000000,1.0000000000,-0.0000000000,-0.0000000000,0.0000000000,1.0000000000,0,207.3,-568.2,1774.0,0,-57.0,-331.1,1684.2,1,273.0,-267.8,1716.1,1,37.0,-953.4,1736.1,0,207.3,-933.9,1774.0,0,
18,0.9721950293,-0.0762496069,-0.2214104384,0.1244981065,0.9691047072,0.2129229158,0.1983322948,-0.2345675230,0.9516484737,1,78.9,368.5,1628.9,1,0.9721950293,-0.0762496069,-0.2214104384,0.1244981065,0.9691047072,0.2129229158,0.1983322948,-0.2345675230,0.9516484737,1,94.2,174.1,1675.9,1,0.9732642770,-0.0663132966,-0.2199066579,0.1099158898,0.9751383662,0.1924148053,0.2016774565,-0.2114413530,0.9563530684,1,106.8,-11.3,1716.1,1,0.1264788508,-0.8383080363,-0.5303233862,0.9726291299,-0.0002511740,0.2323630750,-0.1949250251,-0.5451970100,0.8153309822,1,-36.4,159.4,1648.8,1,-0.0436706059,-0.8380727768,-0.5438077450,0.9975739717,-0.0070422161,-0.0692575052,0.0542132221,-0.5455129743,0.8363471031,1,-68.0,-83.8,1697.6,1,0.2125587165,0.9331526756,0.2899050713,-0.9178254604,0.0888649151,0.3869102597,0.3352839649,-0.3483234048,0.8753601909,1,224.9,188.9,1703.0,1,-0.0123565691,0.9331526756,0.3592679799,-0.9604616761,0.0888649076,-0.2638491094,-0.2781378031,-0.3483234048,0.8951593637,1,275.4,-29.3,1782.7,1,1.0000000000,0.0000000000,-0.0000000000,0.0000000000,1.0000000000,0.0000000000,0.0000000000,0.0000000000,1.0000000000,0,34.0,-206.4,1738.6,1,1.0000000000,0.0000000000,0.0000000000,0.0000000000,1.0000000000,0.0000000000,0.0000000000,0.0000000000,1.0000000000,0,34.0,-586.7,1738.6,0,1.0000000000,-0.0000000000,-0.0000000000,0.0000000000,1.0000000000,-0.0000000000,0.0000000000,0.0000000000,1.0000000000,0,204.9,-187.1,1774.0,1,1.0000000000,-0.0000000000,0.0000000000,0.0000000000,1.0000000000,-0.0000000000,-0.0000000000,0.0000000000,1.0000000000,0,204.9,-567.4,1774.0,0,-57.2,-331.9,1684.1,1,272.3,-268.1,1713.5,1,34.0,-952.4,1738.6,0,204.9,-933.1,1774.0,0,
19,0.9749233723,-0.0730115324,-0.2102223635,0.1204418689,0.9674503207,0.2225612104,0.1871278882,-0.2422994673,0.9519802928,1,77.3,369.1,1626.5,1,0.9749233723,-0.0730115324,-0.2102223635,0.1204418689,0.9674503207,0.2225612104,0.1871278882,-0.2422994673,0.9519802928,1,92.0,174.3,1675.3,1,0.9758465886,-0.0658765957,-0.2082870007,0.1075319201,0.9747911096,0.1954969019,0.1901553720,-0.2131721228,0.9583271742,1,104.5,-11.0,1715.9,1,0.1199974120,-0.8449466228,-0.5212156773,0.9736770391,-0.0023158938,0.2279201150,-0.1937874109,-0.5348455906,0.8224272728,1,-39.0,159.9,1649.8,1,-0.0487016253,-0.8446375132,-0.5331186652,0.9971237779,-0.0100825652,-0.0751154348,0.0580701120,-0.5352435112,0.8426992893,1,-69.1,-83.9,1698.3,1,0.2169786245,0.9415709972,0.2576129138,-0.9124218822,0.1018109173,0.3963847458,0.3469965756,-0.3210586905,0.8812007308,1,223.0,188.8,1700.9,1,0.0037162991,0.9415710568,0.3367941976,-0.9563028216,0.1018109322,-0.2740792930,-0.2923544049,-0.3210586905,0.9008054137,1,274.7,-28.7,1783.6,1,1.0000000000,0.0000000000,-0.0000000000,0.0000000000,1.0000000000,0.0000000000,0.0000000000,0.0000000000,1.0000000000,0,31.4,-205.8,1739.7,1,1.0000000000,0.0000000000,0.0000000000,0.0000000000,1.0000000000,0.0000000000,0.0000000000,0.0000000000,1.0000000000,0,31.4,-586.2,1739.7,0,1.0000000000,-0.0000000000,-0.0000000000,0.0000000000,1.0000000000,-0.0000000000,0.0000000000,0.0000000000,1.0000000000,0,202.7,-187.0,1773.1,1,1.0000000000,-0.0000000000,0.0000000000,0.0000000000,1.0000000000,-0.0000000000,-0.0000000000,0.0000000000,1.0000000000,0,202.7,-567.3,1773.1,0,-57.0,-331.9,1683.9,1,275.6,-266.5,1710.9,1,31.4,-951.9,1739.7,0,202.7,-933.0,1773.1,0,
20,0.9775686860,-0.0702064261,-0.1985704005,0.1208818480,0.9590845108,0.2560160756,0.1724696010,-0.2742766142,0.9460544586,1,75.7,368.1,1617.9,1,0.9775686860,-0.0702064261,-0.1985704005,0.1208818480,0.9590845108,0.2560160756,0.1724696010,-0.2742766142,0.9460544586,1,89.9,174.3,1673.3,1,0.9784645438,-0.0656194836,-0.1957062334,0.1081551164,0.9705343246,0.2153263688,0.1758077741,-0.2318554223,0.9567272663,1,102.4,-10.2,1717.4,1,0.1155034825,-0.8510709405,-0.5121886730,0.9732356668,-0.0061701313,0.2297265530,-0.1986738443,-0.5250145197,0.8275799155,1,-41.4,159.8,1649.7,1,-0.0607293546,-0.8503462672,-0.5227074623,0.9963486791,-0.0201596953,-0.0829620808,0.0600088760,-0.5258371234,0.8484658003,1,-70.3,-83.5,1699.4,1,0.2131069750,0.9515807629,0.2215389162,-0.9115516543,0.1120356843,0.3956280649,0.3516517878,-0.2862552702,0.8912906051,1,221.2,188.8,1696.9,1,0.0287891142,0.9515807629,0.3060478270,-0.9596055150,0.1120356992,-0.2580800056,-0.2798722386,-0.2862552702,0.9163675308,1,272.8,-31.7,1782.0,1,1.0000000000,0.0000000000,-0.0000000000,0.0000000000,1.0000000000,0.0000000000,0.0000000000,0.0000000000,1.0000000000,0,29.0,-204.2,1746.0,1,1.0000000000,0.0000000000,0.0000000000,0.0000000000,1.0000000000,0.0000000000,0.0000000000,0.0000000000,1.0000000000,0,29.0,-584.6,1746.0,0,1.0000000000,-0.0000000000,-0.0000000000,0.0000000000,1.0000000000,-0.0000000000,0.0000000000,0.0000000000,1.0000000000,0,200.7,-185.2,1776.9,1,1.0000000000,-0.0000000000,0.0000000000,0.0000000000,1.0000000000,-0.0000000000,-0.0000000000,0.0000000000,1.0000000000,0,200.7,-565.6,1776.9,0,-55.2,-331.2,1684.4,1,280.0,-270.2,1712.4,1,29.0,-950.3,1746.0,0,200.7,-931.3,1776.9,0,
21,0.9793872833,-0.0674413219,-0.1903994828,0.1166038364,0.9584604502,0.2603014708,0.1649331301,-0.2771370411,0.9465646744,1,74.7,366.9,1617.1,1,0.9793872833,-0.0674413219,-0.1903994828,0.1166038364,0.9584604502,0.2603014708,0.1649331301,-0.2771370411,0.9465646744,1,88.4,172.7,1673.2,1,0.9802808166,-0.0625624210,-0.1874437034,0.1033432484,0.9708114266,0.2164373398,0.1684294492,-0.2315400094,0.9581300020,1,100.3,-11.9,1717.2,1,0.1008586213,-0.8566113710,-0.5060081482,0.9749684930,-0.0161968619,0.2217521369,-0.1981511861,-0.5157076120,0.8335356116,1,-43.2,158.8,1650.6,1,-0.0556400791,-0.8567165136,-0.5127777457,0.9964455962,-0.0151130706,-0.0828715861,0.0632477999,-0.5155661106,0.8545123339,1,-68.4,-84.8,1700.1,1,0.2240824252,0.9444891214,0.2402649522,-0.9048939347,0.1100971177,0.4111514688,0.3618756235,-0.3095461130,0.8793333769,1,220.0,186.6,1695.8,1,0.0133016780,0.9444892406,0.3282731473,-0.9542216659,0.1100971252,-0.2781001031,-0.2988044620,-0.3095461726,0.9027165174,1,273.9,-31.4,1783.0,1,1.0000000000,0.0000000000,-0.0000000000,0.0000000000,1.0000000000,0.0000000000,0.0000000000,0.0000000000,1.0000000000,0,26.1,-205.5,1746.5,1,1.0000000000,0.0000000000,0.0000000000,0.0000000000,1.0000000000,0.0000000000,0.0000000000,0.0000000000,1.0000000000,0,26.1,-585.9,1746.5,0,1.0000000000,-0.0000000000,-0.0000000000,0.0000000000,1.0000000000,-0.0000000000,0.0000000000,0.0000000000,1.0000000000,0,198.2,-187.4,1776.0,1,1.0000000000,-0.0000000000,0.0000000000,0.0000000000,1.0000000000,-0.0000000000,-0.0000000000,0.0000000000,1.0000000000,0,198.2,-567.7,1776.0,0,-54.6,-332.6,1684.4,1,277.3,-268.6,1708.7,1,26.1,-951.6,1746.5,0,198.2,-933.4,1776.0,0,
22,0.9816725850,-0.0656908602,-0.1788947135,0.1120157689,0.9583311677,0.2627801895,0.1541759968,-0.2780029476,0.9481226206,1,74.4,365.9,1617.2,1,0.9816725850,-0.0656908602,-0.1788947135,0.1120157689,0.9583311677,0.2627801895,0.1541759968,-0.2780029476,0.9481226206,1,87.7,172.0,1673.4,1,0.9824544191,-0.0617904700,-0.1759684086,0.1001850367,0.9706802964,0.2185003757,0.1573056728,-0.2322956771,0.9598364234,1,99.5,-12.5,1717.6,1,0.0999567434,-0.8620930314,-0.4967939854,0.9763434529,-0.0112313777,0.2159337401,-0.1917346716,-0.5066255927,0.8405761719,1,-44.2,158.6,1652.3,1,-0.0611661077,-0.8615602851,-0.5039569736,0.9961952567,-0.0212926939,-0.0845081210,0.0620782301,-0.5072085857,0.8595846891,1,-69.1,-85.2,1700.1,1,0.2235467136,0.9479998350,0.2265464365,-0.9035527706,0.1143874675,0.4129261374,0.3655398190,-0.2970049381,0.8821387291,1,219.6,185.5,1694.5,1,0.0150067974,0.9479998350,0.3179169595,-0.9482095838,0.1143874452,-0.2963342667,-0.3172905147,-0.2970048785,0.9006192088,1,273.7,-33.4,1783.1,1,1.0000000000,0.0000000000,-0.0000000000,0.0000000000,1.0000000000,0.0000000000,0.0000000000,0.0000000000,1.0000000000,0,25.0,-205.9,1747.9,1,1.0000000000,0.0000000000,0.0000000000,0.0000000000,1.0000000000,0.0000000000,0.0000000000,0.0000000000,1.0000000000,0,25.0,-586.2,1747.9,0,1.0000000000,-0.0000000000,-0.0000000000,0.0000000000,1.0000000000,-0.0000000000,0.0000000000,0.0000000000,1.0000000000,0,197.4,-188.3,1775.5,1,1.0000000000,-0.0000000000,0.0000000000,0.0000000000,1.0000000000,-0.0000000000,-0.0000000000,0.0000000000,1.0000000000,0,197.4,-568.7,1775.5,0,-53.9,-332.9,1684.7,1,277.5,-269.1,1704.2,1,25.0,-951.9,1747.9,0,197.4,-934.4,1775.5,0,
23,0.9832818508,-0.0643391460,-0.1703433990,0.1097934768,0.9557951093,0.2727647722,0.1452618688,-0.2869070470,0.9468768239,1,72.8,365.9,1614.7,1,0.9832818508,-0.0643391460,-0.1703433990,0.1097934768,0.9557951093,0.2727647722,0.1452618688,-0.2869070470,0.9468768239,1,85.9,172.1,1672.9,1,0.9839739203,-0.0619856715,-0.1671907455,0.0992469639,0.9693560004,0.2247191668,0.1481358558,-0.2377105653,0.9599696398,1,97.7,-12.3,1718.1,1,0.0940876380,-0.8667284846,-0.4898257256,0.9766781330,-0.0150206387,0.2141826302,-0.1929956824,-0.4985540211,0.8451015353,1,-46.2,158.7,1653.0,1,-0.0640763268,-0.8662885427,-0.4954174161,0.9957972765,-0.0229514427,-0.0886615440,0.0654359311,-0.4990164042,0.8641185164,1,-69.7,-84.9,1701.1,1,0.2311889380,0.9470323920,0.2228928804,-0.8972966075,0.1189995706,0.4250857830,0.3760458529,-0.2982761562,0.8772803545,1,218.0,185.4,1692.8,1,0.0078432048,0.9470325112,0.3210421205,-0.9371038675,0.1189995632,-0.3281393349,-0.3489624858,-0.2982761562,0.8884011507,1,274.2,-32.8,1784.2,1,1.0000000000,0.0000000000,-0.0000000000,0.0000000000,1.0000000000,0.0000000000,0.0000000000,0.0000000000,1.0000000000,0,23.1,-205.3,1750.3,1,1.0000000000,0.0000000000,0.0000000000,0.0000000000,1.0000000000,0.0000000000,0.0000000000,0.0000000000,1.0000000000,0,23.1,-585.6,1750.3,0,1.0000000000,-0.0000000000,-0.0000000000,0.0000000000,1.0000000000,-0.0000000000,0.0000000000,0.0000000000,1.0000000000,0,195.8,-187.9,1776.3,1,1.0000000000,-0.0000000000,0.0000000000,0.0000000000,1.0000000000,-0.0000000000,-0.0000000000,0.0000000000,1.0000000000,0,195.8,-568.2,1776.3,0,-53.8,-332.5,1684.9,1,276.1,-265.6,1697.5,1,23.1,-951.3,1750.3,0,195.8,-933.9,1776.3,0,
24,0.9852168560,-0.0658359155,-0.1581552923,0.1099764556,0.9509134293,0.2892550230,0.1313465685,-0.3023720384,0.9440929294,1,71.2,364.3,1610.5,1,0.9852168560,-0.0658359155,-0.1581552923,0.1099764556,0.9509134293,0.2892550230,0.1313465685,-0.3023720384,0.9440929294,1,84.6,171.0,1671.9,1,0.9859247804,-0.0636611208,-0.1545935571,0.0994934440,0.9665197134,0.2365172803,0.1343586743,-0.2485688478,0.9592463374,1,96.7,-12.8,1719.2,1,0.0882870033,-0.8728586435,-0.4799199700,0.9771620631,-0.0175970420,0.2117654085,-0.1932864338,-0.4876557291,0.8513708115,1,-47.7,157.6,1653.9,1,-0.0626635626,-0.8725387454,-0.4845096767,0.9959856272,-0.0235788878,-0.0863523036,0.0639215186,-0.4879758358,0.8705135584,1,-69.5,-83.2,1701.5,1,0.2200688869,0.9555792809,0.1960562468,-0.8979988694,0.1199533716,0.4233310819,0.3810087442,-0.2692202926,0.8845071793,1,217.0,184.3,1690.0,1,0.0084617464,0.9555792809,0.2946128845,-0.9242224693,0.1199533641,-0.3625245690,-0.3817607462,-0.2692202628,0.8841828108,1,271.0,-36.1,1783.5,1,1.0000000000,0.0000000000,-0.0000000000,0.0000000000,1.0000000000,0.0000000000,0.0000000000,0.0000000000,1.0000000000,0,22.3,-205.3,1754.7,1,1.0000000000,0.0000000000,0.0000000000,0.0000000000,1.0000000000,0.0000000000,0.0000000000,0.0000000000,1.0000000000,0,22.3,-585.7,1754.7,0,1.0000000000,-0.0000000000,-0.0000000000,0.0000000000,1.0000000000,-0.0000000000,0.0000000000,0.0000000000,1.0000000000,0,195.4,-187.9,1778.2,1,1.0000000000,-0.0000000000,0.0000000000,0.0000000000,1.0000000000,-0.0000000000,-0.0000000000,0.0000000000,1.0000000000,0,195.4,-568.2,1778.2,0,-53.9,-330.9,1685.6,1,273.1,-265.7,1688.6,1,22.3,-951.4,1754.7,0,195.4,-933.9,1778.2,0,
