1,0.9989660978,-0.0138635524,-0.0432859398,0.0254202466,0.9598897099,0.2792214751,0.0376788080,-0.2800332904,0.9592505693,1,-3.8,442.2,1745.6,1,0.9989660978,-0.0138635524,-0.0432859398,0.0254202466,0.9598897099,0.2792214751,0.0376788080,-0.2800332904,0.9592505693,1,-0.9,243.1,1803.6,1,0.9988261461,-0.0228495598,-0.0427006893,0.0327693745,0.9680802822,0.2484874129,0.0356599502,-0.2495951205,0.9676934481,1,3.7,49.2,1853.6,1,0.2366628200,-0.8781690001,-0.4157045186,0.9392392039,0.0972915441,0.3291871846,-0.2486373782,-0.4683523476,0.8478358984,1,-138.6,238.6,1798.7,1,-0.0384199880,-0.8776255846,-0.4778048098,0.9851499200,0.0468085855,-0.1651926786,0.1673426777,-0.4770560861,0.8627943397,1,-207.4,-34.1,1870.9,1,0.3361918628,0.6067340374,0.7203115821,-0.9207779765,0.0510825962,0.3867278397,0.1978455633,-0.7932617664,0.5758409500,1,136.8,247.6,1808.6,1,-0.0523724072,0.6064609885,0.7933865786,-0.9939975739,0.0447584018,-0.0998280793,-0.0960525498,-0.7938525677,0.6004765630,1,227.7,-1.3,1862.1,1,1.0000000000,0.0000000001,0.0000000005,-0.0000000001,1.0000000000,-0.0000000002,-0.0000000005,0.0000000002,1.0000000000,0,-84.1,-147.7,1900.3,1,1.0000000000,0.0000000033,0.0000337597,-0.0000000033,1.0000000000,-0.0000000153,-0.0000337597,0.0000000153,1.0000000000,0,-84.1,-548.2,1900.3,0,1.0000000000,-0.0000102230,0.0000268416,0.0000102230,1.0000000000,0.0000026272,-0.0000268416,-0.0000026269,1.0000000000,0,100.6,-141.6,1906.9,1,0.9999392629,-0.0021933529,0.0108001204,0.0021827987,0.9999971390,0.0009889306,-0.0108022587,-0.0009652960,0.9999411702,0,100.6,-542.1,1906.9,0,-197.2,-295.7,1826.5,1,212.8,-283.9,1834.8,1,-84.1,-933.3,1900.3,0,101.4,-927.3,1907.3,0,
2,0.9989743233,-0.0107006785,-0.0439871624,0.0225999281,0.9598018527,0.2797656953,0.0392253585,-0.2804729939,0.9590601325,1,-1.4,442.3,1745.8,1,0.9989743233,-0.0107006785,-0.0439871624,0.0225999281,0.9598018527,0.2797656953,0.0392253585,-0.2804729939,0.9590601325,1,0.9,243.3,1804.0,1,0.9988374114,-0.0207488742,-0.0435009934,0.0309898872,0.9677576423,0.2499681711,0.0369119421,-0.2510257959,0.9672763944,1,5.0,49.5,1854.2,1,0.2363803983,-0.8774963021,-0.4172821641,0.9399883151,0.0977606177,0.3269017041,-0.2460612953,-0.4695135057,0.8479450941,1,-136.9,239.0,1798.9,1,-0.0307141058,-0.8772823215,-0.4789911211,0.9857568145,0.0526891202,-0.1597104073,0.1653487235,-0.4770741463,0.8631687164,1,-205.2,-32.6,1870.0,1,0.3306183219,0.6071900129,0.7225039005,-0.9235776067,0.0506675541,0.3800489902,0.1941544265,-0.7929396033,0.5775387287,1,138.6,247.6,1809.0,1,-0.0525809750,0.6068399549,0.7930830717,-0.9941726923,0.0430309027,-0.0988388807,-0.0941064432,-0.7936585546,0.6010410190,1,227.9,-2.0,1861.5,1,1.0000000000,0.0000000000,0.0000000004,-0.0000000000,1.0000000000,-0.0000000002,-0.0000000004,0.0000000002,1.0000000000,0,-83.2,-147.2,1901.1,1,1.0000000000,0.0000000030,0.0000303837,-0.0000000030,1.0000000000,-0.0000000138,-0.0000303837,0.0000000138,1.0000000000,0,-83.2,-547.7,1901.1,0,1.0000000000,-0.0000081784,0.0000214733,0.0000081784,1.0000000000,0.0000021017,-0.0000214733,-0.0000021015,1.0000000000,0,101.5,-141.4,1907.9,1,0.9999508262,-0.0019735515,0.0097202472,0.0019650024,0.9999976754,0.0008889778,-0.0097219795,-0.0008698337,0.9999523759,0,101.5,-542.0,1907.9,0,-197.0,-295.7,1825.8,1,213.0,-284.6,1834.8,1,-83.2,-932.8,1901.1,0,102.2,-927.1,1908.2,0,
3,0.9990146160,-0.0079285055,-0.0436567068,0.0199836399,0.9588667750,0.2831512392,0.0396160707,-0.2837448120,0.9580812454,1,-0.4,441.9,1744.9,1,0.9990146160,-0.0079285055,-0.0436567068,0.0199836399,0.9588667750,0.2831512392,0.0396160707,-0.2837448120,0.9580812454,1,1.2,243.1,1803.7,1,0.9988439083,-0.0210111085,-0.0432245471,0.0313417390,0.9665912986,0.2543980181,0.0364353620,-0.2554588020,0.9661332369,1,5.4,49.5,1854.9,1,0.2426026464,-0.8758724928,-0.4171226323,0.9382349849,0.1024943516,0.3304694295,-0.2466963828,-0.4715318084,0.8466395736,1,-136.5,238.7,1798.7,1,-0.0349970311,-0.8755663037,-0.4818286896,0.9869959354,0.0454054996,-0.1541989148,0.1568890363,-0.4809594750,0.8625913858,1,-206.6,-32.3,1870.0,1,0.3337712288,0.6058751941,0.7221579552,-0.9219230413,0.0500258356,0.3841293156,0.1966078281,-0.7939853668,0.5752674937,1,139.0,247.4,1808.8,1,-0.0544981062,0.6055472493,0.7939411998,-0.9937590957,0.0446099453,-0.1022385880,-0.0973279551,-0.7945580482,0.5993369818,1,229.2,-1.9,1861.9,1,1.0000000000,0.0000000000,0.0000000003,-0.0000000000,1.0000000000,-0.0000000001,-0.0000000003,0.0000000001,1.0000000000,0,-82.7,-147.0,1902.7,1,1.0000000000,0.0000000027,0.0000273454,-0.0000000027,1.0000000000,-0.0000000124,-0.0000273454,0.0000000124,1.0000000000,0,-82.7,-547.5,1902.7,0,1.0000000000,-0.0000065427,0.0000171786,0.0000065427,1.0000000000,0.0000016814,-0.0000171787,-0.0000016812,1.0000000000,0,102.0,-141.2,1909.4,1,0.9999601841,-0.0017758179,0.0087483311,0.0017688933,0.9999980927,0.0007992213,-0.0087497337,-0.0007837146,0.9999614358,0,102.0,-541.7,1909.4,0,-197.2,-296.3,1828.0,1,213.7,-284.4,1834.3,1,-82.7,-932.6,1902.7,0,102.6,-926.8,1909.7,0,
4,0.9991160631,-0.0085300254,-0.0411505438,0.0198870003,0.9585753679,0.2841428816,0.0370222181,-0.2847101688,0.9578986168,1,-1.2,442.7,1745.0,1,0.9991160631,-0.0085300254,-0.0411505438,0.0198870003,0.9585753679,0.2841428816,0.0370222181,-0.2847101688,0.9578986168,1,0.6,243.8,1804.0,1,0.9989976883,-0.0185347609,-0.0407318957,0.0283065867,0.9666943550,0.2543621957,0.0346608236,-0.2552603483,0.9662510157,1,4.3,50.2,1855.1,1,0.2370164096,-0.8773118854,-0.4173094034,0.9415848255,0.1016598567,0.3210656941,-0.2392510623,-0.4690300524,0.8501587510,1,-137.2,239.9,1799.2,1,-0.0297683664,-0.8772479296,-0.4791137576,0.9878212810,0.0474154837,-0.1481922567,0.1527187675,-0.4776901901,0.8651525974,1,-205.3,-30.6,1868.0,1,0.3350948691,0.6054970026,0.7218620181,-0.9202210307,0.0458664149,0.3887022734,0.2022488415,-0.7945247293,0.5725607276,1,138.3,247.7,1808.8,1,-0.0548388697,0.6058702469,0.7936711907,-0.9926421642,0.0528587773,-0.1089379862,-0.1079547703,-0.7938055396,0.5985136628,1,229.5,-2.6,1863.8,1,1.0000000000,0.0000000000,0.0000000002,-0.0000000000,1.0000000000,-0.0000000001,-0.0000000002,0.0000000001,1.0000000000,0,-84.3,-146.0,1903.1,1,1.0000000000,0.0000000024,0.0000246108,-0.0000000024,1.0000000000,-0.0000000112,-0.0000246108,0.0000000112,1.0000000000,0,-84.3,-546.5,1903.1,0,1.0000000000,-0.0000052342,0.0000137429,0.0000052342,1.0000000000,0.0000013451,-0.0000137429,-0.0000013450,1.0000000000,0,100.3,-140.8,1909.5,1,0.9999677539,-0.0015979293,0.0078735836,0.0015923202,0.9999984503,0.0007186035,-0.0078747198,-0.0007060430,0.9999687672,0,100.3,-541.3,1909.5,0,-197.3,-295.7,1827.0,1,213.9,-284.7,1833.1,1,-84.3,-931.6,1903.1,0,100.9,-926.4,1909.7,0,
5,0.9992304444,-0.0068459436,-0.0386095159,0.0175170992,0.9588626623,0.2833285630,0.0350816399,-0.2837870121,0.9582455158,1,-0.7,444.1,1744.5,1,0.9992304444,-0.0068459436,-0.0386095159,0.0175170992,0.9588626623,0.2833285630,0.0350816399,-0.2837870121,0.9582455158,1,0.7,245.0,1803.4,1,0.9991127849,-0.0176424738,-0.0382287651,0.0267706364,0.9669947624,0.2533849180,0.0324967504,-0.2541836500,0.9666099548,1,4.2,51.3,1854.3,1,0.2399873734,-0.8780463338,-0.4140542746,0.9402019382,0.1040272266,0.3243436515,-0.2417157888,-0.4671330154,0.8505059481,1,-137.1,241.3,1798.9,1,-0.0300008431,-0.8780583143,-0.4776124656,0.9883532524,0.0452604406,-0.1452908665,0.1491907984,-0.4764086902,0.8664738536,1,-206.1,-29.3,1868.5,1,0.3336564302,0.6043956280,0.7234497070,-0.9207261801,0.0442229062,0.3876953423,0.2023283094,-0.7954561114,0.5712381005,1,138.5,248.7,1807.9,1,-0.0510985591,0.6046884060,0.7948213816,-0.9937515259,0.0482916161,-0.1006272137,-0.0992313027,-0.7949968576,0.5984423757,1,229.3,-1.9,1863.0,1,1.0000000000,0.0000000000,0.0000000002,-0.0000000000,1.0000000000,-0.0000000001,-0.0000000002,0.0000000001,1.0000000000,0,-84.6,-144.8,1902.2,1,1.0000000000,0.0000000022,0.0000221497,-0.0000000022,1.0000000000,-0.0000000101,-0.0000221497,0.0000000101,1.0000000000,0,-84.6,-545.3,1902.2,0,1.0000000000,-0.0000041873,0.0000109943,0.0000041873,1.0000000000,0.0000010761,-0.0000109943,-0.0000010760,1.0000000000,0,100.1,-139.8,1908.2,1,0.9999738336,-0.0014378871,0.0070862928,0.0014333439,0.9999987483,0.0006461794,-0.0070872130,-0.0006360054,0.9999746680,0,100.1,-540.4,1908.2,0,-198.1,-295.2,1828.4,1,214.8,-284.3,1834.8,1,-84.6,-930.4,1902.2,0,100.7,-925.5,1908.5,0,
6,0.9989962578,-0.0031556629,-0.0446707271,0.0156393480,0.9592919946,0.2819817662,0.0419624969,-0.2823974788,0.9583793879,1,0.8,444.5,1744.8,1,0.9989962578,-0.0031556629,-0.0446707271,0.0156393480,0.9592919946,0.2819817662,0.0419624969,-0.2823974788,0.9583793879,1,1.5,245.2,1803.4,1,0.9988747835,-0.0167306457,-0.0443645008,0.0274076182,0.9672565460,0.2523152828,0.0386905298,-0.2532474399,0.9666276574,1,4.8,51.5,1854.1,1,0.2421760410,-0.8757382631,-0.4176522195,0.9383250475,0.1019145846,0.3303930163,-0.2467729151,-0.4719068110,0.8464084268,1,-136.2,241.4,1798.1,1,-0.0317538120,-0.8755682707,-0.4820497036,0.9872325659,0.0478430316,-0.1519308686,0.1560885757,-0.4807195365,0.8628702760,1,-206.1,-29.2,1869.2,1,0.3291454613,0.6077952981,0.7226674557,-0.9240050912,0.0495734066,0.3791531324,0.1946223825,-0.7925449014,0.5779228210,1,139.2,249.0,1808.8,1,-0.0426077619,0.6077690721,0.7929699421,-0.9948340654,0.0473884270,-0.0897749960,-0.0921400636,-0.7926986217,0.6026102304,1,228.3,-1.0,1861.4,1,1.0000000000,0.0000000000,0.0000000001,-0.0000000000,1.0000000000,-0.0000000001,-0.0000000001,0.0000000001,1.0000000000,0,-84.1,-144.8,1901.3,1,1.0000000000,0.0000000020,0.0000199348,-0.0000000020,1.0000000000,-0.0000000091,-0.0000199348,0.0000000091,1.0000000000,0,-84.1,-545.3,1901.3,0,1.0000000000,-0.0000033499,0.0000087955,0.0000033499,1.0000000000,0.0000008608,-0.0000087955,-0.0000008608,1.0000000000,0,100.5,-139.7,1908.4,1,0.9999788404,-0.0012938966,0.0063777179,0.0012902165,0.9999989867,0.0005811048,-0.0063784630,-0.0005728638,0.9999794960,0,100.5,-540.2,1908.4,0,-197.5,-295.3,1827.2,1,216.2,-283.7,1835.2,1,-84.1,-930.4,1901.3,0,101.0,-925.3,1908.7,0,
7,0.9990062714,-0.0021933825,-0.0445063598,0.0147243487,0.9589336514,0.2832469046,0.0420574546,-0.2836208940,0.9580138922,1,1.6,443.8,1744.4,1,0.9990062714,-0.0021933825,-0.0445063598,0.0147243487,0.9589336514,0.2832469046,0.0420574546,-0.2836208940,0.9580138922,1,2.1,244.6,1803.3,1,0.9989058971,-0.0151402233,-0.0442357361,0.0258695986,0.9670737386,0.2531769872,0.0389461406,-0.2540444732,0.9664081931,1,5.1,51.0,1854.2,1,0.2415623367,-0.8755966425,-0.4183040857,0.9390779734,0.1023207381,0.3281205595,-0.2445000708,-0.4720817208,0.8469702601,1,-135.7,241.1,1797.9,1,-0.0286937580,-0.8755869269,-0.4822075665,0.9879285693,0.0486255810,-0.1470804662,0.1522293538,-0.4806069136,0.8636221290,1,-205.0,-28.6,1868.1,1,0.3329503536,0.6090093851,0.7198970318,-0.9207742810,0.0454051346,0.3874443173,0.2032701820,-0.7918623686,0.5758778453,1,139.8,248.2,1808.7,1,-0.0532791391,0.6090314984,0.7913544774,-0.9938851595,0.0444106683,-0.1010935754,-0.0967137516,-0.7919016480,0.6029412746,1,229.6,-0.2,1863.5,1,1.0000000000,0.0000000000,0.0000000001,-0.0000000000,1.0000000000,-0.0000000001,-0.0000000001,0.0000000001,1.0000000000,0,-84.2,-145.1,1901.4,1,1.0000000000,0.0000000018,0.0000179413,-0.0000000018,1.0000000000,-0.0000000081,-0.0000179413,0.0000000081,1.0000000000,0,-84.2,-545.6,1901.4,0,1.0000000000,-0.0000026799,0.0000070364,0.0000026799,1.0000000000,0.0000006887,-0.0000070364,-0.0000006887,1.0000000000,0,100.5,-140.3,1908.6,1,0.9999828339,-0.0011643432,0.0057399878,0.0011613623,0.9999991655,0.0005226242,-0.0057405913,-0.0005159491,0.9999833703,0,100.5,-540.9,1908.6,0,-197.3,-295.7,1827.0,1,214.5,-282.7,1836.0,1,-84.2,-930.8,1901.4,0,100.9,-926.0,1908.8,0,
8,0.9991736412,-0.0047917692,-0.0403475575,0.0159305204,0.9597141743,0.2805252671,0.0373779833,-0.2809363902,0.9589983225,1,0.7,443.0,1745.7,1,0.9991736412,-0.0047917692,-0.0403475575,0.0159305204,0.9597141743,0.2805252671,0.0373779833,-0.2809363902,0.9589983225,1,1.6,244.5,1803.8,1,0.9990832210,-0.0150813553,-0.0400514901,0.0246989019,0.9674600959,0.2518143654,0.0349505916,-0.2525728941,0.9669465423,1,4.7,50.8,1854.4,1,0.2419092655,-0.8765926957,-0.4160108864,0.9408282042,0.1070434004,0.3215338290,-0.2373230159,-0.4691767693,0.8506179452,1,-136.1,241.1,1799.0,1,-0.0262957197,-0.8768444657,-0.4800544083,0.9888880253,0.0474726036,-0.1408790350,0.1463184506,-0.4784245789,0.8658525944,1,-205.0,-26.8,1866.6,1,0.3387747109,0.6068621278,0.7189924121,-0.9173174500,0.0431352407,0.3958132863,0.2091901898,-0.7936358452,0.5712982416,1,139.4,248.0,1808.6,1,-0.0543694086,0.6074940562,0.7924613953,-0.9927043319,0.0526517555,-0.1084701344,-0.1076194271,-0.7925773263,0.6001994014,1,230.8,0.5,1865.1,1,1.0000000000,0.0000000000,0.0000000001,-0.0000000000,1.0000000000,-0.0000000000,-0.0000000001,0.0000000000,1.0000000000,0,-84.7,-145.2,1901.7,1,1.0000000000,0.0000000016,0.0000161472,-0.0000000016,1.0000000000,-0.0000000073,-0.0000161472,0.0000000073,1.0000000000,0,-84.7,-545.8,1901.7,0,1.0000000000,-0.0000021439,0.0000056291,0.0000021439,1.0000000000,0.0000005509,-0.0000056291,-0.0000005509,1.0000000000,0,100.0,-140.7,1908.2,1,0.9999861121,-0.0010477760,0.0051660221,0.0010453615,0.9999993443,0.0004700620,-0.0051665111,-0.0004646551,0.9999865294,0,100.0,-541.2,1908.2,0,-197.9,-295.0,1826.9,1,215.3,-281.7,1834.5,1,-84.7,-930.9,1901.7,0,100.4,-926.3,1908.4,0,
9,0.9989379644,-0.0087575940,-0.0452227779,0.0213180371,0.9581890702,0.2853396237,0.0408331603,-0.2860008180,0.9573590159,1,-0.0,442.6,1744.9,1,0.9989379644,-0.0087575940,-0.0452227779,0.0213180371,0.9581890702,0.2853396237,0.0408331603,-0.2860008180,0.9573590159,1,1.8,244.2,1804.1,1,0.9988604188,-0.0164047517,-0.0448059887,0.0272501130,0.9669639468,0.2534515262,0.0391680487,-0.2543838322,0.9663099051,1,5.1,50.5,1855.0,1,0.2460180968,-0.8739687204,-0.4191108048,0.9388495088,0.1073969379,0.3271507025,-0.2409082502,-0.4739669561,0.8469465971,1,-136.0,240.4,1798.7,1,-0.0308667384,-0.8740419149,-0.4848690331,0.9889889359,0.0435369909,-0.1414403021,0.1447344869,-0.4838958979,0.8630740047,1,-206.0,-26.9,1867.3,1,0.3383710682,0.6079202294,0.7182883620,-0.9189658165,0.0492140055,0.3912541568,0.2025014609,-0.7924715281,0.5753105283,1,139.5,247.9,1809.5,1,-0.0587908216,0.6076683998,0.7920119166,-0.9932823777,0.0436042361,-0.1071862727,-0.0996687785,-0.7929930687,0.6010227203,1,230.6,0.4,1864.0,1,1.0000000000,0.0000000000,0.0000000001,-0.0000000000,1.0000000000,-0.0000000000,-0.0000000001,0.0000000000,1.0000000000,0,-84.0,-145.6,1902.4,1,1.0000000000,0.0000000014,0.0000145324,-0.0000000014,1.0000000000,-0.0000000066,-0.0000145324,0.0000000066,1.0000000000,0,-84.0,-546.2,1902.4,0,1.0000000000,-0.0000017151,0.0000045033,0.0000017151,1.0000000000,0.0000004407,-0.0000045033,-0.0000004407,1.0000000000,0,100.7,-140.6,1909.6,1,0.9999887347,-0.0009428906,0.0046494468,0.0009409349,0.9999994636,0.0004228129,-0.0046498426,-0.0004184333,0.9999890924,0,100.7,-541.1,1909.6,0,-197.6,-295.6,1828.0,1,213.9,-281.9,1835.7,1,-84.0,-931.3,1902.4,0,101.0,-926.3,1909.8,0,
10,0.9988905787,-0.0037900116,-0.0469247885,0.0171066094,0.9578422904,0.2867840528,0.0438597053,-0.2872687876,0.9568454027,1,0.1,442.1,1744.4,1,0.9988905787,-0.0037900116,-0.0469247885,0.0171066094,0.9578422904,0.2867840528,0.0438597053,-0.2872687876,0.9568454027,1,0.9,243.9,1803.9,1,0.9987884164,-0.0157479979,-0.0466091521,0.0271693729,0.9663745165,0.2556983829,0.0410152413,-0.2566550970,0.9656324387,1,4.0,50.4,1855.3,1,0.2420099378,-0.8738995790,-0.4215813875,0.9398322701,0.1031502336,0.3256922960,-0.2411361039,-0.4750365615,0.8462823033,1,-136.8,240.2,1798.2,1,-0.0301642492,-0.8738970757,-0.4851740003,0.9888539314,0.0447130799,-0.1420164108,0.1458013654,-0.4840500355,0.8628078103,1,-205.5,-26.4,1866.6,1,0.3354246616,0.6077277660,0.7198314667,-0.9212748408,0.0519589782,0.3854255974,0.1968320757,-0.7924438715,0.5773126483,1,138.6,247.7,1809.5,1,-0.0567014180,0.6071007252,0.7925994396,-0.9941052794,0.0391494073,-0.1011038050,-0.0924099758,-0.7936599851,0.6013022065,1,229.5,-2.1,1862.9,1,1.0000000000,0.0000000000,0.0000000001,-0.0000000000,1.0000000000,-0.0000000000,-0.0000000001,0.0000000000,1.0000000000,0,-85.1,-145.6,1902.9,1,1.0000000000,0.0000000013,0.0000130792,-0.0000000013,1.0000000000,-0.0000000059,-0.0000130792,0.0000000059,1.0000000000,0,-85.1,-546.2,1902.9,0,1.0000000000,-0.0000013721,0.0000036026,0.0000013721,1.0000000000,0.0000003526,-0.0000036026,-0.0000003526,1.0000000000,0,99.5,-140.6,1910.5,1,0.9999908805,-0.0008485143,0.0041845236,0.0008469301,0.9999995828,0.0003803349,-0.0041848449,-0.0003767874,0.9999911785,0,99.5,-541.1,1910.5,0,-197.3,-295.8,1826.9,1,213.4,-284.6,1836.6,1,-85.1,-931.3,1902.9,0,99.8,-926.3,1910.6,0,
11,0.9990388751,0.0014806784,-0.0437930226,0.0111436555,0.9579838514,0.2866048217,0.0423774533,-0.2868175507,0.9570474625,1,2.0,442.7,1744.7,1,0.9990388751,0.0014806784,-0.0437930226,0.0111436555,0.9579838514,0.2866048217,0.0423774533,-0.2868175507,0.9570474625,1,1.7,244.5,1804.1,1,0.9989483356,-0.0142139755,-0.0435762219,0.0248311106,0.9669297338,0.2538305521,0.0385272801,-0.2546458244,0.9662666321,1,4.6,50.9,1855.1,1,0.2491283417,-0.8736242056,-0.4179902375,0.9382969737,0.1108342931,0.3275887966,-0.2398618013,-0.4738106430,0.8473310471,1,-136.0,241.1,1798.7,1,-0.0318037160,-0.8737251163,-0.4853790700,0.9886964560,0.0436880216,-0.1434250921,0.1465193778,-0.4844540060,0.8624594212,1,-206.8,-25.2,1866.8,1,0.3267898858,0.6085658669,0.7230877280,-0.9238937497,0.0445509553,0.3800465465,0.1990691125,-0.7922515869,0.5768091083,1,139.4,247.9,1809.4,1,-0.0444710851,0.6090553999,0.7918799520,-0.9938921928,0.0531638190,-0.0967055410,-0.1009983942,-0.7913438678,0.6029711366,1,228.4,-3.4,1863.5,1,1.0000000000,0.0000000000,0.0000000000,-0.0000000000,1.0000000000,-0.0000000000,-0.0000000000,0.0000000000,1.0000000000,0,-84.9,-145.1,1902.5,1,1.0000000000,0.0000000012,0.0000117713,-0.0000000012,1.0000000000,-0.0000000053,-0.0000117713,0.0000000053,1.0000000000,0,-84.9,-545.6,1902.5,0,1.0000000000,-0.0000010977,0.0000028821,0.0000010977,1.0000000000,0.0000002821,-0.0000028821,-0.0000002821,1.0000000000,0,99.7,-140.5,1909.6,1,0.9999926090,-0.0007635921,0.0037660885,0.0007623089,0.9999996424,0.0003421420,-0.0037663484,-0.0003392685,0.9999928474,0,99.7,-541.0,1909.6,0,-198.1,-294.6,1826.9,1,215.7,-285.9,1834.8,1,-84.9,-930.7,1902.5,0,100.0,-926.1,1909.7,0,
12,0.9990954995,0.0064089885,-0.0420243293,0.0059237350,0.9579358101,0.2869208753,0.0420955569,-0.2869104445,0.9570321441,1,2.4,443.4,1744.9,1,0.9990954995,0.0064089885,-0.0420243293,0.0059237350,0.9579358101,0.2869208753,0.0420955569,-0.2869104445,0.9570321441,1,1.1,245.2,1804.2,1,0.9990512729,-0.0116950301,-0.0419347398,0.0219925921,0.9668751955,0.2542996109,0.0375716984,-0.2549807429,0.9662159681,1,3.4,51.6,1855.3,1,0.2439436615,-0.8751260042,-0.4179066718,0.9402883053,0.1079556718,0.3228055239,-0.2373801023,-0.4716991186,0.8492059112,1,-136.7,242.2,1799.1,1,-0.0307436064,-0.8751955628,-0.4827913940,0.9885255098,0.0448455103,-0.1442433298,0.1478921324,-0.4816861749,0.8637744784,1,-205.9,-24.6,1866.4,1,0.3279488087,0.6067942381,0.7240514755,-0.9238231778,0.0457721949,0.3800731599,0.1974847019,-0.7935400605,0.5755815506,1,138.9,248.3,1809.4,1,-0.0448124632,0.6070742607,0.7933805585,-0.9941282868,0.0511999428,-0.0953281596,-0.0984923095,-0.7929939032,0.6012153029,1,228.4,-4.1,1863.4,1,1.0000000000,0.0000000000,0.0000000000,-0.0000000000,1.0000000000,-0.0000000000,-0.0000000000,0.0000000000,1.0000000000,0,-86.6,-144.1,1902.9,1,1.0000000000,0.0000000010,0.0000105942,-0.0000000010,1.0000000000,-0.0000000048,-0.0000105942,0.0000000048,1.0000000000,0,-86.6,-544.6,1902.9,0,1.0000000000,-0.0000008781,0.0000023057,0.0000008781,1.0000000000,0.0000002257,-0.0000023057,-0.0000002257,1.0000000000,0,98.1,-140.0,1909.8,1,0.9999940395,-0.0006871755,0.0033894926,0.0006861361,0.9999997020,0.0003077986,-0.0033897031,-0.0003054711,0.9999942183,0,98.1,-540.5,1909.8,0,-197.5,-294.9,1826.0,1,215.7,-286.6,1835.4,1,-86.6,-929.7,1902.9,0,98.4,-925.7,1910.0,0,
13,0.9991628528,0.0046588611,-0.0406277962,0.0071728169,0.9581223726,0.2862684131,0.0402601622,-0.2863203287,0.9572877884,1,2.3,442.7,1744.9,1,0.9991628528,0.0046588611,-0.0406277962,0.0071728169,0.9581223726,0.2862684131,0.0402601622,-0.2863203287,0.9572877884,1,1.3,244.4,1804.2,1,0.9991240501,-0.0103380475,-0.0405338965,0.0203269869,0.9668744206,0.2544409633,0.0365608484,-0.2550421655,0.9662385583,1,3.4,50.7,1855.3,1,0.2481335998,-0.8751858473,-0.4153063893,0.9381688237,0.1102745235,0.3281444609,-0.2413896769,-0.4710511863,0.8484348655,1,-136.5,241.6,1799.2,1,-0.0359749757,-0.8749766350,-0.4828268290,0.9869381785,0.0448107049,-0.1547416151,0.1570310891,-0.4820870757,0.8619357944,1,-206.9,-24.8,1867.7,1,0.3181641102,0.6077135801,0.7276372313,-0.9273323417,0.0399720520,0.3720979989,0.1970438361,-0.7931497693,0.5762701631,1,139.1,247.2,1809.3,1,-0.0403309129,0.6082022190,0.7927568555,-0.9947535992,0.0502115712,-0.0891296193,-0.0940143988,-0.7921924591,0.6029862761,1,225.7,-5.4,1862.9,1,1.0000000000,0.0000000000,0.0000000000,-0.0000000000,1.0000000000,-0.0000000000,-0.0000000000,0.0000000000,1.0000000000,0,-86.9,-144.8,1903.0,1,1.0000000000,0.0000000009,0.0000095347,-0.0000000009,1.0000000000,-0.0000000043,-0.0000095347,0.0000000043,1.0000000000,0,-86.9,-545.3,1903.0,0,1.0000000000,-0.0000007025,0.0000018445,0.0000007025,1.0000000000,0.0000001805,-0.0000018445,-0.0000001805,1.0000000000,0,97.8,-141.0,1909.8,1,0.9999951720,-0.0006184115,0.0030505543,0.0006175695,0.9999997616,0.0002769142,-0.0030507247,-0.0002750289,0.9999952912,0,97.8,-541.6,1909.8,0,-197.1,-295.2,1824.7,1,214.3,-288.2,1836.2,1,-86.9,-930.4,1903.0,0,98.0,-926.7,1909.9,0,
14,0.9990504980,0.0051219584,-0.0432494022,0.0076045226,0.9572894573,0.2890302539,0.0428826809,-0.2890849113,0.9563426375,1,2.7,442.4,1744.5,1,0.9990504980,0.0051219584,-0.0432494022,0.0076045226,0.9572894573,0.2890302539,0.0428826809,-0.2890849113,0.9563426375,1,1.6,244.3,1804.3,1,0.9990252256,-0.0090885730,-0.0431818888,0.0198697075,0.9663954377,0.2562898993,0.0394015573,-0.2568982542,0.9656350017,1,3.4,50.8,1855.7,1,0.2505723536,-0.8738746047,-0.4166013896,0.9363352060,0.1094375849,0.3336162567,-0.2459469140,-0.4736735523,0.8456615806,1,-136.1,241.6,1798.8,1,-0.0373959430,-0.8735647202,-0.4852693379,0.9867330194,0.0444934890,-0.1561354697,0.1579857469,-0.4846701324,0.8603112698,1,-207.5,-24.9,1868.8,1,0.3027457893,0.6109765172,0.7314730883,-0.9334792495,0.0352704525,0.3568928838,0.1922537237,-0.7908627987,0.5810118318,1,139.4,247.1,1809.7,1,-0.0306987353,0.6117563844,0.7904503345,-0.9951504469,0.0552315339,-0.0813942477,-0.0934512317,-0.7891156673,0.6070941091,1,222.5,-9.3,1862.5,1,1.0000000000,0.0000000000,0.0000000000,-0.0000000000,1.0000000000,-0.0000000000,-0.0000000000,0.0000000000,1.0000000000,0,-87.1,-144.6,1903.5,1,1.0000000000,0.0000000008,0.0000085813,-0.0000000008,1.0000000000,-0.0000000039,-0.0000085813,0.0000000039,1.0000000000,0,-87.1,-545.1,1903.5,0,1.0000000000,-0.0000005620,0.0000014756,0.0000005620,1.0000000000,0.0000001444,-0.0000014756,-0.0000001444,1.0000000000,0,97.6,-140.9,1910.8,1,0.9999960661,-0.0005565328,0.0027455080,0.0005558508,0.9999998212,0.0002491380,-0.0027456463,-0.0002476109,0.9999961853,0,97.6,-541.4,1910.8,0,-197.2,-295.2,1825.6,1,213.8,-292.1,1835.9,1,-87.1,-930.2,1903.5,0,97.8,-926.5,1910.9,0,
15,0.9990977049,0.0045584817,-0.0422105752,0.0078188227,0.9574586749,0.2884635329,0.0417299196,-0.2885334492,0.9565600753,1,2.1,441.9,1744.7,1,0.9990977049,0.0045584817,-0.0422105752,0.0078188227,0.9574586749,0.2884635329,0.0417299196,-0.2885334492,0.9565600753,1,1.2,243.9,1804.4,1,0.9990458488,-0.0116016949,-0.0420888066,0.0219767075,0.9666386843,0.2551982999,0.0377240218,-0.2558799386,0.9659723043,1,3.5,50.3,1855.7,1,0.2513072491,-0.8738914728,-0.4161230922,0.9370015264,0.1118785143,0.3309251070,-0.2426374257,-0.4730718732,0.8469534516,1,-136.6,240.9,1799.2,1,-0.0383615531,-0.8735782504,-0.4851693809,0.9869411588,0.0428917632,-0.1552651972,0.1564460695,-0.4847898483,0.8605250716,1,-207.7,-24.5,1867.9,1,0.3108902574,0.6092064977,0.7295304537,-0.9304462075,0.0384454578,0.3644061685,0.1939515024,-0.7920791507,0.5787861943,1,138.9,246.9,1809.6,1,-0.0337019674,0.6100094318,0.7916770577,-0.9945602417,0.0576465353,-0.0867570564,-0.0985600725,-0.7902944088,0.6047483683,1,224.3,-8.5,1862.9,1,1.0000000000,0.0000000000,0.0000000000,-0.0000000000,1.0000000000,-0.0000000000,-0.0000000000,0.0000000000,1.0000000000,0,-86.5,-145.3,1903.4,1,1.0000000000,0.0000000008,0.0000077231,-0.0000000008,1.0000000000,-0.0000000035,-0.0000077231,0.0000000035,1.0000000000,0,-86.5,-545.8,1903.4,0,1.0000000000,-0.0000004496,0.0000011805,0.0000004496,1.0000000000,0.0000001155,-0.0000011805,-0.0000001155,1.0000000000,0,98.2,-141.2,1910.4,1,0.9999968410,-0.0005008490,0.0024709648,0.0005002966,0.9999998212,0.0002241556,-0.0024710766,-0.0002229186,0.9999969006,0,98.2,-541.8,1910.4,0,-197.2,-294.9,1825.1,1,214.7,-291.2,1834.9,1,-86.5,-931.0,1903.4,0,98.4,-926.9,1910.5,0,
16,0.9989191294,0.0028397897,-0.0463826731,0.0114276214,0.9524679780,0.3044233322,0.0450425893,-0.3046244979,0.9514068961,1,1.8,440.5,1739.9,1,0.9989191294,0.0028397897,-0.0463826731,0.0114276214,0.9524679780,0.3044233322,0.0450425893,-0.3046244979,0.9514068961,1,1.2,243.3,1803.0,1,0.9988576770,-0.0121788392,-0.0461930558,0.0240306426,0.9638063312,0.2655171454,0.0412875600,-0.2663240433,0.9629989266,1,3.7,50.3,1856.3,1,0.2505703270,-0.8718797565,-0.4207616448,0.9357612133,0.1067333817,0.3360936940,-0.2481239438,-0.4779475331,0.8426154256,1,-136.5,240.0,1797.3,1,-0.0375837870,-0.8715003133,-0.4889526665,0.9874789119,0.0426280610,-0.1518828869,0.1532091051,-0.4885387719,0.8589859009,1,-207.4,-24.7,1867.5,1,0.3196076155,0.6088827252,0.7260254025,-0.9265908003,0.0405685753,0.3738766909,0.1981932074,-0.7922223210,0.5771510601,1,139.0,246.6,1808.7,1,-0.0446153097,0.6093764901,0.7916247845,-0.9942203760,0.0503714606,-0.0948083401,-0.0976492614,-0.7912793756,0.6036071181,1,226.4,-6.8,1862.9,1,1.0000000000,0.0000000000,0.0000000000,-0.0000000000,1.0000000000,-0.0000000000,-0.0000000000,0.0000000000,1.0000000000,0,-86.2,-144.9,1905.8,1,1.0000000000,0.0000000007,0.0000069508,-0.0000000007,1.0000000000,-0.0000000032,-0.0000069508,0.0000000032,1.0000000000,0,-86.2,-545.4,1905.8,0,1.0000000000,-0.0000003597,0.0000009444,0.0000003597,1.0000000000,0.0000000924,-0.0000009444,-0.0000000924,1.0000000000,0,98.4,-140.5,1913.4,1,0.9999974370,-0.0004507394,0.0022238737,0.0004502919,0.9999998808,0.0002016844,-0.0022239645,-0.0002006825,0.9999974966,0,98.4,-541.0,1913.4,0,-197.1,-295.3,1825.5,1,213.7,-289.4,1835.1,1,-86.2,-930.6,1905.8,0,98.6,-926.1,1913.5,0,
17,0.9987420440,0.0027998616,-0.0500529073,0.0122903651,0.9542933702,0.2986175716,0.0486013368,-0.2988573015,0.9530594349,1,1.5,440.7,1741.5,1,0.9987420440,0.0027998616,-0.0500529073,0.0122903651,0.9542933702,0.2986175716,0.0486013368,-0.2988573015,0.9530594349,1,0.9,242.9,1803.4,1,0.9986777306,-0.0124248350,-0.0498718806,0.0251109991,0.9645975232,0.2625272274,0.0448445305,-0.2634326220,0.9636349678,1,3.4,49.8,1856.1,1,0.2489048392,-0.8710132837,-0.4235353768,0.9363385439,0.1046017259,0.3351543844,-0.2476213723,-0.4799940586,0.8415992856,1,-136.8,239.5,1797.2,1,-0.0368593782,-0.8706900477,-0.4904491603,0.9881419539,0.0414469652,-0.1478435695,0.1490535438,-0.4900828004,0.8588375449,1,-207.2,-25.4,1867.2,1,0.3158414364,0.6124477386,0.7246737480,-0.9282256961,0.0412116796,0.3697279394,0.1965740025,-0.7894361615,0.5815060139,1,138.6,246.4,1809.6,1,-0.0380633958,0.6132052541,0.7890060544,-0.9940471649,0.0574278757,-0.0925872251,-0.1020859107,-0.7878333926,0.6073689461,1,225.4,-8.6,1863.6,1,1.0000000000,0.0000000000,0.0000000000,-0.0000000000,1.0000000000,-0.0000000000,-0.0000000000,0.0000000000,1.0000000000,0,-86.4,-145.7,1904.7,1,1.0000000000,0.0000000006,0.0000062557,-0.0000000006,1.0000000000,-0.0000000028,-0.0000062557,0.0000000028,1.0000000000,0,-86.4,-546.3,1904.7,0,1.0000000000,-0.0000002878,0.0000007555,0.0000002878,1.0000000000,0.0000000739,-0.0000007555,-0.0000000739,1.0000000000,0,98.2,-141.1,1913.0,1,0.9999979138,-0.0004056454,0.0020014911,0.0004052830,0.9999998808,0.0001814710,-0.0020015647,-0.0001806594,0.9999979734,0,98.2,-541.6,1913.0,0,-197.1,-295.8,1826.4,1,214.6,-291.1,1834.5,1,-86.4,-931.4,1904.7,0,98.4,-926.7,1913.1,0,
18,0.9989786148,-0.0059043244,-0.0447840430,0.0188641325,0.9553610682,0.2948369086,0.0410442017,-0.2953807712,0.9544975758,1,-1.5,441.7,1742.2,1,0.9989786148,-0.0059043244,-0.0447840430,0.0188641325,0.9553610682,0.2948369086,0.0410442017,-0.2953807712,0.9544975758,1,-0.3,243.7,1803.5,1,0.9988607168,-0.0175293367,-0.0443704054,0.0285253040,0.9649328589,0.2609412372,0.0382404253,-0.2619098127,0.9643344879,1,3.2,50.5,1855.9,1,0.2438231856,-0.8740870357,-0.4201453328,0.9387992620,0.1040330157,0.3283794820,-0.2433232665,-0.4744986594,0.8459579349,1,-138.0,239.8,1798.2,1,-0.0368181728,-0.8737598062,-0.4849620759,0.9881275296,0.0406030603,-0.1481731981,0.1491587162,-0.4846598506,0.8618912697,1,-207.1,-26.2,1867.1,1,0.3251462877,0.6091684103,0.7233214378,-0.9231046438,0.0383809507,0.3826287985,0.2053235769,-0.7921116948,0.5748055577,1,137.4,247.6,1808.7,1,-0.0501334630,0.6100907326,0.7907439470,-0.9930605292,0.0538844205,-0.1045343801,-0.1063842401,-0.7904973030,0.6031554937,1,226.9,-6.4,1865.2,1,1.0000000000,0.0000000000,0.0000000000,-0.0000000000,1.0000000000,-0.0000000000,-0.0000000000,0.0000000000,1.0000000000,0,-85.6,-145.4,1904.8,1,1.0000000000,0.0000000006,0.0000056302,-0.0000000006,1.0000000000,-0.0000000026,-0.0000056302,0.0000000026,1.0000000000,0,-85.6,-545.9,1904.8,0,1.0000000000,-0.0000002302,0.0000006044,0.0000002302,1.0000000000,0.0000000592,-0.0000006044,-0.0000000592,1.0000000000,0,99.1,-140.1,1911.9,1,0.9999983311,-0.0003650646,0.0018013460,0.0003647711,0.9999999404,0.0001632874,-0.0018014053,-0.0001626300,0.9999983907,0,99.1,-540.7,1911.9,0,-197.0,-295.9,1826.4,1,212.7,-288.7,1835.0,1,-85.6,-931.0,1904.8,0,99.2,-925.8,1912.0,0,
19,0.9991095066,-0.0089001218,-0.0412249751,0.0204123575,0.9574111700,0.2880048454,0.0369060449,-0.2885901034,0.9567412138,1,-2.6,444.6,1743.6,1,0.9991095066,-0.0089001218,-0.0412249751,0.0204123575,0.9574111700,0.2880048454,0.0369060449,-0.2885901034,0.9567412138,1,-0.8,245.8,1803.5,1,0.9989824295,-0.0192732103,-0.0407587811,0.0290926937,0.9661924243,0.2561744153,0.0344436020,-0.2570997179,0.9657709002,1,3.1,52.3,1855.0,1,0.2381843776,-0.8768237233,-0.4176704586,0.9413471222,0.1025814414,0.3214696348,-0.2390269339,-0.4697419405,0.8498287201,1,-138.5,241.8,1798.8,1,-0.0273124687,-0.8768678308,-0.4799551964,0.9879353642,0.0495405942,-0.1467293203,0.1524394751,-0.4781722724,0.8649355769,1,-206.6,-27.1,1867.1,1,0.3366875648,0.6054840684,0.7211313844,-0.9189307690,0.0441885442,0.3919356763,0.2054450661,-0.7946296930,0.5712757111,1,137.0,249.8,1808.3,1,-0.0564448871,0.6056177616,0.7937513590,-0.9934046268,0.0454067625,-0.1052870899,-0.0998053923,-0.7944592237,0.5990605354,1,229.0,-1.2,1864.4,1,1.0000000000,0.0000000000,0.0000000000,-0.0000000000,1.0000000000,-0.0000000000,-0.0000000000,0.0000000000,1.0000000000,0,-85.4,-143.8,1903.3,1,1.0000000000,0.0000000005,0.0000050671,-0.0000000005,1.0000000000,-0.0000000023,-0.0000050671,0.0000000023,1.0000000000,0,-85.4,-544.4,1903.3,0,1.0000000000,-0.0000001842,0.0000004835,0.0000001842,1.0000000000,0.0000000473,-0.0000004835,-0.0000000473,1.0000000000,0,99.3,-138.5,1909.7,1,0.9999986291,-0.0003285450,0.0016212141,0.0003283072,0.9999999404,0.0001469291,-0.0016212623,-0.0001463966,0.9999986887,0,99.3,-539.0,1909.7,0,-199.1,-296.4,1825.5,1,212.9,-283.6,1836.0,1,-85.4,-929.5,1903.3,0,99.4,-924.1,1909.7,0,
20,0.9990233779,-0.0100001348,-0.0430234410,0.0219490826,0.9576572180,0.2870721817,0.0383310281,-0.2877363265,0.9569423199,1,-2.6,443.9,1744.3,1,0.9990233779,-0.0100001348,-0.0430234410,0.0219490826,0.9576572180,0.2870721817,0.0383310281,-0.2877363265,0.9569423199,1,-0.5,245.8,1803.8,1,0.9988910556,-0.0201444086,-0.0425381437,0.0303908102,0.9661720991,0.2561004758,0.0359402597,-0.2571094632,0.9657137394,1,3.5,52.3,1855.3,1,0.2401145399,-0.8756476641,-0.4190301895,0.9409561157,0.1038326994,0.3222116530,-0.2386348099,-0.4716567099,0.8488777280,1,-138.2,241.6,1798.9,1,-0.0305943266,-0.8756170869,-0.4820360839,0.9887158275,0.0442436039,-0.1431211233,0.1466463059,-0.4809754193,0.8643827438,1,-206.8,-27.0,1867.0,1,0.3445517123,0.6047075987,0.7180619836,-0.9162573814,0.0501233190,0.3974421322,0.2043445855,-0.7948689461,0.5713377595,1,137.3,250.0,1808.8,1,-0.0619523302,0.6041877270,0.7944300175,-0.9932822585,0.0406211317,-0.1083530709,-0.0977362469,-0.7958059907,0.5976123214,1,230.3,2.6,1864.0,1,1.0000000000,0.0000000000,0.0000000000,-0.0000000000,1.0000000000,-0.0000000000,-0.0000000000,0.0000000000,1.0000000000,0,-84.7,-144.0,1903.5,1,1.0000000000,0.0000000005,0.0000045604,-0.0000000005,1.0000000000,-0.0000000021,-0.0000045604,0.0000000021,1.0000000000,0,-84.7,-544.5,1903.5,0,1.0000000000,-0.0000001473,0.0000003868,0.0000001473,1.0000000000,0.0000000379,-0.0000003868,-0.0000000379,1.0000000000,0,99.9,-138.4,1910.1,1,0.9999988675,-0.0002956798,0.0014590948,0.0002954872,0.9999999404,0.0001322122,-0.0014591339,-0.0001317809,0.9999989271,0,99.9,-538.9,1910.1,0,-198.5,-296.2,1827.1,1,212.7,-279.7,1836.2,1,-84.7,-929.6,1903.5,0,100.0,-924.0,1910.2,0,
21,0.9990283847,-0.0111185275,-0.0426305942,0.0228797086,0.9578501582,0.2863548398,0.0376499481,-0.2870522141,0.9571747184,1,-1.7,443.2,1745.2,1,0.9990283847,-0.0111185275,-0.0426305942,0.0228797086,0.9578501582,0.2863548398,0.0376499481,-0.2870522141,0.9571747184,1,0.6,245.0,1804.6,1,0.9989026189,-0.0204542223,-0.0421170145,0.0305435769,0.9664441943,0.2550534308,0.0354869030,-0.2560601532,0.9660092592,1,4.7,51.4,1855.9,1,0.2450763881,-0.8750091195,-0.4174884856,0.9392820001,0.1076142341,0.3258351684,-0.2401810139,-0.4719939232,0.8482540250,1,-137.2,240.8,1799.7,1,-0.0329752378,-0.8748790026,-0.4832176566,0.9876281619,0.0456381366,-0.1500257999,0.1533075869,-0.4821864963,0.8625501990,1,-206.9,-26.5,1868.0,1,0.3405791819,0.6034910679,0.7209746242,-0.9193964601,0.0532888025,0.3897057474,0.1967640668,-0.7955871820,0.5729965568,1,138.3,249.2,1809.5,1,-0.0581255294,0.6028106809,0.7957642078,-0.9938752651,0.0401016548,-0.1029742807,-0.0939854532,-0.7968757749,0.5967878103,1,229.9,2.0,1862.4,1,1.0000000000,0.0000000000,0.0000000000,-0.0000000000,1.0000000000,-0.0000000000,-0.0000000000,0.0000000000,1.0000000000,0,-83.5,-144.9,1903.9,1,1.0000000000,0.0000000004,0.0000041044,-0.0000000004,1.0000000000,-0.0000000019,-0.0000041044,0.0000000019,1.0000000000,0,-83.5,-545.5,1903.9,0,1.0000000000,-0.0000001179,0.0000003095,0.0000001179,1.0000000000,0.0000000303,-0.0000003095,-0.0000000303,1.0000000000,0,101.1,-139.3,1910.4,1,0.9999991059,-0.0002661032,0.0013131872,0.0002659472,0.9999999404,0.0001189716,-0.0013132188,-0.0001186222,0.9999991059,0,101.1,-539.8,1910.4,0,-197.9,-295.5,1826.3,1,213.4,-280.5,1835.7,1,-83.5,-930.6,1903.9,0,101.2,-924.9,1910.5,0,
22,0.9989253879,-0.0117418654,-0.0448207781,0.0241561458,0.9574644566,0.2875374854,0.0395381488,-0.2883114219,0.9567201138,1,-1.7,442.6,1744.6,1,0.9989253879,-0.0117418654,-0.0448207781,0.0241561458,0.9574644566,0.2875374854,0.0395381488,-0.2883114219,0.9567201138,1,0.7,244.5,1804.3,1,0.9987992644,-0.0209554881,-0.0442670248,0.0315762796,0.9664369822,0.2549550235,0.0374386609,-0.2560468912,0.9659391046,1,4.9,51.0,1855.5,1,0.2466847897,-0.8733378649,-0.4200328588,0.9398978353,0.1100203097,0.3232452571,-0.2360901386,-0.4745276570,0.8479887843,1,-137.0,240.2,1799.1,1,-0.0344234407,-0.8732100129,-0.4861266613,0.9881832600,0.0429555923,-0.1471343488,0.1493610442,-0.4854471087,0.8614130020,1,-206.9,-26.3,1866.0,1,0.3421443105,0.6045606732,0.7193356156,-0.9188542962,0.0551055968,0.3907301724,0.1965806633,-0.7946507335,0.5743572712,1,138.4,248.9,1809.4,1,-0.0598309226,0.6038070917,0.7948819995,-0.9931811690,0.0438109636,-0.1080365553,-0.1000577733,-0.7959257960,0.5970684886,1,230.8,0.9,1862.5,1,1.0000000000,0.0000000000,0.0000000000,-0.0000000000,1.0000000000,-0.0000000000,-0.0000000000,0.0000000000,1.0000000000,0,-83.2,-145.5,1903.3,1,1.0000000000,0.0000000004,0.0000036940,-0.0000000004,1.0000000000,-0.0000000017,-0.0000036940,0.0000000017,1.0000000000,0,-83.2,-546.0,1903.3,0,1.0000000000,-0.0000000943,0.0000002476,0.0000000943,1.0000000000,0.0000000242,-0.0000002476,-0.0000000242,1.0000000000,0,101.4,-139.7,1910.3,1,0.9999992847,-0.0002394858,0.0011818700,0.0002393595,0.9999999404,0.0001070587,-0.0011818956,-0.0001067757,0.9999992847,0,101.4,-540.2,1910.3,0,-197.6,-295.1,1825.4,1,213.8,-281.4,1834.0,1,-83.2,-931.1,1903.3,0,101.5,-925.3,1910.3,0,
23,0.9987770915,-0.0119797103,-0.0479547605,0.0253161155,0.9572551847,0.2881339788,0.0424532592,-0.2889958620,0.9563885927,1,-2.0,442.3,1744.3,1,0.9987770915,-0.0119797103,-0.0479547605,0.0253161155,0.9572551847,0.2881339788,0.0424532592,-0.2889958620,0.9563885927,1,0.5,244.1,1804.1,1,0.9986248612,-0.0223921873,-0.0473895594,0.0338322222,0.9659491777,0.2565094829,0.0400321819,-0.2577602565,0.9653792381,1,5.0,50.7,1855.8,1,0.2418157011,-0.8732417822,-0.4230533838,0.9405179024,0.1037079096,0.3235287368,-0.2386447787,-0.4761236310,0.8463776112,1,-137.2,239.4,1798.6,1,-0.0217550676,-0.8735190034,-0.4863037169,0.9891615510,0.0518433973,-0.1373739839,0.1452104002,-0.4840215147,0.8629236221,1,-205.5,-26.1,1866.0,1,0.3361340463,0.6069115400,0.7201891541,-0.9215274453,0.0540828705,0.3845285475,0.1944248974,-0.7929272056,0.5774647593,1,138.2,248.8,1809.7,1,-0.0573486723,0.6062208414,0.7932259440,-0.9935279489,0.0433754958,-0.1049797162,-0.0980474651,-0.7941125631,0.5998098254,1,229.6,-1.7,1862.5,1,1.0000000000,0.0000000000,0.0000000000,-0.0000000000,1.0000000000,-0.0000000000,-0.0000000000,0.0000000000,1.0000000000,0,-82.8,-145.9,1903.7,1,1.0000000000,0.0000000003,0.0000033246,-0.0000000003,1.0000000000,-0.0000000015,-0.0000033246,0.0000000015,1.0000000000,0,-82.8,-546.4,1903.7,0,1.0000000000,-0.0000000754,0.0000001981,0.0000000754,1.0000000000,0.0000000194,-0.0000001981,-0.0000000194,1.0000000000,0,101.8,-139.7,1911.1,1,0.9999994040,-0.0002155316,0.0010636841,0.0002154292,1.0000000000,0.0000963401,-0.0010637048,-0.0000961109,0.9999994040,0,101.8,-540.2,1911.1,0,-199.5,-296.2,1826.4,1,213.3,-284.1,1834.6,1,-82.8,-931.6,1903.7,0,101.9,-925.3,1911.1,0,
24,0.9986303449,-0.0128584532,-0.0507043377,0.0269355606,0.9573351741,0.2877209187,0.0448414795,-0.2886928022,0.9563711286,1,-1.2,442.1,1744.7,1,0.9986303449,-0.0128584532,-0.0507043377,0.0269355606,0.9573351741,0.2877209187,0.0448414795,-0.2886928022,0.9563711286,1,1.5,244.0,1804.4,1,0.9984521270,-0.0241780560,-0.0500750542,0.0361892767,0.9662533998,0.2550376058,0.0422189645,-0.2564552426,0.9656336308,1,6.3,50.5,1855.8,1,0.2461614013,-0.8713219166,-0.4245027304,0.9394205809,0.1067045033,0.3257344365,-0.2385232002,-0.4789698422,0.8448044658,1,-136.2,239.0,1798.6,1,-0.0256455913,-0.8714823723,-0.4897559583,0.9886543751,0.0504225492,-0.1414928883,0.1480032802,-0.4878280461,0.8603016138,1,-205.2,-24.6,1865.5,1,0.3375485241,0.6085664034,0.7181281447,-0.9211235642,0.0564092845,0.3851613402,0.1938871294,-0.7914954424,0.5796058178,1,139.2,249.0,1810.2,1,-0.0574663132,0.6078836918,0.7919438481,-0.9937101603,0.0415404253,-0.1039929762,-0.0961133167,-0.7929387093,0.6016730070,1,230.3,0.2,1862.6,1,1.0000000000,0.0000000000,0.0000000000,-0.0000000000,1.0000000000,-0.0000000000,-0.0000000000,0.0000000000,1.0000000000,0,-81.1,-146.4,1903.2,1,1.0000000000,0.0000000003,0.0000029921,-0.0000000003,1.0000000000,-0.0000000014,-0.0000029921,0.0000000014,1.0000000000,0,-81.1,-546.9,1903.2,0,1.0000000000,-0.0000000603,0.0000001584,0.0000000603,1.0000000000,0.0000000155,-0.0000001584,-0.0000000155,1.0000000000,0,103.5,-139.7,1911.0,1,0.9999995232,-0.0001939738,0.0009573166,0.0001938909,1.0000000000,0.0000866958,-0.0009573334,-0.0000865101,0.9999995232,0,103.5,-540.2,1911.0,0,-198.2,-296.0,1824.9,1,214.0,-282.2,1835.3,1,-81.1,-932.0,1903.2,0,103.5,-925.4,1911.1,0,
