1,0.9979245663,0.0381458625,0.0518289767,-0.0544991232,0.9292390943,0.3654234409,-0.0342227146,-0.3674897850,0.9293941259,1,13.5,433.5,1732.4,1,0.9979245663,0.0381458625,0.0518289767,-0.0544991232,0.9292390943,0.3654234409,-0.0342227146,-0.3674897850,0.9293941259,1,5.5,239.2,1809.2,1,0.9980291724,0.0391608030,0.0489790812,-0.0519506373,0.9537664652,0.2960068882,-0.0351233147,-0.2979681492,0.9539260864,1,-2.3,48.4,1868.8,1,0.3006507754,-0.3334384263,-0.8935479522,0.9199530482,-0.1457546353,0.3639255166,-0.2515854836,-0.9314366579,0.2629265189,1,-133.1,246.4,1814.1,1,-0.2971139550,-0.3334384561,-0.8947302699,0.9538776278,-0.1457546353,-0.2624368370,-0.0429045409,-0.9314368367,0.3613651991,1,-211.1,7.6,1879.4,1,0.3260649145,0.4380493760,0.8377317786,-0.9078578353,-0.1019824520,0.4066862464,0.2635825574,-0.8931474686,0.3644336760,1,144.1,232.0,1804.3,1,-0.2358701974,0.4380494058,0.8674550056,-0.9717730880,-0.1019824371,-0.2127361149,-0.0047237547,-0.8931475282,0.4497392476,1,235.4,-22.3,1878.2,1,1.0000000000,0.0000000000,-0.0000000000,-0.0000000000,1.0000000000,-0.0000000000,0.0000000000,0.0000000000,1.0000000000,0,-102.8,-137.7,1931.7,1,1.0000000000,0.0000000000,-0.0000000000,-0.0000000000,1.0000000000,-0.0000000000,0.0000000000,0.0000000000,1.0000000000,0,-102.8,-537.9,1931.7,0,1.0000000000,-0.0000000000,-0.0000000000,0.0000000000,1.0000000000,-0.0000000000,0.0000000000,0.0000000000,1.0000000000,0,82.5,-147.3,1925.2,1,1.0000000000,0.0000001864,-0.0000001322,-0.0000001864,1.0000000000,-0.0000000588,0.0000001322,0.0000000588,1.0000000000,0,82.5,-547.6,1925.2,0,-125.6,-266.9,1891.7,1,168.4,-298.5,1876.8,1,-102.8,-922.8,1931.7,0,82.5,-932.4,1925.2,0,
2,0.9977701306,0.0397251733,0.0535853952,-0.0563851967,0.9314923286,0.3593499959,-0.0356397517,-0.3615702689,0.9316599369,1,13.9,434.5,1734.2,1,0.9977701306,0.0397251733,0.0535853952,-0.0563851967,0.9314923286,0.3593499959,-0.0356397517,-0.3615702689,0.9316599369,1,5.6,239.5,1809.9,1,0.9978550673,0.0414127447,0.0506458580,-0.0544106029,0.9551696181,0.2909983099,-0.0363249294,-0.2931299508,0.9553790092,1,-2.7,48.4,1868.6,1,0.3054583669,-0.3294080198,-0.8934124112,0.9188811779,-0.1440738440,0.3672873676,-0.2497047186,-0.9331308603,0.2586783171,1,-133.0,247.1,1814.9,1,-0.2964597642,-0.3294080198,-0.8964385986,0.9540922642,-0.1440738440,-0.2625845671,-0.0426558889,-0.9331308603,0.3569977582,1,-212.1,9.1,1879.6,1,0.3243982196,0.4307889342,0.8421322703,-0.9097567201,-0.1017261595,0.4024854302,0.2590531409,-0.8967010975,0.3589133322,1,144.1,232.0,1804.9,1,-0.2349719405,0.4307889640,0.8713261485,-0.9719985723,-0.1017261371,-0.2118265033,-0.0026158753,-0.8967010379,0.4426290989,1,234.9,-22.6,1877.4,1,1.0000000000,0.0000000000,-0.0000000000,-0.0000000000,1.0000000000,-0.0000000000,0.0000000000,0.0000000000,1.0000000000,0,-103.6,-137.7,1930.6,1,1.0000000000,0.0000000000,-0.0000000000,-0.0000000000,1.0000000000,-0.0000000000,0.0000000000,0.0000000000,1.0000000000,0,-103.6,-538.0,1930.6,0,1.0000000000,-0.0000000000,-0.0000000000,0.0000000000,1.0000000000,-0.0000000000,0.0000000000,0.0000000000,1.0000000000,0,81.7,-147.8,1923.9,1,1.0000000000,0.0000001678,-0.0000001190,-0.0000001678,1.0000000000,-0.0000000529,0.0000001190,0.0000000529,1.0000000000,0,81.7,-548.1,1923.9,0,-126.7,-265.6,1891.9,1,168.1,-298.9,1876.6,1,-103.6,-922.8,1930.6,0,81.7,-932.9,1923.9,0,
3,0.9980709553,0.0383299589,0.0487849638,-0.0541169532,0.9223854542,0.3824477494,-0.0303399116,-0.3843502998,0.9226850867,1,14.4,432.9,1727.1,1,0.9980709553,0.0383299589,0.0487849638,-0.0541169532,0.9223854542,0.3824477494,-0.0303399116,-0.3843502998,0.9226850867,1,6.4,239.2,1807.8,1,0.9981305599,0.0407270864,0.0455134064,-0.0527044535,0.9509108663,0.3049266338,-0.0308609754,-0.3067555428,0.9512845874,1,-1.8,48.9,1869.2,1,0.3102801144,-0.3472662866,-0.8849476576,0.9141998887,-0.1462851018,0.3779408336,-0.2607007921,-0.9262865782,0.2720814347,1,-132.2,246.5,1812.1,1,-0.3010968566,-0.3472663462,-0.8881142139,0.9528520703,-0.1462850720,-0.2658451796,-0.0375987701,-0.9262866378,0.3749394119,1,-213.1,8.4,1880.0,1,0.3203257620,0.4335035682,0.8422980905,-0.9106929302,-0.1038918197,0.3998060524,0.2608252168,-0.8951431513,0.3615093827,1,145.0,231.9,1803.5,1,-0.2307220101,0.4335035980,0.8711154461,-0.9730189443,-0.1038918123,-0.2060111165,0.0011952121,-0.8951431513,0.4457773566,1,234.6,-22.9,1876.5,1,1.0000000000,0.0000000000,-0.0000000000,-0.0000000000,1.0000000000,-0.0000000000,0.0000000000,0.0000000000,1.0000000000,0,-102.6,-136.5,1933.4,1,1.0000000000,0.0000000000,-0.0000000000,-0.0000000000,1.0000000000,-0.0000000000,0.0000000000,0.0000000000,1.0000000000,0,-102.6,-536.7,1933.4,0,1.0000000000,-0.0000000000,-0.0000000000,0.0000000000,1.0000000000,-0.0000000000,0.0000000000,0.0000000000,1.0000000000,0,82.7,-146.3,1927.7,1,1.0000000000,0.0000001510,-0.0000001071,-0.0000001510,1.0000000000,-0.0000000476,0.0000001071,0.0000000476,1.0000000000,0,82.7,-546.5,1927.7,0,-126.4,-265.9,1890.8,1,169.0,-299.5,1876.8,1,-102.6,-921.6,1933.4,0,82.7,-931.4,1927.7,0,
4,0.9979186058,0.0400378183,0.0504987277,-0.0562492311,0.9235458374,0.3793269098,-0.0314510502,-0.3813781142,0.9238804579,1,14.2,432.7,1728.1,1,0.9979186058,0.0400378183,0.0504987277,-0.0562492311,0.9235458374,0.3793269098,-0.0314510502,-0.3813781142,0.9238804579,1,5.8,239.0,1808.1,1,0.9980252385,0.0414022468,0.0471820161,-0.0537938513,0.9514766932,0.3029651046,-0.0323497131,-0.3049051464,0.9518299103,1,-2.5,48.6,1869.1,1,0.3056385219,-0.3337779939,-0.8917272687,0.9181270599,-0.1447972953,0.3688854277,-0.2522454858,-0.9314644933,0.2621949911,1,-132.8,246.4,1812.6,1,-0.2990064919,-0.3337779939,-0.8939728141,0.9533675313,-0.1447972953,-0.2648099065,-0.0410571210,-0.9314645529,0.3615083694,1,-212.1,8.2,1878.0,1,0.3213251233,0.4419929087,0.8374918103,-0.9091578126,-0.1034244448,0.4034047723,0.2649191320,-0.8910362720,0.3686084747,1,144.3,231.5,1803.6,1,-0.2294119298,0.4419928789,0.8671865463,-0.9733290672,-0.1034244373,-0.2047776878,-0.0008219954,-0.8910362720,0.4539313316,1,234.1,-22.6,1877.6,1,1.0000000000,0.0000000000,-0.0000000000,-0.0000000000,1.0000000000,-0.0000000000,0.0000000000,0.0000000000,1.0000000000,0,-103.5,-136.8,1933.1,1,1.0000000000,0.0000000000,-0.0000000000,-0.0000000000,1.0000000000,-0.0000000000,0.0000000000,0.0000000000,1.0000000000,0,-103.5,-537.1,1933.1,0,1.0000000000,-0.0000000000,-0.0000000000,0.0000000000,1.0000000000,-0.0000000000,0.0000000000,0.0000000000,1.0000000000,0,81.8,-146.8,1927.1,1,1.0000000000,0.0000001359,-0.0000000964,-0.0000001359,1.0000000000,-0.0000000429,0.0000000964,0.0000000429,1.0000000000,0,81.8,-547.1,1927.1,0,-126.1,-266.3,1889.9,1,168.9,-299.2,1877.4,1,-103.5,-922.0,1933.1,0,81.8,-931.9,1927.1,0,
5,0.9979800582,0.0400345176,0.0492728837,-0.0553942434,0.9282721877,0.3677390218,-0.0310169868,-0.3697258234,0.9286196232,1,14.7,433.5,1731.6,1,0.9979800582,0.0400345176,0.0492728837,-0.0553942434,0.9282721877,0.3677390218,-0.0310169868,-0.3697258234,0.9286196232,1,6.3,239.5,1808.9,1,0.9980005026,0.0432283245,0.0460541770,-0.0549309626,0.9539180398,0.2949787974,-0.0311810318,-0.2969189584,0.9543902278,1,-2.4,48.6,1868.3,1,0.3076584041,-0.3245442212,-0.8944369555,0.9185448289,-0.1439413130,0.3681795895,-0.2482369542,-0.9348540306,0.2538236976,1,-132.3,247.1,1813.2,1,-0.2997257411,-0.3245441914,-0.8971263170,0.9530695677,-0.1439412981,-0.2663440108,-0.0426931195,-0.9348539710,0.3524561524,1,-212.4,7.8,1877.9,1,0.3242312968,0.4396286905,0.8376160860,-0.9080753922,-0.1034850031,0.4058201015,0.2650908530,-0.8921981454,0.3656629026,1,144.9,231.9,1804.5,1,-0.2371493131,0.4396286905,0.8663064241,-0.9714642167,-0.1034850180,-0.2134199888,-0.0041758078,-0.8921980858,0.4516249597,1,235.6,-22.1,1878.7,1,1.0000000000,0.0000000000,-0.0000000000,-0.0000000000,1.0000000000,-0.0000000000,0.0000000000,0.0000000000,1.0000000000,0,-103.7,-137.2,1930.6,1,1.0000000000,0.0000000000,-0.0000000000,-0.0000000000,1.0000000000,-0.0000000000,0.0000000000,0.0000000000,1.0000000000,0,-103.7,-537.4,1930.6,0,1.0000000000,-0.0000000000,-0.0000000000,0.0000000000,1.0000000000,-0.0000000000,0.0000000000,0.0000000000,1.0000000000,0,81.7,-147.4,1924.8,1,1.0000000000,0.0000001223,-0.0000000867,-0.0000001223,1.0000000000,-0.0000000386,0.0000000867,0.0000000386,1.0000000000,0,81.7,-547.6,1924.8,0,-126.1,-266.5,1890.2,1,168.2,-298.2,1877.5,1,-103.7,-922.3,1930.6,0,81.7,-932.5,1924.8,0,
6,0.9977301955,0.0436636247,0.0512122065,-0.0592275746,0.9310287833,0.3600934148,-0.0319576487,-0.3623094261,0.9315063953,1,15.3,433.0,1733.8,1,0.9977301955,0.0436636247,0.0512122065,-0.0592275746,0.9310287833,0.3600934148,-0.0319576487,-0.3623094261,0.9315063953,1,6.2,238.8,1809.4,1,0.9978232384,0.0451713391,0.0479900092,-0.0572519824,0.9547920823,0.2916914523,-0.0326449573,-0.2938041985,0.9553048015,1,-2.9,47.7,1868.2,1,0.3141230941,-0.3298760653,-0.8902294040,0.9159222245,-0.1414507926,0.3756037354,-0.2498263568,-0.9333666563,0.2577078342,1,-132.4,246.7,1814.0,1,-0.3003154695,-0.3298760653,-0.8949818611,0.9530707002,-0.1414507926,-0.2676710486,-0.0382976234,-0.9333667159,0.3568751216,1,-213.9,9.0,1878.8,1,0.3240416050,0.4339371324,0.8406519294,-0.9092824459,-0.1024405360,0.4033751190,0.2611562610,-0.8951003551,0.3613763750,1,144.7,230.8,1804.9,1,-0.2342045605,0.4339370728,0.8699694276,-0.9721845984,-0.1024405062,-0.2106250525,-0.0022779102,-0.8951002359,0.4458590448,1,235.0,-22.5,1877.7,1,1.0000000000,0.0000000000,-0.0000000000,-0.0000000000,1.0000000000,-0.0000000000,0.0000000000,0.0000000000,1.0000000000,0,-104.5,-138.1,1930.1,1,1.0000000000,0.0000000000,-0.0000000000,-0.0000000000,1.0000000000,-0.0000000000,0.0000000000,0.0000000000,1.0000000000,0,-104.5,-538.3,1930.1,0,1.0000000000,-0.0000000000,-0.0000000000,0.0000000000,1.0000000000,-0.0000000000,0.0000000000,0.0000000000,1.0000000000,0,80.7,-148.7,1924.0,1,1.0000000000,0.0000001101,-0.0000000781,-0.0000001101,1.0000000000,-0.0000000347,0.0000000781,0.0000000347,1.0000000000,0,80.7,-549.0,1924.0,0,-127.5,-265.4,1889.8,1,168.5,-298.9,1877.0,1,-104.5,-923.2,1930.1,0,80.7,-933.8,1924.0,0,
7,0.9978033900,0.0453982390,0.0481867939,-0.0603761263,0.9225929379,0.3810075819,-0.0271603018,-0.3830802441,0.9233121872,1,17.0,431.1,1727.4,1,0.9978033900,0.0453982390,0.0481867939,-0.0603761263,0.9225929379,0.3810075819,-0.0271603018,-0.3830802441,0.9233121872,1,7.5,237.8,1807.6,1,0.9979177117,0.0466445386,0.0444873981,-0.0580501072,0.9503413439,0.3057303429,-0.0280181170,-0.3076764643,0.9510751963,1,-1.9,47.6,1869.2,1,0.3153092265,-0.3317456543,-0.8891146779,0.9144947529,-0.1440871954,0.3780715764,-0.2535336316,-0.9323001504,0.2579476833,1,-131.1,245.9,1811.5,1,-0.3016322553,-0.3317457139,-0.8938471675,0.9525894523,-0.1440871954,-0.2679780126,-0.0398913845,-0.9323002100,0.3594788015,1,-212.9,8.6,1877.3,1,0.3183915615,0.4464538693,0.8362450600,-0.9096462131,-0.1043685302,0.4020584822,0.2667782307,-0.8886991739,0.3728850186,1,146.0,229.7,1803.7,1,-0.2342846841,0.4464538395,0.8635911345,-0.9721615911,-0.1043685302,-0.2097831368,-0.0035267617,-0.8886991143,0.4584772885,1,234.7,-23.6,1878.0,1,1.0000000000,0.0000000000,-0.0000000000,-0.0000000000,1.0000000000,-0.0000000000,0.0000000000,0.0000000000,1.0000000000,0,-103.8,-137.1,1933.4,1,1.0000000000,0.0000000000,-0.0000000000,-0.0000000000,1.0000000000,-0.0000000000,0.0000000000,0.0000000000,1.0000000000,0,-103.8,-537.4,1933.4,0,1.0000000000,-0.0000000000,-0.0000000000,0.0000000000,1.0000000000,-0.0000000000,0.0000000000,0.0000000000,1.0000000000,0,81.4,-147.9,1928.2,1,1.0000000000,0.0000000991,-0.0000000702,-0.0000000991,1.0000000000,-0.0000000313,0.0000000702,0.0000000313,1.0000000000,0,81.4,-548.2,1928.2,0,-126.1,-265.6,1888.8,1,168.1,-299.9,1877.0,1,-103.8,-922.3,1933.4,0,81.4,-933.0,1928.2,0,
8,0.9976047277,0.0459109209,0.0516869836,-0.0624979064,0.9185184836,0.3903939128,-0.0295527000,-0.3926894069,0.9191926718,1,16.9,430.0,1724.7,1,0.9976047277,0.0459109209,0.0516869836,-0.0624979064,0.9185184836,0.3903939128,-0.0295527000,-0.3926894069,0.9191926718,1,7.3,237.6,1806.9,1,0.9977961183,0.0459326953,0.0478295088,-0.0586078987,0.9482710958,0.3119878769,-0.0310254674,-0.3141037524,0.9488783479,1,-1.9,47.9,1869.8,1,0.3215048611,-0.3514335155,-0.8792776465,0.9097777009,-0.1428357959,0.3897464871,-0.2625622749,-0.9252525568,0.2738040388,1,-131.2,245.8,1811.2,1,-0.3007329106,-0.3514335454,-0.8865969181,0.9531402588,-0.1428358108,-0.2666863501,-0.0329152569,-0.9252526164,0.3779208660,1,-214.3,10.8,1879.0,1,0.3152988851,0.4525668621,0.8341282606,-0.9101696014,-0.1046216413,0.4008061886,0.2686594427,-0.8855719566,0.3789255023,1,145.9,229.5,1802.6,1,-0.2362798601,0.4525668025,0.8598576784,-0.9716666937,-0.1046216488,-0.2119386196,-0.0059566558,-0.8855718970,0.4644641578,1,234.1,-25.3,1877.8,1,1.0000000000,0.0000000000,-0.0000000000,-0.0000000000,1.0000000000,-0.0000000000,0.0000000000,0.0000000000,1.0000000000,0,-103.7,-136.5,1935.5,1,1.0000000000,0.0000000000,-0.0000000000,-0.0000000000,1.0000000000,-0.0000000000,0.0000000000,0.0000000000,1.0000000000,0,-103.7,-536.7,1935.5,0,1.0000000000,-0.0000000000,-0.0000000000,0.0000000000,1.0000000000,-0.0000000000,0.0000000000,0.0000000000,1.0000000000,0,81.6,-147.3,1929.7,1,1.0000000000,0.0000000892,-0.0000000632,-0.0000000892,1.0000000000,-0.0000000281,0.0000000632,0.0000000281,1.0000000000,0,81.6,-547.6,1929.7,0,-127.7,-263.6,1888.5,1,167.0,-301.5,1876.1,1,-103.7,-921.6,1935.5,0,81.6,-932.5,1929.7,0,
9,0.9976924658,0.0481198505,0.0478402264,-0.0626906976,0.9234502912,0.3785485029,-0.0259629562,-0.3806743622,0.9243411422,1,18.4,429.8,1727.8,1,0.9976924658,0.0481198505,0.0478402264,-0.0626906976,0.9234502912,0.3785485029,-0.0259629562,-0.3806743622,0.9243411422,1,8.3,236.7,1807.4,1,0.9979689121,0.0458663329,0.0441457741,-0.0571787655,0.9506672621,0.3048797250,-0.0279847868,-0.3067848980,0.9513641000,1,-0.9,46.5,1868.8,1,0.3226206899,-0.3312270939,-0.8866817951,0.9115251899,-0.1436739117,0.3853305876,-0.2550249398,-0.9325484037,0.2555696666,1,-130.3,244.6,1811.3,1,-0.2992534041,-0.3312270641,-0.8948385715,0.9533102512,-0.1436738819,-0.2656263411,-0.0405822955,-0.9325483441,0.3587570786,1,-213.4,9.8,1877.0,1,0.3127641976,0.4500434995,0.8364445567,-0.9118390083,-0.1043056846,0.3970767856,0.2659477293,-0.8868941665,0.3777441382,1,146.9,228.8,1803.6,1,-0.2359478623,0.4500434697,0.8612720966,-0.9717503786,-0.1043056622,-0.2117105722,-0.0054434133,-0.8868941069,0.4619407058,1,234.0,-25.3,1877.7,1,1.0000000000,0.0000000000,-0.0000000000,-0.0000000000,1.0000000000,-0.0000000000,0.0000000000,0.0000000000,1.0000000000,0,-102.7,-138.5,1932.8,1,1.0000000000,0.0000000000,-0.0000000000,-0.0000000000,1.0000000000,-0.0000000000,0.0000000000,0.0000000000,1.0000000000,0,-102.7,-538.7,1932.8,0,1.0000000000,-0.0000000000,-0.0000000000,0.0000000000,1.0000000000,-0.0000000000,0.0000000000,0.0000000000,1.0000000000,0,82.6,-149.1,1927.6,1,1.0000000000,0.0000000803,-0.0000000569,-0.0000000803,1.0000000000,-0.0000000253,0.0000000569,0.0000000253,1.0000000000,0,82.6,-549.3,1927.6,0,-127.2,-264.6,1888.7,1,167.0,-301.5,1876.1,1,-102.7,-923.6,1932.8,0,82.6,-934.2,1927.6,0,
10,0.9978488684,0.0483856611,0.0441680849,-0.0618272536,0.9184541702,0.3906518221,-0.0216649752,-0.3925425708,0.9194751382,1,18.7,430.0,1723.9,1,0.9978488684,0.0483856611,0.0441680849,-0.0618272536,0.9184541702,0.3906518221,-0.0216649752,-0.3925425708,0.9194751382,1,8.6,237.2,1806.3,1,0.9981094003,0.0464568399,0.0401731580,-0.0567004010,0.9483771920,0.3120176494,-0.0236044880,-0.3137058616,0.9492235184,1,-0.7,47.4,1869.1,1,0.3266903758,-0.3318189383,-0.8849688172,0.9088349342,-0.1467060447,0.3905081153,-0.2594081759,-0.9318658113,0.2536411285,1,-130.0,245.1,1809.6,1,-0.3030943573,-0.3318188787,-0.8933253288,0.9520365596,-0.1467060149,-0.2685215473,-0.0419556834,-0.9318656921,0.3603694141,1,-214.4,10.3,1876.6,1,0.3160620630,0.4503760934,0.8350246549,-0.9097779989,-0.1057561263,0.4013970196,0.2690885663,-0.8865534067,0.3763168156,1,147.2,229.3,1803.0,1,-0.2410042584,0.4503761232,0.8596966267,-0.9705011845,-0.1057561412,-0.2166634947,-0.0066618668,-0.8865534067,0.4625782371,1,235.6,-25.2,1878.3,1,1.0000000000,0.0000000000,-0.0000000000,-0.0000000000,1.0000000000,-0.0000000000,0.0000000000,0.0000000000,1.0000000000,0,-102.7,-137.1,1934.0,1,1.0000000000,0.0000000000,-0.0000000000,-0.0000000000,1.0000000000,-0.0000000000,0.0000000000,0.0000000000,1.0000000000,0,-102.7,-537.4,1934.0,0,1.0000000000,-0.0000000000,-0.0000000000,0.0000000000,1.0000000000,-0.0000000000,0.0000000000,0.0000000000,1.0000000000,0,82.6,-147.6,1929.7,1,1.0000000000,0.0000000722,-0.0000000512,-0.0000000722,1.0000000000,-0.0000000228,0.0000000512,0.0000000228,1.0000000000,0,82.6,-547.9,1929.7,0,-127.2,-263.7,1888.7,1,167.1,-301.1,1876.4,1,-102.7,-922.2,1934.0,0,82.6,-932.8,1929.7,0,
11,0.9976574183,0.0487935357,0.0478886515,-0.0635034293,0.9208406806,0.3847195506,-0.0253265668,-0.3868597448,0.9217872024,1,18.7,430.8,1725.5,1,0.9976574183,0.0487935357,0.0478886515,-0.0635034293,0.9208406806,0.3847195506,-0.0253265668,-0.3868597448,0.9217872024,1,8.5,237.8,1806.5,1,0.9978823662,0.0477795564,0.0440732464,-0.0591498204,0.9486072659,0.3108614385,-0.0269559305,-0.3128103614,0.9494297504,1,-1.1,47.9,1869.1,1,0.3156016469,-0.3196082711,-0.8934462667,0.9152706861,-0.1458825618,0.3754968345,-0.2503500879,-0.9362525940,0.2464872897,1,-130.1,246.0,1810.3,1,-0.2976806760,-0.3196082413,-0.8995760083,0.9535101652,-0.1458825916,-0.2636979520,-0.0469524302,-0.9362526536,0.3481761515,1,-211.7,9.4,1875.0,1,0.3241400123,0.4332787991,0.8409534693,-0.9081920981,-0.1063063517,0.4048283100,0.2648021877,-0.8949683309,0.3590422869,1,147.0,229.5,1802.8,1,-0.2432871461,0.4332788587,0.8678023815,-0.9699509740,-0.1063063443,-0.2188474238,-0.0025690680,-0.8949685097,0.4461221695,1,237.4,-23.6,1876.6,1,1.0000000000,0.0000000000,-0.0000000000,-0.0000000000,1.0000000000,-0.0000000000,0.0000000000,0.0000000000,1.0000000000,0,-103.3,-136.4,1934.2,1,1.0000000000,0.0000000000,-0.0000000000,-0.0000000000,1.0000000000,-0.0000000000,0.0000000000,0.0000000000,1.0000000000,0,-103.3,-536.7,1934.2,0,1.0000000000,-0.0000000000,-0.0000000000,0.0000000000,1.0000000000,-0.0000000000,0.0000000000,0.0000000000,1.0000000000,0,82.0,-147.4,1929.2,1,1.0000000000,0.0000000650,-0.0000000461,-0.0000000650,1.0000000000,-0.0000000205,0.0000000461,0.0000000205,1.0000000000,0,82.0,-547.7,1929.2,0,-126.0,-265.1,1888.5,1,168.2,-299.3,1875.9,1,-103.3,-921.5,1934.2,0,82.0,-932.5,1929.2,0,
12,0.9979795814,0.0464850664,0.0432478301,-0.0594592392,0.9231328368,0.3798420131,-0.0222670697,-0.3816463351,0.9240366817,1,18.1,430.7,1727.2,1,0.9979795814,0.0464850664,0.0432478301,-0.0594592392,0.9231328368,0.3798420131,-0.0222670697,-0.3816463351,0.9240366817,1,8.4,237.5,1807.1,1,0.9980370402,0.0485299639,0.0395147689,-0.0583266355,0.9501595497,0.3062419295,-0.0226839557,-0.3079458475,0.9511301517,1,-1.3,47.3,1868.8,1,0.3052059412,-0.3187109828,-0.8973698616,0.9198172092,-0.1453068256,0.3644478917,-0.2465475053,-0.9366479516,0.2488073409,1,-130.2,245.6,1810.3,1,-0.2924709022,-0.3187109828,-0.9016008377,0.9550365210,-0.1453068256,-0.2584397793,-0.0486411639,-0.9366478920,0.3468786478,1,-209.0,8.0,1874.0,1,0.3233792186,0.4207168221,0.8475985527,-0.9103345871,-0.1061829701,0.4000200033,0.2582956254,-0.9009564519,0.3486557901,1,147.0,229.4,1804.0,1,-0.2414828092,0.4207168519,0.8744618297,-0.9704037309,-0.1061829254,-0.2168910354,0.0016031986,-0.9009564519,0.4339066148,1,236.8,-23.6,1875.8,1,1.0000000000,0.0000000000,-0.0000000000,-0.0000000000,1.0000000000,-0.0000000000,0.0000000000,0.0000000000,1.0000000000,0,-103.7,-137.4,1932.5,1,1.0000000000,0.0000000000,-0.0000000000,-0.0000000000,1.0000000000,-0.0000000000,0.0000000000,0.0000000000,1.0000000000,0,-103.7,-537.6,1932.5,0,1.0000000000,-0.0000000000,-0.0000000000,0.0000000000,1.0000000000,-0.0000000000,0.0000000000,0.0000000000,1.0000000000,0,81.6,-148.2,1928.3,1,1.0000000000,0.0000000585,-0.0000000415,-0.0000000585,1.0000000000,-0.0000000185,0.0000000415,0.0000000185,1.0000000000,0,81.6,-548.5,1928.3,0,-124.8,-267.0,1888.0,1,168.2,-299.4,1876.2,1,-103.7,-922.5,1932.5,0,81.6,-933.3,1928.3,0,
13,0.9982190132,0.0432722457,0.0409995764,-0.0557981543,0.9202922583,0.3872187138,-0.0209763199,-0.3888171017,0.9210726619,1,18.6,430.7,1724.6,1,0.9982190132,0.0432722457,0.0409995764,-0.0557981543,0.9202922583,0.3872187138,-0.0209763199,-0.3888171017,0.9210726619,1,9.5,237.3,1806.3,1,0.9981314540,0.0483952351,0.0372289419,-0.0575819239,0.9488767982,0.3103326857,-0.0203075744,-0.3118968606,0.9498956800,1,-0.2,47.4,1868.7,1,0.3152419329,-0.3291927874,-0.8900869489,0.9134019017,-0.1492651403,0.3787042201,-0.2575255930,-0.9323905706,0.2536306977,1,-129.1,245.3,1809.1,1,-0.3044050336,-0.3291927874,-0.8938510418,0.9514864087,-0.1492651552,-0.2690607011,-0.0448479727,-0.9323905706,0.3586594760,1,-212.0,5.3,1876.8,1,0.3189147115,0.4386646152,0.8401588202,-0.9098558426,-0.1065594926,0.4010079503,0.2654348612,-0.8923107386,0.3651382029,1,148.1,229.3,1803.4,1,-0.2420849502,0.4386645854,0.8654294610,-0.9702499509,-0.1065594628,-0.2173938155,-0.0031432693,-0.8923106194,0.4514107406,1,236.8,-23.8,1877.3,1,1.0000000000,0.0000000000,-0.0000000000,-0.0000000000,1.0000000000,-0.0000000000,0.0000000000,0.0000000000,1.0000000000,0,-102.6,-137.1,1933.0,1,1.0000000000,0.0000000000,-0.0000000000,-0.0000000000,1.0000000000,-0.0000000000,0.0000000000,0.0000000000,1.0000000000,0,-102.6,-537.4,1933.0,0,1.0000000000,-0.0000000000,-0.0000000000,0.0000000000,1.0000000000,-0.0000000000,0.0000000000,0.0000000000,1.0000000000,0,82.8,-147.8,1929.2,1,1.0000000000,0.0000000527,-0.0000000373,-0.0000000527,1.0000000000,-0.0000000166,0.0000000373,0.0000000166,1.0000000000,0,82.8,-548.1,1929.2,0,-124.4,-268.6,1889.7,1,168.0,-299.6,1876.4,1,-102.6,-922.2,1933.0,0,82.8,-932.9,1929.2,0,
14,0.9984307289,0.0438056216,0.0348072611,-0.0538150296,0.9220955372,0.3831881285,-0.0153103452,-0.3844602704,0.9230111241,1,19.1,431.6,1725.8,1,0.9984307289,0.0438056216,0.0348072611,-0.0538150296,0.9220955372,0.3831881285,-0.0153103452,-0.3844602704,0.9230111241,1,9.9,237.7,1806.6,1,0.9984417558,0.0462468900,0.0311420169,-0.0535872132,0.9501993060,0.3069835901,-0.0153945759,-0.3081743121,0.9512020946,1,0.7,47.6,1868.3,1,0.3209159672,-0.3424715102,-0.8830210567,0.9097439647,-0.1478254795,0.3879606426,-0.2633984685,-0.9278258681,0.2641218603,1,-128.7,245.2,1808.8,1,-0.2987463176,-0.3424715400,-0.8907659054,0.9534239769,-0.1478254646,-0.2629264295,-0.0416330658,-0.9278258681,0.3706828952,1,-212.0,9.1,1877.1,1,0.3189381361,0.4343511164,0.8423880935,-0.9108000994,-0.1053749621,0.3991731405,0.2621478736,-0.8945586681,0.3619990051,1,148.6,230.3,1804.5,1,-0.2444099337,0.4343511462,0.8669503927,-0.9696618319,-0.1053749695,-0.2205723077,-0.0044509657,-0.8945587873,0.4469283819,1,237.4,-23.4,1877.5,1,1.0000000000,0.0000000000,-0.0000000000,-0.0000000000,1.0000000000,-0.0000000000,0.0000000000,0.0000000000,1.0000000000,0,-101.3,-137.6,1931.4,1,1.0000000000,0.0000000000,-0.0000000000,-0.0000000000,1.0000000000,-0.0000000000,0.0000000000,0.0000000000,1.0000000000,0,-101.3,-537.9,1931.4,0,1.0000000000,-0.0000000000,-0.0000000000,0.0000000000,1.0000000000,-0.0000000000,0.0000000000,0.0000000000,1.0000000000,0,84.1,-147.6,1928.5,1,1.0000000000,0.0000000474,-0.0000000336,-0.0000000474,1.0000000000,-0.0000000150,0.0000000336,0.0000000150,1.0000000000,0,84.1,-547.8,1928.5,0,-126.0,-265.4,1889.1,1,167.9,-299.0,1876.2,1,-101.3,-922.7,1931.4,0,84.1,-932.7,1928.5,0,
15,0.9983538389,0.0460490026,0.0341119990,-0.0557102412,0.9194043875,0.3893347681,-0.0134347510,-0.3905944824,0.9204613566,1,19.8,431.0,1723.8,1,0.9983538389,0.0460490026,0.0341119990,-0.0557102412,0.9194043875,0.3893347681,-0.0134347510,-0.3905944824,0.9204613566,1,10.1,237.7,1806.0,1,0.9984884262,0.0458181016,0.0302684326,-0.0529740192,0.9488713145,0.3111692071,-0.0144641474,-0.3123025298,0.9498693347,1,0.9,47.8,1868.5,1,0.3145294487,-0.3331581056,-0.8888627887,0.9139795303,-0.1465823352,0.3783583343,-0.2563446760,-0.9314072132,0.2583952248,1,-128.5,245.1,1808.0,1,-0.2985303998,-0.3331580758,-0.8943631053,0.9534189701,-0.1465823352,-0.2636395693,-0.0432641767,-0.9314071536,0.3613985479,1,-210.8,5.9,1875.0,1,0.3204676807,0.4267155230,0.8457034826,-0.9104329348,-0.1077672839,0.3993720710,0.2615574002,-0.8979421258,0.3539599478,1,148.7,230.3,1804.0,1,-0.2474702895,0.4267155826,0.8698691726,-0.9688946009,-0.1077672839,-0.2227768004,-0.0013188876,-0.8979421854,0.4401116073,1,237.8,-22.7,1876.7,1,1.0000000000,0.0000000000,-0.0000000000,-0.0000000000,1.0000000000,-0.0000000000,0.0000000000,0.0000000000,1.0000000000,0,-100.9,-137.2,1932.3,1,1.0000000000,0.0000000000,-0.0000000000,-0.0000000000,1.0000000000,-0.0000000000,0.0000000000,0.0000000000,1.0000000000,0,-100.9,-537.4,1932.3,0,1.0000000000,-0.0000000000,-0.0000000000,0.0000000000,1.0000000000,-0.0000000000,0.0000000000,0.0000000000,1.0000000000,0,84.5,-147.0,1929.6,1,1.0000000000,0.0000000426,-0.0000000302,-0.0000000426,1.0000000000,-0.0000000135,0.0000000302,0.0000000135,1.0000000000,0,84.5,-547.3,1929.6,0,-124.9,-268.5,1887.5,1,167.5,-298.1,1876.3,1,-100.9,-922.3,1932.3,0,84.5,-932.1,1929.6,0,
16,0.9982998371,0.0485038497,0.0322399326,-0.0572919473,0.9173672199,0.3938840926,-0.0104714539,-0.3950617313,0.9185913801,1,20.6,430.6,1722.4,1,0.9982998371,0.0485038497,0.0322399326,-0.0572919473,0.9173672199,0.3938840926,-0.0104714539,-0.3950617313,0.9185913801,1,10.4,238.0,1805.3,1,0.9985057116,0.0467564091,0.0281923823,-0.0532613955,0.9477105737,0.3146381080,-0.0120073417,-0.3156697452,0.9487898946,1,1.1,48.3,1868.5,1,0.3027968705,-0.3299820125,-0.8941062093,0.9188699126,-0.1479310989,0.3657792807,-0.2529667020,-0.9323241115,0.2584174573,1,-128.2,245.3,1807.0,1,-0.2941968739,-0.3299819529,-0.8969727159,0.9545719028,-0.1479310989,-0.2586672604,-0.0473346338,-0.9323240519,0.3585124016,1,-207.7,4.2,1873.4,1,0.3209691644,0.4290885329,0.8443114161,-0.9099234343,-0.1075755209,0.4005830288,0.2627128363,-0.8968335390,0.3559093475,1,149.1,230.6,1803.7,1,-0.2461337745,0.4290886223,0.8690806031,-0.9692347646,-0.1075755134,-0.2213855982,-0.0015022579,-0.8968335986,0.4423655272,1,238.3,-22.5,1876.7,1,1.0000000000,0.0000000000,-0.0000000000,-0.0000000000,1.0000000000,-0.0000000000,0.0000000000,0.0000000000,1.0000000000,0,-101.0,-136.4,1932.8,1,1.0000000000,0.0000000000,-0.0000000000,-0.0000000000,1.0000000000,-0.0000000000,0.0000000000,0.0000000000,1.0000000000,0,-101.0,-536.7,1932.8,0,1.0000000000,-0.0000000000,-0.0000000000,0.0000000000,1.0000000000,-0.0000000000,0.0000000000,0.0000000000,1.0000000000,0,84.4,-146.3,1930.6,1,1.0000000000,0.0000000384,-0.0000000272,-0.0000000384,1.0000000000,-0.0000000121,0.0000000272,0.0000000121,1.0000000000,0,84.4,-546.6,1930.6,0,-123.0,-270.6,1887.0,1,168.4,-298.0,1876.3,1,-101.0,-921.5,1932.8,0,84.4,-931.4,1930.6,0,
17,0.9983695745,0.0475725904,0.0314594284,-0.0561178960,0.9178215861,0.3929936886,-0.0101789068,-0.3941186070,0.9189996719,1,20.0,431.3,1722.3,1,0.9983695745,0.0475725904,0.0314594284,-0.0561178960,0.9178215861,0.3929936886,-0.0101789068,-0.3941186070,0.9189996719,1,10.0,238.0,1805.2,1,0.9984475374,0.0484561771,0.0273711868,-0.0546031967,0.9479914308,0.3135602474,-0.0107541839,-0.3145682514,0.9491706491,1,0.3,48.3,1868.2,1,0.3005088568,-0.3179789186,-0.8992129564,0.9204057455,-0.1505331695,0.3608227372,-0.2500953674,-0.9360712171,0.2474330813,1,-128.6,245.6,1806.7,1,-0.2945867777,-0.3179789484,-0.9011704326,0.9541333318,-0.1505331397,-0.2587842941,-0.0533680469,-0.9360711575,0.3477393985,1,-207.2,5.0,1872.1,1,0.3189800680,0.4311019480,0.8440396786,-0.9105993509,-0.1075299978,0.3990565240,0.2627935708,-0.8958730698,0.3582612574,1,148.7,230.5,1803.7,1,-0.2440650016,0.4311019480,0.8686676621,-0.9697583318,-0.1075300053,-0.2191029936,-0.0010478847,-0.8958730698,0.4443089962,1,237.5,-23.0,1876.9,1,1.0000000000,0.0000000000,-0.0000000000,-0.0000000000,1.0000000000,-0.0000000000,0.0000000000,0.0000000000,1.0000000000,0,-102.0,-136.3,1932.1,1,1.0000000000,0.0000000000,-0.0000000000,-0.0000000000,1.0000000000,-0.0000000000,0.0000000000,0.0000000000,1.0000000000,0,-102.0,-536.6,1932.1,0,1.0000000000,-0.0000000000,-0.0000000000,0.0000000000,1.0000000000,-0.0000000000,0.0000000000,0.0000000000,1.0000000000,0,83.3,-146.5,1930.1,1,1.0000000000,0.0000000345,-0.0000000245,-0.0000000345,1.0000000000,-0.0000000109,0.0000000245,0.0000000109,1.0000000000,0,83.3,-546.7,1930.1,0,-122.4,-269.7,1887.5,1,168.1,-298.6,1876.6,1,-102.0,-921.4,1932.1,0,83.3,-931.6,1930.1,0,
18,0.9982070327,0.0492373221,0.0339584276,-0.0584991947,0.9219805598,0.3827781975,-0.0124625433,-0.3840787411,0.9232127070,1,20.2,433.2,1725.2,1,0.9982070327,0.0492373221,0.0339584276,-0.0584991947,0.9219805598,0.3827781975,-0.0124625433,-0.3840787411,0.9232127070,1,9.9,239.5,1805.8,1,0.9983240366,0.0494522266,0.0299726762,-0.0562797785,0.9499815702,0.3071756661,-0.0132834464,-0.3083479702,0.9511775970,1,-0.0,49.4,1867.5,1,0.3138991892,-0.2951279879,-0.9024227858,0.9176483154,-0.1496536136,0.3681378961,-0.2436985970,-0.9436649680,0.2238475084,1,-128.8,247.3,1807.7,1,-0.3017667532,-0.2951278687,-0.9065518975,0.9517030120,-0.1496535987,-0.2680766582,-0.0565518513,-0.9436647892,0.3260346055,1,-210.3,8.8,1871.0,1,0.3149418533,0.4447658956,0.8384479284,-0.9119055867,-0.1031170264,0.3972342312,0.2631344795,-0.8896910548,0.3731086850,1,148.5,231.7,1804.0,1,-0.2407540083,0.4447658956,0.8626823425,-0.9705542326,-0.1031170413,-0.2176953107,-0.0078662056,-0.8896909952,0.4564953148,1,236.8,-23.9,1877.7,1,1.0000000000,0.0000000000,-0.0000000000,-0.0000000000,1.0000000000,-0.0000000000,0.0000000000,0.0000000000,1.0000000000,0,-102.6,-135.5,1930.5,1,1.0000000000,0.0000000000,-0.0000000000,-0.0000000000,1.0000000000,-0.0000000000,0.0000000000,0.0000000000,1.0000000000,0,-102.6,-535.7,1930.5,0,1.0000000000,-0.0000000000,-0.0000000000,0.0000000000,1.0000000000,-0.0000000000,0.0000000000,0.0000000000,1.0000000000,0,82.7,-145.9,1928.0,1,1.0000000000,0.0000000311,-0.0000000220,-0.0000000311,1.0000000000,-0.0000000098,0.0000000220,0.0000000098,1.0000000000,0,82.7,-546.2,1928.0,0,-123.5,-265.1,1887.3,1,168.4,-299.8,1875.5,1,-102.6,-920.6,1930.5,0,82.7,-931.0,1928.0,0,
19,0.9983836412,0.0501370728,0.0266649723,-0.0565690808,0.9191551805,0.3897989094,-0.0049663335,-0.3906775415,0.9205106497,1,20.7,431.9,1723.1,1,0.9983836412,0.0501370728,0.0266649723,-0.0565690808,0.9191551805,0.3897989094,-0.0049663335,-0.3906775415,0.9205106497,1,10.2,238.8,1805.2,1,0.9985967278,0.0478701517,0.0225326326,-0.0525079407,0.9489418268,0.3110331297,-0.0064933938,-0.3117800653,0.9501287937,1,0.6,48.9,1867.6,1,0.3153370023,-0.2990525663,-0.9006276727,0.9162708521,-0.1510730833,0.3709778786,-0.2470024675,-0.9422019124,0.2263742387,1,-128.5,246.0,1806.1,1,-0.2946670651,-0.2990525961,-0.9076007009,0.9537521601,-0.1510730982,-0.2598726451,-0.0593984574,-0.9422020912,0.3297382891,1,-209.8,9.9,1869.7,1,0.3153397143,0.4419375658,0.8397929668,-0.9118186831,-0.1041128859,0.3971741796,0.2629593909,-0.8909837008,0.3701359630,1,148.8,231.5,1804.3,1,-0.2424288094,0.4419375658,0.8636664152,-0.9701448083,-0.1041128784,-0.2190425545,-0.0068843346,-0.8909837008,0.4539833665,1,236.9,-23.1,1877.7,1,1.0000000000,0.0000000000,-0.0000000000,-0.0000000000,1.0000000000,-0.0000000000,0.0000000000,0.0000000000,1.0000000000,0,-101.7,-136.2,1930.6,1,1.0000000000,0.0000000000,-0.0000000000,-0.0000000000,1.0000000000,-0.0000000000,0.0000000000,0.0000000000,1.0000000000,0,-101.7,-536.4,1930.6,0,1.0000000000,-0.0000000000,-0.0000000000,0.0000000000,1.0000000000,-0.0000000000,0.0000000000,0.0000000000,1.0000000000,0,83.7,-145.9,1929.4,1,1.0000000000,0.0000000280,-0.0000000198,-0.0000000280,1.0000000000,-0.0000000088,0.0000000198,0.0000000088,1.0000000000,0,83.7,-546.2,1929.4,0,-124.9,-264.7,1886.8,1,168.0,-298.8,1875.7,1,-101.7,-921.3,1930.6,0,83.7,-931.0,1929.4,0,
20,0.9984180331,0.0490332320,0.0274213683,-0.0558745787,0.9174768925,0.3938318789,-0.0058480892,-0.3947412968,0.9187700748,1,21.1,432.4,1721.5,1,0.9984180331,0.0490332320,0.0274213683,-0.0558745787,0.9174768925,0.3938318789,-0.0058480892,-0.3947412968,0.9187700748,1,10.7,239.2,1804.5,1,0.9985642433,0.0481712446,0.0233194157,-0.0530697592,0.9475582242,0.3151288331,-0.0069167977,-0.3159142137,0.9487591982,1,1.1,49.6,1867.8,1,0.3266221285,-0.2813760638,-0.9023001194,0.9133896232,-0.1514504552,0.3778651953,-0.2429759949,-0.9475706816,0.2075389177,1,-127.9,246.6,1805.5,1,-0.2970629036,-0.2813760936,-0.9124588966,0.9527066946,-0.1514504701,-0.2634631395,-0.0640600920,-0.9475708008,0.3130591810,1,-211.8,12.1,1867.9,1,0.3168140054,0.4382837415,0.8411517739,-0.9112141728,-0.1055262461,0.3981871605,0.2632825375,-0.8926206827,0.3659381568,1,149.4,231.9,1803.6,1,-0.2469146252,0.4382837415,0.8642572165,-0.9690142274,-0.1055262238,-0.2233286053,-0.0066794897,-0.8926206827,0.4507591426,1,237.8,-22.4,1877.0,1,1.0000000000,0.0000000000,-0.0000000000,-0.0000000000,1.0000000000,-0.0000000000,0.0000000000,0.0000000000,1.0000000000,0,-101.2,-135.1,1931.6,1,1.0000000000,0.0000000000,-0.0000000000,-0.0000000000,1.0000000000,-0.0000000000,0.0000000000,0.0000000000,1.0000000000,0,-101.2,-535.3,1931.6,0,1.0000000000,-0.0000000000,-0.0000000000,0.0000000000,1.0000000000,-0.0000000000,0.0000000000,0.0000000000,1.0000000000,0,84.2,-144.9,1930.3,1,1.0000000000,0.0000000252,-0.0000000179,-0.0000000252,1.0000000000,-0.0000000079,0.0000000179,0.0000000079,1.0000000000,0,84.2,-545.2,1930.3,0,-126.3,-262.1,1886.3,1,167.6,-297.8,1875.1,1,-101.2,-920.2,1931.6,0,84.2,-930.1,1930.3,0,
21,0.9982045889,0.0512985513,0.0308375061,-0.0593069978,0.9171829820,0.3940144777,-0.0080717485,-0.3951361179,0.9185835719,1,21.5,431.9,1721.2,1,0.9982045889,0.0512985513,0.0308375061,-0.0593069978,0.9171829820,0.3940144777,-0.0080717485,-0.3951361179,0.9185835719,1,10.7,238.9,1804.4,1,0.9984613061,0.0485817567,0.0266400576,-0.0545144379,0.9472993612,0.3156599998,-0.0099012526,-0.3166267872,0.9484952092,1,1.0,49.3,1867.7,1,0.3144938052,-0.2919576764,-0.9032465816,0.9169358015,-0.1527599096,0.3686369359,-0.2456062436,-0.9441531301,0.2196643949,1,-127.9,246.5,1805.7,1,-0.2963108420,-0.2919576466,-0.9093737602,0.9530397654,-0.1527598798,-0.2614949048,-0.0625703931,-0.9441531301,0.3235116601,1,-209.5,8.5,1869.5,1,0.3218299448,0.4391273856,0.8388043642,-0.9081620574,-0.1073249355,0.4046272039,0.2677074671,-0.8919914365,0.3642584085,1,149.4,231.3,1803.0,1,-0.2529068589,0.4391273856,0.8620936275,-0.9674566984,-0.1073249131,-0.2291481644,-0.0081011057,-0.8919913769,0.4519799352,1,239.3,-22.5,1877.8,1,1.0000000000,0.0000000000,-0.0000000000,-0.0000000000,1.0000000000,-0.0000000000,0.0000000000,0.0000000000,1.0000000000,0,-101.4,-135.2,1932.0,1,1.0000000000,0.0000000000,-0.0000000000,-0.0000000000,1.0000000000,-0.0000000000,0.0000000000,0.0000000000,1.0000000000,0,-101.4,-535.4,1932.0,0,1.0000000000,-0.0000000000,-0.0000000000,0.0000000000,1.0000000000,-0.0000000000,0.0000000000,0.0000000000,1.0000000000,0,84.0,-145.3,1930.2,1,1.0000000000,0.0000000227,-0.0000000161,-0.0000000227,1.0000000000,-0.0000000072,0.0000000161,0.0000000072,1.0000000000,0,84.0,-545.6,1930.2,0,-124.2,-265.8,1887.5,1,167.4,-297.5,1875.5,1,-101.4,-920.3,1932.0,0,84.0,-930.4,1930.2,0,
22,0.9982582927,0.0511607677,0.0292871725,-0.0584916100,0.9214583039,0.3840349615,-0.0073398622,-0.3850793242,0.9228507876,1,21.5,432.4,1724.6,1,0.9982582927,0.0511607677,0.0292871725,-0.0584916100,0.9214583039,0.3840349615,-0.0073398622,-0.3850793242,0.9228507876,1,10.8,238.7,1805.6,1,0.9984983206,0.0485325977,0.0253095422,-0.0539881214,0.9493956566,0.3093903959,-0.0090137059,-0.3102924228,0.9505951405,1,1.1,48.7,1867.7,1,0.3279732168,-0.2927994132,-0.8981660008,0.9121371508,-0.1492727846,0.3817374110,-0.2458442003,-0.9444502592,0.2181157470,1,-127.9,246.2,1806.8,1,-0.3028131723,-0.2927993834,-0.9069579244,0.9513743520,-0.1492727399,-0.2694521248,-0.0564886779,-0.9444501400,0.3237636089,1,-212.9,9.8,1870.5,1,0.3220990896,0.4316757321,0.8425605297,-0.9097633362,-0.1050563976,0.4016140997,0.2618834376,-0.8958902359,0.3588841558,1,149.4,231.2,1804.3,1,-0.2518167496,0.4316757023,0.8661664724,-0.9677430391,-0.1050563753,-0.2289901972,-0.0078531886,-0.8958901167,0.4442061484,1,239.1,-22.3,1877.3,1,1.0000000000,0.0000000000,-0.0000000000,-0.0000000000,1.0000000000,-0.0000000000,0.0000000000,0.0000000000,1.0000000000,0,-101.4,-136.3,1930.6,1,1.0000000000,0.0000000000,-0.0000000000,-0.0000000000,1.0000000000,-0.0000000000,0.0000000000,0.0000000000,1.0000000000,0,-101.4,-536.6,1930.6,0,1.0000000000,-0.0000000000,-0.0000000000,0.0000000000,1.0000000000,-0.0000000000,0.0000000000,0.0000000000,1.0000000000,0,84.0,-146.3,1928.9,1,1.0000000000,0.0000000204,-0.0000000145,-0.0000000204,1.0000000000,-0.0000000064,0.0000000145,0.0000000064,1.0000000000,0,84.0,-546.6,1928.9,0,-125.7,-264.1,1886.8,1,167.6,-297.4,1875.1,1,-101.4,-921.4,1930.6,0,84.0,-931.5,1928.9,0,
23,0.9984899163,0.0484565720,0.0257808212,-0.0546166971,0.9237587452,0.3790463805,-0.0054484401,-0.3798822463,0.9250152707,1,21.1,432.2,1726.4,1,0.9984899163,0.0484565720,0.0257808212,-0.0546166971,0.9237587452,0.3790463805,-0.0054484401,-0.3798822463,0.9250152707,1,11.0,238.3,1806.1,1,0.9985721707,0.0486237966,0.0220053624,-0.0530294813,0.9504973292,0.3061564565,-0.0060299896,-0.3068864644,0.9517236948,1,1.2,48.0,1867.5,1,0.3342645168,-0.2905985117,-0.8965600133,0.9099553823,-0.1482388973,0.3873068094,-0.2454558313,-0.9452925920,0.2148806602,1,-127.7,245.6,1806.9,1,-0.3013333380,-0.2905985117,-0.9081579447,0.9518358111,-0.1482389122,-0.2683914900,-0.0566301718,-0.9452925324,0.3212713599,1,-213.8,11.4,1870.1,1,0.3231229186,0.4257561564,0.8451765776,-0.9105230570,-0.1035661846,0.4002771676,0.2579521239,-0.8988915086,0.3541961908,1,149.6,230.9,1805.3,1,-0.2549290657,0.4257561564,0.8681836724,-0.9669146538,-0.1035661995,-0.2331312001,-0.0093425568,-0.8988914490,0.4380718768,1,239.9,-23.4,1877.3,1,1.0000000000,0.0000000000,-0.0000000000,-0.0000000000,1.0000000000,-0.0000000000,0.0000000000,0.0000000000,1.0000000000,0,-101.2,-137.3,1929.5,1,1.0000000000,0.0000000000,-0.0000000000,-0.0000000000,1.0000000000,-0.0000000000,0.0000000000,0.0000000000,1.0000000000,0,-101.2,-537.5,1929.5,0,1.0000000000,-0.0000000000,-0.0000000000,0.0000000000,1.0000000000,-0.0000000000,0.0000000000,0.0000000000,1.0000000000,0,84.2,-147.1,1928.4,1,1.0000000000,0.0000000184,-0.0000000130,-0.0000000184,1.0000000000,-0.0000000058,0.0000000130,0.0000000058,1.0000000000,0,84.2,-547.4,1928.4,0,-127.0,-262.6,1886.4,1,167.4,-298.2,1874.6,1,-101.2,-922.4,1929.5,0,84.2,-932.2,1928.4,0,
