1,0.9991237521,0.0003314880,-0.0418613367,0.0132514555,0.9460428357,0.3237715960,0.0397100262,-0.3240425587,0.9452084303,1,38.5,447.8,1745.4,1,0.9991237521,0.0003314880,-0.0418613367,0.0132514555,0.9460428357,0.3237715960,0.0397100262,-0.3240425587,0.9452084303,1,38.4,251.2,1812.7,1,0.9990380406,-0.0143301906,-0.0414532162,0.0249389466,0.9630651474,0.2681124806,0.0360801183,-0.2688882649,0.9624950290,1,41.3,58.5,1866.5,1,0.2621708810,-0.7618937492,-0.5922704935,0.9353572130,0.0496216416,0.3502064943,-0.2374307364,-0.6457983851,0.7256521583,1,-100.3,247.8,1807.7,1,-0.0673695281,-0.7611052990,-0.6451203227,0.9884119630,0.0372410938,-0.1471559107,0.1360260993,-0.6475584507,0.7497767210,1,-177.1,-26.3,1877.3,1,0.3140535951,0.8500003815,0.4229300618,-0.9141317010,0.1504268944,0.3764770329,0.2563855350,-0.5048477650,0.8242543936,1,177.2,254.7,1817.7,1,0.0035782582,0.8552477956,0.5182068348,-0.9963315129,0.0473574772,-0.0712789595,-0.0855021477,-0.5160507560,0.8522798419,1,266.5,-5.5,1890.7,1,0.9891577363,-0.0441788062,-0.1400549561,0.0416752733,0.9989155531,-0.0207595937,0.1408202052,0.0146976821,0.9899261594,1,-48.1,-136.5,1917.0,1,0.9900212884,0.0000695270,-0.1409175396,-0.0000789793,1.0000000000,-0.0000614840,0.1409175396,0.0000720000,0.9900212884,0,-30.4,-536.4,1911.1,1,0.9085380435,-0.3331710696,-0.2521025836,0.2891577780,0.9369632602,-0.1961828321,0.3015733063,0.1053421497,0.9476057291,1,136.4,-131.9,1923.7,1,0.9085381031,-0.3331711590,-0.2521025836,0.2891579270,0.9369632602,-0.1961827874,0.3015733063,0.1053420678,0.9476057887,1,269.8,-506.9,1881.5,1,-157.4,-315.5,1837.5,1,267.5,-269.1,1868.1,1,-30.4,-921.2,1911.1,0,398.0,-867.5,1841.0,1,
2,0.9988623857,-0.0002697011,-0.0476909913,0.0152280610,0.9494414330,0.3135758340,0.0451953039,-0.3139453232,0.9483644366,1,39.0,446.0,1748.7,1,0.9988623857,-0.0002697011,-0.0476909913,0.0152280610,0.9494414330,0.3135758340,0.0451953039,-0.3139453232,0.9483644366,1,39.0,249.2,1813.8,1,0.9987303615,-0.0176542923,-0.0471869148,0.0293335319,0.9652363658,0.2597288489,0.0409612618,-0.2607831955,0.9645277262,1,42.5,56.0,1866.0,1,0.2732477486,-0.7579625845,-0.5923075676,0.9317853451,0.0555837750,0.3587289155,-0.2389804125,-0.6499253511,0.7214466333,1,-99.7,245.1,1808.1,1,-0.0633871332,-0.7568424344,-0.6505163312,0.9897790551,0.0357619897,-0.1380525529,0.1277478039,-0.6526181698,0.7468399405,1,-178.0,-22.2,1876.6,1,0.3149046898,0.8526688218,0.4168824553,-0.9148097038,0.1556395292,0.3726923466,0.2528997362,-0.4987306595,0.8290413022,1,177.7,253.3,1819.5,1,0.0110058654,0.8587068915,0.5123488307,-0.9964795709,0.0520054698,-0.0657566413,-0.0831106231,-0.5098214149,0.8562561870,1,265.8,-2.7,1890.2,1,0.9883832335,-0.0452426858,-0.1450923085,0.0430568606,0.9989073277,-0.0181717351,0.1457559168,0.0117134182,0.9892513156,1,-47.1,-139.9,1914.3,1,0.9893036485,0.0000347660,-0.1458703130,-0.0000396223,1.0000000000,-0.0000303867,0.1458703130,0.0000358414,0.9893036485,0,-29.0,-539.7,1909.6,1,0.9068537354,-0.3343173862,-0.2566092610,0.2877821326,0.9360452294,-0.2024865001,0.3078926504,0.1097780690,0.9450666308,1,139.2,-134.4,1922.0,1,0.9068535566,-0.3343174458,-0.2566094100,0.2877823114,0.9360452294,-0.2024860829,0.3078926504,0.1097775996,0.9450666308,1,273.0,-509.0,1878.0,1,-159.6,-310.8,1839.4,1,268.7,-266.3,1868.2,1,-29.0,-924.5,1909.6,0,401.7,-869.2,1835.8,1,
3,0.9983637929,-0.0049844007,-0.0569704063,0.0224254206,0.9505287409,0.3098272383,0.0526077673,-0.3105978072,0.9490842223,1,39.6,445.5,1749.8,1,0.9983637929,-0.0049844007,-0.0569704063,0.0224254206,0.9505287409,0.3098272383,0.0526077673,-0.3105978072,0.9490842223,1,40.6,248.4,1814.2,1,0.9982064962,-0.0203613751,-0.0563017949,0.0343126133,0.9651898742,0.2592912018,0.0490624532,-0.2607579529,0.9641563892,1,44.7,55.3,1866.4,1,0.2836153209,-0.7324584126,-0.6189242005,0.9272577763,0.0449449122,0.3717163205,-0.2444492280,-0.6793267131,0.6919247508,1,-98.0,243.6,1807.4,1,-0.0644364357,-0.7324584126,-0.6777556539,0.9887627363,0.0449449308,-0.1425773799,0.1348936856,-0.6793267131,0.7213314176,1,-178.5,-19.6,1876.8,1,0.3104040623,0.8566087484,0.4121540487,-0.9181917906,0.1579203308,0.3632975221,0.2461162955,-0.4912055135,0.8355501294,1,179.2,253.2,1821.1,1,0.0068806726,0.8628108501,0.5054801106,-0.9964190722,0.0485151596,-0.0692477673,-0.0842711702,-0.5031935573,0.8600550294,1,266.3,-4.5,1890.1,1,0.9874504805,-0.0332286879,-0.1543937325,0.0357954837,0.9992628694,0.0138740940,0.1538189054,-0.0192265790,0.9879119992,1,-44.8,-141.1,1914.0,1,0.9880814552,0.0000173855,-0.1539318711,-0.0000199612,1.0000000000,-0.0000151876,0.1539318711,0.0000180793,0.9880814552,0,-31.5,-541.1,1921.7,1,0.9095686078,-0.3221628070,-0.2624810338,0.2733087242,0.9395812750,-0.2061296701,0.3130295873,0.1157507151,0.9426634312,1,142.3,-134.7,1923.2,1,0.9095685482,-0.3221627176,-0.2624811828,0.2733087540,0.9395813346,-0.2061292529,0.3130295873,0.1157502756,0.9426634908,1,271.2,-510.7,1876.9,1,-159.8,-307.2,1837.6,1,268.1,-268.1,1867.8,1,-31.5,-925.9,1921.7,0,395.2,-872.3,1832.3,1,
4,0.9985074401,-0.0048610829,-0.0544068366,0.0213344637,0.9516256452,0.3065195978,0.0502849892,-0.3072227538,0.9503079057,1,40.0,446.2,1750.9,1,0.9985074401,-0.0048610829,-0.0544068366,0.0213344637,0.9516256452,0.3065195978,0.0502849892,-0.3072227538,0.9503079057,1,41.1,248.8,1814.6,1,0.9983009100,-0.0227095913,-0.0536679029,0.0356953740,0.9662512541,0.2551177442,0.0460631214,-0.2565999031,0.9654191136,1,45.6,55.4,1866.0,1,0.2869224250,-0.7207564116,-0.6310195923,0.9262567163,0.0406889766,0.3746904135,-0.2443849742,-0.6919932365,0.6792800426,1,-97.6,243.8,1808.2,1,-0.0746209845,-0.7207563519,-0.6891602874,0.9879204035,0.0406889357,-0.1495245844,0.1358119994,-0.6919931769,0.7090137005,1,-178.8,-18.3,1877.4,1,0.3071967363,0.8566480279,0.4144685864,-0.9199691415,0.1558914036,0.3596591353,0.2434892356,-0.4917844236,0.8359790444,1,179.7,253.8,1821.0,1,0.0183638465,0.8625609279,0.5056201220,-0.9959029555,0.0605654381,-0.0671507344,-0.0885446891,-0.5023154020,0.8601390719,1,266.3,-5.8,1889.7,1,0.9881742597,-0.0229912736,-0.1516014040,0.0263199974,0.9994537234,0.0199868232,0.1510590613,-0.0237406138,0.9882395864,1,-42.7,-141.3,1913.1,1,0.9885135889,0.0000086927,-0.1511318684,-0.0000099830,1.0000000000,-0.0000077788,0.1511318684,0.0000091982,0.9885135889,0,-33.5,-541.3,1922.6,1,0.9354625940,-0.2252217680,-0.2723689079,0.1853010207,0.9687871933,-0.1646657288,0.3009538054,0.1035683900,0.9479981661,1,143.0,-134.6,1921.6,1,0.9442440271,-0.1635609120,-0.2857463062,0.1390178800,0.9847813845,-0.1043055281,0.2984579504,0.0587660223,0.9526118636,0,233.2,-522.4,1880.2,1,-157.1,-305.3,1838.0,1,271.2,-269.2,1866.3,1,-33.5,-926.2,1922.6,0,296.1,-901.4,1857.6,0,
5,0.9986662269,-0.0042471010,-0.0514631569,0.0195567012,0.9534806609,0.3008202910,0.0477915853,-0.3014254570,0.9522910118,1,39.4,446.2,1752.5,1,0.9986662269,-0.0042471010,-0.0514631569,0.0195567012,0.9534806609,0.3008202910,0.0477915853,-0.3014254570,0.9522910118,1,40.3,248.7,1814.9,1,0.9984189868,-0.0242464468,-0.0507177226,0.0362218805,0.9674219489,0.2505662739,0.0429901630,-0.2520071566,0.9667696953,1,45.2,55.1,1865.3,1,0.2806110084,-0.7477383614,-0.6017847061,0.9273201823,0.0494287014,0.3709906936,-0.2476585209,-0.6621512175,0.7072631121,1,-98.3,243.6,1808.9,1,-0.0684743822,-0.7477383614,-0.6604533195,0.9861683249,0.0494287089,-0.1582049876,0.1509412974,-0.6621510983,0.7340112925,1,-177.4,-17.6,1878.7,1,0.3104205430,0.8552233577,0.4150086045,-0.9188010097,0.1579597145,0.3617367446,0.2438110858,-0.4936008453,0.8348139524,1,179.0,253.7,1820.9,1,0.0139760384,0.8612865210,0.5079272985,-0.9959968328,0.0568447821,-0.0689853802,-0.0882891938,-0.5049298406,0.8586331606,1,266.6,-5.6,1889.7,1,0.9887879491,-0.0142460251,-0.1486455053,0.0185911972,0.9994382858,0.0278833024,0.1481647938,-0.0303341709,0.9884974360,1,-42.5,-141.9,1911.8,1,0.9889546037,0.0000043414,-0.1482185870,-0.0000049516,1.0000000000,-0.0000037480,0.1482185870,0.0000044405,0.9889546037,0,-36.8,-541.9,1923.9,1,0.9475976229,-0.1531908214,-0.2803415954,0.1263144612,0.9856860042,-0.1116593927,0.2934339643,0.0703969747,0.9533838630,1,142.6,-135.2,1919.7,1,0.9538404346,-0.0814613402,-0.2890545130,0.0694099814,0.9962466955,-0.0517187640,0.2921826839,0.0292681791,0.9559145570,0,203.9,-529.7,1891.6,1,-157.7,-301.8,1835.2,1,270.3,-269.1,1866.3,1,-36.8,-926.8,1923.9,0,235.2,-913.1,1880.3,0,
6,0.9983898997,-0.0054592611,-0.0564649217,0.0222271308,0.9534183741,0.3008321226,0.0521924421,-0.3016027808,0.9520037174,1,39.8,445.9,1752.2,1,0.9983898997,-0.0054592611,-0.0564649217,0.0222271308,0.9534183741,0.3008321226,0.0521924421,-0.3016027808,0.9520037174,1,40.9,248.4,1814.7,1,0.9981638789,-0.0237487908,-0.0557265729,0.0370908268,0.9669415355,0.2522874177,0.0478928834,-0.2538910508,0.9660460353,1,45.7,54.9,1865.5,1,0.2848631144,-0.7447141409,-0.6035345197,0.9252874851,0.0491612852,0.3760666847,-0.2503916025,-0.6655704975,0.7030789852,1,-97.7,243.3,1808.1,1,-0.0701886043,-0.7447141409,-0.6636824608,0.9859831929,0.0491612963,-0.1594375372,0.1513628811,-0.6655704379,0.7308250666,1,-178.2,-18.3,1878.9,1,0.2913039625,0.8617559671,0.4153535962,-0.9259041548,0.1448267996,0.3488934934,0.2405067384,-0.4862116873,0.8400920630,1,179.5,253.6,1821.4,1,0.0137398988,0.8661131859,0.4996591210,-0.9949318767,0.0616219193,-0.0794567540,-0.0996084958,-0.4960350692,0.8625702262,1,264.3,-15.8,1891.3,1,0.9928192496,-0.0117618833,-0.1190445796,0.0145447422,0.9996402264,0.0225348230,0.1187367067,-0.0241044778,0.9926331639,0,-41.6,-142.0,1911.9,1,0.9910501242,0.0000039376,-0.1334903985,-0.0000044320,1.0000000000,-0.0000034069,0.1334903985,0.0000039680,0.9910501242,0,-36.9,-542.1,1921.6,0,0.9484058619,-0.1277804524,-0.2901696563,0.1109208167,0.9910781384,-0.0738962516,0.2970232964,0.0378977843,0.9541178346,1,142.5,-135.2,1920.8,1,0.9543396831,-0.0405347571,-0.2959606051,0.0343943499,0.9990720153,-0.0259265695,0.2967368662,0.0145633807,0.9548481703,0,193.7,-531.9,1905.6,1,-157.9,-303.3,1835.1,1,267.9,-280.5,1864.8,1,-36.9,-927.0,1921.6,0,209.3,-916.4,1900.0,0,
7,0.9984599948,-0.0104330601,-0.0544905514,0.0263790153,0.9533125162,0.3008320630,0.0488080010,-0.3018061519,0.9521187544,1,39.4,446.1,1752.1,1,0.9984599948,-0.0104330601,-0.0544905514,0.0263790153,0.9533125162,0.3008320630,0.0488080010,-0.3018061519,0.9521187544,1,41.6,249.1,1814.5,1,0.9981986880,-0.0270557124,-0.0535522364,0.0397631861,0.9667078853,0.2527752519,0.0449304245,-0.2544492483,0.9660414457,1,47.0,55.7,1865.4,1,0.2797685266,-0.7479012609,-0.6019744277,0.9281467199,0.0503579229,0.3687922060,-0.2455059886,-0.6618970633,0.7082507014,1,-97.0,243.6,1808.2,1,-0.0660526231,-0.7479012609,-0.6605155468,0.9865240455,0.0503579266,-0.1556742340,0.1496911496,-0.6618971825,0.7344962955,1,-177.6,-23.7,1878.9,1,0.2921040654,0.8604180813,0.4175594151,-0.9260007143,0.1452640891,0.3484551311,0.2391607165,-0.4884454608,0.8391800523,1,180.2,254.6,1820.7,1,0.0062234835,0.8650311232,0.5016798377,-0.9958143234,0.0511099398,-0.0757739171,-0.0911876112,-0.4991083741,0.8617283702,1,265.2,-14.7,1890.3,1,0.9885073900,-0.0097323153,-0.1508590579,0.0152451405,0.9992558360,0.0354295000,0.1504019797,-0.0373221859,0.9879202247,1,-39.7,-141.5,1912.2,1,0.9886131883,-0.0001900123,-0.1504799277,0.0005015751,0.9999979138,0.0020325088,0.1504792273,-0.0020848420,0.9886110425,0,-35.8,-541.4,1927.1,1,0.9519400001,-0.1055440605,-0.2875250578,0.0887086168,0.9935237169,-0.0710033402,0.2931569517,0.0420849770,0.9551376104,1,144.5,-134.1,1920.5,1,0.9558541179,-0.0202045254,-0.2931460440,0.0171870720,0.9997695684,-0.0128657091,0.2933384180,0.0072594197,0.9559810162,0,186.8,-531.8,1903.6,1,-158.3,-311.2,1835.3,1,266.8,-280.4,1866.0,1,-35.8,-926.3,1927.9,0,194.6,-916.6,1900.8,0,
8,0.9984212518,-0.0113481348,-0.0550159365,0.0274546910,0.9530185461,0.3016661108,0.0490079336,-0.3027002811,0.9518245459,1,39.3,446.4,1751.6,1,0.9984212518,-0.0113481348,-0.0550159365,0.0274546910,0.9530185461,0.3016661108,0.0490079336,-0.3027002811,0.9518245459,1,41.7,249.1,1814.2,1,0.9981617928,-0.0275013261,-0.0540116243,0.0402772017,0.9668801427,0.2520340085,0.0452915654,-0.2537460923,0.9662094712,1,47.2,55.6,1865.0,1,0.2670633197,-0.7509379387,-0.6039614677,0.9310843349,0.0394479334,0.3626647890,-0.2485136837,-0.6591935158,0.7097216845,1,-96.9,243.5,1807.9,1,-0.0554636791,-0.7516881227,-0.6571823955,0.9883769751,0.0519735664,-0.1428628117,0.1415444016,-0.6574676633,0.7400685549,1,-174.3,-26.3,1880.0,1,0.2839946747,0.8632397652,0.4173299372,-0.9276532531,0.1372893900,0.3472910523,0.2425004393,-0.4857662916,0.8397766352,1,180.3,254.7,1820.5,1,0.0207404923,0.8666984439,0.4984012842,-0.9941452742,0.0707529783,-0.0816659704,-0.1060431376,-0.4937894940,0.8630914688,1,263.6,-17.4,1891.6,1,0.9884955883,-0.0024766983,-0.1512294263,0.0083527081,0.9992339611,0.0382320769,0.1510189027,-0.0390554108,0.9877591133,1,-39.1,-141.6,1911.6,1,0.9885240197,-0.0000950059,-0.1510635465,0.0002513629,0.9999994636,0.0010159466,0.1510633826,-0.0010422594,0.9885234833,0,-38.1,-541.6,1927.3,1,0.9375147223,-0.2088779956,-0.2782738507,0.1782588065,0.9751679897,-0.1314204931,0.2988146245,0.0736038759,0.9514685273,1,144.5,-134.2,1920.0,1,0.9440827370,-0.1671228707,-0.2842143476,0.1432502717,0.9843167067,-0.1029565409,0.2969633341,0.0564857125,0.9532167315,1,227.5,-521.8,1890.7,1,-158.1,-315.5,1838.5,1,269.1,-283.5,1863.3,1,-38.1,-926.4,1927.7,0,291.0,-895.4,1869.3,1,
9,0.9987910986,-0.0079130959,-0.0485212207,0.0221570954,0.9534943700,0.3005961776,0.0438861474,-0.3013078272,0.9525160193,1,38.9,446.6,1751.8,1,0.9987910986,-0.0079130959,-0.0485212207,0.0221570954,0.9534943700,0.3005961776,0.0438861474,-0.3013078272,0.9525160193,1,40.6,249.1,1814.2,1,0.9985386729,-0.0255063195,-0.0476499237,0.0366657935,0.9674184322,0.2505148649,0.0397077799,-0.2518958151,0.9669389725,1,45.7,55.5,1864.6,1,0.2562654912,-0.7576717734,-0.6002179980,0.9331850410,0.0320544392,0.3579639494,-0.2519795001,-0.6518482566,0.7152624130,1,-98.1,244.0,1808.7,1,-0.0312937908,-0.7597667575,-0.6494422555,0.9878010154,0.0756571889,-0.1361073256,0.1525447965,-0.6457790136,0.7481307387,1,-172.1,-25.7,1881.5,1,0.2918995023,0.8588488102,0.4209198058,-0.9251691103,0.1419123411,0.3520270288,0.2426043153,-0.4921784997,0.8360044956,1,179.2,254.2,1819.7,1,0.0190288331,0.8626483083,0.5054461956,-0.9942267537,0.0697201043,-0.0815615132,-0.1055986583,-0.5009760857,0.8589946628,1,264.5,-16.0,1890.5,1,0.9893543124,-0.0028548164,-0.1454988569,0.0078554200,0.9993975163,0.0338057466,0.1453146785,-0.0345888101,0.9887807369,1,-40.2,-141.4,1911.4,1,0.9893797636,-0.0000474979,-0.1453535706,0.0001227875,0.9999998212,0.0005090041,0.1453535110,-0.0005214460,0.9893797040,0,-39.1,-541.5,1925.2,1,0.9256647825,-0.2687833011,-0.2662711442,0.2322120965,0.9592427015,-0.1610309631,0.2987011075,0.0872292966,0.9503519535,1,141.8,-134.8,1918.6,1,0.9301843047,-0.2486363202,-0.2700690925,0.2152720392,0.9653786421,-0.1473162025,0.2973470986,0.0788928866,0.9515044689,1,248.7,-516.6,1883.9,1,-163.1,-312.7,1837.2,1,269.6,-282.6,1862.2,1,-39.1,-926.3,1925.4,0,343.4,-884.2,1853.9,1,
10,0.9989671707,-0.0060971007,-0.0450329594,0.0193962269,0.9533669353,0.3011903763,0.0410966352,-0.3017527461,0.9524996877,1,38.6,446.3,1751.9,1,0.9989671707,-0.0060971007,-0.0450329594,0.0193962269,0.9533669353,0.3011903763,0.0410966352,-0.3017527461,0.9524996877,1,39.8,248.9,1814.4,1,0.9987580180,-0.0228828788,-0.0442642458,0.0332594700,0.9676139951,0.2502347827,0.0371046923,-0.2513961494,0.9671723843,1,44.4,55.3,1864.7,1,0.2583258152,-0.7582492232,-0.5986033082,0.9343259335,0.0385900140,0.3543243408,-0.2455660254,-0.6508216858,0.7184208035,1,-98.8,244.3,1809.2,1,-0.0502217822,-0.7592158318,-0.6488983035,0.9883626699,0.0556272864,-0.1415791363,0.1435855776,-0.6484572291,0.7475870252,1,-174.1,-27.8,1880.7,1,0.2912663817,0.8577914238,0.4235064983,-0.9251854420,0.1399900764,0.3527528644,0.2433016896,-0.4945670962,0.8343905807,1,178.5,253.5,1819.5,1,0.0351466760,0.8613973856,0.5067143440,-0.9939926267,0.0827169120,-0.0716707408,-0.1036508232,-0.5011513233,0.8591297865,1,263.2,-15.5,1890.3,1,0.9896889329,-0.0111961747,-0.1427959800,0.0163351186,0.9992585182,0.0348666050,0.1422997266,-0.0368396789,0.9891378880,1,-42.2,-141.4,1911.6,1,0.9898155928,-0.0000237489,-0.1423559934,0.0000606225,0.9999999404,0.0002546867,0.1423559785,-0.0002607227,0.9898155928,0,-37.7,-541.4,1926.3,1,0.9172934294,-0.3007912338,-0.2609544992,0.2624451220,0.9495075345,-0.1719241291,0.2994915247,0.0892186388,0.9499183297,1,140.2,-135.3,1918.4,1,0.9198551774,-0.2909702361,-0.2630638778,0.2541851401,0.9529388547,-0.1652195007,0.2987577319,0.0851111040,0.9505260587,1,260.2,-514.1,1882.8,1,-159.4,-315.7,1838.9,1,272.6,-281.5,1862.5,1,-37.7,-926.2,1926.4,0,371.5,-878.6,1850.2,1,
11,0.9989764094,-0.0080940500,-0.0445092693,0.0211026035,0.9536387920,0.3002135158,0.0400159098,-0.3008455038,0.9528325796,1,38.8,445.9,1751.9,1,0.9989764094,-0.0080940500,-0.0445092693,0.0211026035,0.9536387920,0.3002135158,0.0400159098,-0.3008455038,0.9528325796,1,40.5,248.4,1814.3,1,0.9987861514,-0.0227076802,-0.0437161438,0.0329710469,0.9674916863,0.2507453561,0.0366012417,-0.2518823445,0.9670650363,1,45.0,54.7,1864.7,1,0.2591887116,-0.7582361102,-0.5982466936,0.9342131615,0.0396388620,0.3545058072,-0.2450852841,-0.6507738233,0.7186282277,1,-98.2,243.8,1809.2,1,-0.0494678877,-0.7600612640,-0.6479659081,0.9854403734,0.0685184374,-0.1556036472,0.1626659185,-0.6462291479,0.7456055880,1,-174.5,-31.4,1881.4,1,0.2974551916,0.8558493257,0.4231341183,-0.9232388139,0.1449503899,0.3558363318,0.2432088107,-0.4964992106,0.8332695365,1,179.2,252.9,1819.3,1,0.0237962436,0.8603001237,0.5092322230,-0.9950591326,0.0694945753,-0.0709058046,-0.0963891372,-0.5050289035,0.8577033281,1,264.7,-12.6,1889.3,1,0.9896684289,-0.0189698767,-0.1421145648,0.0224303529,0.9994887114,0.0227874964,0.1416096240,-0.0257397480,0.9895878434,1,-42.9,-141.9,1911.7,1,0.9899139404,-0.0000118745,-0.1416701823,0.0000302230,1.0000000000,0.0001273642,0.1416701823,-0.0001303613,0.9899139404,0,-35.3,-542.0,1922.0,1,0.9148061872,-0.3123708367,-0.2560356259,0.2707056999,0.9446613789,-0.1852924526,0.2997469306,0.1001963541,0.9487426281,1,142.1,-135.8,1918.5,1,0.9161427617,-0.3075239062,-0.2571219206,0.2666241825,0.9464622736,-0.1819913834,0.2993229032,0.0981751531,0.9490877390,1,266.9,-513.2,1878.4,1,-160.1,-318.4,1834.0,1,271.1,-278.6,1863.5,1,-35.3,-926.8,1922.0,0,384.8,-876.3,1840.8,1,
12,0.9989000559,-0.0077316826,-0.0462550744,0.0212281980,0.9540279508,0.2989659309,0.0418172106,-0.2996189594,0.9531416297,1,38.8,444.9,1752.0,1,0.9989000559,-0.0077316826,-0.0462550744,0.0212281980,0.9540279508,0.2989659309,0.0418172106,-0.2996189594,0.9531416297,1,40.4,247.2,1814.1,1,0.9986771941,-0.0240616594,-0.0454474539,0.0346962996,0.9675848484,0.2501525879,0.0379552618,-0.2513985038,0.9671387672,1,45.3,53.6,1864.4,1,0.2610183060,-0.7811220884,-0.5672017932,0.9332206249,0.0538906306,0.3552395403,-0.2469185591,-0.6220484376,0.7430256009,1,-98.2,242.4,1808.8,1,-0.0624640584,-0.7811219692,-0.6212460995,0.9845254421,0.0538906083,-0.1667496860,0.1637311727,-0.6220484376,0.7656682134,1,-174.8,-31.2,1881.2,1,0.3031928241,0.8549926281,0.4207867980,-0.9214991927,0.1505873352,0.3579981029,0.2427205741,-0.4962971807,0.8335320950,1,179.1,252.1,1819.3,1,0.0192471761,0.8600254655,0.5098879337,-0.9952582121,0.0651137456,-0.0722581744,-0.0953445807,-0.5060793757,0.8572007418,1,265.6,-10.7,1888.5,1,0.9895217419,-0.0161052030,-0.1434824914,0.0195013061,0.9995612502,0.0222942382,0.1430604756,-0.0248587318,0.9894016385,1,-42.4,-143.2,1911.2,1,0.9897071123,-0.0000059471,-0.1431079656,0.0000151911,1.0000000000,0.0000635017,0.1431079656,-0.0000650220,0.9897071123,0,-35.9,-543.3,1921.1,1,0.9128859639,-0.3179323375,-0.2560432553,0.2752595842,0.9426005483,-0.1890406162,0.3014486432,0.1020941734,0.9480007887,1,142.5,-136.8,1918.2,1,0.9135664105,-0.3155239820,-0.2565952241,0.2732338309,0.9435176253,-0.1873972118,0.3012304306,0.1010892913,0.9481778741,1,269.6,-513.8,1877.4,1,-156.5,-318.4,1833.4,1,270.7,-276.6,1863.1,1,-35.9,-928.2,1921.1,0,390.9,-876.3,1838.5,1,
13,0.9990611672,-0.0019899122,-0.0432836562,0.0149425650,0.9534863234,0.3010666072,0.0406713709,-0.3014306724,0.9526198506,1,39.6,445.0,1752.0,1,0.9990611672,-0.0019899122,-0.0432836562,0.0149425650,0.9534863234,0.3010666072,0.0406713709,-0.3014306724,0.9526198506,1,40.1,247.6,1814.4,1,0.9988805652,-0.0203743018,-0.0426972993,0.0304520521,0.9675864577,0.2506986558,0.0362056009,-0.2517181933,0.9671226740,1,44.1,54.0,1864.8,1,0.2584862113,-0.7821898460,-0.5668897629,0.9354385734,0.0561975986,0.3489934802,-0.2411212772,-0.6205005646,0.7462168932,1,-98.6,243.4,1809.4,1,-0.0737402886,-0.7809389830,-0.6202393174,0.9856411219,0.0376599543,-0.1646003276,0.1519009769,-0.6234710217,0.7669485211,1,-173.4,-27.1,1879.1,1,0.3055074513,0.8529614806,0.4232278466,-0.9211780429,0.1522446573,0.3581236601,0.2410315424,-0.4992776513,0.8322412968,1,178.8,251.8,1819.4,1,0.0152163422,0.8581500649,0.5131734014,-0.9954109192,0.0614945889,-0.0733184367,-0.0944756120,-0.5097028017,0.8551476598,1,265.9,-10.8,1888.2,1,0.9898173809,-0.0133633064,-0.1417143792,0.0173998512,0.9994763136,0.0272828210,0.1412755847,-0.0294708218,0.9895315170,1,-43.1,-142.5,1911.8,1,0.9899635911,-0.0000029736,-0.1413227171,0.0000075607,1.0000000000,0.0000319215,0.1413227171,-0.0000326696,0.9899635911,0,-37.8,-542.5,1923.6,1,0.9104853868,-0.3265659511,-0.2537147403,0.2835045755,0.9395624399,-0.1919572055,0.3010675311,0.1028449088,0.9480408430,1,139.5,-136.9,1918.5,1,0.9108344913,-0.3253705800,-0.2539971471,0.2824983597,0.9400316477,-0.1911416054,0.3009572029,0.1023445874,0.9481299520,1,270.2,-512.8,1877.3,1,-152.0,-313.3,1835.0,1,269.9,-276.7,1862.9,1,-37.8,-927.4,1923.6,0,395.3,-874.2,1838.0,1,
14,0.9993130565,0.0027503625,-0.0369656645,0.0085696504,0.9530849457,0.3025827706,0.0360637233,-0.3026916683,0.9524055123,1,40.9,445.2,1752.0,1,0.9993130565,0.0027503625,-0.0369656645,0.0085696504,0.9530849457,0.3025827706,0.0360637233,-0.3026916683,0.9524055123,1,40.3,248.0,1814.6,1,0.9991791248,-0.0174379703,-0.0365710035,0.0260733422,0.9676434994,0.2509718537,0.0310113449,-0.2517193556,0.9673027992,1,43.8,54.4,1865.0,1,0.2618441284,-0.7590965629,-0.5959950089,0.9349775314,0.0464137346,0.3516571224,-0.2392793745,-0.6493212581,0.7218914628,1,-98.4,244.4,1810.3,1,-0.0846453458,-0.7590965629,-0.6454514265,0.9819495082,0.0464137495,-0.1833600104,0.1691457629,-0.6493212581,0.7414658070,1,-174.7,-28.1,1880.0,1,0.3053024113,0.8506474495,0.4280064106,-0.9210034609,0.1495713294,0.3596958220,0.2419568449,-0.5040113926,0.8291136622,1,179.1,251.6,1818.9,1,0.0125574535,0.8554793000,0.5176849365,-0.9953498244,0.0601431802,-0.0752430335,-0.0955040529,-0.5143327713,0.8522564173,1,266.0,-10.7,1887.8,1,0.9903548956,-0.0246793274,-0.1363379508,0.0278525800,0.9993826151,0.0214162711,0.1357252300,-0.0250070728,0.9904308319,1,-44.5,-141.7,1912.5,1,0.9907364249,-0.0000014868,-0.1357990652,0.0000037128,1.0000000000,0.0000161387,0.1357990652,-0.0000164934,0.9907364249,0,-34.6,-541.7,1922.5,1,0.9114275575,-0.3260247707,-0.2510134280,0.2848917842,0.9401977062,-0.1867212951,0.2968780100,0.0986712426,0.9498039484,1,139.2,-136.9,1918.2,1,0.9116024971,-0.3254268467,-0.2511539161,0.2843870521,0.9404312372,-0.1863145381,0.2968247533,0.0984198824,0.9498466253,1,269.6,-513.1,1878.7,1,-150.0,-314.0,1830.8,1,269.4,-276.5,1862.3,1,-34.6,-926.5,1922.5,0,394.8,-874.9,1840.9,1,
15,0.9992176294,0.0078170588,-0.0387756042,0.0048134243,0.9489639401,0.3153488040,0.0392618477,-0.3152887523,0.9481827617,1,41.6,443.8,1748.0,1,0.9992176294,0.0078170588,-0.0387756042,0.0048134243,0.9489639401,0.3153488040,0.0392618477,-0.3152887523,0.9481827617,1,40.0,247.2,1813.3,1,0.9991731048,-0.0126855532,-0.0386350341,0.0223120749,0.9653313160,0.2600736618,0.0339965187,-0.2607206404,0.9648150206,1,42.5,54.0,1865.5,1,0.2683041394,-0.7443017960,-0.6115782857,0.9320501685,0.0400924236,0.3601044714,-0.2435066700,-0.6666391492,0.7044834495,1,-98.7,244.1,1808.6,1,-0.0961272344,-0.7443017364,-0.6608892679,0.9813706875,0.0400924310,-0.1878942698,0.1663466841,-0.6666390896,0.7265818715,1,-176.3,-25.5,1879.0,1,0.2991613746,0.8519267440,0.4297945499,-0.9230874777,0.1443006694,0.3564924598,0.2416858077,-0.5033867359,0.8295720220,1,178.7,250.3,1818.0,1,0.0293786619,0.8558270335,0.5164271593,-0.9938093424,0.0803892687,-0.0766855851,-0.1071448028,-0.5109772086,0.8528905511,1,264.0,-12.8,1886.9,1,0.9938234687,-0.0200218130,-0.1091514528,0.0220539104,0.9996046424,0.0174417756,0.1087590754,-0.0197412632,0.9938721061,0,-47.0,-141.2,1914.5,1,0.9924942851,-0.0000014394,-0.1222911030,0.0000032430,1.0000000000,0.0000145494,0.1222911030,-0.0000148368,0.9924942851,0,-39.0,-541.3,1922.4,0,0.9086550474,-0.3355371952,-0.2485174686,0.2924303710,0.9362276793,-0.1948390603,0.2980446815,0.1043674201,0.9488292336,1,137.1,-137.1,1920.8,1,0.9087448120,-0.3352406323,-0.2485896051,0.2921801209,0.9363479018,-0.1946369261,0.2980165482,0.1042423323,0.9488518238,1,271.4,-511.8,1879.0,1,-148.5,-310.3,1830.8,1,271.8,-277.1,1858.4,1,-39.0,-926.2,1922.4,0,400.4,-872.0,1838.9,1,
16,0.9992138147,0.0088959951,-0.0386392996,0.0040145796,0.9467987418,0.3218023181,0.0394464880,-0.3217044473,0.9460176229,1,43.3,445.2,1746.5,1,0.9992138147,0.0088959951,-0.0386392996,0.0040145796,0.9467987418,0.3218023181,0.0394464880,-0.3217044473,0.9460176229,1,41.4,248.7,1813.3,1,0.9992031455,-0.0101709114,-0.0386014692,0.0200537853,0.9640145898,0.2650932670,0.0345162265,-0.2656561136,0.9634492993,1,43.4,55.8,1866.4,1,0.2685652077,-0.7367702127,-0.6205179095,0.9323529005,0.0369511247,0.3596561849,-0.2420551032,-0.6751328111,0.6968536973,1,-97.3,245.9,1808.5,1,-0.1051051766,-0.7367702723,-0.6679241061,0.9801088572,0.0369511843,-0.1949907541,0.1683439761,-0.6751328707,0.7182312012,1,-176.2,-27.8,1879.5,1,0.2885125577,0.8543273807,0.4323022664,-0.9260051847,0.1341631711,0.3528662324,0.2434642166,-0.5021204948,0.8298193812,1,180.2,251.5,1818.0,1,0.0380383246,0.8567774296,0.5142818093,-0.9920503497,0.0941586792,-0.0834894106,-0.1199559271,-0.5070176721,0.8535477519,1,263.0,-14.4,1888.0,1,0.9960455298,-0.0161926355,-0.0873564407,0.0174936745,0.9997468591,0.0141484663,0.0871052220,-0.0156207010,0.9960766435,0,-46.7,-139.0,1916.4,1,0.9939188957,-0.0000013774,-0.1101144403,0.0000028387,1.0000000000,0.0000131137,0.1101144403,-0.0000133465,0.9939188957,0,-40.2,-539.1,1922.6,0,0.9109730124,-0.3315405846,-0.2453754246,0.2866811156,0.9366517067,-0.2012398988,0.2965505123,0.1129796058,0.9483108521,1,137.7,-135.3,1922.8,1,0.9110173583,-0.3313920796,-0.2454110235,0.2865556180,0.9367117286,-0.2011389285,0.2965352237,0.1129171401,0.9483230114,1,270.3,-510.1,1877.5,1,-145.6,-312.7,1830.6,1,273.1,-277.5,1856.1,1,-40.2,-924.0,1922.6,0,397.9,-870.5,1834.1,1,
17,0.9989668131,0.0100986939,-0.0443156399,0.0049468642,0.9450551271,0.3268744648,0.0451818258,-0.3267559707,0.9440276623,1,45.1,444.7,1745.7,1,0.9989668131,0.0100986939,-0.0443156399,0.0049468642,0.9450551271,0.3268744648,0.0451818258,-0.3267559707,0.9440276623,1,43.0,248.8,1813.5,1,0.9989672303,-0.0100456150,-0.0443172790,0.0215844754,0.9631134868,0.2682296038,0.0399881229,-0.2689091265,0.9623345733,1,45.0,56.1,1867.3,1,0.2708949149,-0.7285774946,-0.6291191578,0.9334409237,0.0391559899,0.3565878868,-0.2351680696,-0.6838434339,0.6906911731,1,-95.7,245.8,1807.9,1,-0.1098160371,-0.7285773754,-0.6761031151,0.9787729383,0.0391559899,-0.2011722028,0.1730429977,-0.6838433743,0.7088119388,1,-175.6,-29.4,1877.3,1,0.2891663611,0.8564759493,0.4275883138,-0.9250628352,0.1351061761,0.3549719155,0.2462550849,-0.4981919825,0.8313621879,1,181.7,251.8,1819.0,1,0.0309768021,0.8584011793,0.5120427608,-0.9891238809,0.1000216007,-0.1078401431,-0.1437854469,-0.5031331778,0.8521635532,1,265.0,-14.7,1890.0,1,0.9974684715,-0.0130646890,-0.0698992535,0.0138975596,0.9998379350,0.0114422673,0.0697384402,-0.0123847304,0.9974884391,0,-45.2,-138.7,1917.4,1,0.9950733781,-0.0000013061,-0.0991412327,0.0000024899,1.0000000000,0.0000118173,0.0991412327,-0.0000120060,0.9950733781,0,-40.0,-538.9,1922.4,0,0.9151498675,-0.3178422153,-0.2479458749,0.2709761858,0.9404217005,-0.2053750753,0.2984505594,0.1207615137,0.9467544556,1,139.2,-134.7,1924.8,1,0.9151710868,-0.3177673519,-0.2479630858,0.2709131241,0.9404509664,-0.2053240240,0.2984423935,0.1207301468,0.9467610121,1,266.4,-511.0,1876.5,1,-143.6,-314.5,1826.8,1,273.2,-277.3,1851.8,1,-40.0,-923.7,1922.4,0,388.7,-872.9,1830.0,1,
18,0.9987665415,0.0132437833,-0.0478573442,0.0038942620,0.9399172068,0.3413811028,0.0495032109,-0.3411464095,0.9387053251,1,47.2,441.5,1741.9,1,0.9987665415,0.0132437833,-0.0478573442,0.0038942620,0.9399172068,0.3413811028,0.0495032109,-0.3411464095,0.9387053251,1,44.4,247.1,1812.5,1,0.9988101125,-0.0085681835,-0.0480135903,0.0215962902,0.9603732228,0.2778802812,0.0437301211,-0.2785865366,0.9594145417,1,46.1,54.9,1868.2,1,0.2748779356,-0.7341671586,-0.6208384633,0.9315997362,0.0436457098,0.3608555496,-0.2378313988,-0.6775642037,0.6959474087,1,-94.3,244.1,1806.4,1,-0.1093484312,-0.7341673374,-0.6701053977,0.9773042202,0.0436456650,-0.2072956264,0.1814368665,-0.6775643229,0.7127322555,1,-174.3,-27.2,1875.6,1,0.2899672687,0.8563572764,0.4272837937,-0.9251972437,0.1366277337,0.3540382087,0.2448043227,-0.4979812801,0.8319168687,1,183.1,250.1,1818.5,1,0.0414645746,0.8578665853,0.5121968389,-0.9874572754,0.1133501381,-0.1099085286,-0.1523444355,-0.5012151599,0.8518065810,1,266.0,-14.4,1888.5,1,0.9851054549,0.0808160827,-0.1517761201,-0.0912712738,0.9938172102,-0.0632208660,0.1457284540,0.0761320144,0.9863909483,1,-44.4,-139.3,1919.9,1,0.9834598899,0.0979229510,-0.1523733586,-0.1096415445,0.9914686680,-0.0704882592,0.1441709995,0.0860288292,0.9858061075,1,-76.3,-532.3,1889.8,1,0.9167926908,-0.3184762895,-0.2409649342,0.2655816078,0.9368119240,-0.2277057767,0.2982577085,0.1447631419,0.9434437156,1,140.1,-135.3,1928.0,1,0.9168032408,-0.3184390068,-0.2409732938,0.2655500174,0.9368267655,-0.2276809514,0.2982527316,0.1447481960,0.9434474707,1,267.5,-510.1,1870.1,1,-142.7,-309.9,1823.1,1,277.0,-276.4,1848.1,1,-113.6,-910.0,1857.0,1,390.0,-870.5,1814.4,1,
19,0.9979840517,0.0177712031,-0.0609303899,0.0047090030,0.9366224408,0.3503094912,0.0632942766,-0.3498902023,0.9346495867,1,50.3,439.0,1739.4,1,0.9979840517,0.0177712031,-0.0609303899,0.0047090030,0.9366224408,0.3503094912,0.0632942766,-0.3498902023,0.9346495867,1,46.6,245.0,1811.9,1,0.9980994463,-0.0060040778,-0.0613343865,0.0232931711,0.9581682086,0.2852571905,0.0570560247,-0.2861436903,0.9564859867,1,47.8,53.3,1869.2,1,0.2886491120,-0.7200609446,-0.6310262680,0.9272162914,0.0459542572,0.3716965616,-0.2386458218,-0.6923877001,0.6809167862,1,-91.9,241.8,1804.0,1,-0.1201866865,-0.7200607657,-0.6834234595,0.9744648933,0.0459542051,-0.2197869420,0.1896661371,-0.6923876405,0.6961509585,1,-175.2,-25.6,1872.8,1,0.2879332304,0.8605825901,0.4201098382,-0.9273995161,0.1411839426,0.3464063406,0.2387984544,-0.4893515706,0.8387553096,1,185.2,248.2,1819.8,1,0.0456178971,0.8624463677,0.5040884614,-0.9878262281,0.1140704602,-0.1057693511,-0.1487219930,-0.4931268394,0.8571509123,1,266.1,-12.2,1886.9,1,0.9749571085,0.1418541670,-0.1712783277,-0.1622865498,0.9803888798,-0.1118072718,0.1520590484,0.1368034482,0.9788579941,1,-42.7,-140.6,1921.2,1,0.9736165404,0.1502173841,-0.1717716604,-0.1712878197,0.9784639478,-0.1151899248,0.1507688463,0.1415732056,0.9783791304,1,-99.0,-529.2,1867.0,1,0.9392971992,-0.2138019353,-0.2683461607,0.1730673164,0.9705632925,-0.1674951911,0.2962577343,0.1108857915,0.9486494660,1,140.8,-136.4,1931.7,1,0.9465721846,-0.1617622077,-0.2789879143,0.1336666346,0.9840866327,-0.1170763969,0.2934868038,0.0735298768,0.9531310797,0,226.4,-524.8,1887.3,1,-140.4,-307.2,1818.0,1,278.2,-274.3,1847.4,1,-156.3,-902.8,1812.9,1,288.7,-903.6,1859.0,0,
20,0.9969573021,0.0172976982,-0.0760097280,0.0109235402,0.9344487190,0.3559306860,0.0771840438,-0.3556779623,0.9314154387,1,52.9,437.6,1737.7,1,0.9969573021,0.0172976982,-0.0760097280,0.0109235402,0.9344487190,0.3559306860,0.0771840438,-0.3556779623,0.9314154387,1,49.4,244.5,1811.2,1,0.9970651269,-0.0035508694,-0.0764792711,0.0257533863,0.9562698007,0.2913508415,0.0721003264,-0.2924653292,0.9535536170,1,50.1,53.1,1869.8,1,0.2914950848,-0.6999792457,-0.6519660950,0.9267751575,0.0378709435,0.3737027347,-0.2368935645,-0.7131584883,0.6597624421,1,-89.1,240.9,1801.2,1,-0.1298459619,-0.6999791265,-0.7022600770,0.9752002954,0.0378709212,-0.2180598080,0.1792325377,-0.7131584287,0.6777025461,1,-171.5,-21.1,1868.2,1,0.2676928937,0.8700698018,0.4139071405,-0.9354087114,0.1317014396,0.3281239271,0.2309785336,-0.4750087857,0.8491263986,1,187.8,248.0,1821.2,1,0.0561531074,0.8703445792,0.4892312586,-0.9838497639,0.1316481680,-0.1212781221,-0.1699601263,-0.4745199084,0.8636807799,1,264.5,-20.1,1887.4,1,0.9839406013,0.1155905724,-0.1360136569,-0.1286932975,0.9874238968,-0.0918265805,0.1236888468,0.1078559533,0.9864421487,0,-40.5,-140.6,1921.7,1,0.9786057472,0.1364565045,-0.1539819986,-0.1535425037,0.9825364947,-0.1051036268,0.1369508654,0.1264977902,0.9824677110,0,-86.8,-535.9,1878.5,0,0.9473081827,-0.1464066803,-0.2849077880,0.1072267294,0.9830602407,-0.1486440301,0.3018440008,0.1102619767,0.9469596744,1,142.1,-135.9,1934.9,1,0.9515070915,-0.0805448517,-0.2968950570,0.0658959895,0.9960783124,-0.0590392910,0.3004860580,0.0366121121,0.9530832171,0,200.7,-529.4,1890.8,1,-134.0,-302.3,1816.5,1,279.5,-282.3,1842.1,1,-139.3,-914.0,1829.8,0,231.7,-912.7,1876.7,0,
21,0.9958519340,0.0210929718,-0.0885126293,0.0133334715,0.9284315705,0.3712646961,0.0900090560,-0.3709048629,0.9242981076,1,56.1,435.1,1733.4,1,0.9958519340,0.0210929718,-0.0885126293,0.0133334715,0.9284315705,0.3712646961,0.0900090560,-0.3709048629,0.9242981076,1,51.8,243.0,1810.1,1,0.9960098863,-0.0007836369,-0.0892421603,0.0279611032,0.9523558617,0.3037053049,0.0847523510,-0.3049887717,0.9485767484,1,51.9,52.4,1871.1,1,0.3003177643,-0.6533957124,-0.6948980093,0.9259821773,0.0249326229,0.3767431080,-0.2288367003,-0.7566058636,0.6125205159,1,-86.5,239.1,1798.3,1,-0.1530069113,-0.6533957720,-0.7413925529,0.9744802713,0.0249326006,-0.2230843455,0.1642471999,-0.7566058636,0.6329063773,1,-170.0,-18.5,1862.0,1,0.2658336759,0.8743438721,0.4060238004,-0.9356482029,0.1325825453,0.3270844817,0.2321526408,-0.4668455124,0.8533232212,1,190.1,246.9,1821.9,1,0.0430922471,0.8743055463,0.4834594131,-0.9756860733,0.1409144253,-0.1678687930,-0.2148950100,-0.4644707441,0.8591199517,1,267.7,-26.6,1889.7,1,0.9696020484,0.1301683635,-0.2071906626,-0.1629055738,0.9752233028,-0.1496706158,0.1825747937,0.1788734496,0.9667837024,1,-39.2,-140.7,1924.4,1,0.9692984819,0.1322518885,-0.2072917074,-0.1651612222,0.9747284651,-0.1504201740,0.1821597815,0.1800386012,0.9666456580,1,-91.1,-529.6,1853.1,1,0.9484412074,-0.1085860580,-0.2977721393,0.0719689280,0.9887242317,-0.1313197464,0.3086740077,0.1031187400,0.9455616474,1,143.4,-135.6,1939.9,1,0.9508022070,-0.0400683284,-0.3071967661,0.0325173251,0.9990309477,-0.0296616312,0.3080875576,0.0182131249,0.9511836767,0,186.8,-531.3,1898.7,1,-126.0,-299.1,1814.7,1,279.3,-287.1,1832.3,1,-141.8,-903.6,1784.0,1,202.2,-915.8,1891.7,0,
22,0.9940438271,0.0240460299,-0.1062970236,0.0180034358,0.9257231355,0.3777739108,0.1074856147,-0.3774375618,0.9197753668,1,60.2,433.4,1731.2,1,0.9940438271,0.0240460299,-0.1062970236,0.0180034358,0.9257231355,0.3777739108,0.1074856147,-0.3774375618,0.9197753668,1,55.2,242.0,1809.2,1,0.9942374229,0.0017109568,-0.1071892902,0.0320917852,0.9492699504,0.3128213286,0.1022868231,-0.3144585490,0.9437437057,1,54.9,52.0,1872.1,1,0.3095188737,-0.6136926413,-0.7263466120,0.9240461588,0.0138908476,0.3820284307,-0.2243584394,-0.7894228101,0.5713798404,1,-82.8,237.5,1795.0,1,-0.1852955967,-0.6136926413,-0.7674939036,0.9693866968,0.0138908476,-0.2451456487,0.1611052305,-0.7894228101,0.5923315883,1,-168.2,-17.4,1856.9,1,0.2619242370,0.8805350065,0.3950366676,-0.9383101463,0.1365909725,0.3176744282,0.2257649750,-0.4538735449,0.8619913459,1,193.2,246.4,1823.4,1,0.0437566973,0.8802751303,0.4724416435,-0.9696682096,0.1512503028,-0.1920076162,-0.2404764593,-0.4497100115,0.8601930141,1,270.4,-29.8,1889.9,1,0.9804932475,0.1073567420,-0.1646437049,-0.1283646673,0.9841004610,-0.1227551997,0.1488473415,0.1414950788,0.9786846638,0,-36.0,-140.8,1925.7,1,0.9750962853,0.1208726466,-0.1859490573,-0.1475672722,0.9795008302,-0.1371206194,0.1655631363,0.1611457914,0.9729444385,0,-78.9,-534.7,1869.1,0,0.9453096986,-0.0917507261,-0.3130035102,0.0513002239,0.9895003438,-0.1351191849,0.3221143782,0.1116723269,0.9400912523,1,145.0,-135.0,1944.4,1,0.9466488957,-0.0199688170,-0.3216475248,0.0159856863,0.9997593760,-0.0150201134,0.3218700588,0.0090770172,0.9467403889,0,181.8,-531.1,1899.7,1,-114.9,-296.4,1810.5,1,282.1,-289.5,1825.4,1,-125.5,-911.7,1807.1,0,189.5,-915.8,1896.2,0,
23,0.9921609759,0.0331550948,-0.1204902455,0.0169336013,0.9196033478,0.3924837112,0.1238160729,-0.3914473653,0.9118318558,1,63.6,431.4,1726.1,1,0.9921609759,0.0331550948,-0.1204902455,0.0169336013,0.9196033478,0.3924837112,0.1238160729,-0.3914473653,0.9118318558,1,56.7,240.7,1807.3,1,0.9924612641,0.0110129956,-0.1220650226,0.0296109095,0.9449039698,0.3260064125,0.1189300343,-0.3271631896,0.9374533296,1,54.5,51.6,1872.7,1,0.2967678308,-0.5644409060,-0.7702826262,0.9324646592,-0.0027278960,0.3612508476,-0.2060060054,-0.8254689574,0.5255116820,1,-81.0,236.6,1790.8,1,-0.2041644901,-0.5644409060,-0.7998270392,0.9693872333,-0.0027278885,-0.2455215156,0.1364005506,-0.8254688978,0.5477188230,1,-162.2,-18.6,1847.1,1,0.2601895630,0.9017487168,0.3451820910,-0.9394889474,0.1539250314,0.3060516715,0.2228495181,-0.4039261937,0.8872326612,1,194.5,244.8,1823.8,1,0.0489479527,0.9017487168,0.4294803441,-0.9648013115,0.1539250016,-0.2132265717,-0.2583845556,-0.4039261937,0.8775426149,1,271.2,-31.9,1889.4,1,0.9874942899,0.0878785104,-0.1308908015,-0.1013466120,0.9898068309,-0.1000562906,0.1207638159,0.1120703518,0.9863348007,0,-40.2,-140.2,1927.1,1,0.9798046350,0.1102545634,-0.1668135375,-0.1319022179,0.9833764434,-0.1247900203,0.1502818316,0.1442729235,0.9780596495,0,-75.4,-536.4,1882.2,0,0.9421766996,-0.0730049014,-0.3270677328,0.0236796476,0.9880461097,-0.1523287147,0.3342787325,0.1357757151,0.9326428771,1,144.9,-134.7,1949.3,1,0.9425046444,-0.0099663390,-0.3340445757,0.0078801671,0.9999400377,-0.0075997305,0.3341002762,0.0045304536,0.9425266981,0,174.1,-530.1,1894.9,1,-103.5,-297.5,1807.9,1,284.3,-291.9,1819.8,1,-117.9,-914.8,1826.7,0,178.0,-915.0,1893.2,0,
