1,0.9155690670,0.0010650683,-0.4021632075,0.0395706855,0.9949043393,0.0927205831,0.4002144635,-0.1008046940,0.9108617306,1,-625.8,156.7,2165.3,1,0.9155690670,0.0010650683,-0.4021632075,0.0395706855,0.9949043393,0.0927205831,0.4002144635,-0.1008046940,0.9108617306,1,-626.0,-50.0,2186.2,1,0.9155904055,-0.0227880515,-0.4014698267,0.0376119539,0.9988679886,0.0290789325,0.4003545344,-0.0417234190,0.9154112935,1,-621.5,-249.3,2194.6,1,0.3719778061,-0.7253977060,-0.5791637897,0.8409911990,0.5274599195,-0.1204980761,0.3928946853,-0.4422490597,0.8062565327,1,-747.9,-55.0,2133.0,1,-0.6241344213,-0.7253976464,-0.2902659774,-0.2330852896,0.5274599195,-0.8169806004,0.7457394600,-0.4422489703,-0.4982854724,1,-838.1,-259.1,2037.6,1,-0.0000005960,1.0000001192,0.0000000000,-1.0000001192,-0.0000005960,0.0000000000,0.0000000000,-0.0000000000,1.0000000000,0,-504.2,-44.9,2239.5,1,0.0000170469,0.9999990463,0.0000000000,-0.9999990463,0.0000170469,-0.0000000000,-0.0000000000,-0.0000000000,1.0000000000,0,-504.2,-306.6,2239.5,0,0.9214183688,-0.3822738826,-0.0696773902,0.0354912207,0.2613629103,-0.9645879865,0.3869479001,0.8863160014,0.2543919683,1,-701.6,-452.2,2165.9,1,0.9214183092,-0.2512304783,-0.2964313030,0.0354912281,0.8140980601,-0.5796418190,0.3869478405,0.5235719085,0.7590413690,1,-549.9,-555.9,1814.2,1,0.9972007275,-0.0017126016,0.0747515634,0.0685949028,0.4188212156,-0.9054742455,-0.0297568310,0.9080671668,0.4177663326,0,-532.3,-445.2,2239.9,1,0.9961870313,-0.0864602253,0.0116605768,0.0868632868,0.9954085350,-0.0402073190,-0.0081307022,0.0410668850,0.9991233349,0,-531.6,-612.8,1876.5,0,-679.2,-199.7,1847.7,1,-504.2,-568.3,2239.5,0,-469.8,-815.4,1647.3,1,-498.4,-995.8,1860.7,0,
2,0.8991072178,-0.0165095087,-0.4374207258,0.0540129095,0.9958350658,0.0734353065,0.4343883097,-0.0896513760,0.8962543011,1,-623.8,153.4,2159.3,1,0.8991072178,-0.0165095087,-0.4374207258,0.0540129095,0.9958350658,0.0734353065,0.4343883097,-0.0896513760,0.8962543011,1,-620.4,-54.9,2178.1,1,0.8991379142,-0.0372349620,-0.4360822141,0.0528719611,0.9983170629,0.0237714536,0.4344650507,-0.0444293208,0.8995935917,1,-613.0,-254.2,2186.9,1,0.4139627814,-0.7165142298,-0.5614643693,0.8419011235,0.5359195471,-0.0631887764,0.3461753726,-0.4465397000,0.8250848055,1,-740.0,-62.0,2120.3,1,-0.6366425157,-0.7165142894,-0.2851203680,-0.2407471389,0.5359194875,-0.8092164397,0.7326165438,-0.4465397000,-0.5136879086,1,-838.5,-262.3,2037.9,1,-0.0000005960,1.0000001192,0.0000000000,-1.0000001192,-0.0000005960,0.0000000000,0.0000000000,-0.0000000000,1.0000000000,0,-500.8,-47.9,2235.9,1,0.0000170469,0.9999990463,0.0000000000,-0.9999990463,0.0000170469,-0.0000000000,-0.0000000000,-0.0000000000,1.0000000000,0,-500.8,-309.5,2235.9,0,0.9213510752,-0.3783964217,-0.0890410990,0.0394046307,0.3187874854,-0.9470067620,0.3867291510,0.8690171242,0.3086257279,1,-688.5,-458.3,2155.7,1,0.9216734171,-0.3310635388,-0.2022747844,0.0388192236,0.5974499583,-0.8009660840,0.3860197067,0.7303770185,0.5635053515,1,-538.0,-585.1,1810.1,1,0.9981358051,-0.0083256960,0.0604615472,0.0528662801,0.6129612327,-0.7883424163,-0.0304970853,0.7900691628,0.6122586727,0,-522.5,-448.6,2235.9,1,0.9969110489,-0.0778552368,0.0103385001,0.0781817660,0.9962803721,-0.0362359621,-0.0074788854,0.0369323157,0.9992898107,0,-519.2,-693.9,1919.8,0,-675.9,-200.8,1850.8,1,-500.8,-571.2,2235.9,0,-426.2,-787.0,1563.3,1,-489.2,-1077.2,1905.5,0,
3,0.9038528800,-0.0174031872,-0.4274929762,0.0562814437,0.9953248501,0.0784757063,0.4241305292,-0.0949891657,0.9006068110,1,-624.0,149.8,2161.8,1,0.9038528800,-0.0174031872,-0.4274929762,0.0562814437,0.9953248501,0.0784757063,0.4241305292,-0.0949891657,0.9006068110,1,-620.4,-58.1,2181.7,1,0.9037993550,-0.0478422679,-0.4252775609,0.0579165854,0.9982619286,0.0107818376,0.4240244627,-0.0343742333,0.9049994946,1,-610.9,-257.3,2188.5,1,0.4113955796,-0.6990728378,-0.5848511457,0.8299453855,0.5525513887,-0.0766653717,0.3767549992,-0.4538547099,0.8075094819,1,-740.6,-65.8,2125.3,1,-0.6519267559,-0.6990728974,-0.2937493324,-0.2317686677,0.5525515079,-0.8006062508,0.7219935656,-0.4538547695,-0.5222463012,1,-838.0,-262.3,2036.0,1,-0.0000005960,1.0000001192,0.0000000000,-1.0000001192,-0.0000005960,0.0000000000,0.0000000000,-0.0000000000,1.0000000000,0,-500.2,-50.4,2238.1,1,0.0000170469,0.9999990463,0.0000000000,-0.9999990463,0.0000170469,-0.0000000000,-0.0000000000,-0.0000000000,1.0000000000,0,-500.2,-312.0,2238.1,0,0.9232382774,-0.3736506999,-0.0895339251,0.0471536219,0.3414449692,-0.9387182593,0.3813236356,0.8624386787,0.3328540325,1,-684.8,-461.9,2156.2,1,0.9239687920,-0.3542883396,-0.1440881938,0.0461708903,0.4772996306,-0.8775268197,0.3796707690,0.8041546941,0.4573678076,1,-535.7,-598.1,1812.3,1,0.9987763762,-0.0111759854,0.0481751971,0.0404116325,0.7459545732,-0.6647696495,-0.0285070576,0.6659030914,0.7454934716,0,-517.9,-451.2,2234.5,1,0.9974976778,-0.0701010898,0.0091780126,0.0703656152,0.9969867468,-0.0326515026,-0.0068614502,0.0332156159,0.9994246364,0,-513.4,-749.7,1968.1,0,-671.3,-203.1,1851.4,1,-500.2,-573.7,2238.1,0,-408.9,-769.0,1524.3,1,-486.4,-1133.4,1955.3,0,
4,0.9042776823,-0.0167745631,-0.4266188443,0.0596872829,0.9943809509,0.0874154121,0.4227571785,-0.1045102701,0.9001978636,1,-624.9,154.9,2162.6,1,0.9042776823,-0.0167745631,-0.4266188443,0.0596872829,0.9943809509,0.0874154121,0.4227571785,-0.1045102701,0.9001978636,1,-621.4,-52.4,2184.4,1,0.9042558074,-0.0459475778,-0.4245154560,0.0603811070,0.9979614615,0.0206010584,0.4227053821,-0.0442603342,0.9051870108,1,-612.2,-251.6,2193.2,1,0.3812497556,-0.7072820067,-0.5953156948,0.8387367129,0.5354574919,-0.0990252644,0.3888050616,-0.4615597725,0.7973664403,1,-741.7,-60.4,2128.1,1,-0.6523298621,-0.7072820663,-0.2724296153,-0.2427352369,0.5354574919,-0.8089283109,0.7180148363,-0.4615598321,-0.5209771991,1,-834.8,-265.4,2033.1,1,-0.0000005960,1.0000001192,0.0000000000,-1.0000001192,-0.0000005960,0.0000000000,0.0000000000,-0.0000000000,1.0000000000,0,-501.1,-44.4,2240.6,1,0.0000170469,0.9999990463,0.0000000000,-0.9999990463,0.0000170469,-0.0000000000,-0.0000000000,-0.0000000000,1.0000000000,0,-501.1,-306.0,2240.6,0,0.9483907223,-0.2969173789,-0.1113330424,0.0774035081,0.5572334528,-0.8267402649,0.3075120747,0.7754552364,0.5514575243,0,-686.7,-456.3,2162.9,1,0.9371386766,-0.3156278133,-0.1488294601,0.0608813763,0.5678399205,-0.8208844662,0.3436052799,0.7602216005,0.5513606071,0,-567.9,-679.3,1852.6,0,0.9903478622,0.0568227768,0.1264221519,0.1371230781,-0.2686354518,-0.9534319043,-0.0202151760,0.9615644813,-0.2738342285,1,-519.3,-445.2,2241.2,1,0.9903476834,-0.1329732686,0.0391087420,0.1371230632,0.9811002016,-0.1365268379,-0.0202151760,0.1405717582,0.9898641109,1,-545.6,-321.3,1797.6,1,-668.2,-203.4,1849.7,1,-501.1,-567.7,2240.6,0,-446.4,-897.8,1560.1,0,-494.4,-698.5,1743.5,1,
5,0.9060494304,-0.0182191655,-0.4227831960,0.0586169660,0.9948439598,0.0827472135,0.4190975726,-0.0997540653,0.9024459720,1,-626.4,155.3,2164.0,1,0.9060494304,-0.0182191655,-0.4227831960,0.0586169660,0.9948439598,0.0827472135,0.4190975726,-0.0997540653,0.9024459720,1,-622.6,-52.3,2184.8,1,0.9060375094,-0.0477670878,-0.4204967618,0.0589776263,0.9981641173,0.0136884786,0.4190728068,-0.0372011662,0.9071915150,1,-613.0,-251.6,2192.2,1,0.3745023906,-0.7069971561,-0.5999191999,0.8412830830,0.5311239958,-0.1007479131,0.3898599446,-0.4669715166,0.7936919332,1,-743.1,-60.2,2129.0,1,-0.6526747346,-0.7069971561,-0.2723432481,-0.2357365936,0.5311239958,-0.8138400316,0.7200306058,-0.4669715464,-0.5133162737,1,-834.2,-264.9,2034.1,1,-0.0000005960,1.0000001192,0.0000000000,-1.0000001192,-0.0000005960,0.0000000000,0.0000000000,-0.0000000000,1.0000000000,0,-502.0,-44.5,2240.5,1,0.0000170469,0.9999990463,0.0000000000,-0.9999990463,0.0000170469,-0.0000000000,-0.0000000000,-0.0000000000,1.0000000000,0,-502.0,-306.1,2240.5,0,0.9213927388,-0.3756812215,-0.0994945318,0.0518415943,0.3725364506,-0.9265685081,0.3851597309,0.8485754132,0.3627282977,1,-687.2,-456.2,2160.9,1,0.9215722680,-0.3714262247,-0.1129034162,0.0516473874,0.4055546522,-0.9126105905,0.3847559988,0.8352053165,0.3929311037,1,-537.0,-605.2,1821.7,1,0.9931187630,0.0275302269,0.1138295680,0.1107359678,0.0955753922,-0.9892435074,-0.0381133966,0.9950413704,0.0918691158,0,-519.7,-445.3,2238.4,1,0.9921768308,-0.1200114861,0.0343852751,0.1233748719,0.9846817851,-0.1232088730,-0.0190720707,0.1264872700,0.9917848706,0,-530.8,-483.6,1840.2,0,-666.7,-204.4,1849.3,1,-502.0,-567.8,2240.5,0,-396.7,-758.4,1506.2,1,-484.6,-862.5,1791.5,0,
6,0.9082857966,-0.0159613676,-0.4180496931,0.0551608168,0.9951156378,0.0818512216,0.4147031903,-0.0974029899,0.9047299623,1,-626.1,153.3,2165.1,1,0.9082857966,-0.0159613676,-0.4180496931,0.0551608168,0.9951156378,0.0818512216,0.4147031903,-0.0974029899,0.9047299623,1,-622.7,-53.8,2185.4,1,0.9082159400,-0.0465692915,-0.4159067571,0.0573861487,0.9982589483,0.0135371992,0.4145541191,-0.0361609757,0.9093073010,1,-613.4,-253.1,2192.6,1,0.3793255985,-0.7104635239,-0.5927509069,0.8396590948,0.5334413052,-0.1020435095,0.3886960149,-0.4590009749,0.7988951802,1,-743.6,-61.5,2130.3,1,-0.6462618709,-0.7104635835,-0.2785446942,-0.2363995910,0.5334413052,-0.8121303320,0.7255761623,-0.4590010345,-0.5126960874,1,-834.9,-263.7,2036.7,1,-0.0000005960,1.0000001192,0.0000000000,-1.0000001192,-0.0000005960,0.0000000000,0.0000000000,-0.0000000000,1.0000000000,0,-501.9,-46.2,2240.6,1,0.0000170469,0.9999990463,0.0000000000,-0.9999990463,0.0000170469,-0.0000000000,-0.0000000000,-0.0000000000,1.0000000000,0,-501.9,-307.9,2240.6,0,0.9212093353,-0.3769706488,-0.0962622911,0.0524079278,0.3653934598,-0.9293766618,0.3855213523,0.8511056304,0.3563601077,1,-688.1,-457.6,2161.6,1,0.9212998152,-0.3749859929,-0.1029184610,0.0523184538,0.3818016350,-0.9227623343,0.3853173852,0.8447561860,0.3713724315,1,-537.3,-603.8,1821.2,1,0.9952870607,0.0086570382,0.0965854377,0.0860415697,0.3805589676,-0.9207451344,-0.0447273739,0.9247161150,0.3780205250,0,-520.2,-447.0,2238.2,1,0.9936600924,-0.1082702950,0.0302847456,0.1109960005,0.9875860810,-0.1111469865,-0.0178748760,0.1138038039,0.9933424592,0,-523.7,-599.3,1868.1,0,-669.9,-203.3,1851.4,1,-501.9,-569.5,2240.6,0,-394.4,-749.3,1499.2,1,-482.1,-979.3,1824.3,0,
7,0.9116406441,-0.0188010726,-0.4105620086,0.0519710071,0.9962064028,0.0697790384,0.4076944590,-0.0849494636,0.9091596603,1,-626.7,154.5,2169.2,1,0.9116406441,-0.0188010726,-0.4105620086,0.0519710071,0.9962064028,0.0697790384,0.4076944590,-0.0849494636,0.9091596603,1,-622.8,-52.8,2186.9,1,0.9115885496,-0.0463552773,-0.4084859788,0.0535653904,0.9985436201,0.0062211244,0.4076045752,-0.0275507979,0.9127442241,1,-613.6,-252.1,2192.4,1,0.3842874467,-0.7073864937,-0.5932347775,0.8354463577,0.5399078131,-0.1026102006,0.3928771317,-0.4561840296,0.7984633446,1,-744.1,-60.0,2132.7,1,-0.6469426155,-0.7073864937,-0.2847271264,-0.2345749140,0.5399078131,-0.8083775640,0.7255616784,-0.4561840594,-0.5152245760,1,-837.3,-262.6,2037.4,1,-0.0000005960,1.0000001192,0.0000000000,-1.0000001192,-0.0000005960,0.0000000000,0.0000000000,-0.0000000000,1.0000000000,0,-501.5,-45.7,2241.1,1,0.0000170469,0.9999990463,0.0000000000,-0.9999990463,0.0000170469,-0.0000000000,-0.0000000000,-0.0000000000,1.0000000000,0,-501.5,-307.4,2241.1,0,0.9202708602,-0.3784070313,-0.0995471925,0.0527977571,0.3721773326,-0.9266587496,0.3877033889,0.8475211859,0.3624829948,1,-688.5,-456.4,2160.3,1,0.9203104377,-0.3774157166,-0.1028881073,0.0527595058,0.3803628087,-0.9233312607,0.3876145184,0.8443230391,0.3699641824,1,-537.1,-605.3,1821.2,1,0.9968514442,-0.0022850148,0.0792585686,0.0655492395,0.5861771107,-0.8075268865,-0.0446143448,0.8101796508,0.5844812393,0,-520.1,-446.5,2235.6,1,0.9948626161,-0.0976451859,0.0267173592,0.0998538956,0.9899406433,-0.1002331749,-0.0166613143,0.1023860648,0.9946051836,0,-519.2,-681.1,1911.3,0,-672.0,-202.7,1852.1,1,-501.5,-569.0,2241.1,0,-392.6,-751.0,1497.9,1,-481.6,-1062.0,1871.9,0,
8,0.9062424302,-0.0329797082,-0.4214739203,0.0535549819,0.9978752732,0.0370690823,0.4193577766,-0.0561644211,0.9060834646,1,-629.0,155.6,2171.3,1,0.9062424302,-0.0329797082,-0.4214739203,0.0535549819,0.9978752732,0.0370690823,0.4193577766,-0.0561644211,0.9060834646,1,-622.1,-52.3,2183.0,1,0.9060698152,-0.0550916083,-0.4195302427,0.0574666411,0.9983215928,-0.0069862409,0.4192128778,-0.0177779570,0.9077153206,1,-611.1,-251.6,2186.5,1,0.4057551622,-0.7109891772,-0.5743319988,0.8407651782,0.5367868543,-0.0705249682,0.3584362864,-0.4542624950,0.8155790567,1,-742.7,-60.0,2127.2,1,-0.6398477554,-0.7109891772,-0.2917007208,-0.2258648872,0.5367867947,-0.8129237890,0.7345610261,-0.4542624950,-0.5040493011,1,-839.9,-261.5,2041.3,1,-0.0000005960,1.0000001192,0.0000000000,-1.0000001192,-0.0000005960,0.0000000000,0.0000000000,-0.0000000000,1.0000000000,0,-501.6,-44.7,2238.8,1,0.0000170469,0.9999990463,0.0000000000,-0.9999990463,0.0000170469,-0.0000000000,-0.0000000000,-0.0000000000,1.0000000000,0,-501.6,-306.3,2238.8,0,0.9194359779,-0.3792501986,-0.1039570421,0.0527236685,0.3808611333,-0.9231279492,0.3896896541,0.8432758451,0.3701728582,1,-683.4,-456.1,2151.6,1,0.9194526076,-0.3787453771,-0.1056362838,0.0527074113,0.3849512041,-0.9214307070,0.3896524310,0.8416439891,0.3739070296,1,-531.7,-608.5,1814.2,1,0.9773316383,0.0856675953,0.1936081052,0.2067832500,-0.1900314242,-0.9597545862,-0.0454282463,0.9780333042,-0.2034383416,1,-516.9,-445.6,2228.6,1,0.9773316383,-0.1707676351,0.1251457185,0.2067832500,0.8967838287,-0.3911772072,-0.0454282463,0.4081878662,0.9117669463,1,-553.9,-363.4,1805.7,1,-675.9,-203.6,1853.0,1,-501.6,-568.0,2238.8,0,-386.3,-756.3,1491.1,1,-490.3,-697.5,1653.6,1,
9,0.9022336006,-0.0408956148,-0.4293079078,0.0628716350,0.9973295927,0.0371248573,0.4266451597,-0.0604854636,0.9023956656,1,-628.5,155.2,2167.3,1,0.9022336006,-0.0408956148,-0.4293079078,0.0628716350,0.9973295927,0.0371248573,0.4266451597,-0.0604854636,0.9023956656,1,-619.9,-53.8,2180.0,1,0.9019222260,-0.0622381940,-0.4273943007,0.0688941404,0.9976226687,0.0001084446,0.4263733923,-0.0295417830,0.9040661454,1,-607.5,-252.9,2185.9,1,0.4249471426,-0.7110337615,-0.5602239370,0.8402910233,0.5400074720,-0.0479883850,0.3366464674,-0.4503585994,0.8269499540,1,-739.9,-63.0,2123.3,1,-0.6353304386,-0.7110337615,-0.3013074696,-0.2189330906,0.5400074720,-0.8126870394,0.7405562401,-0.4503586292,-0.4987519979,1,-840.3,-261.5,2043.7,1,-0.0000005960,1.0000001192,0.0000000000,-1.0000001192,-0.0000005960,0.0000000000,0.0000000000,-0.0000000000,1.0000000000,0,-499.9,-44.6,2236.7,1,0.0000170469,0.9999990463,0.0000000000,-0.9999990463,0.0000170469,-0.0000000000,-0.0000000000,-0.0000000000,1.0000000000,0,-499.9,-306.3,2236.7,0,0.9228435755,-0.3676104248,-0.1149882078,0.0561358258,0.4237104952,-0.9040564895,0.3810622990,0.8278477192,0.4116546810,1,-678.2,-458.4,2152.5,1,0.9228600860,-0.3673077524,-0.1158198789,0.0561169982,0.4257587194,-0.9030948877,0.3810250759,0.8269307613,0.4135279655,1,-531.2,-627.7,1821.6,1,0.9839745164,0.0421242267,0.1732617915,0.1646238863,0.1587073207,-0.9735045433,-0.0685060397,0.9864267111,0.1492292881,0,-512.0,-445.7,2231.1,1,0.9815748334,-0.1564540267,0.1096948981,0.1857278943,0.9161047339,-0.3553270102,-0.0448996834,0.3691534400,0.9282832146,0,-528.9,-509.2,1836.3,0,-677.9,-205.5,1854.5,1,-499.9,-568.0,2236.7,0,-390.2,-791.2,1504.1,1,-468.7,-861.7,1694.3,0,
10,0.9060754180,-0.0345500037,-0.4217068553,0.0692028999,0.9953393936,0.0671404302,0.4174236655,-0.0900164694,0.9042438269,1,-627.8,156.5,2164.8,1,0.9060754180,-0.0345500037,-0.4217068553,0.0692028999,0.9953393936,0.0671404302,0.4174236655,-0.0900164694,0.9042438269,1,-620.6,-51.7,2183.7,1,0.9058407545,-0.0613181517,-0.4191607535,0.0740809366,0.9971494675,0.0142226927,0.4170957506,-0.0439343415,0.9078014493,1,-608.3,-250.7,2192.4,1,0.4183086157,-0.7050659657,-0.5726255774,0.8332034349,0.5488734841,-0.0671570152,0.3616490960,-0.4490212500,0.8170617819,1,-741.1,-61.6,2128.2,1,-0.6402823329,-0.7050659657,-0.3048287630,-0.2205478251,0.5488734245,-0.8062857985,0.7357969284,-0.4490212202,-0.5069347620,1,-841.9,-262.5,2041.0,1,-0.0000005960,1.0000001192,0.0000000000,-1.0000001192,-0.0000005960,0.0000000000,0.0000000000,-0.0000000000,1.0000000000,0,-500.0,-41.8,2239.1,1,0.0000170469,0.9999990463,0.0000000000,-0.9999990463,0.0000170469,-0.0000000000,-0.0000000000,-0.0000000000,1.0000000000,0,-500.0,-303.5,2239.1,0,0.9279606342,-0.3601612151,-0.0957768038,0.0587383062,0.3951282203,-0.9167461991,0.3680205345,0.8450785279,0.3878186345,1,-679.6,-456.6,2162.7,1,0.9279741645,-0.3600191474,-0.0961780548,0.0587234870,0.3961519897,-0.9163051844,0.3679885566,0.8446595669,0.3887604177,1,-535.7,-614.5,1824.9,1,0.9890809655,0.0141927190,0.1466883272,0.1266766340,0.4267789125,-0.8954400420,-0.0753122121,0.9042446017,0.4203209877,0,-512.6,-442.9,2239.7,1,0.9850336909,-0.1429656893,0.0962777361,0.1667440981,0.9318540096,-0.3222491443,-0.0436462387,0.3334800303,0.9417462945,0,-518.2,-613.7,1877.8,0,-679.2,-206.4,1853.9,1,-500.0,-565.2,2239.1,0,-397.4,-766.7,1500.5,1,-463.2,-972.3,1749.5,0,
11,0.9083976746,-0.0223608520,-0.4175127447,0.0733318031,0.9916098118,0.1064415723,0.4116315544,-0.1273069978,0.9024161100,1,-625.8,156.9,2157.1,1,0.9083976746,-0.0223608520,-0.4175127447,0.0733318031,0.9916098118,0.1064415723,0.4116315544,-0.1273069978,0.9024161100,1,-621.1,-50.8,2183.7,1,0.9082494974,-0.0559244789,-0.4146787524,0.0770935267,0.9964264035,0.0344723426,0.4112709761,-0.0632775724,0.9093155265,1,-609.9,-249.7,2196.4,1,0.4095520377,-0.7114909291,-0.5710060596,0.8363645673,0.5428121090,-0.0764809549,0.3643645048,-0.4462462962,0.8173755407,1,-741.9,-61.1,2129.0,1,-0.6339743733,-0.7114908695,-0.3030797243,-0.2219535857,0.5428122282,-0.8099948168,0.7408192754,-0.4462463260,-0.5020469427,1,-840.8,-262.9,2041.1,1,-0.0000005960,1.0000001192,0.0000000000,-1.0000001192,-0.0000005960,0.0000000000,0.0000000000,-0.0000000000,1.0000000000,0,-500.2,-40.5,2238.5,1,0.0000170469,0.9999990463,0.0000000000,-0.9999990463,0.0000170469,-0.0000000000,-0.0000000000,-0.0000000000,1.0000000000,0,-500.2,-302.2,2238.5,0,0.9517903328,-0.2851826549,-0.1129865497,0.0834670439,0.5952129364,-0.7992213964,0.2951751351,0.7512605190,0.5903213024,0,-682.6,-455.6,2171.1,1,0.9402679801,-0.3231716156,-0.1070335507,0.0733031556,0.4992208481,-0.8633684516,0.3324495852,0.8039517999,0.4930909276,0,-568.4,-693.8,1870.4,0,0.9927290678,-0.0020378381,0.1203529164,0.0958416834,0.6182963848,-0.7800794244,-0.0728240982,0.7859423757,0.6139961481,0,-514.9,-441.4,2247.0,1,0.9878497720,-0.1303556263,0.0846184045,0.1496599317,0.9446762800,-0.2918708920,-0.0418899916,0.3009885550,0.9527072310,0,-514.1,-688.8,1932.4,0,-679.8,-206.6,1852.9,1,-500.2,-563.9,2238.5,0,-444.1,-885.9,1561.1,0,-464.0,-1052.3,1816.6,0,
12,0.9077929854,-0.0194670316,-0.4189703465,0.0643163323,0.9935676455,0.0931895077,0.4144631624,-0.1115421653,0.9032059908,1,-623.7,152.7,2162.2,1,0.9077929854,-0.0194670316,-0.4189703465,0.0643163323,0.9935676455,0.0931895077,0.4144631624,-0.1115421653,0.9032059908,1,-619.7,-54.4,2185.4,1,0.9075531363,-0.0551330224,-0.4163061976,0.0707167536,0.9972504377,0.0220924020,0.4139454961,-0.0494888723,0.9089568853,1,-608.7,-253.4,2195.3,1,0.4135541022,-0.7116261125,-0.5679449439,0.8308946490,0.5500292778,-0.0841547847,0.3722730577,-0.4370998442,0.8187530637,1,-740.4,-63.8,2130.4,1,-0.6321290731,-0.7116260529,-0.3065962493,-0.2297698557,0.5500292778,-0.8029157519,0.7400125861,-0.4370997846,-0.5111997128,1,-840.7,-265.2,2040.1,1,-0.0000005960,1.0000001192,0.0000000000,-1.0000001192,-0.0000005960,0.0000000000,0.0000000000,-0.0000000000,1.0000000000,0,-498.9,-44.9,2240.5,1,0.0000170469,0.9999990463,0.0000000000,-0.9999990463,0.0000170469,-0.0000000000,-0.0000000000,-0.0000000000,1.0000000000,0,-498.9,-306.6,2240.5,0,0.9682585001,-0.2228372395,-0.1132212803,0.0900264904,0.7334858179,-0.6737164259,0.2331753075,0.6421387196,0.7302651405,0,-681.5,-458.9,2167.0,1,0.9506888390,-0.2888860703,-0.1128521189,0.0826095492,0.5865865946,-0.8056623936,0.2989421487,0.7566115856,0.5815260410,0,-592.3,-752.5,1910.0,0,0.9952277541,-0.0104694329,0.0970157981,0.0720369965,0.7494712472,-0.6581060290,-0.0658205599,0.6619541049,0.7466487885,0,-513.9,-445.9,2243.4,1,0.9901401997,-0.1186409071,0.0744764060,0.1343061626,0.9551053643,-0.2640750408,-0.0398027077,0.2714739442,0.9616224170,0,-509.7,-745.8,1978.5,0,-680.1,-206.8,1852.1,1,-498.9,-568.3,2240.5,0,-481.1,-978.2,1618.9,0,-464.1,-1113.3,1874.1,0,
13,0.9093823433,-0.0197266135,-0.4154970646,0.0652087852,0.9932842255,0.0955604911,0.4108235240,-0.1139938235,0.9045617580,1,-625.3,154.3,2162.3,1,0.9093823433,-0.0197266135,-0.4154970646,0.0652087852,0.9932842255,0.0955604911,0.4108235240,-0.1139938235,0.9045617580,1,-621.2,-53.5,2186.1,1,0.9092006087,-0.0534561947,-0.4129162729,0.0701510683,0.9972125292,0.0253650304,0.4104113281,-0.0520274416,0.9104166031,1,-610.5,-252.5,2196.5,1,0.4042761028,-0.7160373330,-0.5690794587,0.8352915049,0.5425193310,-0.0892243162,0.3726245165,-0.4392759800,0.8174273968,1,-742.1,-62.8,2131.5,1,-0.6289651990,-0.7160372734,-0.3028090000,-0.2284338623,0.5425192714,-0.8083877563,0.7431154847,-0.4392759204,-0.5047929287,1,-840.2,-265.3,2041.2,1,-0.0000005960,1.0000001192,0.0000000000,-1.0000001192,-0.0000005960,0.0000000000,0.0000000000,-0.0000000000,1.0000000000,0,-500.2,-44.1,2240.7,1,0.0000170469,0.9999990463,0.0000000000,-0.9999990463,0.0000170469,-0.0000000000,-0.0000000000,-0.0000000000,1.0000000000,0,-500.2,-305.8,2240.7,0,0.9793151617,-0.1731437743,-0.1047043577,0.0865957364,0.8263221979,-0.5565004945,0.1828741431,0.5359224677,0.8242233992,0,-683.8,-458.0,2169.0,1,0.9594405293,-0.2574656606,-0.1148273423,0.0877988636,0.6599587202,-0.7461540103,0.2678903639,0.7058086991,0.6557962894,0,-614.5,-788.7,1954.5,0,0.9968962669,-0.0140848216,0.0774557590,0.0541264340,0.8370639086,-0.5444210768,-0.0571673512,0.5469237566,0.8352283239,0,-515.9,-445.1,2244.8,1,0.9920016527,-0.1078130603,0.0656433105,0.1205208153,0.9635812044,-0.2387174815,-0.0375157930,0.2447195202,0.9688678384,0,-510.2,-780.0,2025.9,0,-680.6,-207.4,1852.6,1,-500.2,-567.4,2240.7,0,-515.4,-1042.6,1682.9,0,-468.8,-1150.8,1931.7,0,
14,0.9100744724,-0.0129391048,-0.4142465889,0.0677788258,0.9907013178,0.1179599836,0.4088702500,-0.1354282796,0.9024892449,1,-625.0,155.1,2156.3,1,0.9100744724,-0.0129391048,-0.4142465889,0.0677788258,0.9907013178,0.1179599836,0.4088702500,-0.1354282796,0.9024892449,1,-622.3,-51.7,2184.6,1,0.9099196792,-0.0481105596,-0.4119887054,0.0728158578,0.9963521957,0.0444695391,0.4083483815,-0.0704620555,0.9101040363,1,-612.7,-250.6,2198.6,1,0.4001532197,-0.7202956676,-0.5666142106,0.8413771391,0.5338165164,-0.0844064727,0.3632655740,-0.4429607391,0.8196487427,1,-743.4,-61.4,2130.2,1,-0.6263536215,-0.7202955484,-0.2980861664,-0.2261053622,0.5338165164,-0.8148105741,0.7460277677,-0.4429606497,-0.4972206354,1,-840.4,-265.4,2042.2,1,-0.0000005960,1.0000001192,0.0000000000,-1.0000001192,-0.0000005960,0.0000000000,0.0000000000,-0.0000000000,1.0000000000,0,-501.2,-42.0,2238.9,1,0.0000170469,0.9999990463,0.0000000000,-0.9999990463,0.0000170469,-0.0000000000,-0.0000000000,-0.0000000000,1.0000000000,0,-501.2,-303.7,2238.9,0,0.9308184981,-0.3654802442,-0.0011095532,0.0558334105,0.1451975107,-0.9878260493,0.3611920178,0.9194248319,0.1555585116,1,-687.1,-456.1,2175.0,1,0.9310331345,-0.3310857117,-0.1534911692,0.0555164292,0.5442018509,-0.8371154666,0.3606871665,0.7708609700,0.5250506997,1,-552.9,-509.5,1837.2,1,0.9854288101,0.1085219681,0.1309697181,0.1245741472,0.0637823865,-0.9901580811,-0.1158074662,0.9920458198,0.0493339635,1,-519.1,-442.7,2250.4,1,0.9854289293,-0.0836707577,0.1480854303,0.1245741472,0.9478275776,-0.2934353948,-0.1158075035,0.3076072931,0.9444397688,0,-562.5,-468.2,1853.4,1,-680.6,-207.7,1851.9,1,-501.2,-565.3,2238.9,0,-428.0,-714.7,1546.5,1,-530.3,-832.9,1735.0,0,
15,0.9093655944,-0.0160108600,-0.4156932533,0.0675159320,0.9916899204,0.1094999388,0.4104875624,-0.1276401579,0.9028901458,1,-625.4,155.1,2159.3,1,0.9093655944,-0.0160108600,-0.4156932533,0.0675159320,0.9916899204,0.1094999388,0.4104875624,-0.1276401579,0.9028901458,1,-622.0,-51.5,2185.9,1,0.9092542529,-0.0488517508,-0.4133681655,0.0709293410,0.9967474937,0.0382210873,0.4101584852,-0.0640716553,0.9097623825,1,-612.3,-250.4,2198.7,1,0.3977308571,-0.7204668522,-0.5681001544,0.8407247663,0.5341328382,-0.0887920484,0.3674126267,-0.4423005283,0.8181554675,1,-743.0,-60.9,2131.3,1,-0.6247782707,-0.7204668522,-0.3009647131,-0.2231383771,0.5341328382,-0.8154210448,0.7482389212,-0.4423005581,-0.4944783449,1,-839.5,-264.9,2042.2,1,-0.0000005960,1.0000001192,0.0000000000,-1.0000001192,-0.0000005960,0.0000000000,0.0000000000,-0.0000000000,1.0000000000,0,-501.0,-42.0,2240.5,1,0.0000170469,0.9999990463,0.0000000000,-0.9999990463,0.0000170469,-0.0000000000,-0.0000000000,-0.0000000000,1.0000000000,0,-501.0,-303.7,2240.5,0,0.9527310729,-0.3005434275,-0.0444649309,0.0889744684,0.4159485102,-0.9050250649,0.2904944420,0.8582893014,0.4230278134,0,-686.4,-455.9,2173.6,1,0.9431419969,-0.2941673100,-0.1547537893,0.0669811442,0.6242287159,-0.7783649564,0.3255712986,0.7237431407,0.6084399819,0,-566.1,-622.4,1830.2,0,0.9979999661,0.0368933342,0.0513336211,0.0479875021,0.0864771754,-0.9950975180,-0.0411516502,0.9955704808,0.0845337883,1,-518.6,-442.8,2249.3,1,0.9979999065,-0.0412355587,0.0479154140,0.0479875021,0.9875817895,-0.1495977044,-0.0411516465,0.1515978426,0.9875852466,0,-533.4,-477.4,1850.9,1,-680.6,-208.2,1851.9,1,-501.0,-565.3,2240.5,0,-452.9,-862.5,1551.7,0,-517.5,-857.4,1792.6,0,
16,0.9077196717,-0.0113171674,-0.4194281399,0.0711166784,0.9893212318,0.1272142380,0.4135113955,-0.1453019679,0.8988316655,1,-625.3,155.4,2154.3,1,0.9077196717,-0.0113171674,-0.4194281399,0.0711166784,0.9893212318,0.1272142380,0.4135113955,-0.1453019679,0.8988316655,1,-623.0,-50.6,2184.6,1,0.9076508284,-0.0456629097,-0.4172384143,0.0735150054,0.9959920645,0.0509193242,0.4132429957,-0.0768892989,0.9073704481,1,-613.9,-249.4,2199.9,1,0.3909892440,-0.7261877656,-0.5654897690,0.8470535874,0.5242460966,-0.0875564963,0.3600382805,-0.4447664917,0.8200945854,1,-743.7,-60.4,2129.6,1,-0.6189402342,-0.7261878252,-0.2992728055,-0.2169141620,0.5242460966,-0.8234769106,0.7548915148,-0.4447665215,-0.4819974899,1,-837.6,-263.7,2043.2,1,-0.0000005960,1.0000001192,0.0000000000,-1.0000001192,-0.0000005960,0.0000000000,0.0000000000,-0.0000000000,1.0000000000,0,-502.2,-40.8,2239.6,1,0.0000170469,0.9999990463,0.0000000000,-0.9999990463,0.0000170469,-0.0000000000,-0.0000000000,-0.0000000000,1.0000000000,0,-502.2,-302.5,2239.6,0,0.9159383774,-0.3479192853,0.2000228614,0.2400493920,0.0755492300,-0.9678164124,0.3216104209,0.9344755411,0.1527162492,1,-688.4,-455.0,2177.2,1,0.9159383774,-0.4011231661,-0.0125371516,0.2400494218,0.5726372004,-0.7838768363,0.3216103911,0.7149733305,0.6207897663,1,-556.7,-483.5,1823.6,1,0.9986293316,0.0239173919,0.0465549789,0.0342495069,0.3739836216,-0.9268028736,-0.0395775102,0.9271270037,0.3726518750,0,-521.1,-441.4,2253.4,1,0.9983792305,-0.0374489427,0.0428548828,0.0429203510,0.9899369478,-0.1348432899,-0.0373738930,0.1364640892,0.9899397492,0,-530.7,-591.1,1882.3,0,-680.5,-208.6,1851.6,1,-502.2,-564.1,2239.6,0,-404.1,-701.5,1551.4,1,-516.3,-972.0,1829.8,0,
17,0.9054218531,-0.0211529229,-0.4239891768,0.0713269636,0.9921382666,0.1028184295,0.4184829593,-0.1233347505,0.8998129368,1,-622.6,156.4,2151.8,1,0.9054218531,-0.0211529229,-0.4239891768,0.0713269636,0.9921382666,0.1028184295,0.4184829593,-0.1233347505,0.8998129368,1,-618.2,-51.7,2177.7,1,0.9052278996,-0.0505193137,-0.4219162166,0.0767074451,0.9960220456,0.0453142263,0.4179506004,-0.0733828694,0.9055026770,1,-608.1,-250.5,2192.3,1,0.4156899452,-0.7207491994,-0.5547274351,0.8468539715,0.5291819572,-0.0529606268,0.3317230046,-0.4477579296,0.8303450346,1,-738.6,-61.9,2122.1,1,-0.6233586073,-0.7207492590,-0.3032236993,-0.2122339755,0.5291818976,-0.8215372562,0.7525826693,-0.4477579594,-0.4828376174,1,-838.1,-264.6,2042.7,1,-0.0000005960,1.0000001192,0.0000000000,-1.0000001192,-0.0000005960,0.0000000000,0.0000000000,-0.0000000000,1.0000000000,0,-497.7,-41.5,2233.3,1,0.0000170469,0.9999990463,0.0000000000,-0.9999990463,0.0000170469,-0.0000000000,-0.0000000000,-0.0000000000,1.0000000000,0,-497.7,-303.1,2233.3,0,0.9288339615,-0.3385754824,0.1504466236,0.1396911740,-0.0560661629,-0.9886065722,0.3431529105,0.9392674565,-0.0047801472,1,-682.8,-456.5,2167.8,1,0.9288339615,-0.2585957050,-0.2653220594,0.1396911442,0.9077076912,-0.3956679702,0.3431529105,0.3304466903,0.8792332411,1,-537.1,-432.3,1763.5,1,0.9990839958,0.0149040874,0.0401123203,0.0239681695,0.5816406012,-0.8130927086,-0.0354493596,0.8133093119,0.5807505846,0,-513.2,-442.1,2246.2,1,0.9986867309,-0.0339744911,0.0383484662,0.0384078622,0.9918460846,-0.1215160489,-0.0339073315,0.1228293478,0.9918484092,0,-519.1,-674.8,1920.7,0,-680.5,-210.9,1852.4,1,-497.7,-564.8,2233.3,0,-451.9,-731.6,1654.6,1,-506.1,-1056.5,1873.4,0,
18,0.9033433795,-0.0169100631,-0.4285881817,0.0755125508,0.9898841977,0.1201019958,0.4222237170,-0.1408559084,0.8954827785,1,-623.1,153.7,2152.1,1,0.9033433795,-0.0169100631,-0.4285881817,0.0755125508,0.9898841977,0.1201019958,0.4222237170,-0.1408559084,0.8954827785,1,-619.6,-52.3,2181.4,1,0.9032340646,-0.0489285067,-0.4263534546,0.0788089037,0.9954937100,0.0527128316,0.4218550324,-0.0812115297,0.9030204415,1,-609.9,-250.9,2197.6,1,0.4142541885,-0.7198988199,-0.5569014549,0.8456170559,0.5307322741,-0.0570532903,0.3366381228,-0.4472908080,0.8286168575,1,-739.8,-62.7,2125.3,1,-0.6243975163,-0.7198987603,-0.3031064570,-0.2137828618,0.5307322741,-0.8201342821,0.7512819767,-0.4472908378,-0.4852899611,1,-839.9,-267.0,2044.0,1,-0.0000005960,1.0000001192,0.0000000000,-1.0000001192,-0.0000005960,0.0000000000,0.0000000000,-0.0000000000,1.0000000000,0,-499.4,-41.8,2237.5,1,0.0000170469,0.9999990463,0.0000000000,-0.9999990463,0.0000170469,-0.0000000000,-0.0000000000,-0.0000000000,1.0000000000,0,-499.4,-303.4,2237.5,0,0.9309616089,-0.2835968137,0.2299635708,0.2050476223,-0.1150423065,-0.9719674587,0.3021024168,0.9520179033,-0.0489491262,1,-684.0,-457.0,2174.6,1,0.9309617281,-0.2632739842,-0.2529766858,0.2050476372,0.9502757192,-0.2343749255,0.3021024168,0.1663217992,0.9386539459,1,-566.6,-409.4,1780.7,1,0.9993974566,0.0089467540,0.0335368812,0.0166247003,0.7247893810,-0.6887699366,-0.0304694306,0.6889123917,0.7242039442,0,-516.2,-442.3,2253.0,1,0.9989359379,-0.0307942573,0.0343324542,0.0343862884,0.9933934808,-0.1094848737,-0.0307341293,0.1105489358,0.9933953881,0,-519.8,-732.4,1977.3,0,-681.0,-212.6,1852.8,1,-499.4,-565.1,2237.5,0,-473.7,-744.6,1722.0,1,-507.9,-1114.6,1934.8,0,
19,0.9050055742,-0.0200177375,-0.4249319732,0.0716583058,0.9917908907,0.1058928967,0.4193258882,-0.1262823492,0.8990113139,1,-625.6,154.6,2158.2,1,0.9050055742,-0.0200177375,-0.4249319732,0.0716583058,0.9917908907,0.1058928967,0.4193258882,-0.1262823492,0.8990113139,1,-621.4,-51.9,2184.5,1,0.9049254060,-0.0504189394,-0.4225765765,0.0739215314,0.9964839220,0.0394040905,0.4191060364,-0.0668943152,0.9054712653,1,-611.4,-250.7,2197.8,1,0.4007992446,-0.7239001393,-0.5615413189,0.8456573486,0.5281109214,-0.0772172436,0.3524536192,-0.4439229369,0.8238379955,1,-741.8,-61.7,2128.7,1,-0.6216620803,-0.7239000797,-0.2991738319,-0.2202896625,0.5281109214,-0.8201044798,0.7516706586,-0.4439229369,-0.4877741933,1,-839.2,-267.2,2043.1,1,-0.0000005960,1.0000001192,0.0000000000,-1.0000001192,-0.0000005960,0.0000000000,0.0000000000,-0.0000000000,1.0000000000,0,-501.0,-42.0,2240.2,1,0.0000170469,0.9999990463,0.0000000000,-0.9999990463,0.0000170469,-0.0000000000,-0.0000000000,-0.0000000000,1.0000000000,0,-501.0,-303.7,2240.2,0,0.9517045617,-0.2675033808,0.1506665796,0.2125546336,0.2199770808,-0.9520664811,0.2215378135,0.9381108880,0.2662122846,0,-685.1,-456.5,2172.4,1,0.9439163208,-0.2356327623,-0.2312989086,0.1883322746,0.9596061707,-0.2090142220,0.2712064385,0.1537309140,0.9501652122,0,-578.0,-544.5,1797.0,0,0.9996075630,0.0051439884,0.0275371093,0.0115108211,0.8207539916,-0.5711658001,-0.0255392622,0.5712586641,0.8203727007,0,-517.5,-442.8,2250.0,1,0.9991379380,-0.0278894231,0.0307508633,0.0307996236,0.9946475029,-0.0986289829,-0.0278355666,0.0994910747,0.9946490526,0,-519.6,-771.2,2021.4,0,-681.3,-211.3,1852.1,1,-501.0,-565.3,2240.2,0,-487.4,-913.7,1737.8,0,-508.8,-1153.9,1983.1,0,
20,0.9047297835,-0.0154101504,-0.4257107079,0.0733099207,0.9900671244,0.1199596226,0.4196355343,-0.1397386193,0.8968734741,1,-624.6,150.8,2155.8,1,0.9047297835,-0.0154101504,-0.4257107079,0.0733099207,0.9900671244,0.1199596226,0.4196355343,-0.1397386193,0.8968734741,1,-621.4,-54.0,2184.7,1,0.9047888517,-0.0449750312,-0.4234825671,0.0713672265,0.9963567257,0.0466619767,0.4198430777,-0.0724410564,0.9047027230,1,-612.4,-252.9,2199.1,1,0.4074791670,-0.7162793875,-0.5664842725,0.8404023647,0.5368466377,-0.0742928684,0.3573296368,-0.4458019137,0.8207168579,1,-741.8,-63.5,2128.8,1,-0.6226083636,-0.7162795663,-0.3151232302,-0.2031660229,0.5368467569,-0.8188524246,0.7557000518,-0.4458020627,-0.4797688127,1,-838.9,-263.8,2043.6,1,-0.0000005960,1.0000001192,0.0000000000,-1.0000001192,-0.0000005960,0.0000000000,0.0000000000,-0.0000000000,1.0000000000,0,-501.0,-44.5,2240.5,1,0.0000170469,0.9999990463,0.0000000000,-0.9999990463,0.0000170469,-0.0000000000,-0.0000000000,-0.0000000000,1.0000000000,0,-501.0,-306.2,2240.5,0,0.9673075676,-0.2355633974,0.0939466432,0.1983671784,0.4719824791,-0.8590011597,0.1580080688,0.8495543003,0.5032802820,0,-687.1,-458.3,2174.8,1,0.9544653296,-0.2108912468,-0.2109996676,0.1724876761,0.9672039747,-0.1864522398,0.2434008718,0.1415673494,0.9595388174,0,-592.9,-647.2,1834.8,0,0.9990376830,-0.0438236073,0.0018726450,0.0018869869,0.0002858985,-0.9999982715,0.0438229963,0.9990392923,0.0003683180,1,-519.8,-445.1,2252.4,1,0.9990374446,-0.0019027680,-0.0438223109,0.0018869865,0.9999980330,-0.0004014910,0.0438229889,0.0003184123,0.9990392923,0,-502.3,-445.2,1852.6,1,-680.3,-212.1,1851.1,1,-501.0,-567.8,2240.5,0,-511.7,-1019.4,1780.3,0,-501.5,-830.0,1852.5,0,
21,0.9058846235,-0.0113561237,-0.4233758152,0.0739028305,0.9885414839,0.1316110790,0.4170319438,-0.1505118608,0.8963444829,1,-624.5,152.7,2153.6,1,0.9058846235,-0.0113561237,-0.4233758152,0.0739028305,0.9885414839,0.1316110790,0.4170319438,-0.1505118608,0.8963444829,1,-622.2,-52.6,2184.8,1,0.9059722424,-0.0417684242,-0.4212751389,0.0706303194,0.9960851073,0.0531330779,0.4174085855,-0.0778909400,0.9053761959,1,-613.8,-251.5,2200.4,1,0.4059153795,-0.7161449790,-0.5677756667,0.8429495692,0.5334004164,-0.0701435208,0.3530846834,-0.4501339197,0.8201894760,1,-742.7,-62.0,2129.3,1,-0.6245258451,-0.7161448598,-0.3116149902,-0.2017819881,0.5334002972,-0.8214427233,0.7544875145,-0.4501339197,-0.4776274562,1,-840.3,-264.6,2044.4,1,-0.0000005960,1.0000001192,0.0000000000,-1.0000001192,-0.0000005960,0.0000000000,0.0000000000,-0.0000000000,1.0000000000,0,-501.6,-43.2,2240.4,1,0.0000170469,0.9999990463,0.0000000000,-0.9999990463,0.0000170469,-0.0000000000,-0.0000000000,-0.0000000000,1.0000000000,0,-501.6,-304.9,2240.4,0,0.9344031811,-0.2821305692,0.2174698412,0.1841896474,-0.1398851871,-0.9728856087,0.3049015701,0.9491230249,-0.0787436292,1,-689.1,-456.8,2177.4,1,0.9344031811,-0.1640025824,-0.3162181675,0.1841896176,0.9822736382,0.0348238759,0.3049015701,-0.0907836407,0.9480471611,1,-560.5,-393.0,1744.6,1,0.9993349314,-0.0362265110,-0.0041616783,0.0072485777,0.3092041016,-0.9509678483,0.0357370637,0.9503052831,0.3092610836,0,-521.9,-443.7,2254.4,1,0.9992203712,-0.0017118850,-0.0394425020,0.0016991014,0.9999985099,-0.0003576240,0.0394430533,0.0002903283,0.9992218018,0,-507.4,-567.5,1874.2,0,-680.5,-213.0,1851.4,1,-501.6,-566.6,2240.4,0,-499.2,-760.2,1778.6,1,-506.7,-952.3,1874.0,0,
22,0.9058881402,-0.0032408461,-0.4235081375,0.0688587427,0.9877912402,0.1397294998,0.4178867340,-0.1557402313,0.8950521946,1,-620.4,150.7,2152.4,1,0.9058881402,-0.0032408461,-0.4235081375,0.0688587427,0.9877912402,0.1397294998,0.4178867340,-0.1557402313,0.8950521946,1,-619.8,-54.7,2184.8,1,0.9058868289,-0.0407097116,-0.4215623438,0.0689194873,0.9962704182,0.0518898666,0.4178796709,-0.0760592520,0.9053145647,1,-611.6,-253.5,2200.0,1,0.4167779386,-0.7136433125,-0.5630359054,0.8392796516,0.5400141478,-0.0632005557,0.3491499424,-0.4462039769,0.8240123987,1,-740.3,-63.8,2129.2,1,-0.6235303283,-0.7136433125,-0.3192541301,-0.1993875653,0.5400142074,-0.8176976442,0.7559460998,-0.4462039471,-0.4790068567,1,-840.5,-265.6,2045.3,1,-0.0000005960,1.0000001192,0.0000000000,-1.0000001192,-0.0000005960,0.0000000000,0.0000000000,-0.0000000000,1.0000000000,0,-499.2,-45.5,2240.4,1,0.0000170469,0.9999990463,0.0000000000,-0.9999990463,0.0000170469,-0.0000000000,-0.0000000000,-0.0000000000,1.0000000000,0,-499.2,-307.2,2240.4,0,0.9320666790,-0.3108481467,0.1860786825,0.1552860290,-0.1212630197,-0.9803986549,0.3273195624,0.9426923394,-0.0647548363,1,-687.9,-458.8,2176.2,1,0.9320666194,-0.1167927310,-0.3429450393,0.1552860141,0.9840382934,0.0869188607,0.3273195326,-0.1342687160,0.9353255630,1,-542.9,-402.2,1736.4,1,0.9995532632,-0.0290317275,-0.0071054241,0.0095653972,0.5359482765,-0.8441964388,0.0283166282,0.8437513113,0.5359865427,0,-519.1,-446.0,2254.1,1,0.9993684888,-0.0015401925,-0.0354999267,0.0015298376,0.9999988079,-0.0003188473,0.0355003737,0.0002643368,0.9993696213,0,-507.5,-660.4,1916.5,0,-680.8,-214.5,1851.8,1,-499.2,-568.8,2240.4,0,-498.7,-774.8,1787.2,1,-506.9,-1045.2,1916.4,0,
23,0.9043592215,-0.0138086788,-0.4265521467,0.0627305806,0.9929202795,0.1008542180,0.4221415222,-0.1179650128,0.8988233209,1,-621.2,148.1,2162.7,1,0.9043592215,-0.0138086788,-0.4265521467,0.0627305806,0.9929202795,0.1008542180,0.4221415222,-0.1179650128,0.8988233209,1,-618.3,-58.2,2187.2,1,0.9044252038,-0.0461225323,-0.4241353273,0.0605383888,0.9979525208,0.0205684081,0.4223202169,-0.0442780778,0.9053661823,1,-609.1,-257.5,2196.1,1,0.4199989736,-0.7070480585,-0.5689323545,0.8281117678,0.5550452471,-0.0784583017,0.3712568879,-0.4381871819,0.8186333179,1,-738.8,-66.3,2131.0,1,-0.6229826212,-0.7070480585,-0.3346278667,-0.1956792325,0.5550452471,-0.8084766865,0.7573654056,-0.4381872118,-0.4841381311,1,-838.7,-263.3,2042.6,1,0.1313499808,0.9889665842,0.0684999824,-0.9897108078,0.1268662214,0.0661616549,0.0567413270,-0.0764855072,0.9954548478,0,-497.8,-50.1,2243.5,1,0.0229397416,0.9876272082,0.1551305056,-0.9325076938,0.0770795345,-0.3528276980,-0.3604196906,-0.1365668178,0.9227389097,0,-474.6,-224.9,2253.5,0,0.9319313169,-0.3041808903,0.1974278837,0.1701751798,-0.1139195114,-0.9788067937,0.3202252090,0.9457780719,-0.0544011407,1,-683.1,-462.4,2166.1,1,0.9319313765,-0.1297641098,-0.3386223018,0.1701751649,0.9810735583,0.0923844427,0.3202251792,-0.1437210590,0.9363760352,1,-541.0,-409.2,1724.5,1,0.9997051358,-0.0228878818,-0.0081101842,0.0100403531,0.6937317848,-0.7201634049,0.0221093092,0.7198696733,0.6937570572,0,-516.7,-451.3,2243.8,1,0.9994884729,-0.0013857690,-0.0319513716,0.0013773813,0.9999989867,-0.0002845219,0.0319517367,0.0002403672,0.9994893670,0,-507.5,-728.9,1955.7,0,-679.6,-213.3,1849.2,1,-468.7,-462.7,2161.6,0,-491.5,-783.7,1779.3,1,-507.0,-1113.7,1955.6,0,
