1,0.9483003616,0.0902742594,-0.3042657375,0.0144754136,0.9453926682,0.3256109655,0.3170454204,-0.3131800294,0.8952100277,1,-502.9,131.9,1983.1,1,0.9483003616,0.0902742594,-0.3042657375,0.0144754136,0.9453926682,0.3256109655,0.3170454204,-0.3131800294,0.8952100277,1,-521.6,-63.7,2047.9,1,0.9480010867,0.0763254836,-0.3089805245,0.0110487752,0.9623401761,0.2716220617,0.3180765808,-0.2609106302,0.9114568830,1,-536.8,-255.2,2099.8,1,0.4072974324,-0.8056494594,-0.4301603436,0.8925585151,0.4509312510,0.0005680472,0.1935150474,-0.3841746449,0.9027523994,1,-654.7,-65.3,2003.2,1,-0.4486166537,-0.8056494594,-0.3868749142,-0.0408958942,0.4509312510,-0.8916214108,0.8927881122,-0.3841746151,-0.2352430224,1,-762.1,-300.6,1952.2,1,0.3164435029,0.9362503290,-0.1526399851,-0.7878984809,0.3490168452,0.5073493123,0.5282799006,-0.0402825773,0.8481141925,1,-388.5,-62.2,2092.6,1,0.1190885156,0.9362502694,0.3305349946,-0.4231281579,0.3490168750,-0.8361517787,-0.8982096314,-0.0402825922,0.4377177358,1,-328.2,-212.3,2193.2,1,0.9817940593,-0.1638241559,-0.0961356759,0.0541578121,0.7265349627,-0.6849919558,0.1820641458,0.6673145294,0.7221800685,0,-639.0,-447.6,2122.5,1,0.9717114568,-0.2146638334,-0.0984699056,0.0442636609,0.5750891566,-0.8168923855,0.2319862247,0.7894250154,0.5683225393,0,-573.8,-736.7,1857.0,0,0.9998022914,0.0037643295,0.0195253864,-0.0010939495,0.9908435941,-0.1350103021,-0.0198548287,0.1349622607,0.9906517863,0,-464.9,-445.6,2180.9,1,0.9973047972,-0.0329760797,0.0655417442,0.0427117236,0.9872736335,-0.1531878114,-0.0596561022,0.1555743515,0.9860211611,0,-466.4,-839.8,2127.2,0,-650.4,-290.4,1730.0,1,-297.2,-322.3,1959.7,1,-491.7,-956.7,1555.0,0,-453.8,-1217.5,2067.7,0,
2,0.9467203021,0.0910171196,-0.3089290261,0.0147788953,0.9459454417,0.3239879608,0.3217189908,-0.3112903535,0.8942011595,1,-501.7,130.5,1983.9,1,0.9467203021,0.0910171196,-0.3089290261,0.0147788953,0.9459454417,0.3239879608,0.3217189908,-0.3112903535,0.8942011595,1,-520.5,-64.9,2048.2,1,0.9464167953,0.0773140714,-0.3135576844,0.0113379750,0.9623671174,0.2715148032,0.3227500319,-0.2605200708,0.9099243879,1,-535.8,-256.3,2100.1,1,0.4080559313,-0.8044241667,-0.4317314625,0.8915978670,0.4528269768,-0.0010265856,0.1963254809,-0.3845119476,0.9020015597,1,-653.3,-66.5,2002.9,1,-0.4521246254,-0.8044243455,-0.3853376210,-0.0468296818,0.4528270364,-0.8903678060,0.8907246590,-0.3845119774,-0.2424051613,1,-761.0,-301.8,1951.1,1,0.3123161495,0.9371166229,-0.1557916999,-0.7863789201,0.3470391631,0.5110499263,0.5329791307,-0.0370978266,0.8453147411,1,-387.6,-63.3,2093.6,1,0.1228045076,0.9371167421,0.3266979158,-0.4273602664,0.3470392227,-0.8348215818,-0.8957021832,-0.0370978564,0.4431043565,1,-328.9,-211.0,2193.7,1,0.9523613453,-0.2792102695,-0.1226757765,0.0279891342,0.4805762768,-0.8765061498,0.3036845922,0.8313170075,0.4654971659,1,-638.1,-448.8,2122.3,1,0.9523612857,-0.2792107761,-0.1226758733,0.0279894173,0.4805765748,-0.8765060306,0.3036850989,0.8313167095,0.4654974937,1,-527.6,-639.0,1793.2,1,0.9998733997,0.0028005005,0.0156643353,-0.0010904972,0.9941366315,-0.1081259474,-0.0158752948,0.1080951765,0.9940137863,0,-464.3,-446.7,2181.5,1,0.9978158474,-0.0301465988,0.0587765463,0.0380361602,0.9896867871,-0.1381059885,-0.0540069453,0.1400399804,0.9886718392,0,-465.4,-842.3,2138.5,0,-648.4,-290.1,1729.2,1,-297.0,-322.1,1960.7,1,-421.3,-822.0,1476.8,1,-453.9,-1220.9,2084.9,0,
3,0.9459154606,0.0859606639,-0.3128183782,0.0149590271,0.9516723752,0.3067495823,0.3240695894,-0.2948374152,0.8989163041,1,-503.1,133.1,1987.9,1,0.9459154606,0.0859606639,-0.3128183782,0.0149590271,0.9516723752,0.3067495823,0.3240695894,-0.2948374152,0.8989163041,1,-520.9,-63.6,2048.8,1,0.9455661178,0.0751620233,-0.3166321218,0.0108037572,0.9651755691,0.2613783479,0.3252518773,-0.2505701482,0.9118259549,1,-535.8,-255.6,2098.6,1,0.4092846513,-0.8007053733,-0.4374436736,0.8905389309,0.4549067020,0.0005432516,0.1985611022,-0.3897829652,0.8992456198,1,-653.6,-65.1,2003.1,1,-0.4571631849,-0.8007054329,-0.3871340454,-0.0435302109,0.4549067914,-0.8894746304,0.8883169293,-0.3897830248,-0.2428214997,1,-762.0,-300.9,1950.6,1,0.3316187263,0.9363709092,-0.1150593087,-0.7853396535,0.3415728807,0.5163038969,0.5227530599,-0.0808554068,0.8486410975,1,-388.1,-62.0,2094.5,1,0.0857116356,0.9363707900,0.3403867483,-0.4458744526,0.3415728509,-0.8273596168,-0.8909822106,-0.0808554143,0.4467806816,1,-325.1,-211.3,2193.8,1,0.9683541656,-0.2163784653,-0.1243807897,0.0494947284,0.6549519300,-0.7540478706,0.2446231544,0.7240291834,0.6449350119,0,-637.6,-448.5,2118.6,1,0.9606450796,-0.2479159534,-0.1252944171,0.0403791070,0.5708983541,-0.8200271726,0.2748281956,0.7826958299,0.5584413409,0,-551.5,-709.1,1830.6,0,0.9999189377,0.0021049154,0.0125573939,-0.0010101213,0.9962460995,-0.0865605026,-0.0126924561,0.0865408033,0.9961674809,0,-464.0,-446.6,2178.4,1,0.9982301593,-0.0275090039,0.0527234375,0.0339019671,0.9916431308,-0.1244769245,-0.0488585979,0.1260440499,0.9908207655,0,-464.8,-842.9,2143.9,0,-648.0,-290.0,1729.0,1,-302.8,-327.2,1962.3,1,-456.7,-927.5,1531.1,0,-454.3,-1222.3,2095.7,0,
4,0.9468254447,0.0891740248,-0.3091438711,0.0134507492,0.9490141273,0.3149455190,0.3214674294,-0.3023554683,0.8973519802,1,-503.4,132.2,1985.8,1,0.9468254447,0.0891740248,-0.3091438711,0.0134507492,0.9490141273,0.3149455190,0.3214674294,-0.3023554683,0.8973519802,1,-521.8,-63.8,2048.3,1,0.9465311766,0.0779044777,-0.3130655289,0.0100833410,0.9627870321,0.2700718045,0.3224557936,-0.2587870061,0.9105231166,1,-537.3,-255.3,2099.8,1,0.4128315151,-0.8009313345,-0.4336810112,0.8904285431,0.4550662041,0.0071947277,0.1915910840,-0.3891321719,0.9010377526,1,-654.7,-65.2,2003.0,1,-0.4568994641,-0.8009313345,-0.3869780302,-0.0444720723,0.4550662041,-0.8893464804,0.8884059191,-0.3891322315,-0.2435385883,1,-764.0,-300.9,1952.3,1,0.3282744884,0.9378733635,-0.1123807207,-0.7812832594,0.3364603221,0.5257289410,0.5308788419,-0.0847822279,0.8431960940,1,-388.9,-62.4,2093.6,1,0.0813693106,0.9378733635,0.3373019099,-0.4508038163,0.3364602923,-0.8267831802,-0.8889065981,-0.0847822130,0.4501744509,1,-326.7,-210.4,2194.2,1,0.9792610407,-0.1663750708,-0.1156163663,0.0570086092,0.7738744020,-0.6307682395,0.1944166273,0.6110956073,0.7673098445,0,-639.7,-447.7,2121.6,1,0.9676117301,-0.2195325792,-0.1246312261,0.0487342179,0.6468585730,-0.7610512972,0.2476943135,0.7303283215,0.6366066933,0,-573.5,-755.6,1878.5,0,0.9999480844,0.0015970068,0.0100613795,-0.0008961749,0.9975969195,-0.0692788363,-0.0101478398,0.0692662299,0.9975466132,0,-465.9,-445.9,2180.8,1,0.9985660315,-0.0250619389,0.0473056808,0.0302418247,0.9932289124,-0.1121686772,-0.0441742018,0.1134384349,0.9925625324,0,-466.5,-842.8,2153.3,0,-649.8,-289.8,1730.3,1,-305.5,-327.6,1963.0,1,-489.5,-1003.1,1599.1,0,-456.9,-1222.8,2109.9,0,
5,0.9447243214,0.0907710791,-0.3150507212,0.0166417304,0.9463969469,0.3225761950,0.3274441659,-0.3099873662,0.8925742507,1,-502.1,135.8,1983.3,1,0.9447243214,0.0907710791,-0.3150507212,0.0166417304,0.9463969469,0.3225761950,0.3274441659,-0.3099873662,0.8925742507,1,-520.9,-60.6,2047.6,1,0.9442060590,0.0806783363,-0.3193217218,0.0108745946,0.9613676071,0.2750515938,0.3291768134,-0.2631767392,0.9068524837,1,-537.0,-251.8,2100.0,1,0.4130887389,-0.8047798872,-0.4262478352,0.8930038214,0.4497549534,0.0162724704,0.1786113083,-0.3873629272,0.9044600725,1,-653.5,-62.1,2001.4,1,-0.4519096613,-0.8047798276,-0.3848469555,-0.0411403067,0.4497549832,-0.8922039866,0.8911145926,-0.3873628676,-0.2363574803,1,-764.0,-301.0,1953.6,1,0.3098704219,0.9437965155,-0.1150154024,-0.7952038050,0.3235745728,0.5127868652,0.5211824775,-0.0674368069,0.8507767916,1,-388.4,-59.0,2093.8,1,0.0933307335,0.9437965155,0.3170766234,-0.4566186368,0.3235745430,-0.8287333250,-0.8847535253,-0.0674368069,0.4611545205,1,-328.9,-211.6,2193.8,1,0.9865250587,-0.1276835501,-0.1022996455,0.0566237047,0.8530769944,-0.5187035799,0.1534993798,0.5059214830,0.8488117456,0,-639.7,-444.0,2122.1,1,0.9734265804,-0.1940515339,-0.1215925440,0.0539173037,0.7102595568,-0.7018719912,0.2225615978,0.6766649485,0.7018482089,0,-588.9,-783.5,1920.8,0,0.9999668002,0.0012218686,0.0080584148,-0.0007732683,0.9984617829,-0.0554385036,-0.0081137577,0.0554304272,0.9984295964,0,-466.3,-442.0,2182.6,1,0.9988381863,-0.0228006840,0.0424549580,0.0269974321,0.9945140481,-0.1010592580,-0.0399178341,0.1020880193,0.9939741492,0,-466.8,-839.3,2160.5,0,-650.7,-290.7,1730.1,1,-304.7,-330.3,1963.7,1,-514.7,-1055.2,1662.0,0,-458.1,-1219.8,2121.4,0,
6,0.9449362159,0.0935268179,-0.3136059940,0.0149388490,0.9449642301,0.3268314302,0.3269145787,-0.3135185540,0.8915343881,1,-502.8,133.5,1982.1,1,0.9449362159,0.0935268179,-0.3136059940,0.0149388490,0.9449642301,0.3268314302,0.3269145787,-0.3135185540,0.8915343881,1,-522.1,-61.9,2046.9,1,0.9445491433,0.0819272697,-0.3179863393,0.0107357875,0.9601525068,0.2792689204,0.3281957209,-0.2671959102,0.9060323834,1,-538.4,-252.9,2100.0,1,0.4108216763,-0.8040401340,-0.4298198521,0.8937456012,0.4483019114,0.0156283826,0.1801231802,-0.3905701041,0.9027794600,1,-654.7,-63.4,2000.8,1,-0.4517905414,-0.8040401340,-0.3865292370,-0.0336116031,0.4483018816,-0.8932501078,0.8914906383,-0.3905700743,-0.2295636237,1,-763.0,-299.0,1953.3,1,0.3166776299,0.9383581877,-0.1385610998,-0.7895627022,0.3417286873,0.5097177625,0.5256481767,-0.0520135388,0.8491104841,1,-389.5,-60.4,2093.0,1,0.1093797460,0.9383581877,0.3279024065,-0.4362889528,0.3417286873,-0.8323902488,-0.8931338191,-0.0520135611,0.4467734993,1,-328.9,-211.5,2193.6,1,0.9912924767,-0.0981375948,-0.0877966136,0.0522186235,0.9050581455,-0.4220699072,0.1208819598,0.4138101339,0.9023019075,0,-641.4,-444.9,2123.1,1,0.9782510400,-0.1713455766,-0.1168999746,0.0566531233,0.7628627419,-0.6440737247,0.1995378137,0.6234430075,0.7559785247,0,-602.4,-805.0,1958.4,0,0.9999787211,0.0009417667,0.0064523518,-0.0006546377,0.9990154505,-0.0443583466,-0.0064877747,0.0443531759,0.9989948273,0,-468.0,-442.9,2183.3,1,0.9990587234,-0.0207181424,0.0381104127,0.0241181925,0.9955554605,-0.0910363123,-0.0360549241,0.0918697789,0.9951180816,0,-468.3,-840.4,2165.7,0,-649.5,-290.5,1729.3,1,-300.4,-325.0,1961.4,1,-536.8,-1096.8,1719.9,0,-460.4,-1221.2,2130.5,0,
7,0.9444486499,0.0922582000,-0.3154452145,0.0165102668,0.9452617764,0.3258942962,0.3282453120,-0.3129972517,0.8912286162,1,-503.1,131.3,1981.9,1,0.9444486499,0.0922582000,-0.3154452145,0.0165102668,0.9452617764,0.3258942962,0.3282453120,-0.3129972517,0.8912286162,1,-522.2,-64.1,2046.6,1,0.9439134002,0.0821297765,-0.3198167384,0.0106606577,0.9604864120,0.2781212032,0.3300222754,-0.2659306228,0.9057410955,1,-538.5,-255.2,2099.5,1,0.4146991372,-0.8052444458,-0.4237993956,0.8935393691,0.4484303892,0.0223074686,0.1720815599,-0.3879323304,0.9054812789,1,-654.7,-65.6,2000.3,1,-0.4479800165,-0.8052445650,-0.3884523511,-0.0314880982,0.4484304190,-0.8932629824,0.8934888840,-0.3879323602,-0.2262434959,1,-763.5,-300.0,1955.2,1,0.3055146039,0.9392273426,-0.1565663517,-0.7904805541,0.3418474793,0.5082133412,0.5308495760,-0.0315039381,0.8468803763,1,-389.7,-62.6,2093.0,1,0.1241408437,0.9392272234,0.3200644255,-0.4237637818,0.3418474197,-0.8387876153,-0.8972252607,-0.0315039083,0.4404477775,1,-331.8,-212.5,2193.6,1,0.9943927526,-0.0756795555,-0.0738626197,0.0461097658,0.9388616085,-0.3411930799,0.0951681212,0.3358741403,0.9370867610,0,-641.6,-447.3,2122.1,1,0.9822349548,-0.1512205154,-0.1111163944,0.0575371124,0.8063009381,-0.5887005925,0.1786168367,0.5718489289,0.8006777167,0,-611.4,-820.8,1988.5,0,0.9999864101,0.0007305265,0.0051653450,-0.0005467525,0.9993698597,-0.0354905874,-0.0051880172,0.0354872793,0.9993566871,0,-468.2,-445.3,2182.7,1,0.9992374778,-0.0188056696,0.0342178643,0.0215601567,0.9963993430,-0.0819969028,-0.0325526521,0.0826721191,0.9960449934,0,-468.5,-842.9,2168.6,0,-650.9,-292.1,1730.5,1,-299.5,-322.6,1960.3,1,-553.6,-1129.3,1769.7,0,-461.3,-1224.1,2137.0,0,
8,0.9461176991,0.0929367095,-0.3102010787,0.0134895463,0.9457875490,0.3245044351,0.3235433102,-0.3112026453,0.8935733438,1,-505.2,131.5,1981.4,1,0.9461176991,0.0929367095,-0.3102010787,0.0134895463,0.9457875490,0.3245044351,0.3235433102,-0.3112026453,0.8935733438,1,-524.5,-64.2,2045.8,1,0.9457732439,0.0814165995,-0.3144595623,0.0097240647,0.9605479240,0.2779430449,0.3246832490,-0.2659277618,0.9076695442,1,-540.7,-255.3,2098.7,1,0.4032011032,-0.8094657660,-0.4268419743,0.8979880810,0.4397895336,0.0142329931,0.1761995256,-0.3890377581,0.9042142630,1,-657.3,-65.6,2000.2,1,-0.4486280084,-0.8094657660,-0.3788114488,-0.0357841849,0.4397894740,-0.8973877430,0.8930019140,-0.3890378177,-0.2262679636,1,-762.8,-300.5,1954.1,1,0.3100186288,0.9353048801,-0.1705678552,-0.7855952382,0.3530598581,0.5081229806,0.5354704857,-0.0235303044,0.8442261219,1,-391.7,-62.8,2091.3,1,0.1356527656,0.9353048801,0.3268077075,-0.4191922545,0.3530598879,-0.8364369273,-0.8977060318,-0.0235302746,0.4399661422,1,-332.5,-212.9,2193.6,1,0.9963971972,-0.0586028732,-0.0613053776,0.0396035053,0.9607170224,-0.2746896744,0.0749947205,0.2712721229,0.9595766068,0,-643.7,-447.3,2121.8,1,0.9855123758,-0.1334500611,-0.1046730950,0.0570499822,0.8420357704,-0.5363963842,0.1597206295,0.5226536989,0.8374499679,0,-620.4,-829.5,2013.8,0,0.9999912977,0.0005697674,0.0041344515,-0.0004521451,0.9995967150,-0.0283946898,-0.0041489624,0.0283925738,0.9995882511,0,-470.0,-445.5,2181.4,1,0.9993822575,-0.0170537047,0.0307291672,0.0192851350,0.9970830679,-0.0738471299,-0.0293801650,0.0743941218,0.9967960119,0,-470.3,-843.2,2170.1,0,-650.3,-291.5,1730.2,1,-297.2,-321.9,1960.2,1,-569.3,-1151.6,1813.9,0,-463.7,-1224.6,2141.6,0,
9,0.9447959065,0.0917422697,-0.3145544231,0.0172020905,0.9447894096,0.3272251785,0.3272086978,-0.3145707846,0.8910557032,1,-504.8,132.5,1980.6,1,0.9447959065,0.0917422697,-0.3145544231,0.0172020905,0.9447894096,0.3272251785,0.3272086978,-0.3145707846,0.8910557032,1,-523.8,-62.9,2045.6,1,0.9442098737,0.0820274130,-0.3189666271,0.0107769966,0.9602727294,0.2788535357,0.3291692138,-0.2667326033,0.9058157206,1,-540.1,-253.9,2098.7,1,0.4078756869,-0.8093698025,-0.4225611687,0.8974326849,0.4405846596,0.0223520566,0.1680828482,-0.3883370757,0.9060588479,1,-656.4,-64.4,1999.4,1,-0.4469834864,-0.8093698621,-0.3809543848,-0.0332070142,0.4405846298,-0.8970967531,0.8939256072,-0.3883370757,-0.2238108367,1,-762.9,-298.7,1955.5,1,0.3051247299,0.9406486154,-0.1485908777,-0.7894776464,0.3371115923,0.5129141212,0.5325635672,-0.0391936079,0.8454821110,1,-391.2,-61.4,2091.9,1,0.1222042069,0.9406485558,0.3166172504,-0.4441794753,0.3371115923,-0.8300966024,-0.8875645399,-0.0391935855,0.4590131938,1,-332.9,-212.4,2193.7,1,0.9976883531,-0.0455768332,-0.0504047982,0.0333865583,0.9747954607,-0.2205882221,0.0591880791,0.2183954567,0.9740637541,0,-643.1,-446.0,2121.5,1,0.9882004261,-0.1177987456,-0.0978945866,0.0555741191,0.8713448644,-0.4875137508,0.1427284479,0.4763208926,0.8676099181,0,-625.0,-833.8,2034.7,0,0.9999943972,0.0004464285,0.0033089076,-0.0003711474,0.9997418523,-0.0227168556,-0.0033181948,0.0227154996,0.9997364879,0,-469.8,-444.0,2182.0,1,0.9994995594,-0.0154521437,0.0276013799,0.0172597952,0.9976370335,-0.0665012449,-0.0265085734,0.0669443607,0.9974045157,0,-469.9,-841.7,2173.0,0,-650.8,-290.4,1731.3,1,-301.1,-327.9,1963.0,1,-579.9,-1167.1,1852.4,0,-464.0,-1223.4,2147.3,0,
10,0.9460982680,0.0913969502,-0.3107167482,0.0160166956,0.9449798465,0.3267353773,0.3234842420,-0.3140992224,0.8925806880,1,-506.4,134.5,1980.2,1,0.9460982680,0.0913969502,-0.3107167482,0.0160166956,0.9449798465,0.3267353773,0.3234842420,-0.3140992224,0.8925806880,1,-525.3,-60.7,2045.1,1,0.9454408884,0.0832048282,-0.3149902523,0.0088439388,0.9599262476,0.2801117003,0.3256746233,-0.2676136494,0.9068185091,1,-541.8,-251.7,2098.3,1,0.3971280456,-0.8110927343,-0.4294391572,0.9008687735,0.4338780642,0.0136107523,0.1752846092,-0.3922735453,0.9029933214,1,-658.0,-62.0,1999.4,1,-0.4503693581,-0.8110927939,-0.3732239008,-0.0353259332,0.4338780344,-0.9002788663,0.8921432495,-0.3922735155,-0.2240579724,1,-762.4,-298.9,1953.3,1,0.3157516122,0.9391379356,-0.1353541315,-0.7882410288,0.3390335739,0.5135487318,0.5281827450,-0.0554621592,0.8473174572,1,-392.5,-59.5,2090.8,1,0.1108114868,0.9391381145,0.3251779079,-0.4517661929,0.3390336633,-0.8252052069,-0.8852277398,-0.0554621667,0.4618396461,1,-331.3,-212.3,2193.2,1,0.9985181689,-0.0355947576,-0.0411638394,0.0277803950,0.9838430882,-0.1768645644,0.0467942059,0.1754589379,0.9833739996,0,-645.2,-443.5,2121.7,1,0.9903998375,-0.1040359959,-0.0910203978,0.0534097329,0.8953255415,-0.4421986043,0.1274974644,0.4330920279,0.8922867775,0,-631.0,-834.9,2051.9,0,0.9999964237,0.0003511327,0.0026479641,-0.0003029516,0.9998347759,-0.0181740280,-0.0026539082,0.0181731600,0.9998313189,0,-471.6,-441.8,2181.5,1,0.9995946288,-0.0139907505,0.0247963052,0.0154550727,0.9980858564,-0.0598814040,-0.0239110570,0.0602403581,0.9978974462,0,-471.7,-839.6,2174.2,0,-649.6,-290.0,1729.7,1,-302.5,-329.8,1963.0,1,-591.2,-1177.4,1886.2,0,-466.3,-1221.5,2151.2,0,
11,0.9469100833,0.0851809904,-0.3100094497,0.0146913119,0.9517897367,0.3063980043,0.3211636543,-0.2946845293,0.9000086784,1,-508.5,135.0,1985.5,1,0.9469100833,0.0851809904,-0.3100094497,0.0146913119,0.9517897367,0.3063980043,0.3211636543,-0.2946845293,0.9000086784,1,-526.1,-61.7,2046.4,1,0.9460428357,0.0807707906,-0.3138142526,0.0046748207,0.9649329782,0.2624531090,0.3240088224,-0.2497577220,0.9124912024,1,-542.1,-253.6,2096.1,1,0.3923637569,-0.8150841594,-0.4262495041,0.9021327496,0.4314244390,0.0054357047,0.1794639230,-0.3866664171,0.9045892954,1,-658.9,-62.3,2000.9,1,-0.4452307820,-0.8150840998,-0.3706851602,-0.0394254476,0.4314244390,-0.9012871981,0.8945474625,-0.3866663575,-0.2242184877,1,-762.2,-299.9,1953.6,1,0.3186422884,0.9383999109,-0.1336885542,-0.7869579792,0.3405211568,0.5145311952,0.5283597708,-0.0587441251,0.8469858766,1,-393.2,-61.0,2091.9,1,0.1100009084,0.9383999705,0.3275749981,-0.4555344880,0.3405212462,-0.8225166798,-0.8833958507,-0.0587441251,0.4649311602,1,-332.2,-211.8,2193.1,1,0.9990506768,-0.0279056579,-0.0334523991,0.0228993036,0.9896488786,-0.1416711062,0.0370595530,0.1407705694,0.9893484116,0,-645.1,-446.0,2116.0,1,0.9921958447,-0.0919445232,-0.0842234716,0.0507896021,0.9149084091,-0.4004535377,0.1138762757,0.3930506408,0.9124381542,0,-634.0,-839.7,2060.0,0,0.9999977350,0.0002770578,0.0021188951,-0.0002462215,0.9998942614,-0.0145394858,-0.0021226995,0.0145389307,0.9998920560,0,-471.3,-445.1,2175.5,1,0.9996716380,-0.0126593877,0.0222799405,0.0138455722,0.9984494448,-0.0539169945,-0.0215628371,0.0542077683,0.9982968569,0,-471.4,-842.9,2169.7,0,-650.7,-290.1,1729.6,1,-303.6,-330.3,1963.4,1,-598.8,-1189.7,1909.6,0,-466.6,-1224.9,2149.0,0,
12,0.9459003806,0.0865919143,-0.3126893044,0.0168964341,0.9492744803,0.3139933646,0.3240178227,-0.3022885025,0.8964568377,1,-508.8,134.2,1983.6,1,0.9459003806,0.0865919143,-0.3126893044,0.0168964341,0.9492744803,0.3139933646,0.3240178227,-0.3022885025,0.8964568377,1,-526.7,-62.1,2046.1,1,0.9452414513,0.0783969313,-0.3168167174,0.0092556234,0.9638913870,0.2661332786,0.3262414634,-0.2544913590,0.9103853703,1,-542.3,-253.8,2096.8,1,0.3936268687,-0.8141004443,-0.4269644618,0.9014117122,0.4329275191,0.0055588931,0.1803191453,-0.3870588839,0.9042513967,1,-659.5,-63.4,2000.3,1,-0.4426459968,-0.8141003251,-0.3759059012,-0.0311685186,0.4329274595,-0.9008898139,0.8961545229,-0.3870588541,-0.2170079201,1,-762.1,-298.5,1953.3,1,0.3254576921,0.9392904639,-0.1086770520,-0.7845284939,0.3324003220,0.5234740376,0.5278184414,-0.0851084143,0.8450824022,1,-394.0,-60.8,2092.0,1,0.0891310573,0.9392905235,0.3313443661,-0.4758948684,0.3324003518,-0.8142690659,-0.8749741316,-0.0851084217,0.4766307473,1,-331.4,-211.6,2193.5,1,0.9993920326,-0.0219519306,-0.0270870067,0.0187457521,0.9933708906,-0.1134143397,0.0293971077,0.1128376201,0.9931784868,0,-644.7,-446.4,2117.4,1,0.9936602116,-0.0813246518,-0.0776251256,0.0478920378,0.9308750033,-0.3621851504,0.1017138660,0.3561713398,0.9288682938,0,-636.0,-841.6,2072.5,0,0.9999985099,0.0002191826,0.0016954456,-0.0001994471,0.9999323487,-0.0116317160,-0.0016978803,0.0116313603,0.9999309182,0,-471.1,-444.7,2177.3,1,0.9997339845,-0.0114481682,0.0200219583,0.0124090342,0.9987439513,-0.0485439561,-0.0194410700,0.0487794988,0.9986203313,0,-471.2,-842.5,2172.7,0,-651.4,-290.7,1729.2,1,-308.3,-335.4,1966.0,1,-604.9,-1197.7,1936.3,0,-466.9,-1224.6,2154.1,0,
13,0.9446957707,0.0878185034,-0.3159719110,0.0193275549,0.9468954206,0.3209593296,0.3273791075,-0.3093146086,0.8928315043,1,-506.1,135.8,1981.7,1,0.9446957707,0.0878185034,-0.3159719110,0.0193275549,0.9468954206,0.3209593296,0.3273791075,-0.3093146086,0.8928315043,1,-524.3,-60.6,2045.9,1,0.9439630508,0.0792911425,-0.3203857541,0.0109555265,0.9626506567,0.2705233693,0.3298701942,-0.2588728964,0.9078388214,1,-540.1,-252.1,2097.4,1,0.4019126296,-0.8087121844,-0.4294775426,0.8971611261,0.4416313767,0.0079812407,0.1832162142,-0.3885183334,0.9030423164,1,-656.8,-62.1,1999.6,1,-0.4458725154,-0.8087121248,-0.3836435676,-0.0294578951,0.4416313171,-0.8967128992,0.8946115971,-0.3885183036,-0.2207342237,1,-763.1,-299.2,1951.2,1,0.3161378205,0.9444417953,-0.0899262130,-0.7898069620,0.3145150244,0.5265789032,0.5256062150,-0.0954471603,0.8453567624,1,-391.8,-59.1,2092.2,1,0.0725366548,0.9444417953,0.3205749094,-0.4826844931,0.3145149946,-0.8173714876,-0.8727852106,-0.0954471380,0.4786812961,1,-330.8,-211.5,2193.6,1,0.9996107221,-0.0173192453,-0.0218732040,0.0152664240,0.9957556129,-0.0907619148,0.0233522933,0.0903926641,0.9956324100,0,-642.5,-444.6,2118.6,1,0.9948526621,-0.0719960779,-0.0713072717,0.0448518060,0.9438767433,-0.3272385597,0.0908651650,0.3223559260,0.9422474504,0,-635.6,-840.8,2082.6,0,0.9999990463,0.0001737689,0.0013565642,-0.0001611381,0.9999566674,-0.0093054334,-0.0013581226,0.0093052061,0.9999557734,0,-469.2,-442.6,2179.2,1,0.9997845292,-0.0103475684,0.0179952830,0.0111259082,0.9989825487,-0.0437042229,-0.0175247416,0.0438950174,0.9988824129,0,-469.3,-840.4,2175.5,0,-651.8,-291.9,1728.0,1,-311.9,-337.0,1966.7,1,-608.1,-1201.9,1959.3,0,-465.3,-1222.6,2158.7,0,
14,0.9446812868,0.0892847180,-0.3156039417,0.0182073899,0.9464756846,0.3222600520,0.3274849355,-0.3101781309,0.8924930692,1,-506.1,135.3,1981.3,1,0.9446812868,0.0892847180,-0.3156039417,0.0182073899,0.9464756846,0.3222600520,0.3274849355,-0.3101781309,0.8924930692,1,-524.5,-60.8,2045.5,1,0.9441167116,0.0795702338,-0.3198633492,0.0118275844,0.9616200328,0.2741280198,0.3294000030,-0.2625908852,0.9069412947,1,-540.4,-252.1,2097.8,1,0.4105639458,-0.7937240005,-0.4488202333,0.8917798996,0.4521830976,0.0160958786,0.1901732087,-0.4068572521,0.8934772015,1,-657.1,-62.4,1999.3,1,-0.4704887569,-0.7937240005,-0.3855420649,-0.0324373320,0.4521831572,-0.8913351893,0.8818095922,-0.4068572223,-0.2384933680,1,-766.5,-300.1,1948.6,1,0.3188130856,0.9424391985,-0.1008304060,-0.7894833684,0.3229143023,0.5219602585,0.5244753957,-0.0868038386,0.8469892144,1,-392.0,-59.1,2091.8,1,0.0824794695,0.9424391985,0.3240458071,-0.4760740995,0.3229143023,-0.8179730773,-0.8755288124,-0.0868038312,0.4753046632,1,-330.2,-212.0,2193.4,1,0.9997507930,-0.0136984112,-0.0176265631,0.0123842480,0.9972828627,-0.0726192966,0.0185734387,0.0723829046,0.9972039461,0,-642.9,-444.4,2119.7,1,0.9958227277,-0.0637980103,-0.0653219372,0.0417691693,0.9544533491,-0.2954219878,0.0811940730,0.2914594710,0.9531310797,0,-637.4,-841.2,2090.9,0,0.9999994040,0.0001380054,0.0010853827,-0.0001299217,0.9999722838,-0.0074443738,-0.0010863799,0.0074442285,0.9999716878,0,-469.5,-442.3,2180.2,1,0.9998254776,-0.0093485685,0.0161758177,0.0099790497,0.9991758466,-0.0393454172,-0.0157946646,0.0394999720,0.9990947247,0,-469.6,-840.1,2177.3,0,-649.6,-292.0,1729.3,1,-308.8,-335.9,1965.7,1,-613.0,-1206.4,1979.4,0,-466.0,-1222.4,2162.2,0,
15,0.9454575777,0.0894523188,-0.3132228553,0.0181866437,0.9455603361,0.3249373436,0.3252380788,-0.3129096925,0.8923611045,1,-506.4,135.8,1980.5,1,0.9454575777,0.0894523188,-0.3132228553,0.0181866437,0.9455603361,0.3249373436,0.3252380788,-0.3129096925,0.8923611045,1,-524.9,-59.9,2045.3,1,0.9449601769,0.0786731690,-0.3175863326,0.0125455428,0.9612333179,0.2754490972,0.3269456029,-0.2642715573,0.9073411226,1,-540.5,-251.2,2097.9,1,0.4027234614,-0.8041960001,-0.4371301234,0.8973060846,0.4411510229,0.0150856245,0.1807085574,-0.3983148336,0.8992718458,1,-657.6,-61.7,1999.4,1,-0.4588327110,-0.8041960001,-0.3778113723,-0.0347980037,0.4411509931,-0.8967580199,0.8878410459,-0.3983148336,-0.2303989083,1,-764.8,-300.6,1951.3,1,0.3181923330,0.9429600239,-0.0978779867,-0.7891940475,0.3206728697,0.5237764120,0.5252870321,-0.0894169137,0.8462140560,1,-392.2,-58.2,2091.2,1,0.0805451348,0.9429600239,0.3230153620,-0.4803763330,0.3206728399,-0.8163378835,-0.8733562231,-0.0894168913,0.4788042903,1,-330.2,-211.9,2193.5,1,0.9998404980,-0.0108572636,-0.0141819390,0.0100160558,0.9982607365,-0.0580965318,0.0147880418,0.0579452179,0.9982102513,0,-642.9,-443.5,2120.4,1,0.9966111779,-0.0565882847,-0.0596988797,0.0387173519,0.9630501866,-0.2665244341,0.0725751817,0.2633098364,0.9619775414,0,-638.6,-840.7,2097.4,0,0.9834830165,0.1638298780,0.0769475475,0.0828529447,-0.0295130480,-0.9961247444,-0.1609240472,0.9860469699,-0.0425993763,1,-469.5,-441.2,2180.4,1,0.9834830761,-0.0076446342,0.1808389276,0.0828529373,0.9073016047,-0.4122368991,-0.1609240472,0.4204109907,0.8929491043,1,-534.6,-429.5,1788.6,1,-650.1,-291.9,1729.5,1,-309.3,-336.9,1966.4,1,-616.9,-1209.1,1996.7,0,-531.7,-774.0,1629.0,1,
16,0.9446629882,0.0867101848,-0.3163755536,0.0212898739,0.9461939931,0.3228977919,0.3273517489,-0.3117639422,0.8919891715,1,-505.9,136.7,1980.7,1,0.9446629882,0.0867101848,-0.3163755536,0.0212898739,0.9461939931,0.3228977919,0.3273517489,-0.3117639422,0.8919891715,1,-523.9,-59.6,2045.4,1,0.9440957904,0.0767483637,-0.3206137419,0.0146690290,0.9617803097,0.2734274566,0.3293456733,-0.2628436089,0.9068877697,1,-539.1,-250.9,2097.6,1,0.4043895900,-0.8073031306,-0.4298031926,0.8975113630,0.4406743050,0.0167205036,0.1759046912,-0.3925148547,0.9027677774,1,-656.4,-61.7,1999.1,1,-0.4537070394,-0.8073031902,-0.3773746490,-0.0381454974,0.4406742752,-0.8968563080,0.8903341293,-0.3925148845,-0.2307319939,1,-764.4,-301.3,1952.1,1,0.3201631904,0.9448840618,-0.0684797689,-0.7703889012,0.3017427325,0.5616513491,0.5513586998,-0.1270640343,0.8245351315,1,-391.3,-57.5,2091.6,1,0.0452586897,0.9448841810,0.3242616355,-0.5047465563,0.3017427623,-0.8088153005,-0.8620803952,-0.1270640194,0.4905834794,1,-329.6,-206.0,2197.9,1,0.9998978972,-0.0086203618,-0.0113965441,0.0080819326,0.9988867640,-0.0464752391,0.0117844902,0.0463783890,0.9988544583,0,-641.0,-443.6,2119.7,1,0.9972516298,-0.0502420887,-0.0544514805,0.0357485265,0.9700332284,-0.2403281033,0.0648943335,0.2377210259,0.9691632390,0,-637.6,-841.0,2101.2,0,0.9885349274,0.1245803982,0.0853134841,0.0466513932,0.2853764296,-0.9572795033,-0.1436047107,0.9502841830,0.2762926817,0,-467.8,-440.9,2180.2,1,0.9865743518,-0.0104467068,0.1629782915,0.0715789795,0.9246510863,-0.3740278780,-0.1467906833,0.3806721270,0.9129847884,0,-517.3,-554.4,1802.1,0,-651.0,-291.7,1729.7,1,-317.8,-337.2,1973.8,1,-618.4,-1212.1,2010.3,0,-513.3,-908.2,1656.4,0,
17,0.9434144497,0.0862902701,-0.3201927245,0.0232692994,0.9459452033,0.3234895766,0.3307994008,-0.3126341403,0.8904112577,1,-505.2,137.1,1980.7,1,0.9434144497,0.0862902701,-0.3201927245,0.0232692994,0.9459452033,0.3234895766,0.3307994008,-0.3126341403,0.8904112577,1,-523.0,-58.9,2045.5,1,0.9428347945,0.0764104947,-0.3243829310,0.0164732747,0.9614838362,0.2743658423,0.3328539729,-0.2640241086,0.9052625299,1,-538.2,-250.2,2098.0,1,0.4144667983,-0.8017785549,-0.4305444658,0.8936358094,0.4480451047,0.0258962400,0.1721402556,-0.3954830766,0.9021978974,1,-655.4,-61.2,1998.8,1,-0.4586280882,-0.8017784357,-0.3831599057,-0.0370180719,0.4480450749,-0.8932442069,0.8878569603,-0.3954830468,-0.2351663560,1,-766.7,-301.1,1952.6,1,0.3029324710,0.9457724094,-0.1172451973,-0.7851324081,0.3174062669,0.5318086147,0.5401842594,-0.0690490976,0.8387092352,1,-390.7,-56.6,2092.3,1,0.0900737494,0.9457725286,0.3120917380,-0.4604983032,0.3174062967,-0.8289721012,-0.8830786943,-0.0690490976,0.4641166031,1,-332.0,-208.8,2197.0,1,0.9999346733,-0.0068542152,-0.0091496296,0.0065095923,0.9992874861,-0.0371779278,0.0093979351,0.0371159390,0.9992668033,0,-639.8,-443.0,2120.1,1,0.9977715611,-0.0446502939,-0.0495811738,0.0328986123,0.9757022858,-0.2166164219,0.0580484532,0.2145025432,0.9749969244,0,-637.1,-840.6,2105.3,0,0.9777401090,0.1981644779,0.0689577460,0.0837156773,-0.0670773536,-0.9942295551,-0.1923954636,0.9778709412,-0.0821736827,1,-467.1,-439.9,2181.1,1,0.9668192267,-0.0989608616,0.2355149984,0.1774713397,0.9233160019,-0.3405751884,-0.1837511510,0.3710717857,0.9102424383,1,-545.7,-413.3,1793.0,1,-651.3,-291.8,1729.1,1,-308.6,-328.3,1967.9,1,-620.0,-1213.8,2023.2,0,-508.0,-764.7,1651.8,1,
18,0.9440017939,0.0845755786,-0.3189167082,0.0259181429,0.9445915222,0.3272224367,0.3289216459,-0.3171630502,0.8895047903,1,-505.0,137.4,1980.3,1,0.9440017939,0.0845755786,-0.3189167082,0.0259181429,0.9445915222,0.3272224367,0.3289216459,-0.3171630502,0.8895047903,1,-522.6,-58.4,2046.0,1,0.9432804585,0.0768364444,-0.3229837120,0.0174060706,0.9600654840,0.2792319953,0.3315412998,-0.2690147758,0.9042744040,1,-537.8,-249.4,2099.5,1,0.4221257269,-0.7934046388,-0.4385417998,0.8887705803,0.4575097561,0.0277796835,0.1785966307,-0.4014895856,0.8982813358,1,-655.0,-60.9,1999.5,1,-0.4676842093,-0.7934046984,-0.3895902038,-0.0360273570,0.4575097561,-0.8884745836,0.8831610084,-0.4014896154,-0.2425543964,1,-768.8,-300.6,1951.3,1,0.2962298989,0.9476811290,-0.1189472377,-0.7952131033,0.3136968315,0.5188742876,0.5290406942,-0.0591176748,0.8465347290,1,-390.1,-56.0,2092.6,1,0.0953886583,0.9476810098,0.3046335280,-0.4550198317,0.3136967719,-0.8333973885,-0.8853574395,-0.0591176376,0.4611368179,1,-332.5,-210.6,2195.4,1,0.9999581575,-0.0054562488,-0.0073401807,0.0052356836,0.9995439649,-0.0297398455,0.0074991016,0.0297001712,0.9995307326,0,-639.6,-442.0,2122.6,1,0.9981934428,-0.0397177525,-0.0450809449,0.0301910844,0.9803027511,-0.1951794922,0.0519450679,0.1934658587,0.9797309041,0,-637.5,-839.7,2110.8,0,0.9844804406,0.1539774388,0.0841976851,0.0425489955,0.2560351491,-0.9657305479,-0.1702582985,0.9543253183,0.2455099821,0,-466.6,-438.8,2183.4,1,0.9730367661,-0.0933074653,0.2109340429,0.1571063697,0.9376853704,-0.3099415898,-0.1688699126,0.3347236514,0.9270614982,0,-527.9,-540.7,1803.7,0,-651.1,-291.5,1728.9,1,-307.8,-328.8,1965.4,1,-622.3,-1214.7,2036.8,0,-492.2,-899.4,1675.7,0,
19,0.9429783225,0.0861698613,-0.3215070069,0.0246328916,0.9451934695,0.3255792856,0.3319420218,-0.3149326146,0.8891751766,1,-505.8,137.5,1980.5,1,0.9429783225,0.0861698613,-0.3215070069,0.0246328916,0.9451934695,0.3255792856,0.3319420218,-0.3149326146,0.8891751766,1,-523.7,-58.2,2045.8,1,0.9424434900,0.0761861578,-0.3255705535,0.0183545835,0.9604388475,0.2778840661,0.3338621259,-0.2678645551,0.9037618041,1,-538.8,-249.3,2099.0,1,0.4075456858,-0.8039797544,-0.4330393672,0.8959176540,0.4438048899,0.0192065816,0.1767432988,-0.3957951665,0.9011703134,1,-656.0,-60.8,1998.9,1,-0.4563653171,-0.8039797544,-0.3812443316,-0.0337684527,0.4438048303,-0.8954869509,0.8891515136,-0.3957951367,-0.2296862900,1,-764.9,-300.3,1951.6,1,0.3183112741,0.9442813396,-0.0837299228,-0.7895307541,0.3129567802,0.5279197097,0.5247085094,-0.1019354463,0.8451569080,1,-391.3,-55.7,2092.6,1,0.0614427179,0.9442813993,0.3233536482,-0.4718673229,0.3129568100,-0.8242568970,-0.8795260191,-0.1019354388,0.4648044407,1,-329.3,-209.7,2195.0,1,0.9999732375,-0.0043476373,-0.0058852453,0.0042064693,0.9997081161,-0.0237902608,0.0059869587,0.0237648692,0.9996996522,0,-641.2,-442.1,2121.4,1,0.9985357523,-0.0353617258,-0.0409380272,0.0276400018,0.9840345979,-0.1758177727,0.0465016589,0.1744288057,0.9835711122,0,-639.5,-839.8,2112.0,0,0.9754567146,0.2053453922,0.0794831887,0.0830148906,-0.0086271409,-0.9965109825,-0.2039432526,0.9786516428,-0.0254621319,1,-466.7,-438.7,2183.2,1,0.9563756585,-0.1152340472,0.2684523165,0.2140803337,0.9017136097,-0.3756090403,-0.1987841725,0.4166936874,0.8870463371,1,-548.2,-435.2,1795.0,1,-650.5,-291.8,1728.7,1,-313.3,-332.3,1966.5,1,-626.0,-1216.3,2045.2,0,-504.4,-778.4,1636.4,1,
20,0.9426029921,0.0816383287,-0.3237825632,0.0229008831,0.9515633583,0.3065978289,0.3331303596,-0.2964136302,0.8950775862,1,-506.6,138.7,1985.7,1,0.9426029921,0.0816383287,-0.3237825632,0.0229008831,0.9515633583,0.3065978289,0.3331303596,-0.2964136302,0.8950775862,1,-523.5,-59.2,2047.3,1,0.9420673251,0.0726269707,-0.3274672329,0.0162453931,0.9652519226,0.2608143091,0.3350311220,-0.2510232329,0.9081532359,1,-538.0,-251.2,2097.2,1,0.4004805684,-0.8084272146,-0.4313476682,0.8974672556,0.4410307705,0.0066695949,0.1848457158,-0.3897914290,0.9021611214,1,-655.8,-61.5,2000.3,1,-0.4535523951,-0.8084271550,-0.3751475513,-0.0446847863,0.4410307407,-0.8963789344,0.8901086450,-0.3897914290,-0.2361549735,1,-763.0,-301.6,1950.8,1,0.3078166246,0.9424884319,-0.1302484721,-0.8004533648,0.3305296302,0.5000246167,0.5143182874,-0.0496580675,0.8561605811,1,-391.3,-57.0,2094.4,1,0.1080720127,0.9424884319,0.3162849844,-0.4419495761,0.3305296004,-0.8339250088,-0.8905060291,-0.0496580601,0.4522533715,1,-331.9,-211.4,2193.6,1,0.9999828935,-0.0034669610,-0.0047165309,0.0033766110,0.9998131990,-0.0190309752,0.0047816294,0.0190147217,0.9998077750,0,-639.3,-444.7,2116.3,1,0.9988133311,-0.0315103121,-0.0371357836,0.0252523534,0.9870610833,-0.1583436430,0.0416447483,0.1572179794,0.9866854548,0,-637.9,-842.5,2108.7,0,0.9829900861,0.1585491300,0.0926967859,0.0413008705,0.3009642959,-0.9527407885,-0.1789546311,0.9403631687,0.2892966866,0,-465.6,-441.7,2178.1,1,0.9645177126,-0.1092398092,0.2403585911,0.1896374822,0.9200577140,-0.3428284824,-0.1836932600,0.3762451708,0.9081279039,0,-528.7,-561.5,1803.9,0,-649.9,-290.5,1729.0,1,-303.8,-326.1,1962.5,1,-625.9,-1220.1,2048.6,0,-486.9,-913.5,1660.0,0,
21,0.9423006773,0.0848513544,-0.3238364756,0.0237659141,0.9479480386,0.3175363541,0.3339241147,-0.3069096804,0.8912361264,1,-505.0,137.8,1983.2,1,0.9423006773,0.0848513544,-0.3238364756,0.0237659141,0.9479480386,0.3175363541,0.3339241147,-0.3069096804,0.8912361264,1,-522.7,-59.7,2047.2,1,0.9417462349,0.0750769526,-0.3278380036,0.0171423666,0.9627835751,0.2697282434,0.3358880281,-0.2596342564,0.9054115415,1,-537.6,-251.2,2098.8,1,0.4106247723,-0.8022499084,-0.4333389103,0.8930423856,0.4497681856,0.0135664940,0.1840183139,-0.3925607502,0.9011290073,1,-654.9,-62.1,2000.0,1,-0.4561467469,-0.8022497892,-0.3851303756,-0.0376063734,0.4497681260,-0.8923532963,0.8891096115,-0.3925606906,-0.2353299707,1,-764.5,-300.3,1950.9,1,0.3021148443,0.9453222752,-0.1228517741,-0.8030081987,0.3218204379,0.5016069412,0.5137163997,-0.0528919175,0.8563281894,1,-390.5,-57.3,2094.3,1,0.1015522704,0.9453222156,0.3099243045,-0.4445702732,0.3218204379,-0.8359359503,-0.8899688125,-0.0528919473,0.4529437125,1,-332.1,-212.4,2193.6,1,0.9999890327,-0.0027664148,-0.0037785347,0.0027085899,0.9998804331,-0.0152238887,0.0038201984,0.0152134877,0.9998769760,0,-639.2,-444.3,2119.5,1,0.9990383387,-0.0281010680,-0.0336552523,0.0230299123,0.9895149469,-0.1425827444,0.0373090990,0.1416705549,0.9892105460,0,-638.1,-842.1,2113.5,0,0.9885520935,0.1195227951,0.0920819044,0.0149790086,0.5295393467,-0.8481532335,-0.1501346231,0.8398228884,0.5216869116,0,-465.9,-441.1,2181.4,1,0.9711628556,-0.1027377248,0.2151456475,0.1680784523,0.9350293875,-0.3122012913,-0.1690926552,0.3393596709,0.9253338575,0,-513.5,-651.8,1847.2,0,-650.5,-290.9,1728.7,1,-305.7,-328.0,1962.4,1,-627.4,-1220.6,2059.3,0,-474.2,-1009.5,1717.4,0,
22,0.9415807128,0.0815294683,-0.3267707229,0.0246319100,0.9509863257,0.3082494140,0.3358865082,-0.2982893884,0.8934227228,1,-505.8,138.0,1986.5,1,0.9415807128,0.0815294683,-0.3267707229,0.0246319100,0.9509863257,0.3082494140,0.3358865082,-0.2982893884,0.8934227228,1,-522.7,-59.5,2048.5,1,0.9411176443,0.0716310143,-0.3304041922,0.0188403577,0.9646649361,0.2628037930,0.3375548720,-0.2535530031,0.9065143466,1,-537.0,-251.3,2098.9,1,0.4055057466,-0.8063259125,-0.4305852652,0.8948660493,0.4462794363,0.0070292503,0.1864934713,-0.3881665468,0.9025225639,1,-654.9,-62.1,2001.1,1,-0.4531251788,-0.8063257933,-0.3801527917,-0.0442861430,0.4462794363,-0.8937971592,0.8903461099,-0.3881664872,-0.2379295379,1,-762.7,-300.2,1951.5,1,0.3240760863,0.9422482848,-0.0845160782,-0.7990565896,0.3204587698,0.5087384582,0.5064418316,-0.0973368362,0.8567626476,1,-390.6,-56.8,2095.9,1,0.0666733533,0.9422482252,0.3282117248,-0.4642954767,0.3204587400,-0.8256730437,-0.8831672072,-0.0973368287,0.4588476717,1,-327.8,-211.6,2193.9,1,0.9999929667,-0.0022085442,-0.0030262130,0.0021715357,0.9999234676,-0.0121784909,0.0030528782,0.0121718338,0.9999212623,0,-637.7,-445.0,2118.3,1,0.9992207885,-0.0250797458,-0.0304761957,0.0209706612,0.9915040731,-0.1283739507,0.0334368572,0.1276348233,0.9912574291,0,-636.8,-842.8,2113.5,0,0.9924356937,0.0891457647,0.0844065249,-0.0002723411,0.6891384125,-0.7246296406,-0.1227654517,0.7191252708,0.6839498281,0,-464.7,-441.5,2180.4,1,0.9765784740,-0.0960006341,0.1925574541,0.1490703970,0.9472308755,-0.2837811410,-0.1551531851,0.3058391511,0.9393560886,0,-500.2,-715.7,1894.2,0,-649.6,-289.1,1729.2,1,-310.5,-332.2,1964.5,1,-627.3,-1222.1,2064.6,0,-463.5,-1078.1,1777.2,0,
23,0.9416791797,0.0737573132,-0.3283300102,0.0302422121,0.9531863928,0.3008663356,0.3351514637,-0.2932476997,0.8953657150,1,-507.5,138.9,1988.2,1,0.9416791797,0.0737573132,-0.3283300102,0.0302422121,0.9531863928,0.3008663356,0.3351514637,-0.2932476997,0.8953657150,1,-522.8,-59.4,2049.1,1,0.9410695434,0.0671043396,-0.3314898610,0.0219365153,0.9659446478,0.2578160465,0.3375020921,-0.2498933375,0.9075496197,1,-536.1,-251.5,2098.9,1,0.4157975912,-0.7947456837,-0.4421443939,0.8887192011,0.4582953155,0.0119848847,0.1931077540,-0.3979254961,0.8968638182,1,-654.9,-62.4,2001.8,1,-0.4656616747,-0.7947457433,-0.3892794549,-0.0399125144,0.4582953453,-0.8879034519,0.8840622902,-0.3979254961,-0.2451308817,1,-765.9,-299.6,1950.2,1,0.3278508484,0.9429603815,-0.0577895120,-0.7889943123,0.3069378734,0.5322379470,0.5196170807,-0.1288990676,0.8446201682,1,-390.7,-56.3,2096.5,1,0.0368690938,0.9429603219,0.3308571577,-0.4810991883,0.3069378138,-0.8211776614,-0.8758904934,-0.1288990378,0.4649739861,1,-327.3,-208.8,2197.0,1,0.9999955297,-0.0017638940,-0.0024231302,0.0017402084,0.9999510050,-0.0097423652,0.0024401962,0.0097381053,0.9999496341,0,-635.9,-445.7,2117.6,1,0.9993686676,-0.0223991983,-0.0275779255,0.0190698877,0.9931163192,-0.1155693308,0.0299767479,0.1149704531,0.9929165244,0,-635.2,-843.5,2113.7,0,0.9950594306,0.0663185716,0.0738820508,-0.0082718320,0.7969639897,-0.6039701700,-0.0989357755,0.6003750563,0.7935751677,0,-463.0,-441.6,2179.6,1,0.9809868336,-0.0892300457,0.1723450422,0.1323110610,0.9571629763,-0.2575514913,-0.1419809759,0.2754577994,0.9507704377,0,-489.4,-758.7,1940.7,0,-649.5,-289.6,1729.3,1,-317.7,-333.8,1969.4,1,-626.7,-1223.4,2069.7,0,-455.3,-1124.9,1835.3,0,
