1,0.9362398386,0.1088707969,-0.3340664208,-0.0001821350,0.9509331584,0.3093942404,0.3513595164,-0.2896063328,0.8903222084,1,-540.0,140.6,2036.5,1,0.9362398386,0.1088707969,-0.3340664208,-0.0001821350,0.9509331584,0.3093942404,0.3513595164,-0.2896063328,0.8903222084,1,-562.4,-54.8,2096.0,1,0.9357373118,0.1007877737,-0.3379876614,-0.0047663506,0.9618254304,0.2736197710,0.3526633680,-0.2544251978,0.9004972577,1,-582.5,-247.2,2146.9,1,0.2663090825,-0.8379483819,-0.4763633013,0.9250325561,0.3610857427,-0.1180330887,0.2709136009,-0.4092182815,0.8712900281,1,-687.2,-54.2,2049.0,1,-0.4514730573,-0.8379483819,-0.3066180050,-0.0373655371,0.3610857427,-0.9317836761,0.8915020823,-0.4092182815,-0.1943308562,1,-759.2,-304.1,1975.8,1,0.5026723742,0.8643554449,0.0145025831,-0.6115241051,0.3436785638,0.7126874924,0.6110310555,-0.3671169877,0.7013317943,1,-437.5,-55.4,2143.1,1,-0.0661616176,0.8643554449,0.4985102415,-0.6459634304,0.3436785638,-0.6816277504,-0.7604958415,-0.3671169877,0.5356036425,1,-349.7,-162.3,2249.8,1,1.0000000000,-0.0000484974,-0.0000196096,0.0000484945,1.0000000000,-0.0001458476,0.0000196167,0.0001458467,1.0000000000,0,-689.1,-439.2,2165.3,1,0.9999828935,-0.0051661814,-0.0027334902,0.0051302081,0.9999022484,-0.0130074071,0.0028004216,0.0129931616,0.9999116659,0,-689.1,-839.4,2165.2,0,1.0000000000,0.0000000000,-0.0000000000,-0.0000000000,1.0000000000,-0.0000000000,0.0000000000,0.0000000000,1.0000000000,0,-516.3,-440.1,2230.4,1,1.0000000000,-0.0000000621,0.0000000873,0.0000000621,1.0000000000,-0.0000000778,-0.0000000873,0.0000000778,1.0000000000,0,-516.3,-840.3,2230.4,0,-643.7,-294.5,1747.8,1,-367.0,-331.2,2050.9,1,-687.1,-1224.2,2160.2,0,-516.3,-1225.1,2230.4,0,
2,0.9372176528,0.1063700393,-0.3321244717,-0.0039998107,0.9555644393,0.2947528958,0.3487198949,-0.2749191225,0.8959982395,1,-541.8,140.3,2040.8,1,0.9372176528,0.1063700393,-0.3321244717,-0.0039998107,0.9555644393,0.2947528958,0.3487198949,-0.2749191225,0.8959982395,1,-563.7,-56.0,2097.2,1,0.9367367625,0.1004390791,-0.3353123069,-0.0084633902,0.9641661644,0.2651615143,0.3499300480,-0.2455485910,0.9040209055,1,-583.8,-248.9,2146.4,1,0.2593554556,-0.8411436081,-0.4745653272,0.9252800345,0.3572199941,-0.1274784952,0.2767519355,-0.4060435593,0.8709403276,1,-688.7,-54.8,2050.5,1,-0.4496377409,-0.8411436677,-0.3005052507,-0.0447416082,0.3572199941,-0.9329481721,0.8920897245,-0.4060436189,-0.1982537061,1,-759.1,-306.0,1975.4,1,0.5115621090,0.8592129946,0.0075664530,-0.6048950553,0.3538631797,0.7133602500,0.6102508307,-0.3695049882,0.7007567286,1,-438.7,-57.1,2143.9,1,-0.0619866401,0.8592129946,0.5078491569,-0.6449059844,0.3538631797,-0.6774047613,-0.7617439628,-0.3695049882,0.5321768522,1,-349.8,-162.2,2249.9,1,1.0000000000,-0.0000387977,-0.0000156883,0.0000387958,1.0000000000,-0.0001166780,0.0000156928,0.0001166774,1.0000000000,0,-690.4,-441.0,2163.2,1,0.9999861717,-0.0046479767,-0.0024631703,0.0046188384,0.9999207854,-0.0117061064,0.0025173849,0.0116945673,0.9999284744,0,-690.4,-841.2,2163.1,0,1.0000000000,0.0000000000,-0.0000000000,-0.0000000000,1.0000000000,-0.0000000000,0.0000000000,0.0000000000,1.0000000000,0,-517.4,-442.6,2227.8,1,1.0000000000,-0.0000000559,0.0000000786,0.0000000559,1.0000000000,-0.0000000700,-0.0000000786,0.0000000700,1.0000000000,0,-517.4,-842.7,2227.8,0,-644.0,-294.6,1747.1,1,-366.0,-330.9,2050.6,1,-688.6,-1225.9,2158.6,0,-517.4,-1227.5,2227.8,0,
3,0.9355598688,0.1059583724,-0.3368956745,-0.0050992630,0.9578842521,0.2871069908,0.3531291187,-0.2668878138,0.8966993690,1,-541.2,142.0,2042.9,1,0.9355598688,0.1059583724,-0.3368956745,-0.0050992630,0.9578842521,0.2871069908,0.3531291187,-0.2668878138,0.8966993690,1,-563.0,-55.3,2097.8,1,0.9350893497,0.1001065373,-0.3399774432,-0.0094918571,0.9660081863,0.2583345771,0.3542826474,-0.2383388132,0.9042551517,1,-583.0,-248.6,2145.5,1,0.2603304088,-0.8420181870,-0.4724760354,0.9253882766,0.3572104573,-0.1267174780,0.2754717767,-0.4042353630,0.8721864223,1,-687.8,-54.0,2050.6,1,-0.4472729266,-0.8420180678,-0.3015832007,-0.0433638766,0.3572104275,-0.9330167770,0.8933456540,-0.4042353332,-0.1962837279,1,-758.5,-305.5,1975.7,1,0.5117706060,0.8590701818,0.0094515989,-0.5994486213,0.3491832018,0.7202308178,0.6154284477,-0.3742586970,0.6936701536,1,-438.2,-56.6,2145.1,1,-0.0652581602,0.8590703011,0.5076808929,-0.6504935622,0.3491832316,-0.6744844913,-0.7567031384,-0.3742587566,0.5360325575,1,-349.8,-160.2,2251.5,1,1.0000000000,-0.0000310380,-0.0000125510,0.0000310368,1.0000000000,-0.0000933424,0.0000125539,0.0000933420,1.0000000000,0,-689.4,-441.0,2160.5,1,0.9999887943,-0.0041818917,-0.0022193056,0.0041582892,0.9999358654,-0.0105350362,0.0022632198,0.0105256895,0.9999420643,0,-689.4,-841.1,2160.5,0,1.0000000000,0.0000000000,-0.0000000000,-0.0000000000,1.0000000000,-0.0000000000,0.0000000000,0.0000000000,1.0000000000,0,-516.7,-442.7,2225.9,1,1.0000000000,-0.0000000503,0.0000000707,0.0000000503,1.0000000000,-0.0000000630,-0.0000000707,0.0000000630,1.0000000000,0,-516.7,-842.9,2225.9,0,-644.2,-294.4,1747.4,1,-366.9,-330.3,2053.5,1,-687.8,-1225.9,2156.4,0,-516.7,-1227.7,2225.9,0,
4,0.9363107085,0.1120707765,-0.3328067660,-0.0052904943,0.9521026611,0.3057307005,0.3511303365,-0.2844981849,0.8920578361,1,-537.9,142.1,2038.4,1,0.9363107085,0.1120707765,-0.3328067660,-0.0052904943,0.9521026611,0.3057307005,0.3511303365,-0.2844981849,0.8920578361,1,-561.1,-54.4,2097.1,1,0.9356307387,0.1039794534,-0.3373150229,-0.0113213323,0.9639751911,0.2657484710,0.3527963758,-0.2448235303,0.9031030536,1,-581.9,-247.3,2146.1,1,0.2684073746,-0.8382326365,-0.4746825099,0.9242352843,0.3629993796,-0.1184082925,0.2715631425,-0.4069366455,0.8721559644,1,-685.9,-52.9,2050.1,1,-0.4484981298,-0.8382327557,-0.3101861775,-0.0344422534,0.3629994392,-0.9311527014,0.8931198716,-0.4069367349,-0.1916752160,1,-758.8,-303.8,1976.3,1,0.5032495260,0.8639421463,0.0185414571,-0.6121399403,0.3412649632,0.7133182287,0.6099380851,-0.3703270257,0.7005950212,1,-436.2,-55.9,2144.2,1,-0.0644593388,0.8639422655,0.4994485676,-0.6543849707,0.3412649930,-0.6747730374,-0.7534092069,-0.3703270555,0.5433530211,1,-349.7,-161.1,2249.0,1,1.0000000000,-0.0000248303,-0.0000100410,0.0000248296,1.0000000000,-0.0000746739,0.0000100429,0.0000746736,1.0000000000,0,-689.1,-439.1,2162.5,1,0.9999909401,-0.0037626580,-0.0019993607,0.0037435403,0.9999480247,-0.0094811572,0.0020349312,0.0094735855,0.9999530315,0,-689.1,-839.3,2162.5,0,1.0000000000,0.0000000000,-0.0000000000,-0.0000000000,1.0000000000,-0.0000000000,0.0000000000,0.0000000000,1.0000000000,0,-516.3,-441.2,2227.7,1,1.0000000000,-0.0000000453,0.0000000636,0.0000000453,1.0000000000,-0.0000000567,-0.0000000636,0.0000000567,1.0000000000,0,-516.3,-841.4,2227.7,0,-644.2,-295.0,1748.2,1,-366.6,-332.3,2051.9,1,-687.6,-1224.0,2158.8,0,-516.3,-1226.2,2227.7,0,
5,0.9350398779,0.1052052155,-0.3385711014,-0.0011174735,0.9558283687,0.2939209938,0.3545385897,-0.2744494379,0.8938561678,1,-536.9,136.6,2042.7,1,0.9350398779,0.1052052155,-0.3385711014,-0.0011174735,0.9558283687,0.2939209938,0.3545385897,-0.2744494379,0.8938561678,1,-558.5,-59.7,2099.1,1,0.9344851971,0.0968133807,-0.3425822854,-0.0063958624,0.9667216539,0.2557478249,0.3559422195,-0.2368013859,0.9040073156,1,-577.8,-253.1,2146.4,1,0.2843475342,-0.8320335746,-0.4763055742,0.9159681201,0.3824753165,-0.1213065088,0.2831061780,-0.4017875195,0.8708719015,1,-683.2,-58.8,2051.6,1,-0.4485837221,-0.8320333958,-0.3263328373,-0.0378180146,0.3824752867,-0.9231915474,0.8929402232,-0.4017874300,-0.2030380666,1,-759.4,-304.4,1975.7,1,0.5036756396,0.8638774157,0.0051640426,-0.6042330265,0.3480076194,0.7167937160,0.6174247265,-0.3641518056,0.6972662210,1,-433.8,-60.5,2146.6,1,-0.0574543513,0.8638772964,0.5004146695,-0.6501526833,0.3480075896,-0.6754199862,-0.7576280236,-0.3641517460,0.5416577458,1,-349.9,-161.2,2249.4,1,1.0000000000,-0.0000198642,-0.0000080330,0.0000198637,1.0000000000,-0.0000597391,0.0000080341,0.0000597389,1.0000000000,0,-683.5,-445.9,2161.0,1,0.9999926686,-0.0033855445,-0.0018010321,0.0033700590,0.9999579191,-0.0085327318,0.0018298442,0.0085266000,0.9999619722,0,-683.5,-846.1,2160.9,0,1.0000000000,0.0000000000,-0.0000000000,-0.0000000000,1.0000000000,-0.0000000000,0.0000000000,0.0000000000,1.0000000000,0,-510.9,-447.1,2226.7,1,1.0000000000,-0.0000000407,0.0000000573,0.0000000407,1.0000000000,-0.0000000510,-0.0000000573,0.0000000510,1.0000000000,0,-510.9,-847.3,2226.7,0,-644.7,-294.7,1747.4,1,-364.9,-331.3,2051.1,1,-682.2,-1230.9,2157.7,0,-510.9,-1232.1,2226.7,0,
6,0.9354507923,0.1022237837,-0.3383489847,0.0075175408,0.9512932301,0.3081935942,0.3533744812,-0.2908435166,0.8891206980,1,-537.1,137.7,2038.3,1,0.9354507923,0.1022237837,-0.3383489847,0.0075175408,0.9512932301,0.3081935942,0.3533744812,-0.2908435166,0.8891206980,1,-558.2,-58.4,2098.3,1,0.9347969294,0.0931327492,-0.3427520394,0.0011059792,0.9642414451,0.2650203109,0.3551784754,-0.2481192052,0.9012680650,1,-576.8,-251.3,2147.9,1,0.2849310637,-0.8325056434,-0.4751302004,0.9177501798,0.3800038993,-0.1154627278,0.2766746581,-0.4031519294,0.8723071814,1,-682.9,-58.5,2050.9,1,-0.4483646750,-0.8325057030,-0.3254282176,-0.0346835926,0.3800039291,-0.9243344069,0.8931776285,-0.4031518698,-0.1992545873,1,-759.2,-304.2,1976.8,1,0.4929170609,0.8700612783,-0.0051274002,-0.6063811183,0.3477482200,0.7151036263,0.6239669323,-0.3493776321,0.6989997029,1,-433.5,-58.2,2145.7,1,-0.0476856455,0.8700612783,0.4906318486,-0.6460580230,0.3477482200,-0.6794705987,-0.7617973685,-0.3493776321,0.5455273986,1,-350.5,-160.3,2250.7,1,1.0000000000,-0.0000158913,-0.0000064265,0.0000158910,1.0000000000,-0.0000477912,0.0000064272,0.0000477911,1.0000000000,0,-681.8,-444.3,2164.8,1,0.9999940395,-0.0030463026,-0.0016222305,0.0030337595,0.9999659061,-0.0076792068,0.0016455683,0.0076742400,0.9999691844,0,-681.8,-844.5,2164.7,0,1.0000000000,0.0000000000,-0.0000000000,-0.0000000000,1.0000000000,-0.0000000000,0.0000000000,0.0000000000,1.0000000000,0,-509.1,-444.1,2230.4,1,1.0000000000,-0.0000000367,0.0000000515,0.0000000367,1.0000000000,-0.0000000459,-0.0000000515,0.0000000459,1.0000000000,0,-509.1,-844.3,2230.4,0,-644.5,-295.3,1748.4,1,-363.0,-329.3,2051.4,1,-680.6,-1229.3,2161.8,0,-509.1,-1229.1,2230.4,0,
7,0.9348126650,0.1018609405,-0.3402169943,0.0117110638,0.9486210942,0.3161953092,0.3549456298,-0.2995676100,0.8855912685,1,-536.4,140.8,2037.2,1,0.9348126650,0.1018609405,-0.3402169943,0.0117110638,0.9486210942,0.3161953092,0.3549456298,-0.2995676100,0.8855912685,1,-557.4,-54.9,2099.0,1,0.9339748025,0.0947673693,-0.3445405364,0.0035710691,0.9616678357,0.2741911411,0.3573186100,-0.2573179305,0.8978362679,1,-576.4,-247.3,2150.5,1,0.2809932530,-0.8337640166,-0.4752687514,0.9189373255,0.3765587211,-0.1172934771,0.2767616808,-0.4037835002,0.8719872832,1,-682.1,-55.4,2051.3,1,-0.4480392039,-0.8337639570,-0.3226429522,-0.0340803228,0.3765587211,-0.9257656932,0.8933640718,-0.4037835598,-0.1971280426,1,-758.1,-304.1,1976.4,1,0.4866409898,0.8736009002,-0.0014424473,-0.6167778969,0.3447456360,0.7076267004,0.6186805367,-0.3434705138,0.7065850496,1,-432.8,-54.5,2146.7,1,-0.0447691083,0.8736008406,0.4845794439,-0.6458686590,0.3447456360,-0.6811784506,-0.7621347308,-0.3434704244,0.5487974882,1,-350.0,-159.4,2251.9,1,1.0000000000,-0.0000127130,-0.0000051412,0.0000127128,1.0000000000,-0.0000382330,0.0000051417,0.0000382329,1.0000000000,0,-681.6,-440.1,2169.0,1,0.9999951720,-0.0027411152,-0.0014610614,0.0027309554,0.9999724030,-0.0069110808,0.0014799652,0.0069070575,0.9999750257,0,-681.6,-840.2,2168.9,0,1.0000000000,0.0000000000,-0.0000000000,-0.0000000000,1.0000000000,-0.0000000000,0.0000000000,0.0000000000,1.0000000000,0,-509.1,-439.4,2234.9,1,1.0000000000,-0.0000000330,0.0000000464,0.0000000330,1.0000000000,-0.0000000413,-0.0000000464,0.0000000413,1.0000000000,0,-509.1,-839.6,2234.9,0,-643.4,-295.4,1747.7,1,-361.7,-328.4,2052.5,1,-680.5,-1225.0,2166.3,0,-509.1,-1224.4,2234.9,0,
8,0.9348280430,0.1046529040,-0.3393260837,0.0103841713,0.9471189380,0.3207123876,0.3549463451,-0.3033345938,0.8843077421,1,-536.0,141.2,2035.6,1,0.9348280430,0.1046529040,-0.3393260837,0.0103841713,0.9471189380,0.3207123876,0.3549463451,-0.3033345938,0.8843077421,1,-557.6,-54.3,2098.2,1,0.9342219234,0.0947156399,-0.3438842297,0.0045829718,0.9608319402,0.2770911157,0.3566605449,-0.2604405880,0.8971973062,1,-576.5,-246.6,2150.3,1,0.2783781588,-0.8352760077,-0.4741517007,0.9208208919,0.3724768758,-0.1155421659,0.2731201053,-0.4044443667,0.8728289008,1,-682.2,-54.9,2050.6,1,-0.4474071264,-0.8352759480,-0.3195952177,-0.0328771807,0.3724768758,-0.9274590015,0.8937259316,-0.4044443965,-0.1941103041,1,-757.5,-304.1,1976.7,1,0.4696044028,0.8828669786,-0.0042146742,-0.6438446045,0.3457250297,0.6825968027,0.6040992141,-0.3178368807,0.7307831049,1,-432.9,-53.7,2145.8,1,-0.0335865393,0.8828669786,0.4684207737,-0.6285752058,0.3457250595,-0.6966831684,-0.7770233154,-0.3178368509,0.5433365703,1,-350.8,-166.3,2251.4,1,1.0000000000,-0.0000101704,-0.0000041130,0.0000101703,1.0000000000,-0.0000305864,0.0000041133,0.0000305863,1.0000000000,0,-681.7,-439.2,2169.5,1,0.9999960661,-0.0024665517,-0.0013158089,0.0024583221,0.9999776483,-0.0062198048,0.0013311210,0.0062165461,0.9999797940,0,-681.7,-839.4,2169.4,0,1.0000000000,0.0000000000,-0.0000000000,-0.0000000000,1.0000000000,-0.0000000000,0.0000000000,0.0000000000,1.0000000000,0,-509.2,-438.4,2235.3,1,1.0000000000,-0.0000000297,0.0000000417,0.0000000297,1.0000000000,-0.0000000372,-0.0000000417,0.0000000372,1.0000000000,0,-509.2,-838.6,2235.3,0,-643.1,-295.6,1748.1,1,-359.6,-330.7,2048.2,1,-680.8,-1224.2,2167.0,0,-509.2,-1223.3,2235.3,0,
9,0.9348110557,0.1005802006,-0.3406023085,0.0086434931,0.9523296356,0.3049463630,0.3550379276,-0.2880112529,0.8893799186,1,-537.2,141.0,2040.3,1,0.9348110557,0.1005802006,-0.3406023085,0.0086434931,0.9523296356,0.3049463630,0.3550379276,-0.2880112529,0.8893799186,1,-558.0,-55.7,2099.7,1,0.9343440533,0.0913448706,-0.3444637954,0.0039810003,0.9638555050,0.2663931847,0.3563476801,-0.2502741814,0.9002100825,1,-576.3,-248.5,2149.8,1,0.2767485082,-0.8324952126,-0.4799606800,0.9176685810,0.3771571517,-0.1250478923,0.2851223350,-0.4058380127,0.8683322668,1,-682.7,-56.2,2052.2,1,-0.4500260353,-0.8324950933,-0.3231540024,-0.0330725200,0.3771571517,-0.9255586267,0.8924028277,-0.4058379531,-0.1972632408,1,-757.3,-303.5,1975.3,1,0.4776232541,0.8785599470,0.0029126711,-0.6359113455,0.3434176743,0.6911448240,0.6062117815,-0.3319590688,0.7227105498,1,-433.3,-55.1,2147.3,1,-0.0436406359,0.8785598278,0.4756343067,-0.6343863606,0.3434176445,-0.6925447583,-0.7717831731,-0.3319590092,0.5423594713,1,-351.1,-164.7,2251.7,1,1.0000000000,-0.0000081363,-0.0000032904,0.0000081362,1.0000000000,-0.0000244691,0.0000032906,0.0000244691,1.0000000000,0,-680.8,-441.7,2167.0,1,0.9999968410,-0.0022195303,-0.0011849192,0.0022128643,0.9999818802,-0.0055976873,0.0011973218,0.0055950480,0.9999836087,0,-680.8,-841.9,2167.0,0,1.0000000000,0.0000000000,-0.0000000000,-0.0000000000,1.0000000000,-0.0000000000,0.0000000000,0.0000000000,1.0000000000,0,-508.3,-441.0,2232.8,1,1.0000000000,-0.0000000267,0.0000000376,0.0000000267,1.0000000000,-0.0000000335,-0.0000000376,0.0000000335,1.0000000000,0,-508.3,-841.2,2232.8,0,-642.3,-295.1,1747.4,1,-362.5,-330.6,2049.8,1,-680.0,-1226.7,2164.8,0,-508.3,-1226.0,2232.8,0,
10,0.9339731336,0.1024380848,-0.3423430324,0.0119971260,0.9485003352,0.3165464699,0.3571395874,-0.2997530401,0.8846459985,1,-536.5,140.9,2037.1,1,0.9339731336,0.1024380848,-0.3423430324,0.0119971260,0.9485003352,0.3165464699,0.3571395874,-0.2997530401,0.8846459985,1,-557.6,-55.1,2099.1,1,0.9334312081,0.0936422795,-0.3463168442,0.0067210887,0.9605984688,0.2778560817,0.3586911857,-0.2616871297,0.8960242867,1,-576.4,-247.3,2151.4,1,0.2847820520,-0.8296116590,-0.4802538157,0.9169327021,0.3818433583,-0.1158880740,0.2795237899,-0.4073575735,0.8694402575,1,-682.2,-56.0,2051.2,1,-0.4524086416,-0.8296117187,-0.3272169828,-0.0321432091,0.3818433583,-0.9236680269,0.8912312984,-0.4073576033,-0.1994156241,1,-759.1,-303.8,1975.7,1,0.4689682424,0.8831306100,0.0122088343,-0.6575840712,0.3399015665,0.6723467112,0.5896201730,-0.3233375847,0.7401356697,1,-433.1,-54.2,2146.9,1,-0.0441138893,0.8831306696,0.4670484066,-0.6260094047,0.3399015367,-0.7018398643,-0.7785667181,-0.3233375847,0.5378537178,1,-351.0,-169.3,2250.1,1,1.0000000000,-0.0000065090,-0.0000026324,0.0000065090,1.0000000000,-0.0000195753,0.0000026325,0.0000195753,1.0000000000,0,-681.3,-440.1,2170.7,1,0.9999974370,-0.0019972797,-0.0010669867,0.0019918804,0.9999853373,-0.0050378060,0.0010770329,0.0050356677,0.9999867678,0,-681.3,-840.2,2170.6,0,1.0000000000,0.0000000000,-0.0000000000,-0.0000000000,1.0000000000,-0.0000000000,0.0000000000,0.0000000000,1.0000000000,0,-508.9,-438.8,2236.9,1,1.0000000000,-0.0000000241,0.0000000338,0.0000000241,1.0000000000,-0.0000000301,-0.0000000338,0.0000000301,1.0000000000,0,-508.9,-839.0,2236.9,0,-643.5,-295.5,1747.9,1,-362.5,-333.0,2046.4,1,-680.5,-1225.0,2168.7,0,-508.9,-1223.8,2236.9,0,
11,0.9352789521,0.0995792672,-0.3396104574,0.0094097015,0.9522626400,0.3051326573,0.3537839055,-0.2885797620,0.8896953464,1,-537.3,139.9,2041.6,1,0.9352789521,0.0995792672,-0.3396104574,0.0094097015,0.9522626400,0.3051326573,0.3537839055,-0.2885797620,0.8896953464,1,-557.8,-56.4,2101.0,1,0.9347758889,0.0912545100,-0.3433142900,0.0043595443,0.9634217024,0.2679518759,0.3552089036,-0.2519716024,0.9001866579,1,-576.1,-249.2,2151.5,1,0.2803280652,-0.8283433914,-0.4850396514,0.9142728448,0.3843502998,-0.1279848069,0.2924405038,-0.4075808525,0.8650759459,1,-682.5,-57.0,2053.6,1,-0.4532186091,-0.8283434510,-0.3293025494,-0.0321035497,0.3843502998,-0.9226289988,0.8908211589,-0.4075808525,-0.2007874399,1,-758.1,-303.4,1974.8,1,0.4723327160,0.8810722828,0.0247654058,-0.6649560332,0.3377508819,0.6661514640,0.5785630941,-0.3311130404,0.7454051375,1,-433.1,-55.8,2148.4,1,-0.0545310304,0.8810724020,0.4698275030,-0.6228491068,0.3377509415,-0.7056793571,-0.7804393172,-0.3311130404,0.5303571820,1,-350.4,-172.2,2249.7,1,1.0000000000,-0.0000052072,-0.0000021059,0.0000052072,1.0000000000,-0.0000156602,0.0000021060,0.0000156602,1.0000000000,0,-680.6,-442.3,2169.1,1,0.9999979138,-0.0017973104,-0.0009607410,0.0017929369,0.9999881387,-0.0045339330,0.0009688784,0.0045322007,0.9999892712,0,-680.6,-842.5,2169.1,0,1.0000000000,0.0000000000,-0.0000000000,-0.0000000000,1.0000000000,-0.0000000000,0.0000000000,0.0000000000,1.0000000000,0,-508.0,-441.5,2234.7,1,1.0000000000,-0.0000000216,0.0000000304,0.0000000216,1.0000000000,-0.0000000271,-0.0000000304,0.0000000271,1.0000000000,0,-508.0,-841.7,2234.7,0,-642.2,-295.2,1747.1,1,-364.7,-335.2,2045.5,1,-679.9,-1227.3,2167.3,0,-508.0,-1226.5,2234.7,0,
12,0.9366447330,0.1038526669,-0.3345285952,0.0086532682,0.9478845596,0.3184939325,0.3501715958,-0.3012103736,0.8869335651,1,-537.2,143.0,2037.3,1,0.9366447330,0.1038526669,-0.3345285952,0.0086532682,0.9478845596,0.3184939325,0.3501715958,-0.3012103736,0.8869335651,1,-558.7,-53.1,2099.6,1,0.9361858368,0.0927882493,-0.3390345573,0.0041979151,0.9615083337,0.2747409046,0.3514779210,-0.2586317360,0.8997621536,1,-577.2,-245.4,2151.3,1,0.2752403319,-0.8317715526,-0.4820778072,0.9185483456,0.3755261600,-0.1234870553,0.2837457955,-0.4088231325,0.8673823476,1,-683.6,-53.6,2052.7,1,-0.4532296062,-0.8317714930,-0.3205295503,-0.0341619626,0.3755261302,-0.9261820912,0.8907389641,-0.4088232219,-0.1986145228,1,-758.5,-303.7,1975.4,1,0.4694545865,0.8827335238,0.0198488981,-0.6563510299,0.3338468671,0.6765719652,0.5906062126,-0.3306476474,0.7361090183,1,-433.8,-52.5,2146.5,1,-0.0535845309,0.8827335835,0.4668086171,-0.6275792122,0.3338468969,-0.7033424973,-0.7767066360,-0.3306476772,0.5360961556,1,-350.7,-168.6,2250.9,1,1.0000000000,-0.0000041658,-0.0000016847,0.0000041658,1.0000000000,-0.0000125282,0.0000016848,0.0000125282,1.0000000000,0,-682.3,-438.2,2170.6,1,0.9999983311,-0.0016173839,-0.0008650338,0.0016138414,0.9999903440,-0.0040804651,0.0008716251,0.0040790625,0.9999912977,0,-682.3,-838.4,2170.6,0,1.0000000000,0.0000000000,-0.0000000000,-0.0000000000,1.0000000000,-0.0000000000,0.0000000000,0.0000000000,1.0000000000,0,-509.4,-437.4,2235.5,1,1.0000000000,-0.0000000195,0.0000000274,0.0000000195,1.0000000000,-0.0000000244,-0.0000000274,0.0000000244,1.0000000000,0,-509.4,-837.6,2235.5,0,-642.4,-294.9,1747.1,1,-364.8,-332.8,2047.7,1,-681.6,-1223.2,2169.0,0,-509.4,-1222.4,2235.5,0,
13,0.9345572591,0.0945576355,-0.3430154920,0.0167044345,0.9513174295,0.3077572882,0.3554180562,-0.2933467031,0.8874822259,1,-538.4,143.2,2040.1,1,0.9345572591,0.0945576355,-0.3430154920,0.0167044345,0.9513174295,0.3077572882,0.3554180562,-0.2933467031,0.8874822259,1,-558.0,-53.5,2100.8,1,0.9338611960,0.0875789523,-0.3467438519,0.0093874000,0.9632145762,0.2685665786,0.3575101495,-0.2540588677,0.8986877203,1,-575.5,-246.3,2151.6,1,0.2777016163,-0.8319944143,-0.4802781045,0.9182734489,0.3767699599,-0.1217304990,0.2822334766,-0.4072218835,0.8686279655,1,-682.6,-54.8,2053.1,1,-0.4520092607,-0.8319944739,-0.3216721117,-0.0347633325,0.3767700195,-0.9256542921,0.8913356662,-0.4072219133,-0.1992263943,1,-757.8,-303.3,1976.7,1,0.4647402465,0.8851936460,0.0211820584,-0.6757711768,0.3391293287,0.6544651389,0.5721449852,-0.3184705377,0.7557953596,1,-433.4,-52.3,2148.5,1,-0.0429044105,0.8851937056,0.4632400870,-0.6221284866,0.3391292989,-0.7056539059,-0.7817386389,-0.3184705377,0.5361540914,1,-351.3,-171.6,2249.5,1,1.0000000000,-0.0000033326,-0.0000013478,0.0000033326,1.0000000000,-0.0000100225,0.0000013478,0.0000100225,1.0000000000,0,-679.3,-439.8,2169.5,1,0.9999986291,-0.0014554870,-0.0007788274,0.0014526176,0.9999921918,-0.0036723579,0.0007841664,0.0036712217,0.9999929667,0,-679.3,-840.0,2169.5,0,1.0000000000,0.0000000000,-0.0000000000,-0.0000000000,1.0000000000,-0.0000000000,0.0000000000,0.0000000000,1.0000000000,0,-506.8,-438.1,2235.5,1,1.0000000000,-0.0000000175,0.0000000247,0.0000000175,1.0000000000,-0.0000000220,-0.0000000247,0.0000000220,1.0000000000,0,-506.8,-838.3,2235.5,0,-641.8,-294.4,1748.1,1,-362.5,-334.4,2045.0,1,-678.7,-1224.8,2168.0,0,-506.8,-1223.1,2235.5,0,
14,0.9339296818,0.0968606174,-0.3440808356,0.0186545625,0.9480674267,0.3175195456,0.3569675982,-0.3029596210,0.8836224079,1,-537.9,143.2,2036.6,1,0.9339296818,0.0968606174,-0.3440808356,0.0186545625,0.9480674267,0.3175195456,0.3569675982,-0.3029596210,0.8836224079,1,-558.0,-53.0,2099.3,1,0.9333793521,0.0872832760,-0.3481132388,0.0129488669,0.9611524940,0.2757111788,0.3586555123,-0.2618507445,0.8959907293,1,-575.5,-245.3,2151.6,1,0.2776903808,-0.8333530426,-0.4779235423,0.9199999571,0.3739108741,-0.1174342483,0.2765649557,-0.4070792794,0.8705161810,1,-682.5,-54.7,2051.4,1,-0.4496274590,-0.8333530426,-0.3214933872,-0.0302121621,0.3739108741,-0.9269724488,0.8927051425,-0.4070792496,-0.1932979524,1,-757.4,-302.7,1976.8,1,0.4670769870,0.8841630220,0.0097469082,-0.6533704400,0.3376869261,0.6775504947,0.5957736373,-0.3228365779,0.7354117036,1,-433.4,-51.2,2147.1,1,-0.0460509174,0.8841629028,0.4649034142,-0.6246721745,0.3376868963,-0.7040967345,-0.7795280218,-0.3228365183,0.5367612243,1,-350.2,-167.7,2253.3,1,1.0000000000,-0.0000026661,-0.0000010782,0.0000026661,1.0000000000,-0.0000080180,0.0000010783,0.0000080180,1.0000000000,0,-679.1,-438.8,2170.9,1,0.9999988675,-0.0013098100,-0.0007011854,0.0013074856,0.9999936819,-0.0033050731,0.0007055100,0.0033041525,0.9999942780,0,-679.1,-839.0,2170.9,0,1.0000000000,0.0000000000,-0.0000000000,-0.0000000000,1.0000000000,-0.0000000000,0.0000000000,0.0000000000,1.0000000000,0,-506.7,-436.4,2237.2,1,1.0000000000,-0.0000000158,0.0000000222,0.0000000158,1.0000000000,-0.0000000198,-0.0000000222,0.0000000198,1.0000000000,0,-506.7,-836.6,2237.2,0,-642.4,-294.9,1748.5,1,-362.2,-331.2,2049.4,1,-678.6,-1223.7,2169.6,0,-506.7,-1221.4,2237.2,0,
15,0.9349741936,0.0963185132,-0.3413857520,0.0207849871,0.9458965063,0.3238000274,0.3541041613,-0.3098402917,0.8823878169,1,-538.6,143.8,2035.3,1,0.9349741936,0.0963185132,-0.3413857520,0.0207849871,0.9458965063,0.3238000274,0.3541041613,-0.3098402917,0.8823878169,1,-558.5,-51.8,2099.3,1,0.9344559908,0.0862068012,-0.3454830945,0.0153755965,0.9595761895,0.2810261548,0.3557443321,-0.2679184973,0.8953573108,1,-575.8,-243.8,2152.9,1,0.2695653737,-0.8344720602,-0.4806151092,0.9200527072,0.3705342710,-0.1273079813,0.2843193114,-0.4078734219,0.8676415086,1,-683.2,-53.8,2051.9,1,-0.4495069981,-0.8344720006,-0.3187472522,-0.0295704603,0.3705342412,-0.9283479452,0.8927871585,-0.4078733921,-0.1912334710,1,-756.2,-302.8,1974.9,1,0.4562608302,0.8898372650,0.0039676279,-0.6650400162,0.3380275965,0.6659272909,0.5912257433,-0.3064751625,0.7460061312,1,-433.8,-49.7,2146.8,1,-0.0388288796,0.8898372650,0.4546229243,-0.6131491065,0.3380275965,-0.7139926553,-0.7890123725,-0.3064751625,0.5324776769,1,-350.7,-170.9,2254.5,1,1.0000000000,-0.0000021329,-0.0000008626,0.0000021329,1.0000000000,-0.0000064144,0.0000008626,0.0000064144,1.0000000000,0,-679.3,-437.2,2173.7,1,0.9999991059,-0.0011787248,-0.0006312617,0.0011768421,0.9999948740,-0.0029745256,0.0006347647,0.0029737800,0.9999953508,0,-679.3,-837.4,2173.7,0,1.0000000000,0.0000000000,-0.0000000000,-0.0000000000,1.0000000000,-0.0000000000,0.0000000000,0.0000000000,1.0000000000,0,-506.7,-434.3,2239.4,1,1.0000000000,-0.0000000142,0.0000000200,0.0000000142,1.0000000000,-0.0000000178,-0.0000000200,0.0000000178,1.0000000000,0,-506.7,-834.5,2239.4,0,-641.3,-295.3,1746.7,1,-360.9,-331.3,2048.1,1,-678.9,-1222.1,2172.6,0,-506.7,-1219.3,2239.4,0,
16,0.9350926280,0.0956855863,-0.3412392735,0.0230711214,0.9443840384,0.3280323446,0.3536495566,-0.3146133423,0.8808799386,1,-538.5,144.3,2034.1,1,0.9350926280,0.0956855863,-0.3412392735,0.0230711214,0.9443840384,0.3280323446,0.3536495566,-0.3146133423,0.8808799386,1,-558.4,-51.4,2099.3,1,0.9345271587,0.0862780511,-0.3452727199,0.0171592124,0.9581165910,0.2858614326,0.3554757535,-0.2730697989,0.8939065337,1,-575.6,-243.1,2154.0,1,0.2709344625,-0.8325771093,-0.4831252694,0.9181883335,0.3742150068,-0.1299744844,0.2890064716,-0.4083854258,0.8658503294,1,-683.1,-53.7,2051.9,1,-0.4499777555,-0.8325770497,-0.3230100870,-0.0269990731,0.3742150068,-0.9269489050,0.8926315308,-0.4083854258,-0.1908672452,1,-756.6,-302.9,1973.5,1,0.4538331926,0.8908353448,0.0211627036,-0.6823172569,0.3321331739,0.6512532234,0.5731305480,-0.3100000024,0.7585653663,1,-433.7,-49.1,2146.8,1,-0.0445766710,0.8908352852,0.4521342516,-0.6151394844,0.3321332037,-0.7150461078,-0.7871571183,-0.3100000024,0.5331826210,1,-351.5,-172.7,2250.6,1,1.0000000000,-0.0000017063,-0.0000006901,0.0000017063,1.0000000000,-0.0000051315,0.0000006901,0.0000051315,1.0000000000,0,-679.2,-436.4,2175.8,1,0.9999992847,-0.0010607680,-0.0005682934,0.0010592430,0.9999958277,-0.0026770404,0.0005711308,0.0026764364,0.9999962449,0,-679.2,-836.6,2175.8,0,1.0000000000,0.0000000000,-0.0000000000,-0.0000000000,1.0000000000,-0.0000000000,0.0000000000,0.0000000000,1.0000000000,0,-506.6,-433.2,2241.4,1,1.0000000000,-0.0000000128,0.0000000180,0.0000000128,1.0000000000,-0.0000000160,-0.0000000180,0.0000000160,1.0000000000,0,-506.6,-833.4,2241.4,0,-642.0,-296.1,1746.2,1,-363.1,-333.6,2044.6,1,-678.8,-1221.4,2174.7,0,-506.6,-1218.2,2241.4,0,
17,0.9347825646,0.0939043090,-0.3425810039,0.0257414393,0.9439809918,0.3289922476,0.3542844057,-0.3163546622,0.8800007701,1,-539.8,144.9,2034.0,1,0.9347825646,0.0939043090,-0.3425810039,0.0257414393,0.9439809918,0.3289922476,0.3542844057,-0.3163546622,0.8800007701,1,-559.3,-50.6,2099.6,1,0.9342786670,0.0837815329,-0.3465577066,0.0203479566,0.9578850269,0.2864276767,0.3559604287,-0.2746549249,0.8932278156,1,-576.0,-242.3,2154.5,1,0.2669144273,-0.8340958953,-0.4827430248,0.9187844396,0.3714161515,-0.1337353885,0.2908466756,-0.4078408778,0.8654906750,1,-683.9,-53.3,2052.1,1,-0.4484516382,-0.8340958357,-0.3212089837,-0.0260502044,0.3714160919,-0.9281010628,0.8934273124,-0.4078408778,-0.1882905662,1,-756.3,-302.5,1973.2,1,0.4535070956,0.8910712004,0.0179887712,-0.6773202419,0.3314602971,0.6567887664,0.5792829394,-0.3100425303,0.7538600564,1,-434.6,-47.9,2147.1,1,-0.0492678583,0.8910712004,0.4511817694,-0.6084404588,0.3314602971,-0.7210647464,-0.7920687795,-0.3100425601,0.5258333683,1,-350.9,-172.9,2254.0,1,1.0000000000,-0.0000013650,-0.0000005521,0.0000013650,1.0000000000,-0.0000041052,0.0000005521,0.0000041052,1.0000000000,0,-679.1,-435.8,2176.6,1,0.9999994040,-0.0009546229,-0.0005115920,0.0009533876,0.9999966621,-0.0024093098,0.0005138903,0.0024088209,0.9999969602,0,-679.1,-836.0,2176.6,0,1.0000000000,0.0000000000,-0.0000000000,-0.0000000000,1.0000000000,-0.0000000000,0.0000000000,0.0000000000,1.0000000000,0,-506.5,-432.1,2242.4,1,1.0000000000,-0.0000000115,0.0000000162,0.0000000115,1.0000000000,-0.0000000144,-0.0000000162,0.0000000144,1.0000000000,0,-506.5,-832.2,2242.4,0,-641.9,-295.8,1745.2,1,-363.8,-332.1,2046.8,1,-678.7,-1220.8,2175.7,0,-506.5,-1217.0,2242.4,0,
18,0.9340382814,0.0934019685,-0.3447417617,0.0268720202,0.9440889955,0.3285915554,0.3561586440,-0.3161809444,0.8793063760,1,-539.7,144.7,2035.0,1,0.9340382814,0.0934019685,-0.3447417617,0.0268720202,0.9440889955,0.3285915554,0.3561586440,-0.3161809444,0.8793063760,1,-559.0,-50.2,2100.3,1,0.9337008595,0.0814136788,-0.3486728966,0.0232009888,0.9580020905,0.2858187258,0.3572995663,-0.2749586701,0.8925995231,1,-575.3,-241.9,2155.3,1,0.2752642334,-0.8306766748,-0.4839481711,0.9178473353,0.3768235445,-0.1247406229,0.2859821916,-0.4098539054,0.8661604524,1,-683.6,-53.3,2052.6,1,-0.4537631571,-0.8306766748,-0.3226068616,-0.0316624790,0.3768235445,-0.9257437587,0.8905596137,-0.4098538756,-0.1972899288,1,-758.7,-303.7,1974.6,1,0.4522420168,0.8917063475,0.0183557142,-0.6769997478,0.3298065662,0.6579505801,0.5806448460,-0.3099797070,0.7528374195,1,-434.4,-47.1,2148.0,1,-0.0516849570,0.8917064071,0.4496536851,-0.6061876416,0.3298065662,-0.7237156034,-0.7936405540,-0.3099797368,0.5234953165,1,-350.6,-172.5,2255.5,1,1.0000000000,-0.0000010920,-0.0000004416,0.0000010920,1.0000000000,-0.0000032842,0.0000004417,0.0000032842,1.0000000000,0,-677.8,-435.7,2177.3,1,0.9999995232,-0.0008591053,-0.0004605363,0.0008581047,0.9999972582,-0.0021683576,0.0004623979,0.0021679613,0.9999975562,0,-677.8,-835.9,2177.3,0,1.0000000000,0.0000000000,-0.0000000000,-0.0000000000,1.0000000000,-0.0000000000,0.0000000000,0.0000000000,1.0000000000,0,-505.3,-431.4,2243.3,1,1.0000000000,-0.0000000104,0.0000000146,0.0000000104,1.0000000000,-0.0000000130,-0.0000000146,0.0000000130,1.0000000000,0,-505.3,-831.6,2243.3,0,-642.6,-295.6,1746.9,1,-364.2,-331.1,2047.8,1,-677.4,-1220.7,2176.5,0,-505.3,-1216.4,2243.3,0,
19,0.9329059124,0.0824097469,-0.3505616784,0.0334168971,0.9494526386,0.3121246099,0.3585644066,-0.3028975427,0.8829970360,1,-542.0,145.7,2039.5,1,0.9329059124,0.0824097469,-0.3505616784,0.0334168971,0.9494526386,0.3121246099,0.3585644066,-0.3028975427,0.8829970360,1,-559.0,-50.5,2102.1,1,0.9325959086,0.0721383244,-0.3536372483,0.0295838453,0.9612450600,0.2741011083,0.3597058654,-0.2660874426,0.8943200707,1,-573.4,-242.8,2155.3,1,0.2710934579,-0.8299927711,-0.4874633849,0.9169994593,0.3766468763,-0.1313362122,0.2926096618,-0.4113992751,0.8632093072,1,-683.4,-54.4,2054.1,1,-0.4552596807,-0.8299927115,-0.3222589493,-0.0313183442,0.3766468763,-0.9258274436,0.8898077011,-0.4113993049,-0.1974661350,1,-757.3,-304.4,1974.3,1,0.4548307657,0.8903314471,0.0209518354,-0.6809878945,0.3325328231,0.6524396539,0.5739203691,-0.3110175729,0.7575509548,1,-434.5,-46.5,2150.1,1,-0.0533349551,0.8903314471,0.4521784186,-0.6022135019,0.3325327635,-0.7257829309,-0.7965515256,-0.3110175729,0.5184339881,1,-350.3,-172.7,2256.4,1,1.0000000000,-0.0000008736,-0.0000003533,0.0000008736,1.0000000000,-0.0000026273,0.0000003533,0.0000026273,1.0000000000,0,-674.0,-437.8,2175.3,1,0.9999996424,-0.0007731499,-0.0004145665,0.0007723394,0.9999977946,-0.0019515041,0.0004160744,0.0019511833,0.9999980330,0,-674.0,-838.0,2175.3,0,1.0000000000,0.0000000000,-0.0000000000,-0.0000000000,1.0000000000,-0.0000000000,0.0000000000,0.0000000000,1.0000000000,0,-501.7,-432.4,2241.8,1,1.0000000000,-0.0000000093,0.0000000131,0.0000000093,1.0000000000,-0.0000000117,-0.0000000131,0.0000000117,1.0000000000,0,-501.7,-832.5,2241.8,0,-641.2,-296.4,1747.3,1,-364.2,-330.3,2048.0,1,-673.7,-1222.8,2174.6,0,-501.7,-1217.3,2241.8,0,
20,0.9330404997,0.0767220631,-0.3514931500,0.0363311581,0.9519084692,0.3042186797,0.3579302132,-0.2966184616,0.8853827119,1,-542.7,147.2,2041.8,1,0.9330404997,0.0767220631,-0.3514931500,0.0363311581,0.9519084692,0.3042186797,0.3579302132,-0.2966184616,0.8853827119,1,-558.6,-49.7,2103.1,1,0.9326686859,0.0676781535,-0.3543263078,0.0313994288,0.9632831812,0.2666425407,0.3593630791,-0.2598147094,0.8962999582,1,-572.1,-242.4,2155.1,1,0.2698976994,-0.8305745125,-0.4871356785,0.9177101254,0.3750351071,-0.1309835166,0.2914845049,-0.4116972089,0.8634479046,1,-683.1,-53.9,2055.2,1,-0.4541852176,-0.8305745721,-0.3222757876,-0.0283616018,0.3750351369,-0.9265767336,0.8904556632,-0.4116972089,-0.1938918531,1,-756.7,-304.2,1975.7,1,0.4553495646,0.8899830580,0.0242281146,-0.6982450485,0.3401009440,0.6299089193,0.5523682237,-0.3037459254,0.7762910724,1,-434.2,-45.5,2151.1,1,-0.0391885228,0.8899830580,0.4543066025,-0.6066074371,0.3401009738,-0.7185810804,-0.7940350771,-0.3037458956,0.5265422463,1,-350.6,-173.7,2252.5,1,1.0000000000,-0.0000006989,-0.0000002827,0.0000006989,1.0000000000,-0.0000021019,0.0000002827,0.0000021019,1.0000000000,0,-671.8,-438.1,2173.9,1,0.9999997020,-0.0006957986,-0.0003731779,0.0006951421,0.9999982119,-0.0017563399,0.0003743992,0.0017560798,0.9999983907,0,-671.8,-838.3,2173.9,0,1.0000000000,0.0000000000,-0.0000000000,-0.0000000000,1.0000000000,-0.0000000000,0.0000000000,0.0000000000,1.0000000000,0,-499.6,-432.3,2240.3,1,1.0000000000,-0.0000000084,0.0000000118,0.0000000084,1.0000000000,-0.0000000105,-0.0000000118,0.0000000105,1.0000000000,0,-499.6,-832.5,2240.3,0,-640.7,-296.9,1748.3,1,-360.8,-332.4,2044.7,1,-671.6,-1223.0,2173.2,0,-499.6,-1217.2,2240.3,0,
21,0.9333323836,0.0751462653,-0.3510585129,0.0358133391,0.9534819722,0.2993128300,0.3572208583,-0.2919308543,0.8872253299,1,-543.9,146.3,2043.4,1,0.9333323836,0.0751462653,-0.3510585129,0.0358133391,0.9534819722,0.2993128300,0.3572208583,-0.2919308543,0.8872253299,1,-559.4,-50.6,2103.7,1,0.9330316782,0.0663148463,-0.3536277115,0.0317378938,0.9638653398,0.2644900382,0.3583897650,-0.2580009103,0.8972131610,1,-572.7,-243.4,2155.3,1,0.2654758394,-0.8289706707,-0.4922707379,0.9178454280,0.3735892177,-0.1341308206,0.2950975299,-0.4162199497,0.8600456715,1,-683.9,-54.8,2055.8,1,-0.4586891234,-0.8289704919,-0.3200189471,-0.0283087548,0.3735891283,-0.9271621704,0.8881457448,-0.4162198603,-0.1948283911,1,-755.8,-303.6,1975.9,1,0.4592388272,0.8877122402,0.0326622762,-0.7070972919,0.3430510163,0.6183279157,0.5376923680,-0.3070555925,0.7852413058,1,-434.9,-46.3,2151.5,1,-0.0366916955,0.8877121210,0.4589344859,-0.6120980382,0.3430509865,-0.7124970555,-0.7899302244,-0.3070556223,0.5307797194,1,-351.7,-174.5,2248.9,1,1.0000000000,-0.0000005591,-0.0000002261,0.0000005591,1.0000000000,-0.0000016815,0.0000002261,0.0000016815,1.0000000000,0,-672.1,-439.2,2173.8,1,0.9999997616,-0.0006261892,-0.0003359150,0.0006256576,0.9999985695,-0.0015806941,0.0003369044,0.0015804836,0.9999986887,0,-672.1,-839.4,2173.8,0,1.0000000000,0.0000000000,-0.0000000000,-0.0000000000,1.0000000000,-0.0000000000,0.0000000000,0.0000000000,1.0000000000,0,-499.8,-433.3,2240.0,1,1.0000000000,-0.0000000075,0.0000000106,0.0000000075,1.0000000000,-0.0000000095,-0.0000000106,0.0000000095,1.0000000000,0,-499.8,-833.5,2240.0,0,-638.6,-296.4,1748.8,1,-361.2,-334.6,2042.3,1,-671.8,-1224.2,2173.2,0,-499.8,-1218.3,2240.0,0,
22,0.9347020984,0.0776712224,-0.3468393683,0.0318768993,0.9535788298,0.2994498014,0.3539979756,-0.2909524441,0.8888369799,1,-544.6,146.8,2044.2,1,0.9347020984,0.0776712224,-0.3468393683,0.0318768993,0.9535788298,0.2994498014,0.3539979756,-0.2909524441,0.8888369799,1,-560.6,-50.4,2104.3,1,0.9346317649,0.0654697046,-0.3495361805,0.0309348125,0.9642122388,0.2633184195,0.3542670906,-0.2569184899,0.8991589546,1,-573.7,-243.3,2155.7,1,0.2633569241,-0.8261827230,-0.4980615079,0.9179097414,0.3734405041,-0.1341043264,0.2967910171,-0.4218582213,0.8567092419,1,-685.3,-54.5,2057.1,1,-0.4648939371,-0.8261827230,-0.3182699978,-0.0288856663,0.3734405041,-0.9272042513,0.8848950863,-0.4218581915,-0.1974750459,1,-756.4,-302.3,1976.9,1,0.4682295918,0.8827913404,0.0379566289,-0.7074850798,0.3488204181,0.6146456599,0.5293637514,-0.3146490157,0.7878897190,1,-435.9,-46.2,2151.6,1,-0.0423369333,0.8827911615,0.4678538144,-0.6079976559,0.3488203287,-0.7132062912,-0.7928091884,-0.3146489859,0.5219669938,1,-350.3,-175.5,2248.3,1,1.0000000000,-0.0000004473,-0.0000001809,0.0000004473,1.0000000000,-0.0000013452,0.0000001809,0.0000013452,1.0000000000,0,-673.1,-439.1,2174.4,1,0.9999998212,-0.0005635464,-0.0003023680,0.0005631157,0.9999988079,-0.0014226154,0.0003031694,0.0014224447,0.9999989271,0,-673.1,-839.2,2174.4,0,1.0000000000,0.0000000000,-0.0000000000,-0.0000000000,1.0000000000,-0.0000000000,0.0000000000,0.0000000000,1.0000000000,0,-500.5,-433.4,2239.9,1,1.0000000000,-0.0000000068,0.0000000096,0.0000000068,1.0000000000,-0.0000000085,-0.0000000096,0.0000000085,1.0000000000,0,-500.5,-833.5,2239.9,0,-637.6,-294.9,1750.8,1,-361.4,-334.6,2040.9,1,-672.9,-1224.0,2173.9,0,-500.5,-1218.3,2239.9,0,
23,0.9329582453,0.0781694949,-0.3513928354,0.0321466811,0.9541467428,0.2976060212,0.3585446477,-0.2889500558,0.8876669407,1,-543.7,147.2,2045.6,1,0.9329582453,0.0781694949,-0.3513928354,0.0321466811,0.9541467428,0.2976060212,0.3585446477,-0.2889500558,0.8876669407,1,-559.9,-50.4,2105.4,1,0.9329170585,0.0646362230,-0.3542404771,0.0315935686,0.9652709365,0.2593311965,0.3587008715,-0.2531261146,0.8984764814,1,-572.8,-243.6,2156.1,1,0.2644741833,-0.8262495399,-0.4973581433,0.9175314903,0.3743864894,-0.1340548247,0.2969668806,-0.4208877385,0.8571255803,1,-684.4,-54.6,2057.6,1,-0.4640708268,-0.8262495399,-0.3192960620,-0.0288874339,0.3743864894,-0.9268226624,0.8853269815,-0.4208877087,-0.1976100653,1,-755.7,-302.1,1977.5,1,0.4613341987,0.8869966865,0.0201921463,-0.6964992881,0.3479692936,0.6275397539,0.5495994091,-0.3035693467,0.7783226967,1,-435.4,-46.2,2153.3,1,-0.0338695906,0.8869966269,0.4605321586,-0.6066005826,0.3479693234,-0.7148098350,-0.7942849398,-0.3035693765,0.5262671709,1,-351.3,-173.2,2253.5,1,1.0000000000,-0.0000003578,-0.0000001447,0.0000003578,1.0000000000,-0.0000010762,0.0000001447,0.0000010762,1.0000000000,0,-671.9,-439.6,2173.6,1,0.9999998212,-0.0005071724,-0.0002721674,0.0005068235,0.9999990463,-0.0012803461,0.0002728164,0.0012802080,0.9999991655,0,-671.9,-839.8,2173.6,0,1.0000000000,0.0000000000,-0.0000000000,-0.0000000000,1.0000000000,-0.0000000000,0.0000000000,0.0000000000,1.0000000000,0,-499.6,-433.8,2239.9,1,1.0000000000,-0.0000000061,0.0000000086,0.0000000061,1.0000000000,-0.0000000077,-0.0000000086,0.0000000077,1.0000000000,0,-499.6,-834.0,2239.9,0,-637.2,-294.8,1751.4,1,-360.1,-331.9,2045.7,1,-671.7,-1224.6,2173.1,0,-499.6,-1218.7,2239.9,0,
