1,0.6922067404,0.0757357627,-0.7177163363,0.1430412233,0.9603501558,0.2392982244,0.7073831558,-0.2683067918,0.6539270282,1,-247.6,473.6,1672.4,1,0.6922067404,0.0757357627,-0.7177163363,0.1430412233,0.9603501558,0.2392982244,0.7073831558,-0.2683067918,0.6539270282,1,-263.4,273.2,1728.3,1,0.6923105717,0.0552666113,-0.7194821239,0.1445685923,0.9662230015,0.2133304626,0.7069708109,-0.2517054081,0.6609361172,1,-274.7,76.9,1779.5,1,0.3097450137,0.0430858657,-0.9498429894,0.9498804212,0.0303703211,0.3111348450,0.0422525480,-0.9986097217,-0.0315193646,1,-362.4,252.6,1627.2,1,-0.2105348259,0.0430858694,-0.9766364694,0.9773683548,0.0303703211,-0.2093528211,0.0206406116,-0.9986096621,-0.0485047810,1,-448.6,-11.7,1615.5,1,0.0940197483,0.9612461329,0.2591643929,-0.9057554603,-0.0254634842,0.4230349958,0.4132398963,-0.2745131850,0.8682599664,1,-164.5,293.9,1829.4,1,-0.0610900298,0.9612462521,0.2688380778,-0.9906453490,-0.0254634693,-0.1340654194,-0.1220243126,-0.2745132446,0.9538095593,1,-135.6,15.8,1956.3,1,0.9996533990,0.0000000000,-0.0263259467,-0.0000000000,1.0000000000,-0.0000000000,0.0263259467,0.0000000000,0.9996533990,0,-350.8,-133.1,1764.3,1,1.0000000000,0.0000000100,-0.0000036387,-0.0000000100,1.0000000000,-0.0000000065,0.0000036387,0.0000000065,1.0000000000,0,-350.8,-539.6,1764.3,0,0.9977369308,0.0563254505,-0.0367235504,-0.0582947135,0.9967852831,-0.0549621992,0.0335097238,0.0569786020,0.9978129268,0,-221.0,-105.9,1897.0,1,0.9009841084,0.0612236746,0.4295105338,0.0041385032,0.9887351394,-0.1496185213,-0.4338323474,0.1365814358,0.8905812502,0,-243.9,-511.1,1873.8,0,-387.3,-296.3,1609.5,1,-152.5,-257.9,1922.6,1,-350.8,-930.4,1764.3,0,-267.8,-897.6,1820.4,0,
2,0.6928904653,0.0773065910,-0.7168886662,0.1462047845,0.9585171938,0.2446752936,0.7060655951,-0.2743456364,0.6528443098,1,-247.5,473.9,1670.4,1,0.6928904653,0.0773065910,-0.7168886662,0.1462047845,0.9585171938,0.2446752936,0.7060655951,-0.2743456364,0.6528443098,1,-263.6,273.9,1727.7,1,0.6930357814,0.0560735799,-0.7187210917,0.1482997239,0.9645563364,0.2182548642,0.7054858208,-0.2578445077,0.6601558924,1,-275.0,77.8,1780.1,1,0.3148365617,0.0382219255,-0.9483760595,0.9483410120,0.0284740403,0.3159725070,0.0390811712,-0.9988635778,-0.0272827521,1,-362.7,252.7,1626.8,1,-0.2031607926,0.0382219255,-0.9783990979,0.9789384007,0.0284740385,-0.2021604180,0.0201320127,-0.9988635182,-0.0432017185,1,-449.1,-7.4,1616.1,1,0.0923668891,0.9590706825,0.2676785588,-0.9092646837,-0.0283279270,0.4152533412,0.4058400989,-0.2817463279,0.8694324493,1,-164.5,295.1,1828.5,1,-0.0648455992,0.9590706229,0.2756419778,-0.9905143976,-0.0283279270,-0.1344570816,-0.1211454794,-0.2817462981,0.9518102407,1,-135.6,10.7,1955.5,1,0.9996732473,0.0000000000,-0.0255596004,-0.0000000000,1.0000000000,-0.0000000000,0.0255596004,0.0000000000,0.9996732473,0,-351.4,-132.1,1766.3,1,1.0000000000,0.0000000090,-0.0000032748,-0.0000000090,1.0000000000,-0.0000000058,0.0000032748,0.0000000058,1.0000000000,0,-351.4,-538.6,1766.3,0,0.9984038472,0.0452389419,-0.0338101946,-0.0467057861,0.9979420900,-0.0439333990,0.0317531191,0.0454424098,0.9984620810,0,-221.4,-104.3,1898.6,1,0.9195113778,0.0524395816,0.3895495832,0.0006924011,0.9908429384,-0.1350176185,-0.3930627406,0.1244199648,0.9110550880,0,-239.8,-509.9,1880.2,0,-389.9,-292.3,1610.2,1,-153.6,-263.0,1922.0,1,-351.4,-929.5,1766.3,0,-260.3,-897.2,1831.5,0,
3,0.6931728125,0.0789972544,-0.7164312005,0.1466293037,0.9577331543,0.2474753857,0.7057002783,-0.2765929103,0.6522907019,1,-247.2,472.8,1669.5,1,0.6931728125,0.0789972544,-0.7164312005,0.1466293037,0.9577331543,0.2474753857,0.7057002783,-0.2765929103,0.6522907019,1,-263.8,272.5,1727.3,1,0.6933543682,0.0565879606,-0.7183734179,0.1492020190,0.9640327692,0.2199465483,0.7049823403,-0.2596836090,0.6599727869,1,-275.3,76.6,1780.1,1,0.3226958513,0.0349699631,-0.9458565712,0.9458276629,0.0258202925,0.3236406744,0.0357399918,-0.9990547895,-0.0247434601,1,-362.9,251.2,1626.5,1,-0.2055803835,0.0349699669,-0.9780153036,0.9784730077,0.0258203000,-0.2047533840,0.0180924274,-0.9990548491,-0.0395253114,1,-450.4,-5.1,1616.8,1,0.0937313288,0.9839310050,0.1519679278,-0.9072619677,0.0215567127,0.4200132489,0.4099881351,-0.1772431135,0.8947036266,1,-164.6,293.9,1828.1,1,-0.0009458019,0.9839310050,0.1785466820,-0.9920418262,0.0215567183,-0.1240493506,-0.1259048730,-0.1772431135,0.9760803580,1,-135.3,10.3,1956.2,1,0.9996821880,0.0000000000,-0.0252111852,-0.0000000000,1.0000000000,-0.0000000000,0.0252111852,0.0000000000,0.9996821880,0,-351.8,-133.3,1766.7,1,1.0000000000,0.0000000081,-0.0000029473,-0.0000000081,1.0000000000,-0.0000000053,0.0000029473,0.0000000053,1.0000000000,0,-351.8,-539.8,1766.7,0,0.9541727304,0.2672992051,-0.1345573366,-0.2990955710,0.8665685654,-0.3995006680,0.0098170042,0.4214381278,0.9068039656,0,-221.7,-105.3,1899.0,1,0.6973133087,0.3172580600,0.6427296400,0.1171151698,0.8342252970,-0.5388433933,-0.7071337700,0.4510160983,0.5445606709,0,-330.3,-457.4,1727.8,0,-390.5,-289.8,1611.5,1,-135.6,-266.2,1921.2,1,-351.8,-930.7,1766.7,0,-454.2,-783.2,1551.6,0,
4,0.6965298057,0.0780157670,-0.7132760286,0.1451525837,0.9581964016,0.2465509921,0.7026938796,-0.2752638757,0.6560876369,1,-248.2,472.6,1670.0,1,0.6965298057,0.0780157670,-0.7132760286,0.1451525837,0.9581964016,0.2465509921,0.7026938796,-0.2752638757,0.6560876369,1,-264.5,271.8,1727.6,1,0.6968578100,0.0542390682,-0.7151575089,0.1499194056,0.9640907049,0.2192036510,0.7013665438,-0.2599697113,0.6637021303,1,-275.5,75.9,1780.5,1,0.3166007102,0.0415507071,-0.9476484656,0.9476326108,0.0302844271,0.3179233372,0.0419089235,-0.9986773729,-0.0297867358,1,-364.2,250.4,1627.4,1,-0.2106425315,0.0415507033,-0.9766797423,0.9773402810,0.0302844252,-0.2094966173,0.0208734516,-0.9986773729,-0.0469883643,1,-450.7,-8.6,1615.9,1,0.0949285701,0.9768781662,0.1915661395,-0.9063288569,0.0052125156,0.4225408435,0.4117723703,-0.2137331218,0.8858677745,1,-164.9,293.3,1827.9,1,-0.0208097249,0.9768782258,0.2127815336,-0.9926376939,0.0052125081,-0.1210091189,-0.1193202883,-0.2137331367,0.9695776701,1,-135.5,12.7,1955.4,1,0.9997965693,0.0000000000,-0.0201698169,-0.0000000000,1.0000000000,-0.0000000000,0.0201698169,0.0000000000,0.9997965693,0,-351.8,-134.1,1767.7,1,1.0000000000,0.0000000073,-0.0000026526,-0.0000000073,1.0000000000,-0.0000000047,0.0000026526,0.0000000047,1.0000000000,0,-351.8,-540.6,1767.7,0,0.9509145021,0.2781993151,-0.1355241388,-0.3094475865,0.8576325178,-0.4107416272,0.0019619167,0.4325177372,0.9016233087,0,-221.3,-106.0,1899.0,1,0.6812620163,0.1661196947,0.7129420638,0.0608349591,0.9576953650,-0.2812803984,-0.7295075059,0.2349974513,0.6423355937,0,-334.4,-454.7,1723.2,0,-389.3,-293.3,1609.8,1,-141.3,-265.7,1922.0,1,-351.8,-931.5,1767.7,0,-399.4,-829.0,1631.3,0,
5,0.6961471438,0.0795990378,-0.7134746909,0.1459558159,0.9573826194,0.2492237389,0.7029067278,-0.2776320577,0.6548605561,1,-247.8,472.2,1669.7,1,0.6961471438,0.0795990378,-0.7134746909,0.1459558159,0.9573826194,0.2492237389,0.7029067278,-0.2776320577,0.6548605561,1,-264.4,271.8,1727.8,1,0.6963978410,0.0550781600,-0.7155413628,0.1495319605,0.9640291333,0.2197383940,0.7019060254,-0.2600215971,0.6631112099,1,-275.6,75.8,1780.7,1,0.3192087114,0.0271703675,-0.9472949505,0.9469432831,0.0303808562,0.3199616373,0.0374731012,-0.9991691113,-0.0160309635,1,-364.0,250.4,1627.5,1,-0.2079452872,0.0271703657,-0.9777629972,0.9778440595,0.0303808525,-0.2071182728,0.0240777954,-0.9991689920,-0.0328859352,1,-450.9,-7.4,1617.3,1,0.0949684083,0.9647494555,0.2454373091,-0.9065172672,-0.0180674344,0.4217820168,0.4113484025,-0.2625491321,0.8728461862,1,-164.8,293.2,1828.2,1,-0.0521710999,0.9647496343,0.2579469979,-0.9909709096,-0.0180674344,-0.1328547895,-0.1235111505,-0.2625491619,0.9569812417,1,-135.6,13.7,1955.0,1,0.9997824430,0.0000000000,-0.0208582617,-0.0000000000,1.0000000000,-0.0000000000,0.0208582617,0.0000000000,0.9997824430,0,-352.1,-134.1,1767.7,1,1.0000000000,0.0000000066,-0.0000023873,-0.0000000066,1.0000000000,-0.0000000043,0.0000023873,0.0000000043,1.0000000000,0,-352.1,-540.6,1767.7,0,0.9486510754,0.2850175500,-0.1372076869,-0.3163063526,0.8593071699,-0.4019220471,0.0033487380,0.4246835411,0.9053355455,0,-221.5,-106.1,1899.4,1,0.6825403571,0.0818183050,0.7262537479,0.0287944879,0.9899318218,-0.1385851055,-0.7302805185,0.1155020371,0.6733125448,0,-337.3,-455.4,1726.7,0,-390.3,-292.5,1610.3,1,-150.2,-264.9,1920.3,1,-352.1,-931.5,1767.7,0,-369.3,-842.3,1681.6,0,
6,0.6956588626,0.0807635412,-0.7138199806,0.1397605240,0.9594558477,0.2447620332,0.7046471238,-0.2700346112,0.6561657190,1,-248.1,472.8,1672.6,1,0.6956588626,0.0807635412,-0.7138199806,0.1397605240,0.9594558477,0.2447620332,0.7046471238,-0.2700346112,0.6561657190,1,-265.0,272.0,1729.1,1,0.6956441998,0.0617004782,-0.7157340646,0.1395623386,0.9657139182,0.2188969254,0.7047008872,-0.2521638274,0.6631816030,1,-277.5,75.7,1780.4,1,0.3118000329,0.0375272408,-0.9494063854,0.9491956234,0.0324194096,0.3130122721,0.0425256789,-0.9987696409,-0.0255123209,1,-364.5,252.0,1628.4,1,-0.2095160186,0.0375272408,-0.9770848751,0.9775140882,0.0324194059,-0.2083629668,0.0238572229,-0.9987696409,-0.0434757955,1,-450.5,-9.7,1616.6,1,0.0944434032,0.9600616693,0.2633668482,-0.9120740294,-0.0225857943,0.4094029367,0.3990003467,-0.2788754702,0.8735143542,1,-165.5,291.9,1829.9,1,-0.0625350177,0.9600616693,0.2727105021,-0.9888430834,-0.0225858055,-0.1472387612,-0.1351988912,-0.2788754702,0.9507627487,1,-135.7,3.5,1956.1,1,0.9997544289,0.0000000000,-0.0221608672,-0.0000000000,1.0000000000,-0.0000000000,0.0221608672,0.0000000000,0.9997544289,0,-355.3,-133.6,1765.5,1,1.0000000000,0.0000000059,-0.0000021486,-0.0000000059,1.0000000000,-0.0000000038,0.0000021486,0.0000000038,1.0000000000,0,-355.3,-540.1,1765.5,0,0.9545477033,0.2676252127,-0.1312071383,-0.2979671359,0.8676931858,-0.3978996277,0.0073595941,0.4189096391,0.9079980850,0,-224.8,-107.5,1897.7,1,0.6840993762,0.1967989206,0.7023377419,0.0797237456,0.9369685054,-0.3401972950,-0.7250187397,0.2887217700,0.6252900362,0,-333.6,-460.0,1727.5,0,-389.2,-295.3,1609.7,1,-153.3,-275.0,1918.0,1,-355.3,-931.0,1765.5,0,-407.0,-809.5,1619.8,0,
7,0.7017168999,0.0828137547,-0.7076286674,0.1375391483,0.9587900639,0.2485991865,0.6990553141,-0.2717727721,0.6614083648,1,-248.4,474.2,1670.5,1,0.7017168999,0.0828137547,-0.7076286674,0.1375391483,0.9587900639,0.2485991865,0.6990553141,-0.2717727721,0.6614083648,1,-265.7,273.6,1727.4,1,0.7015992999,0.0636075959,-0.7097291946,0.1359932572,0.9657464623,0.2209896892,0.6994756460,-0.2515645325,0.6689162254,1,-278.7,77.3,1778.5,1,0.2997689247,0.0295834728,-0.9535530806,0.9531887174,0.0322229043,0.3006541133,0.0396206379,-0.9990428090,-0.0185392089,1,-366.1,254.2,1627.4,1,-0.2092906684,0.0302269533,-0.9773862362,0.9776008725,0.0291840695,-0.2084341049,0.0222237781,-0.9991169572,-0.0356578529,1,-449.7,-11.9,1616.3,1,0.0951057374,0.9824502468,0.1604577452,-0.9079725146,0.0195326954,0.4185743630,0.4080942571,-0.1855000407,0.8938953876,1,-165.4,293.1,1827.4,1,-0.0052950797,0.9824500680,0.1864503771,-0.9911804795,0.0195326861,-0.1310711801,-0.1324127614,-0.1855000108,0.9736819863,1,-135.3,5.8,1956.5,1,0.9998428226,0.0000000000,-0.0177292861,-0.0000000000,1.0000000000,-0.0000000000,0.0177292861,0.0000000000,0.9998428226,0,-357.4,-131.7,1764.0,1,1.0000000000,0.0000000053,-0.0000019337,-0.0000000053,1.0000000000,-0.0000000035,0.0000019337,0.0000000035,1.0000000000,0,-357.4,-538.2,1764.0,0,0.9573668242,0.2619145513,-0.1218584180,-0.2888742685,0.8688908815,-0.4019705653,0.0005997121,0.4200350046,0.9075077772,0,-225.8,-106.2,1895.3,1,0.6870353818,0.2540559173,0.6807627678,0.1057979017,0.8919247389,-0.4396328330,-0.7188805342,0.3740665913,0.5859053135,0,-332.2,-459.3,1724.6,0,-388.6,-297.5,1609.8,1,-136.8,-275.4,1919.0,1,-357.4,-929.1,1764.0,0,-428.6,-797.5,1582.7,0,
8,0.7042912841,0.0841273367,-0.7049109340,0.1354949325,0.9587684870,0.2498016208,0.6968622208,-0.2714447677,0.6638528109,1,-248.3,472.8,1670.5,1,0.7042912841,0.0841273367,-0.7049109340,0.1354949325,0.9587684870,0.2498016208,0.6968622208,-0.2714447677,0.6638528109,1,-265.9,272.1,1727.3,1,0.7042341828,0.0634816661,-0.7071261406,0.1347508132,0.9659370184,0.2209177017,0.6970641017,-0.2508635223,0.6716910601,1,-278.8,75.8,1778.3,1,0.2998648882,0.0255668573,-0.9536390901,0.9532242417,0.0317989029,0.3005869389,0.0380097367,-0.9991673827,-0.0148355728,1,-366.6,252.8,1627.7,1,-0.2000899762,0.0257114507,-0.9794401526,0.9795194864,0.0281885993,-0.1993662268,0.0224830490,-0.9992718697,-0.0308251251,1,-449.5,-10.8,1617.1,1,0.0964814126,0.9894471169,0.1081015691,-0.9045185447,0.0418348797,0.4243772328,0.4153763354,-0.1387243867,0.8990095854,1,-165.2,291.4,1827.0,1,0.0239326525,0.9894471169,0.1429049969,-0.9914478064,0.0418348834,-0.1236165389,-0.1282904148,-0.1387243718,0.9819864035,1,-135.2,9.9,1956.3,1,0.9998993874,0.0000000000,-0.0141837317,-0.0000000000,1.0000000000,-0.0000000000,0.0141837317,0.0000000000,0.9998993874,0,-357.8,-133.2,1763.9,1,1.0000000000,0.0000000048,-0.0000017404,-0.0000000048,1.0000000000,-0.0000000031,0.0000017404,0.0000000031,1.0000000000,0,-357.8,-539.7,1763.9,0,0.9591895342,0.2579426765,-0.1158485413,-0.2827568650,0.8721307516,-0.3992949426,-0.0019600391,0.4157564938,0.9094737768,0,-225.6,-107.9,1894.7,1,0.6883535981,0.2790634334,0.6695467234,0.1155152246,0.8690832853,-0.4809890389,-0.7161183357,0.4084333777,0.5660005212,0,-330.5,-462.4,1725.7,0,-391.0,-297.1,1610.6,1,-128.3,-274.1,1919.5,1,-357.8,-930.5,1763.9,0,-437.8,-796.5,1568.7,0,
9,0.7014181018,0.0839791596,-0.7077875733,0.1384532303,0.9580630064,0.2508836091,0.6991747022,-0.2739696205,0.6603749990,1,-248.8,471.9,1670.0,1,0.7014181018,0.0839791596,-0.7077875733,0.1384532303,0.9580630064,0.2508836091,0.6991747022,-0.2739696205,0.6603749990,1,-266.4,271.4,1727.3,1,0.7015010118,0.0623902865,-0.7099344730,0.1395421326,0.9648516178,0.2226791084,0.6988750100,-0.2552752793,0.6681377292,1,-279.0,75.3,1779.2,1,0.2983414829,0.0303095542,-0.9539778233,0.9536687732,0.0312004928,0.2992361486,0.0388342924,-0.9990533590,-0.0195968784,1,-366.7,251.4,1627.4,1,-0.1938659996,0.0309498776,-0.9805397391,0.9808186889,0.0267599113,-0.1930765212,0.0202634614,-0.9991626740,-0.0355440564,1,-448.8,-11.3,1616.7,1,0.1004567146,0.9912040234,0.0861584917,-0.9029068351,0.0544462390,0.4263741076,0.4179325998,-0.1206252351,0.9004343748,1,-166.1,291.3,1827.3,1,0.0385074019,0.9912039042,0.1266175956,-0.9906696677,0.0544462278,-0.1249368042,-0.1307316869,-0.1206252277,0.9840522408,1,-135.1,12.9,1956.1,1,0.9999006987,0.0000000000,-0.0140954070,-0.0000000000,1.0000000000,-0.0000000000,0.0140954070,0.0000000000,0.9999006987,0,-357.5,-133.9,1765.6,1,1.0000000000,0.0000000043,-0.0000015663,-0.0000000043,1.0000000000,-0.0000000028,0.0000015663,0.0000000028,1.0000000000,0,-357.5,-540.4,1765.6,0,0.9597859383,0.2542960644,-0.1189300418,-0.2807237804,0.8727508783,-0.3993747830,0.0022368133,0.4167007804,0.9090409875,0,-225.9,-107.8,1896.7,1,0.6936115026,0.2892369032,0.6597310901,0.1211461946,0.8559668064,-0.5026375055,-0.7100892663,0.4285590649,0.5586684346,0,-329.3,-462.5,1727.3,0,-392.2,-297.9,1610.8,1,-124.0,-272.8,1918.4,1,-357.5,-931.3,1765.6,0,-441.4,-794.2,1561.2,0,
10,0.7019025087,0.0774770156,-0.7080489397,0.1382078677,0.9603567123,0.2420953959,0.6987370849,-0.2677851617,0.6633683443,1,-249.3,472.1,1672.7,1,0.7019025087,0.0774770156,-0.7080489397,0.1382078677,0.9603567123,0.2420953959,0.6987370849,-0.2677851617,0.6633683443,1,-265.4,272.0,1728.6,1,0.7019352913,0.0615937598,-0.7095746994,0.1386615485,0.9653717279,0.2209683955,0.6986142397,-0.2534961402,0.6690872312,1,-277.9,75.8,1780.1,1,0.2982380986,0.0306495093,-0.9539994001,0.9534705281,0.0366505757,0.2992503047,0.0441364944,-0.9988581538,-0.0182928052,1,-365.8,252.1,1628.7,1,-0.2017376572,0.0328624621,-0.9788881540,0.9792439342,0.0267452542,-0.2009131163,0.0195781123,-0.9991020560,-0.0375758894,1,-448.9,-13.6,1616.4,1,0.0974189341,0.9819017649,0.1624151915,-0.9049780369,0.0194863006,0.4250118136,0.4141548872,-0.1883863807,0.8904978633,1,-165.0,291.8,1828.5,1,-0.0026504728,0.9819017053,0.1893729568,-0.9931816459,0.0194862988,-0.1149373651,-0.1165473685,-0.1883863807,0.9751549959,1,-135.4,15.9,1954.7,1,0.9999105930,0.0000000000,-0.0133706452,-0.0000000000,1.0000000000,-0.0000000000,0.0133706452,0.0000000000,0.9999105930,0,-356.3,-133.5,1766.1,1,1.0000000000,0.0000000039,-0.0000014097,-0.0000000039,1.0000000000,-0.0000000025,0.0000014097,0.0000000025,1.0000000000,0,-356.3,-540.0,1766.1,0,0.9595082998,0.2557439208,-0.1180630922,-0.2816779613,0.8729178309,-0.3983365297,0.0011872351,0.4154629707,0.9096093774,0,-224.6,-107.4,1897.1,1,0.6929389238,0.2978201807,0.6566115618,0.1220104098,0.8491284847,-0.5139010549,-0.7105976343,0.4362155199,0.5520570278,0,-328.6,-462.3,1728.3,0,-390.2,-298.9,1610.7,1,-136.1,-271.3,1921.0,1,-356.3,-930.8,1766.1,0,-444.5,-792.7,1558.5,0,
11,0.7011636496,0.0801915303,-0.7084788680,0.1405813098,0.9585984349,0.2476339042,0.6990054846,-0.2732305527,0.6608603001,1,-248.6,473.1,1670.6,1,0.7011636496,0.0801915303,-0.7084788680,0.1405813098,0.9585984349,0.2476339042,0.6990054846,-0.2732305527,0.6608603001,1,-265.3,273.0,1727.6,1,0.7011690140,0.0621055961,-0.7102874517,0.1406539679,0.9645721912,0.2231896520,0.6989854574,-0.2563982904,0.6675921082,1,-277.9,76.9,1779.8,1,0.3010368049,0.0310303792,-0.9531075954,0.9528132677,0.0311252475,0.3019571900,0.0390355512,-0.9990338087,-0.0201963112,1,-365.6,252.9,1627.7,1,-0.2113183141,0.0319005847,-0.9768965840,0.9772280455,0.0265670214,-0.2105224580,0.0192374438,-0.9991379976,-0.0367882401,1,-450.5,-15.8,1616.7,1,0.0947958753,0.9630575776,0.2520595789,-0.9080147743,-0.0201433524,0.4184536934,0.4080722928,-0.2685415149,0.8725609183,1,-165.0,293.1,1827.6,1,-0.0521077067,0.9630575180,0.2642064989,-0.9922913909,-0.0201433469,-0.1222787052,-0.1124394163,-0.2685415149,0.9566832781,1,-135.5,10.3,1954.7,1,0.9998936653,0.0000000000,-0.0145802908,-0.0000000000,1.0000000000,-0.0000000000,0.0145802908,0.0000000000,0.9998936653,0,-356.3,-132.3,1766.3,1,1.0000000000,0.0000000035,-0.0000012687,-0.0000000035,1.0000000000,-0.0000000023,0.0000012687,0.0000000023,1.0000000000,0,-356.3,-538.8,1766.3,0,0.9581402540,0.2601382732,-0.1195626557,-0.2862765491,0.8757510781,-0.3887231350,0.0035854280,0.4066792727,0.9135638475,0,-224.8,-105.9,1897.4,1,0.6912329197,0.3057309687,0.6547713280,0.1132744327,0.8490495086,-0.5160269737,-0.7136987448,0.4308636785,0.5522594452,0,-330.5,-461.9,1732.1,0,-389.1,-299.6,1611.1,1,-150.6,-277.0,1922.1,1,-356.3,-929.7,1766.3,0,-449.7,-793.0,1564.1,0,
12,0.6990180016,0.0812629834,-0.7104741931,0.1399786621,0.9587512612,0.2473840117,0.7012717128,-0.2723769248,0.6588086486,1,-248.8,472.5,1670.0,1,0.6990180016,0.0812629834,-0.7104741931,0.1399786621,0.9587512612,0.2473840117,0.7012717128,-0.2723769248,0.6588086486,1,-265.8,271.9,1727.0,1,0.6990312338,0.0643626004,-0.7121911049,0.1401532441,0.9642918706,0.2247108817,0.7012236714,-0.2568956912,0.6650488973,1,-278.9,75.9,1779.2,1,0.3041060269,0.0327984579,-0.9520735145,0.9520292282,0.0252661817,0.3049623072,0.0340575501,-0.9991427064,-0.0235414933,1,-365.8,251.9,1626.8,1,-0.2094034404,0.0317822434,-0.9773127437,0.9776057601,0.0281747635,-0.2085500211,0.0209073648,-0.9990976453,-0.0369703993,1,-450.8,-14.2,1617.2,1,0.1035898775,0.9438896775,0.3135946989,-0.9020414352,-0.0436766222,0.4294341505,0.4190351665,-0.3273604512,0.8469030261,1,-165.9,291.9,1827.3,1,-0.0877048820,0.9438896179,0.3184027672,-0.9887752533,-0.0436766297,-0.1428835541,-0.1209595278,-0.3273603618,0.9371254444,1,-133.9,13.8,1956.5,1,0.9998422861,0.0000000000,-0.0177582465,-0.0000000000,1.0000000000,-0.0000000000,0.0177582465,0.0000000000,0.9998422861,0,-357.6,-133.2,1765.7,1,1.0000000000,0.0000000031,-0.0000011419,-0.0000000031,1.0000000000,-0.0000000020,0.0000011419,0.0000000020,1.0000000000,0,-357.6,-539.7,1765.7,0,0.9584357142,0.2579634190,-0.1218838692,-0.2852079272,0.8776012063,-0.3853213191,0.0075665414,0.4040679932,0.9146975875,0,-226.4,-106.9,1897.2,1,0.6935181618,0.3048645258,0.6527558565,0.1117943898,0.8495379686,-0.5155456662,-0.7117124796,0.4305147231,0.5550878644,0,-331.3,-463.7,1733.0,0,-390.0,-297.8,1611.2,1,-159.3,-272.8,1921.4,1,-357.6,-930.6,1765.7,0,-450.3,-795.3,1564.9,0,
13,0.7015910745,0.0871781781,-0.7072293162,0.1345093101,0.9584413767,0.2515832782,0.6997710466,-0.2716373205,0.6607069373,1,-248.0,472.3,1669.8,1,0.7015910745,0.0871781781,-0.7072293162,0.1345093101,0.9584413767,0.2515832782,0.6997710466,-0.2716373205,0.6607069373,1,-266.2,272.0,1726.5,1,0.7017729878,0.0673484281,-0.7092124224,0.1367723942,0.9642628431,0.2269080430,0.6991496682,-0.2562384903,0.6674814820,1,-279.9,76.0,1778.6,1,0.3046988547,0.0288702510,-0.9520111680,0.9519453049,0.0232644472,0.3053833246,0.0309645031,-0.9993125200,-0.0203942489,1,-366.5,252.5,1626.5,1,-0.2092192322,0.0274227485,-0.9774841666,0.9776458740,0.0272029042,-0.2084907293,0.0208730195,-0.9992536306,-0.0325011127,1,-451.8,-13.8,1617.9,1,0.1021886915,0.9762653708,0.1909538060,-0.9023781419,0.0101870298,0.4308246374,0.4186539054,-0.2163379490,0.8820015788,1,-165.8,291.6,1826.5,1,-0.0170883071,0.9762653708,0.2159024626,-0.9921558499,0.0101870317,-0.1245910451,-0.1238333210,-0.2163379341,0.9684333801,1,-134.7,16.8,1954.0,1,0.9998990893,0.0000000000,-0.0142069003,-0.0000000000,1.0000000000,-0.0000000000,0.0142069003,0.0000000000,0.9998990893,0,-359.4,-132.8,1765.1,1,1.0000000000,0.0000000028,-0.0000010277,-0.0000000028,1.0000000000,-0.0000000018,0.0000010277,0.0000000018,1.0000000000,0,-359.4,-539.3,1765.1,0,0.9590548277,0.2575129867,-0.1179020405,-0.2831710279,0.8796285987,-0.3821882010,0.0052915215,0.3999257982,0.9165321589,0,-227.7,-107.1,1896.3,1,0.6919769049,0.3050801456,0.6542890072,0.1100238338,0.8511637449,-0.5132397413,-0.7134863138,0.4271374345,0.5554195642,0,-332.4,-464.7,1733.7,0,-391.1,-297.1,1611.8,1,-139.7,-270.4,1918.1,1,-359.4,-930.1,1765.1,0,-451.6,-797.2,1566.8,0,
14,0.7001370192,0.0921957493,-0.7080334425,0.1336295009,0.9571855068,0.2567798793,0.7013940215,-0.2743950784,0.6578401923,1,-247.1,472.6,1668.6,1,0.7001370192,0.0921957493,-0.7080334425,0.1336295009,0.9571855068,0.2567798793,0.7013940215,-0.2743950784,0.6578401923,1,-266.4,272.4,1726.0,1,0.7003581524,0.0699507520,-0.7103581429,0.1362488717,0.9637854695,0.2292389423,0.7006689310,-0.2573347390,0.6654635668,1,-280.6,76.5,1778.3,1,0.3059069514,0.0303070229,-0.9515789747,0.9516761303,0.0186951160,0.3065336943,0.0270799994,-0.9993658066,-0.0231235083,1,-366.5,252.9,1625.8,1,-0.2043273896,0.0276029166,-0.9785134196,0.9786875844,0.0267101973,-0.2036103159,0.0205160454,-0.9992620945,-0.0324722566,1,-451.9,-12.6,1618.3,1,0.1020435020,0.9725501537,0.2091256380,-0.9018842578,0.0017423481,0.4319743514,0.4197522998,-0.2326872945,0.8773053885,1,-166.2,291.9,1826.2,1,-0.0275899414,0.9725499749,0.2310523689,-0.9920546412,0.0017423462,-0.1257950962,-0.1227445826,-0.2326872498,0.9647747874,1,-135.2,17.6,1953.9,1,0.9998675585,0.0000000000,-0.0162759703,-0.0000000000,1.0000000000,-0.0000000000,0.0162759703,0.0000000000,0.9998675585,0,-360.5,-132.1,1764.9,1,1.0000000000,0.0000000025,-0.0000009249,-0.0000000025,1.0000000000,-0.0000000017,0.0000009249,0.0000000017,1.0000000000,0,-360.5,-538.6,1764.9,0,0.9602192044,0.2524248958,-0.1194190383,-0.2791293561,0.8800671697,-0.3841469288,0.0081284344,0.4021985233,0.9155164957,0,-229.1,-106.6,1896.3,1,0.6959253550,0.2999111414,0.6524884105,0.1135199219,0.8512439132,-0.5123446584,-0.7090846896,0.4306240976,0.5583564043,0,-331.7,-464.3,1732.9,0,-392.7,-296.1,1612.3,1,-143.2,-270.2,1918.3,1,-360.5,-929.5,1764.9,0,-448.9,-796.9,1564.6,0,
15,0.7000679374,0.0919681862,-0.7081312537,0.1327258348,0.9576300979,0.2555881143,0.7016344666,-0.2729162276,0.6581988335,1,-246.1,473.2,1668.6,1,0.7000679374,0.0919681862,-0.7081312537,0.1327258348,0.9576300979,0.2555881143,0.7016344666,-0.2729162276,0.6581988335,1,-265.4,272.7,1725.7,1,0.7002493739,0.0716327876,-0.7102977037,0.1348562092,0.9637654424,0.2301449478,0.7010469437,-0.2569468021,0.6652153134,1,-279.9,76.8,1777.9,1,0.3087515235,0.0180493668,-0.9509714842,0.9506824613,0.0252446644,0.3091368377,0.0295866784,-0.9995183945,-0.0093648881,1,-365.5,253.4,1625.5,1,-0.2138691545,0.0180493668,-0.9766955376,0.9766407013,0.0252446607,-0.2133906335,0.0208047833,-0.9995182753,-0.0230268016,1,-452.4,-14.3,1617.1,1,0.0987133533,0.9866139293,0.1298022866,-0.9011100531,0.0332821347,0.4323111773,0.4222041368,-0.1596410275,0.8923331499,1,-165.2,292.0,1826.0,1,0.0127715794,0.9866140485,0.1625725925,-0.9917148352,0.0332821347,-0.1240728945,-0.1278228015,-0.1596410424,0.9788647294,1,-135.4,19.7,1953.5,1,0.9998635650,0.0000000000,-0.0165191218,-0.0000000000,1.0000000000,-0.0000000000,0.0165191218,0.0000000000,0.9998635650,0,-360.2,-131.7,1764.4,1,1.0000000000,0.0000000023,-0.0000008324,-0.0000000023,1.0000000000,-0.0000000015,0.0000008324,0.0000000015,1.0000000000,0,-360.2,-538.2,1764.4,0,0.9593680501,0.2552917600,-0.1201624870,-0.2820176184,0.8810032010,-0.3798677325,0.0088863969,0.3983209133,0.9172030687,0,-228.8,-106.4,1895.9,1,0.6948149204,0.3031237423,0.6521872878,0.1086546257,0.8521848917,-0.5118350983,-0.7109335065,0.4264938533,0.5591749549,0,-332.6,-464.6,1734.0,0,-390.4,-297.4,1611.1,1,-131.7,-268.0,1916.4,1,-360.2,-929.1,1764.4,0,-451.0,-797.6,1567.3,0,
16,0.7054188848,0.0898459330,-0.7030755281,0.1334824562,0.9573431015,0.2562680840,0.6961097121,-0.2746244371,0.6633343697,1,-246.0,472.8,1668.5,1,0.7054188848,0.0898459330,-0.7030755281,0.1334824562,0.9573431015,0.2562680840,0.6961097121,-0.2746244371,0.6633343697,1,-264.7,273.1,1725.8,1,0.7055800557,0.0686919540,-0.7052953839,0.1354348361,0.9638697505,0.2293669879,0.6955690980,-0.2573582232,0.6707832813,1,-278.7,77.2,1778.1,1,0.3094772696,0.0254337974,-0.9505667090,0.9503392577,0.0262590237,0.3101058900,0.0328481197,-0.9993315935,-0.0160441659,1,-365.6,253.8,1626.3,1,-0.2129135728,0.0254337974,-0.9767400026,0.9768611789,0.0262590256,-0.2122562379,0.0202497561,-0.9993316531,-0.0304361917,1,-452.1,-11.8,1617.2,1,0.0983123034,0.9730365276,0.2086498737,-0.9039833546,-0.0003486052,0.4275675416,0.4161114693,-0.2306511551,0.8795745969,1,-163.8,292.5,1825.3,1,-0.0290802047,0.9730364680,0.2288108617,-0.9922045469,-0.0003485940,-0.1246195957,-0.1211796403,-0.2306511402,0.9654613137,1,-133.8,16.6,1952.3,1,0.9999126792,0.0000000000,-0.0132155409,-0.0000000000,1.0000000000,-0.0000000000,0.0132155409,0.0000000000,0.9999126792,0,-358.8,-131.4,1765.2,1,1.0000000000,0.0000000021,-0.0000007492,-0.0000000021,1.0000000000,-0.0000000013,0.0000007492,0.0000000013,1.0000000000,0,-358.8,-537.9,1765.2,0,0.9613158703,0.2524493933,-0.1101856232,-0.2754393220,0.8841867447,-0.3772888780,0.0021784008,0.3930432796,0.9195173979,0,-226.4,-106.0,1895.7,1,0.6899586320,0.3000053763,0.6587516665,0.1100013107,0.8560417891,-0.5050665140,-0.7154416442,0.4209385514,0.5576324463,0,-329.1,-465.4,1735.9,0,-390.3,-295.1,1611.3,1,-142.2,-271.2,1917.1,1,-358.8,-928.7,1765.2,0,-446.3,-799.9,1571.4,0,
17,0.7068428397,0.0933455601,-0.7011868358,0.1362036616,0.9547436237,0.2644046843,0.6941353083,-0.2823965847,0.6621390581,1,-244.7,471.5,1665.5,1,0.7068428397,0.0933455601,-0.7011868358,0.1362036616,0.9547436237,0.2644046843,0.6941353083,-0.2823965847,0.6621390581,1,-264.1,272.8,1724.3,1,0.7069947720,0.0697827041,-0.7037699223,0.1379885375,0.9623810053,0.2340480983,0.6936278939,-0.2625828385,0.6707684994,1,-278.3,77.2,1777.6,1,0.3139275610,0.0200999789,-0.9492342472,0.9489610791,0.0253351778,0.3143737912,0.0303679183,-0.9994769096,-0.0111206882,1,-365.2,253.1,1625.1,1,-0.2133074999,0.0200999808,-0.9767783880,0.9767706394,0.0253351796,-0.2127844840,0.0204698890,-0.9994769692,-0.0250372551,1,-453.0,-12.4,1616.6,1,0.0908788741,0.9621204138,0.2570320666,-0.9045112133,-0.0282394513,0.4255138934,0.4166539907,-0.2711586058,0.8676822782,1,-163.0,292.6,1823.4,1,-0.0644391552,0.9621203542,0.2649000585,-0.9899935126,-0.0282394364,-0.1382582337,-0.1255404204,-0.2711586058,0.9543126822,1,-134.7,10.9,1953.2,1,0.9999440908,0.0000000000,-0.0105725592,-0.0000000000,1.0000000000,-0.0000000000,0.0105725592,0.0000000000,0.9999440908,0,-358.8,-131.3,1765.9,1,1.0000000000,0.0000000019,-0.0000006743,-0.0000000019,1.0000000000,-0.0000000012,0.0000006743,0.0000000012,1.0000000000,0,-358.8,-537.8,1765.9,0,0.9602054954,0.2551950812,-0.1134939492,-0.2792940140,0.8765230179,-0.3920488954,-0.0005688667,0.4081456065,0.9129166603,0,-226.2,-105.4,1896.1,1,0.6940582991,0.3036805093,0.6527337432,0.1178941950,0.8464923501,-0.5191836953,-0.7102001309,0.4372972846,0.5517128110,0,-329.9,-461.6,1730.2,0,-391.1,-295.9,1610.6,1,-153.4,-276.3,1916.8,1,-358.8,-928.7,1765.9,0,-448.5,-792.4,1559.3,0,
18,0.7103052735,0.0975508317,-0.6971037388,0.1288978755,0.9555753469,0.2650616765,0.6919925809,-0.2781296968,0.6661754847,1,-244.3,472.3,1666.5,1,0.7103052735,0.0975508317,-0.6971037388,0.1288978755,0.9555753469,0.2650616765,0.6919925809,-0.2781296968,0.6661754847,1,-264.7,272.3,1724.7,1,0.7104476690,0.0738415718,-0.6998677850,0.1304917037,0.9634102583,0.2341135889,0.6915475726,-0.2576522529,0.6748162508,1,-279.7,76.5,1777.1,1,0.3097304106,0.0296443254,-0.9503622055,0.9503098726,0.0232274141,0.3104378879,0.0312771760,-0.9992906451,-0.0209770575,1,-366.3,253.7,1625.8,1,-0.2070105821,0.0296443291,-0.9778895378,0.9781979918,0.0232274160,-0.2063717544,0.0165960938,-0.9992907047,-0.0338063389,1,-452.3,-10.4,1617.1,1,0.0920463577,0.9511572123,0.2946648896,-0.8984882832,-0.0482271686,0.4363403916,0.4292391837,-0.3049165010,0.8501644731,1,-163.1,291.0,1823.6,1,-0.0898065343,0.9511572719,0.2953552306,-0.9882301688,-0.0482271835,-0.1451739222,-0.1238390952,-0.3049165010,0.9442932606,1,-135.2,18.7,1953.7,1,0.9999642372,0.0000000000,-0.0084581105,-0.0000000000,1.0000000000,-0.0000000000,0.0084581105,0.0000000000,0.9999642372,0,-361.3,-131.5,1764.6,1,1.0000000000,0.0000000017,-0.0000006068,-0.0000000017,1.0000000000,-0.0000000011,0.0000006068,0.0000000011,1.0000000000,0,-361.3,-538.0,1764.6,0,0.9626405239,0.2486645132,-0.1071880460,-0.2707435787,0.8771518469,-0.3966139853,-0.0046035945,0.4108170867,0.9117062092,0,-228.1,-107.0,1894.3,1,0.6947516203,0.2966460884,0.6552261114,0.1251306832,0.8472424150,-0.5162582994,-0.7082813978,0.4406602085,0.5515035391,0,-329.1,-463.5,1727.3,0,-392.2,-294.4,1612.3,1,-161.3,-268.2,1917.7,1,-361.3,-928.9,1764.6,0,-445.0,-794.6,1555.1,0,
19,0.7126672268,0.1028480306,-0.6939243078,0.1281219125,0.9534708858,0.2729005814,0.6897044182,-0.2833940089,0.6663298607,1,-243.4,472.2,1663.5,1,0.7126672268,0.1028480306,-0.6939243078,0.1281219125,0.9534708858,0.2729005814,0.6897044182,-0.2833940089,0.6663298607,1,-264.9,272.5,1722.8,1,0.7127650380,0.0782408118,-0.6970278025,0.1291558892,0.9621232152,0.2400713563,0.6894104481,-0.2611395717,0.6756619811,1,-280.8,77.0,1775.9,1,0.3117209077,0.0262277722,-0.9498116970,0.9498822093,0.0161533132,0.3121902049,0.0235306565,-0.9995254278,-0.0198779702,1,-366.9,254.0,1624.3,1,-0.2049919367,0.0241337679,-0.9784660935,0.9785701632,0.0249331128,-0.2043987513,0.0194632933,-0.9993978143,-0.0287276693,1,-452.8,-7.9,1617.8,1,0.0845410377,0.9604227543,0.2654072344,-0.8949235678,-0.0439354554,0.4440511763,0.4381375909,-0.2750597298,0.8557906747,1,-163.0,291.0,1821.4,1,-0.0801333934,0.9604227543,0.2667711079,-0.9893174767,-0.0439354591,-0.1389984190,-0.1217765212,-0.2750597298,0.9536837339,1,-137.5,21.2,1953.5,1,0.9999771118,0.0000000000,-0.0067665204,-0.0000000000,1.0000000000,-0.0000000000,0.0067665204,0.0000000000,0.9999771118,0,-363.6,-130.7,1764.3,1,1.0000000000,0.0000000015,-0.0000005461,-0.0000000015,1.0000000000,-0.0000000010,0.0000005461,0.0000000010,1.0000000000,0,-363.6,-537.2,1764.3,0,0.9629872441,0.2484987229,-0.1044219434,-0.2694985271,0.8802819252,-0.3904796243,-0.0051128864,0.4041684568,0.9146703482,0,-229.9,-106.5,1893.7,1,0.6940304041,0.2961769700,0.6562019587,0.1200342476,0.8510996103,-0.5110980272,-0.7098686695,0.4334842861,0.5551376343,0,-330.9,-464.2,1729.4,0,-393.3,-292.1,1612.1,1,-160.8,-266.1,1918.1,1,-363.6,-928.0,1764.3,0,-446.6,-796.9,1560.0,0,
20,0.7143278718,0.1093242243,-0.6912214160,0.1321300864,0.9488857388,0.2866256833,0.6872258186,-0.2960756719,0.6633699536,1,-242.0,471.0,1659.0,1,0.7143278718,0.1093242243,-0.6912214160,0.1321300864,0.9488857388,0.2866256833,0.6872258186,-0.2960756719,0.6633699536,1,-264.9,272.0,1721.1,1,0.7142677307,0.0832354575,-0.6949077845,0.1315331161,0.9592430592,0.2500967383,0.6874028444,-0.2700392604,0.6742075682,1,-281.9,77.1,1775.9,1,0.3107018769,0.0260098558,-0.9501515031,0.9503542185,0.0094408225,0.3110267222,0.0170599688,-0.9996170998,-0.0217852984,1,-367.1,253.2,1622.8,1,-0.1960797012,0.0228978805,-0.9803205132,0.9803982973,0.0242376011,-0.1955291182,0.0192834176,-0.9994438887,-0.0272015464,1,-452.3,-7.4,1618.1,1,0.0803038031,0.9738605618,0.2124781460,-0.8913098574,-0.0252717137,0.4526898265,0.4462264478,-0.2257365882,0.8659821153,1,-162.8,290.8,1819.4,1,-0.0527746528,0.9738605618,0.2209309787,-0.9917703271,-0.0252717119,-0.1255107671,-0.1166466698,-0.2257365733,0.9671797156,1,-138.7,23.5,1953.2,1,0.9999853373,0.0000000000,-0.0054132319,-0.0000000000,1.0000000000,-0.0000000000,0.0054132319,0.0000000000,0.9999853373,0,-365.8,-130.2,1766.3,1,1.0000000000,0.0000000014,-0.0000004915,-0.0000000014,1.0000000000,-0.0000000009,0.0000004915,0.0000000009,1.0000000000,0,-365.8,-536.7,1766.3,0,0.9629747272,0.2484092116,-0.1047492623,-0.2695628703,0.8815565705,-0.3875483871,-0.0039281845,0.4014358521,0.9158786535,0,-231.8,-105.5,1895.3,1,0.6961864233,0.2958837152,0.6540468335,0.1161786765,0.8526539803,-0.5093954802,-0.7083974481,0.4306205213,0.5592308044,0,-332.7,-463.9,1732.1,0,-395.4,-292.2,1612.5,1,-154.1,-264.5,1919.3,1,-365.8,-927.6,1766.3,0,-448.4,-797.1,1563.8,0,
21,0.7145574689,0.1081441939,-0.6911697984,0.1309817433,0.9498247504,0.2840306759,0.6872069836,-0.2934866548,0.6645388603,1,-241.8,471.2,1659.7,1,0.7145574689,0.1081441939,-0.6911697984,0.1309817433,0.9498247504,0.2840306759,0.6872069836,-0.2934866548,0.6645388603,1,-264.5,272.0,1721.3,1,0.7144849896,0.0821703598,-0.6948111653,0.1302541941,0.9600939155,0.2474876493,0.6874206066,-0.2673281431,0.6752690673,1,-281.2,76.9,1775.6,1,0.3107104599,0.0242738537,-0.9501946568,0.9503749013,0.0085824504,0.3109886646,0.0157038905,-0.9996685386,-0.0204026047,1,-366.7,253.4,1623.0,1,-0.1979863942,0.0197245236,-0.9800062776,0.9799118042,0.0284218136,-0.1973952949,0.0239600278,-0.9994012713,-0.0249554310,1,-452.2,-8.2,1618.7,1,0.0828991383,0.9744557142,0.2087200135,-0.8852073550,-0.0241996497,0.4645669162,0.4577507675,-0.2232726961,0.8605891466,1,-162.3,290.6,1819.6,1,-0.0535504073,0.9744557142,0.2181024104,-0.9905385375,-0.0241996590,-0.1350844949,-0.1263558269,-0.2232726663,0.9665317535,1,-137.4,24.9,1957.0,1,0.9999906421,0.0000000000,-0.0043305941,-0.0000000000,1.0000000000,-0.0000000000,0.0043305941,0.0000000000,0.9999906421,0,-364.9,-130.5,1765.5,1,1.0000000000,0.0000000012,-0.0000004424,-0.0000000012,1.0000000000,-0.0000000008,0.0000004424,0.0000000008,1.0000000000,0,-364.9,-537.0,1765.5,0,0.9628195763,0.2492860407,-0.1040909886,-0.2700970173,0.8810340166,-0.3883640766,-0.0051060319,0.4020392001,0.9156082273,0,-230.9,-106.1,1894.4,1,0.6950288415,0.2969163060,0.6548095345,0.1168141514,0.8520114422,-0.5103242993,-0.7094288468,0.4311811328,0.5574885011,0,-332.2,-464.2,1731.0,0,-394.7,-292.8,1611.7,1,-153.0,-262.8,1920.3,1,-364.9,-927.8,1765.5,0,-448.3,-797.2,1562.5,0,
22,0.7173386812,0.1108629927,-0.6878502369,0.1347630173,0.9465352297,0.2930985093,0.6835686564,-0.3029474020,0.6640455127,1,-241.4,470.2,1656.6,1,0.7173386812,0.1108629927,-0.6878502369,0.1347630173,0.9465352297,0.2930985093,0.6835686564,-0.3029474020,0.6640455127,1,-264.6,271.9,1720.1,1,0.7168717980,0.0855200365,-0.6919425130,0.1302337050,0.9585534334,0.2533991635,0.6849349737,-0.2717688084,0.6760217547,1,-282.0,77.0,1775.3,1,0.3087230921,0.0228195060,-0.9508783221,0.9510430694,0.0077217151,0.3089619875,0.0143927671,-0.9997099638,-0.0193184614,1,-367.1,253.2,1622.2,1,-0.1979527920,0.0179463774,-0.9800472856,0.9798763394,0.0297699161,-0.1973731518,0.0256337915,-0.9993956685,-0.0234782677,1,-451.9,-8.1,1618.2,1,0.0725896731,0.9946085811,0.0740581304,-0.8850625753,0.0300078914,0.4645038545,0.4597772062,-0.0992642641,0.8824689984,1,-162.1,290.5,1818.0,1,0.0173503812,0.9946085811,0.1022390872,-0.9918784499,0.0300078969,-0.1235989034,-0.1260005087,-0.0992642641,0.9870514870,1,-140.2,24.0,1956.5,1,0.9999939799,0.0000000000,-0.0034644797,-0.0000000000,1.0000000000,-0.0000000000,0.0034644797,0.0000000000,0.9999939799,0,-366.6,-130.0,1766.3,1,1.0000000000,0.0000000011,-0.0000003981,-0.0000000011,1.0000000000,-0.0000000007,0.0000003981,0.0000000007,1.0000000000,0,-366.6,-536.5,1766.3,0,0.9622071981,0.2520443201,-0.1031066477,-0.2722379267,0.8811017275,-0.3867121339,-0.0066211224,0.4001667500,0.9164184928,0,-232.1,-105.6,1894.8,1,0.6946236491,0.2998690903,0.6538934112,0.1131911501,0.8520934582,-0.5110034347,-0.7104124427,0.4289700389,0.5579417348,0,-334.6,-463.7,1732.2,0,-394.4,-292.7,1610.8,1,-135.2,-265.0,1919.8,1,-366.6,-927.3,1766.3,0,-451.8,-796.8,1564.5,0,
23,0.7194131613,0.1148658767,-0.6850210428,0.1226981953,0.9497027397,0.2881086767,0.6836606860,-0.2913197875,0.6691341996,1,-240.7,471.2,1658.6,1,0.7194131613,0.1148658767,-0.6850210428,0.1226981953,0.9497027397,0.2881086767,0.6836606860,-0.2913197875,0.6691341996,1,-264.8,272.4,1719.5,1,0.7191646099,0.0900727585,-0.6889793277,0.1203815043,0.9604142904,0.2512158453,0.6843336821,-0.2636057734,0.6798522472,1,-283.1,77.2,1773.1,1,0.3056372702,0.0178080127,-0.9519814849,0.9520585537,0.0079879239,0.3058114648,0.0130502488,-0.9998095036,-0.0145128639,1,-367.6,255.2,1621.7,1,-0.2007940412,0.0131654991,-0.9795449376,0.9793170094,0.0281142853,-0.2003694028,0.0249012467,-0.9995179772,-0.0185383763,1,-452.1,-7.9,1618.1,1,0.0806494951,0.9911987782,0.1049791574,-0.8798963428,0.0213185661,0.4746871889,0.4682713747,-0.1306540668,0.8738715649,1,-161.9,289.6,1817.4,1,0.0042703622,0.9911988378,0.1323130131,-0.9915835261,0.0213185661,-0.1277010888,-0.1293978840,-0.1306540817,0.9829475284,1,-138.0,28.7,1956.3,1,0.9999961853,0.0000000000,-0.0027715862,-0.0000000000,1.0000000000,-0.0000000000,0.0027715862,0.0000000000,0.9999961853,0,-368.8,-129.3,1762.5,1,1.0000000000,0.0000000010,-0.0000003583,-0.0000000010,1.0000000000,-0.0000000006,0.0000003583,0.0000000006,1.0000000000,0,-368.8,-535.8,1762.5,0,0.9632472992,0.2501672804,-0.0978320539,-0.2684518099,0.8837870359,-0.3832157254,-0.0094052851,0.3953946233,0.9184632301,0,-233.9,-106.7,1890.9,1,0.6922792196,0.2976501584,0.6573841572,0.1123157069,0.8554273844,-0.5055978298,-0.7128356695,0.4238494635,0.5587638617,0,-335.6,-465.9,1730.1,0,-393.7,-292.4,1610.8,1,-136.8,-260.7,1918.5,1,-368.8,-926.6,1762.5,0,-451.9,-800.3,1564.5,0,
