1,0.7088684440,0.0625790581,-0.7025606632,0.2222650945,0.9254899025,0.3066979051,0.6694079041,-0.3735633492,0.6421405077,1,-261.1,446.4,1553.6,1,0.7088684440,0.0625790581,-0.7025606632,0.2222650945,0.9254899025,0.3066979051,0.6694079041,-0.3735633492,0.6421405077,1,-274.3,251.4,1632.3,1,0.7084426284,0.0287359655,-0.7051847577,0.2135478705,0.9436056614,0.2529871464,0.6726883054,-0.3298178613,0.6623529792,1,-280.1,59.6,1699.3,1,0.2185882032,0.0559867248,-0.9742097259,0.9757890701,-0.0049600299,0.2186575085,0.0074098087,-0.9984191656,-0.0557154380,1,-375.6,220.9,1536.1,1,-0.2573741078,0.0523375422,-0.9648935199,0.9662921429,0.0075656413,-0.2573368847,-0.0061683385,-0.9986009002,-0.0525205545,1,-433.0,-35.5,1534.1,1,0.1817884296,0.9438186288,0.2759701014,-0.8692869544,0.0230559558,0.4937697947,0.4596663117,-0.3296588361,0.8246405721,1,-173.0,281.9,1728.5,1,-0.0124303745,0.9438185692,0.3302302361,-0.9943802953,0.0230559558,-0.1033253819,-0.1051341742,-0.3296588063,0.9382281303,1,-118.0,19.1,1867.4,1,0.9999966621,-0.0000337737,-0.0025794152,0.0000318331,0.9999997020,-0.0007523574,0.0025794399,0.0007522727,0.9999963641,0,-352.5,-152.2,1703.2,1,0.9999790192,0.0023188232,-0.0060438463,-0.0022005648,0.9998074174,0.0195004568,0.0060879006,-0.0194867477,0.9997915626,0,-352.5,-558.7,1702.9,0,0.9437178373,0.3139162660,-0.1041778922,-0.3302856386,0.9111307263,-0.2464796901,0.0175457001,0.2670157552,0.9635324478,0,-219.4,-112.1,1829.5,1,0.7713214755,0.3354547620,0.5408634543,-0.1027428210,0.9043016434,-0.4143458605,-0.6280979514,0.2640240192,0.7319728136,0,-346.9,-482.2,1721.1,0,-357.4,-319.4,1535.9,1,-121.6,-272.4,1836.6,1,-353.4,-949.5,1710.5,0,-476.5,-831.5,1619.1,0,
2,0.7073683739,0.0633301586,-0.7040039301,0.2211980671,0.9261192083,0.3055675030,0.6713454127,-0.3718731999,0.6410979629,1,-261.4,446.4,1553.5,1,0.7073683739,0.0633301586,-0.7040039301,0.2211980671,0.9261192083,0.3055675030,0.6713454127,-0.3718731999,0.6410979629,1,-274.7,251.1,1631.9,1,0.7069024444,0.0301443823,-0.7066700459,0.2118744850,0.9441876411,0.2522215247,0.6748343706,-0.3280216157,0.6610607505,1,-280.8,59.2,1698.6,1,0.2157792151,0.0579365976,-0.9747219086,0.9764162898,-0.0055325199,0.2158254683,0.0071115252,-0.9983050227,-0.0577640384,1,-375.8,220.8,1535.4,1,-0.2557491958,0.0540058687,-0.9652335048,0.9667206407,0.0074736080,-0.2557250857,-0.0065968786,-0.9985126257,-0.0541199595,1,-432.5,-35.8,1533.6,1,0.1785500646,0.9437026381,0.2784696817,-0.8654885292,0.0160123110,0.5006728172,0.4680272341,-0.3304075003,0.8196228147,1,-173.6,281.4,1728.4,1,-0.0152504453,0.9437025785,0.3304435015,-0.9956597686,0.0160123166,-0.0916801840,-0.0918099880,-0.3304074705,0.9393625259,1,-120.9,25.5,1866.8,1,0.9999878407,-0.0000268637,-0.0049290103,0.0000238970,0.9999998212,-0.0006019505,0.0049290257,0.0006018254,0.9999876618,0,-353.6,-152.7,1701.7,1,0.9999830127,0.0020816503,-0.0054415255,-0.0019858601,0.9998440146,0.0175500549,0.0054772100,-0.0175389498,0.9998311996,0,-353.6,-559.2,1701.4,0,0.9511979818,0.2920550406,-0.0996312797,-0.3080048859,0.9183022976,-0.2487044483,0.0188562274,0.2672541440,0.9634416103,0,-220.3,-112.7,1828.9,1,0.7825360894,0.1710081995,0.5986597538,-0.0516942963,0.9760656357,-0.2112428248,-0.6204555035,0.1343578398,0.7726467252,0,-339.1,-486.0,1720.3,0,-357.3,-319.8,1535.5,1,-125.3,-266.0,1839.9,1,-354.4,-950.0,1708.3,0,-405.9,-867.5,1667.7,0,
3,0.7008397579,0.0616189279,-0.7106539011,0.2181157768,0.9300307035,0.2957453728,0.6791557670,-0.3622750640,0.6383613944,1,-261.7,447.9,1556.5,1,0.7008397579,0.0616189279,-0.7106539011,0.2181157768,0.9300307035,0.2957453728,0.6791557670,-0.3622750640,0.6383613944,1,-274.7,252.0,1632.8,1,0.7005354166,0.0287928302,-0.7130381465,0.2118007541,0.9457716346,0.2462788671,0.6814645529,-0.3235493302,0.6564471722,1,-280.6,59.8,1698.6,1,0.2169293612,0.0647912100,-0.9740348458,0.9761553407,-0.0063300747,0.2169806212,0.0078927223,-0.9978787899,-0.0646194741,1,-374.9,221.7,1535.4,1,-0.2541823685,0.0612365790,-0.9652158022,0.9670938253,0.0047571007,-0.2543751895,-0.0109854378,-0.9981119037,-0.0604307018,1,-432.2,-36.4,1533.3,1,0.1798545271,0.9402720928,0.2890343070,-0.8661969900,0.0121249408,0.4995556176,0.4662136436,-0.3402079940,0.8166415095,1,-174.6,282.3,1730.3,1,-0.0192327313,0.9402721524,0.3398802578,-0.9958772659,0.0121249203,-0.0898968652,-0.0886485204,-0.3402079642,0.9361624718,1,-121.7,27.9,1867.2,1,0.9999070764,-0.0000212537,-0.0136378575,0.0000146855,0.9999998808,-0.0004817162,0.0136378650,0.0004814711,0.9999069571,0,-352.1,-152.3,1700.5,1,0.9999862313,0.0018691969,-0.0048990380,-0.0017916063,0.9998736382,0.0157947373,0.0049279425,-0.0157857444,0.9998632669,0,-352.1,-558.8,1700.3,0,0.9589391947,0.2670772076,-0.0954218209,-0.2821564674,0.9324390888,-0.2257102728,0.0286929607,0.2433663011,0.9695100188,0,-220.8,-112.6,1828.2,1,0.7857575417,0.0844936818,0.6127364039,-0.0255335458,0.9942123890,-0.1043539792,-0.6180073619,0.0663515925,0.7833672762,0,-329.3,-491.6,1729.3,0,-357.6,-320.4,1536.5,1,-127.4,-263.5,1841.3,1,-352.8,-949.6,1706.4,0,-362.3,-880.2,1703.4,0,
4,0.6993026137,0.0552006736,-0.7126927972,0.2175486833,0.9332829714,0.2857488096,0.6809198856,-0.3548703790,0.6406372786,1,-262.9,448.1,1559.0,1,0.6993026137,0.0552006736,-0.7126927972,0.2175486833,0.9332829714,0.2857488096,0.6809198856,-0.3548703790,0.6406372786,1,-274.5,252.2,1633.5,1,0.6990178823,0.0262294952,-0.7146246433,0.2109723538,0.9472810626,0.2411350161,0.6832774282,-0.3193239570,0.6566316485,1,-279.9,59.7,1698.4,1,0.2259693295,0.0657339990,-0.9719141126,0.9740625024,-0.0031163739,0.2262580395,0.0118439961,-0.9978324771,-0.0647332147,1,-374.5,222.0,1535.8,1,-0.2623386383,0.0634726360,-0.9628861547,0.9648730755,0.0026882421,-0.2627027929,-0.0140859662,-0.9979799986,-0.0619482659,1,-434.6,-37.2,1532.6,1,0.1794079244,0.9389752746,0.2934934199,-0.8671606183,0.0100505203,0.4979271293,0.4645913839,-0.3438380063,0.8160455823,1,-174.6,282.3,1731.2,1,-0.0210579261,0.9389752746,0.3433397114,-0.9960187674,0.0100505464,-0.0885749832,-0.0866204575,-0.3438380063,0.9350253940,1,-122.0,28.2,1867.4,1,0.9998822212,-0.0000164777,-0.0153446821,0.0000105650,0.9999999404,-0.0003854088,0.0153446868,0.0003852013,0.9998821616,0,-350.7,-152.7,1699.2,1,0.9999888539,0.0016788017,-0.0044104778,-0.0016159530,0.9998976588,0.0142149981,0.0044338903,-0.0142077133,0.9998892546,0,-350.7,-559.2,1699.1,0,0.9516204596,0.2860863209,-0.1121303141,-0.3065234423,0.9093514681,-0.2812887132,0.0214930177,0.3020506501,0.9530496001,0,-219.6,-113.1,1827.4,1,0.7937493324,0.2252819538,0.5649868250,-0.0390580595,0.9458414316,-0.3222707212,-0.6069897413,0.2337348759,0.7595601082,0,-335.5,-481.2,1705.1,0,-357.5,-320.7,1536.8,1,-128.1,-263.1,1842.1,1,-351.4,-950.0,1704.6,0,-419.8,-835.4,1617.6,0,
5,0.7006788254,0.0531472974,-0.7114962935,0.2164932638,0.9343658686,0.2829983234,0.6798405647,-0.3523251712,0.6431832314,1,-262.9,448.8,1559.7,1,0.7006788254,0.0531472974,-0.7114962935,0.2164932638,0.9343658686,0.2829983234,0.6798405647,-0.3523251712,0.6431832314,1,-274.1,252.7,1633.7,1,0.7003628016,0.0262606964,-0.7133055329,0.2089999020,0.9479786158,0.2401092052,0.6825059652,-0.3172445595,0.6584393978,1,-279.4,60.0,1698.2,1,0.2251740545,0.0640848652,-0.9722087979,0.9742166400,-0.0003797961,0.2256141156,0.0140892062,-0.9979444742,-0.0625180677,1,-374.2,222.8,1536.1,1,-0.2617435753,0.0639256909,-0.9630181193,0.9649671316,-0.0014117602,-0.2623670399,-0.0181315448,-0.9979537129,-0.0613166727,1,-434.3,-37.1,1532.3,1,0.1768221408,0.9481028318,0.2642631531,-0.8674667478,0.0232692361,0.4969506264,0.4650110006,-0.3171113729,0.8265622854,1,-173.9,282.6,1731.3,1,-0.0062011690,0.9481027722,0.3179034591,-0.9957756996,0.0232692361,-0.0888213143,-0.0916091055,-0.3171113431,0.9439534545,1,-122.1,28.1,1867.7,1,0.9999097586,-0.0000127093,-0.0134354550,0.0000085676,0.9999999404,-0.0003083255,0.0134354588,0.0003081826,0.9999096990,0,-350.5,-152.2,1698.6,1,0.9999909997,0.0015081051,-0.0039705145,-0.0014571974,0.9999170899,0.0127932699,0.0039894790,-0.0127873691,0.9999102950,0,-350.5,-558.7,1698.4,0,0.9597790241,0.2668194175,-0.0873587728,-0.2788735330,0.9419929981,-0.1867583990,0.0324605107,0.2036088109,0.9785140157,0,-219.0,-113.0,1826.7,1,0.7830308080,0.1116928011,0.6118721366,-0.0155014358,0.9869431257,-0.1603216231,-0.6217897534,0.1160518751,0.7745382190,0,-327.5,-495.9,1743.9,0,-357.4,-320.5,1537.6,1,-123.9,-263.0,1840.9,1,-351.1,-949.6,1703.4,0,-371.1,-881.7,1698.6,0,
6,0.7013136148,0.0502979010,-0.7110779285,0.2149389386,0.9361615181,0.2782079279,0.6796792746,-0.3479494452,0.6457307935,1,-263.5,448.1,1561.1,1,0.7013136148,0.0502979010,-0.7110779285,0.2149389386,0.9361615181,0.2782079279,0.6796792746,-0.3479494452,0.6457307935,1,-274.0,251.8,1634.0,1,0.7009515762,0.0266287196,-0.7127133608,0.2060648352,0.9491204619,0.2381269187,0.6827939749,-0.3137807846,0.6597991586,1,-279.4,58.9,1697.8,1,0.2197511196,0.0622923747,-0.9735651016,0.9754809141,-0.0016427469,0.2200783789,0.0121098850,-0.9980566502,-0.0611260049,1,-374.3,222.4,1536.4,1,-0.2609503567,0.0611423030,-0.9634140134,0.9652288556,0.0005737497,-0.2614055276,-0.0154301785,-0.9981288910,-0.0591660403,1,-433.2,-39.1,1533.2,1,0.1746577471,0.9546629190,0.2410673201,-0.8663575649,0.0326596498,0.4983551502,0.4678879380,-0.2958920896,0.8327838182,1,-173.8,281.3,1731.7,1,0.0030277029,0.9546629786,0.2976737022,-0.9949774742,0.0326596573,-0.0946219563,-0.1000539884,-0.2958921492,0.9499669075,1,-122.0,24.6,1870.3,1,0.9888892770,0.0313035250,-0.1453213394,-0.0482992902,0.9921974540,-0.1149409264,0.1405894160,0.1206827462,0.9826853275,1,-350.3,-153.2,1697.9,1,0.9896453619,0.0092663206,-0.1432347745,-0.0180761777,0.9980148673,-0.0603280850,0.1423914135,0.0622925423,0.9878483415,0,-363.0,-556.5,1648.8,1,0.9251876473,0.3632442951,-0.1099161208,-0.3775893748,0.9101547003,-0.1704256088,0.0381345153,0.1991787702,0.9792209268,1,-219.4,-114.7,1825.3,1,0.7206149697,0.2591913640,0.6430658698,-0.0871614739,0.9540038109,-0.2868441343,-0.6878348589,0.1506536305,0.7100610137,1,-366.2,-482.6,1744.8,1,-356.4,-322.8,1537.7,1,-121.1,-267.8,1840.9,1,-366.6,-946.6,1624.5,0,-464.8,-845.2,1687.6,1,
7,0.6963363886,0.0501479320,-0.7159632444,0.2167394757,0.9362879992,0.2763793468,0.6842097640,-0.3476305604,0.6411012411,1,-262.4,449.2,1561.8,1,0.6963363886,0.0501479320,-0.7159632444,0.2167394757,0.9362879992,0.2763793468,0.6842097640,-0.3476305604,0.6411012411,1,-272.9,252.4,1634.9,1,0.6960114241,0.0247615613,-0.7176054120,0.2085597813,0.9493441582,0.2350430191,0.6870766282,-0.3132564723,0.6555890441,1,-277.9,59.5,1698.5,1,0.2257652134,0.0684185475,-0.9717762470,0.9740657806,-0.0004638974,0.2262644768,0.0150298821,-0.9976566434,-0.0667489022,1,-372.4,222.6,1536.6,1,-0.2644814551,0.0680480823,-0.9619870186,0.9642009735,-0.0011348333,-0.2651703358,-0.0191360302,-0.9976814389,-0.0653118789,1,-433.1,-39.0,1532.6,1,0.1729268432,0.9554715157,0.2391037792,-0.8734011054,0.0365462601,0.4856284261,0.4552657306,-0.2928116918,0.8408296704,1,-173.4,282.3,1733.1,1,0.0059729093,0.9554715157,0.2950231135,-0.9944929481,0.0365462750,-0.0982258841,-0.1046340317,-0.2928117216,0.9504278302,1,-121.5,20.3,1869.7,1,0.9928812981,0.0264661741,-0.1161302477,-0.0373553261,0.9950008988,-0.0926161706,0.1130985022,0.0962949544,0.9889065027,0,-347.3,-152.7,1698.7,1,0.9916094542,0.0087443236,-0.1289735138,-0.0158830807,0.9983914495,-0.0544263236,0.1282901466,0.0560181551,0.9901533127,0,-358.0,-557.2,1659.6,0,0.9725006819,0.2245971262,-0.0616324246,-0.2274388373,0.9728109241,-0.0437085330,0.0501399338,0.0565242097,0.9971414208,0,-218.7,-114.2,1825.7,1,0.7720425129,0.1142926663,0.6252100468,-0.0427164026,0.9908049703,-0.1283774376,-0.6341338158,0.0724061206,0.7698257565,0,-310.0,-509.6,1802.7,0,-355.4,-322.1,1538.2,1,-119.8,-271.2,1839.0,1,-361.5,-947.4,1637.7,0,-354.6,-896.9,1774.4,0,
8,0.6955216527,0.0494573489,-0.7168027163,0.2160289437,0.9370716214,0.2742719352,0.6852623224,-0.3456123471,0.6410682201,1,-262.4,448.3,1562.1,1,0.6955216527,0.0494573489,-0.7168027163,0.2160289437,0.9370716214,0.2742719352,0.6852623224,-0.3456123471,0.6410682201,1,-272.8,251.4,1634.8,1,0.6952652931,0.0234946609,-0.7183709145,0.2093984187,0.9494866729,0.2337180227,0.6875767708,-0.3129220307,0.6552242637,1,-277.6,58.4,1698.4,1,0.2243458182,0.0694419518,-0.9720323682,0.9743555188,0.0017531840,0.2250072807,0.0173290931,-0.9975845814,-0.0672678277,1,-372.2,221.5,1536.4,1,-0.2627055943,0.0701475367,-0.9623228312,0.9646899700,-0.0004873425,-0.2633874118,-0.0189449545,-0.9975365400,-0.0675426051,1,-432.5,-40.5,1531.8,1,0.1771352440,0.9544584155,0.2400672883,-0.8677554131,0.0363752767,0.4956585169,0.4643528759,-0.2961182892,0.8346798420,1,-173.4,281.4,1733.1,1,0.0034913844,0.9544584155,0.2983236611,-0.9938333631,0.0363752693,-0.1047480628,-0.1108292714,-0.2961182892,0.9486995935,1,-120.3,21.1,1872.3,1,0.9954408407,0.0220773239,-0.0927904919,-0.0290512424,0.9967983365,-0.0744920373,0.0908488259,0.0768481046,0.9928951859,0,-347.1,-154.0,1698.0,1,0.9932015538,0.0081972089,-0.1161184385,-0.0139814187,0.9986966848,-0.0490864292,0.1155647263,0.0503762215,0.9920216799,0,-356.0,-559.2,1666.7,0,0.9561647177,0.2800807357,-0.0854612589,-0.2889000475,0.9499151707,-0.1191545129,0.0478080809,0.1386211663,0.9891908765,0,-217.6,-115.1,1826.0,1,0.7719771862,0.2508792281,0.5840469599,-0.1019734293,0.9557964802,-0.2757797539,-0.6274174452,0.1533384025,0.7634360790,0,-329.5,-494.6,1770.6,0,-355.3,-324.2,1537.4,1,-119.2,-273.4,1839.5,1,-359.3,-949.6,1647.0,0,-424.8,-857.7,1712.3,0,
9,0.6939330697,0.0512944274,-0.7182120085,0.2153644711,0.9370093942,0.2750063539,0.6870796084,-0.3455135226,0.6391735673,1,-261.9,448.5,1561.3,1,0.6939330697,0.0512944274,-0.7182120085,0.2153644711,0.9370093942,0.2750063539,0.6870796084,-0.3455135226,0.6391735673,1,-272.7,251.8,1633.9,1,0.6937255859,0.0248693228,-0.7198117375,0.2102275491,0.9488892555,0.2353940159,0.6888777018,-0.3146233857,0.6530393958,1,-277.8,58.9,1697.8,1,0.2236537337,0.0719843879,-0.9720067978,0.9745290279,0.0003675222,0.2242612690,0.0165005457,-0.9974057078,-0.0700686723,1,-371.9,221.7,1535.3,1,-0.2681227922,0.0699698478,-0.9608405232,0.9633316994,0.0090003153,-0.2681625485,-0.0101154242,-0.9975086451,-0.0698173568,1,-432.3,-41.3,1530.9,1,0.1743937284,0.9495903254,0.2605095208,-0.8668699861,0.0225750059,0.4980228841,0.4670366347,-0.3126799464,0.8271082640,1,-173.5,281.8,1732.4,1,-0.0078984937,0.9495903254,0.3133943081,-0.9953643084,0.0225749966,-0.0934888721,-0.0958509818,-0.3126799166,0.9450100660,1,-121.9,25.5,1870.5,1,0.9970808625,0.0182370655,-0.0741430297,-0.0227023698,0.9979500175,-0.0598359182,0.0728998110,0.0613444746,0.9954509139,0,-347.7,-153.6,1697.4,1,0.9944918752,0.0076422766,-0.1045349687,-0.0123286806,0.9989440441,-0.0442585461,0.1040863544,0.0453035422,0.9935359359,0,-355.1,-559.2,1672.4,0,0.9496650696,0.2937951684,-0.1087228656,-0.3110516071,0.9255406260,-0.2159198523,0.0371912420,0.2388699502,0.9703391790,0,-218.0,-114.3,1826.1,1,0.7849850655,0.3037526011,0.5399377942,-0.0862774551,0.9166576862,-0.3902498484,-0.6134775281,0.2597558498,0.7457695603,0,-335.4,-484.3,1730.6,0,-353.5,-324.4,1533.9,1,-124.3,-267.5,1842.3,1,-358.1,-949.7,1654.7,0,-451.4,-834.2,1631.5,0,
10,0.6922776103,0.0512562320,-0.7198103666,0.2170561999,0.9364912510,0.2754408419,0.6882160902,-0.3469210267,0.6371852756,1,-262.0,448.3,1560.9,1,0.6922776103,0.0512562320,-0.7198103666,0.2170561999,0.9364912510,0.2754408419,0.6882160902,-0.3469210267,0.6371852756,1,-272.7,251.9,1633.6,1,0.6920706034,0.0233133938,-0.7214549780,0.2118208110,0.9489146471,0.2338583916,0.6900531650,-0.3146660030,0.6517765522,1,-277.5,59.1,1697.6,1,0.2250608802,0.0748557523,-0.9714649916,0.9740905762,0.0054818671,0.2260915786,0.0222496968,-0.9971792698,-0.0716825351,1,-371.7,221.6,1535.0,1,-0.2730163932,0.0707860813,-0.9594016075,0.9620077610,0.0219000168,-0.2721422315,0.0017470279,-0.9972510934,-0.0740758255,1,-432.6,-42.1,1528.9,1,0.1744181216,0.9469579458,0.2699059844,-0.8688345551,0.0190166235,0.4947372973,0.4633626342,-0.3207947910,0.8260664940,1,-173.8,282.2,1732.3,1,-0.0148701072,0.9469578266,0.3210136592,-0.9945852757,0.0190166291,-0.1021686643,-0.1028540134,-0.3207947314,0.9415475726,1,-121.5,21.7,1871.2,1,0.9981312156,0.0149558252,-0.0592486747,-0.0178144313,0.9986876249,-0.0480169728,0.0584527887,0.0489827245,0.9970877171,0,-347.0,-153.6,1696.9,1,0.9955374599,0.0070922584,-0.0941000953,-0.0108890263,0.9991444945,-0.0398962758,0.0937366411,0.0407428928,0.9947630167,0,-353.1,-559.6,1677.0,0,0.9402266741,0.3192110956,-0.1186509132,-0.3382893205,0.9155374169,-0.2176038921,0.0391677320,0.2447353452,0.9687984586,0,-217.4,-114.0,1826.2,1,0.7740614414,0.3490411639,0.5282036662,-0.1192164421,0.8997326493,-0.4198434949,-0.6217847466,0.2620140910,0.7380598187,0,-346.0,-482.8,1727.6,0,-352.6,-324.3,1528.4,1,-125.8,-270.6,1841.0,1,-355.9,-950.1,1661.1,0,-480.7,-829.9,1626.5,0,
11,0.6882823110,0.0499468073,-0.7237232327,0.2188311070,0.9368591309,0.2727724016,0.6916527748,-0.3461177349,0.6338925362,1,-262.3,449.1,1560.7,1,0.6882823110,0.0499468073,-0.7237232327,0.2188311070,0.9368591309,0.2727724016,0.6916527748,-0.3461177349,0.6338925362,1,-272.8,252.5,1633.3,1,0.6880814433,0.0255886000,-0.7251839042,0.2138189226,0.9478545189,0.2363263369,0.6934179664,-0.3176700771,0.6467286944,1,-278.0,59.8,1697.9,1,0.2253033817,0.0821400210,-0.9708200097,0.9739259481,0.0082015991,0.2267181128,0.0265849028,-0.9965871572,-0.0781504363,1,-371.1,221.9,1534.2,1,-0.2779952586,0.0752210468,-0.9576327205,0.9604967237,0.0350890979,-0.2760704160,0.0128361657,-0.9965493679,-0.0820041597,1,-432.3,-42.6,1527.0,1,0.1742390543,0.9469597340,0.2700150609,-0.8720640540,0.0210427567,0.4889392853,0.4573239386,-0.3206627369,0.8294759393,1,-174.4,283.0,1732.5,1,-0.0118430676,0.9469597340,0.3211340904,-0.9948906302,0.0210427605,-0.0987413153,-0.1002615988,-0.3206627071,0.9418721199,1,-122.1,21.4,1869.7,1,0.9988037348,0.0121979630,-0.0473524854,-0.0140278013,0.9991599321,-0.0385049321,0.0468430221,0.0391231216,0.9981358051,0,-347.6,-152.9,1697.5,1,0.9963847399,0.0065563410,-0.0847020820,-0.0096322400,0.9993069172,-0.0359568484,0.0844076350,0.0366427265,0.9957573414,0,-352.6,-559.0,1681.6,0,0.9367296696,0.3264960647,-0.1262458265,-0.3469329178,0.9139515162,-0.2105477005,0.0466395617,0.2410251051,0.9693976641,0,-218.7,-112.8,1827.5,1,0.7711739540,0.3650117218,0.5215908885,-0.1366103590,0.8951019049,-0.4244174957,-0.6217944026,0.2560449243,0.7401436567,0,-350.8,-482.6,1729.9,0,-350.8,-324.1,1523.2,1,-125.6,-270.3,1840.3,1,-355.2,-949.6,1667.3,0,-492.5,-830.2,1630.5,0,
12,0.6865903735,0.0543503910,-0.7250117064,0.2246551961,0.9325399995,0.2826589048,0.6914671063,-0.3569487333,0.6280618310,1,-261.8,448.7,1557.1,1,0.6865903735,0.0543503910,-0.7250117064,0.2246551961,0.9325399995,0.2826589048,0.6914671063,-0.3569487333,0.6280618310,1,-273.2,252.7,1632.1,1,0.6862882972,0.0258341376,-0.7268723249,0.2175762057,0.9463120103,0.2390627563,0.6940259337,-0.3222163916,0.6438209414,1,-278.4,60.4,1697.6,1,0.2206250429,0.0873112828,-0.9714429975,0.9747469425,0.0155343916,0.2227716148,0.0345412455,-0.9960600734,-0.0816791207,1,-371.3,221.6,1532.9,1,-0.2792674005,0.0787585378,-0.9569779634,0.9599000812,0.0483527556,-0.2761407793,0.0245240740,-0.9957203865,-0.0891036838,1,-431.2,-42.8,1523.5,1,0.1728321165,0.9535486698,0.2467263192,-0.8716454506,0.0314273536,0.4891282618,0.4586536884,-0.2995949388,0.8365880847,1,-175.0,283.8,1731.3,1,0.0011646365,0.9535487890,0.3012365699,-0.9949202538,0.0314273462,-0.0956350937,-0.1006597877,-0.2995949984,0.9487415552,1,-123.2,22.2,1869.0,1,0.9992343187,0.0099071451,-0.0378500670,-0.0110783782,0.9994623065,-0.0308606438,0.0375239775,0.0312563330,0.9988067746,0,-348.0,-152.3,1698.0,1,0.9970712662,0.0060409298,-0.0762392953,-0.0085327467,0.9994385242,-0.0324008577,0.0760007575,0.0329564922,0.9965629578,0,-352.1,-558.6,1685.3,0,0.9409235716,0.3116519451,-0.1324235797,-0.3358411193,0.9088754654,-0.2472976297,0.0432858169,0.2771614492,0.9598478675,0,-219.3,-111.5,1828.1,1,0.7854862809,0.3535766900,0.5079318881,-0.1096672416,0.8872623444,-0.4480387270,-0.6090849042,0.2962248027,0.7357081771,0,-345.6,-479.7,1715.9,0,-349.3,-324.1,1516.3,1,-122.8,-269.0,1839.5,1,-354.4,-949.3,1672.4,0,-483.2,-825.0,1600.6,0,
13,0.6916188598,0.0624790303,-0.7195568681,0.2214716524,0.9299115539,0.2936182022,0.6874712706,-0.3624335229,0.6293060780,1,-261.1,447.3,1552.8,1,0.6916188598,0.0624790303,-0.7195568681,0.2214716524,0.9299115539,0.2936182022,0.6874712706,-0.3624335229,0.6293060780,1,-274.2,251.2,1629.2,1,0.6913806200,0.0312527642,-0.7218161821,0.2167072743,0.9440913200,0.2484477758,0.6892270446,-0.3281950653,0.6459527612,1,-280.6,59.4,1695.9,1,0.2124465406,0.0851023793,-0.9734598994,0.9764154553,0.0207220316,0.2149031609,0.0384608358,-0.9961566925,-0.0786929652,1,-373.1,220.2,1530.7,1,-0.2904565334,0.0717809200,-0.9541919827,0.9558487535,0.0682305843,-0.2858280540,0.0445880815,-0.9950838685,-0.0884297267,1,-430.6,-43.9,1520.2,1,0.1736282408,0.9533544183,0.2469183058,-0.8646092415,0.0275281295,0.5016902685,0.4714913964,-0.3005954623,0.8290586472,1,-175.4,282.2,1727.8,1,-0.0034663419,0.9533543587,0.3018333912,-0.9947687984,0.0275281332,-0.0983730555,-0.1020933017,-0.3005954325,0.9482717514,1,-123.4,23.3,1869.0,1,0.9995099306,0.0080206115,-0.0302583557,-0.0087702498,0.9996558428,-0.0247237757,0.0300496425,0.0249770321,0.9992362857,0,-351.8,-152.8,1698.0,1,0.9976274371,0.0055502942,-0.0686196312,-0.0075688837,0.9995451570,-0.0291921869,0.0684263930,0.0296423025,0.9972156882,0,-355.0,-559.2,1687.8,0,0.9493597746,0.2865377665,-0.1288883686,-0.3125761449,0.9028919339,-0.2950968146,0.0318158865,0.3204404712,0.9467341900,0,-222.1,-112.2,1827.2,1,0.8030650616,0.3289652467,0.4968586266,-0.0681547672,0.8790419698,-0.4718476534,-0.5919810534,0.3450611234,0.7283484340,0,-338.2,-477.9,1697.5,0,-345.3,-324.6,1507.2,1,-124.4,-267.7,1839.1,1,-357.2,-949.9,1676.2,0,-466.2,-820.1,1563.1,0,
14,0.6924406290,0.0641692281,-0.7186171412,0.2231789231,0.9281306267,0.2979286313,0.6860905290,-0.3666782975,0.6283532381,1,-260.5,445.6,1550.6,1,0.6924406290,0.0641692281,-0.7186171412,0.2231789231,0.9281306267,0.2979286313,0.6860905290,-0.3666782975,0.6283532381,1,-274.0,250.0,1627.9,1,0.6920413375,0.0326803401,-0.7211194634,0.2154581845,0.9440848231,0.2495563626,0.6889554858,-0.3280746937,0.6463035345,1,-280.7,58.2,1694.6,1,0.2099744678,0.0854367167,-0.9739667773,0.9768186808,0.0241213832,0.2127052099,0.0416662619,-0.9960516095,-0.0783912987,1,-373.0,219.2,1529.4,1,-0.3018780053,0.0620914996,-0.9513224363,0.9500557184,0.1024339646,-0.2947903574,0.0791437477,-0.9928000569,-0.0899129510,1,-429.8,-44.9,1518.1,1,0.1719074100,0.9534792900,0.2476390004,-0.8620874882,0.0239608511,0.5061926842,0.4767105877,-0.3005047441,0.8261016011,1,-175.1,280.8,1726.4,1,-0.0034541534,0.9534793496,0.3014387786,-0.9959024191,0.0239608567,-0.0872023925,-0.0903683975,-0.3005048335,0.9494896531,1,-124.2,25.7,1867.5,1,0.9995985031,0.0064770556,-0.0275835246,-0.0070239771,0.9997797608,-0.0197773501,0.0274493489,0.0199631564,0.9994238019,0,-352.2,-153.9,1696.6,1,0.9980780482,0.0050870813,-0.0617599860,-0.0067222873,0.9996315241,-0.0262979344,0.0616034493,0.0266625583,0.9977445006,0,-354.9,-560.3,1688.5,0,0.9514111876,0.2800710797,-0.1279721260,-0.3064638376,0.9016669989,-0.3050844073,0.0299428701,0.3294796050,0.9436877966,0,-222.4,-113.5,1825.9,1,0.8067875504,0.3230570853,0.4946998060,-0.0590870082,0.8771978617,-0.4764794409,-0.5878796577,0.3551873267,0.7268007994,0,-336.0,-479.3,1692.2,0,-341.3,-323.4,1494.9,1,-125.2,-265.5,1841.1,1,-356.9,-951.1,1678.1,0,-462.1,-821.5,1553.7,0,
15,0.6899366975,0.0659075826,-0.7208646536,0.2242537141,0.9273901582,0.2994236648,0.6882591248,-0.3682401776,0.6250595450,1,-260.3,444.4,1549.1,1,0.6899366975,0.0659075826,-0.7208646536,0.2242537141,0.9273901582,0.2994236648,0.6882591248,-0.3682401776,0.6250595450,1,-274.1,249.4,1626.5,1,0.6895135641,0.0344593897,-0.7234542966,0.2163648754,0.9434536099,0.2511538267,0.6912021041,-0.3297043741,0.6430673003,1,-281.1,57.6,1693.5,1,0.2078964561,-0.1276892722,-0.9697807431,0.9769480824,0.0762574896,0.1993923187,0.0484927781,-0.9888783693,0.1405994445,1,-372.7,218.5,1527.7,1,-0.3138887882,-0.1276892424,-0.9408343434,0.9426842928,0.0762574822,-0.3248555660,0.1132262200,-0.9888783097,0.0964342728,1,-428.9,-45.5,1514.6,1,0.1739855707,0.9545977116,0.2418103963,-0.8616428375,0.0286898240,0.5067035556,0.4767605364,-0.2965132892,0.8275139332,1,-175.5,280.3,1725.3,1,0.0029370014,0.9545977116,0.2978835702,-0.9962096810,0.0286898185,-0.0821171999,-0.0869351178,-0.2965133190,0.9510636926,1,-124.1,25.4,1866.4,1,0.9995034933,0.0052258275,-0.0310732573,-0.0057184878,0.9998590350,-0.0157871041,0.0309863780,0.0159569569,0.9993923903,0,-352.8,-154.4,1695.7,1,0.9984431267,0.0046526808,-0.0555850193,-0.0059772963,0.9997015595,-0.0236880053,0.0554582179,0.0239833724,0.9981729388,0,-354.9,-560.8,1689.2,0,0.9519944191,0.2754870057,-0.1334674954,-0.3044661880,0.8973245025,-0.3195448518,0.0317331851,0.3448412418,0.9381245375,0,-223.5,-113.8,1825.4,1,0.8131050467,0.3188207150,0.4870457351,-0.0496508926,0.8716150522,-0.4876699150,-0.5799956322,0.3723446429,0.7245443463,0,-335.3,-478.1,1685.3,0,-336.9,-321.6,1481.4,1,-123.2,-265.8,1841.0,1,-356.8,-951.6,1679.8,0,-459.8,-818.4,1540.0,0,
16,0.6914997697,0.0654829219,-0.7194041610,0.2292406708,0.9245125055,0.3045029640,0.6850399375,-0.3754806221,0.6242879033,1,-260.0,443.4,1545.8,1,0.6914997697,0.0654829219,-0.7194041610,0.2292406708,0.9245125055,0.3045029640,0.6850399375,-0.3754806221,0.6242879033,1,-273.8,249.0,1624.8,1,0.6911571622,0.0326147787,-0.7219699025,0.2227248996,0.9407435060,0.2557184398,0.6875306368,-0.3375426233,0.6429365873,1,-280.4,57.8,1693.4,1,0.2077562064,-0.1743404120,-0.9625190496,0.9763291478,0.0974724293,0.1930819601,0.0601570681,-0.9798493981,0.1904641092,1,-372.6,217.1,1526.4,1,-0.3251820207,-0.1743403971,-0.9294418097,0.9335622191,0.0974724144,-0.3449069858,0.1507261544,-0.9798493385,0.1310613155,1,-428.4,-45.2,1510.3,1,0.1647828966,0.9494724274,0.2671115696,-0.8639900684,0.0083163679,0.5034400225,0.4757809937,-0.3137400448,0.8217052817,1,-175.0,280.8,1723.1,1,-0.0161212850,0.9494725466,0.3134359717,-0.9970369339,0.0083163828,-0.0764739737,-0.0752165839,-0.3137401044,0.9465250969,1,-125.3,20.6,1866.3,1,0.9995863438,0.0042204368,-0.0284491088,-0.0045812041,0.9999097586,-0.0126279490,0.0283932462,0.0127530554,0.9995154738,0,-351.9,-154.3,1697.5,1,0.9987388849,0.0042475415,-0.0500265621,-0.0053205388,0.9997582436,-0.0213349573,0.0499238484,0.0215742178,0.9985199571,0,-353.6,-560.8,1692.3,0,0.9546844363,0.2667601705,-0.1319724619,-0.2962919474,0.8937205672,-0.3368600011,0.0280856788,0.3606973588,0.9322599173,0,-222.2,-112.5,1826.5,1,0.8190143704,0.3098019063,0.4829474092,-0.0348864496,0.8670350313,-0.4970243275,-0.5727114081,0.3902217448,0.7209220529,0,-330.6,-475.5,1680.0,0,-333.3,-318.5,1466.2,1,-130.0,-270.8,1844.4,1,-355.2,-951.5,1683.9,0,-451.5,-814.1,1527.6,0,
17,0.6828116775,0.0641469508,-0.7277745605,0.2355371565,0.9236209989,0.3023959100,0.6915875077,-0.3778976202,0.6155492663,1,-259.5,442.9,1544.6,1,0.6828116775,0.0641469508,-0.7277745605,0.2355371565,0.9236209989,0.3023959100,0.6915875077,-0.3778976202,0.6155492663,1,-273.0,248.8,1624.0,1,0.6824485660,0.0324505605,-0.7302145958,0.2285332829,0.9394538403,0.2553345263,0.6942905188,-0.3411313593,0.6337119937,1,-279.6,57.9,1693.4,1,0.2082569301,-0.2296507359,-0.9507311583,0.9753171206,0.1216939837,0.1842471212,0.0733857602,-0.9656351209,0.2493259311,1,-370.5,216.2,1524.8,1,-0.3361983299,-0.2296507657,-0.9133626223,0.9211607575,0.1216939911,-0.3696667552,0.1960449815,-0.9656351805,0.1706319302,1,-426.2,-44.6,1505.1,1,0.1609413922,0.9442505836,0.2872089148,-0.8626146317,-0.0068249255,0.5058158040,0.4795770347,-0.3291572928,0.8134257197,1,-175.4,281.5,1723.3,1,-0.0339454934,0.9442504048,0.3274733424,-0.9964748025,-0.0068249311,-0.0836141035,-0.0767176673,-0.3291572332,0.9411535263,1,-127.3,24.0,1866.5,1,0.9991823435,0.0034054411,-0.0402870998,-0.0038131555,0.9999422431,-0.0100477124,0.0402505547,0.0101931179,0.9991375804,0,-350.2,-154.5,1697.6,1,0.9989784360,0.0038714644,-0.0450236164,-0.0047406363,0.9998041391,-0.0192140825,0.0449404158,0.0194078945,0.9988011122,0,-351.5,-560.9,1693.4,0,0.9688441157,0.2187850773,-0.1160781905,-0.2427980453,0.9315221310,-0.2707682848,0.0488893464,0.2905158401,0.9556204081,0,-222.1,-111.6,1827.8,1,0.8519299626,0.2707931101,0.4482035935,-0.0458760858,0.8912171721,-0.4512509406,-0.5216423273,0.3638723791,0.7716774940,0,-311.1,-490.2,1709.7,0,-327.9,-314.0,1447.8,1,-137.3,-267.2,1844.0,1,-353.1,-951.7,1685.8,0,-416.9,-838.6,1567.5,0,
18,0.6808894873,0.0689637437,-0.7291336656,0.2399739176,0.9195877910,0.3110746741,0.6919572353,-0.3867807090,0.6095872521,1,-258.3,441.7,1540.1,1,0.6808894873,0.0689637437,-0.7291336656,0.2399739176,0.9195877910,0.3110746741,0.6919572353,-0.3867807090,0.6095872521,1,-272.8,248.4,1621.4,1,0.6803370714,0.0364059396,-0.7319962978,0.2302365154,0.9375845790,0.2606202960,0.6957983971,-0.3458422124,0.6294906735,1,-280.2,57.8,1691.7,1,0.1990697235,-0.3130106926,-0.9286525846,0.9768687487,0.1388967931,0.1625891328,0.0780947283,-0.9395382404,0.3334204853,1,-370.1,215.4,1521.9,1,-0.3497836292,-0.3130106628,-0.8829925060,0.9028557539,0.1388967633,-0.4068895280,0.2500055432,-0.9395381808,0.2340196818,1,-423.1,-44.8,1501.1,1,0.1569094211,0.9631379247,0.2185056359,-0.8593161106,0.0240934342,0.5108769536,0.4867804050,-0.2679268122,0.8314204812,1,-175.5,281.3,1720.9,1,0.0007281037,0.9631379843,0.2690069973,-0.9962109327,0.0240934435,-0.0835664719,-0.0869673416,-0.2679268420,0.9595060945,1,-128.2,22.0,1867.7,1,0.9990406632,0.0027572552,-0.0437061787,-0.0031104612,0.9999630451,-0.0080154240,0.0436824635,0.0081436802,0.9990123510,0,-351.4,-154.3,1696.7,1,0.9991725087,0.0035237060,-0.0405205153,-0.0042277589,0.9998413324,-0.0173026826,0.0404531173,0.0174596738,0.9990288615,0,-352.5,-560.8,1693.4,0,0.9552197456,0.2570637465,-0.1465385556,-0.2926483750,0.8939323425,-0.3394727707,0.0437293947,0.3671553433,0.9291311502,0,-223.8,-111.1,1827.2,1,0.8298382163,0.2991238236,0.4710556865,-0.0304522216,0.8671983480,-0.4970309138,-0.5571724772,0.3981105089,0.7287433147,0,-328.2,-474.4,1678.0,0,-320.5,-309.6,1427.7,1,-128.0,-270.2,1842.2,1,-353.9,-951.6,1686.5,0,-445.1,-813.3,1522.5,0,
19,0.6787080765,0.0743575990,-0.7306358218,0.2433768958,0.9158701897,0.3192902803,0.6929110885,-0.3945249021,0.6035106778,1,-257.5,440.5,1534.8,1,0.6787080765,0.0743575990,-0.7306358218,0.2433768958,0.9158701897,0.3192902803,0.6929110885,-0.3945249021,0.6035106778,1,-273.1,248.1,1617.7,1,0.6780763865,0.0417567603,-0.7338060141,0.2333087921,0.9345194101,0.2687695324,0.6969807744,-0.3534499407,0.6239324808,1,-281.6,58.1,1689.5,1,0.1822138429,-0.4041757882,-0.8963482976,0.9797859788,0.1511873901,0.1310030073,0.0825682878,-0.9021000862,0.4235542119,1,-370.1,214.7,1518.0,1,-0.3561940789,-0.4041757584,-0.8424772024,0.8823761940,0.1511873901,-0.4455947876,0.3074705005,-0.9021000266,0.3027829826,1,-418.6,-45.9,1496.0,1,0.1553247273,0.9699466825,0.1872905791,-0.8550629020,0.0370598435,0.5171982050,0.4947136939,-0.2404789031,0.8351217508,1,-176.2,281.4,1717.3,1,0.0173348114,0.9699466228,0.2426995039,-0.9963462949,0.0370598435,-0.0769453496,-0.0836272836,-0.2404789180,0.9670451880,1,-128.6,19.5,1868.9,1,0.9988628030,0.0022343344,-0.0476253927,-0.0025415784,0.9999763370,-0.0063916845,0.0476099849,0.0065054595,0.9988448620,0,-353.7,-153.7,1695.9,1,0.9993296862,0.0032032249,-0.0364676863,-0.0037735254,0.9998714924,-0.0155804465,0.0364130959,0.0157076139,0.9992133975,0,-354.6,-560.1,1693.3,0,0.9553304911,0.2541902363,-0.1507690251,-0.2912334204,0.8964672089,-0.3339606524,0.0502699614,0.3629517257,0.9304510355,0,-226.5,-109.9,1826.7,1,0.8335136175,0.2957143784,0.4666991234,-0.0336790234,0.8703296185,-0.4913167953,-0.5514714718,0.3938013315,0.7353909612,0,-329.8,-474.2,1679.2,0,-314.0,-304.8,1405.8,1,-123.5,-273.2,1844.3,1,-355.9,-951.0,1687.2,0,-445.4,-814.3,1525.3,0,
20,0.6745566726,0.0800501555,-0.7338715792,0.2466190308,0.9125518799,0.3262280822,0.6958125830,-0.4010461569,0.5958251953,1,-256.7,438.6,1529.6,1,0.6745566726,0.0800501555,-0.7338715792,0.2466190308,0.9125518799,0.3262280822,0.6958125830,-0.4010461569,0.5958251953,1,-273.6,246.6,1614.0,1,0.6737824082,0.0457411632,-0.7375143766,0.2352592647,0.9328646660,0.2727877498,0.7004806995,-0.3573069274,0.6177859306,1,-282.9,57.0,1686.6,1,0.1693153977,-0.4655064642,-0.8686979413,0.9809092879,0.1651388705,0.1026937813,0.0956511721,-0.8695015311,0.4845802188,1,-369.9,212.9,1513.9,1,-0.3626500666,-0.4655064344,-0.8073343039,0.8605861068,0.1651389003,-0.4817890525,0.3575981855,-0.8695015311,0.3407207429,1,-414.8,-47.0,1488.5,1,0.1575787216,0.9707012177,0.1814061105,-0.8523762226,0.0409446806,0.5213236809,0.4986219108,-0.2367757708,0.8338545561,1,-177.2,280.2,1714.2,1,0.0252287313,0.9707011580,0.2389617860,-0.9972955585,0.0409446806,-0.0610329546,-0.0690289736,-0.2367757410,0.9691089988,1,-128.8,18.2,1867.4,1,0.9985377192,0.0018123146,-0.0540288985,-0.0020903789,0.9999848604,-0.0050905156,0.0540188551,0.0051960130,0.9985263944,0,-355.4,-154.7,1693.5,1,0.9994570613,0.0029087104,-0.0328200161,-0.0033706627,0.9998959303,-0.0140287923,0.0327757969,0.0141318003,0.9993628263,0,-356.1,-561.2,1691.4,0,0.9559488893,0.2485679835,-0.1561272293,-0.2877891064,0.8983790278,-0.3318023086,0.0577858984,0.3621177971,0.9303395152,0,-229.0,-110.5,1825.0,1,0.8383589387,0.2893271446,0.4620000720,-0.0326994061,0.8726876974,-0.4871826172,-0.5441369414,0.3933267593,0.7410863638,0,-330.0,-475.7,1677.8,0,-308.2,-299.8,1383.4,1,-121.4,-275.3,1847.1,1,-357.2,-952.0,1685.9,0,-443.1,-816.7,1524.1,0,
21,0.6668269038,0.0869588852,-0.7401231527,0.2503426671,0.9093089700,0.3323890567,0.7019068599,-0.4069304764,0.5845812559,1,-256.2,436.6,1524.1,1,0.6668269038,0.0869588852,-0.7401231527,0.2503426671,0.9093089700,0.3323890567,0.7019068599,-0.4069304764,0.5845812559,1,-274.5,245.1,1609.7,1,0.6660034657,0.0519406535,-0.7441397309,0.2394382656,0.9298982024,0.2792046070,0.7064782381,-0.3641270399,0.6068779826,1,-285.1,56.1,1683.7,1,0.1556415409,-0.5117263794,-0.8449330926,0.9812807441,0.1783055663,0.0727683678,0.1134187803,-0.8404423594,0.5298989415,1,-369.8,210.9,1508.7,1,-0.3686927259,-0.5117263198,-0.7760167122,0.8379976153,0.1783055961,-0.5157200098,0.4022755623,-0.8404423594,0.3630854487,1,-410.9,-48.5,1478.7,1,0.1513320804,0.9741811752,0.1675398201,-0.8478852510,0.0408029705,0.5286073089,0.5081230998,-0.2220497876,0.8321687579,1,-179.3,279.4,1710.8,1,0.0272648204,0.9741812944,0.2241152078,-0.9975968003,0.0408029929,-0.0559989177,-0.0636976659,-0.2220498174,0.9729524851,1,-132.4,16.6,1868.2,1,0.9978505969,0.0014723694,-0.0655126944,-0.0017410140,0.9999902844,-0.0040437467,0.0655061007,0.0041491138,0.9978435636,0,-358.1,-155.3,1691.5,1,0.9995601773,0.0026387488,-0.0295373593,-0.0030129412,0.9999156594,-0.0126311183,0.0295015369,0.0127145573,0.9994838834,0,-358.7,-561.8,1689.8,0,0.9566433430,0.2392136455,-0.1661635041,-0.2825857699,0.9004947543,-0.3305366039,0.0705604553,0.3631611466,0.9290506840,0,-233.2,-110.4,1824.0,1,0.8468418121,0.2787237465,0.4529591799,-0.0299132392,0.8752886653,-0.4826747477,-0.5310029387,0.3951996863,0.7495685816,0,-330.4,-476.4,1676.4,0,-302.7,-294.5,1360.6,1,-124.3,-279.6,1849.3,1,-359.7,-952.6,1684.8,0,-439.3,-818.5,1522.0,0,
22,0.6602947116,0.0866614133,-0.7459912300,0.2518734336,0.9102332592,0.3286820054,0.7075120807,-0.4049225450,0.5791935921,1,-255.5,434.1,1521.8,1,0.6602947116,0.0866614133,-0.7459912300,0.2518734336,0.9102332592,0.3286820054,0.7075120807,-0.4049225450,0.5791935921,1,-273.8,242.2,1607.1,1,0.6594697237,0.0527444594,-0.7498800159,0.2409814894,0.9300557375,0.2773460746,0.7120606303,-0.3636088371,0.6006322503,1,-284.5,53.2,1681.0,1,0.1477144212,-0.5248283148,-0.8382932544,0.9787411094,0.1995103210,0.0475555435,0.1422896683,-0.8274967074,0.5431416035,1,-368.1,207.8,1505.3,1,-0.3788112700,-0.5248283148,-0.7622711062,0.8158274293,0.1995103061,-0.5427902341,0.4369526207,-0.8274967074,0.3525926173,1,-406.9,-49.7,1467.9,1,0.1403535157,0.9663429856,0.2155976444,-0.8502385020,0.0060551837,0.5263628960,0.5073415041,-0.2571862936,0.8224718571,1,-179.5,276.7,1708.9,1,-0.0073929271,0.9663429260,0.2571513057,-0.9986563921,0.0060551860,-0.0514653511,-0.0512902699,-0.2571862936,0.9649998546,1,-135.5,10.2,1867.9,1,0.9972379804,0.0011997083,-0.0742634386,-0.0014423286,0.9999938607,-0.0032134764,0.0742591321,0.0033117128,0.9972335100,0,-357.1,-158.4,1688.1,1,0.9996437430,0.0023918017,-0.0265829843,-0.0026949048,0.9999316931,-0.0113721769,0.0265539680,0.0114397649,0.9995819330,0,-357.6,-564.9,1686.8,0,0.9689539075,0.1975275278,-0.1486980766,-0.2315323949,0.9358980060,-0.2654950023,0.0867236555,0.2916808426,0.9525761008,0,-233.4,-113.2,1821.7,1,0.8748409748,0.2430911362,0.4189988375,-0.0397661552,0.8980873823,-0.4380156398,-0.4827752709,0.3665320277,0.7953504324,0,-313.7,-493.7,1703.1,0,-295.9,-289.0,1339.7,1,-137.7,-283.8,1852.8,1,-358.5,-955.7,1682.3,0,-408.7,-844.7,1559.9,0,
23,0.6482679844,0.0902350992,-0.7560479045,0.2651343644,0.9040548801,0.3352389336,0.7137611508,-0.4177791178,0.5621444583,1,-254.8,432.4,1514.1,1,0.6482679844,0.0902350992,-0.7560479045,0.2651343644,0.9040548801,0.3352389336,0.7137611508,-0.4177791178,0.5621444583,1,-273.8,242.0,1602.1,1,0.6472481489,0.0551070273,-0.7602863312,0.2522948384,0.9256820083,0.2818805873,0.7193189263,-0.3742632866,0.5852417946,1,-285.0,53.9,1678.1,1,0.1356211901,-0.5628095865,-0.8153848052,0.9781895280,0.2067499459,0.0199934915,0.1573282182,-0.8003123999,0.5785740614,1,-366.4,206.0,1499.2,1,-0.3842738867,-0.5628095865,-0.7318326831,0.7917803526,0.2067499310,-0.5747507215,0.4747815132,-0.8003123999,0.3661729395,1,-402.0,-50.9,1457.9,1,0.1399381310,0.9490914941,0.2822105289,-0.8456043005,-0.0337307081,0.5327435136,0.5151414275,-0.3131895661,0.7978356481,1,-181.3,278.1,1704.9,1,-0.0517757758,0.9490915537,0.3107165098,-0.9974323511,-0.0337307006,-0.0631743670,-0.0494775586,-0.3131895959,0.9484009743,1,-137.3,12.1,1867.0,1,0.9958499074,0.0009795149,-0.0910053253,-0.0012159182,0.9999960065,-0.0025422801,0.0910024643,0.0026423847,0.9958471656,0,-356.9,-157.9,1686.7,1,0.9997114539,0.0021663266,-0.0239240918,-0.0024118451,0.9999446869,-0.0102383066,0.0239005890,0.0102930535,0.9996613264,0,-357.3,-564.4,1685.7,0,0.9756389856,0.1621994376,-0.1477152705,-0.1912112981,0.9587963820,-0.2101134658,0.1075485945,0.2332397252,0.9664535522,0,-235.5,-110.5,1821.7,1,0.8978942037,0.2120939791,0.3857488334,-0.0462197587,0.9168588519,-0.3965269327,-0.4377782047,0.3382100463,0.8330451250,0,-301.5,-500.3,1726.8,0,-289.3,-283.0,1318.7,1,-152.5,-280.2,1852.5,1,-358.2,-955.2,1681.6,0,-384.4,-858.7,1594.7,0,
