1,0.8970042467,0.0795034990,-0.4348150194,0.0417624749,0.9640481472,0.2624250650,0.4400460720,-0.2535551190,0.8614341021,1,-280.1,498.0,1773.2,1,0.8970042467,0.0795034990,-0.4348150194,0.0417624749,0.9640481472,0.2624250650,0.4400460720,-0.2535551190,0.8614341021,1,-296.7,297.4,1826.0,1,0.8976821303,0.0589050129,-0.4366904497,0.0512364358,0.9703491926,0.2362141758,0.4376561344,-0.2344194949,0.8680461049,1,-308.6,100.2,1873.6,1,0.3664656579,-0.3511649668,-0.8616183400,0.9258209467,0.0455508307,0.3752075732,-0.0925123170,-0.9352049828,0.3418086767,1,-425.0,290.1,1763.4,1,-0.1146392450,-0.3511649668,-0.9292690754,0.9892094731,0.0455508307,-0.1392471492,0.0912277028,-0.9352049828,0.3421537876,1,-530.9,22.6,1790.1,1,0.1678998321,0.9332237244,0.3176525235,-0.9114582539,0.0241957158,0.4106804132,0.3755708635,-0.3584802151,0.8546569347,1,-168.3,304.7,1888.6,1,-0.0371635817,0.9332236648,0.3573686182,-0.9858779311,0.0241957307,-0.1657078713,-0.1632892936,-0.3584801257,0.9191455841,1,-117.2,27.5,2002.8,1,0.9843403697,0.0470827445,-0.1698741764,-0.0438269824,0.9987773895,0.0228670016,0.1707431227,-0.0150638400,0.9852004051,0,-404.8,-101.8,1880.3,1,0.9618685246,0.0030776102,-0.2734948695,-0.0038820279,0.9999895692,-0.0024001272,0.2734846175,0.0033703218,0.9618704915,0,-423.9,-507.8,1886.4,0,1.0000000000,0.0000000000,-0.0000000000,-0.0000000000,1.0000000000,0.0000000000,0.0000000000,-0.0000000000,1.0000000000,0,-236.4,-92.2,1962.3,1,1.0000000000,0.0000000281,-0.0000000367,-0.0000000281,1.0000000000,0.0000000173,0.0000000367,-0.0000000173,1.0000000000,0,-236.4,-498.7,1962.3,0,-497.8,-263.5,1763.8,1,-127.7,-249.9,1956.9,1,-425.1,-898.7,1885.1,0,-236.4,-889.6,1962.3,0,
2,0.8942617178,0.0720545053,-0.4417077303,0.0475641862,0.9660634995,0.2538875639,0.4450111091,-0.2480511963,0.8604854345,1,-280.5,499.9,1775.4,1,0.8942617178,0.0720545053,-0.4417077303,0.0475641862,0.9660634995,0.2538875639,0.4450111091,-0.2480511963,0.8604854345,1,-295.5,298.7,1827.0,1,0.8947888017,0.0536118522,-0.4432610869,0.0556914173,0.9716107845,0.2299365550,0.4430042207,-0.2304302901,0.8663997650,1,-306.4,101.3,1873.9,1,0.3645150065,-0.3459199667,-0.8645624518,0.9268437624,0.0451001525,0.3727288544,-0.0899424329,-0.9371795654,0.3370533586,1,-423.5,290.8,1763.7,1,-0.1166313738,-0.3459199071,-0.9309868813,0.9890301228,0.0451001450,-0.1406604052,0.0906448737,-0.9371794462,0.3368651271,1,-530.4,18.8,1790.1,1,0.1589352041,0.9422548413,0.2947806418,-0.9144474864,0.0279365703,0.4037393034,0.3721901178,-0.3337298036,0.8660826087,1,-167.6,306.7,1890.4,1,-0.0295698084,0.9422548413,0.3335890472,-0.9856824279,0.0279365573,-0.1662818491,-0.1659991741,-0.3337298036,0.9279379845,1,-119.1,27.8,2003.9,1,0.9899682999,0.0374762267,-0.1362289935,-0.0353905484,0.9992167950,0.0177007280,0.1367856413,-0.0127019398,0.9905192256,0,-401.2,-101.4,1879.2,1,0.9690759182,0.0028133092,-0.2467467934,-0.0034656811,0.9999915361,-0.0022096441,0.2467384785,0.0029964584,0.9690774679,0,-416.5,-507.6,1884.3,0,1.0000000000,0.0000000000,-0.0000000000,-0.0000000000,1.0000000000,0.0000000000,0.0000000000,-0.0000000000,1.0000000000,0,-233.4,-91.0,1962.2,1,1.0000000000,0.0000000253,-0.0000000330,-0.0000000253,1.0000000000,0.0000000156,0.0000000330,-0.0000000156,1.0000000000,0,-233.4,-497.5,1962.2,0,-497.0,-264.4,1764.1,1,-127.3,-246.8,1957.7,1,-417.6,-898.5,1883.1,0,-233.4,-888.3,1962.2,0,
3,0.8935508728,0.0676874071,-0.4438321590,0.0509924106,0.9668721557,0.2501158118,0.4460582435,-0.2461230457,0.8604968786,1,-280.2,500.1,1776.4,1,0.8935508728,0.0676874071,-0.4438321590,0.0509924106,0.9668721557,0.2501158118,0.4460582435,-0.2461230457,0.8604968786,1,-294.3,299.1,1827.6,1,0.8940517902,0.0500225574,-0.4451639056,0.0592421927,0.9718144536,0.2281817049,0.4440305829,-0.2303785235,0.8658879995,1,-304.4,101.6,1874.4,1,0.3646854460,-0.3446719944,-0.8649888635,0.9267750978,0.0446141213,0.3729576170,-0.0899573341,-0.9376623631,0.3357035816,1,-422.1,290.6,1764.1,1,-0.1131272167,-0.3451575339,-0.9317019582,0.9892032743,0.0487986058,-0.1381869167,0.0931620076,-0.9372752905,0.3359104991,1,-529.2,18.4,1790.5,1,0.1684144884,0.9268569946,0.3355186582,-0.9164162278,0.0218530223,0.3996295333,0.3630672991,-0.3747781515,0.8530671597,1,-166.4,307.6,1891.1,1,-0.0384183414,0.9268571138,0.3734437525,-0.9875419736,0.0218529999,-0.1558315605,-0.1525944471,-0.3747781515,0.9144705534,1,-115.1,28.6,2001.6,1,0.9935757518,0.0298501570,-0.1091610938,-0.0285145100,0.9994984269,0.0137765203,0.1095175743,-0.0105753411,0.9939286113,0,-398.4,-101.5,1879.6,1,0.9749267697,0.0025666640,-0.2225110084,-0.0030956059,0.9999931455,-0.0020284066,0.2225042731,0.0026663542,0.9749280810,0,-410.6,-507.8,1883.9,0,1.0000000000,0.0000000000,-0.0000000000,-0.0000000000,1.0000000000,0.0000000000,0.0000000000,-0.0000000000,1.0000000000,0,-230.7,-90.4,1962.9,1,1.0000000000,0.0000000228,-0.0000000297,-0.0000000228,1.0000000000,0.0000000140,0.0000000297,-0.0000000140,1.0000000000,0,-230.7,-496.9,1962.9,0,-496.9,-264.6,1763.9,1,-125.8,-245.1,1959.3,1,-411.6,-898.6,1882.9,0,-230.7,-887.7,1962.9,0,
4,0.8944813013,0.0717061013,-0.4413199127,0.0463854261,0.9668464661,0.2511097789,0.4446942806,-0.2450836003,0.8614990115,1,-279.9,499.6,1776.5,1,0.8944813013,0.0717061013,-0.4413199127,0.0463854261,0.9668464661,0.2511097789,0.4446942806,-0.2450836003,0.8614990115,1,-294.8,298.0,1827.5,1,0.8949777484,0.0536946692,-0.4428696930,0.0540621653,0.9723594785,0.2271435112,0.4428245425,-0.2272306681,0.8673362136,1,-305.7,100.4,1873.7,1,0.3647323847,-0.3682098687,-0.8552144766,0.9264802337,0.0520130992,0.3727318048,-0.0927611738,-0.9282866716,0.3601100445,1,-422.8,290.3,1764.2,1,-0.1196786910,-0.3682098687,-0.9220079184,0.9874760509,0.0520130917,-0.1489483863,0.1028007418,-0.9282866716,0.3573735952,1,-529.1,20.2,1791.3,1,0.1766838878,0.9199768901,0.3498936296,-0.9129462838,0.0203217417,0.4075735211,0.3678477108,-0.3914457560,0.8434799314,1,-166.8,305.8,1890.9,1,-0.0425314866,0.9199768305,0.3896586299,-0.9875835776,0.0203217380,-0.1557746381,-0.1512275785,-0.3914457858,0.9076896906,1,-113.3,29.0,2002.4,1,0.9958868623,0.0237917062,-0.0874257758,-0.0229365546,0.9996788502,0.0107731437,0.0876540169,-0.0087235859,0.9961127639,0,-400.6,-102.3,1878.4,1,0.9796745181,0.0023377081,-0.2005801946,-0.0027664932,0.9999944568,-0.0018574494,0.2005747408,0.0023745995,0.9796755314,0,-410.2,-508.7,1881.9,0,1.0000000000,0.0000000000,-0.0000000000,-0.0000000000,1.0000000000,0.0000000000,0.0000000000,-0.0000000000,1.0000000000,0,-232.7,-92.1,1961.4,1,1.0000000000,0.0000000205,-0.0000000267,-0.0000000205,1.0000000000,0.0000000126,0.0000000267,-0.0000000126,1.0000000000,0,-232.7,-498.6,1961.4,0,-494.8,-262.7,1761.8,1,-125.0,-244.0,1960.6,1,-411.2,-899.5,1881.0,0,-232.7,-889.5,1961.4,0,
5,0.8950624466,0.0788478479,-0.4389169812,0.0453876518,0.9630261660,0.2655567527,0.4436267614,-0.2576110661,0.8583887815,1,-279.1,497.5,1772.5,1,0.8950624466,0.0788478479,-0.4389169812,0.0453876518,0.9630261660,0.2655567527,0.4436267614,-0.2576110661,0.8583887815,1,-295.5,297.0,1826.1,1,0.8956647515,0.0581389442,-0.4409154356,0.0538865775,0.9699264169,0.2373580337,0.4414548576,-0.2363524288,0.8655949235,1,-307.3,99.9,1874.2,1,0.3662102222,-0.3851210475,-0.8470961452,0.9250822067,0.0522953942,0.3761491776,-0.1005637273,-0.9213832617,0.3754197061,1,-423.6,289.3,1763.0,1,-0.1257646680,-0.3851210177,-0.9142566323,0.9861050248,0.0522953793,-0.1576770097,0.1085361093,-0.9213832617,0.3731928766,1,-531.6,16.6,1792.6,1,0.1726062894,0.9237230420,0.3419694006,-0.9123687744,0.0190979540,0.4089236856,0.3712012470,-0.3825850189,0.8460723758,1,-167.4,304.7,1889.2,1,-0.0405415781,0.9237229228,0.3809099197,-0.9882729650,0.0190979466,-0.1514987051,-0.1472174078,-0.3825849593,0.9121161103,1,-114.9,27.1,2002.2,1,0.9187062979,0.0051979856,-0.3949069679,0.0292245131,0.9962773323,0.0811010748,0.3938584030,-0.0860490501,0.9151343703,1,-403.2,-102.3,1880.8,1,0.9175722003,-0.0466728769,-0.3948202431,0.0693927705,0.9966426492,0.0434544459,0.3914665580,-0.0672702640,0.9177301526,1,-405.3,-502.5,1915.3,1,1.0000000000,0.0000000000,-0.0000000000,-0.0000000000,1.0000000000,0.0000000000,0.0000000000,-0.0000000000,1.0000000000,0,-235.1,-92.2,1963.6,1,1.0000000000,0.0000000185,-0.0000000241,-0.0000000185,1.0000000000,0.0000000114,0.0000000241,-0.0000000114,1.0000000000,0,-235.1,-498.7,1963.6,0,-495.7,-264.3,1761.7,1,-126.1,-245.8,1961.5,1,-387.1,-890.3,1941.5,1,-235.1,-889.5,1963.6,0,
6,0.8961075544,0.0747686252,-0.4374958873,0.0440064371,0.9658841491,0.2552078366,0.4416514635,-0.2479461282,0.8622449040,1,-280.3,499.9,1775.5,1,0.8961075544,0.0747686252,-0.4374958873,0.0440064371,0.9658841491,0.2552078366,0.4416514635,-0.2479461282,0.8622449040,1,-295.9,298.8,1827.1,1,0.8966024518,0.0579871051,-0.4390254617,0.0512267575,0.9711530209,0.2328894585,0.4398650527,-0.2312989086,0.8677666783,1,-307.7,101.4,1874.1,1,0.3543438911,-0.3858712018,-0.8517886400,0.9310091734,0.0603096113,0.3599786460,-0.0875343382,-0.9205793142,0.3806199729,1,-424.1,291.5,1764.2,1,-0.1196291596,-0.3843159080,-0.9154179692,0.9877273440,0.0471865684,-0.1488889009,0.1004158035,-0.9219948649,0.3739545047,1,-529.8,13.8,1790.3,1,0.1638419628,0.9323006272,0.3224460185,-0.9145794511,0.0210491121,0.4038580656,0.3697298467,-0.3610714078,0.8561117649,1,-167.7,306.1,1890.0,1,-0.0398308672,0.9323005676,0.3594845533,-0.9862579107,0.0210490935,-0.1638668031,-0.1603399515,-0.3610714376,0.9186503887,1,-117.3,24.8,2003.7,1,0.9477017522,0.0013609696,-0.3191543818,0.0207839012,0.9976051450,0.0659701079,0.3184798360,-0.0691532642,0.9454038143,0,-403.6,-100.7,1879.9,1,0.9330524802,-0.0432887115,-0.3571261764,0.0617416911,0.9972730875,0.0404270962,0.3544023037,-0.0597701743,0.9331808686,0,-404.1,-506.3,1908.0,0,1.0000000000,0.0000000000,-0.0000000000,-0.0000000000,1.0000000000,0.0000000000,0.0000000000,-0.0000000000,1.0000000000,0,-235.3,-91.1,1962.4,1,1.0000000000,0.0000000166,-0.0000000216,-0.0000000166,1.0000000000,0.0000000102,0.0000000216,-0.0000000102,1.0000000000,0,-235.3,-497.6,1962.4,0,-496.0,-265.1,1762.0,1,-128.3,-247.3,1959.5,1,-387.2,-896.1,1931.3,0,-235.3,-888.5,1962.4,0,
7,0.8955731392,0.0799480230,-0.4376743436,0.0450778008,0.9623559713,0.2680279613,0.4426263869,-0.2597678304,0.8582551479,1,-278.8,499.9,1772.0,1,0.8955731392,0.0799480230,-0.4376743436,0.0450778008,0.9623559713,0.2680279613,0.4426263869,-0.2597678304,0.8582551479,1,-295.4,299.3,1826.1,1,0.8961911798,0.0586352125,-0.4397784173,0.0536938384,0.9696088433,0.2386956066,0.4404085875,-0.2375300825,0.8658055067,1,-307.4,102.3,1874.4,1,0.3501797020,-0.3855865598,-0.8536376953,0.9320383668,0.0527981669,0.3584924638,-0.0931593701,-0.9211598635,0.3778703213,1,-423.6,291.6,1763.1,1,-0.1162377670,-0.3848288059,-0.9156394601,0.9883571267,0.0463106371,-0.1449327022,0.0981781185,-0.9218254685,0.3749652803,1,-528.9,11.4,1791.2,1,0.1637683213,0.9341025949,0.3172259927,-0.9145072699,0.0231643915,0.4039058089,0.3699410856,-0.3562524319,0.8580372334,1,-167.3,307.0,1889.1,1,-0.0381415449,0.9341025352,0.3549613953,-0.9857058525,0.0231643841,-0.1668751985,-0.1641010195,-0.3562524021,0.9198668599,1,-116.9,25.8,2002.9,1,0.9192480445,0.0086839478,-0.3935831487,0.0197088681,0.9974879026,0.0680401921,0.3931852877,-0.0703028888,0.9167675972,1,-403.9,-99.9,1881.1,1,0.9185829163,-0.0354476050,-0.3936355114,0.0520043150,0.9981508851,0.0314712860,0.3917920291,-0.0493797325,0.9187276959,0,-407.4,-505.3,1909.7,1,1.0000000000,0.0000000000,-0.0000000000,-0.0000000000,1.0000000000,0.0000000000,0.0000000000,-0.0000000000,1.0000000000,0,-234.7,-89.7,1964.3,1,1.0000000000,0.0000000149,-0.0000000195,-0.0000000149,1.0000000000,0.0000000092,0.0000000195,-0.0000000092,1.0000000000,0,-234.7,-496.2,1964.3,0,-496.3,-265.4,1763.7,1,-127.5,-246.1,1957.6,1,-393.6,-895.5,1929.0,0,-234.7,-887.1,1964.3,0,
8,0.8961511850,0.0795458779,-0.4365630746,0.0481073596,0.9605883956,0.2737803161,0.4411350489,-0.2663502395,0.8570045829,1,-278.7,498.4,1770.2,1,0.8961511850,0.0795458779,-0.4365630746,0.0481073596,0.9605883956,0.2737803161,0.4411350489,-0.2663502395,0.8570045829,1,-295.2,298.5,1825.7,1,0.8967190385,0.0587223582,-0.4386895001,0.0560281537,0.9681255221,0.2441183180,0.4390412569,-0.2434842885,0.8648453951,1,-307.2,101.8,1875.1,1,0.3540314734,-0.3843592703,-0.8526017666,0.9305198193,0.0533512235,0.3623348475,-0.0937793851,-0.9216408134,0.3765419424,1,-423.5,290.5,1762.9,1,-0.1191359162,-0.3840039372,-0.9156132936,0.9874698520,0.0502939597,-0.1495786756,0.1034886092,-0.9219607115,0.3732005060,1,-529.9,10.7,1791.1,1,0.1642834991,0.9323467016,0.3220875263,-0.9135283828,0.0206243694,0.4062516987,0.3721245825,-0.3609765470,0.8551135659,1,-167.0,306.6,1888.4,1,-0.0415699035,0.9323468208,0.3591676056,-0.9856367707,0.0206243619,-0.1676150113,-0.1636829376,-0.3609765470,0.9180979729,1,-116.7,26.7,2002.4,1,0.9480556250,0.0046766545,-0.3180701733,0.0135872494,0.9983840585,0.0551782921,0.3178142309,-0.0566337928,0.9464601278,0,-403.5,-100.2,1883.3,1,0.9338772893,-0.0328407250,-0.3560824990,0.0462872200,0.9984982014,0.0293055139,0.3545853496,-0.0438498221,0.9339948893,0,-405.4,-506.1,1906.3,0,1.0000000000,0.0000000000,-0.0000000000,-0.0000000000,1.0000000000,0.0000000000,0.0000000000,-0.0000000000,1.0000000000,0,-234.7,-89.7,1966.0,1,1.0000000000,0.0000000135,-0.0000000175,-0.0000000135,1.0000000000,0.0000000083,0.0000000175,-0.0000000083,1.0000000000,0,-234.7,-496.2,1966.0,0,-496.7,-264.9,1762.2,1,-128.2,-245.1,1957.3,1,-392.6,-896.4,1923.5,0,-234.7,-887.1,1966.0,0,
9,0.8938337564,0.0796242505,-0.4412744343,0.0515991747,0.9593052268,0.2776165605,0.4454213977,-0.2709122300,0.8533496857,1,-278.1,497.1,1769.4,1,0.8938337564,0.0796242505,-0.4412744343,0.0515991747,0.9593052268,0.2776165605,0.4454213977,-0.2709122300,0.8533496857,1,-294.7,297.3,1825.8,1,0.8943161368,0.0587524474,-0.4435635805,0.0583167523,0.9675799608,0.2457400262,0.4436205924,-0.2456362396,0.8618950248,1,-306.7,100.6,1875.7,1,0.3445768654,-0.3817364573,-0.8576387167,0.9337039590,0.0446911156,0.3552458584,-0.0972814560,-0.9231901765,0.3718283772,1,-422.6,288.9,1762.4,1,-0.1138765737,-0.3822819889,-0.9170019627,0.9884449840,0.0493499935,-0.1433217674,0.1000433713,-0.9227269888,0.3722448945,1,-526.0,8.9,1791.5,1,0.1718628407,0.9210380316,0.3495024741,-0.9132809639,0.0159662962,0.4070171118,0.3692979813,-0.3891450763,0.8439105749,1,-166.8,305.6,1889.2,1,-0.0531693213,0.9210381508,0.3858262300,-0.9846504927,0.0159663074,-0.1738056690,-0.1662418544,-0.3891451359,0.9060518146,1,-114.3,26.4,2002.2,1,0.9156971574,0.0518235713,-0.3985135853,-0.0374601930,0.9983398914,0.0437509604,0.4001193345,-0.0251342300,0.9161183834,1,-402.8,-101.5,1883.9,1,0.9164423943,-0.0087607680,-0.4000702202,0.0135236783,0.9998672009,0.0090835821,0.3999375105,-0.0137350047,0.9164393544,0,-423.9,-507.3,1894.1,1,1.0000000000,0.0000000000,-0.0000000000,-0.0000000000,1.0000000000,0.0000000000,0.0000000000,-0.0000000000,1.0000000000,0,-234.4,-90.5,1967.4,1,1.0000000000,0.0000000121,-0.0000000158,-0.0000000121,1.0000000000,0.0000000074,0.0000000158,-0.0000000074,1.0000000000,0,-234.4,-497.0,1967.4,0,-494.2,-266.9,1763.6,1,-129.0,-245.2,1956.3,1,-420.4,-898.1,1899.5,0,-234.4,-887.9,1967.4,0,
10,0.8963687420,0.0805445537,-0.4359328747,0.0482583418,0.9597833753,0.2765624821,0.4406763315,-0.2689391077,0.8564319015,1,-278.9,496.7,1769.4,1,0.8963687420,0.0805445537,-0.4359328747,0.0482583418,0.9597833753,0.2765624821,0.4406763315,-0.2689391077,0.8564319015,1,-295.7,296.9,1825.4,1,0.8968981504,0.0592738502,-0.4382490516,0.0555572622,0.9680241346,0.2446274757,0.4387352169,-0.2437536120,0.8649249077,1,-307.7,100.1,1875.0,1,0.3344160616,-0.3879083693,-0.8588905931,0.9375686646,0.0445327461,0.3449373841,-0.0955553129,-0.9206215143,0.3785832226,1,-423.9,288.9,1762.7,1,-0.1170617193,-0.3874512315,-0.9144277573,0.9887746572,0.0406156518,-0.1437885314,0.0928511247,-0.9209951162,0.3783473670,1,-524.0,8.4,1791.3,1,0.1783444136,0.9145953059,0.3629169464,-0.9092715979,0.0122255683,0.4160237312,0.3760564625,-0.4041855633,0.8337958455,1,-167.4,304.8,1888.2,1,-0.0654093549,0.9145954251,0.3990451694,-0.9819068909,0.0122255646,-0.1889694482,-0.1777091175,-0.4041855633,0.8972477913,1,-112.9,26.8,2003.1,1,0.9169988632,0.0717034116,-0.3923921287,-0.0536724404,0.9969448447,0.0567462370,0.3952622116,-0.0309755951,0.9180458784,1,-403.2,-101.8,1883.7,1,0.9184120893,-0.0043780375,-0.3956008255,0.0067361863,0.9999668598,0.0045720404,0.3955676854,-0.0068638576,0.9184111953,0,-432.3,-507.1,1896.3,1,1.0000000000,0.0000000000,-0.0000000000,-0.0000000000,1.0000000000,0.0000000000,0.0000000000,-0.0000000000,1.0000000000,0,-236.4,-91.5,1965.3,1,1.0000000000,0.0000000109,-0.0000000142,-0.0000000109,1.0000000000,0.0000000067,0.0000000142,-0.0000000067,1.0000000000,0,-236.4,-498.0,1965.3,0,-491.4,-266.7,1765.4,1,-131.0,-243.9,1954.1,1,-430.6,-897.9,1899.0,0,-236.4,-888.8,1965.3,0,
11,0.8966606259,0.0828611255,-0.4348973036,0.0467743501,0.9591000080,0.2791760266,0.4402424097,-0.2706679106,0.8561103940,1,-279.0,496.3,1769.0,1,0.8966606259,0.0828611255,-0.4348973036,0.0467743501,0.9591000080,0.2791760266,0.4402424097,-0.2706679106,0.8561103940,1,-296.3,296.2,1825.4,1,0.8972847462,0.0606586784,-0.4372670949,0.0551520661,0.9673509598,0.2473668158,0.4379952252,-0.2460744232,0.8646427393,1,-308.6,99.6,1875.4,1,0.3339412212,-0.3870567381,-0.8594593406,0.9380383492,0.0469267294,0.3433395326,-0.0925602615,-0.9208610058,0.3787448108,1,-424.6,288.3,1762.8,1,-0.1261681020,-0.3850611448,-0.9142262340,0.9883030653,0.0307936557,-0.1493610442,0.0856654942,-0.9223771691,0.3766719699,1,-525.0,6.2,1790.6,1,0.1739735901,0.9225624800,0.3444003165,-0.9093550444,0.0162980556,0.4157015681,0.3778976798,-0.3855032623,0.8417722583,1,-168.0,304.1,1888.1,1,-0.0574008077,0.9225625396,0.3815541267,-0.9821927547,0.0162980519,-0.1871677637,-0.1788925529,-0.3855032921,0.9051987529,1,-114.8,26.3,2003.5,1,0.9172585607,0.0691926032,-0.3922357261,-0.0531272180,0.9972494841,0.0516803600,0.3947327733,-0.0265658647,0.9184117317,1,-404.8,-102.2,1884.5,1,0.9186028242,-0.0021883585,-0.3951761723,0.0033660391,0.9999917746,0.0022868596,0.3951679170,-0.0034308936,0.9186025262,0,-432.9,-507.6,1895.3,1,1.0000000000,0.0000000000,-0.0000000000,-0.0000000000,1.0000000000,0.0000000000,0.0000000000,-0.0000000000,1.0000000000,0,-237.0,-91.9,1966.4,1,1.0000000000,0.0000000098,-0.0000000128,-0.0000000098,1.0000000000,0.0000000060,0.0000000128,-0.0000000060,1.0000000000,0,-237.0,-498.4,1966.4,0,-490.2,-266.4,1767.0,1,-130.6,-244.5,1954.2,1,-432.1,-898.4,1896.7,0,-237.0,-889.2,1966.4,0,
12,0.8947665095,0.0813451335,-0.4390645921,0.0501903370,0.9587153792,0.2799030840,0.4437062740,-0.2724844515,0.8537426591,1,-278.6,496.9,1768.7,1,0.8947665095,0.0813451335,-0.4390645921,0.0501903370,0.9587153792,0.2799030840,0.4437062740,-0.2724844515,0.8537426591,1,-295.6,297.0,1825.5,1,0.8952426314,0.0611213520,-0.4413690865,0.0566256344,0.9669099450,0.2487545162,0.4419678748,-0.2476882339,0.8621568680,1,-308.0,100.4,1875.9,1,0.3364566863,-0.3823742270,-0.8605736494,0.9371564388,0.0463063195,0.3458230793,-0.0923838243,-0.9228466153,0.3739245236,1,-423.6,288.9,1762.3,1,-0.1185754165,-0.3813590407,-0.9167906642,0.9889525771,0.0373566970,-0.1434479803,0.0889534578,-0.9236718416,0.3727163970,1,-525.5,5.1,1790.3,1,0.1693170965,0.9227223396,0.3462877870,-0.9143059254,0.0158884227,0.4047125578,0.3679353595,-0.3851377368,0.8463406563,1,-167.6,305.1,1888.7,1,-0.0559719540,0.9227223992,0.3813799620,-0.9830378294,0.0158884190,-0.1827132106,-0.1746530682,-0.3851377368,0.9061817527,1,-115.4,23.5,2002.1,1,0.9152998328,0.0603323728,-0.3982289135,-0.0546265431,0.9981768727,0.0256704465,0.3990516663,-0.0017422885,0.9169268012,1,-404.8,-101.4,1884.6,1,0.9166932106,-0.0010939683,-0.3995901346,0.0016882012,0.9999978542,0.0011351550,0.3995880187,-0.0017151774,0.9166932106,0,-429.3,-507.2,1885.3,1,1.0000000000,0.0000000000,-0.0000000000,-0.0000000000,1.0000000000,0.0000000000,0.0000000000,-0.0000000000,1.0000000000,0,-236.1,-90.7,1967.9,1,1.0000000000,0.0000000088,-0.0000000115,-0.0000000088,1.0000000000,0.0000000054,0.0000000115,-0.0000000054,1.0000000000,0,-236.1,-497.2,1967.9,0,-493.0,-265.7,1766.0,1,-130.9,-247.6,1953.9,1,-428.9,-898.0,1886.0,0,-236.1,-888.1,1967.9,0,
13,0.8963027596,0.0817194656,-0.4358499646,0.0465998389,0.9600737095,0.2758388221,0.4409889877,-0.2675454319,0.8567074537,1,-279.8,496.9,1769.6,1,0.8963027596,0.0817194656,-0.4358499646,0.0465998389,0.9600737095,0.2758388221,0.4409889877,-0.2675454319,0.8567074537,1,-296.9,296.7,1825.4,1,0.8969688416,0.0590400957,-0.4381358624,0.0557239763,0.9680401087,0.2445266247,0.4385694563,-0.2437472343,0.8650107384,1,-308.9,99.9,1874.9,1,0.3359658420,-0.3876896501,-0.8583843708,0.9370680451,0.0456332490,0.3461518586,-0.0950286016,-0.9206597805,0.3786227703,1,-425.1,288.7,1762.7,1,-0.1203492954,-0.3871994615,-0.9141076207,0.9881781936,0.0413671806,-0.1476236433,0.0949738398,-0.9210676551,0.3776434958,1,-525.7,8.1,1791.2,1,0.1714392900,0.9213818312,0.3488038480,-0.9133260846,0.0158949047,0.4069185257,0.3693830669,-0.3883334696,0.8442471623,1,-168.6,304.6,1888.1,1,-0.0582173094,0.9213818312,0.3842737377,-0.9822462797,0.0158949085,-0.1869214773,-0.1783340424,-0.3883335292,0.9040985107,1,-116.0,24.4,2001.5,1,0.9161310196,0.0711593777,-0.3945128024,-0.0682407320,0.9974384308,0.0214432850,0.3950281143,0.0072769825,0.9186401963,1,-404.5,-102.0,1883.6,1,0.9182873368,-0.0005469014,-0.3959140182,0.0008416551,0.9999994040,0.0005707809,0.3959134817,-0.0008573640,0.9182873964,0,-433.4,-507.5,1880.7,1,1.0000000000,0.0000000000,-0.0000000000,-0.0000000000,1.0000000000,0.0000000000,0.0000000000,-0.0000000000,1.0000000000,0,-237.3,-91.6,1965.4,1,1.0000000000,0.0000000079,-0.0000000104,-0.0000000079,1.0000000000,0.0000000049,0.0000000104,-0.0000000049,1.0000000000,0,-237.3,-498.1,1965.4,0,-492.8,-262.5,1765.2,1,-132.1,-246.5,1952.3,1,-433.2,-898.3,1881.0,0,-237.3,-889.0,1965.4,0,
14,0.8978058696,0.0800232142,-0.4330619872,0.0481368452,0.9596288204,0.2771201134,0.4377543032,-0.2696460783,0.8577072024,1,-279.7,496.3,1769.1,1,0.8978058696,0.0800232142,-0.4330619872,0.0481368452,0.9596288204,0.2771201134,0.4377543032,-0.2696460783,0.8577072024,1,-296.4,296.1,1825.3,1,0.8984434605,0.0578143857,-0.4352685511,0.0570508130,0.9675207734,0.2462700009,0.4353687763,-0.2460919023,0.8659632206,1,-308.1,99.5,1875.3,1,0.3477776349,-0.3678030074,-0.8624220490,0.9327127934,0.0421447232,0.3581491113,-0.0953817666,-0.9289483428,0.3577115238,1,-424.9,288.0,1763.1,1,-0.1386731714,-0.3678030074,-0.9195057154,0.9853163362,0.0421447344,-0.1654561460,0.0996075869,-0.9289483428,0.3565579057,1,-528.9,9.0,1791.6,1,0.1777334213,0.9068398476,0.3821679950,-0.9153795838,0.0097936541,0.4024728537,0.3612355888,-0.4213616550,0.8318432570,1,-167.9,304.3,1887.6,1,-0.0698576644,0.9068398476,0.4156458080,-0.9824097157,0.0097936578,-0.1864811927,-0.1731792688,-0.4213616252,0.8902040720,1,-113.8,25.8,1997.5,1,0.9179900885,0.0630027503,-0.3915671408,-0.0597918183,0.9980023503,0.0204015970,0.3920702636,0.0046840473,0.9199233055,1,-404.7,-102.5,1884.2,1,0.9196425080,-0.0002734397,-0.3927563429,0.0004197662,0.9999998808,0.0002866795,0.3927561939,-0.0004285086,0.9196425080,0,-430.3,-508.2,1882.3,1,1.0000000000,0.0000000000,-0.0000000000,-0.0000000000,1.0000000000,0.0000000000,0.0000000000,-0.0000000000,1.0000000000,0,-235.1,-91.8,1966.4,1,1.0000000000,0.0000000071,-0.0000000093,-0.0000000071,1.0000000000,0.0000000044,0.0000000093,-0.0000000044,1.0000000000,0,-235.1,-498.3,1966.4,0,-490.9,-260.6,1764.3,1,-133.1,-245.1,1949.7,1,-430.2,-899.1,1882.5,0,-235.1,-889.1,1966.4,0,
15,0.8974493146,0.0788915753,-0.4340078533,0.0485761166,0.9602192044,0.2749901116,0.4384365976,-0.2678719163,0.8579146862,1,-279.2,495.2,1769.3,1,0.8974493146,0.0788915753,-0.4340078533,0.0485761166,0.9602192044,0.2749901116,0.4384365976,-0.2678719163,0.8579146862,1,-295.7,294.6,1825.2,1,0.8981555700,0.0568564981,-0.4359882474,0.0586052686,0.9672748446,0.2468702793,0.4357561469,-0.2472789437,0.8654300570,1,-307.2,98.0,1875.5,1,0.3529092371,-0.3791211843,-0.8554077148,0.9307250977,0.0484912694,0.3624907732,-0.0959481150,-0.9240757823,0.3699705601,1,-424.1,286.2,1762.9,1,-0.1372955590,-0.3791211843,-0.9151049852,0.9846251607,0.0484912544,-0.1678154171,0.1079969555,-0.9240756631,0.3666345775,1,-528.4,11.0,1791.3,1,0.1793426126,0.9054352045,0.3847382069,-0.9172316194,0.0124934465,0.3981583714,0.3556998372,-0.4243007898,0.8327344060,1,-167.2,302.9,1887.6,1,-0.0734348595,0.9054352045,0.4180844128,-0.9798853397,0.0124934539,-0.1991697401,-0.1855585873,-0.4243007898,0.8863052726,1,-112.8,24.3,1995.6,1,0.9096271396,0.1210162565,-0.3974086046,-0.1476386040,0.9883504510,-0.0369634852,0.3883057833,0.0922958404,0.9168969989,1,-403.3,-104.1,1884.8,1,0.9127412438,0.0894271061,-0.3986305296,-0.1177625507,0.9919233918,-0.0471160151,0.3911975026,0.0899484679,0.9159005880,1,-452.2,-503.6,1847.4,1,1.0000000000,0.0000000000,-0.0000000000,-0.0000000000,1.0000000000,0.0000000000,0.0000000000,-0.0000000000,1.0000000000,0,-234.2,-93.1,1966.8,1,1.0000000000,0.0000000064,-0.0000000084,-0.0000000064,1.0000000000,0.0000000040,0.0000000084,-0.0000000040,1.0000000000,0,-234.2,-499.6,1966.8,0,-490.8,-258.7,1761.7,1,-133.0,-245.8,1944.4,1,-486.9,-888.2,1812.6,1,-234.2,-890.5,1966.8,0,
16,0.8984369040,0.0796280503,-0.4318246543,0.0508337691,0.9579468369,0.2824072838,0.4361521304,-0.2756761611,0.8566057682,1,-280.1,495.9,1765.9,1,0.8984369040,0.0796280503,-0.4318246543,0.0508337691,0.9579468369,0.2824072838,0.4361521304,-0.2756761611,0.8566057682,1,-296.7,295.9,1823.4,1,0.8991542459,0.0557747036,-0.4340654016,0.0610282309,0.9661741853,0.2505656779,0.4333575070,-0.2517872453,0.8653345704,1,-308.1,99.6,1874.6,1,0.3464430273,-0.4062499404,-0.8455402851,0.9326787591,0.0526656434,0.3568425179,-0.1004363075,-0.9122430682,0.3971463740,1,-425.3,287.2,1761.5,1,-0.1359796226,-0.4062499106,-0.9035876393,0.9837371111,0.0526656322,-0.1717195064,0.1173490435,-0.9122430682,0.3924816847,1,-527.7,11.5,1791.2,1,0.1821385175,0.9115778208,0.3685801923,-0.9126763940,0.0172618330,0.4083182812,0.3658515513,-0.4107649326,0.8351196647,1,-168.2,304.6,1885.4,1,-0.0776694492,0.9115779400,0.4037242532,-0.9738962650,0.0172618106,-0.2263363600,-0.2132922113,-0.4107649624,0.8864415884,1,-112.2,24.2,1997.8,1,0.9418332577,0.1001266390,-0.3208188415,-0.1172615886,0.9925019741,-0.0344897807,0.3149600029,0.0701033548,0.9465124011,0,-403.9,-102.6,1885.1,1,0.9291156530,0.0822717324,-0.3605211973,-0.1052899137,0.9934390187,-0.0446424857,0.3544830084,0.0794372708,0.9316821098,0,-444.6,-506.0,1856.6,0,1.0000000000,0.0000000000,-0.0000000000,-0.0000000000,1.0000000000,0.0000000000,0.0000000000,-0.0000000000,1.0000000000,0,-234.9,-91.1,1966.5,1,1.0000000000,0.0000000058,-0.0000000075,-0.0000000058,1.0000000000,0.0000000036,0.0000000075,-0.0000000036,1.0000000000,0,-234.9,-497.6,1966.5,0,-490.5,-257.5,1759.1,1,-133.6,-244.3,1939.0,1,-476.7,-894.3,1825.5,0,-234.9,-888.4,1966.5,0,
17,0.9017732739,0.0831840858,-0.4241312146,0.0485858545,0.9555748701,0.2907168865,0.4294716418,-0.2827672958,0.8576691151,1,-280.0,495.6,1763.2,1,0.9017732739,0.0831840858,-0.4241312146,0.0485858545,0.9555748701,0.2907168865,0.4294716418,-0.2827672958,0.8576691151,1,-297.3,296.2,1822.2,1,0.9024354219,0.0597699732,-0.4266612232,0.0574806333,0.9647722840,0.2567305863,0.4269751906,-0.2562073469,0.8672078848,1,-309.5,100.1,1874.3,1,0.3480173349,-0.4085659683,-0.8437759876,0.9322476387,0.0557886809,0.3574941754,-0.0989867896,-0.9110223055,0.4003000557,1,-426.4,288.0,1761.1,1,-0.1462281942,-0.4085659683,-0.9009391069,0.9812365174,0.0557886809,-0.1845605373,0.1256673485,-0.9110223055,0.3927419484,1,-529.9,10.8,1790.6,1,0.1837115735,0.9095729589,0.3727293313,-0.9130663276,0.0174554586,0.4074373245,0.3640877903,-0.4151775539,0.8337072134,1,-168.3,304.4,1883.3,1,-0.0806683972,0.9095729589,0.4076391757,-0.9726933837,0.0174554735,-0.2314366698,-0.2176240534,-0.4151775539,0.8833274841,1,-111.9,24.2,1995.0,1,0.9151485562,0.1102838144,-0.3877379000,-0.1257644594,0.9919513464,-0.0146928681,0.3829967380,0.0622098036,0.9216525555,1,-405.7,-101.3,1886.6,1,0.9184249043,0.0673655942,-0.3898173571,-0.0874845907,0.9955831766,-0.0340671614,0.3858006597,0.0653911456,0.9202618599,0,-450.5,-504.5,1861.3,1,1.0000000000,0.0000000000,-0.0000000000,-0.0000000000,1.0000000000,0.0000000000,0.0000000000,-0.0000000000,1.0000000000,0,-237.6,-90.6,1966.1,1,1.0000000000,0.0000000052,-0.0000000068,-0.0000000052,1.0000000000,0.0000000032,0.0000000068,-0.0000000032,1.0000000000,0,-237.6,-497.1,1966.1,0,-490.0,-256.6,1756.3,1,-134.1,-244.0,1935.0,1,-476.8,-893.7,1835.7,0,-237.6,-888.0,1966.1,0,
18,0.9035238028,0.0882923827,-0.4193459153,0.0476643071,0.9517690539,0.3030906916,0.4258805513,-0.2938373089,0.8557364941,1,-280.4,494.6,1758.8,1,0.9035238028,0.0882923827,-0.4193459153,0.0476643071,0.9517690539,0.3030906916,0.4258805513,-0.2938373089,0.8557364941,1,-298.9,295.7,1820.3,1,0.9041984677,0.0627923235,-0.4224738181,0.0562144816,0.9630342126,0.2634487748,0.4233987629,-0.2619589567,0.8672430515,1,-311.7,99.9,1873.5,1,0.3329520822,-0.4091437757,-0.8495553732,0.9378597736,0.0502576977,0.3433557749,-0.0977851823,-0.9110848904,0.4004528821,1,-428.2,287.6,1759.7,1,-0.1588826478,-0.4091437757,-0.8985309005,0.9793050885,0.0502577014,-0.1960502714,0.1253708303,-0.9110848308,0.3926914930,1,-528.9,3.9,1789.3,1,0.1879889369,0.9070456028,0.3767339289,-0.9107114077,0.0173459202,0.4126788378,0.3677837253,-0.4206749499,0.8293176293,1,-169.6,303.7,1880.8,1,-0.0886987820,0.9070456028,0.4115833044,-0.9688548446,0.0173459202,-0.2470211536,-0.2311987430,-0.4206749797,0.8772569299,1,-111.9,24.2,1993.7,1,0.9195445180,0.0898285583,-0.3825813830,-0.0928938985,0.9956206083,0.0104947286,0.3818486333,0.0258891042,0.9238621593,1,-408.3,-101.0,1887.5,1,0.9223346710,0.0335947275,-0.3849289417,-0.0435533375,0.9989034534,-0.0171794295,0.3839296997,0.0326101221,0.9227863550,0,-444.8,-505.7,1876.9,1,1.0000000000,0.0000000000,-0.0000000000,-0.0000000000,1.0000000000,0.0000000000,0.0000000000,-0.0000000000,1.0000000000,0,-240.6,-90.6,1966.0,1,1.0000000000,0.0000000047,-0.0000000061,-0.0000000047,1.0000000000,0.0000000029,0.0000000061,-0.0000000029,1.0000000000,0,-240.6,-497.1,1966.0,0,-485.6,-263.0,1755.1,1,-136.4,-242.9,1929.9,1,-457.9,-896.1,1864.2,0,-240.6,-887.9,1966.0,0,
19,0.9062252641,0.0862862021,-0.4138987958,0.0483858548,0.9513559937,0.3042710721,0.4200189412,-0.2957648039,0.8579666018,1,-281.5,493.7,1756.7,1,0.9062252641,0.0862862021,-0.4138987958,0.0483858548,0.9513559937,0.3042710721,0.4200189412,-0.2957648039,0.8579666018,1,-299.4,295.3,1818.4,1,0.9066802859,0.0649464801,-0.4167908728,0.0541421585,0.9619851708,0.2676814795,0.4183310866,-0.2652673125,0.8686954975,1,-312.6,99.8,1872.3,1,0.3387483954,-0.4281627834,-0.8378103971,0.9352257848,0.0557786077,0.3496303558,-0.1029668152,-0.9019786119,0.4193238318,1,-429.1,287.6,1758.5,1,-0.1652795523,-0.4281627834,-0.8884589076,0.9764251709,0.0557785928,-0.2085245103,0.1388394237,-0.9019784927,0.4088499248,1,-531.5,4.9,1789.6,1,0.1820543855,0.9209582210,0.3445174694,-0.9089899659,0.0240218192,0.4161254168,0.3749582171,-0.3889203668,0.8415148854,1,-169.8,303.0,1878.2,1,-0.0777483210,0.9209581614,0.3818262219,-0.9667001963,0.0240218267,-0.2547818720,-0.2438156307,-0.3889203370,0.8884226680,1,-114.2,25.2,1992.8,1,0.9229806066,0.0669528991,-0.3789778352,-0.0736558363,0.9972786903,-0.0031986283,0.3777323663,0.0308662020,0.9254001975,1,-410.2,-100.8,1887.2,1,0.9251050353,0.0167614501,-0.3793410957,-0.0216799453,0.9997271895,-0.0086975871,0.3790918291,0.0162702762,0.9252159595,0,-437.5,-506.2,1874.7,1,1.0000000000,0.0000000000,-0.0000000000,-0.0000000000,1.0000000000,0.0000000000,0.0000000000,-0.0000000000,1.0000000000,0,-241.4,-90.7,1965.1,1,1.0000000000,0.0000000042,-0.0000000055,-0.0000000042,1.0000000000,0.0000000026,0.0000000055,-0.0000000026,1.0000000000,0,-241.4,-497.2,1965.1,0,-486.5,-260.6,1751.9,1,-135.6,-241.3,1925.5,1,-444.0,-896.9,1868.3,0,-241.4,-888.1,1965.1,0,
20,0.9045556784,0.0867136344,-0.4174464345,0.0497890003,0.9509168267,0.3054150939,0.4234400094,-0.2970489860,0.8558387756,1,-281.6,495.5,1755.6,1,0.9045556784,0.0867136344,-0.4174464345,0.0497890003,0.9509168267,0.3054150939,0.4234400094,-0.2970489860,0.8558387756,1,-299.7,297.0,1817.6,1,0.9049848318,0.0648519024,-0.4204742312,0.0552046299,0.9620586038,0.2671999931,0.4218487740,-0.2650238574,0.8670671582,1,-312.9,101.5,1871.4,1,0.3341786861,-0.4270879924,-0.8401907086,0.9367074370,0.0517336726,0.3462699354,-0.1044215783,-0.9027289152,0.4173447490,1,-429.1,289.2,1757.3,1,-0.1720514596,-0.4270880520,-0.8876904249,0.9754725099,0.0517336726,-0.2139556110,0.1373013407,-0.9027289748,0.4077118039,1,-531.7,1.5,1789.3,1,0.1860580891,0.9139668941,0.3606202602,-0.9126594663,0.0248223096,0.4079663754,0.3639162779,-0.4050289392,0.8387590051,1,-170.3,304.9,1877.9,1,-0.0832648203,0.9139669538,0.3971543610,-0.9654169679,0.0248223171,-0.2595264316,-0.2470568269,-0.4050289989,0.8802923560,1,-112.9,23.5,1990.1,1,0.9225957394,0.0534307808,-0.3820501268,-0.0557590760,0.9984318614,0.0049833972,0.3817172647,0.0167051014,0.9241281748,1,-410.8,-99.2,1885.8,1,0.9239048958,0.0083700726,-0.3825304508,-0.0108414274,0.9999319315,-0.0043053972,0.3824683726,0.0081249541,0.9239327908,0,-432.5,-505.0,1879.0,1,1.0000000000,0.0000000000,-0.0000000000,-0.0000000000,1.0000000000,0.0000000000,0.0000000000,-0.0000000000,1.0000000000,0,-241.3,-88.9,1964.8,1,1.0000000000,0.0000000038,-0.0000000050,-0.0000000038,1.0000000000,0.0000000023,0.0000000050,-0.0000000023,1.0000000000,0,-241.3,-495.3,1964.8,0,-484.8,-264.7,1751.9,1,-135.9,-242.7,1922.0,1,-435.8,-895.9,1875.9,0,-241.3,-886.2,1964.8,0,
21,0.9050920010,0.0920795277,-0.4151284397,0.0445977002,0.9503315091,0.3080279827,0.4228721857,-0.2973072827,0.8560298085,1,-281.3,494.6,1754.5,1,0.9050920010,0.0920795277,-0.4151284397,0.0445977002,0.9503315091,0.3080279827,0.4228721857,-0.2973072827,0.8560298085,1,-300.6,295.7,1816.8,1,0.9056842923,0.0674390197,-0.4185568094,0.0516989306,0.9623308182,0.2669209838,0.4207904637,-0.2633848786,0.8680801988,1,-314.3,100.1,1870.3,1,0.3396462798,-0.4336439371,-0.8346217871,0.9344326854,0.0545058921,0.3519443572,-0.1071267053,-0.8994344473,0.4237236977,1,-430.1,288.3,1756.6,1,-0.1792042255,-0.4336438775,-0.8830849528,0.9730133414,0.0545058846,-0.2242188454,0.1453644335,-0.8994344473,0.4121736288,1,-533.4,4.2,1789.2,1,0.1894658059,0.9108395576,0.3667073846,-0.9131551981,0.0261801928,0.4067705572,0.3609021306,-0.4119298458,0.8366980553,1,-171.1,303.1,1876.9,1,-0.0847646892,0.9108394980,0.4039635360,-0.9648518562,0.0261801854,-0.2614872456,-0.2487487197,-0.4119298458,0.8766059279,1,-112.7,21.8,1988.1,1,0.9235490561,0.0485639498,-0.3803927302,-0.0470405966,0.9988043308,0.0133061958,0.3805841208,0.0056049777,0.9247292876,1,-411.9,-100.3,1884.9,1,0.9245248437,0.0041822037,-0.3810987771,-0.0054137828,0.9999829531,-0.0021596604,0.3810832500,0.0040598456,0.9245318174,0,-431.6,-506.3,1882.6,1,1.0000000000,0.0000000000,-0.0000000000,-0.0000000000,1.0000000000,0.0000000000,0.0000000000,-0.0000000000,1.0000000000,0,-244.2,-90.7,1962.8,1,1.0000000000,0.0000000034,-0.0000000045,-0.0000000034,1.0000000000,0.0000000021,0.0000000045,-0.0000000021,1.0000000000,0,-244.2,-497.2,1962.8,0,-484.4,-261.7,1749.4,1,-136.1,-244.2,1919.5,1,-433.2,-897.1,1881.0,0,-244.2,-888.1,1962.8,0,
22,0.9058241844,0.0957815573,-0.4126866758,0.0406131633,0.9499895573,0.3096294999,0.4217042923,-0.2972301841,0.8566324711,1,-281.6,493.7,1753.5,1,0.9058241844,0.0957815573,-0.4126866758,0.0406131633,0.9499895573,0.3096294999,0.4217042923,-0.2972301841,0.8566324711,1,-301.6,295.0,1815.7,1,0.9065091014,0.0708514377,-0.4162009060,0.0484712124,0.9618331194,0.2693096101,0.4193962514,-0.2643051744,0.8684750795,1,-316.0,99.6,1869.4,1,0.3312541544,-0.4244391322,-0.8426874876,0.9374145269,0.0464270562,0.3451066017,-0.1073532403,-0.9042655230,0.4132545590,1,-431.3,288.1,1755.7,1,-0.1827907860,-0.4244390726,-0.8868139386,0.9737290740,0.0464270487,-0.2229263186,0.1357907951,-0.9042654037,0.4048022628,1,-532.7,1.1,1788.6,1,0.1844100356,0.9238770008,0.3353271186,-0.9102820754,0.0318829119,0.4127590060,0.3706473112,-0.3813591599,0.8468682766,1,-172.0,302.0,1875.7,1,-0.0725692958,0.9238771200,0.3757460117,-0.9638463259,0.0318829268,-0.2645445466,-0.2563864887,-0.3813592494,0.8881617785,1,-115.9,24.8,1988.5,1,0.9508430362,0.0390917286,-0.3071959317,-0.0381122380,0.9992312193,0.0091893217,0.3073190153,0.0029703237,0.9516019225,0,-414.9,-100.4,1884.0,1,0.9387166500,0.0038393473,-0.3446684182,-0.0048393495,0.9999862313,-0.0020410442,0.3446558416,0.0035839337,0.9387222528,0,-430.8,-506.6,1882.8,0,1.0000000000,0.0000000000,-0.0000000000,-0.0000000000,1.0000000000,0.0000000000,0.0000000000,-0.0000000000,1.0000000000,0,-246.0,-91.4,1962.2,1,1.0000000000,0.0000000031,-0.0000000040,-0.0000000031,1.0000000000,0.0000000019,0.0000000040,-0.0000000019,1.0000000000,0,-246.0,-497.9,1962.2,0,-482.5,-266.1,1751.3,1,-135.9,-240.9,1917.8,1,-432.3,-897.5,1881.4,0,-246.0,-888.8,1962.2,0,
23,0.9073708057,0.0909903720,-0.4103668034,0.0424693339,0.9514470100,0.3048688471,0.4181818068,-0.2940568626,0.8594498634,1,-282.2,495.7,1753.5,1,0.9073708057,0.0909903720,-0.4103668034,0.0424693339,0.9514470100,0.3048688471,0.4181818068,-0.2940568626,0.8594498634,1,-301.2,296.9,1815.0,1,0.9076862335,0.0704716891,-0.4136922956,0.0462096892,0.9630199671,0.2654378712,0.4170992374,-0.2600507140,0.8708624244,1,-315.6,101.1,1867.8,1,0.3264093697,-0.4274995327,-0.8430309892,0.9395438433,0.0490698144,0.3388946056,-0.1035098881,-0.9026829004,0.4176713824,1,-431.0,290.3,1755.3,1,-0.1821127236,-0.4274995327,-0.8854824901,0.9733806252,0.0490697920,-0.2238805294,0.1391592473,-0.9026829600,0.4071834385,1,-531.8,0.1,1787.3,1,0.1744198203,0.9364355803,0.3044111729,-0.9108332396,0.0359794497,0.4112034738,0.3741130233,-0.3489898443,0.8592121601,1,-171.4,303.5,1874.6,1,-0.0621023178,0.9364356399,0.3452995121,-0.9620208144,0.0359794348,-0.2705945373,-0.2658179998,-0.3489898741,0.8986361623,1,-118.7,27.9,1987.8,1,0.9256716967,0.0417301059,-0.3760192394,-0.0372007079,0.9991213679,0.0193016659,0.3764943182,-0.0038788242,0.9264107943,1,-415.1,-98.9,1881.5,1,0.9263203144,0.0022618670,-0.3767299652,-0.0021451148,0.9999974370,0.0007294285,0.3767306507,0.0001324446,0.9263228178,0,-432.1,-505.1,1883.1,1,1.0000000000,0.0000000000,-0.0000000000,-0.0000000000,1.0000000000,0.0000000000,0.0000000000,-0.0000000000,1.0000000000,0,-244.6,-90.2,1959.8,1,1.0000000000,0.0000000028,-0.0000000036,-0.0000000028,1.0000000000,0.0000000017,0.0000000036,-0.0000000017,1.0000000000,0,-244.6,-496.7,1959.8,0,-481.5,-268.8,1748.8,1,-135.8,-237.3,1914.5,1,-433.0,-895.9,1883.0,0,-244.6,-887.6,1959.8,0,
