1,0.9759465456,-0.0044783200,-0.2179157138,0.0712305084,0.9514445066,0.2994349897,0.2059959173,-0.3077454269,0.9289076328,1,-72.2,566.7,2442.5,1,0.9759465456,-0.0044783200,-0.2179157138,0.0712305084,0.9514445066,0.2994349897,0.2059959173,-0.3077454269,0.9289076328,1,-71.3,381.5,2502.4,1,0.9759690166,0.0011973589,-0.2178579271,0.0581443273,0.9622784257,0.2657438517,0.2099606544,-0.2720159590,0.9391145706,1,-71.6,207.1,2551.7,1,0.2829587758,-0.6074008942,-0.7422927618,0.8886838555,-0.1250961572,0.4411257505,-0.3607980907,-0.7844840288,0.5043902993,1,-196.2,374.1,2475.5,1,-0.2526040077,-0.6074008346,-0.7531636357,0.9666823149,-0.1250961572,-0.2233303040,0.0414331481,-0.7844840884,0.6187633276,1,-272.9,133.3,2573.3,1,0.2454551160,0.2885374427,0.9254717827,-0.9535265565,-0.1002373844,0.2841472030,0.1747539639,-0.9522072673,0.2505243123,1,53.5,389.0,2529.2,1,-0.2504061460,0.2872833610,0.9245350361,-0.9677595496,-0.1010759473,-0.2307056785,0.0271703489,-0.9524977207,0.3033312559,1,121.8,123.8,2577.8,1,1.0000000000,0.0000000000,-0.0000000000,-0.0000000000,1.0000000000,-0.0000000000,0.0000000000,0.0000000000,1.0000000000,0,-154.3,27.7,2583.2,1,1.0000000000,0.0000002155,-0.0000001237,-0.0000002155,1.0000000000,-0.0000000892,0.0000001237,0.0000000892,1.0000000000,0,-154.3,-334.9,2583.2,0,1.0000000000,0.0000000000,0.0000000000,-0.0000000000,1.0000000000,-0.0000000000,-0.0000000000,0.0000000000,1.0000000000,0,10.7,37.6,2618.7,1,1.0000000000,-0.0000000135,0.0000000098,0.0000000135,1.0000000000,-0.0000000200,-0.0000000098,0.0000000200,1.0000000000,0,10.7,-325.1,2618.7,0,-207.0,-118.8,2562.5,1,61.0,-111.2,2584.4,1,-154.3,-683.6,2583.2,0,10.7,-673.8,2618.7,0,
2,0.9741886258,-0.0099841170,-0.2254675478,0.0788611770,0.9511043429,0.2986017466,0.2114643753,-0.3086658418,0.9273722768,1,-74.6,571.2,2442.4,1,0.9741886258,-0.0099841170,-0.2254675478,0.0788611770,0.9511043429,0.2986017466,0.2114643753,-0.3086658418,0.9273722768,1,-72.6,386.2,2502.5,1,0.9742807746,-0.0010276973,-0.2252882421,0.0628670752,0.9615036845,0.2674671412,0.2163433582,-0.2747424245,0.9368695021,1,-72.4,211.8,2552.3,1,0.2851126790,-0.5886852145,-0.7564130425,0.8905054927,-0.1292328238,0.4362325072,-0.3545569479,-0.7979653478,0.4873815775,1,-197.3,378.1,2474.8,1,-0.2575653195,-0.5886852145,-0.7662309408,0.9656757712,-0.1292328089,-0.2253200263,0.0336203873,-0.7979652286,0.6017649770,1,-274.8,136.1,2571.1,1,0.2476574779,0.2918248475,0.9238528013,-0.9548212290,-0.0881539211,0.2838050723,0.1642626226,-0.9524007440,0.2568085790,1,52.0,394.2,2530.2,1,-0.2429617345,0.2884630859,0.9261525869,-0.9697725773,-0.0944762006,-0.2249788046,0.0226012990,-0.9528185725,0.3026976585,1,120.5,130.1,2575.6,1,1.0000000000,0.0000000000,-0.0000000000,-0.0000000000,1.0000000000,-0.0000000000,0.0000000000,0.0000000000,1.0000000000,0,-154.6,32.2,2583.8,1,1.0000000000,0.0000001939,-0.0000001113,-0.0000001939,1.0000000000,-0.0000000803,0.0000001113,0.0000000803,1.0000000000,0,-154.6,-330.4,2583.8,0,1.0000000000,0.0000000000,0.0000000000,-0.0000000000,1.0000000000,-0.0000000000,-0.0000000000,0.0000000000,1.0000000000,0,10.1,42.8,2620.4,1,1.0000000000,-0.0000000121,0.0000000088,0.0000000121,1.0000000000,-0.0000000180,-0.0000000088,0.0000000180,1.0000000000,0,10.1,-319.8,2620.4,0,-207.6,-115.7,2562.4,1,61.5,-105.4,2581.1,1,-154.6,-679.1,2583.8,0,10.1,-668.5,2620.4,0,
3,0.9723854065,-0.0071261404,-0.2332261056,0.0847137123,0.9421130419,0.3243893087,0.2174164206,-0.3351802826,0.9167307615,1,-73.2,575.1,2433.9,1,0.9723854065,-0.0071261404,-0.2332261056,0.0847137123,0.9421130419,0.3243893087,0.2174164206,-0.3351802826,0.9167307615,1,-71.8,391.4,2499.2,1,0.9724411368,0.0006596288,-0.2331019342,0.0683836713,0.9551870227,0.2879612446,0.2228489220,-0.2959575355,0.9288486838,1,-71.9,218.3,2552.9,1,0.2832631767,-0.5928971171,-0.7538136244,0.8877649903,-0.1352513582,0.4399777651,-0.3628158867,-0.7938388586,0.4880415499,1,-196.2,382.7,2470.7,1,-0.2656873465,-0.5928971171,-0.7601863146,0.9634494185,-0.1352513731,-0.2312408686,0.0342858061,-0.7938388586,0.6071609259,1,-273.9,139.4,2570.1,1,0.2413422465,0.2933363318,0.9250447750,-0.9573106170,-0.0843057856,0.2764941156,0.1590923816,-0.9522849321,0.2604674101,1,52.6,400.2,2527.7,1,-0.2374113798,0.2881356776,0.9276927114,-0.9710291028,-0.0971014872,-0.2183428109,0.0271679740,-0.9526537061,0.3028412163,1,119.6,134.6,2571.9,1,1.0000000000,0.0000000000,-0.0000000000,-0.0000000000,1.0000000000,-0.0000000000,0.0000000000,0.0000000000,1.0000000000,0,-154.2,39.4,2587.7,1,1.0000000000,0.0000001745,-0.0000001002,-0.0000001745,1.0000000000,-0.0000000722,0.0000001002,0.0000000722,1.0000000000,0,-154.2,-323.3,2587.7,0,1.0000000000,0.0000000000,0.0000000000,-0.0000000000,1.0000000000,-0.0000000000,-0.0000000000,0.0000000000,1.0000000000,0,10.2,50.9,2625.4,1,1.0000000000,-0.0000000109,0.0000000079,0.0000000109,1.0000000000,-0.0000000162,-0.0000000079,0.0000000162,1.0000000000,0,10.2,-311.7,2625.4,0,-204.6,-111.8,2561.2,1,61.9,-101.2,2578.5,1,-154.2,-671.9,2587.7,0,10.2,-660.4,2625.4,0,
4,0.9703385234,-0.0072809602,-0.2415962964,0.0904463604,0.9378637671,0.3349817395,0.2241484076,-0.3468889296,0.9107340574,1,-73.0,578.0,2430.1,1,0.9703385234,-0.0072809602,-0.2415962964,0.0904463604,0.9378637671,0.3349817395,0.2241484076,-0.3468889296,0.9107340574,1,-71.6,395.4,2497.7,1,0.9703972340,0.0008445930,-0.2414688766,0.0732244104,0.9518747926,0.2975781858,0.2301027924,-0.3064426184,0.9236655831,1,-71.7,222.8,2553.2,1,0.2818486094,-0.6023181081,-0.7468428612,0.8883842230,-0.1301841438,0.4402561486,-0.3624013364,-0.7875690460,0.4983977377,1,-195.7,386.0,2468.2,1,-0.2473670393,-0.6023181677,-0.7589614391,0.9684849977,-0.1301841438,-0.2123414874,0.0290923864,-0.7875690460,0.6155393720,1,-271.2,148.3,2565.2,1,0.2332760841,0.2980313301,0.9256131053,-0.9600902200,-0.0804533586,0.2678696513,0.1543022394,-0.9511597157,0.2673690915,1,52.6,404.8,2527.1,1,-0.2277087271,0.2904452980,0.9294031262,-0.9730716944,-0.1029476970,-0.2062358260,0.0357796922,-0.9513375759,0.3060661852,1,117.5,137.7,2570.1,1,1.0000000000,0.0000000000,-0.0000000000,-0.0000000000,1.0000000000,-0.0000000000,0.0000000000,0.0000000000,1.0000000000,0,-153.9,44.1,2589.3,1,1.0000000000,0.0000001571,-0.0000000902,-0.0000001571,1.0000000000,-0.0000000650,0.0000000902,0.0000000650,1.0000000000,0,-153.9,-318.5,2589.3,0,1.0000000000,0.0000000000,0.0000000000,-0.0000000000,1.0000000000,-0.0000000000,-0.0000000000,0.0000000000,1.0000000000,0,10.2,56.5,2628.2,1,1.0000000000,-0.0000000098,0.0000000071,0.0000000098,1.0000000000,-0.0000000146,-0.0000000071,0.0000000146,1.0000000000,0,10.2,-306.2,2628.2,0,-206.7,-104.3,2557.6,1,62.2,-98.6,2578.7,1,-153.9,-667.2,2589.3,0,10.2,-654.8,2628.2,0,
5,0.9692168236,-0.0143904397,-0.2457448095,0.0964367539,0.9406909347,0.3252417445,0.2264927328,-0.3389200568,0.9131512642,1,-74.0,581.9,2433.8,1,0.9692168236,-0.0143904397,-0.2457448095,0.0964367539,0.9406909347,0.3252417445,0.2264927328,-0.3389200568,0.9131512642,1,-71.2,398.2,2500.0,1,0.9693923593,-0.0098375846,-0.2452764958,0.0827124789,0.9538531303,0.2886227369,0.2311219275,-0.3000679612,0.9255021811,1,-69.4,225.3,2554.3,1,0.2846191227,-0.6014566422,-0.7464863062,0.8922574520,-0.1185219884,0.4356937706,-0.3505259454,-0.7900646925,0.5029206276,1,-195.3,387.7,2470.4,1,-0.2400496751,-0.6014566422,-0.7619882226,0.9700467587,-0.1185220033,-0.2120420635,0.0372217447,-0.7900648713,0.6118922234,1,-270.4,152.2,2562.9,1,0.2293340117,0.2994742692,0.9261323810,-0.9626216888,-0.0710838661,0.2613554001,0.1441022754,-0.9514527917,0.2719784677,1,52.8,408.8,2529.5,1,-0.2299982905,0.2898269296,0.9290323257,-0.9725680947,-0.1026032716,-0.2087675184,0.0348153077,-0.9515634179,0.3054749966,1,116.5,141.3,2569.6,1,1.0000000000,0.0000000000,-0.0000000000,-0.0000000000,1.0000000000,-0.0000000000,0.0000000000,0.0000000000,1.0000000000,0,-149.6,45.4,2589.2,1,1.0000000000,0.0000001414,-0.0000000811,-0.0000001414,1.0000000000,-0.0000000585,0.0000000811,0.0000000585,1.0000000000,0,-149.6,-317.2,2589.2,0,1.0000000000,0.0000000000,0.0000000000,-0.0000000000,1.0000000000,-0.0000000000,-0.0000000000,0.0000000000,1.0000000000,0,14.3,59.4,2628.3,1,1.0000000000,-0.0000000088,0.0000000064,0.0000000088,1.0000000000,-0.0000000131,-0.0000000064,0.0000000131,1.0000000000,0,14.3,-303.2,2628.3,0,-207.8,-100.7,2553.2,1,60.7,-94.9,2578.0,1,-149.6,-665.9,2589.2,0,14.3,-651.9,2628.3,0,
6,0.9772134423,-0.0028477032,-0.2121898085,0.0587936006,0.9643976092,0.2578013241,0.2039033324,-0.2643921971,0.9426196218,0,-71.6,565.1,2457.3,0,0.9772134423,-0.0028477032,-0.2121898085,0.0587936006,0.9643976092,0.2578013241,0.2039033324,-0.2643921971,0.9426196218,1,-71.0,381.5,2507.6,1,0.9772267342,-0.0012850119,-0.2121442705,0.0526181832,0.9701998234,0.2364820838,0.2055207640,-0.2422493249,0.9482029676,1,-70.8,206.0,2551.5,1,0.3003743887,-0.5385664105,-0.7872239351,0.9008390903,-0.1110625118,0.4197071791,-0.3134712279,-0.8352314234,0.4518013000,1,-196.0,374.8,2481.4,1,-0.2417069972,-0.5385662913,-0.8071704507,0.9699769616,-0.1110625118,-0.2163554728,0.0268753879,-0.8352313638,0.5492416024,1,-269.6,153.9,2558.2,1,0.2578050494,0.2776405811,0.9254471064,-0.9578980207,-0.0518243313,0.2823926806,0.1263643354,-0.9592862129,0.2525907755,1,53.9,388.3,2533.9,1,-0.2297443897,0.2635703981,0.9368821383,-0.9723734856,-0.1030317023,-0.2094620317,0.0413205661,-0.9591220617,0.2799598277,1,118.6,147.9,2565.6,1,1.0000000000,0.0000000000,-0.0000000000,-0.0000000000,1.0000000000,-0.0000000000,0.0000000000,0.0000000000,1.0000000000,0,-153.1,25.9,2578.0,1,1.0000000000,0.0000001272,-0.0000000730,-0.0000001272,1.0000000000,-0.0000000527,0.0000000730,0.0000000527,1.0000000000,0,-153.1,-336.7,2578.0,0,1.0000000000,0.0000000000,0.0000000000,-0.0000000000,1.0000000000,-0.0000000000,-0.0000000000,0.0000000000,1.0000000000,0,11.9,34.8,2612.7,1,1.0000000000,-0.0000000080,0.0000000058,0.0000000080,1.0000000000,-0.0000000118,-0.0000000058,0.0000000118,1.0000000000,0,11.9,-327.8,2612.7,0,-206.6,-99.1,2551.2,1,62.8,-88.2,2575.7,1,-153.1,-685.4,2578.0,0,11.9,-676.5,2612.7,0,
7,0.9811561108,-0.0289789233,-0.1909748018,0.0865111277,0.9499061704,0.3002974391,0.1727065593,-0.3111485243,0.9345414639,1,-80.9,548.9,2449.4,1,0.9811561108,-0.0289789233,-0.1909748018,0.0865111277,0.9499061704,0.3002974391,0.1727065593,-0.3111485243,0.9345414639,1,-75.3,364.9,2509.7,1,0.9817134142,0.0094875172,-0.1900726855,0.0314443372,0.9769384265,0.2111465633,0.1876940131,-0.2132513374,0.9588050842,1,-77.0,188.0,2548.3,1,0.3039576113,-0.5405743122,-0.7844675779,0.8951796293,-0.1196906865,0.4293338060,-0.3259802163,-0.8327386379,0.4475302398,1,-200.8,360.9,2485.7,1,-0.2736912966,-0.5405743122,-0.7955329418,0.9610045552,-0.1196907163,-0.2492880672,0.0395408049,-0.8327387571,0.5522525907,1,-276.5,138.0,2566.9,1,0.2816621959,0.2823866010,0.9170191884,-0.9461503625,-0.0772089288,0.3143855035,0.1595803350,-0.9561885595,0.2454333603,1,50.2,368.9,2533.7,1,-0.2623775899,0.2823866308,0.9227219820,-0.9649652243,-0.0772089288,-0.2507607639,0.0004308863,-0.9561886191,0.2927511632,1,120.3,133.5,2573.4,1,1.0000000000,0.0000000000,-0.0000000000,-0.0000000000,1.0000000000,-0.0000000000,0.0000000000,0.0000000000,1.0000000000,0,-161.6,8.5,2571.1,1,1.0000000000,0.0000001145,-0.0000000657,-0.0000001145,1.0000000000,-0.0000000474,0.0000000657,0.0000000474,1.0000000000,0,-161.6,-354.1,2571.1,0,1.0000000000,0.0000000000,0.0000000000,-0.0000000000,1.0000000000,-0.0000000000,-0.0000000000,0.0000000000,1.0000000000,0,4.1,13.8,2602.8,1,1.0000000000,-0.0000000072,0.0000000052,0.0000000072,1.0000000000,-0.0000000106,-0.0000000052,0.0000000106,1.0000000000,0,4.1,-348.8,2602.8,0,-205.2,-112.5,2556.6,1,56.7,-100.5,2573.5,1,-161.6,-702.8,2571.1,0,4.1,-697.5,2602.8,0,
8,0.9796266556,-0.0080789942,-0.2006115168,0.0703030303,0.9497340918,0.3050334454,0.1880646050,-0.3129121661,0.9309821129,1,-78.6,540.9,2445.9,1,0.9796266556,-0.0080789942,-0.2006115168,0.0703030303,0.9497340918,0.3050334454,0.1880646050,-0.3129121661,0.9309821129,1,-77.0,358.0,2506.2,1,0.9795322418,0.0135135548,-0.2007808685,0.0369021446,0.9687573314,0.2452093363,0.1978234351,-0.2475899607,0.9484605789,1,-79.5,182.6,2551.0,1,0.3060152233,-0.5468776226,-0.7792814374,0.8886545300,-0.1295681745,0.4398921728,-0.3415372372,-0.8271256685,0.4463355243,1,-202.3,353.3,2480.9,1,-0.2803526223,-0.5468776822,-0.7888772488,0.9592552185,-0.1295681596,-0.2510806620,0.0350970440,-0.8271257281,0.5609200597,1,-280.2,127.0,2567.9,1,0.2833289802,0.3103612363,0.9074143171,-0.9409177899,-0.0930251628,0.3256072700,0.1854682118,-0.9460562468,0.2656676769,1,48.3,362.7,2531.5,1,-0.2811226249,0.3103611767,0.9081001878,-0.9596694112,-0.0930251330,-0.2652938664,0.0021392207,-0.9460561275,0.3239956498,1,121.8,118.4,2579.6,1,1.0000000000,0.0000000000,-0.0000000000,-0.0000000000,1.0000000000,-0.0000000000,0.0000000000,0.0000000000,1.0000000000,0,-164.6,4.1,2579.1,1,1.0000000000,0.0000001031,-0.0000000592,-0.0000001031,1.0000000000,-0.0000000427,0.0000000592,0.0000000427,1.0000000000,0,-164.6,-358.6,2579.1,0,1.0000000000,0.0000000000,0.0000000000,-0.0000000000,1.0000000000,-0.0000000000,-0.0000000000,0.0000000000,1.0000000000,0,0.8,10.3,2612.6,1,1.0000000000,-0.0000000064,0.0000000047,0.0000000064,1.0000000000,-0.0000000096,-0.0000000047,0.0000000096,1.0000000000,0,0.8,-352.3,2612.6,0,-207.1,-123.1,2558.7,1,53.6,-114.4,2580.2,1,-164.6,-707.3,2579.1,0,0.8,-701.0,2612.6,0,
9,0.9817699194,0.0052507576,-0.1899445206,0.0600909814,0.9397382140,0.3365466297,0.1802663803,-0.3418163657,0.9223210216,1,-74.1,528.4,2435.7,1,0.9817699194,0.0052507576,-0.1899445206,0.0600909814,0.9397382140,0.3365466297,0.1802663803,-0.3418163657,0.9223210216,1,-75.1,348.3,2501.2,1,0.9814103246,0.0215228014,-0.1906555742,0.0345958397,0.9575483799,0.2861546874,0.1887223125,-0.2874225974,0.9390338659,1,-79.0,175.0,2553.2,1,0.3237092793,-0.5513879061,-0.7688847184,0.8759311438,-0.1325874329,0.4638590813,-0.3577107191,-0.8236455321,0.4400580525,1,-200.7,343.9,2477.0,1,-0.2809812427,-0.5513879061,-0.7855068445,0.9591211677,-0.1325874329,-0.2500143349,0.0337065458,-0.8236455321,0.5661023855,1,-284.1,118.2,2569.2,1,0.2865448296,0.3252653182,0.9011629224,-0.9342269301,-0.1136632562,0.3380838633,0.2123960555,-0.9387668967,0.2713020146,1,50.5,352.7,2525.3,1,-0.2816037834,0.3252653182,0.9027191401,-0.9593508244,-0.1136632562,-0.2583152056,0.0185850170,-0.9387668967,0.3440515101,1,123.1,115.8,2579.2,1,1.0000000000,0.0000000000,-0.0000000000,-0.0000000000,1.0000000000,-0.0000000000,0.0000000000,0.0000000000,1.0000000000,0,-165.8,-1.3,2589.3,1,1.0000000000,0.0000000928,-0.0000000532,-0.0000000928,1.0000000000,-0.0000000384,0.0000000532,0.0000000384,1.0000000000,0,-165.8,-363.9,2589.3,0,1.0000000000,0.0000000000,0.0000000000,-0.0000000000,1.0000000000,-0.0000000000,-0.0000000000,0.0000000000,1.0000000000,0,0.1,4.5,2621.2,1,1.0000000000,-0.0000000058,0.0000000042,0.0000000058,1.0000000000,-0.0000000086,-0.0000000042,0.0000000086,1.0000000000,0,0.1,-358.1,2621.2,0,-210.8,-131.9,2560.4,1,54.8,-117.0,2583.7,1,-165.8,-712.6,2589.3,0,0.1,-706.8,2621.2,0,
10,0.9830390811,0.0053686500,-0.1832601875,0.0591885373,0.9367566109,0.3449144363,0.1735229492,-0.3499028385,0.9205806255,1,-76.1,522.1,2432.5,1,0.9830390811,0.0053686500,-0.1832601875,0.0591885373,0.9367566109,0.3449144363,0.1735229492,-0.3499028385,0.9205806255,1,-77.1,343.8,2499.1,1,0.9828597307,0.0146155236,-0.1837176383,0.0422290303,0.9524679780,0.3016650081,0.1793955415,-0.3042446375,0.9355559349,1,-79.7,171.3,2554.2,1,0.3050074577,-0.5768204331,-0.7577920556,0.8820447922,-0.1289528906,0.4531756639,-0.3591203988,-0.8066285253,0.4694498479,1,-202.8,338.4,2476.2,1,-0.2660587728,-0.5768203735,-0.7723283172,0.9632744789,-0.1289528608,-0.2355280668,0.0362634324,-0.8066284657,0.5899453759,1,-282.0,109.4,2569.4,1,0.2867762446,0.3494076431,0.8920055032,-0.9302742481,-0.1208112612,0.3464024663,0.2287999541,-0.9291497469,0.2903990746,1,48.7,349.2,2522.1,1,-0.2790857553,0.3494075835,0.8944414258,-0.9600604177,-0.1208112240,-0.2523662448,0.0198798962,-0.9291496277,0.3691690564,1,122.9,108.3,2581.3,1,1.0000000000,0.0000000000,-0.0000000000,-0.0000000000,1.0000000000,-0.0000000000,0.0000000000,0.0000000000,1.0000000000,0,-165.5,-4.8,2594.2,1,1.0000000000,0.0000000835,-0.0000000479,-0.0000000835,1.0000000000,-0.0000000346,0.0000000479,0.0000000346,1.0000000000,0,-165.5,-367.5,2594.2,0,1.0000000000,0.0000000000,0.0000000000,-0.0000000000,1.0000000000,-0.0000000000,-0.0000000000,0.0000000000,1.0000000000,0,0.7,2.3,2624.5,1,1.0000000000,-0.0000000052,0.0000000038,0.0000000052,1.0000000000,-0.0000000078,-0.0000000038,0.0000000078,1.0000000000,0,0.7,-360.3,2624.5,0,-212.6,-141.8,2560.0,1,55.2,-124.8,2586.2,1,-165.5,-716.2,2594.2,0,0.7,-709.0,2624.5,0,
11,0.9807339907,0.0037039348,-0.1952592283,0.0656344742,0.9354133606,0.3473843634,0.1839362383,-0.3534990847,0.9171787500,1,-76.1,522.6,2431.0,1,0.9807339907,0.0037039348,-0.1952592283,0.0656344742,0.9354133606,0.3473843634,0.1839362383,-0.3534990847,0.9171787500,1,-76.8,345.0,2498.1,1,0.9806457758,0.0088505605,-0.1955367178,0.0523788072,0.9506778717,0.3056931794,0.1885997951,-0.3100108802,0.9318454266,1,-78.4,172.7,2554.3,1,0.2943592370,-0.5864912271,-0.7545732260,0.8873639107,-0.1254579872,0.4436729550,-0.3548775315,-0.8001803160,0.4835013747,1,-202.3,338.3,2474.0,1,-0.2504202724,-0.5864911675,-0.7702713013,0.9676135778,-0.1254579723,-0.2190528363,0.0318358839,-0.8001802564,0.5989140868,1,-280.5,102.4,2568.3,1,0.2809253931,0.3986170888,0.8730323315,-0.9274712801,-0.1211048141,0.3537380397,0.2467344105,-0.9090864062,0.3356845081,1,48.7,351.7,2522.2,1,-0.2823230624,0.3986170292,0.8725813031,-0.9593109488,-0.1211048141,-0.2550607026,0.0040022568,-0.9090862870,0.4165884256,1,123.3,105.4,2587.8,1,1.0000000000,0.0000000000,-0.0000000000,-0.0000000000,1.0000000000,-0.0000000000,0.0000000000,0.0000000000,1.0000000000,0,-162.9,-4.0,2594.5,1,1.0000000000,0.0000000751,-0.0000000431,-0.0000000751,1.0000000000,-0.0000000311,0.0000000431,0.0000000311,1.0000000000,0,-162.9,-366.6,2594.5,0,1.0000000000,0.0000000000,0.0000000000,-0.0000000000,1.0000000000,-0.0000000000,-0.0000000000,0.0000000000,1.0000000000,0,2.9,4.9,2626.4,1,1.0000000000,-0.0000000047,0.0000000034,0.0000000047,1.0000000000,-0.0000000070,-0.0000000034,0.0000000070,1.0000000000,0,2.9,-357.8,2626.4,0,-215.2,-149.9,2560.0,1,54.7,-127.6,2588.7,1,-162.9,-715.3,2594.5,0,2.9,-706.5,2626.4,0,
12,0.9804234505,-0.0043913969,-0.1967982203,0.0706060231,0.9410716891,0.3307271302,0.1837505102,-0.3381391764,0.9229890704,1,-78.6,524.1,2436.2,1,0.9804234505,-0.0043913969,-0.1967982203,0.0706060231,0.9410716891,0.3307271302,0.1837505102,-0.3381391764,0.9229890704,1,-77.7,345.8,2500.2,1,0.9804587960,-0.0034810021,-0.1966402978,0.0620980933,0.9541727901,0.2927085757,0.1866118312,-0.2991914749,0.9357740283,1,-77.1,172.9,2554.5,1,0.3050760925,-0.5703346133,-0.7626578808,0.8836734295,-0.1290234178,0.4499713182,-0.3550349176,-0.8112159967,0.4646276236,1,-203.2,337.9,2476.4,1,-0.2679368258,-0.5703345537,-0.7764845490,0.9627915621,-0.1290233731,-0.2374558896,0.0352446474,-0.8112159371,0.5836834908,1,-284.0,103.7,2570.4,1,0.2883873284,0.3558270633,0.8889431357,-0.9301139712,-0.1164011955,0.3483370245,0.2274217755,-0.9272744060,0.2973911166,1,47.7,353.7,2524.1,1,-0.2719596028,0.3558270633,0.8941058517,-0.9621685743,-0.1164012104,-0.2463380843,0.0164212342,-0.9272745848,0.3740220368,1,123.8,108.4,2584.1,1,1.0000000000,0.0000000000,-0.0000000000,-0.0000000000,1.0000000000,-0.0000000000,0.0000000000,0.0000000000,1.0000000000,0,-159.4,-5.3,2592.9,1,1.0000000000,0.0000000676,-0.0000000388,-0.0000000676,1.0000000000,-0.0000000280,0.0000000388,0.0000000280,1.0000000000,0,-159.4,-368.0,2592.9,0,1.0000000000,0.0000000000,0.0000000000,-0.0000000000,1.0000000000,-0.0000000000,-0.0000000000,0.0000000000,1.0000000000,0,6.4,5.2,2624.5,1,1.0000000000,-0.0000000042,0.0000000031,0.0000000042,1.0000000000,-0.0000000063,-0.0000000031,0.0000000063,1.0000000000,0,6.4,-357.5,2624.5,0,-214.2,-147.3,2561.2,1,57.7,-125.2,2588.1,1,-159.4,-716.7,2592.9,0,6.4,-706.2,2624.5,0,
13,0.9775787592,-0.0073189298,-0.2103928328,0.0812080801,0.9351561069,0.3447755277,0.1942287982,-0.3541225791,0.9148132801,1,-79.1,525.2,2431.3,1,0.9775787592,-0.0073189298,-0.2103928328,0.0812080801,0.9351561069,0.3447755277,0.1942287982,-0.3541225791,0.9148132801,1,-77.7,347.9,2498.4,1,0.9776490331,-0.0059954384,-0.2101079822,0.0712592304,0.9498494267,0.3044477701,0.1977480352,-0.3126074374,0.9290773869,1,-76.6,175.7,2555.1,1,0.3003585935,-0.5892241001,-0.7500663996,0.8791396618,-0.1340249479,0.4573299885,-0.3699975014,-0.7967760563,0.4777547121,1,-202.7,338.8,2473.1,1,-0.2677516043,-0.5892241597,-0.7623149753,0.9628132582,-0.1340249926,-0.2345803082,0.0360511169,-0.7967761755,0.6031982303,1,-281.7,107.6,2570.4,1,0.2842891514,0.3750186563,0.8823495507,-0.9313860536,-0.1102356985,0.3469411731,0.2273758203,-0.9204396605,0.3179483116,1,47.4,357.0,2523.7,1,-0.2692403793,0.3750186861,0.8870573640,-0.9630565047,-0.1102357209,-0.2457037121,0.0056419233,-0.9204397202,0.3908440769,1,123.5,107.8,2584.6,1,1.0000000000,0.0000000000,-0.0000000000,-0.0000000000,1.0000000000,-0.0000000000,0.0000000000,0.0000000000,1.0000000000,0,-158.1,-2.4,2595.0,1,1.0000000000,0.0000000609,-0.0000000349,-0.0000000609,1.0000000000,-0.0000000252,0.0000000349,0.0000000252,1.0000000000,0,-158.1,-365.1,2595.0,0,1.0000000000,0.0000000000,0.0000000000,-0.0000000000,1.0000000000,-0.0000000000,-0.0000000000,0.0000000000,1.0000000000,0,7.1,9.6,2628.5,1,1.0000000000,-0.0000000038,0.0000000028,0.0000000038,1.0000000000,-0.0000000057,-0.0000000028,0.0000000057,1.0000000000,0,7.1,-353.0,2628.5,0,-211.9,-143.5,2561.0,1,58.1,-126.0,2585.9,1,-158.1,-713.8,2595.0,0,7.1,-701.7,2628.5,0,
14,0.9764535427,-0.0187758319,-0.2148604393,0.0882624686,0.9437531233,0.3186243474,0.1967950016,-0.3300770819,0.9232182503,1,-81.0,532.3,2436.9,1,0.9764535427,-0.0187758319,-0.2148604393,0.0882624686,0.9437531233,0.3186243474,0.1967950016,-0.3300770819,0.9232182503,1,-77.4,352.5,2499.7,1,0.9766705036,-0.0139637925,-0.2142399848,0.0756710023,0.9562327862,0.2826183438,0.2009194046,-0.2922282815,0.9350115061,1,-74.9,179.2,2552.7,1,0.3100537360,-0.5904363394,-0.7451520562,0.8777388930,-0.1233766526,0.4629823565,-0.3652960062,-0.7975983620,0.4799955189,1,-202.4,342.8,2474.0,1,-0.2588030994,-0.5904363990,-0.7644644976,0.9650030136,-0.1233766750,-0.2314033955,0.0423118956,-0.7975984812,0.6017030478,1,-285.0,109.0,2571.4,1,0.2786324322,0.3163937926,0.9067849517,-0.9380444884,-0.1128657386,0.3276185989,0.2060014457,-0.9418898225,0.2653433681,1,47.6,362.2,2525.4,1,-0.2715178132,0.3163937330,0.9089406729,-0.9621319771,-0.1128657386,-0.2481195927,0.0240847636,-0.9418897629,0.3350576162,1,122.3,110.7,2580.7,1,1.0000000000,0.0000000000,-0.0000000000,-0.0000000000,1.0000000000,-0.0000000000,0.0000000000,0.0000000000,1.0000000000,0,-154.9,-0.5,2588.7,1,1.0000000000,0.0000000548,-0.0000000314,-0.0000000548,1.0000000000,-0.0000000227,0.0000000314,0.0000000227,1.0000000000,0,-154.9,-363.1,2588.7,0,1.0000000000,0.0000000000,0.0000000000,-0.0000000000,1.0000000000,-0.0000000000,-0.0000000000,0.0000000000,1.0000000000,0,10.2,12.3,2622.6,1,1.0000000000,-0.0000000034,0.0000000025,0.0000000034,1.0000000000,-0.0000000051,-0.0000000025,0.0000000051,1.0000000000,0,10.2,-350.3,2622.6,0,-217.5,-142.7,2560.3,1,56.4,-122.9,2586.5,1,-154.9,-711.8,2588.7,0,10.2,-699.0,2622.6,0,
15,0.9766324759,-0.0244658999,-0.2134699672,0.0834072828,0.9587550759,0.2716855705,0.1980206966,-0.2831321359,0.9384219050,1,-82.7,535.2,2449.1,1,0.9766324759,-0.0244658999,-0.2134699672,0.0834072828,0.9587550759,0.2716855705,0.1980206966,-0.2831321359,0.9384219050,1,-78.1,353.3,2502.8,1,0.9768446088,-0.0201376062,-0.2129509747,0.0742563829,0.9655659795,0.2492963970,0.2006004900,-0.2593272924,0.9447335005,1,-74.4,178.4,2549.8,1,0.2958816886,-0.5966451168,-0.7459683418,0.8874976635,-0.1171071976,0.4456835389,-0.3532731235,-0.7939147949,0.4948712885,1,-203.1,343.8,2477.1,1,-0.2452772558,-0.5966450572,-0.7641032338,0.9685659409,-0.1171072125,-0.2194674015,0.0414621420,-0.7939147353,0.6066138148,1,-281.8,107.9,2571.1,1,0.2831541300,0.2655090094,0.9215903878,-0.9416147470,-0.1055573672,0.3197174966,0.1821685135,-0.9583124518,0.2201182097,1,46.9,362.8,2528.5,1,-0.2846324742,0.2655089498,0.9211348295,-0.9582649469,-0.1055573672,-0.2656798065,0.0266921874,-0.9583122730,0.2844730318,1,122.2,112.4,2576.9,1,1.0000000000,0.0000000000,-0.0000000000,-0.0000000000,1.0000000000,-0.0000000000,0.0000000000,0.0000000000,1.0000000000,0,-153.4,-2.9,2579.8,1,1.0000000000,0.0000000493,-0.0000000283,-0.0000000493,1.0000000000,-0.0000000204,0.0000000283,0.0000000204,1.0000000000,0,-153.4,-365.5,2579.8,0,1.0000000000,0.0000000000,0.0000000000,-0.0000000000,1.0000000000,-0.0000000000,-0.0000000000,0.0000000000,1.0000000000,0,11.8,9.7,2613.7,1,1.0000000000,-0.0000000031,0.0000000022,0.0000000031,1.0000000000,-0.0000000046,-0.0000000022,0.0000000046,1.0000000000,0,11.8,-352.9,2613.7,0,-217.8,-144.7,2560.2,1,53.1,-120.3,2583.4,1,-153.4,-714.2,2579.8,0,11.8,-701.6,2613.7,0,
16,0.9830433726,-0.0156122549,-0.1826500297,0.0638596267,0.9631194472,0.2613496482,0.1718349606,-0.2685722709,0.9478152990,0,-86.1,513.0,2449.4,0,0.9830433726,-0.0156122549,-0.1826500297,0.0638596267,0.9631194472,0.2613496482,0.1718349606,-0.2685722709,0.9478152990,1,-83.2,331.7,2499.9,1,0.9831115007,-0.0132939816,-0.1824665666,0.0593098886,0.9666493535,0.2491018772,0.1730711311,-0.2557074130,0.9511428475,1,-80.8,156.5,2546.3,1,0.2969256938,-0.6074942350,-0.7367400527,0.8753247261,-0.1351896375,0.4642524719,-0.3816303015,-0.7827352881,0.4916135073,1,-208.9,324.1,2477.8,1,-0.2564842999,-0.6074942946,-0.7517756820,0.9660112858,-0.1351896226,-0.2203314751,0.0322178379,-0.7827353477,0.6215203404,1,-281.3,110.8,2570.8,1,0.3137347400,0.2842709422,0.9059583545,-0.9260091186,-0.1193657815,0.3581327796,0.2099471688,-0.9512844086,0.2257882357,1,42.6,339.3,2522.1,1,-0.2815005183,0.2842709422,0.9164865613,-0.9588781595,-0.1193657741,-0.2574969232,0.0361982323,-0.9512844682,0.3061826825,1,120.4,109.5,2574.2,1,1.0000000000,0.0000000000,-0.0000000000,-0.0000000000,1.0000000000,-0.0000000000,0.0000000000,0.0000000000,1.0000000000,0,-161.4,-23.7,2578.0,1,1.0000000000,0.0000000444,-0.0000000255,-0.0000000444,1.0000000000,-0.0000000184,0.0000000255,0.0000000184,1.0000000000,0,-161.4,-386.3,2578.0,0,1.0000000000,0.0000000000,0.0000000000,-0.0000000000,1.0000000000,-0.0000000000,-0.0000000000,0.0000000000,1.0000000000,0,4.7,-13.7,2607.3,1,1.0000000000,-0.0000000028,0.0000000020,0.0000000028,1.0000000000,-0.0000000041,-0.0000000020,0.0000000041,1.0000000000,0,4.7,-376.3,2607.3,0,-214.4,-141.1,2562.4,1,52.1,-123.3,2583.0,1,-161.4,-735.0,2578.0,0,4.7,-725.0,2607.3,0,
17,0.9891187549,0.0111912293,-0.1466221213,0.0225869231,0.9737014771,0.2266582847,0.1453034878,-0.2274950892,0.9628847837,1,-92.1,522.8,2445.5,1,0.9891187549,0.0111912293,-0.1466221213,0.0225869231,0.9737014771,0.2266582847,0.1453034878,-0.2274950892,0.9628847837,1,-94.6,309.7,2495.3,1,0.9890348315,-0.0161249470,-0.1467277110,0.0554485396,0.9618049264,0.2680245340,0.1368020028,-0.2732123733,0.9521832466,1,-91.6,135.4,2544.9,1,0.2885234654,-0.6330459118,-0.7183363438,0.8621872663,-0.1544979513,0.4824557602,-0.4163981378,-0.7585402131,0.5012277961,1,-221.0,302.6,2477.8,1,-0.2824340165,-0.6330459714,-0.7207523584,0.9584316015,-0.1544979662,-0.2398735136,0.0404961891,-0.7585402727,0.6503667235,1,-288.8,100.2,2575.6,1,0.3554280698,0.3155004978,0.8798468709,-0.9004107714,-0.1370644569,0.4128846526,0.2508609891,-0.9389743805,0.2353635132,1,31.9,316.8,2512.8,1,-0.2954634428,0.3155004978,0.9017543197,-0.9545140266,-0.1370644569,-0.2647950649,0.0400554836,-0.9389743805,0.3416471481,1,119.1,95.8,2574.4,1,1.0000000000,0.0000000000,-0.0000000000,-0.0000000000,1.0000000000,-0.0000000000,0.0000000000,0.0000000000,1.0000000000,0,-172.3,-43.6,2582.8,1,1.0000000000,0.0000000399,-0.0000000229,-0.0000000399,1.0000000000,-0.0000000165,0.0000000229,0.0000000165,1.0000000000,0,-172.3,-406.3,2582.8,0,1.0000000000,0.0000000000,0.0000000000,-0.0000000000,1.0000000000,-0.0000000000,-0.0000000000,0.0000000000,1.0000000000,0,-5.1,-34.3,2605.9,1,1.0000000000,-0.0000000025,0.0000000018,0.0000000025,1.0000000000,-0.0000000037,-0.0000000018,0.0000000037,1.0000000000,0,-5.1,-396.9,2605.9,0,-215.1,-149.7,2565.1,1,47.4,-136.0,2584.1,1,-172.3,-754.9,2582.8,0,-5.1,-745.6,2605.9,0,
18,0.9883180857,0.0116938772,-0.1518870741,0.0319669023,0.9589292407,0.2818028331,0.1489448398,-0.2833578885,0.9473841786,1,-90.8,522.4,2436.1,1,0.9883180857,0.0116938772,-0.1518870741,0.0319669023,0.9589292407,0.2818028331,0.1489448398,-0.2833578885,0.9473841786,1,-93.1,326.7,2493.9,1,0.9883926511,0.0019857711,-0.1518388242,0.0424130075,0.9565104246,0.2885642350,0.1458089203,-0.2916463017,0.9453544021,1,-93.5,153.3,2546.8,1,0.2669111490,-0.6351246238,-0.7248276472,0.8832170367,-0.1397218704,0.4476667643,-0.3855984807,-0.7596673369,0.5236595273,1,-219.6,321.3,2475.3,1,-0.2865314186,-0.6351246238,-0.7172980905,0.9559486508,-0.1397218704,-0.2581472695,0.0637334511,-0.7596673965,0.6471812129,1,-293.1,77.9,2581.5,1,0.3042550683,0.3210037351,0.8968755007,-0.9225993156,-0.1350905001,0.3613323569,0.2371483445,-0.9373939037,0.2550558746,1,33.3,332.1,2512.6,1,-0.2902461886,0.3210036755,0.9015064240,-0.9561809301,-0.1350905001,-0.2597467899,0.0384052806,-0.9373937845,0.3461471796,1,115.9,81.5,2577.0,1,1.0000000000,0.0000000000,-0.0000000000,-0.0000000000,1.0000000000,-0.0000000000,0.0000000000,0.0000000000,1.0000000000,0,-177.4,-23.6,2587.3,1,1.0000000000,0.0000000359,-0.0000000206,-0.0000000359,1.0000000000,-0.0000000149,0.0000000206,0.0000000149,1.0000000000,0,-177.4,-386.2,2587.3,0,1.0000000000,0.0000000000,0.0000000000,-0.0000000000,1.0000000000,-0.0000000000,-0.0000000000,0.0000000000,1.0000000000,0,-10.3,-16.4,2612.0,1,1.0000000000,-0.0000000022,0.0000000016,0.0000000022,1.0000000000,-0.0000000033,-0.0000000016,0.0000000033,1.0000000000,0,-10.3,-379.0,2612.0,0,-218.4,-171.3,2564.9,1,45.4,-150.7,2586.3,1,-177.4,-734.9,2587.3,0,-10.3,-727.7,2612.0,0,
19,0.9844483733,0.0050611272,-0.1755412817,0.0360211134,0.9725087285,0.2300201654,0.1718807667,-0.2327562124,0.9572327137,1,-91.5,531.6,2455.6,1,0.9844483733,0.0050611272,-0.1755412817,0.0360211134,0.9725087285,0.2300201654,0.1718807667,-0.2327562124,0.9572327137,1,-92.5,340.3,2501.4,1,0.9844602346,0.0035056435,-0.1755126417,0.0387155414,0.9708445072,0.2365213633,0.1712257564,-0.2396309227,0.9556523561,1,-93.2,164.6,2544.8,1,0.2902954221,-0.6100592017,-0.7372627854,0.8820745349,-0.1281418949,0.4533477128,-0.3710431457,-0.7819254398,0.5009186864,1,-218.4,335.3,2479.5,1,-0.2768467963,-0.6100591421,-0.7424175143,0.9591122866,-0.1281419098,-0.2523553967,0.0588169061,-0.7819255590,0.6205909252,1,-297.5,95.0,2580.6,1,0.2823558450,0.2664469481,0.9215645194,-0.9407572150,-0.1111084074,0.3203604221,0.1877526343,-0.9574241042,0.2192897648,1,33.4,345.2,2523.3,1,-0.2784819603,0.2664469779,0.9227426052,-0.9598434567,-0.1111084223,-0.2575957477,0.0338888690,-0.9574241638,0.2866890430,1,109.5,91.7,2573.9,1,1.0000000000,0.0000000000,-0.0000000000,-0.0000000000,1.0000000000,-0.0000000000,0.0000000000,0.0000000000,1.0000000000,0,-177.1,-14.5,2573.7,1,1.0000000000,0.0000000323,-0.0000000186,-0.0000000323,1.0000000000,-0.0000000134,0.0000000186,0.0000000134,1.0000000000,0,-177.1,-377.1,2573.7,0,1.0000000000,0.0000000000,0.0000000000,-0.0000000000,1.0000000000,-0.0000000000,-0.0000000000,0.0000000000,1.0000000000,0,-10.5,-7.9,2602.6,1,1.0000000000,-0.0000000020,0.0000000015,0.0000000020,1.0000000000,-0.0000000030,-0.0000000015,0.0000000030,1.0000000000,0,-10.5,-370.5,2602.6,0,-225.3,-155.0,2565.2,1,41.9,-141.4,2582.1,1,-177.1,-725.8,2573.7,0,-10.5,-719.2,2602.6,0,
20,0.9813451171,-0.0577586368,-0.1833124608,0.1067071706,0.9570096135,0.2696828544,0.1598562300,-0.2842025459,0.9453497529,1,-98.7,530.2,2440.3,1,0.9813451171,-0.0577586368,-0.1833124608,0.1067071706,0.9570096135,0.2696828544,0.1598562300,-0.2842025459,0.9453497529,1,-86.4,326.7,2500.7,1,0.9828667045,0.0231913012,-0.1827949435,0.0219048169,0.9703034759,0.2408560216,0.1829534769,-0.2407235801,0.9532013535,1,-90.6,151.0,2544.3,1,0.3523132205,-0.6057222486,-0.7134255767,0.8417550921,-0.1280941814,0.5244428515,-0.4090523422,-0.7852977514,0.4647404850,1,-212.1,323.9,2477.3,1,-0.2736792266,-0.6057222486,-0.7471280694,0.9602779746,-0.1280942112,-0.2479075193,0.0544603132,-0.7852977514,0.6167184711,1,-300.9,111.8,2580.4,1,0.2731383741,0.2905575633,0.9170451164,-0.9425315261,-0.1098624617,0.3155384064,0.1924308836,-0.9505295753,0.2438520193,1,39.3,329.5,2524.1,1,-0.2802481949,0.2905575633,0.9148973823,-0.9595955610,-0.1098624468,-0.2590493262,0.0252441317,-0.9505295753,0.3096064925,1,105.9,99.7,2571.1,1,1.0000000000,0.0000000000,-0.0000000000,-0.0000000000,1.0000000000,-0.0000000000,0.0000000000,0.0000000000,1.0000000000,0,-177.9,-26.6,2572.5,1,1.0000000000,0.0000000291,-0.0000000167,-0.0000000291,1.0000000000,-0.0000000120,0.0000000167,0.0000000120,1.0000000000,0,-177.9,-389.3,2572.5,0,1.0000000000,0.0000000000,0.0000000000,-0.0000000000,1.0000000000,-0.0000000000,-0.0000000000,0.0000000000,1.0000000000,0,-11.7,-22.9,2603.4,1,1.0000000000,-0.0000000018,0.0000000013,0.0000000018,1.0000000000,-0.0000000027,-0.0000000013,0.0000000027,1.0000000000,0,-11.7,-385.5,2603.4,0,-229.5,-138.6,2566.2,1,37.8,-133.3,2577.2,1,-177.9,-737.9,2572.5,0,-11.7,-734.2,2603.4,0,
21,0.9824153781,-0.0573336147,-0.1776262075,0.1083844379,0.9500058889,0.2927862108,0.1519605666,-0.3068801463,0.9395444989,1,-107.8,542.3,2433.8,1,0.9824153781,-0.0573336147,-0.1776262075,0.1083844379,0.9500058889,0.2927862108,0.1519605666,-0.3068801463,0.9395444989,1,-96.2,349.5,2496.1,1,0.9842104912,-0.0117968265,-0.1765484363,0.0587189831,0.9630057812,0.2629679441,0.1669163108,-0.2691734135,0.9485237598,1,-94.1,175.1,2544.9,1,0.3173057735,-0.6153732538,-0.7215489745,0.8538648486,-0.1456418484,0.4997032881,-0.4125916958,-0.7746640444,0.4792325795,1,-222.0,342.0,2474.8,1,-0.3017236292,-0.6153733134,-0.7282024026,0.9514547586,-0.1456418633,-0.2711502612,0.0608018897,-0.7746641040,0.6294433475,1,-307.2,112.8,2585.5,1,0.2563894689,0.2704868913,0.9279555082,-0.9485257864,-0.1142475680,0.2953746915,0.1859116107,-0.9559206963,0.2272719443,1,29.6,357.0,2517.5,1,-0.2929168642,0.2704868913,0.9170804620,-0.9556245208,-0.1142475605,-0.2715313435,0.0313285403,-0.9559206963,0.2919489443,1,104.5,80.1,2571.7,1,1.0000000000,0.0000000000,-0.0000000000,-0.0000000000,1.0000000000,-0.0000000000,0.0000000000,0.0000000000,1.0000000000,0,-175.1,-4.2,2579.5,1,1.0000000000,0.0000000262,-0.0000000150,-0.0000000262,1.0000000000,-0.0000000108,0.0000000150,0.0000000108,1.0000000000,0,-175.1,-366.8,2579.5,0,1.0000000000,0.0000000000,0.0000000000,-0.0000000000,1.0000000000,-0.0000000000,-0.0000000000,0.0000000000,1.0000000000,0,-8.8,5.8,2607.7,1,1.0000000000,-0.0000000016,0.0000000012,0.0000000016,1.0000000000,-0.0000000024,-0.0000000012,0.0000000024,1.0000000000,0,-8.8,-356.9,2607.7,0,-228.5,-135.2,2569.7,1,33.3,-152.0,2579.4,1,-175.1,-715.5,2579.5,0,-8.8,-705.6,2607.7,0,
22,0.9821994305,-0.0524749123,-0.1803031415,0.1103734449,0.9381274581,0.3282020390,0.1519262940,-0.3422519565,0.9272503853,1,-110.6,549.1,2423.1,1,0.9821994305,-0.0524749123,-0.1803031415,0.1103734449,0.9381274581,0.3282020390,0.1519262940,-0.3422519565,0.9272503853,1,-100.2,363.1,2491.0,1,0.9835030437,-0.0273212940,-0.1787573993,0.0794791803,0.9532326460,0.2915661335,0.1624330133,-0.3009555042,0.9397095442,1,-95.2,190.5,2545.5,1,0.2949025035,-0.6424458027,-0.7073160410,0.8629680872,-0.1387585998,0.4858314097,-0.4102664888,-0.7536640763,0.5134899616,1,-226.0,353.0,2470.2,1,-0.2745750248,-0.6424456835,-0.7154523134,0.9598547220,-0.1387585998,-0.2437720746,0.0573351681,-0.7536640167,0.6547542810,1,-305.0,121.6,2580.2,1,0.2743285596,0.2400284857,0.9311982393,-0.9434793591,-0.1201027781,0.3089045882,0.1859854013,-0.9633076787,0.1935143024,1,25.6,373.3,2511.7,1,-0.2785337567,0.2400285006,0.9299491048,-0.9591148496,-0.1201027706,-0.2562696636,0.0501774326,-0.9633077383,0.2636675537,1,100.8,114.5,2562.7,1,1.0000000000,0.0000000000,-0.0000000000,-0.0000000000,1.0000000000,-0.0000000000,0.0000000000,0.0000000000,1.0000000000,0,-173.4,11.2,2586.2,1,1.0000000000,0.0000000236,-0.0000000135,-0.0000000236,1.0000000000,-0.0000000098,0.0000000135,0.0000000098,1.0000000000,0,-173.4,-351.4,2586.2,0,1.0000000000,0.0000000000,0.0000000000,-0.0000000000,1.0000000000,-0.0000000000,-0.0000000000,0.0000000000,1.0000000000,0,-7.2,24.7,2613.7,1,1.0000000000,-0.0000000015,0.0000000011,0.0000000015,1.0000000000,-0.0000000022,-0.0000000011,0.0000000022,1.0000000000,0,-7.2,-338.0,2613.7,0,-233.4,-128.6,2565.2,1,33.2,-118.3,2574.9,1,-173.4,-700.1,2586.2,0,-7.2,-686.7,2613.7,0,
23,0.9807801247,-0.0559586883,-0.1868627071,0.1156070605,0.9383496046,0.3257556558,0.1571153253,-0.3410886824,0.9268141389,1,-118.1,547.9,2424.8,1,0.9807801247,-0.0559586883,-0.1868627071,0.1156070605,0.9383496046,0.3257556558,0.1571153253,-0.3410886824,0.9268141389,1,-107.2,364.7,2491.4,1,0.9819454551,-0.0391972885,-0.1850016117,0.0924479887,0.9529151320,0.2887668014,0.1649738550,-0.3006480634,0.9393652678,1,-100.1,192.1,2545.8,1,0.2927698195,-0.6212185621,-0.7268929482,0.8665754795,-0.1489273608,0.4763062000,-0.4041444659,-0.7693556547,0.4947313964,1,-232.8,352.9,2470.3,1,-0.2800977230,-0.6212186813,-0.7318693399,0.9591166377,-0.1489273608,-0.2406575978,0.0405056216,-0.7693557143,0.6375352740,1,-307.9,130.7,2573.9,1,0.3101666570,0.2511594296,0.9169054627,-0.9336889386,-0.1010635868,0.3435275257,0.1789459139,-0.9626553059,0.2031582296,1,18.4,376.5,2512.5,1,-0.2633189857,0.2511594296,0.9314408898,-0.9641604424,-0.1010635644,-0.2453175038,0.0325209312,-0.9626552463,0.2687699795,1,98.0,136.9,2558.4,1,1.0000000000,0.0000000000,-0.0000000000,-0.0000000000,1.0000000000,-0.0000000000,0.0000000000,0.0000000000,1.0000000000,0,-176.0,11.6,2586.4,1,1.0000000000,0.0000000212,-0.0000000122,-0.0000000212,1.0000000000,-0.0000000088,0.0000000122,0.0000000088,1.0000000000,0,-176.0,-351.0,2586.4,0,1.0000000000,0.0000000000,0.0000000000,-0.0000000000,1.0000000000,-0.0000000000,-0.0000000000,0.0000000000,1.0000000000,0,-10.0,27.2,2614.2,1,1.0000000000,-0.0000000013,0.0000000010,0.0000000013,1.0000000000,-0.0000000020,-0.0000000010,0.0000000020,1.0000000000,0,-10.0,-335.4,2614.2,0,-234.9,-119.4,2563.3,1,34.1,-97.1,2566.3,1,-176.0,-699.7,2586.4,0,-10.0,-684.1,2614.2,0,
