1,0.9996707439,0.0229370408,0.0105288448,-0.0249670390,0.9595293999,0.2804597914,-0.0036744606,-0.2806179523,0.9598177671,1,206.1,493.6,2196.8,1,0.9996707439,0.0229370408,0.0105288448,-0.0249670390,0.9595293999,0.2804597914,-0.0036744606,-0.2806179523,0.9598177671,1,201.7,308.7,2250.9,1,0.9994751811,0.0306129418,0.0095308786,-0.0320114493,0.9691047072,0.2445150763,-0.0017556360,-0.2446798980,0.9696082473,1,196.1,133.0,2295.2,1,0.3587087393,-0.7284776568,-0.5836509466,0.8931345940,0.0860800892,0.4414757788,-0.2713645101,-0.6796400547,0.6815062165,1,73.8,312.8,2251.1,1,0.1250881702,-0.7275923491,-0.6745088696,0.9921447635,0.0926391259,0.0840641782,0.0013214446,-0.6797258854,0.7334650159,1,-20.0,79.3,2322.0,1,0.2690533996,0.7506427169,0.6034448743,-0.9561000466,0.1326281130,0.2613090873,0.1161160171,-0.6472597718,0.7533736229,1,329.6,304.6,2250.7,1,-0.0996356457,0.7438152432,0.6609172821,-0.9896473289,-0.0051214024,-0.1434291154,-0.1032999307,-0.6683656573,0.7366250753,1,406.3,31.9,2283.8,1,0.6734068394,-0.4418438673,-0.5927034020,0.3321310580,0.8970917463,-0.2914024293,0.6604637504,-0.0006228600,0.7508577704,1,106.6,-40.0,2339.8,1,-0.0194194000,-0.0019235226,-0.9998095632,0.0003238793,0.9999980927,-0.0019301758,0.9998113513,-0.0003613005,-0.0194187406,0,266.9,-365.4,2340.0,1,0.8764758110,0.3937886059,0.2769850194,-0.3302859962,0.9103981256,-0.2491714060,-0.3502875268,0.1269084513,0.9280048013,0,274.5,-45.4,2339.5,1,0.4922561049,-0.0031642383,0.8704447150,0.0122602843,0.9999194145,-0.0032985639,-0.8703641295,0.0122956373,0.4922552109,0,131.7,-375.6,2293.4,0,-51.1,-167.4,2321.7,1,379.8,-231.3,2256.3,1,267.5,-714.0,2340.1,0,132.8,-724.2,2289.2,0,
2,0.9996477365,0.0207344666,0.0159057528,-0.0242840368,0.9618142247,0.2725829780,-0.0096512847,-0.2728607059,0.9620103836,1,203.8,495.6,2199.1,1,0.9996477365,0.0207344666,0.0159057528,-0.0242840368,0.9618142247,0.2725829780,-0.0096512847,-0.2728607059,0.9620103836,1,199.8,310.7,2251.6,1,0.9995134473,0.0269089341,0.0150775444,-0.0297314916,0.9705546498,0.2389894575,-0.0082073100,-0.2393093109,0.9709146023,1,194.9,134.7,2295.0,1,0.3485642672,-0.7341716886,-0.5826618075,0.8986317515,0.0850878209,0.4303729832,-0.2663902640,-0.6736110449,0.6894087195,1,71.9,314.5,2252.6,1,0.1265472323,-0.7335851789,-0.6677113771,0.9919580817,0.0920772180,0.0868384987,-0.0022224213,-0.6733309031,0.7393378615,1,-18.4,81.6,2321.7,1,0.2710473239,0.7491301894,0.6044313908,-0.9544689655,0.1278956234,0.2695025802,0.1245883778,-0.6499589682,0.7496873140,1,327.7,306.9,2250.5,1,-0.0861402228,0.7444697022,0.6620759964,-0.9928097129,-0.0087012313,-0.1193866581,-0.0831188783,-0.6675994992,0.7398662567,1,404.6,36.0,2285.9,1,0.7863643169,-0.3597439229,-0.5022105575,0.2879770696,0.9326842427,-0.2171850204,0.5465348363,0.0261614099,0.8370276093,0,106.3,-38.8,2339.0,1,0.1391481161,-0.0017883913,-0.9902700782,0.0004375675,0.9999983907,-0.0017444754,0.9902716279,-0.0001905693,0.1391486526,0,236.7,-377.0,2329.6,0,0.9202457666,0.3153367341,0.2317552716,-0.2743358314,0.9421479702,-0.1926060915,-0.2790835202,0.1136661693,0.9535157681,0,273.8,-43.8,2337.7,1,0.5812715888,-0.0034588715,0.8137022853,0.0109602371,0.9999335408,-0.0035789907,-0.8136357665,0.0109987352,0.5812708735,0,159.5,-385.4,2296.5,0,-49.9,-165.1,2322.2,1,381.8,-226.7,2263.9,1,237.3,-725.7,2329.6,0,160.7,-734.1,2292.6,0,
3,0.9994069338,0.0294882171,0.0171653666,-0.0330526792,0.9614737034,0.2728616893,-0.0084627019,-0.2732547522,0.9619097114,1,208.3,488.1,2199.2,1,0.9994069338,0.0294882171,0.0171653666,-0.0330526792,0.9614737034,0.2728616893,-0.0084627019,-0.2732547522,0.9619097114,1,202.7,304.5,2251.4,1,0.9993739128,0.0311390813,0.0161436871,-0.0341054536,0.9700843692,0.2403109819,-0.0081824409,-0.2406990379,0.9705712199,1,197.0,128.6,2295.0,1,0.3697243631,-0.7304806709,-0.5741966963,0.8878265023,0.0955163538,0.4501563013,-0.2739852965,-0.6762207747,0.6838548779,1,74.8,308.8,2252.5,1,0.1177807599,-0.7311148047,-0.6720110178,0.9930138588,0.0915879458,0.0743985102,0.0071542528,-0.6760789752,0.7367944121,1,-19.7,81.9,2322.5,1,0.2747549713,0.7486273646,0.6033794880,-0.9527245760,0.1273094118,0.2758769989,0.1297131628,-0.6506530643,0.7482146025,1,330.6,300.1,2250.4,1,-0.0948126838,0.7429290414,0.6626212597,-0.9940651059,-0.0349921212,-0.1030050442,-0.0533389151,-0.6684548259,0.7418376207,1,405.9,38.9,2285.9,1,0.6773253679,-0.4419802129,-0.5881190300,0.3310567141,0.8970174193,-0.2928503752,0.6569871306,0.0036541102,0.7538931370,1,106.7,-44.4,2339.4,1,-0.0143708531,-0.0015952886,-0.9998955131,-0.0026847655,0.9999951720,-0.0015568614,0.9998931885,0.0026621113,-0.0143750673,0,266.9,-369.7,2338.1,1,0.9486694336,0.2517521977,0.1914344877,-0.2253636271,0.9627658725,-0.1493087560,-0.2218954116,0.0985022634,0.9700823426,0,276.1,-50.2,2338.0,1,0.6558744907,-0.0036058018,0.7548612952,0.0097706839,0.9999454021,-0.0037129160,-0.7548066974,0.0098107187,0.6558738947,0,184.8,-399.3,2302.3,0,-49.0,-165.0,2320.7,1,380.8,-224.5,2271.8,1,267.5,-718.4,2337.1,0,186.1,-748.0,2298.9,0,
4,0.9995900989,0.0234404262,0.0157697350,-0.0266463961,0.9676355720,0.2508957088,-0.0093830079,-0.2512002289,0.9678950310,1,205.6,477.0,2205.3,1,0.9995900989,0.0234404262,0.0157697350,-0.0266463961,0.9676355720,0.2508957088,-0.0093830079,-0.2512002289,0.9678950310,1,201.1,292.7,2253.1,1,0.9995232224,0.0265046880,0.0151424753,-0.0292448085,0.9735563397,0.2265152037,-0.0087430244,-0.2268374711,0.9738992453,1,196.3,116.2,2294.3,1,0.3748462796,-0.7313172221,-0.5697940588,0.8857147694,0.1009415239,0.4531226158,-0.2738605440,-0.6745263338,0.6855760217,1,73.2,296.4,2254.3,1,0.1135633886,-0.7327535152,-0.6709514260,0.9934827089,0.0903984010,0.0694290400,0.0097785573,-0.6744632721,0.7382437587,1,-19.1,78.4,2321.7,1,0.2969222069,0.7478883862,0.5937171578,-0.9448652267,0.1401993781,0.2959287167,0.1380828917,-0.6488505006,0.7482820749,1,329.0,289.0,2252.0,1,-0.0917083621,0.7433882356,0.6625433564,-0.9949061871,-0.0404409170,-0.0923379809,-0.0418490991,-0.6676366329,0.7433102131,1,407.4,39.5,2288.5,1,0.6735867858,-0.4479704201,-0.5878806710,0.3340131342,0.8940359950,-0.2985552549,0.6593304276,0.0047429260,0.7518386245,1,107.2,-57.8,2336.1,1,-0.0203180816,-0.0007976805,-0.9997932315,-0.0013462757,0.9999988079,-0.0007704850,0.9997926354,0.0013303426,-0.0203191303,0,269.7,-382.0,2334.4,1,0.9670301080,0.2007054090,0.1567486376,-0.1837559044,0.9760843515,-0.1161600575,-0.1763138324,0.0835267827,0.9807837009,0,275.8,-62.8,2334.6,1,0.7179728746,-0.0036410829,0.6960616112,0.0086934948,0.9999552369,-0.0037364142,-0.6960167885,0.0087338518,0.7179723978,0,203.0,-416.7,2304.4,0,-47.3,-168.7,2319.2,1,383.2,-223.4,2277.4,1,270.0,-730.7,2333.9,0,204.3,-765.4,2301.3,0,
5,0.9995090961,0.0230254475,0.0207335260,-0.0273209754,0.9705239534,0.2394037694,-0.0146148680,-0.2398395836,0.9707078338,1,205.5,479.5,2207.8,1,0.9995090961,0.0230254475,0.0207335260,-0.0273209754,0.9705239534,0.2394037694,-0.0146148680,-0.2398395836,0.9707078338,1,201.1,294.2,2253.6,1,0.9995221496,0.0229078792,0.0202286374,-0.0267681144,0.9755666256,0.2180129141,-0.0147449765,-0.2184373587,0.9757453799,1,196.9,117.3,2293.2,1,0.3708097935,-0.7333440781,-0.5698302984,0.8918583989,0.1100631952,0.4387194514,-0.2590149641,-0.6708893776,0.6948515773,1,73.2,297.6,2255.5,1,0.0867306814,-0.7356449366,-0.6717917323,0.9957842827,0.0842243955,0.0363293998,0.0298557263,-0.6721105576,0.7398485541,1,-22.4,67.8,2322.3,1,0.2952388823,0.7474520206,0.5951046348,-0.9448569417,0.1360384673,0.2978909016,0.1417020261,-0.6502377391,0.7463989854,1,329.0,290.8,2251.7,1,-0.0812055171,0.7449378967,0.6621730328,-0.9961220622,-0.0380873680,-0.0793113932,-0.0338616446,-0.6660456657,0.7451419234,1,408.2,37.2,2289.8,1,0.6710695028,-0.4434464872,-0.5941560268,0.3577559590,0.8956114650,-0.2643693089,0.6493665576,-0.0351527110,0.7596628666,1,108.5,-57.3,2334.1,1,-0.0372546054,-0.0003987505,-0.9993057251,-0.0006795612,0.9999997616,-0.0003736930,0.9993056059,0.0006651676,-0.0372548625,0,269.3,-382.1,2346.8,1,0.9788506627,0.1599321663,0.1275659353,-0.1490595043,0.9846587181,-0.0907108933,-0.1401164979,0.0697775036,0.9876732826,0,277.1,-61.8,2331.6,1,0.7693841457,-0.0035940467,0.6387763023,0.0077254456,0.9999634027,-0.0036787847,-0.6387397051,0.0077652298,0.7693837881,0,219.1,-418.9,2306.3,0,-44.0,-179.8,2314.8,1,386.8,-225.5,2280.8,1,269.4,-730.7,2346.6,0,220.3,-767.5,2303.6,0,
6,0.9996964335,0.0178611726,0.0163223073,-0.0214898065,0.9653599262,0.2599923909,-0.0111178346,-0.2602514923,0.9654821754,1,204.8,480.9,2202.1,1,0.9996964335,0.0178611726,0.0163223073,-0.0214898065,0.9653599262,0.2599923909,-0.0111178346,-0.2602514923,0.9654821754,1,201.4,296.4,2251.8,1,0.9996556640,0.0204643589,0.0157565773,-0.0235539246,0.9725649357,0.2313851565,-0.0105937701,-0.2316641808,0.9727439880,1,197.7,120.1,2293.8,1,0.3643809557,-0.7320265174,-0.5756419897,0.8917575479,0.0961787999,0.4421742558,-0.2683187127,-0.6744529605,0.6878359318,1,73.5,299.5,2253.2,1,0.0878042430,-0.7326056361,-0.6749662161,0.9952386618,0.0932993442,0.0282007549,0.0423138700,-0.6742286086,0.7373095155,1,-20.9,68.4,2322.7,1,0.2913916111,0.7489464283,0.5951219201,-0.9455841184,0.1313516796,0.2976866961,0.1447811425,-0.6494812369,0.7464666367,1,329.3,293.4,2250.5,1,-0.0730679482,0.7481369376,0.6595091224,-0.9972784519,-0.0482822508,-0.0557192527,-0.0098430468,-0.6617855430,0.7496286631,1,408.6,36.1,2289.9,1,0.6708563566,-0.4330102801,-0.6020414829,0.3609859049,0.8998291492,-0.2449425459,0.6477971673,-0.0530072004,0.7599666715,1,109.7,-54.2,2336.7,1,-0.0431587584,-0.0001993746,-0.9990681410,-0.0003401781,0.9999999404,-0.0001848652,0.9990681410,0.0003318826,-0.0431588218,0,266.7,-380.5,2355.9,1,0.9864444733,0.1274460405,0.1033670753,-0.1204772890,0.9901671410,-0.0710934773,-0.1114112586,0.0576763824,0.9920992851,0,278.2,-58.2,2334.9,1,0.8117650747,-0.0034881148,0.5839737654,0.0068602748,0.9999701381,-0.0035633813,-0.5839438438,0.0068988488,0.8117647171,0,232.0,-417.2,2314.0,0,-42.8,-179.0,2312.2,1,389.3,-227.5,2287.3,1,266.8,-729.2,2355.8,0,233.2,-765.9,2311.6,0,
7,0.9998172522,0.0179437380,0.0046884753,-0.0185301751,0.9571391940,0.2889971435,0.0006938225,-0.2890189588,0.9573282003,1,205.5,479.7,2193.2,1,0.9998172522,0.0179437380,0.0046884753,-0.0185301751,0.9571391940,0.2889971435,0.0006938225,-0.2890189588,0.9573282003,1,202.1,296.6,2248.5,1,0.9997771382,0.0202139150,0.0039482433,-0.0205539409,0.9675858021,0.2516579032,0.0012624953,-0.2516711950,0.9678178430,1,198.4,121.2,2294.1,1,0.3646317720,-0.7262793183,-0.5827194452,0.8849107027,0.0755224526,0.4595970213,-0.2897874415,-0.6832383871,0.6702302098,1,74.2,299.2,2248.4,1,0.0997691378,-0.7243482471,-0.6821771264,0.9936881065,0.1078694165,0.0307902284,0.0512831993,-0.6809431911,0.7305383682,1,-20.1,70.4,2323.3,1,0.2774355710,0.7581688762,0.5900926590,-0.9471094608,0.1127207205,0.3004621863,0.1612854302,-0.6422412395,0.7493417859,1,330.0,294.0,2248.7,1,-0.0537306033,0.7595306039,0.6482486725,-0.9985297322,-0.0455245227,-0.0294244252,0.0071624569,-0.6488766074,0.7608600259,1,405.3,37.0,2292.4,1,0.7847651243,-0.3555602133,-0.5076619387,0.3084617555,0.9344958067,-0.1776763499,0.5375826359,-0.0171601027,0.8430364132,0,110.8,-52.5,2339.6,1,0.1179493666,-0.0001581359,-0.9930195808,-0.0002980869,0.9999999404,-0.0001946538,0.9930195808,0.0003189654,0.1179493070,0,239.7,-391.3,2345.9,0,0.9913163185,0.1015885621,0.0834968910,-0.0971243531,0.9937010407,-0.0559026450,-0.0886500105,0.0473076254,0.9949387908,0,278.7,-55.9,2339.9,1,0.8465822339,-0.0033416846,0.5322474241,0.0060901078,0.9999756217,-0.0034085161,-0.5322231054,0.0061270334,0.8465819955,0,241.9,-416.3,2322.7,0,-45.0,-176.7,2310.5,1,391.0,-228.2,2294.3,1,239.8,-740.0,2345.8,0,243.0,-764.9,2320.6,0,
8,0.9999804497,0.0035115874,0.0022655567,-0.0040087090,0.9585363269,0.2849038839,-0.0011752613,-0.2848950624,0.9585631490,1,200.3,472.9,2194.8,1,0.9999804497,0.0035115874,0.0022655567,-0.0040087090,0.9585363269,0.2849038839,-0.0011752613,-0.2848950624,0.9585631490,1,199.6,290.8,2248.9,1,0.9999687076,0.0060473084,0.0020894809,-0.0063743913,0.9683659673,0.2494057715,-0.0005191538,-0.2493993789,0.9684064388,1,198.5,115.2,2294.1,1,0.3662360013,-0.7256305218,-0.5825216770,0.8831427693,0.0738417953,0.4632561505,-0.2931383848,-0.6841108799,0.6678788066,1,71.7,291.6,2249.0,1,0.0927458033,-0.7234452367,-0.6841236949,0.9937010407,0.1106577590,0.0176967550,0.0629009679,-0.6814556718,0.7291512489,1,-19.7,71.2,2322.2,1,0.2762782276,0.7592788935,0.5892078280,-0.9473417401,0.1118675396,0.3000489771,0.1619076282,-0.6410781741,0.7502030730,1,327.6,290.0,2248.9,1,-0.0854538903,0.7576414347,0.6470525861,-0.9960449934,-0.0808224529,-0.0369080789,0.0243332945,-0.6476473808,0.7615514994,1,404.1,27.5,2293.7,1,0.8603459597,-0.2884262502,-0.4202560484,0.2578666508,0.9574979544,-0.1292379200,0.4396699369,0.0028192848,0.8981549740,0,113.6,-59.8,2339.4,1,0.2604435682,-0.0001232248,-0.9654890299,-0.0002592957,0.9999999404,-0.0001975752,0.9654890299,0.0003018044,0.2604435086,0,218.2,-407.0,2338.4,0,0.9944391251,0.0810104385,0.0672918260,-0.0781516358,0.9959662557,-0.0440859646,-0.0705918074,0.0385818407,0.9967588782,0,281.3,-60.8,2339.3,1,0.8751071692,-0.0031689925,0.4839187264,0.0054064011,0.9999801517,-0.0032283335,-0.4838988781,0.0054413965,0.8751069903,0,251.9,-422.0,2325.3,0,-42.8,-175.9,2306.5,1,381.2,-240.0,2300.3,1,218.3,-755.7,2338.3,0,253.0,-770.7,2323.4,0,
9,0.9999486208,0.0000167181,-0.0089980718,0.0028495966,0.9480324388,0.3181270361,0.0085320426,-0.3181246221,0.9480155110,1,200.5,462.5,2186.1,1,0.9999486208,0.0000167181,-0.0089980718,0.0028495966,0.9480324388,0.3181270361,0.0085320426,-0.3181246221,0.9480155110,1,200.5,282.9,2246.4,1,0.9999454618,0.0023194237,-0.0090545872,0.0002328693,0.9623137712,0.2718981802,0.0093404036,-0.2718743086,0.9622933865,1,200.1,108.4,2295.7,1,0.3734994233,-0.7156636715,-0.5901894569,0.8755165339,0.0617163628,0.4792304337,-0.3065434992,-0.6957129240,0.6496264338,1,72.5,282.8,2245.2,1,0.0818619654,-0.7128276825,-0.6965453029,0.9942520857,0.1067977101,0.0075559551,0.0690033436,-0.6931601167,0.7174730301,1,-20.5,64.7,2321.6,1,0.2666526437,0.7676100135,0.5828131437,-0.9458568692,0.0923044309,0.3111827374,0.1850707680,-0.6342355013,0.7506623864,1,328.4,282.9,2247.6,1,-0.0901863277,0.7649807930,0.6377074718,-0.9953463078,-0.0910566896,-0.0315348506,0.0339439809,-0.6375837922,0.7696328759,1,403.0,18.3,2299.4,1,0.9098346233,-0.2322942019,-0.3438609838,0.2125639021,0.9725592136,-0.0945785940,0.3563952446,0.0129584409,0.9342454076,0,115.9,-66.0,2344.2,1,0.3840816617,-0.0000942231,-0.9232991338,-0.0002243481,0.9999999404,-0.0001953767,0.9232991338,0.0002821810,0.3840816021,0,200.1,-418.7,2339.5,0,0.6073794365,0.6595444679,0.4428219199,-0.4661403000,0.7472614050,-0.4736173749,-0.6432754993,0.0812482983,0.7613116503,1,283.4,-65.9,2345.7,1,0.1428528577,0.3063386083,0.9411427379,-0.0064461604,0.9511629939,-0.3086217046,-0.9897229075,0.0380207412,0.1378510743,1,44.2,-336.9,2316.3,1,-40.9,-182.6,2304.4,1,378.7,-250.2,2308.5,1,200.2,-767.4,2339.4,0,-56.3,-649.1,2303.8,1,
10,0.9999831915,-0.0007840137,-0.0033418350,0.0018288724,0.9458661079,0.3245191872,0.0029025557,-0.3245082200,0.9458833933,1,199.0,458.3,2184.7,1,0.9999831915,-0.0007840137,-0.0033418350,0.0018288724,0.9458661079,0.3245191872,0.0029025557,-0.3245082200,0.9458833933,1,199.2,279.2,2246.2,1,0.9999738336,0.0043284534,-0.0034315907,-0.0032092910,0.9610799551,0.2762094438,0.0044897893,-0.2761801779,0.9611013532,1,198.4,105.0,2296.2,1,0.3690769970,-0.7176539898,-0.5905545950,0.8792979717,0.0638197958,0.4719768167,-0.3010270298,-0.6934692264,0.6545861363,1,71.2,279.7,2245.6,1,0.0655924901,-0.7160438895,-0.6949667335,0.9956476092,0.0931759030,-0.0020303621,0.0662079751,-0.6918088198,0.7190390229,1,-21.6,58.4,2321.3,1,0.2618727088,0.7687498927,0.5834775567,-0.9421962500,0.0727062598,0.3270778060,0.2090185881,-0.6354031563,0.7433531880,1,327.1,278.8,2246.7,1,-0.1072661281,0.7630302906,0.6373999715,-0.9937313199,-0.1025915146,-0.0444199368,0.0314980708,-0.6381690502,0.7692516446,1,401.5,11.1,2306.1,1,0.9419699907,-0.1863126606,-0.2792491317,0.1736143380,0.9823392630,-0.0697683319,0.2873160839,0.0172380228,0.9576807022,0,113.9,-68.9,2345.9,1,0.4898096323,-0.0000705073,-0.8718292713,-0.0001933783,0.9999999404,-0.0001895162,0.8718292713,0.0002614198,0.4898095727,0,181.4,-425.2,2339.7,0,0.7412959933,0.5421942472,0.3956079483,-0.4147571027,0.8334665298,-0.3651164770,-0.5276900530,0.1065781713,0.8427243233,0,281.3,-69.5,2346.7,1,0.2812522650,0.2778300047,0.9185354710,-0.0263597369,0.9590485096,-0.2820127010,-0.9592716694,0.0551043227,0.2770581245,0,84.7,-371.7,2308.0,0,-38.0,-189.2,2304.9,1,372.7,-256.0,2314.6,1,181.5,-773.8,2339.6,0,-12.2,-706.1,2288.8,0,
11,0.9999203682,0.0028625354,-0.0113649778,0.0009296723,0.9473506212,0.3201636076,0.0116794072,-0.3201370537,0.9473043084,1,201.2,461.2,2185.6,1,0.9999203682,0.0028625354,-0.0113649778,0.0009296723,0.9473506212,0.3201636076,0.0116794072,-0.3201370537,0.9473043084,1,200.7,281.1,2246.4,1,0.9999110103,0.0047682179,-0.0115490574,-0.0014170241,0.9616858363,0.2741076350,0.0124100260,-0.2740557790,0.9616397023,1,199.8,106.8,2296.1,1,0.3684926331,-0.7146745324,-0.5945195556,0.8783661723,0.0582284778,0.4744284749,-0.3044439852,-0.6970292926,0.6492026448,1,72.7,281.3,2244.8,1,0.0694204643,-0.7133689523,-0.6973417401,0.9956142902,0.0934890285,0.0034758127,0.0627142712,-0.6945247054,0.7167302966,1,-22.0,55.4,2323.1,1,0.2539052367,0.7750828862,0.5786006451,-0.9446014166,0.0700683892,0.3206535876,0.2079915255,-0.6279625893,0.7499349713,1,328.6,281.0,2248.0,1,-0.0982161686,0.7721961737,0.6277472377,-0.9922931790,-0.1238793135,-0.0028675476,0.0755506009,-0.6231909394,0.7784119248,1,400.8,12.6,2307.1,1,0.9627275467,-0.1490889341,-0.2256726176,0.1409328431,0.9886565804,-0.0519239716,0.2308540195,0.0181839578,0.9728184938,0,115.3,-67.5,2344.8,1,0.5792138577,-0.0000513783,-0.8151755333,-0.0001662649,0.9999999404,-0.0001811648,0.8151755333,0.0002404682,0.5792138577,0,169.3,-426.0,2338.2,0,0.6364508271,0.6038227081,0.4799256027,-0.4219738245,0.7934232950,-0.4386543930,-0.6456536055,0.0766659006,0.7597722411,1,282.6,-67.7,2346.8,1,0.1472010314,0.5228102207,0.8396435976,-0.0127999485,0.8498266339,-0.5269068480,-0.9890238047,0.0668138266,0.1317873001,1,64.0,-355.0,2319.1,1,-39.3,-192.2,2307.5,1,374.6,-252.2,2327.3,1,169.3,-774.7,2338.1,0,-114.0,-644.2,2296.3,1,
12,0.9998459816,0.0022760576,-0.0167631470,0.0032926998,0.9458171725,0.3246503472,0.0165902637,-0.3246438503,0.9456956983,1,202.6,465.4,2184.5,1,0.9998459816,0.0022760576,-0.0167631470,0.0032926998,0.9458171725,0.3246503472,0.0165902637,-0.3246438503,0.9456956983,1,202.1,285.2,2246.3,1,0.9998306036,0.0054132370,-0.0169607177,-0.0005254782,0.9612473845,0.2756443620,0.0177922007,-0.2755776942,0.9611200690,1,201.2,110.9,2296.3,1,0.3689728379,-0.7107951641,-0.5988566279,0.8787156940,0.0568289757,0.4739506245,-0.3028493822,-0.7010996342,0.6455551982,1,74.2,285.2,2244.1,1,0.0580249764,-0.7093446255,-0.7024694085,0.9960888624,0.0881032646,-0.0066871904,0.0666333735,-0.6993339062,0.7116824985,1,-21.7,56.9,2322.7,1,0.2792135477,0.7725431919,0.5702776909,-0.9373274446,0.0903473049,0.3365331292,0.2084633261,-0.6285015345,0.7493522167,1,330.1,285.1,2248.6,1,-0.0731503963,0.7767661214,0.6255266070,-0.9902189970,-0.1312851012,0.0472288430,0.1188080758,-0.6159535050,0.7787721157,1,405.2,33.0,2304.7,1,0.9760909677,-0.1191590056,-0.1817899644,0.1139271483,0.9927235842,-0.0389939062,0.1851136684,0.0173507817,0.9825639129,0,116.5,-63.4,2344.8,1,0.6541568637,-0.0000361415,-0.7563589215,-0.0001427388,1.0000000000,-0.0001712350,0.7563589215,0.0002199763,0.6541568041,0,159.7,-423.4,2338.5,0,0.7610864639,0.4932681322,0.4212291241,-0.3737625480,0.8642440438,-0.3367251754,-0.5301405787,0.0988373309,0.8421295881,0,283.9,-63.4,2347.7,1,0.2830379009,0.4765657187,0.8323308825,-0.0477916598,0.8737468123,-0.4840273559,-0.9579172730,0.0972196162,0.2700793147,0,105.0,-376.9,2311.9,0,-36.1,-190.8,2306.2,1,385.9,-227.9,2336.0,1,159.7,-772.0,2338.4,0,-61.2,-681.5,2278.0,0,
13,0.9998099208,0.0070743267,-0.0175606646,-0.0011448637,0.9484933019,0.3167612851,0.0188935250,-0.3166691661,0.9483528733,1,203.1,471.6,2186.0,1,0.9998099208,0.0070743267,-0.0175606646,-0.0011448637,0.9484933019,0.3167612851,0.0188935250,-0.3166691661,0.9483528733,1,201.8,290.6,2246.4,1,0.9998006821,0.0074958182,-0.0179067515,-0.0023526012,0.9624601603,0.2713696957,0.0192653053,-0.2712622583,0.9623185992,1,200.4,116.1,2295.6,1,0.3635849059,-0.7123042345,-0.6003573537,0.8815699220,0.0548102111,0.4688607752,-0.3010657132,-0.6997277141,0.6478740573,1,73.8,290.9,2243.9,1,0.0380969085,-0.7124822140,-0.7006554008,0.9964148998,0.0800889432,-0.0272624828,0.0755387694,-0.6971048713,0.7129788995,1,-21.3,60.4,2322.7,1,0.3218958676,0.7680931687,0.5535483360,-0.9175482988,0.1089345664,0.3824111819,0.2334269136,-0.6310039163,0.7398282290,1,329.7,290.3,2248.9,1,-0.0436419100,0.7776517272,0.6271786690,-0.9931150079,-0.1020796001,0.0574651808,0.1087100506,-0.6203526855,0.7767525911,1,405.6,74.0,2303.9,1,0.9846757650,-0.0951853245,-0.1461279541,0.0918320268,0.9953362346,-0.0295401122,0.1482582241,0.0156682078,0.9888245463,0,115.4,-58.2,2343.2,1,0.7165475488,-0.0000241513,-0.6975382566,-0.0001224587,1.0000000000,-0.0001604196,0.6975382566,0.0002003679,0.7165474892,0,149.9,-419.1,2337.5,0,0.6529847980,0.5687090158,0.5001809001,-0.3996923268,0.8197264075,-0.4102371931,-0.6433171034,0.0679602548,0.7625775337,1,282.7,-58.6,2346.4,1,0.1475187242,0.5485104322,0.8230276704,-0.0193854757,0.8335754871,-0.5520653725,-0.9888693094,0.0654852018,0.1336011142,1,76.7,-355.6,2321.8,1,-30.7,-187.4,2303.9,1,394.5,-178.6,2331.6,1,149.9,-767.8,2337.4,0,-113.4,-644.4,2299.1,1,
14,0.9997890592,0.0032286032,-0.0197370537,0.0032904069,0.9469153285,0.3214332163,0.0197236352,-0.3214186132,0.9467368126,1,202.7,476.3,2184.1,1,0.9997890592,0.0032286032,-0.0197370537,0.0032904069,0.9469153285,0.3214332163,0.0197236352,-0.3214186132,0.9467368126,1,202.0,294.8,2245.7,1,0.9997559190,0.0080894828,-0.0200231690,-0.0023095263,0.9619502425,0.2731721997,0.0214678086,-0.2730481029,0.9617668390,1,200.6,120.4,2295.2,1,0.3618263900,-0.7092311978,-0.6050395370,0.8849343061,0.0571707785,0.4621934891,-0.2932114303,-0.7026540041,0.6483089328,1,74.1,295.1,2243.0,1,0.0290703662,-0.7094664574,-0.7041394711,0.9971067309,0.0700799376,-0.0294445939,0.0702359974,-0.7012462020,0.7094510198,1,-20.4,64.1,2319.5,1,0.3322741985,0.7668643594,0.5491020083,-0.9128674269,0.1150597334,0.3917070031,0.2372066081,-0.6314114928,0.7382768393,1,330.0,294.5,2248.5,1,-0.0350262113,0.7785139680,0.6266493201,-0.9925304651,-0.1004186720,0.0692775846,0.1168608442,-0.6195420623,0.7762160897,1,407.0,82.9,2303.4,1,0.6618763804,-0.4120554626,-0.6262028217,0.3347424865,0.9099198580,-0.2449354380,0.6707212925,-0.0474996641,0.7401869297,1,115.1,-53.8,2342.9,1,-0.0468134023,-0.0088044740,-0.9988649487,0.0138613069,0.9998591542,-0.0094628707,0.9988076091,-0.0142885596,-0.0466847681,0,264.6,-383.8,2360.2,1,0.7723214626,0.4632793069,0.4346169531,-0.3523865342,0.8817215562,-0.3136731386,-0.5285294056,0.0891033560,0.8442258835,0,283.1,-54.2,2346.5,1,0.2830446362,0.5007460713,0.8180091977,-0.0557404757,0.8600333333,-0.5071840882,-0.9574856162,0.0979595184,0.2713396549,0,115.1,-374.0,2314.2,0,-27.6,-183.9,2302.1,1,398.2,-165.1,2332.6,1,267.6,-732.4,2365.1,0,-59.5,-673.8,2280.1,0,
15,0.9999135137,0.0042849495,-0.0115242144,-0.0003566022,0.9470804334,0.3209630549,0.0122859543,-0.3209194839,0.9470318556,1,202.3,479.4,2183.7,1,0.9999135137,0.0042849495,-0.0115242144,-0.0003566022,0.9470804334,0.3209630549,0.0122859543,-0.3209194839,0.9470318556,1,201.4,297.8,2245.3,1,0.9998947382,0.0070350012,-0.0118017634,-0.0035271754,0.9616655707,0.2741598785,0.0132744992,-0.2740782499,0.9616218209,1,200.2,123.4,2295.0,1,0.3661023378,-0.6907546520,-0.6235600710,0.8859485984,0.0537041426,0.4606636763,-0.2847177982,-0.7210922241,0.6316342950,1,73.5,298.2,2243.6,1,0.0008648093,-0.6907545924,-0.7230887413,0.9972987175,0.0537041202,-0.0501099005,0.0734464824,-0.7210921645,0.6889352202,1,-22.1,66.9,2317.9,1,0.3418053091,0.7604912519,0.5521070361,-0.9084615707,0.1170028895,0.4012578726,0.2405550033,-0.6387200952,0.7308692932,1,329.4,297.3,2247.0,1,-0.0315438062,0.7728754282,0.6337732673,-0.9922544360,-0.1004386246,0.0730972067,0.1201503575,-0.6265586019,0.7700572610,1,408.4,87.3,2302.6,1,0.7062596083,-0.1371798366,-0.6945351362,0.0779341236,0.9901497960,-0.1163178608,0.7036502957,0.0280225966,0.7099936604,1,115.1,-50.7,2343.6,1,-0.0214305762,-0.0044020452,-0.9997606277,0.0070480597,0.9999647737,-0.0045540244,0.9997454286,-0.0071439683,-0.0213987976,0,164.8,-409.7,2333.4,1,0.6554135084,0.5545349121,0.5127612352,-0.3876459897,0.8296536207,-0.4017531276,-0.6482003927,0.0645445660,0.7587293386,1,282.7,-51.2,2345.8,1,0.1438795924,0.5494584441,0.8230395913,-0.0189769268,0.8330721855,-0.5528387427,-0.9894132614,0.0639234409,0.1302891076,1,81.7,-352.0,2322.4,1,-22.3,-181.0,2299.7,1,400.6,-158.5,2332.4,1,166.3,-758.4,2335.9,0,-109.6,-642.0,2300.1,1,
16,0.9998844266,0.0043375711,-0.0138050364,0.0003256021,0.9470819831,0.3209583461,0.0144630503,-0.3209139407,0.9470028877,1,203.1,481.4,2183.6,1,0.9998844266,0.0043375711,-0.0138050364,0.0003256021,0.9470819831,0.3209583461,0.0144630503,-0.3209139407,0.9470028877,1,202.3,299.9,2245.1,1,0.9998744726,0.0056256596,-0.0140560353,-0.0015740197,0.9620400071,0.2728610039,0.0150540164,-0.2727934420,0.9619608521,1,201.3,125.4,2294.6,1,0.3642202318,-0.6918808818,-0.6234136224,0.8845918179,0.0476511270,0.4639253318,-0.2912746668,-0.7204375863,0.6293876767,1,74.3,300.1,2243.2,1,0.0399510525,-0.6916560531,-0.7211211920,0.9966503978,0.0791231841,-0.0206744689,0.0713570267,-0.7178797722,0.6925003529,1,-20.7,69.4,2319.2,1,0.3421205580,0.7636483312,0.5475350618,-0.9059390426,0.1133696586,0.4079480469,0.2494549900,-0.6356008053,0.7306050658,1,330.2,299.7,2247.1,1,-0.0287092123,0.7763087749,0.6296985745,-0.9923272729,-0.0979238302,0.0754808709,0.1202589720,-0.6227000952,0.7731637955,1,408.6,92.1,2304.2,1,0.6993967295,-0.2305689007,-0.6765219569,0.1719603240,0.9730167389,-0.1538440436,0.6937388182,-0.0087369047,0.7201734781,1,116.5,-48.9,2342.8,1,-0.0323370993,-0.1580400467,-0.9869031310,0.0188828036,0.9871466756,-0.1586977839,0.9992987514,-0.0237673204,-0.0289372168,1,193.4,-373.4,2345.7,1,0.7739827633,0.4512666166,0.4441948533,-0.3418027461,0.8882682920,-0.3068391979,-0.5330305099,0.0856612325,0.8417485356,0,284.0,-49.1,2345.3,1,0.2798455954,0.5017625093,0.8184866905,-0.0555301905,0.8595830202,-0.5079698563,-0.9584375620,0.0967023075,0.2684135437,0,120.3,-371.2,2314.3,0,-30.6,-178.3,2301.4,1,401.5,-152.6,2333.9,1,247.8,-713.4,2353.9,1,-54.6,-671.0,2280.5,0,
17,0.9998340011,0.0056250654,-0.0166886877,-0.0000242999,0.9480983615,0.3179436028,0.0176074356,-0.3178786337,0.9479729533,1,202.8,481.7,2184.6,1,0.9998340011,0.0056250654,-0.0166886877,-0.0000242999,0.9480983615,0.3179436028,0.0176074356,-0.3178786337,0.9479729533,1,201.7,299.9,2245.5,1,0.9998283982,0.0057849945,-0.0169684011,-0.0009652693,0.9625370502,0.2711053193,0.0178976767,-0.2710312009,0.9624101520,1,200.6,125.4,2294.7,1,0.3617368639,-0.6929813027,-0.6236372590,0.8833371401,0.0408763289,0.4669525921,-0.2980974317,-0.7197959423,0.6269225478,1,73.7,300.1,2243.2,1,0.0453045070,-0.6930309534,-0.7194827199,0.9956451654,0.0900653899,-0.0240602065,0.0814749748,-0.7152594328,0.6940933466,1,-19.7,72.0,2320.2,1,0.3236339986,0.7677837014,0.5529640317,-0.9162158966,0.1083815098,0.3857484758,0.2362403125,-0.6314757466,0.7385315299,1,329.6,299.8,2247.8,1,-0.0337513201,0.7771377563,0.6284249425,-0.9951259494,-0.0844258294,0.0509586297,0.0926571712,-0.6236420870,0.7761992812,1,408.3,77.1,2305.2,1,0.8038456440,-0.1866839081,-0.5647842884,0.1484397203,0.9823924899,-0.1134490594,0.5760189295,0.0073591098,0.8174031973,0,115.9,-49.0,2342.3,1,0.1273943782,-0.1466585547,-0.9809496403,0.0290328264,0.9891353846,-0.1441119462,0.9914273024,-0.0101206601,0.1302682161,0,183.6,-405.3,2339.6,0,0.6536945701,0.5666354299,0.5016050935,-0.3958206177,0.8209488392,-0.4115446806,-0.6449879408,0.0704789460,0.7609357834,1,283.3,-49.2,2345.3,1,0.1475568712,0.5653834343,0.8115224242,-0.0168850422,0.8218244314,-0.5694906116,-0.9889094830,0.0703296661,0.1308123618,1,77.9,-346.8,2319.8,1,-30.9,-175.5,2299.9,1,399.9,-170.7,2328.3,1,234.7,-750.2,2343.2,0,-119.1,-633.1,2295.2,1,
18,0.9997038245,0.0041100346,-0.0235268585,0.0036056256,0.9478454590,0.3186765909,0.0236062501,-0.3186551929,0.9475816488,1,204.0,482.0,2185.0,1,0.9997038245,0.0041100346,-0.0235268585,0.0036056256,0.9478454590,0.3186765909,0.0236062501,-0.3186551929,0.9475816488,1,203.2,299.8,2246.2,1,0.9996701479,0.0083234357,-0.0238429066,-0.0015714524,0.9628176689,0.2701042891,0.0252013821,-0.2699664831,0.9625458121,1,201.7,125.2,2295.2,1,0.3659628928,-0.7548127770,-0.5443608761,0.8802706003,0.0909527540,0.4656728804,-0.3019846976,-0.6496038437,0.6977248788,1,75.3,300.0,2243.0,1,0.0364572108,-0.7548128963,-0.6549263597,0.9946263433,0.0909527689,-0.0494574904,0.0968985036,-0.6496039033,0.7540726662,1,-19.4,72.2,2321.2,1,0.3223769069,0.7690831423,0.5518913865,-0.9202949405,0.1181202605,0.3729674518,0.2216534466,-0.6281389594,0.7458626628,1,331.1,299.6,2249.5,1,-0.0383178145,0.7805472612,0.6239212751,-0.9927464724,-0.1009400189,0.0653104484,0.1139564961,-0.6168931127,0.7787534595,1,409.5,75.8,2303.4,1,0.8728979826,-0.1498584896,-0.4643183947,0.1250774115,0.9885908365,-0.0839271098,0.4715980887,0.0151840709,0.8816828728,0,116.5,-49.2,2342.0,1,0.2685595751,-0.1346507519,-0.9538055062,0.0360538512,0.9908930063,-0.1297349334,0.9625881314,0.0004531965,0.2709684372,0,170.8,-407.7,2336.5,0,0.7727894783,0.4613558352,0.4358293414,-0.3492844403,0.8825247884,-0.3148815334,-0.5299026370,0.0911087096,0.8431502581,0,283.8,-49.5,2346.2,1,0.2828075886,0.5162985325,0.8083661199,-0.0548262894,0.8500941992,-0.5237690210,-0.9576085210,0.1038061529,0.2687197924,0,116.5,-369.5,2313.2,0,-28.5,-175.1,2297.1,1,399.9,-172.6,2331.9,1,217.8,-753.2,2336.4,0,-63.5,-665.9,2277.0,0,
19,0.9996205568,0.0077634617,-0.0260136519,0.0009173650,0.9480522871,0.3180794120,0.0271284245,-0.3179708123,0.9477173090,1,206.5,476.9,2185.6,1,0.9996205568,0.0077634617,-0.0260136519,0.0009173650,0.9480522871,0.3180794120,0.0271284245,-0.3179708123,0.9477173090,1,205.0,295.0,2246.6,1,0.9995897412,0.0099663576,-0.0264437068,-0.0024034383,0.9623558521,0.2717389464,0.0281533860,-0.2715526819,0.9620176554,1,203.2,120.5,2295.9,1,0.3772639930,-0.7573854923,-0.5329530835,0.8717103004,0.0960893780,0.4805079699,-0.3127186596,-0.6458590031,0.6964718699,1,77.1,295.3,2243.0,1,0.0292881858,-0.7573856115,-0.6523107886,0.9931166768,0.0960893631,-0.0669774488,0.1134078652,-0.6458590627,0.7549866438,1,-19.1,73.0,2322.8,1,0.2997188866,0.7696574330,0.5637339950,-0.9352775812,0.1204701960,0.3327803016,0.1882137060,-0.6269883513,0.7559505701,1,332.9,294.7,2250.2,1,-0.0498948470,0.7796570063,0.6242159605,-0.9925560355,-0.1082309633,0.0558453873,0.1110997424,-0.6167829037,0.7792533040,1,409.3,56.4,2298.2,1,0.9180092216,-0.1197389811,-0.3780498207,0.1037532389,0.9926401973,-0.0624555051,0.3827458322,0.0181108322,0.9236761332,0,117.7,-53.8,2342.8,1,0.3909720182,-0.1226284802,-0.9121969342,0.0405325443,0.9924171567,-0.1160402074,0.9195097089,0.0083948150,0.3929777741,0,161.2,-413.7,2336.2,0,0.8522644043,0.3713629842,0.3684222102,-0.2984925508,0.9236158729,-0.2404909134,-0.4295900464,0.0949905738,0.8980140090,0,285.1,-54.2,2347.5,1,0.4010643363,0.4675961733,0.7877191305,-0.0822154135,0.8748119473,-0.4774355888,-0.9123531580,0.1267198175,0.3892995119,0,150.4,-389.1,2313.0,0,-26.4,-173.9,2294.6,1,396.6,-196.5,2326.5,1,203.9,-759.8,2333.3,0,-12.7,-694.1,2268.8,0,
20,0.9997731447,0.0154879671,-0.0138601968,-0.0107185543,0.9555927515,0.2944585979,0.0178015158,-0.2942309678,0.9555736780,1,209.3,473.3,2192.5,1,0.9997731447,0.0154879671,-0.0138601968,-0.0107185543,0.9555927515,0.2944585979,0.0178015158,-0.2942309678,0.9555736780,1,206.3,291.2,2248.6,1,0.9997004867,0.0190824494,-0.0145984571,-0.0147595843,0.9672383070,0.2533944547,0.0189519525,-0.2530912757,0.9672626853,1,202.9,115.9,2294.5,1,0.3827530146,-0.7482992411,-0.5418009162,0.8718557358,0.0986036956,0.4797340631,-0.3055610657,-0.6559919119,0.6901499629,1,78.4,293.1,2246.2,1,0.0130927535,-0.7482994199,-0.6632320881,0.9908937812,0.0986037105,-0.0916897133,0.1340084821,-0.6559920311,0.7427760959,1,-19.0,71.3,2323.9,1,0.2682259679,0.7726672888,0.5753609538,-0.9461488724,0.0989118218,0.3082513213,0.1812656820,-0.6270580888,0.7575889230,1,334.2,289.3,2251.0,1,-0.0696632266,0.7752239704,0.6278334856,-0.9951196909,-0.0980930626,0.0107048145,0.0698847324,-0.6240237355,0.7782741189,1,406.1,35.7,2299.6,1,0.9472601414,-0.0954524726,-0.3059200943,0.0851697773,0.9952659011,-0.0468182750,0.3089407384,0.0182939358,0.9509053230,0,115.7,-58.2,2338.8,1,0.4956041574,-0.1109979823,-0.8614266515,0.0430062935,0.9937198758,-0.1033016518,0.8674830794,0.0141499564,0.4972653389,0,150.4,-419.1,2332.2,0,0.6389769912,0.5870555639,0.4970653653,-0.4187138975,0.8075136542,-0.4154519439,-0.6452804804,0.0573360771,0.7617909908,1,283.1,-60.7,2342.0,1,0.1309297234,0.5868949294,0.7990066409,-0.0248037316,0.8076313734,-0.5891656876,-0.9910811782,0.0573209561,0.1203001589,1,70.2,-353.4,2321.2,1,-22.2,-175.1,2290.6,1,388.0,-224.0,2317.9,1,189.1,-765.6,2327.2,0,-134.3,-634.9,2301.2,1,
21,0.9997588396,0.0208619516,-0.0050354386,-0.0185146909,0.9571523666,0.2889545858,0.0108437454,-0.2887793779,0.9573394060,1,211.4,472.5,2194.5,1,0.9997588396,0.0208619516,-0.0050354386,-0.0185146909,0.9571523666,0.2889545858,0.0108437454,-0.2887793779,0.9573394060,1,207.4,290.2,2249.5,1,0.9996639490,0.0247960147,-0.0059564086,-0.0225158557,0.9679403305,0.2501220405,0.0119635062,-0.2498920113,0.9682057500,1,202.9,114.7,2294.8,1,0.3859824240,-0.7376624346,-0.5539602041,0.8710936904,0.0937731862,0.4820814133,-0.3036667109,-0.6686261892,0.6787678003,1,79.5,293.0,2248.0,1,-0.0125474529,-0.7376623154,-0.6750531793,0.9882330298,0.0937731564,-0.1208389699,0.1524402350,-0.6686260700,0.7278056741,1,-19.5,69.7,2325.8,1,0.2691746354,0.7666584253,0.5829062462,-0.9478583932,0.1036632508,0.3013608158,0.1706148833,-0.6336312890,0.7545871735,1,335.3,287.3,2251.0,1,-0.0671069771,0.7680784464,0.6368296742,-0.9966714382,-0.0812151432,-0.0070725391,0.0462879539,-0.6351845860,0.7709720135,1,407.6,32.8,2296.8,1,0.6828087568,-0.3474154174,-0.6427089572,0.2781917751,0.9370677471,-0.2109819353,0.6755601764,-0.0347360261,0.7364861369,1,114.7,-58.9,2339.1,1,-0.0372479446,-0.1442537755,-0.9888394475,0.0051768767,0.9894850254,-0.1445429623,0.9992927313,-0.0105030276,-0.0361094959,0,240.7,-398.7,2351.7,1,0.7629041672,0.4797211289,0.4334107935,-0.3691655397,0.8735877275,-0.3171139359,-0.5307486057,0.0819272324,0.8435602188,0,282.1,-62.7,2341.1,1,0.2680289745,0.5375504494,0.7994998693,-0.0641312599,0.8379783630,-0.5419220328,-0.9612740278,0.0939778686,0.2590762377,0,108.1,-379.5,2311.4,0,-16.3,-175.9,2287.9,1,390.0,-228.8,2309.0,1,291.0,-743.7,2355.3,0,-79.3,-671.7,2278.6,0,
22,0.9997545481,0.0216502734,-0.0005751229,-0.0205865242,0.9583320022,0.2848756611,0.0067145452,-0.2847815454,0.9585741162,1,212.2,471.1,2196.0,1,0.9997545481,0.0216502734,-0.0005751229,-0.0205865242,0.9583320022,0.2848756611,0.0067145452,-0.2847815454,0.9585741162,1,208.1,288.8,2250.1,1,0.9996400476,0.0263764858,-0.0015177461,-0.0251810700,0.9686626196,0.2470528930,0.0079824347,-0.2469138056,0.9690104723,1,203.3,113.2,2294.9,1,0.3887453079,-0.7213976979,-0.5731164813,0.8703417182,0.0834376067,0.4853281975,-0.3022951484,-0.6874762774,0.6602985263,1,80.2,292.1,2249.1,1,-0.0269658975,-0.7213977575,-0.6919957995,0.9885779619,0.0834376290,-0.1255059689,0.1482782066,-0.6874761581,0.7109079361,1,-19.5,68.8,2326.6,1,0.2725137174,0.7666099668,0.5814168453,-0.9439577460,0.0960630924,0.3157778680,0.1862257272,-0.6348867416,0.7498259544,1,336.0,285.6,2251.2,1,-0.0651562437,0.7666949034,0.6386969090,-0.9977367520,-0.0607132986,-0.0289029218,0.0166176744,-0.6391345859,0.7689154148,1,408.8,33.4,2300.9,1,0.7927646637,-0.2837206125,-0.5394691229,0.2384936959,0.9588835239,-0.1538283527,0.5609322786,-0.0067102686,0.8278344870,0,114.9,-60.3,2339.0,1,0.1230066419,-0.1330441386,-0.9834476113,0.0154545940,0.9911095500,-0.1321476996,0.9922857881,0.0010563061,0.1239691973,0,217.7,-408.0,2341.4,0,0.8457421064,0.3871453404,0.3672039807,-0.3152163029,0.9177544117,-0.2415895164,-0.4305333197,0.0885737538,0.8982180953,0,282.2,-64.5,2340.3,1,0.3881955743,0.4880766869,0.7817195058,-0.0923780799,0.8645771742,-0.4939357638,-0.9169353843,0.1195299625,0.3807126284,0,141.8,-397.3,2308.2,0,-12.8,-176.9,2289.8,1,391.6,-229.8,2305.3,1,264.1,-753.6,2341.1,0,-28.4,-698.8,2266.5,0,
23,0.9997597337,0.0210778937,0.0037989067,-0.0212887526,0.9589196444,0.2828390896,0.0023144148,-0.2828396261,0.9591695666,1,212.5,470.0,2196.7,1,0.9997597337,0.0210778937,0.0037989067,-0.0212887526,0.9589196444,0.2828390896,0.0023144148,-0.2828396261,0.9591695666,1,208.4,287.5,2250.5,1,0.9996255636,0.0268093981,0.0028838369,-0.0266918391,0.9688903689,0.2459989488,0.0037966771,-0.2459718287,0.9692754745,1,203.6,111.8,2295.1,1,0.3906894028,-0.7237707376,-0.5687861443,0.8675652146,0.0829557180,0.4903559089,-0.3077211976,-0.6850359440,0.6603282690,1,80.5,290.9,2250.0,1,-0.0192766245,-0.7237707973,-0.6897712946,0.9899293184,0.0829557106,-0.1147096455,0.1402439326,-0.6850360632,0.7148827910,1,-19.5,68.8,2328.8,1,0.2749657333,0.7643939257,0.5831774473,-0.9425452352,0.0946051404,0.3204034865,0.1897428483,-0.6377710700,0.7464889884,1,336.4,284.1,2251.0,1,-0.0696841553,0.7629811168,0.6426538825,-0.9973044991,-0.0384462886,-0.0624948144,-0.0229747016,-0.6452764869,0.7636035681,1,409.4,33.7,2301.4,1,0.6778202057,-0.3972777426,-0.6186521649,0.3132578731,0.9172965288,-0.2458391935,0.6651538610,-0.0271628350,0.7462123036,1,115.0,-61.6,2339.4,1,-0.0302519053,-0.0364556313,-0.9988772869,0.0008533529,0.9993333220,-0.0364981256,0.9995419383,-0.0019565325,-0.0302006286,0,259.1,-394.3,2349.2,1,0.6271417141,0.5860255361,0.5130961537,-0.4181458950,0.8090725541,-0.4129840732,-0.6571512222,0.0444504917,0.7524471283,1,282.5,-66.1,2340.0,1,0.1105947196,0.5859984159,0.8027295470,-0.0255145654,0.8090919852,-0.5871279240,-0.9935381413,0.0444519483,0.1044327989,1,70.0,-359.4,2323.9,1,-14.7,-177.4,2294.0,1,391.0,-229.2,2295.4,1,271.8,-742.7,2349.9,0,-134.3,-641.4,2308.4,1,
