1,0.9917472005,0.0426956378,-0.1207964420,-0.0123509495,0.9703068137,0.2415190935,0.1275229305,-0.2380197942,0.9628580809,1,-242.2,460.3,1867.4,1,0.9917472005,0.0426956378,-0.1207964420,-0.0123509495,0.9703068137,0.2415190935,0.1275229305,-0.2380197942,0.9628580809,1,-251.8,240.9,1921.2,1,0.9925808907,-0.0035946541,-0.1214377135,0.0291876867,0.9773401022,0.2096018046,0.1179342642,-0.2115774006,0.9702262282,1,-251.2,63.7,1959.6,1,0.3079868555,-0.3233005404,-0.8947741985,0.9279375672,-0.1054576710,0.3575059474,-0.2099426687,-0.9404017329,0.2675231397,1,-378.8,237.2,1906.1,1,-0.2944308519,-0.3233005106,-0.8993260264,0.9556542039,-0.1054576486,-0.2749610245,-0.0059457603,-0.9404016733,0.3400135338,1,-456.2,4.1,1958.8,1,0.3353211284,0.5443470478,0.7689253688,-0.9006896019,-0.0541002899,0.4310817122,0.2762570679,-0.8371138573,0.4721467495,1,-124.8,244.7,1936.3,1,-0.2839729786,0.5443469286,0.7893325090,-0.9508836269,-0.0541002527,-0.3047841191,-0.1232052073,-0.8371138573,0.5329737067,1,-43.4,26.0,2003.4,1,1.0000000000,0.0000000000,0.0000000000,-0.0000000000,1.0000000000,-0.0000000000,-0.0000000000,0.0000000000,1.0000000000,0,-330.6,-115.8,1988.4,1,1.0000000000,0.0000000000,0.0000000000,-0.0000000000,1.0000000000,0.0000000000,-0.0000000000,-0.0000000000,1.0000000000,0,-330.6,-478.4,1988.4,0,1.0000000000,0.0000000000,0.0000000000,-0.0000000000,1.0000000000,-0.0000000000,-0.0000000000,0.0000000000,1.0000000000,0,-170.4,-111.1,2007.4,1,1.0000000000,-0.0000000000,0.0000000000,0.0000000000,1.0000000000,-0.0000000000,-0.0000000000,0.0000000000,1.0000000000,0,-170.4,-473.7,2007.4,0,-379.8,-243.8,1960.4,1,-117.5,-222.0,1971.2,1,-330.6,-827.1,1988.4,0,-170.4,-822.4,2007.4,0,
2,0.9904696941,0.0304750968,-0.1342318356,0.0057700817,0.9651319981,0.2616617084,0.1375273764,-0.2599288225,0.9557898045,1,-244.1,442.8,1867.9,1,0.9904696941,0.0304750968,-0.1342318356,0.0057700817,0.9651319981,0.2616617084,0.1375273764,-0.2599288225,0.9557898045,1,-250.5,242.0,1922.0,1,0.9908067584,0.0078965658,-0.1349685043,0.0228137039,0.9742095470,0.2244412899,0.1332619786,-0.2254437357,0.9651055932,1,-251.9,65.4,1962.8,1,0.3097955287,-0.3071752787,-0.8998166919,0.9273450375,-0.1113062203,0.3572703898,-0.2098998278,-0.9451212883,0.2503753006,1,-377.2,239.1,1904.9,1,-0.3208579123,-0.3071752787,-0.8959316611,0.9470995665,-0.1113062277,-0.3010205925,-0.0072566923,-0.9451213479,0.3266390562,1,-458.9,-5.3,1960.2,1,0.3158393800,0.5289611220,0.7876837850,-0.9126539230,-0.0576303005,0.4046500325,0.2594385445,-0.8466870785,0.4645564854,1,-123.7,244.9,1939.0,1,-0.2848047316,0.5289610028,0.7994288206,-0.9518853426,-0.0576302782,-0.3009865284,-0.1131388396,-0.8466869593,0.5199236870,1,-43.4,12.7,2005.0,1,1.0000000000,0.0000000000,0.0000000000,-0.0000000000,1.0000000000,-0.0000000000,-0.0000000000,0.0000000000,1.0000000000,0,-333.3,-113.1,1992.9,1,1.0000000000,0.0000000000,0.0000000000,-0.0000000000,1.0000000000,0.0000000000,-0.0000000000,-0.0000000000,1.0000000000,0,-333.3,-475.7,1992.9,0,1.0000000000,0.0000000000,0.0000000000,-0.0000000000,1.0000000000,-0.0000000000,-0.0000000000,0.0000000000,1.0000000000,0,-173.4,-109.4,2014.4,1,1.0000000000,-0.0000000000,0.0000000000,0.0000000000,1.0000000000,-0.0000000000,-0.0000000000,0.0000000000,1.0000000000,0,-173.4,-472.0,2014.4,0,-375.7,-251.0,1962.1,1,-117.6,-235.6,1975.5,1,-333.3,-824.4,1992.9,0,-173.4,-820.7,2014.4,0,
3,0.9895299077,0.0258284360,-0.1419174820,0.0132631417,0.9633786678,0.2677793205,0.1436385363,-0.2668443322,0.9529810548,1,-244.8,435.5,1869.1,1,0.9895299077,0.0258284360,-0.1419174820,0.0132631417,0.9633786678,0.2677793205,0.1436385363,-0.2668443322,0.9529810548,1,-250.0,243.6,1922.3,1,0.9896576405,0.0138576338,-0.1426979601,0.0194998980,0.9730545282,0.2297025025,0.1420382708,-0.2300962508,0.9627529383,1,-252.5,67.2,1964.0,1,0.3150385022,-0.3285774589,-0.8903862834,0.9235374331,-0.1100494936,0.3673794866,-0.2186991572,-0.9380437732,0.2687837780,1,-376.6,241.1,1904.1,1,-0.3220719993,-0.3285774291,-0.8878663182,0.9467135072,-0.1100495011,-0.3026921451,0.0017485775,-0.9380436540,0.3465125859,1,-459.6,-2.2,1961.7,1,0.3076480329,0.5357380509,0.7863444686,-0.9179413915,-0.0504371822,0.3934968114,0.2504721582,-0.8428766727,0.4762592316,1,-123.3,246.1,1940.4,1,-0.2813203633,0.5357379913,0.7961429954,-0.9518461823,-0.0504371896,-0.3023986816,-0.1218512356,-0.8428765535,0.5241291523,1,-44.2,9.8,2004.9,1,1.0000000000,0.0000000000,0.0000000000,-0.0000000000,1.0000000000,-0.0000000000,-0.0000000000,0.0000000000,1.0000000000,0,-334.9,-110.8,1994.2,1,1.0000000000,0.0000000000,0.0000000000,-0.0000000000,1.0000000000,0.0000000000,-0.0000000000,-0.0000000000,1.0000000000,0,-334.9,-473.5,1994.2,0,1.0000000000,0.0000000000,0.0000000000,-0.0000000000,1.0000000000,-0.0000000000,-0.0000000000,0.0000000000,1.0000000000,0,-175.1,-107.7,2017.2,1,1.0000000000,-0.0000000000,0.0000000000,0.0000000000,1.0000000000,-0.0000000000,-0.0000000000,0.0000000000,1.0000000000,0,-175.1,-470.3,2017.2,0,-376.0,-247.8,1961.3,1,-117.5,-238.4,1973.1,1,-334.9,-822.1,1994.2,0,-175.1,-819.0,2017.2,0,
4,0.9905992746,0.0211127549,-0.1350715309,0.0146667454,0.9658873677,0.2585083544,0.1359233856,-0.2580454648,0.9565293193,1,-245.1,435.8,1873.3,1,0.9905992746,0.0211127549,-0.1350715309,0.0146667454,0.9658873677,0.2585083544,0.1359233856,-0.2580454648,0.9565293193,1,-249.2,247.5,1923.6,1,0.9905795455,0.0172171649,-0.1357672960,0.0136672864,0.9746463895,0.2232850492,0.1361713856,-0.2230237573,0.9652616978,1,-252.4,70.8,1964.0,1,0.3089240789,-0.3117762804,-0.8985329866,0.9288689494,-0.1041070446,0.3554773629,-0.2043730170,-0.9444349408,0.2574381530,1,-376.0,245.7,1906.2,1,-0.3096788526,-0.3117762804,-0.8982731700,0.9508376718,-0.1041070521,-0.2916665673,-0.0025818474,-0.9444349408,0.3286884129,1,-458.1,-1.1,1960.5,1,0.2994810343,0.5338622332,0.7907605171,-0.9223750234,-0.0499541610,0.3830521107,0.2439988256,-0.8440945745,0.4774608612,1,-122.5,249.2,1941.0,1,-0.2852517962,0.5338622928,0.7960041761,-0.9503755569,-0.0499541909,-0.3070683479,-0.1241684556,-0.8440947533,0.5216191411,1,-44.5,9.1,2004.5,1,1.0000000000,0.0000000000,0.0000000000,-0.0000000000,1.0000000000,-0.0000000000,-0.0000000000,0.0000000000,1.0000000000,0,-335.4,-107.1,1993.5,1,1.0000000000,0.0000000000,0.0000000000,-0.0000000000,1.0000000000,0.0000000000,-0.0000000000,-0.0000000000,1.0000000000,0,-335.4,-469.7,1993.5,0,1.0000000000,0.0000000000,0.0000000000,-0.0000000000,1.0000000000,-0.0000000000,-0.0000000000,0.0000000000,1.0000000000,0,-175.5,-104.8,2015.4,1,1.0000000000,-0.0000000000,0.0000000000,0.0000000000,1.0000000000,-0.0000000000,-0.0000000000,0.0000000000,1.0000000000,0,-175.5,-467.5,2015.4,0,-377.7,-247.7,1961.1,1,-118.9,-238.8,1972.1,1,-335.4,-818.4,1993.5,0,-175.5,-816.2,2015.4,0,
5,0.9903724194,0.0192974452,-0.1369928122,0.0178036951,0.9642106295,0.2645014822,0.1371958703,-0.2643803358,0.9546157122,1,-244.7,431.3,1871.8,1,0.9903724194,0.0192974452,-0.1369928122,0.0178036951,0.9642106295,0.2645014822,0.1371958703,-0.2643803358,0.9546157122,1,-248.4,245.0,1922.9,1,0.9903186560,0.0170859881,-0.1376736015,0.0149395568,0.9734780192,0.2282455266,0.1379240304,-0.2280793190,0.9638304710,1,-251.5,68.5,1964.2,1,0.3215090334,-0.3310213089,-0.8871623278,0.9219359756,-0.1043121293,0.3730323911,-0.2160234302,-0.9378401637,0.2716431022,1,-375.1,243.1,1905.2,1,-0.3040182590,-0.3310212493,-0.8933073282,0.9526652098,-0.1043121070,-0.2855659425,0.0013456274,-0.9378401041,0.3470652401,1,-458.7,3.4,1961.4,1,0.3030217588,0.5398353338,0.7853379846,-0.9203427434,-0.0480590612,0.3881487846,0.2472789735,-0.8403976560,0.4822706580,1,-121.7,246.9,1940.5,1,-0.2821683884,0.5398353338,0.7930693030,-0.9509387016,-0.0480590761,-0.3056238294,-0.1268723607,-0.8403976560,0.5269110799,1,-44.3,11.9,2003.6,1,1.0000000000,0.0000000000,0.0000000000,-0.0000000000,1.0000000000,-0.0000000000,-0.0000000000,0.0000000000,1.0000000000,0,-334.5,-109.2,1994.4,1,1.0000000000,0.0000000000,0.0000000000,-0.0000000000,1.0000000000,0.0000000000,-0.0000000000,-0.0000000000,1.0000000000,0,-334.5,-471.9,1994.4,0,1.0000000000,0.0000000000,0.0000000000,-0.0000000000,1.0000000000,-0.0000000000,-0.0000000000,0.0000000000,1.0000000000,0,-174.7,-106.8,2016.7,1,1.0000000000,-0.0000000000,0.0000000000,0.0000000000,1.0000000000,-0.0000000000,-0.0000000000,0.0000000000,1.0000000000,0,-174.7,-469.5,2016.7,0,-379.8,-243.8,1961.0,1,-117.9,-236.1,1970.6,1,-334.5,-820.6,1994.4,0,-174.7,-818.1,2016.7,0,
6,0.9911894798,0.0159649216,-0.1313986331,0.0205669235,0.9620665312,0.2720023990,0.1307582706,-0.2722948790,0.9532935023,1,-244.8,432.4,1870.0,1,0.9911894798,0.0159649216,-0.1313986331,0.0205669235,0.9620665312,0.2720023990,0.1307582706,-0.2722948790,0.9532935023,1,-247.9,247.5,1922.4,1,0.9910838604,0.0170136150,-0.1320619732,0.0143721709,0.9723373652,0.2330923229,0.1323763579,-0.2328989506,0.9634557962,1,-250.9,71.2,1964.6,1,0.3211637735,-0.3258787990,-0.8891888857,0.9226913452,-0.1037960202,0.3713046312,-0.2132945508,-0.9396964908,0.2673499882,1,-374.7,245.6,1905.5,1,-0.3064270318,-0.3258787990,-0.8943744302,0.9518935680,-0.1037960425,-0.2883143723,0.0011230090,-0.9396966100,0.3420077860,1,-459.6,1.8,1961.8,1,0.2929163873,0.5415679216,0.7879748344,-0.9245892763,-0.0495178401,0.3777336776,0.2435872108,-0.8391974568,0.4862232506,1,-121.0,249.3,1939.3,1,-0.2906598747,0.5415678620,0.7888099551,-0.9477258921,-0.0495177954,-0.3152199686,-0.1316528767,-0.8391974568,0.5276507139,1,-44.6,8.1,2002.9,1,1.0000000000,0.0000000000,0.0000000000,-0.0000000000,1.0000000000,-0.0000000000,-0.0000000000,0.0000000000,1.0000000000,0,-334.0,-106.3,1996.2,1,1.0000000000,0.0000000000,0.0000000000,-0.0000000000,1.0000000000,0.0000000000,-0.0000000000,-0.0000000000,1.0000000000,0,-334.0,-468.9,1996.2,0,1.0000000000,0.0000000000,0.0000000000,-0.0000000000,1.0000000000,-0.0000000000,-0.0000000000,0.0000000000,1.0000000000,0,-174.0,-104.0,2017.5,1,1.0000000000,-0.0000000000,0.0000000000,0.0000000000,1.0000000000,-0.0000000000,-0.0000000000,0.0000000000,1.0000000000,0,-174.0,-466.6,2017.5,0,-380.1,-245.2,1961.5,1,-120.4,-239.1,1968.6,1,-334.0,-817.6,1996.2,0,-174.0,-815.3,2017.5,0,
7,0.9913358092,0.0158874858,-0.1302989125,0.0206218660,0.9614712000,0.2740949392,0.1296348423,-0.2743937075,0.9528449774,1,-244.8,433.7,1869.0,1,0.9913358092,0.0158874858,-0.1302989125,0.0206218660,0.9614712000,0.2740949392,0.1296348423,-0.2743937075,0.9528449774,1,-247.8,249.3,1921.7,1,0.9912444949,0.0162055008,-0.1309530735,0.0151187871,0.9719426036,0.2346860915,0.1310838610,-0.2345981151,0.9632202387,1,-250.7,73.0,1964.2,1,0.3222602606,-0.3399055898,-0.8835228682,0.9211648107,-0.1025131270,0.3754284382,-0.2181828916,-0.9348558784,0.2800731361,1,-374.7,247.3,1904.9,1,-0.3007378578,-0.3399055898,-0.8910785317,0.9536949992,-0.1025131345,-0.2827667296,0.0047667371,-0.9348558187,0.3549957871,1,-459.8,3.9,1962.6,1,0.2936124504,0.5336443186,0.7931050658,-0.9246810675,-0.0518320650,0.3771981597,0.2423978895,-0.8441193104,0.4782322049,1,-121.0,251.2,1938.5,1,-0.2976380587,0.5336442590,0.7916030884,-0.9457738400,-0.0518320575,-0.3206637502,-0.1300899535,-0.8441192508,0.5201339722,1,-44.4,10.1,2001.7,1,1.0000000000,0.0000000000,0.0000000000,-0.0000000000,1.0000000000,-0.0000000000,-0.0000000000,0.0000000000,1.0000000000,0,-333.7,-104.4,1996.2,1,1.0000000000,0.0000000000,0.0000000000,-0.0000000000,1.0000000000,0.0000000000,-0.0000000000,-0.0000000000,1.0000000000,0,-333.7,-467.1,1996.2,0,1.0000000000,0.0000000000,0.0000000000,-0.0000000000,1.0000000000,-0.0000000000,-0.0000000000,0.0000000000,1.0000000000,0,-173.7,-102.0,2017.3,1,1.0000000000,-0.0000000000,0.0000000000,0.0000000000,1.0000000000,-0.0000000000,-0.0000000000,0.0000000000,1.0000000000,0,-173.7,-464.6,2017.3,0,-381.8,-243.6,1961.3,1,-122.0,-236.5,1967.7,1,-333.7,-815.7,1996.2,0,-173.7,-813.3,2017.3,0,
8,0.9911211729,0.0152343083,-0.1319987476,0.0217956007,0.9613102078,0.2745684683,0.1310761720,-0.2749941945,0.9524745941,1,-244.7,438.5,1868.8,1,0.9911211729,0.0152343083,-0.1319987476,0.0217956007,0.9613102078,0.2745684683,0.1310761720,-0.2749941945,0.9524745941,1,-247.6,254.3,1921.5,1,0.9910042882,0.0168751329,-0.1326750219,0.0147574591,0.9721506238,0.2338459045,0.1329281330,-0.2336872071,0.9631888866,1,-250.7,78.0,1963.9,1,0.3114411235,-0.3313969672,-0.8906068802,0.9268814325,-0.1006955877,0.3615953028,-0.2095117420,-0.9381026030,0.2758049667,1,-374.5,252.4,1904.5,1,-0.2939453125,-0.3313969672,-0.8965334296,0.9558215141,-0.1006955802,-0.2761625946,0.0012424964,-0.9381026626,0.3463552892,1,-457.7,4.6,1960.5,1,0.2913526297,0.5359194279,0.7924040556,-0.9262939692,-0.0488523841,0.3736214638,0.2389417738,-0.8428546786,0.4821856320,1,-120.8,256.2,1938.5,1,-0.2957387567,0.5359193683,0.7907775044,-0.9459345937,-0.0488523766,-0.3206573427,-0.1332151145,-0.8428546190,0.5213922262,1,-44.1,12.4,2001.4,1,1.0000000000,0.0000000000,0.0000000000,-0.0000000000,1.0000000000,-0.0000000000,-0.0000000000,0.0000000000,1.0000000000,0,-333.7,-99.4,1995.5,1,1.0000000000,0.0000000000,0.0000000000,-0.0000000000,1.0000000000,0.0000000000,-0.0000000000,-0.0000000000,1.0000000000,0,-333.7,-462.0,1995.5,0,1.0000000000,0.0000000000,0.0000000000,-0.0000000000,1.0000000000,-0.0000000000,-0.0000000000,0.0000000000,1.0000000000,0,-173.8,-97.0,2017.0,1,1.0000000000,-0.0000000000,0.0000000000,0.0000000000,1.0000000000,-0.0000000000,-0.0000000000,0.0000000000,1.0000000000,0,-173.8,-459.7,2017.0,0,-381.5,-243.4,1960.2,1,-121.3,-234.3,1966.7,1,-333.7,-810.7,1995.5,0,-173.8,-808.3,2017.0,0,
9,0.9920920134,0.0136862742,-0.1246716604,0.0208106395,0.9622856975,0.2712074816,0.1236828938,-0.2716437578,0.9544228315,1,-246.1,441.2,1869.1,1,0.9920920134,0.0136862742,-0.1246716604,0.0208106395,0.9622856975,0.2712074816,0.1236828938,-0.2716437578,0.9544228315,1,-248.7,256.2,1921.4,1,0.9919703007,0.0165249929,-0.1252944171,0.0130165089,0.9727801681,0.2313176394,0.1257080436,-0.2310780436,0.9647864699,1,-251.7,79.8,1963.3,1,0.2984437048,-0.3263750970,-0.8968894482,0.9331031442,-0.0977557674,0.3460669518,-0.2006237358,-0.9401718378,0.2753670216,1,-375.6,254.6,1905.3,1,-0.2851615846,-0.3263750970,-0.9012004733,0.9584792256,-0.0977557525,-0.2678831816,-0.0006671271,-0.9401718974,0.3406999409,1,-454.9,6.8,1958.5,1,0.3027054965,0.5371634960,0.7872895598,-0.9207903743,-0.0483811349,0.3870456219,0.2459966987,-0.8420895338,0.4799697995,1,-121.8,257.9,1937.4,1,-0.2870754600,0.5371634960,0.7931223512,-0.9492381811,-0.0483811423,-0.3108151555,-0.1285863817,-0.8420894146,0.5237851739,1,-43.4,19.5,2001.1,1,1.0000000000,0.0000000000,0.0000000000,-0.0000000000,1.0000000000,-0.0000000000,-0.0000000000,0.0000000000,1.0000000000,0,-334.7,-97.6,1995.0,1,1.0000000000,0.0000000000,0.0000000000,-0.0000000000,1.0000000000,0.0000000000,-0.0000000000,-0.0000000000,1.0000000000,0,-334.7,-460.2,1995.0,0,1.0000000000,0.0000000000,0.0000000000,-0.0000000000,1.0000000000,-0.0000000000,-0.0000000000,0.0000000000,1.0000000000,0,-174.6,-95.5,2015.3,1,1.0000000000,-0.0000000000,0.0000000000,0.0000000000,1.0000000000,-0.0000000000,-0.0000000000,0.0000000000,1.0000000000,0,-174.6,-458.1,2015.3,0,-380.9,-241.9,1958.7,1,-118.3,-228.0,1967.6,1,-334.7,-808.9,1995.0,0,-174.6,-806.8,2015.3,0,
10,0.9923954606,0.0211392175,-0.1211660877,0.0120144766,0.9637476206,0.2665075660,0.1224084198,-0.2659231424,0.9561966658,1,-242.9,442.0,1870.3,1,0.9923954606,0.0211392175,-0.1211660877,0.0120144766,0.9637476206,0.2665075660,0.1224084198,-0.2659231424,0.9561966658,1,-246.9,257.2,1921.3,1,0.9922185540,0.0242536888,-0.1220281944,0.0044667758,0.9732356668,0.2297191173,0.1243351027,-0.2284635007,0.9655867219,1,-251.3,80.7,1962.7,1,0.3011389375,-0.3033221066,-0.9040525556,0.9336907268,-0.0988324583,0.3441710472,-0.1937444359,-0.9477487803,0.2534467578,1,-373.9,256.6,1905.3,1,-0.2941557169,-0.3033221364,-0.9063488841,0.9557415247,-0.0988324955,-0.2771105170,-0.0055229552,-0.9477488995,0.3189697266,1,-454.2,7.7,1957.0,1,0.3017190993,0.5477252007,0.7803606987,-0.9211207628,-0.0437014401,0.3868161738,0.2459718287,-0.8355162740,0.4913355112,1,-120.0,257.7,1937.2,1,-0.2741516531,0.5477252603,0.7904670238,-0.9528755546,-0.0437013954,-0.3001973033,-0.1298811138,-0.8355162740,0.5338947773,1,-43.0,22.7,1999.9,1,1.0000000000,0.0000000000,0.0000000000,-0.0000000000,1.0000000000,-0.0000000000,-0.0000000000,0.0000000000,1.0000000000,0,-335.8,-96.1,1994.1,1,1.0000000000,0.0000000000,0.0000000000,-0.0000000000,1.0000000000,0.0000000000,-0.0000000000,-0.0000000000,1.0000000000,0,-335.8,-458.7,1994.1,0,1.0000000000,0.0000000000,0.0000000000,-0.0000000000,1.0000000000,-0.0000000000,-0.0000000000,0.0000000000,1.0000000000,0,-175.7,-95.4,2014.1,1,1.0000000000,-0.0000000000,0.0000000000,0.0000000000,1.0000000000,-0.0000000000,-0.0000000000,0.0000000000,1.0000000000,0,-175.7,-458.0,2014.1,0,-377.9,-240.3,1958.4,1,-114.5,-225.8,1966.1,1,-335.8,-807.4,1994.1,0,-175.7,-806.7,2014.1,0,
11,0.9923612475,0.0298570320,-0.1196016222,0.0027062793,0.9647142291,0.2632474005,0.1232421622,-0.2615466714,0.9572960734,1,-239.2,442.1,1870.4,1,0.9923612475,0.0298570320,-0.1196016222,0.0027062793,0.9647142291,0.2632474005,0.1232421622,-0.2615466714,0.9572960734,1,-244.9,257.0,1920.6,1,0.9922546148,0.0290511250,-0.1206798032,-0.0008019181,0.9737038612,0.2277690321,0.1241245866,-0.2258948982,0.9662179947,1,-250.2,80.4,1961.5,1,0.3068396151,-0.2930832207,-0.9055119157,0.9313716292,-0.1034134701,0.3490737975,-0.1959497780,-0.9504777789,0.2412380576,1,-371.9,257.1,1904.7,1,-0.3075072765,-0.2930832505,-0.9052854180,0.9515059590,-0.1034134701,-0.2897277176,-0.0087043568,-0.9504778385,0.3106708229,1,-453.3,9.8,1956.7,1,0.2954091728,0.5661500692,0.7695502043,-0.9225916266,-0.0401350260,0.3836845160,0.2481089234,-0.8233244419,0.5104690790,1,-117.9,256.9,1936.4,1,-0.2576723993,0.5661500692,0.7829937339,-0.9573768377,-0.0401350260,-0.2860395908,-0.1305158436,-0.8233245611,0.5523607135,1,-42.8,22.4,1999.5,1,1.0000000000,0.0000000000,0.0000000000,-0.0000000000,1.0000000000,-0.0000000000,-0.0000000000,0.0000000000,1.0000000000,0,-335.5,-96.0,1992.5,1,1.0000000000,0.0000000000,0.0000000000,-0.0000000000,1.0000000000,0.0000000000,-0.0000000000,-0.0000000000,1.0000000000,0,-335.5,-458.7,1992.5,0,1.0000000000,0.0000000000,0.0000000000,-0.0000000000,1.0000000000,-0.0000000000,-0.0000000000,0.0000000000,1.0000000000,0,-175.4,-96.2,2012.5,1,1.0000000000,-0.0000000000,0.0000000000,0.0000000000,1.0000000000,-0.0000000000,-0.0000000000,0.0000000000,1.0000000000,0,-175.4,-458.8,2012.5,0,-373.5,-237.0,1958.9,1,-110.0,-227.3,1965.5,1,-335.5,-807.4,1992.5,0,-175.4,-807.5,2012.5,0,
12,0.9928362966,0.0330221914,-0.1147271171,-0.0014118045,0.9641647935,0.2652629018,0.1193762198,-0.2631871998,0.9573363662,1,-236.8,443.2,1868.9,1,0.9928362966,0.0330221914,-0.1147271171,-0.0014118045,0.9641647935,0.2652629018,0.1193762198,-0.2631871998,0.9573363662,1,-243.2,258.3,1919.3,1,0.9927347898,0.0319272652,-0.1159097180,-0.0044407789,0.9731723070,0.2299880832,0.1201440766,-0.2277893126,0.9662764072,1,-249.0,81.8,1960.6,1,0.3118016124,-0.2894794345,-0.9049760103,0.9297437072,-0.1033683121,0.3534001112,-0.1958478689,-0.9515864849,0.2369112670,1,-370.2,258.9,1903.9,1,-0.3127270639,-0.2894794047,-0.9046565890,0.9498089552,-0.1033682972,-0.2952589989,-0.0080414070,-0.9515863657,0.3072762191,1,-453.3,11.2,1956.1,1,0.2883222997,0.5805206299,0.7614893913,-0.9237326980,-0.0408030301,0.3808584213,0.2521672547,-0.8132226467,0.5244813561,1,-116.1,257.7,1934.7,1,-0.2461758852,0.5805205107,0.7761400938,-0.9607989192,-0.0408030078,-0.2742270231,-0.1275255531,-0.8132226467,0.5678082705,1,-41.8,19.6,1999.7,1,1.0000000000,0.0000000000,0.0000000000,-0.0000000000,1.0000000000,-0.0000000000,-0.0000000000,0.0000000000,1.0000000000,0,-334.9,-94.3,1992.2,1,1.0000000000,0.0000000000,0.0000000000,-0.0000000000,1.0000000000,0.0000000000,-0.0000000000,-0.0000000000,1.0000000000,0,-334.9,-456.9,1992.2,0,1.0000000000,0.0000000000,0.0000000000,-0.0000000000,1.0000000000,-0.0000000000,-0.0000000000,0.0000000000,1.0000000000,0,-174.6,-95.0,2011.6,1,1.0000000000,-0.0000000000,0.0000000000,0.0000000000,1.0000000000,-0.0000000000,-0.0000000000,0.0000000000,1.0000000000,0,-174.6,-457.6,2011.6,0,-372.1,-235.3,1958.2,1,-106.0,-230.9,1966.4,1,-334.9,-805.6,1992.2,0,-174.6,-806.3,2011.6,0,
13,0.9927321672,0.0374861695,-0.1142563671,-0.0041681514,0.9603245854,0.2788180709,0.1201757863,-0.2763022482,0.9535333514,1,-233.5,442.7,1864.6,1,0.9927321672,0.0374861695,-0.1142563671,-0.0041681514,0.9603245854,0.2788180709,0.1201757863,-0.2763022482,0.9535333514,1,-240.6,259.3,1917.4,1,0.9926531911,0.0351404808,-0.1156788617,-0.0062665665,0.9704936147,0.2410010099,0.1207355186,-0.2384927422,0.9636165500,1,-247.0,83.3,1960.6,1,0.3199715912,-0.3060439825,-0.8966355920,0.9250051379,-0.1037618518,0.3655120134,-0.2048992813,-0.9463460445,0.2498913854,1,-367.6,260.1,1901.9,1,-0.3153131604,-0.3060439229,-0.8982843757,0.9489853978,-0.1037618294,-0.2977586389,-0.0020804040,-0.9463459849,0.3231486976,1,-452.8,13.9,1956.5,1,0.2850054801,0.6007420421,0.7469142079,-0.9218087196,-0.0418260396,0.3853818774,0.2627555728,-0.7983479500,0.5418486595,1,-113.6,258.5,1932.8,1,-0.2411293685,0.6007421017,0.7622110248,-0.9616019130,-0.0418260023,-0.2712422609,-0.1310663968,-0.7983480692,0.5877602100,1,-40.4,21.7,2000.3,1,1.0000000000,0.0000000000,0.0000000000,-0.0000000000,1.0000000000,-0.0000000000,-0.0000000000,0.0000000000,1.0000000000,0,-333.5,-92.1,1994.1,1,1.0000000000,0.0000000000,0.0000000000,-0.0000000000,1.0000000000,0.0000000000,-0.0000000000,-0.0000000000,1.0000000000,0,-333.5,-454.8,1994.1,0,1.0000000000,0.0000000000,0.0000000000,-0.0000000000,1.0000000000,-0.0000000000,-0.0000000000,0.0000000000,1.0000000000,0,-173.3,-93.2,2013.6,1,1.0000000000,-0.0000000000,0.0000000000,0.0000000000,1.0000000000,-0.0000000000,-0.0000000000,0.0000000000,1.0000000000,0,-173.3,-455.8,2013.6,0,-371.0,-232.4,1957.0,1,-103.3,-229.1,1966.1,1,-333.5,-803.5,1994.1,0,-173.3,-804.5,2013.6,0,
14,0.9923709035,0.0374106616,-0.1173759624,-0.0027298261,0.9592202902,0.2826113105,0.1231629550,-0.2801217735,0.9520366788,1,-230.0,442.9,1862.9,1,0.9923709035,0.0374106616,-0.1173759624,-0.0027298261,0.9592202902,0.2826113105,0.1231629550,-0.2801217735,0.9520366788,1,-237.1,260.1,1916.3,1,0.9922576547,0.0358190872,-0.1188214421,-0.0057140579,0.9696117043,0.2445385754,0.1239709407,-0.2419536561,0.9623421431,1,-243.6,84.3,1960.2,1,0.3288883269,-0.3024414480,-0.8946293592,0.9218212366,-0.1029581204,0.3736911714,-0.2051290572,-0.9475909472,0.2449352741,1,-364.1,260.8,1900.5,1,-0.3086376786,-0.3024415374,-0.9018160105,0.9511674047,-0.1029581502,-0.2909987569,-0.0048391982,-0.9475911856,0.3194492757,1,-451.3,16.4,1954.9,1,0.2860057652,0.5952205658,0.7509416938,-0.9203532338,-0.0475160629,0.3881910741,0.2667410672,-0.8021564484,0.5342231989,1,-110.2,259.4,1932.2,1,-0.2532572746,0.5952205062,0.7626096606,-0.9584680200,-0.0475160480,-0.2812139988,-0.1311481148,-0.8021564484,0.5825335979,1,-36.5,22.4,2000.9,1,1.0000000000,0.0000000000,0.0000000000,-0.0000000000,1.0000000000,-0.0000000000,-0.0000000000,0.0000000000,1.0000000000,0,-330.2,-91.0,1994.1,1,1.0000000000,0.0000000000,0.0000000000,-0.0000000000,1.0000000000,0.0000000000,-0.0000000000,-0.0000000000,1.0000000000,0,-330.2,-453.7,1994.1,0,1.0000000000,0.0000000000,0.0000000000,-0.0000000000,1.0000000000,-0.0000000000,-0.0000000000,0.0000000000,1.0000000000,0,-170.1,-92.0,2014.1,1,1.0000000000,-0.0000000000,0.0000000000,0.0000000000,1.0000000000,-0.0000000000,-0.0000000000,0.0000000000,1.0000000000,0,-170.1,-454.6,2014.1,0,-371.2,-230.4,1956.1,1,-102.6,-227.5,1966.7,1,-330.2,-802.4,1994.1,0,-170.1,-803.3,2014.1,0,
15,0.9912433624,0.0441000350,-0.1243726760,-0.0092188660,0.9633439779,0.2680737972,0.1316367388,-0.2645664513,0.9553468823,1,-224.8,443.0,1866.2,1,0.9912433624,0.0441000350,-0.1243726760,-0.0092188660,0.9633439779,0.2680737972,0.1316367388,-0.2645664513,0.9553468823,1,-233.2,259.5,1916.6,1,0.9911116362,0.0428051129,-0.1258659214,-0.0121521950,0.9719516635,0.2348209769,0.1323883832,-0.2311912477,0.9638654590,1,-241.0,83.3,1958.5,1,0.3318148851,-0.2945994139,-0.8961641192,0.9209994078,-0.1043733507,0.3753215373,-0.2041051388,-0.9499039054,0.2366932929,1,-360.0,261.1,1899.6,1,-0.3077779412,-0.2945994139,-0.9047010541,0.9514148831,-0.1043733582,-0.2896825969,-0.0090863556,-0.9499039650,0.3124100566,1,-448.0,16.9,1953.7,1,0.2850538492,0.5883777738,0.7566743493,-0.9220708013,-0.0472762138,0.3841230869,0.2617821693,-0.8072030544,0.5290496349,1,-106.4,258.0,1933.5,1,-0.2483679354,0.5883778334,0.7694966793,-0.9605957270,-0.0472762138,-0.2738996744,-0.1247775927,-0.8072031140,0.5769349933,1,-33.6,22.5,2000.4,1,1.0000000000,0.0000000000,0.0000000000,-0.0000000000,1.0000000000,-0.0000000000,-0.0000000000,0.0000000000,1.0000000000,0,-328.7,-91.9,1989.7,1,1.0000000000,0.0000000000,0.0000000000,-0.0000000000,1.0000000000,0.0000000000,-0.0000000000,-0.0000000000,1.0000000000,0,-328.7,-454.5,1989.7,0,1.0000000000,0.0000000000,0.0000000000,-0.0000000000,1.0000000000,-0.0000000000,-0.0000000000,0.0000000000,1.0000000000,0,-168.8,-93.9,2011.1,1,1.0000000000,-0.0000000000,0.0000000000,0.0000000000,1.0000000000,-0.0000000000,-0.0000000000,0.0000000000,1.0000000000,0,-168.8,-456.5,2011.1,0,-368.1,-229.9,1956.1,1,-98.4,-228.0,1967.8,1,-328.7,-803.2,1989.7,0,-168.8,-805.2,2011.1,0,
16,0.9912153482,0.0434092358,-0.1248381585,-0.0096685980,0.9658098817,0.2590320110,0.1318153590,-0.2555361092,0.9577773809,1,-222.1,446.1,1867.8,1,0.9912153482,0.0434092358,-0.1248381585,-0.0096685980,0.9658098817,0.2590320110,0.1318153590,-0.2555361092,0.9577773809,1,-230.4,262.1,1916.5,1,0.9909217954,0.0464141369,-0.1260813028,-0.0160030499,0.9725241661,0.2322052419,0.1333959401,-0.2280664593,0.9644708037,1,-238.8,85.8,1957.8,1,0.3307468593,-0.2855295241,-0.8994884491,0.9223198295,-0.1040237471,0.3721629083,-0.1998316497,-0.9527077079,0.2289440036,1,-357.2,264.1,1899.4,1,-0.3089956343,-0.2855295539,-0.9071905613,0.9509972334,-0.1040237695,-0.2911760211,-0.0112300245,-0.9527078271,0.3036806583,1,-445.9,16.7,1953.0,1,0.2825749815,0.5869361758,0.7587209344,-0.9227593541,-0.0497469157,0.3821523786,0.2620430291,-0.8081035018,0.5275436044,1,-103.6,260.1,1933.6,1,-0.2509571612,0.5869361162,0.7697574496,-0.9601302147,-0.0497468710,-0.2750910521,-0.1231678277,-0.8081034422,0.5760195255,1,-30.4,21.3,2001.4,1,1.0000000000,0.0000000000,0.0000000000,-0.0000000000,1.0000000000,-0.0000000000,-0.0000000000,0.0000000000,1.0000000000,0,-327.1,-89.3,1988.4,1,1.0000000000,0.0000000000,0.0000000000,-0.0000000000,1.0000000000,0.0000000000,-0.0000000000,-0.0000000000,1.0000000000,0,-327.1,-451.9,1988.4,0,1.0000000000,0.0000000000,0.0000000000,-0.0000000000,1.0000000000,-0.0000000000,-0.0000000000,0.0000000000,1.0000000000,0,-167.2,-91.8,2009.9,1,1.0000000000,-0.0000000000,0.0000000000,0.0000000000,1.0000000000,-0.0000000000,-0.0000000000,0.0000000000,1.0000000000,0,-167.2,-454.5,2009.9,0,-365.7,-230.1,1955.9,1,-95.9,-229.1,1969.2,1,-327.1,-800.6,1988.4,0,-167.2,-803.2,2009.9,0,
17,0.9905056953,0.0423957743,-0.1306820810,-0.0063140104,0.9642373919,0.2649268806,0.1372415572,-0.2615732849,0.9553824663,1,-218.3,442.8,1864.6,1,0.9905056953,0.0423957743,-0.1306820810,-0.0063140104,0.9642373919,0.2649268806,0.1372415572,-0.2615732849,0.9553824663,1,-226.4,258.9,1914.4,1,0.9900819063,0.0480029359,-0.1319483370,-0.0153882904,0.9711775184,0.2378153801,0.1395625174,-0.2334133387,0.9623165727,1,-235.1,82.8,1956.8,1,0.3378066421,-0.2911405563,-0.8950552940,0.9182663560,-0.1067695618,0.3812965751,-0.2065755129,-0.9507036805,0.2312771380,1,-353.1,260.9,1896.6,1,-0.3107815385,-0.2911405265,-0.9047939777,0.9504110813,-0.1067695618,-0.2920944095,-0.0115639269,-0.9507037997,0.3098851740,1,-443.1,16.3,1951.6,1,0.2797615528,0.6092662811,0.7419757247,-0.9200251102,-0.0507407784,0.3885603249,0.2743851244,-0.7913405895,0.5463449955,1,-99.7,257.0,1932.3,1,-0.2454372942,0.6092664003,0.7540259957,-0.9610117078,-0.0507407561,-0.2718122602,-0.1273462027,-0.7913406491,0.5979657769,1,-29.0,24.4,2001.6,1,1.0000000000,0.0000000000,0.0000000000,-0.0000000000,1.0000000000,-0.0000000000,-0.0000000000,0.0000000000,1.0000000000,0,-323.7,-92.0,1987.8,1,1.0000000000,0.0000000000,0.0000000000,-0.0000000000,1.0000000000,0.0000000000,-0.0000000000,-0.0000000000,1.0000000000,0,-323.7,-454.6,1987.8,0,1.0000000000,0.0000000000,0.0000000000,-0.0000000000,1.0000000000,-0.0000000000,-0.0000000000,0.0000000000,1.0000000000,0,-163.9,-94.5,2010.3,1,1.0000000000,-0.0000000000,0.0000000000,0.0000000000,1.0000000000,-0.0000000000,-0.0000000000,0.0000000000,1.0000000000,0,-163.9,-457.1,2010.3,0,-362.4,-230.3,1954.6,1,-93.0,-226.2,1968.4,1,-323.7,-803.3,1987.8,0,-163.9,-805.8,2010.3,0,
18,0.9894902110,0.0489764363,-0.1359680146,-0.0108231213,0.9632952213,0.2681885064,0.1441136450,-0.2638852894,0.9537334442,1,-211.3,440.7,1862.4,1,0.9894902110,0.0489764363,-0.1359680146,-0.0108231213,0.9632952213,0.2681885064,0.1441136450,-0.2638852894,0.9537334442,1,-220.7,257.2,1912.7,1,0.9891696572,0.0516311303,-0.1373114139,-0.0169824269,0.9700235724,0.2423728108,0.1457108557,-0.2374031842,0.9604274035,1,-230.0,81.4,1955.7,1,0.3488681018,-0.2791123390,-0.8946437240,0.9139168262,-0.1100177318,0.3907072246,-0.2074778676,-0.9539352059,0.2167037874,1,-347.2,259.4,1894.0,1,-0.3178401887,-0.2791122794,-0.9061313272,0.9480034113,-0.1100177169,-0.2986392379,-0.0163366161,-0.9539351463,0.2995675206,1,-441.3,13.1,1950.0,1,0.2641321123,0.6382316351,0.7231146097,-0.9224722385,-0.0517033637,0.3825856447,0.2815656960,-0.7681063414,0.5750944018,1,-94.1,255.1,1931.3,1,-0.2371207476,0.6382315159,0.7324166894,-0.9624372125,-0.0517033860,-0.2665356398,-0.1322430074,-0.7681062222,0.6265178323,1,-27.3,21.8,2002.5,1,1.0000000000,0.0000000000,0.0000000000,-0.0000000000,1.0000000000,-0.0000000000,-0.0000000000,0.0000000000,1.0000000000,0,-319.2,-93.1,1987.0,1,1.0000000000,0.0000000000,0.0000000000,-0.0000000000,1.0000000000,0.0000000000,-0.0000000000,-0.0000000000,1.0000000000,0,-319.2,-455.8,1987.0,0,1.0000000000,0.0000000000,0.0000000000,-0.0000000000,1.0000000000,-0.0000000000,-0.0000000000,0.0000000000,1.0000000000,0,-159.6,-95.9,2010.5,1,1.0000000000,-0.0000000000,0.0000000000,0.0000000000,1.0000000000,-0.0000000000,-0.0000000000,0.0000000000,1.0000000000,0,-159.6,-458.5,2010.5,0,-358.8,-232.9,1954.2,1,-89.1,-229.2,1968.1,1,-319.2,-804.5,1987.0,0,-159.6,-807.2,2010.5,0,
19,0.9895230532,0.0495565161,-0.1355175674,-0.0109287817,0.9622150064,0.2720342278,0.1438794881,-0.2676902115,0.9527078867,1,-205.9,444.0,1860.3,1,0.9895230532,0.0495565161,-0.1355175674,-0.0109287817,0.9622150064,0.2720342278,0.1438794881,-0.2676902115,0.9527078867,1,-215.3,260.7,1911.3,1,0.9893275499,0.0497710332,-0.1368598193,-0.0147305252,0.9691634774,0.2459347695,0.1448815465,-0.2412813902,0.9595860839,1,-224.3,84.9,1955.1,1,0.3437987864,-0.2868639827,-0.8941541314,0.9156830907,-0.1086537689,0.3869351745,-0.2081509382,-0.9517896771,0.2253214717,1,-341.9,262.5,1892.8,1,-0.3025014102,-0.2868639529,-0.9089565277,0.9529861212,-0.1086537689,-0.2828636467,-0.0176181607,-0.9517896175,0.3062452674,1,-434.7,15.3,1949.0,1,0.2648160160,0.6407129765,0.7206659317,-0.9209138751,-0.0536099523,0.3860615492,0.2859894633,-0.7659065127,0.5758447647,1,-88.7,258.8,1929.9,1,-0.2416592985,0.6407130361,0.7287576199,-0.9609389305,-0.0536099598,-0.2715185881,-0.1348968148,-0.7659065723,0.6286414266,1,-20.2,20.5,2003.8,1,1.0000000000,0.0000000000,0.0000000000,-0.0000000000,1.0000000000,-0.0000000000,-0.0000000000,0.0000000000,1.0000000000,0,-313.2,-89.6,1987.1,1,1.0000000000,0.0000000000,0.0000000000,-0.0000000000,1.0000000000,0.0000000000,-0.0000000000,-0.0000000000,1.0000000000,0,-313.2,-452.2,1987.1,0,1.0000000000,0.0000000000,0.0000000000,-0.0000000000,1.0000000000,-0.0000000000,-0.0000000000,0.0000000000,1.0000000000,0,-153.5,-92.0,2010.5,1,1.0000000000,-0.0000000000,0.0000000000,0.0000000000,1.0000000000,-0.0000000000,-0.0000000000,0.0000000000,1.0000000000,0,-153.5,-454.6,2010.5,0,-356.3,-232.0,1953.6,1,-83.2,-230.1,1968.7,1,-313.2,-800.9,1987.1,0,-153.5,-803.3,2010.5,0,
20,0.9897799492,0.0463651381,-0.1347687691,-0.0066813440,0.9596583247,0.2810539603,0.1423644274,-0.2772684097,0.9501926303,1,-200.0,445.2,1856.8,1,0.9897799492,0.0463651381,-0.1347687691,-0.0066813440,0.9596583247,0.2810539603,0.1423644274,-0.2772684097,0.9501926303,1,-208.8,262.0,1909.7,1,0.9893833995,0.0503179543,-0.1362546682,-0.0145872403,0.9677542448,0.2514311969,0.1445141137,-0.2467618287,0.9582468867,1,-218.0,86.5,1954.5,1,0.3556997478,-0.2947758138,-0.8868962526,0.9103087783,-0.1056764349,0.4002130628,-0.2116971463,-0.9497051239,0.2307479084,1,-335.5,263.9,1891.2,1,-0.2974958420,-0.2947758138,-0.9080768228,0.9546222091,-0.1056764498,-0.2784404159,-0.0138848461,-0.9497051239,0.3128378093,1,-430.7,20.1,1947.9,1,0.2756163180,0.6255241632,0.7299008369,-0.9153701663,-0.0610371083,0.3979597092,0.2934844494,-0.7778136134,0.5557633042,1,-82.2,260.1,1928.2,1,-0.2444951683,0.6255241036,0.7409060597,-0.9620549083,-0.0610371381,-0.2659414113,-0.1211299673,-0.7778137326,0.6167118549,1,-11.2,24.1,2003.9,1,1.0000000000,0.0000000000,0.0000000000,-0.0000000000,1.0000000000,-0.0000000000,-0.0000000000,0.0000000000,1.0000000000,0,-306.9,-87.7,1987.5,1,1.0000000000,0.0000000000,0.0000000000,-0.0000000000,1.0000000000,0.0000000000,-0.0000000000,-0.0000000000,1.0000000000,0,-306.9,-450.4,1987.5,0,1.0000000000,0.0000000000,0.0000000000,-0.0000000000,1.0000000000,-0.0000000000,-0.0000000000,0.0000000000,1.0000000000,0,-147.3,-90.1,2010.9,1,1.0000000000,-0.0000000000,0.0000000000,0.0000000000,1.0000000000,-0.0000000000,-0.0000000000,0.0000000000,1.0000000000,0,-147.3,-452.7,2010.9,0,-353.5,-227.6,1951.5,1,-74.9,-226.8,1972.3,1,-306.9,-799.1,1987.5,0,-147.3,-801.4,2010.9,0,
21,0.9882869124,0.0590632111,-0.1406317651,-0.0156741887,0.9564303756,0.2915053666,0.1517232060,-0.2858742476,0.9461857677,1,-189.3,443.2,1853.6,1,0.9882869124,0.0590632111,-0.1406317651,-0.0156741887,0.9564303756,0.2915053666,0.1517232060,-0.2858742476,0.9461857677,1,-200.6,260.6,1908.1,1,0.9879397750,0.0604005195,-0.1424905360,-0.0212571528,0.9649283886,0.2616105378,0.1532962620,-0.2554143965,0.9546080828,1,-211.5,85.7,1954.4,1,0.3644570410,-0.2942407727,-0.8835120201,0.9066243768,-0.1044998765,0.4087933302,-0.2126105428,-0.9500011206,0.2286801487,1,-327.0,263.3,1888.5,1,-0.2929380238,-0.2942407131,-0.9097306132,0.9560224414,-0.1044998690,-0.2740451694,-0.0144314757,-0.9500011206,0.3119127750,1,-424.1,21.6,1945.2,1,0.2738453448,0.6362538338,0.7212418914,-0.9127900004,-0.0643378198,0.4033299983,0.3030233681,-0.7687923908,0.5631474853,1,-74.1,257.9,1927.8,1,-0.2401732206,0.6362537146,0.7331425548,-0.9635149837,-0.0643378198,-0.2598066628,-0.1181341633,-0.7687924504,0.6284922361,1,-5.0,27.4,2004.3,1,1.0000000000,0.0000000000,0.0000000000,-0.0000000000,1.0000000000,-0.0000000000,-0.0000000000,0.0000000000,1.0000000000,0,-302.2,-87.6,1988.4,1,1.0000000000,0.0000000000,0.0000000000,-0.0000000000,1.0000000000,0.0000000000,-0.0000000000,-0.0000000000,1.0000000000,0,-302.2,-450.2,1988.4,0,1.0000000000,0.0000000000,0.0000000000,-0.0000000000,1.0000000000,-0.0000000000,-0.0000000000,0.0000000000,1.0000000000,0,-142.8,-91.0,2013.1,1,1.0000000000,-0.0000000000,0.0000000000,0.0000000000,1.0000000000,-0.0000000000,-0.0000000000,0.0000000000,1.0000000000,0,-142.8,-453.6,2013.1,0,-348.1,-226.4,1948.9,1,-67.6,-223.9,1973.4,1,-302.2,-798.9,1988.4,0,-142.8,-802.3,2013.1,0,
22,0.9877647161,0.0604679808,-0.1436711699,-0.0155664459,0.9553498626,0.2950331569,0.1550977975,-0.2891744375,0.9446344376,1,-181.4,439.1,1852.5,1,0.9877647161,0.0604679808,-0.1436711699,-0.0155664459,0.9553498626,0.2950331569,0.1550977975,-0.2891744375,0.9446344376,1,-192.9,257.4,1907.5,1,0.9873110652,0.0627852008,-0.1457797885,-0.0226332135,0.9647415280,0.2621838450,0.1571028382,-0.2555454075,0.9539539218,1,-204.3,82.5,1953.8,1,0.3702374399,-0.2890317440,-0.8828278780,0.9040817618,-0.1062574163,0.4139389098,-0.2134484500,-0.9514042735,0.2219678760,1,-319.2,260.3,1887.4,1,-0.2965617776,-0.2890317142,-0.9102262259,0.9548702836,-0.1062574089,-0.2773664892,-0.0165505745,-0.9514042735,0.3074996471,1,-418.0,19.1,1944.3,1,0.2703498900,0.6438974142,0.7157563567,-0.9140642881,-0.0617851466,0.4008354545,0.3023199737,-0.7626131773,0.5718600154,1,-66.6,254.5,1927.6,1,-0.2321718335,0.6438973546,0.7290352583,-0.9655143023,-0.0617851764,-0.2529122531,-0.1178059503,-0.7626130581,0.6360369325,1,1.3,25.0,2003.5,1,1.0000000000,0.0000000000,0.0000000000,-0.0000000000,1.0000000000,-0.0000000000,-0.0000000000,0.0000000000,1.0000000000,0,-295.3,-90.6,1987.5,1,1.0000000000,0.0000000000,0.0000000000,-0.0000000000,1.0000000000,0.0000000000,-0.0000000000,-0.0000000000,1.0000000000,0,-295.3,-453.3,1987.5,0,1.0000000000,0.0000000000,0.0000000000,-0.0000000000,1.0000000000,-0.0000000000,-0.0000000000,0.0000000000,1.0000000000,0,-136.0,-94.3,2012.8,1,1.0000000000,-0.0000000000,0.0000000000,0.0000000000,1.0000000000,-0.0000000000,-0.0000000000,0.0000000000,1.0000000000,0,-136.0,-456.9,2012.8,0,-341.1,-228.7,1948.6,1,-59.2,-226.8,1972.8,1,-295.3,-801.9,1987.5,0,-136.0,-805.6,2012.8,0,
23,0.9864947200,0.0694722757,-0.1482513249,-0.0208249018,0.9513962269,0.3072326779,0.1623915285,-0.2999840975,0.9400265813,1,-170.9,433.2,1848.9,1,0.9864947200,0.0694722757,-0.1482513249,-0.0208249018,0.9513962269,0.3072326779,0.1623915285,-0.2999840975,0.9400265813,1,-184.1,252.7,1905.8,1,0.9860017896,0.0712807551,-0.1506528407,-0.0275232233,0.9611532688,0.2746009827,0.1643761098,-0.2665989399,0.9496938586,1,-197.0,78.4,1954.2,1,0.3732195497,-0.2851683199,-0.8828284740,0.9018543959,-0.1117122322,0.4173476696,-0.2176370919,-0.9519450665,0.2154870927,1,-310.3,256.2,1884.8,1,-0.2993123531,-0.2851683497,-0.9105444551,0.9538950920,-0.1117122322,-0.2785759568,-0.0222779028,-0.9519451261,0.3054575324,1,-409.0,17.7,1942.3,1,0.2785825729,0.6441369057,0.7123758793,-0.9098007083,-0.0606139749,0.4105954468,0.3076596260,-0.7625048161,0.5691502094,1,-57.9,249.2,1926.9,1,-0.2321663946,0.6441369057,0.7288253903,-0.9653211236,-0.0606139451,-0.2539311647,-0.1193894297,-0.7625048161,0.6358715296,1,11.5,22.2,2003.6,1,1.0000000000,0.0000000000,0.0000000000,-0.0000000000,1.0000000000,-0.0000000000,-0.0000000000,0.0000000000,1.0000000000,0,-289.5,-93.6,1989.2,1,1.0000000000,0.0000000000,0.0000000000,-0.0000000000,1.0000000000,0.0000000000,-0.0000000000,-0.0000000000,1.0000000000,0,-289.5,-456.2,1989.2,0,1.0000000000,0.0000000000,0.0000000000,-0.0000000000,1.0000000000,-0.0000000000,-0.0000000000,0.0000000000,1.0000000000,0,-130.4,-98.0,2015.8,1,1.0000000000,-0.0000000000,0.0000000000,0.0000000000,1.0000000000,-0.0000000000,-0.0000000000,0.0000000000,1.0000000000,0,-130.4,-460.7,2015.8,0,-331.3,-229.8,1948.1,1,-49.0,-229.5,1972.5,1,-289.5,-804.9,1989.2,0,-130.4,-809.3,2015.8,0,
