1,0.9562443495,-0.0901340023,-0.2783191502,0.1338708699,0.9807211161,0.1423443258,0.2601221204,-0.1733764708,0.9498798251,1,-175.2,353.6,1662.7,1,0.9562443495,-0.0901340023,-0.2783191502,0.1338708699,0.9807211161,0.1423443258,0.2601221204,-0.1733764708,0.9498798251,1,-157.2,157.6,1697.3,1,0.9564667940,-0.0955567583,-0.2757336497,0.1315161586,0.9846220613,0.1149796546,0.2605050802,-0.1462391615,0.9543299675,1,-138.7,-33.1,1725.7,1,-0.0000034571,-1.0000001192,-0.0000161765,1.0000001192,-0.0000034571,-0.0000144864,0.0000144864,-0.0000161766,1.0000000000,0,-290.3,139.3,1661.1,1,-0.0025032759,-0.9999914169,-0.0033479286,0.9999274015,-0.0024635792,-0.0118099432,0.0118015939,-0.0033772453,0.9999246597,0,-290.3,-114.1,1661.1,0,0.5020446181,0.8506960869,0.1557806283,-0.8334282637,0.5240018368,-0.1755548269,-0.2309731096,-0.0416956320,0.9720664024,1,-24.1,175.9,1733.6,1,-0.0464088582,0.8506960273,0.5236054063,-0.0041421605,0.5240017772,-0.8517071605,-0.9989139438,-0.0416956134,-0.0207946040,1,77.0,8.0,1687.1,1,1.0000000000,0.0000004995,0.0000018016,-0.0000004995,1.0000000000,-0.0000027968,-0.0000018016,0.0000027968,1.0000000000,0,-205.7,-235.6,1730.7,1,0.9999977350,-0.0012686851,0.0016928758,0.0012675391,0.9999989867,0.0006779179,-0.0016937340,-0.0006757706,0.9999983311,0,-205.7,-623.0,1730.7,0,1.0000000000,0.0000000881,0.0000026560,-0.0000000881,1.0000000000,-0.0000004864,-0.0000026560,0.0000004864,1.0000000000,0,-34.7,-212.1,1777.3,1,0.9999954104,-0.0002111326,0.0030307139,0.0002120116,0.9999999404,-0.0002897203,-0.0030306524,0.0002903615,0.9999953508,0,-34.7,-599.5,1777.3,0,-289.7,-367.4,1658.1,0,65.3,6.9,1434.1,1,-205.2,-995.6,1730.9,0,-34.6,-972.1,1777.2,0,
2,0.9534574747,-0.0934358686,-0.2866660953,0.1370975822,0.9811485410,0.1361950189,0.2685352862,-0.1691590697,0.9482977390,1,-174.6,353.7,1664.3,1,0.9534574747,-0.0934358686,-0.2866660953,0.1370975822,0.9811485410,0.1361950189,0.2685352862,-0.1691590697,0.9482977390,1,-155.9,157.3,1698.2,1,0.9539066553,-0.0963417292,-0.2841993272,0.1324442029,0.9849948883,0.1106388792,0.2692745626,-0.1431812048,0.9523575306,1,-137.2,-33.5,1725.9,1,-0.0000028610,-1.0000001192,-0.0000129412,1.0000001192,-0.0000028610,-0.0000115891,0.0000115891,-0.0000129413,1.0000000000,0,-288.7,138.9,1660.7,1,-0.0022513866,-0.9999930263,-0.0030144716,0.9999411702,-0.0022192001,-0.0106286341,0.0106218699,-0.0030382217,0.9999389648,0,-288.7,-114.5,1660.7,0,0.4791542292,0.8618089557,0.1664225459,-0.8373913169,0.5056607127,-0.2075642794,-0.2630341053,-0.0399054959,0.9639608860,1,-23.1,175.7,1735.6,1,-0.0440258533,0.8618090153,0.5053187013,-0.0038061696,0.5056607723,-0.8627240658,-0.9990230799,-0.0399054922,-0.0189819578,1,73.5,6.9,1682.6,1,1.0000000000,0.0000003996,0.0000014413,-0.0000003996,1.0000000000,-0.0000022375,-0.0000014413,0.0000022375,1.0000000000,0,-203.9,-236.1,1729.6,1,0.9999982119,-0.0011417654,0.0015236273,0.0011408371,0.9999991655,0.0006100297,-0.0015243225,-0.0006082903,0.9999986291,0,-203.9,-623.5,1729.6,0,1.0000000000,0.0000000705,0.0000021248,-0.0000000705,1.0000000000,-0.0000003891,-0.0000021248,0.0000003891,1.0000000000,0,-33.3,-212.4,1777.7,1,0.9999962449,-0.0001900589,0.0027276406,0.0001907709,0.9999999404,-0.0002607771,-0.0027275907,0.0002612965,0.9999962449,0,-33.3,-599.9,1777.7,0,-288.1,-367.8,1658.0,0,62.3,5.9,1429.6,1,-203.4,-996.1,1729.8,0,-33.2,-972.4,1777.6,0,
3,0.9516639113,-0.0929363817,-0.2927241921,0.1367614269,0.9816387296,0.1329619884,0.2749912441,-0.1665701568,0.9469047785,1,-173.7,353.4,1665.1,1,0.9516639113,-0.0929363817,-0.2927241921,0.1367614269,0.9816387296,0.1329619884,0.2749912441,-0.1665701568,0.9469047785,1,-155.1,157.1,1698.4,1,0.9520336390,-0.0971163660,-0.2901537120,0.1329346746,0.9854003191,0.1063573584,0.2755873799,-0.1398287416,0.9510488510,1,-136.3,-33.8,1725.5,1,-0.0000025034,-1.0000001192,-0.0000103530,1.0000001192,-0.0000025034,-0.0000092713,0.0000092713,-0.0000103530,1.0000000000,0,-287.6,138.6,1660.1,1,-0.0020248890,-0.9999942183,-0.0027141045,0.9999522567,-0.0019987822,-0.0095655099,0.0095600300,-0.0027333435,0.9999505877,0,-287.6,-114.8,1660.1,0,0.4616439342,0.8711043000,0.1675177217,-0.8429563642,0.4896038473,-0.2229632586,-0.2762415707,-0.0382804871,0.9603255987,1,-22.6,175.6,1736.8,1,-0.0428348370,0.8711043000,0.4892264903,-0.0019028909,0.4896038771,-0.8719429970,-0.9990803003,-0.0382804833,-0.0193144884,1,71.7,3.4,1680.4,1,1.0000000000,0.0000003197,0.0000011530,-0.0000003197,1.0000000000,-0.0000017900,-0.0000011530,0.0000017900,1.0000000000,0,-202.6,-236.5,1728.0,1,0.9999985099,-0.0010275473,0.0013712961,0.0010267952,0.9999993443,0.0005489485,-0.0013718593,-0.0005475397,0.9999989271,0,-202.6,-624.0,1728.0,0,1.0000000000,0.0000000564,0.0000016998,-0.0000000564,1.0000000000,-0.0000003113,-0.0000016998,0.0000003113,1.0000000000,0,-32.3,-212.8,1777.2,1,0.9999969602,-0.0001710851,0.0024548748,0.0001716618,0.9999999404,-0.0002347229,-0.0024548348,0.0002351436,0.9999969602,0,-32.3,-600.2,1777.2,0,-287.1,-368.1,1657.7,0,60.8,2.9,1427.3,1,-202.2,-996.5,1728.2,0,-32.3,-972.8,1777.2,0,
4,0.9495130777,-0.0956335291,-0.2987773120,0.1395598799,0.9817361236,0.1292845458,0.2809553742,-0.1644563228,0.9455223680,1,-173.2,354.8,1665.5,1,0.9495130777,-0.0956335291,-0.2987773120,0.1395598799,0.9817361236,0.1292845458,0.2809553742,-0.1644563228,0.9455223680,1,-154.0,158.4,1698.4,1,0.9500149488,-0.0976335704,-0.2965266407,0.1344524473,0.9851920009,0.1063790694,0.2817483842,-0.1409319043,0.9490787387,1,-135.1,-32.4,1725.7,1,-0.0000021458,-1.0000001192,-0.0000082824,1.0000001192,-0.0000021458,-0.0000074170,0.0000074170,-0.0000082824,1.0000000000,0,-286.2,139.7,1659.2,1,-0.0018210411,-0.9999951720,-0.0024435688,0.9999611974,-0.0017999411,-0.0086087426,0.0086043039,-0.0024591526,0.9999599457,0,-286.2,-113.7,1659.2,0,0.4479262829,0.8821717501,0.1453793496,-0.8483311534,0.4706973732,-0.2424425334,-0.2823056579,-0.0147334486,0.9592113495,1,-21.8,177.1,1737.6,1,-0.0171828233,0.8821716309,0.4706143439,0.0009070158,0.4706973433,-0.8822942972,-0.9998518825,-0.0147334523,-0.0088880537,1,70.8,1.7,1679.3,1,1.0000000000,0.0000002557,0.0000009224,-0.0000002557,1.0000000000,-0.0000014320,-0.0000009224,0.0000014320,1.0000000000,0,-201.1,-235.3,1727.8,1,0.9999988079,-0.0009247587,0.0012341921,0.0009241496,0.9999994636,0.0004939903,-0.0012346482,-0.0004928491,0.9999991059,0,-201.1,-622.7,1727.8,0,1.0000000000,0.0000000451,0.0000013599,-0.0000000451,1.0000000000,-0.0000002490,-0.0000013599,0.0000002490,1.0000000000,0,-31.3,-211.2,1778.2,1,0.9999975562,-0.0001540026,0.0022093866,0.0001544697,0.9999999404,-0.0002112696,-0.0022093540,0.0002116104,0.9999975562,0,-31.3,-598.7,1778.2,0,-285.8,-367.0,1657.0,0,66.5,1.9,1429.9,1,-200.8,-995.3,1728.0,0,-31.2,-971.2,1778.1,0,
5,0.9388368130,-0.1099025309,-0.3263366222,0.1506700218,0.9832733274,0.1023195311,0.3096318841,-0.1452320069,0.9396969080,1,-173.4,354.5,1670.2,1,0.9388368130,-0.1099025309,-0.3263366222,0.1506700218,0.9832733274,0.1023195311,0.3096318841,-0.1452320069,0.9396969080,1,-151.5,158.1,1699.2,1,0.9396106601,-0.1066373736,-0.3251907527,0.1436350644,0.9853528142,0.0919023827,0.3106263876,-0.1330626756,0.9411695004,1,-130.8,-32.8,1725.0,1,-0.0000020266,-1.0000001192,-0.0000066259,1.0000001192,-0.0000020266,-0.0000059336,0.0000059336,-0.0000066259,1.0000000000,0,-282.2,138.1,1656.0,1,-0.0016378164,-0.9999960661,-0.0021999204,0.9999685287,-0.0016206503,-0.0077476897,0.0077440948,-0.0022125416,0.9999675751,0,-282.2,-115.2,1656.0,0,0.1205948964,0.9467740059,-0.2984560728,-0.8304731250,-0.0684908405,-0.5528323054,-0.5438486934,0.3145284951,0.7780106068,1,-20.7,178.1,1742.5,1,0.3170254230,0.9467740059,-0.0558035783,0.0290081725,-0.0684908256,-0.9972299337,-0.9479733706,0.3145284653,-0.0491775125,1,5.9,-5.6,1622.2,1,1.0000000000,0.0000002046,0.0000007379,-0.0000002046,1.0000000000,-0.0000011456,-0.0000007379,0.0000011456,1.0000000000,0,-194.1,-236.4,1723.0,1,0.9999990463,-0.0008322555,0.0011107934,0.0008317622,0.9999995828,0.0004445399,-0.0011111629,-0.0004436156,0.9999992847,0,-194.1,-623.9,1723.0,0,1.0000000000,0.0000000361,0.0000010879,-0.0000000361,1.0000000000,-0.0000001992,-0.0000010879,0.0000001992,1.0000000000,0,-26.2,-210.8,1778.5,1,0.9999980330,-0.0001386234,0.0019884470,0.0001390018,1.0000000000,-0.0001901580,-0.0019884205,0.0001904341,0.9999980330,0,-26.2,-598.2,1778.5,0,-281.8,-368.6,1654.1,0,69.6,0.2,1431.7,1,-193.8,-996.4,1723.2,0,-26.1,-970.7,1778.5,0,
6,0.9336014390,-0.1087192670,-0.3414046764,0.1521153599,0.9829854369,0.1029449329,0.3244028091,-0.1480439454,0.9342592359,1,-172.2,356.5,1668.1,1,0.9336014390,-0.1087192670,-0.3414046764,0.1521153599,0.9829854369,0.1029449329,0.3244028091,-0.1480439454,0.9342592359,1,-150.5,160.1,1697.6,1,0.9336858988,-0.1106253639,-0.3405604661,0.1513584405,0.9838655591,0.0953750163,0.3245138824,-0.1405984610,0.9353700876,1,-129.1,-30.5,1724.9,1,-0.0000017881,-1.0000001192,-0.0000053007,1.0000001192,-0.0000017881,-0.0000047469,0.0000047469,-0.0000053007,1.0000000000,0,-280.4,139.0,1652.5,1,-0.0014729500,-0.9999968410,-0.0019805019,0.9999745488,-0.0014591217,-0.0069727739,0.0069698626,-0.0019907227,0.9999737144,0,-280.4,-114.3,1652.5,0,0.0828011632,0.9654566050,-0.2470579743,-0.8899779320,-0.0399146080,-0.4542534947,-0.4484232068,0.2574888468,0.8559299707,0,-20.6,181.1,1742.8,1,0.2871339917,0.9549374580,-0.0751569271,-0.1288145781,-0.0392543077,-0.9908915758,-0.9491896629,0.2941999733,0.1117385626,0,0.4,-44.3,1629.2,0,1.0000000000,0.0000001637,0.0000005904,-0.0000001637,1.0000000000,-0.0000009165,-0.0000005904,0.0000009165,1.0000000000,0,-191.1,-234.5,1723.1,1,0.9999992251,-0.0007490079,0.0009997308,0.0007486082,0.9999996424,0.0004000444,-0.0010000300,-0.0003992956,0.9999994040,0,-191.1,-622.0,1723.1,0,1.0000000000,0.0000000289,0.0000008703,-0.0000000289,1.0000000000,-0.0000001594,-0.0000008703,0.0000001594,1.0000000000,0,-24.2,-207.5,1781.1,1,0.9999983907,-0.0001247781,0.0017896012,0.0001250846,1.0000000000,-0.0001711547,-0.0017895798,0.0001713782,0.9999983907,0,-24.2,-594.9,1781.1,0,-280.0,-367.6,1650.7,0,73.1,-76.9,1388.7,0,-190.8,-994.5,1723.2,0,-24.1,-967.5,1781.0,0,
7,0.9291520119,-0.1132899895,-0.3518958688,0.1569169611,0.9827419519,0.0979412049,0.3347261250,-0.1462221593,0.9308984876,1,-171.2,357.9,1667.0,1,0.9291520119,-0.1132899895,-0.3518958688,0.1569169611,0.9827419519,0.0979412049,0.3347261250,-0.1462221593,0.9308984876,1,-148.5,160.8,1696.3,1,0.9292842150,-0.1140927598,-0.3512868881,0.1557739079,0.9834342599,0.0926755816,0.3348930180,-0.1408447176,0.9316672683,1,-126.4,-29.6,1723.6,1,-0.0000014305,-1.0000001192,-0.0000042406,1.0000001192,-0.0000014305,-0.0000037975,0.0000037975,-0.0000042406,1.0000000000,0,-277.8,139.2,1649.7,1,-0.0013248920,-0.9999974370,-0.0017829153,0.9999793172,-0.0013136864,-0.0062753772,0.0062730191,-0.0017911934,0.9999787211,0,-277.8,-114.2,1649.7,0,0.0570873022,0.9776942730,-0.2021260262,-0.9289555550,-0.0221538544,-0.3695279062,-0.3657631874,0.2088614404,0.9069697857,0,-19.2,182.5,1742.9,1,0.2577795982,0.9621791244,-0.0880960822,-0.2688178420,-0.0161566734,-0.9630554318,-0.9280552268,0.2719377875,0.2544860840,0,-4.8,-52.8,1650.2,0,1.0000000000,0.0000001309,0.0000004723,-0.0000001309,1.0000000000,-0.0000007332,-0.0000004723,0.0000007332,1.0000000000,0,-187.4,-234.0,1720.9,1,0.9999993443,-0.0006740891,0.0008997712,0.0006737654,0.9999997020,0.0003600063,-0.0009000135,-0.0003593998,0.9999995232,0,-187.4,-621.5,1720.9,0,1.0000000000,0.0000000231,0.0000006963,-0.0000000231,1.0000000000,-0.0000001275,-0.0000006963,0.0000001275,1.0000000000,0,-21.3,-206.2,1780.8,1,0.9999986887,-0.0001123141,0.0016106401,0.0001125623,1.0000000000,-0.0001540493,-0.0016106229,0.0001542304,0.9999986887,0,-21.3,-593.6,1780.8,0,-277.5,-367.5,1648.1,0,60.5,-120.9,1415.1,0,-187.1,-994.0,1721.1,0,-21.2,-966.1,1780.7,0,
8,0.9217223525,-0.1188303530,-0.3691831231,0.1676959246,0.9804309011,0.1031043380,0.3497057557,-0.1569455713,0.9236170650,1,-170.0,357.4,1663.0,1,0.9217223525,-0.1188303530,-0.3691831231,0.1676959246,0.9804309011,0.1031043380,0.3497057557,-0.1569455713,0.9236170650,1,-146.0,159.8,1694.6,1,0.9223431945,-0.1152879596,-0.3687553704,0.1624923199,0.9816767573,0.0995195881,0.3505243361,-0.1517125964,0.9241809845,1,-123.7,-30.4,1724.0,1,-0.0000013113,-1.0000001192,-0.0000033925,1.0000001192,-0.0000013113,-0.0000030380,0.0000030380,-0.0000033925,1.0000000000,0,-274.4,137.2,1645.8,1,-0.0011919737,-0.9999981523,-0.0016049992,0.9999834895,-0.0011829138,-0.0056477431,0.0056458330,-0.0016117042,0.9999827743,0,-274.4,-116.2,1645.8,0,0.0396366119,0.9856429100,-0.1641255468,-0.9542719126,-0.0113673210,-0.2987240851,-0.2963008881,0.1684608161,0.9401205778,0,-17.7,182.4,1743.3,1,0.2299178839,0.9684765339,-0.0958685875,-0.3905657530,0.0015943050,-0.9205735326,-0.8914011121,0.2490991950,0.3786205053,0,-7.7,-59.4,1668.3,0,1.0000000000,0.0000001047,0.0000003778,-0.0000001047,1.0000000000,-0.0000005865,-0.0000003778,0.0000005865,1.0000000000,0,-183.8,-235.0,1722.0,1,0.9999994636,-0.0006066656,0.0008098050,0.0006064035,0.9999997616,0.0003239783,-0.0008100014,-0.0003234871,0.9999996424,0,-183.8,-622.4,1722.0,0,1.0000000000,0.0000000185,0.0000005570,-0.0000000185,1.0000000000,-0.0000001020,-0.0000005570,0.0000001020,1.0000000000,0,-18.9,-206.0,1784.7,1,0.9999989271,-0.0001010939,0.0014495753,0.0001012949,1.0000000000,-0.0001386525,-0.0014495613,0.0001387992,0.9999989271,0,-18.9,-593.4,1784.7,0,-274.0,-369.5,1644.4,0,50.6,-158.3,1442.5,0,-183.6,-995.0,1722.1,0,-18.9,-965.9,1784.6,0,
9,0.9135943055,-0.1221967116,-0.3878170550,0.1722269803,0.9802836180,0.0968457088,0.3683357537,-0.1552717686,0.9166318774,1,-169.1,357.9,1664.4,1,0.9135943055,-0.1221967116,-0.3878170550,0.1722269803,0.9802836180,0.0968457088,0.3683357537,-0.1552717686,0.9166318774,1,-144.4,160.4,1695.7,1,0.9143012166,-0.1181988120,-0.3873900473,0.1664580554,0.9816173911,0.0933607146,0.3692329526,-0.1498454660,0.9171738625,1,-121.6,-29.7,1724.7,1,-0.0000013113,-1.0000001192,-0.0000027140,1.0000001192,-0.0000013113,-0.0000024304,0.0000024304,-0.0000027140,1.0000000000,0,-271.6,137.3,1644.4,1,-0.0010724068,-0.9999985695,-0.0014448026,0.9999866486,-0.0010651350,-0.0050828899,0.0050813430,-0.0014502337,0.9999860525,0,-271.6,-116.1,1644.4,0,0.0277714133,0.9907780886,-0.1326196045,-0.9706274271,-0.0049902201,-0.2405368388,-0.2389803678,0.1354042888,0.9615373611,0,-17.2,183.6,1747.1,1,0.2040923834,0.9738709331,-0.0996069312,-0.4948549867,0.0148406029,-0.8688487411,-0.8446683884,0.2266163230,0.4849538803,0,-10.2,-62.3,1686.5,0,1.0000000000,0.0000000838,0.0000003023,-0.0000000838,1.0000000000,-0.0000004692,-0.0000003023,0.0000004692,1.0000000000,0,-180.4,-234.7,1720.8,1,0.9999995828,-0.0005459872,0.0007288334,0.0005457749,0.9999998212,0.0002915584,-0.0007289924,-0.0002911605,0.9999997020,0,-180.4,-622.1,1720.8,0,1.0000000000,0.0000000148,0.0000004456,-0.0000000148,1.0000000000,-0.0000000816,-0.0000004456,0.0000000816,1.0000000000,0,-16.9,-204.9,1786.8,1,0.9999991655,-0.0000909935,0.0013046172,0.0000911564,1.0000000000,-0.0001247938,-0.0013046057,0.0001249127,0.9999991655,0,-16.9,-592.4,1786.8,0,-271.4,-369.4,1643.1,0,41.5,-187.7,1472.6,0,-180.2,-994.7,1720.9,0,-16.9,-964.9,1786.7,0,
10,0.9094014168,-0.1316432208,-0.3945223391,0.1746567935,0.9817671776,0.0750030652,0.3774547875,-0.1371152699,0.9158176184,1,-170.3,357.5,1670.7,1,0.9094014168,-0.1316432208,-0.3945223391,0.1746567935,0.9817671776,0.0750030652,0.3774547875,-0.1371152699,0.9158176184,1,-144.0,160.7,1698.2,1,0.9097757339,-0.1277531683,-0.3949379325,0.1718228608,0.9820218086,0.0781491920,0.3778531551,-0.1389589757,0.9153752923,1,-119.2,-29.5,1725.1,1,-0.0000013113,-1.0000001192,-0.0000021712,1.0000001192,-0.0000013113,-0.0000019443,0.0000019443,-0.0000021712,1.0000000000,0,-270.5,136.8,1645.7,1,-0.0009649992,-0.9999988079,-0.0013005675,0.9999891520,-0.0009590387,-0.0045745363,0.0045732837,-0.0013049676,0.9999886751,0,-270.5,-116.5,1645.7,0,0.0196629167,0.9940842390,-0.1068186089,-0.9811577797,-0.0013535023,-0.1932045966,-0.1922061443,0.1086048931,0.9753264785,0,-17.4,184.6,1750.8,1,0.1805564165,0.9784385562,-0.1002859175,-0.5831591487,0.0243875980,-0.8119917512,-0.7920383215,0.2050929666,0.5749887824,0,-12.4,-63.9,1702.1,0,1.0000000000,0.0000000670,0.0000002418,-0.0000000670,1.0000000000,-0.0000003754,-0.0000002418,0.0000003754,1.0000000000,0,-175.8,-235.0,1718.3,1,0.9999996424,-0.0004913789,0.0006559571,0.0004912069,0.9999998212,0.0002623846,-0.0006560860,-0.0002620623,0.9999997616,0,-175.8,-622.5,1718.3,0,1.0000000000,0.0000000118,0.0000003565,-0.0000000118,1.0000000000,-0.0000000653,-0.0000003565,0.0000000653,1.0000000000,0,-13.2,-204.3,1785.8,1,0.9999992847,-0.0000819015,0.0011741550,0.0000820334,1.0000000000,-0.0001123198,-0.0011741457,0.0001124161,0.9999992847,0,-13.2,-591.7,1785.8,0,-270.3,-369.8,1644.5,0,33.3,-211.7,1501.5,0,-175.6,-995.0,1718.4,0,-13.1,-964.3,1785.8,0,
11,0.9057767987,-0.1354405731,-0.4015133679,0.1724937856,0.9833336473,0.0574273206,0.3870429993,-0.1212761924,0.9140483141,1,-170.2,356.8,1676.4,1,0.9057767987,-0.1354405731,-0.4015133679,0.1724937856,0.9833336473,0.0574273206,0.3870429993,-0.1212761924,0.9140483141,1,-143.1,160.0,1700.6,1,0.9060594440,-0.1300719082,-0.4026491344,0.1704004407,0.9831714034,0.0658393353,0.3873086274,-0.1282672733,0.9129808545,1,-117.9,-30.5,1725.5,1,-0.0000013113,-1.0000001192,-0.0000017369,1.0000001192,-0.0000013113,-0.0000015555,0.0000015555,-0.0000017369,1.0000000000,0,-269.2,136.2,1646.8,1,-0.0008684397,-0.9999989867,-0.0011707096,0.9999912381,-0.0008635521,-0.0041170302,0.0041160150,-0.0011742742,0.9999908209,0,-269.2,-117.1,1646.7,0,0.0140807033,0.9962082505,-0.0858546793,-0.9879229665,0.0006101727,-0.1549453139,-0.1543053985,0.0869995654,0.9841853976,0,-17.1,183.7,1754.5,1,0.1593695283,0.9822712541,-0.0987135768,-0.6572565436,0.0309612751,-0.7530305386,-0.7366240621,0.1848902106,0.6505386829,0,-13.5,-66.6,1715.4,0,1.0000000000,0.0000000536,0.0000001934,-0.0000000536,1.0000000000,-0.0000003003,-0.0000001934,0.0000003003,1.0000000000,0,-173.8,-236.1,1715.7,1,0.9999997020,-0.0004422333,0.0005903672,0.0004420939,0.9999998808,0.0002361316,-0.0005904716,-0.0002358706,0.9999998212,0,-173.8,-623.5,1715.7,0,1.0000000000,0.0000000095,0.0000002852,-0.0000000095,1.0000000000,-0.0000000522,-0.0000002852,0.0000000522,1.0000000000,0,-11.8,-205.6,1784.9,1,0.9999994636,-0.0000737173,0.0010567390,0.0000738241,1.0000000000,-0.0001010922,-0.0010567316,0.0001011701,0.9999994636,0,-11.8,-593.1,1784.9,0,-269.0,-370.4,1645.7,0,26.8,-233.1,1528.8,0,-173.6,-996.1,1715.8,0,-11.7,-965.6,1784.9,0,
12,0.9048581719,-0.1352859885,-0.4036310017,0.1746111661,0.9826772809,0.0620768443,0.3882402778,-0.1266505569,0.9128108621,1,-168.3,357.3,1675.2,1,0.9048581719,-0.1352859885,-0.4036310017,0.1746111661,0.9826772809,0.0620768443,0.3882402778,-0.1266505569,0.9128108621,1,-141.2,160.2,1700.6,1,0.9054067135,-0.1295940876,-0.4042681158,0.1705404818,0.9830819964,0.0668049157,0.3887705505,-0.1294310391,0.9121949077,1,-116.1,-30.1,1725.6,1,-0.0000013113,-1.0000001192,-0.0000013896,1.0000001192,-0.0000013113,-0.0000012444,0.0000012444,-0.0000013896,1.0000000000,0,-267.1,136.5,1646.5,1,-0.0007816553,-0.9999993443,-0.0010537999,0.9999930263,-0.0007777214,-0.0037052848,0.0037044622,-0.0010566877,0.9999926090,0,-267.1,-116.8,1646.5,0,0.0102019906,0.9975709915,-0.0689071566,-0.9922633171,0.0015726686,-0.1241417006,-0.1237317771,0.0696405545,0.9898689985,0,-15.2,184.0,1754.6,1,0.1404674053,0.9854646325,-0.0955415964,-0.7189938426,0.0351889133,-0.6941249371,-0.6806736588,0.1661956608,0.7134860158,0,-12.6,-67.4,1723.3,0,1.0000000000,0.0000000429,0.0000001548,-0.0000000429,1.0000000000,-0.0000002402,-0.0000001548,0.0000002402,1.0000000000,0,-171.9,-235.8,1715.9,1,0.9999997616,-0.0003980037,0.0005313352,0.0003978908,0.9999998808,0.0002125067,-0.0005314197,-0.0002122953,0.9999998212,0,-171.9,-623.2,1715.9,0,1.0000000000,0.0000000076,0.0000002281,-0.0000000076,1.0000000000,-0.0000000418,-0.0000002281,0.0000000418,1.0000000000,0,-10.0,-205.3,1785.4,1,0.9999995232,-0.0000663504,0.0009510648,0.0000664369,1.0000000000,-0.0000909865,-0.0009510587,0.0000910496,0.9999995232,0,-10.0,-592.7,1785.4,0,-266.9,-370.1,1645.5,0,22.9,-249.6,1550.9,0,-171.8,-995.8,1716.0,0,-10.0,-965.3,1785.4,0,
13,0.9033441544,-0.1394373477,-0.4056046307,0.1781375855,0.9822294116,0.0590732507,0.3901591003,-0.1256182194,0.9121350050,1,-168.0,357.0,1675.1,1,0.9033441544,-0.1394373477,-0.4056046307,0.1781375855,0.9822294116,0.0590732507,0.3901591003,-0.1256182194,0.9121350050,1,-140.1,160.3,1700.2,1,0.9041593671,-0.1304693967,-0.4067703784,0.1722028106,0.9827405810,0.0675600767,0.3909345865,-0.1311334223,0.9110261202,1,-114.9,-30.1,1725.6,1,-0.0000013113,-1.0000001192,-0.0000011116,1.0000001192,-0.0000013113,-0.0000009955,0.0000009955,-0.0000011116,1.0000000000,0,-265.9,136.3,1645.8,1,-0.0007034540,-0.9999993443,-0.0009485497,0.9999942183,-0.0007003546,-0.0033347213,0.0033340547,-0.0009508899,0.9999939799,0,-265.9,-117.0,1645.8,0,0.0074786544,0.9984443784,-0.0552520007,-0.9950453639,0.0019525290,-0.0994018316,-0.0991393328,0.0557216406,0.9935122132,0,-14.3,184.2,1754.6,1,0.1237125397,0.9881104231,-0.0912837684,-0.7701451778,0.0375978947,-0.6367592812,-0.6257565022,0.1490768045,0.7656401396,0,-12.4,-67.9,1729.5,0,1.0000000000,0.0000000343,0.0000001238,-0.0000000343,1.0000000000,-0.0000001922,-0.0000001238,0.0000001922,1.0000000000,0,-170.4,-235.8,1716.1,1,0.9999998212,-0.0003581982,0.0004782054,0.0003581068,0.9999999404,0.0001912465,-0.0004782739,-0.0001910752,0.9999998808,0,-170.4,-623.2,1716.1,0,1.0000000000,0.0000000061,0.0000001825,-0.0000000061,1.0000000000,-0.0000000334,-0.0000001825,0.0000000334,1.0000000000,0,-8.7,-205.0,1786.0,1,0.9999996424,-0.0000597192,0.0008559580,0.0000597893,1.0000000000,-0.0000818907,-0.0008559531,0.0000819418,0.9999996424,0,-8.7,-592.4,1786.0,0,-265.7,-370.4,1645.0,0,18.9,-263.0,1571.0,0,-170.3,-995.8,1716.1,0,-8.7,-965.0,1785.9,0,
14,0.9002130032,-0.1434463859,-0.4111303687,0.1829300374,0.9814046621,0.0581259057,0.3951467276,-0.1275351048,0.9097187519,1,-169.0,358.8,1674.5,1,0.9002130032,-0.1434463859,-0.4111303687,0.1829300374,0.9814046621,0.0581259057,0.3951467276,-0.1275351048,0.9097187519,1,-140.2,161.9,1700.1,1,0.9011116028,-0.1342032552,-0.4122813046,0.1765754372,0.9820525646,0.0662648305,0.3959883451,-0.1325121075,0.9086408019,1,-114.2,-28.3,1725.8,1,-0.0000013113,-1.0000001192,-0.0000008893,1.0000001192,-0.0000013113,-0.0000007964,0.0000007964,-0.0000008893,1.0000000000,0,-265.6,137.3,1645.0,1,-0.0006331205,-0.9999994040,-0.0008538000,0.9999952316,-0.0006306171,-0.0030012205,0.0030006806,-0.0008556963,0.9999951124,0,-265.6,-116.0,1645.0,0,0.0055445433,0.9990040064,-0.0442738384,-0.9968278408,0.0020064116,-0.0795626342,-0.0793945640,0.0445745289,0.9958461523,0,-14.9,186.4,1755.2,1,0.1089297533,0.9902927876,-0.0863373280,-0.8123376369,0.0386224389,-0.5819067359,-0.5729236007,0.1335219294,0.8086596131,0,-13.5,-66.1,1735.1,0,1.0000000000,0.0000000275,0.0000000990,-0.0000000275,1.0000000000,-0.0000001538,-0.0000000990,0.0000001538,1.0000000000,0,-168.8,-234.3,1716.0,1,0.9999998808,-0.0003223743,0.0004303880,0.0003223002,0.9999999404,0.0001721142,-0.0004304434,-0.0001719754,0.9999998808,0,-168.8,-621.7,1716.0,0,1.0000000000,0.0000000048,0.0000001460,-0.0000000048,1.0000000000,-0.0000000267,-0.0000001460,0.0000000267,1.0000000000,0,-7.7,-202.7,1786.8,1,0.9999997020,-0.0000537504,0.0007703619,0.0000538072,1.0000000000,-0.0000737039,-0.0007703580,0.0000737453,0.9999997020,0,-7.7,-590.2,1786.8,0,-265.4,-369.4,1644.3,0,14.1,-271.9,1589.9,0,-168.7,-994.3,1716.1,0,-7.7,-962.7,1786.8,0,
15,0.9014335871,-0.1401106417,-0.4096034467,0.1801467687,0.9817678928,0.0606305674,0.3936399519,-0.1284444630,0.9102439284,1,-167.5,359.5,1674.7,1,0.9014335871,-0.1401106417,-0.4096034467,0.1801467687,0.9817678928,0.0606305674,0.3936399519,-0.1284444630,0.9102439284,1,-139.5,162.7,1700.5,1,0.9020672441,-0.1336705536,-0.4103600681,0.1756013334,0.9822410941,0.0660583600,0.3942418993,-0.1316501945,0.9095250964,1,-113.6,-27.5,1726.0,1,-0.0000013113,-1.0000001192,-0.0000007115,1.0000001192,-0.0000013113,-0.0000006371,0.0000006371,-0.0000007115,1.0000000000,0,-264.9,138.3,1645.6,1,-0.0005699396,-0.9999997616,-0.0007685057,0.9999964237,-0.0005679131,-0.0027010757,0.0027006380,-0.0007700418,0.9999960661,0,-264.9,-115.1,1645.6,0,0.0041545630,0.9993622899,-0.0354608856,-0.9979692101,0.0018895864,-0.0636684969,-0.0635609031,0.0356533825,0.9973409176,0,-14.0,187.1,1755.3,1,0.0959283113,0.9920866489,-0.0810035914,-0.8470170498,0.0386134982,-0.5301612020,-0.5228380561,0.1194688678,0.8440186381,0,-12.9,-65.7,1739.2,0,1.0000000000,0.0000000220,0.0000000792,-0.0000000220,1.0000000000,-0.0000001230,-0.0000000792,0.0000001230,1.0000000000,0,-168.3,-233.4,1716.2,1,0.9999998808,-0.0002901335,0.0003873517,0.0002900735,0.9999999404,0.0001548965,-0.0003873966,-0.0001547841,0.9999999404,0,-168.3,-620.9,1716.2,0,1.0000000000,0.0000000039,0.0000001168,-0.0000000039,1.0000000000,-0.0000000214,-0.0000001168,0.0000000214,1.0000000000,0,-7.0,-202.0,1786.7,1,0.9999997616,-0.0000483780,0.0006933256,0.0000484240,1.0000000000,-0.0000663354,-0.0006933223,0.0000663689,0.9999997616,0,-7.0,-589.5,1786.7,0,-264.8,-368.4,1645.0,0,11.4,-280.3,1606.8,0,-168.2,-993.4,1716.3,0,-7.0,-962.0,1786.7,0,
16,0.9023568034,-0.1376971453,-0.4083873034,0.1827031225,0.9804441929,0.0731151775,0.3903326392,-0.1405910105,0.9098730683,1,-166.6,358.5,1670.8,1,0.9023568034,-0.1376971453,-0.4083873034,0.1827031225,0.9804441929,0.0731151775,0.3903326392,-0.1405910105,0.9098730683,1,-139.0,161.9,1699.0,1,0.9030158520,-0.1326256841,-0.4086090326,0.1779207736,0.9812021255,0.0747240037,0.3910171390,-0.1401783824,0.9096427560,1,-113.3,-28.1,1726.2,1,-0.0000013113,-1.0000001192,-0.0000005692,1.0000001192,-0.0000013113,-0.0000005097,0.0000005097,-0.0000005692,1.0000000000,0,-264.6,137.2,1644.6,1,-0.0005130768,-0.9999997616,-0.0006917241,0.9999970198,-0.0005114079,-0.0024309496,0.0024305950,-0.0006929692,0.9999967813,0,-264.6,-116.1,1644.6,0,0.0031433702,0.9995918274,-0.0283932686,-0.9987001419,0.0016935468,-0.0509425998,-0.0508737266,0.0285164863,0.9982978702,0,-13.4,186.7,1753.4,1,0.0845174193,0.9935567975,-0.0755072385,-0.8754400611,0.0378512740,-0.4818419218,-0.4758793712,0.1068260223,0.8729988337,0,-12.6,-66.3,1740.5,0,1.0000000000,0.0000000176,0.0000000634,-0.0000000176,1.0000000000,-0.0000000984,-0.0000000634,0.0000000984,1.0000000000,0,-168.4,-234.0,1718.4,1,0.9999998808,-0.0002611175,0.0003486185,0.0002610689,0.9999999404,0.0001394018,-0.0003486549,-0.0001393108,0.9999999404,0,-168.4,-621.5,1718.4,0,1.0000000000,0.0000000031,0.0000000934,-0.0000000031,1.0000000000,-0.0000000171,-0.0000000934,0.0000000171,1.0000000000,0,-6.9,-202.2,1788.3,1,0.9999998212,-0.0000435422,0.0006239928,0.0000435795,1.0000000000,-0.0000597033,-0.0006239903,0.0000597305,0.9999998212,0,-6.9,-589.7,1788.3,0,-264.5,-369.5,1644.0,0,8.8,-288.1,1620.0,0,-168.3,-994.0,1718.4,0,-6.9,-962.2,1788.3,0,
17,0.9028769732,-0.1367855966,-0.4075433612,0.1845103949,0.9795685410,0.0799905136,0.3882744610,-0.1474190205,0.9096729159,1,-166.0,358.8,1668.4,1,0.9028769732,-0.1367855966,-0.4075433612,0.1845103949,0.9795685410,0.0799905136,0.3882744610,-0.1474190205,0.9096729159,1,-138.5,161.9,1698.0,1,0.9036072493,-0.1316879690,-0.4076037705,0.1791784018,0.9805217385,0.0804316029,0.3890718520,-0.1457137913,0.9096069336,1,-113.0,-28.0,1726.2,1,-0.0000013113,-1.0000001192,-0.0000004553,1.0000001192,-0.0000013113,-0.0000004078,0.0000004078,-0.0000004553,1.0000000000,0,-264.2,137.0,1643.9,1,-0.0004619360,-0.9999998212,-0.0006226076,0.9999976754,-0.0004605055,-0.0021878392,0.0021875519,-0.0006236164,0.9999974370,0,-264.2,-116.4,1643.9,0,0.0023990273,0.9997388721,-0.0227291360,-0.9991680980,0.0014710426,-0.0407569259,-0.0407128409,0.0228080079,0.9989105463,0,-12.8,186.8,1752.1,1,0.0745147467,0.9947591424,-0.0700118542,-0.8986826539,0.0365564227,-0.4370732605,-0.4322232604,0.0954868495,0.8966968656,0,-12.2,-66.3,1741.8,0,1.0000000000,0.0000000141,0.0000000507,-0.0000000141,1.0000000000,-0.0000000787,-0.0000000507,0.0000000787,1.0000000000,0,-168.3,-233.9,1719.7,1,0.9999999404,-0.0002350035,0.0003137583,0.0002349642,0.9999999404,0.0001254575,-0.0003137878,-0.0001253838,0.9999999404,0,-168.3,-621.4,1719.7,0,1.0000000000,0.0000000025,0.0000000748,-0.0000000025,1.0000000000,-0.0000000137,-0.0000000748,0.0000000137,1.0000000000,0,-6.7,-201.9,1789.2,1,0.9999998212,-0.0000391897,0.0005615934,0.0000392199,1.0000000000,-0.0000537342,-0.0005615913,0.0000537562,0.9999998212,0,-6.7,-589.3,1789.2,0,-264.0,-369.7,1643.3,0,6.7,-294.0,1632.3,0,-168.2,-993.9,1719.7,0,-6.7,-961.9,1789.2,0,
18,0.9026721120,-0.1357658207,-0.4083372056,0.1839789599,0.9795847535,0.0810085610,0.3890020847,-0.1482510716,0.9092267156,1,-165.8,359.1,1667.2,1,0.9026721120,-0.1357658207,-0.4083372056,0.1839789599,0.9795847535,0.0810085610,0.3890020847,-0.1482510716,0.9092267156,1,-138.5,162.0,1697.0,1,0.9031432271,-0.1320970058,-0.4084989130,0.1805326194,0.9801272750,0.0821915641,0.3895230293,-0.1479795724,0.9090479016,1,-112.9,-27.8,1725.7,1,-0.0000013113,-1.0000001192,-0.0000003643,1.0000001192,-0.0000013113,-0.0000003262,0.0000003262,-0.0000003643,1.0000000000,0,-264.1,136.9,1642.8,1,-0.0004159212,-1.0000000000,-0.0005603922,0.9999982119,-0.0004148483,-0.0019690432,0.0019688103,-0.0005612098,0.9999979138,0,-264.1,-116.4,1642.8,0,0.0018450618,0.9998328686,-0.0181920715,-0.9994674921,0.0012511015,-0.0326063968,-0.0325781852,0.0182425454,0.9993026853,0,-12.8,187.1,1751.2,1,0.0657512546,0.9957404137,-0.0646341741,-0.9176539183,0.0349004865,-0.3958447576,-0.3919028938,0.0853390545,0.9160400629,0,-12.4,-66.1,1742.9,0,1.0000000000,0.0000000112,0.0000000406,-0.0000000112,1.0000000000,-0.0000000630,-0.0000000406,0.0000000630,1.0000000000,0,-168.0,-233.7,1719.5,1,0.9999999404,-0.0002115014,0.0002823838,0.0002114695,1.0000000000,0.0001129084,-0.0002824077,-0.0001128487,0.9999999404,0,-168.0,-621.2,1719.5,0,1.0000000000,0.0000000020,0.0000000598,-0.0000000020,1.0000000000,-0.0000000110,-0.0000000598,0.0000000110,1.0000000000,0,-6.5,-201.5,1789.1,1,0.9999998808,-0.0000352721,0.0005054339,0.0000352965,1.0000000000,-0.0000483618,-0.0005054322,0.0000483796,0.9999998808,0,-6.5,-588.9,1789.1,0,-264.0,-369.8,1642.3,0,4.3,-298.5,1643.6,0,-168.0,-993.7,1719.5,0,-6.5,-961.5,1789.1,0,
19,0.9042022228,-0.1400152892,-0.4034880996,0.1822969019,0.9808777571,0.0681448877,0.3862304986,-0.1351727694,0.9124409556,1,-166.8,359.5,1671.1,1,0.9042022228,-0.1400152892,-0.4034880996,0.1822969019,0.9808777571,0.0681448877,0.3862304986,-0.1351727694,0.9124409556,1,-138.6,162.0,1698.3,1,0.9046460986,-0.1346752644,-0.4043099880,0.1791264862,0.9810364842,0.0740149096,0.3866741955,-0.1393813342,0.9116194844,1,-112.5,-28.0,1725.3,1,-0.0000013113,-1.0000001192,-0.0000002914,1.0000001192,-0.0000013113,-0.0000002610,0.0000002610,-0.0000002914,1.0000000000,0,-264.4,137.1,1644.5,1,-0.0003744364,-0.9999997020,-0.0005043896,0.9999982715,-0.0003734827,-0.0017721286,0.0017719397,-0.0005050524,0.9999983311,0,-264.4,-116.2,1644.5,0,0.0014286041,0.9998930097,-0.0145587660,-0.9996592402,0.0010484457,-0.0260847770,-0.0260667205,0.0145910680,0.9995537400,0,-12.8,186.9,1752.1,1,0.0580738187,0.9965403080,-0.0594541579,-0.9331161976,0.0330159068,-0.3580558002,-0.3548541069,0.0762712955,0.9318053722,0,-12.4,-66.3,1745.5,0,1.0000000000,0.0000000090,0.0000000325,-0.0000000090,1.0000000000,-0.0000000504,-0.0000000325,0.0000000504,1.0000000000,0,-167.3,-234.0,1717.7,1,0.9999999404,-0.0001903498,0.0002541465,0.0001903240,1.0000000000,0.0001016149,-0.0002541658,-0.0001015665,0.9999999404,0,-167.3,-621.4,1717.7,0,1.0000000000,0.0000000016,0.0000000478,-0.0000000016,1.0000000000,-0.0000000088,-0.0000000478,0.0000000088,1.0000000000,0,-5.6,-201.9,1786.9,1,0.9999998808,-0.0000317460,0.0004548905,0.0000317658,1.0000000000,-0.0000435264,-0.0004548891,0.0000435409,0.9999998808,0,-5.6,-589.4,1786.9,0,-264.3,-369.6,1644.1,0,2.3,-302.7,1655.6,0,-167.2,-994.0,1717.8,0,-5.5,-961.9,1786.8,0,
20,0.9059212208,-0.1388748288,-0.4000112116,0.1841030419,0.9799047709,0.0767453760,0.3813141882,-0.1431699693,0.9132885933,1,-166.1,359.9,1668.5,1,0.9059212208,-0.1388748288,-0.4000112116,0.1841030419,0.9799047709,0.0767453760,0.3813141882,-0.1431699693,0.9132885933,1,-138.1,162.7,1697.3,1,0.9063334465,-0.1351909041,-0.4003393352,0.1811548471,0.9802675843,0.0790921226,0.3817464113,-0.1442086846,0.9129445553,1,-112.0,-27.1,1725.3,1,-0.0000013113,-1.0000001192,-0.0000002331,1.0000001192,-0.0000013113,-0.0000002088,0.0000002088,-0.0000002331,1.0000000000,0,-264.2,137.5,1644.2,1,-0.0003365278,-0.9999995828,-0.0004539805,0.9999983907,-0.0003358126,-0.0015949069,0.0015947542,-0.0004545170,0.9999986291,0,-264.2,-115.8,1644.2,0,0.0011128187,0.9999313951,-0.0116502997,-0.9997817874,0.0008695126,-0.0208676383,-0.0208560806,0.0116709769,0.9997143745,0,-12.1,187.9,1750.4,1,0.0513452888,0.9971914291,-0.0545243621,-0.9457035065,0.0310032368,-0.3235484064,-0.3209492564,0.0681765676,0.9446393847,0,-11.8,-65.3,1745.2,0,1.0000000000,0.0000000072,0.0000000260,-0.0000000072,1.0000000000,-0.0000000403,-0.0000000260,0.0000000403,1.0000000000,0,-166.8,-233.1,1719.1,1,0.9999999404,-0.0001713137,0.0002287327,0.0001712928,1.0000000000,0.0000914512,-0.0002287484,-0.0000914121,0.9999999404,0,-166.8,-620.6,1719.1,0,1.0000000000,0.0000000013,0.0000000383,-0.0000000013,1.0000000000,-0.0000000070,-0.0000000383,0.0000000070,1.0000000000,0,-4.8,-200.7,1787.3,1,0.9999999404,-0.0000285723,0.0004094013,0.0000285883,1.0000000000,-0.0000391744,-0.0004094002,0.0000391861,0.9999999404,0,-4.8,-588.2,1787.3,0,-264.1,-369.1,1643.8,0,1.2,-304.9,1663.9,0,-166.8,-993.1,1719.1,0,-4.7,-960.7,1787.3,0,
21,0.9056252837,-0.1426026970,-0.3993694484,0.1844316572,0.9804800153,0.0681252852,0.3818582296,-0.1353537440,0.9142526388,1,-167.3,361.7,1671.2,1,0.9056252837,-0.1426026970,-0.3993694484,0.1844316572,0.9804800153,0.0681252852,0.3818582296,-0.1353537440,0.9142526388,1,-138.6,164.5,1698.5,1,0.9062176943,-0.1381535232,-0.3995893598,0.1802922636,0.9811417460,0.0696617514,0.3824290633,-0.1351729780,0.9140407443,1,-111.9,-25.5,1724.6,1,-0.0000013113,-1.0000001192,-0.0000001865,1.0000001192,-0.0000013113,-0.0000001670,0.0000001670,-0.0000001865,1.0000000000,0,-264.7,139.5,1645.3,1,-0.0003023148,-0.9999994636,-0.0004086068,0.9999985099,-0.0003017187,-0.0014354088,0.0014352852,-0.0004090408,0.9999988675,0,-264.7,-113.9,1645.3,0,0.0008708835,0.9999561310,-0.0093222549,-0.9998604059,0.0007151365,-0.0166938342,-0.0166864358,0.0093354909,0.9998171926,0,-12.6,189.6,1751.6,1,0.0454446673,0.9977209568,-0.0498765483,-0.9559406042,0.0289378762,-0.2921303511,-0.2900212407,0.0609547943,0.9550770521,0,-12.3,-63.7,1747.4,0,1.0000000000,0.0000000058,0.0000000208,-0.0000000058,1.0000000000,-0.0000000322,-0.0000000208,0.0000000322,1.0000000000,0,-166.1,-231.6,1716.6,1,0.9999999404,-0.0001541814,0.0002058601,0.0001541644,1.0000000000,0.0000823044,-0.0002058728,-0.0000822726,1.0000000000,0,-166.1,-619.0,1716.6,0,1.0000000000,0.0000000010,0.0000000306,-0.0000000010,1.0000000000,-0.0000000056,-0.0000000306,0.0000000056,1.0000000000,0,-4.1,-199.4,1785.0,1,0.9999999404,-0.0000257158,0.0003684611,0.0000257287,1.0000000000,-0.0000352575,-0.0003684602,0.0000352670,0.9999999404,0,-4.1,-586.8,1785.0,0,-264.6,-367.2,1644.9,0,-0.8,-305.8,1673.9,0,-166.1,-991.6,1716.6,0,-4.1,-959.3,1785.0,0,
22,0.9035095572,-0.1407510787,-0.4047818482,0.1891719401,0.9785127044,0.0820002332,0.3845418394,-0.1506628245,0.9107263684,1,-167.2,362.0,1665.5,1,0.9035095572,-0.1407510787,-0.4047818482,0.1891719401,0.9785127044,0.0820002332,0.3845418394,-0.1506628245,0.9107263684,1,-138.8,164.8,1695.9,1,0.9040893316,-0.1377862990,-0.4045072496,0.1850963533,0.9794515371,0.0800698996,0.3851619959,-0.1472645849,0.9110201001,1,-112.2,-24.8,1724.4,1,-0.0000013113,-1.0000001192,-0.0000001492,1.0000001192,-0.0000013113,-0.0000001336,0.0000001336,-0.0000001492,1.0000000000,0,-264.6,139.1,1642.3,1,-0.0002713203,-0.9999994040,-0.0003677659,0.9999986887,-0.0002708435,-0.0012918618,0.0012917619,-0.0003681166,0.9999991059,0,-264.6,-114.2,1642.3,0,0.0006844997,0.9999719262,-0.0074590473,-0.9999106526,0.0005848408,-0.0133548062,-0.0133500705,0.0074675209,0.9998829961,0,-13.1,190.6,1749.5,1,0.0402650833,0.9981514215,-0.0455271602,-0.9642599821,0.0268750787,-0.2635919750,-0.2618811131,0.0545136034,0.9635593295,0,-12.9,-62.7,1746.1,0,1.0000000000,0.0000000046,0.0000000166,-0.0000000046,1.0000000000,-0.0000000258,-0.0000000166,0.0000000258,1.0000000000,0,-166.3,-231.1,1718.5,1,1.0000000000,-0.0001387625,0.0001852747,0.0001387488,1.0000000000,0.0000740725,-0.0001852850,-0.0000740468,1.0000000000,0,-166.3,-618.5,1718.5,0,1.0000000000,0.0000000008,0.0000000245,-0.0000000008,1.0000000000,-0.0000000045,-0.0000000245,0.0000000045,1.0000000000,0,-4.6,-198.0,1787.4,1,0.9999999404,-0.0000231448,0.0003316150,0.0000231553,1.0000000000,-0.0000317322,-0.0003316142,0.0000317399,0.9999999404,0,-4.6,-585.4,1787.4,0,-264.5,-367.6,1642.0,0,-2.7,-307.0,1679.8,0,-166.3,-991.1,1718.5,0,-4.6,-958.0,1787.4,0,
23,0.9021281600,-0.1388046741,-0.4085177779,0.1947739124,0.9758845568,0.0985365957,0.3849881589,-0.1684627831,0.9074131250,1,-166.2,360.9,1659.2,1,0.9021281600,-0.1388046741,-0.4085177779,0.1947739124,0.9758845568,0.0985365957,0.3849881589,-0.1684627831,0.9074131250,1,-138.3,164.4,1693.2,1,0.9030547738,-0.1347358525,-0.4078319669,0.1881558299,0.9776636958,0.0936387926,0.3861052990,-0.1612984091,0.9082399011,1,-112.2,-24.9,1724.4,1,-0.0000013113,-1.0000001192,-0.0000001194,1.0000001192,-0.0000013113,-0.0000001069,0.0000001069,-0.0000001194,1.0000000000,0,-263.9,138.2,1639.5,1,-0.0002433062,-0.9999994040,-0.0003310053,0.9999988079,-0.0002428293,-0.0011626706,0.0011625899,-0.0003312886,0.9999992847,0,-263.9,-115.1,1639.5,0,0.0005396008,0.9999820590,-0.0059680101,-0.9999428391,0.0004758239,-0.0106836371,-0.0106806047,0.0059734341,0.9999251366,0,-12.7,190.6,1746.9,1,0.0357139111,0.9985008836,-0.0414813757,-0.9710163474,0.0248551965,-0.2377175987,-0.2363301814,0.0487689301,0.9704481363,0,-12.5,-62.7,1744.2,0,1.0000000000,0.0000000037,0.0000000133,-0.0000000037,1.0000000000,-0.0000000206,-0.0000000133,0.0000000206,1.0000000000,0,-166.8,-231.1,1721.1,1,1.0000000000,-0.0001248856,0.0001667477,0.0001248745,1.0000000000,0.0000666641,-0.0001667560,-0.0000666433,1.0000000000,0,-166.8,-618.5,1721.1,0,1.0000000000,0.0000000006,0.0000000196,-0.0000000006,1.0000000000,-0.0000000036,-0.0000000196,0.0000000036,1.0000000000,0,-5.3,-197.4,1790.2,1,0.9999999404,-0.0000208308,0.0002984534,0.0000208393,1.0000000000,-0.0000285593,-0.0002984528,0.0000285655,0.9999999404,0,-5.3,-584.9,1790.2,0,-263.8,-368.4,1639.2,0,-3.5,-308.7,1684.3,0,-166.8,-991.1,1721.1,0,-5.3,-957.4,1790.2,0,
