1,0.9332259297,-0.1829688698,-0.3092108369,0.2239562273,0.9692033529,0.1024139822,0.2809496522,-0.1648252606,0.9454632401,1,-176.1,368.9,1623.3,1,0.9332259297,-0.1829688698,-0.3092108369,0.2239562273,0.9692033529,0.1024139822,0.2809496522,-0.1648252606,0.9454632401,1,-139.4,174.3,1656.4,1,0.9348688722,-0.1784251928,-0.3068943620,0.2151290774,0.9724326730,0.0899684131,0.2823815346,-0.1501307786,0.9474820495,1,-106.0,-7.6,1684.5,1,-0.3458086550,-0.9380233288,-0.0229899734,0.7539443374,-0.2631944716,-0.6019107699,0.5585554838,-0.2254791260,0.7982323170,1,-262.9,145.9,1619.1,1,-0.2340521812,-0.9380233884,0.2556007802,0.0012552914,-0.2631945312,-0.9647420049,0.9722232223,-0.2254791260,0.0627787411,1,-132.2,-139.1,1408.0,1,-0.0000026226,1.0000003576,0.0000000000,-1.0000003576,-0.0000026226,-0.0000000000,-0.0000000000,-0.0000000000,1.0000000000,0,-15.9,202.7,1693.7,1,0.0000197291,0.9999990463,-0.0000000000,-0.9999990463,0.0000197291,0.0000000000,0.0000000000,0.0000000000,1.0000000000,0,-15.9,-42.0,1693.7,0,1.0000000000,0.0000000000,-0.0000000000,0.0000000000,1.0000000000,0.0000000000,0.0000000000,0.0000000000,1.0000000000,0,-153.1,-208.1,1688.3,1,1.0000000000,0.0000000000,0.0000000000,0.0000000000,1.0000000000,0.0000000000,0.0000000000,0.0000000000,1.0000000000,0,-153.1,-582.4,1688.3,0,1.0000000000,0.0000000185,-0.0000000120,-0.0000000185,1.0000000000,-0.0000000347,0.0000000120,0.0000000347,1.0000000000,0,7.8,-171.1,1736.9,1,1.0000000000,0.0002100569,-0.0000859303,-0.0002100816,0.9999999404,-0.0002870958,0.0000858700,0.0002871139,0.9999999404,0,7.8,-545.4,1736.9,0,-78.5,-139.3,1185.2,1,-15.9,-286.7,1693.7,0,-153.1,-942.3,1688.3,0,7.7,-905.3,1736.8,0,
2,0.9359390736,-0.1797430962,-0.3028364480,0.2223884910,0.9684451818,0.1125048175,0.2730585337,-0.1726451963,0.9463791251,1,-177.1,368.8,1620.5,1,0.9359390736,-0.1797430962,-0.3028364480,0.2223884910,0.9684451818,0.1125048175,0.2730585337,-0.1726451963,0.9463791251,1,-140.8,173.4,1655.3,1,0.9377424717,-0.1753787398,-0.2998012900,0.2125323266,0.9724351168,0.0959166735,0.2747156024,-0.1536628157,0.9491679668,1,-108.0,-8.6,1684.1,1,-0.3517597020,-0.9359401464,-0.0167707782,0.7516393065,-0.2717236876,-0.6010030508,0.5579459071,-0.2240142375,0.7990707159,1,-264.6,145.3,1619.1,1,-0.2334260046,-0.9359400868,0.2636824548,0.0023836195,-0.2717236876,-0.9623724222,0.9723715782,-0.2240142375,0.0656583086,1,-131.6,-139.0,1408.0,1,-0.0000026226,1.0000003576,0.0000000000,-1.0000003576,-0.0000026226,-0.0000000000,-0.0000000000,-0.0000000000,1.0000000000,0,-16.9,201.4,1691.6,1,0.0000197291,0.9999990463,-0.0000000000,-0.9999990463,0.0000197291,0.0000000000,0.0000000000,0.0000000000,1.0000000000,0,-17.0,-43.3,1691.6,0,1.0000000000,0.0000000000,-0.0000000000,0.0000000000,1.0000000000,0.0000000000,0.0000000000,0.0000000000,1.0000000000,0,-157.1,-209.2,1688.8,1,1.0000000000,0.0000000000,0.0000000000,0.0000000000,1.0000000000,0.0000000000,0.0000000000,0.0000000000,1.0000000000,0,-157.1,-583.5,1688.8,0,1.0000000000,0.0000000148,-0.0000000096,-0.0000000148,1.0000000000,-0.0000000277,0.0000000096,0.0000000277,1.0000000000,0,6.8,-172.0,1736.9,1,1.0000000000,0.0001890524,-0.0000773345,-0.0001890723,0.9999999404,-0.0002583870,0.0000772857,0.0002584016,0.9999999404,0,6.8,-546.3,1736.9,0,-78.2,-139.6,1185.6,1,-16.9,-288.0,1691.6,0,-157.1,-943.4,1688.8,0,6.7,-906.2,1736.8,0,
3,0.9370090365,-0.1784273833,-0.3002952039,0.2217777669,0.9680759311,0.1168060750,0.2698672712,-0.1760473698,0.9466677308,1,-176.4,368.0,1619.6,1,0.9370090365,-0.1784273833,-0.3002952039,0.2217777669,0.9680759311,0.1168060750,0.2698672712,-0.1760473698,0.9466677308,1,-140.4,172.9,1655.1,1,0.9388289452,-0.1741170436,-0.2971244752,0.2117613554,0.9722580910,0.0993549302,0.2715823650,-0.1561969817,0.9496558905,1,-107.8,-9.1,1684.3,1,-0.3501057923,-0.9365579486,-0.0168927740,0.7511336803,-0.2699238360,-0.6024445295,0.5596644282,-0.2236080468,0.7979819775,1,-264.4,144.9,1619.2,1,-0.2331573069,-0.9365578890,0.2617194653,0.0034138449,-0.2699238062,-0.9628756642,0.9724330306,-0.2236080170,0.0661319643,1,-132.3,-138.5,1408.0,1,-0.0000026226,1.0000003576,0.0000000000,-1.0000003576,-0.0000026226,-0.0000000000,-0.0000000000,-0.0000000000,1.0000000000,0,-16.4,200.9,1690.9,1,0.0000197291,0.9999990463,-0.0000000000,-0.9999990463,0.0000197291,0.0000000000,0.0000000000,0.0000000000,1.0000000000,0,-16.4,-43.9,1690.9,0,1.0000000000,0.0000000000,-0.0000000000,0.0000000000,1.0000000000,0.0000000000,0.0000000000,0.0000000000,1.0000000000,0,-156.1,-209.2,1690.1,1,1.0000000000,0.0000000000,0.0000000000,0.0000000000,1.0000000000,0.0000000000,0.0000000000,0.0000000000,1.0000000000,0,-156.1,-583.5,1690.1,0,1.0000000000,0.0000000119,-0.0000000077,-0.0000000119,1.0000000000,-0.0000000222,0.0000000077,0.0000000222,1.0000000000,0,5.6,-172.7,1736.9,1,1.0000000000,0.0001701480,-0.0000695989,-0.0001701642,0.9999999404,-0.0002325490,0.0000695593,0.0002325608,1.0000000000,0,5.6,-547.1,1736.9,0,-78.9,-139.3,1185.4,1,-16.4,-288.6,1690.9,0,-156.1,-943.4,1690.1,0,5.6,-907.0,1736.8,0,
4,0.9369499683,-0.1821980178,-0.2982081771,0.2226965129,0.9689193964,0.1077103391,0.2693152130,-0.1673293263,0.9484044909,1,-176.5,367.7,1621.6,1,0.9369499683,-0.1821980178,-0.2982081771,0.2226965129,0.9689193964,0.1077103391,0.2693152130,-0.1673293263,0.9484044909,1,-139.6,171.7,1655.5,1,0.9390671253,-0.1762340516,-0.2951169610,0.2112251371,0.9731958508,0.0909609273,0.2711762786,-0.1477547288,0.9511218071,1,-106.7,-10.4,1683.1,1,-0.3479635715,-0.9373227954,-0.0186423510,0.7502976656,-0.2665010989,-0.6050047278,0.5621163845,-0.2245069295,0.7960036993,1,-263.7,143.8,1619.7,1,-0.2333839387,-0.9373226762,0.2587626874,0.0016860570,-0.2665010989,-0.9638331532,0.9723832011,-0.2245068848,0.0637774616,1,-132.6,-138.8,1408.0,1,-0.0000026226,1.0000003576,0.0000000000,-1.0000003576,-0.0000026226,-0.0000000000,-0.0000000000,-0.0000000000,1.0000000000,0,-15.6,199.6,1691.3,1,0.0000197291,0.9999990463,-0.0000000000,-0.9999990463,0.0000197291,0.0000000000,0.0000000000,0.0000000000,1.0000000000,0,-15.6,-45.2,1691.3,0,1.0000000000,0.0000000000,-0.0000000000,0.0000000000,1.0000000000,0.0000000000,0.0000000000,0.0000000000,1.0000000000,0,-154.4,-210.7,1687.5,1,1.0000000000,0.0000000000,0.0000000000,0.0000000000,1.0000000000,0.0000000000,0.0000000000,0.0000000000,1.0000000000,0,-154.4,-585.0,1687.5,0,1.0000000000,0.0000000095,-0.0000000061,-0.0000000095,1.0000000000,-0.0000000178,0.0000000061,0.0000000178,1.0000000000,0,7.1,-174.4,1734.1,1,1.0000000000,0.0001531339,-0.0000626372,-0.0001531470,0.9999999404,-0.0002092946,0.0000626052,0.0002093042,1.0000000000,0,7.1,-548.7,1734.1,0,-79.2,-139.2,1185.3,1,-15.6,-289.9,1691.3,0,-154.4,-944.9,1687.5,0,7.0,-908.6,1734.0,0,
5,0.9352114797,-0.1821902394,-0.3036208749,0.2255198509,0.9675381780,0.1140649840,0.2729833424,-0.1751476228,0.9459408522,1,-177.5,368.4,1619.7,1,0.9352114797,-0.1821902394,-0.3036208749,0.2255198509,0.9675381780,0.1140649840,0.2729833424,-0.1751476228,0.9459408522,1,-140.5,171.8,1655.2,1,0.9377294183,-0.1739053875,-0.3006992042,0.2118031234,0.9723715782,0.0981483236,0.2753229141,-0.1557258070,0.9486556053,1,-107.9,-10.2,1684.4,1,-0.3502256870,-0.9364604950,-0.0195918977,0.7512803078,-0.2683556974,-0.6029620767,0.5593925118,-0.2258918136,0.7975293398,1,-264.3,143.8,1618.9,1,-0.2345270663,-0.9364604354,0.2608426809,0.0001257979,-0.2683556378,-0.9633198977,0.9721095562,-0.2258917838,0.0630544722,1,-132.3,-139.4,1408.0,1,-0.0000026226,1.0000003576,0.0000000000,-1.0000003576,-0.0000026226,-0.0000000000,-0.0000000000,-0.0000000000,1.0000000000,0,-16.6,199.8,1691.6,1,0.0000197291,0.9999990463,-0.0000000000,-0.9999990463,0.0000197291,0.0000000000,0.0000000000,0.0000000000,1.0000000000,0,-16.6,-45.0,1691.6,0,1.0000000000,0.0000000000,-0.0000000000,0.0000000000,1.0000000000,0.0000000000,0.0000000000,0.0000000000,1.0000000000,0,-156.6,-210.5,1689.7,1,1.0000000000,0.0000000000,0.0000000000,0.0000000000,1.0000000000,0.0000000000,0.0000000000,0.0000000000,1.0000000000,0,-156.6,-584.8,1689.7,0,1.0000000000,0.0000000076,-0.0000000049,-0.0000000076,1.0000000000,-0.0000000142,0.0000000049,0.0000000142,1.0000000000,0,5.8,-173.8,1737.3,1,1.0000000000,0.0001378211,-0.0000563721,-0.0001378317,1.0000000000,-0.0001883656,0.0000563461,0.0001883733,1.0000000000,0,5.8,-548.1,1737.3,0,-78.6,-139.4,1185.5,1,-16.6,-289.7,1691.6,0,-156.6,-944.7,1689.7,0,5.7,-908.0,1737.3,0,
6,0.9393015504,-0.1814314127,-0.2911952138,0.2231568396,0.9677517414,0.1168657839,0.2606016695,-0.1747546196,0.9494988918,1,-176.9,367.3,1619.2,1,0.9393015504,-0.1814314127,-0.2911952138,0.2231568396,0.9677517414,0.1168657839,0.2606016695,-0.1747546196,0.9494988918,1,-140.2,171.5,1654.5,1,0.9416852593,-0.1742472500,-0.2878650129,0.2101526111,0.9726740122,0.0986976549,0.2628011405,-0.1534379125,0.9525718093,1,-107.6,-10.5,1683.2,1,-0.3485170305,-0.9370272160,-0.0227144230,0.7503944635,-0.2644159198,-0.6057989001,0.5616440177,-0.2281760126,0.7952935100,1,-264.6,143.8,1619.8,1,-0.2365796864,-0.9370271564,0.2569243610,-0.0000642558,-0.2644159198,-0.9644087553,0.9716120362,-0.2281760275,0.0624952242,1,-133.2,-139.2,1408.0,1,-0.0000026226,1.0000003576,0.0000000000,-1.0000003576,-0.0000026226,-0.0000000000,-0.0000000000,-0.0000000000,1.0000000000,0,-15.9,199.3,1689.2,1,0.0000197291,0.9999990463,-0.0000000000,-0.9999990463,0.0000197291,0.0000000000,0.0000000000,0.0000000000,1.0000000000,0,-15.9,-45.4,1689.2,0,1.0000000000,0.0000000000,-0.0000000000,0.0000000000,1.0000000000,0.0000000000,0.0000000000,0.0000000000,1.0000000000,0,-156.2,-210.6,1689.3,1,1.0000000000,0.0000000000,0.0000000000,0.0000000000,1.0000000000,0.0000000000,0.0000000000,0.0000000000,1.0000000000,0,-156.2,-584.9,1689.3,0,1.0000000000,0.0000000061,-0.0000000039,-0.0000000061,1.0000000000,-0.0000000114,0.0000000039,0.0000000114,1.0000000000,0,6.2,-174.4,1734.6,1,1.0000000000,0.0001240395,-0.0000507337,-0.0001240481,1.0000000000,-0.0001695294,0.0000507127,0.0001695357,1.0000000000,0,6.2,-548.7,1734.6,0,-79.0,-139.2,1185.6,1,-15.9,-290.2,1689.2,0,-156.2,-944.8,1689.3,0,6.1,-908.6,1734.5,0,
7,0.9390866756,-0.1815625429,-0.2918056548,0.2208597362,0.9693478942,0.1076363474,0.2633186579,-0.1655281931,0.9504022598,1,-178.0,368.5,1621.9,1,0.9390866756,-0.1815625429,-0.2918056548,0.2208597362,0.9693478942,0.1076363474,0.2633186579,-0.1655281931,0.9504022598,1,-141.4,173.0,1655.3,1,0.9416350126,-0.1730420440,-0.2887548506,0.2068933845,0.9741300941,0.0909156501,0.2655527294,-0.1453510374,0.9530768991,1,-109.0,-9.3,1682.5,1,-0.3513191044,-0.9360373616,-0.0202236939,0.7524005175,-0.2694084644,-0.6010928154,0.5571968555,-0.2263917029,0.7989233732,1,-265.8,145.6,1620.2,1,-0.2348611057,-0.9360373616,0.2620579600,-0.0008182411,-0.2694084346,-0.9630257487,0.9720285535,-0.2263917178,0.0625076666,1,-132.6,-139.6,1409.0,1,-0.0000026226,1.0000003576,0.0000000000,-1.0000003576,-0.0000026226,-0.0000000000,-0.0000000000,-0.0000000000,1.0000000000,0,-17.0,200.3,1690.4,1,0.0000197291,0.9999990463,-0.0000000000,-0.9999990463,0.0000197291,0.0000000000,0.0000000000,0.0000000000,1.0000000000,0,-17.0,-44.4,1690.4,0,1.0000000000,0.0000000000,-0.0000000000,0.0000000000,1.0000000000,0.0000000000,0.0000000000,0.0000000000,1.0000000000,0,-158.7,-209.6,1686.6,1,1.0000000000,0.0000000000,0.0000000000,0.0000000000,1.0000000000,0.0000000000,0.0000000000,0.0000000000,1.0000000000,0,-158.7,-583.9,1686.6,0,1.0000000000,0.0000000049,-0.0000000031,-0.0000000049,1.0000000000,-0.0000000091,0.0000000031,0.0000000091,1.0000000000,0,5.4,-173.6,1732.9,1,1.0000000000,0.0001116359,-0.0000456594,-0.0001116429,1.0000000000,-0.0001525767,0.0000456423,0.0001525818,1.0000000000,0,5.4,-547.9,1732.9,0,-78.8,-139.4,1186.3,1,-17.0,-289.2,1690.4,0,-158.7,-943.8,1686.6,0,5.4,-907.8,1732.8,0,
8,0.9407898784,-0.1771115959,-0.2890422344,0.2128569484,0.9722498059,0.0970678851,0.2638296187,-0.1528453231,0.9523828030,1,-180.2,366.8,1623.8,1,0.9407898784,-0.1771115959,-0.2890422344,0.2128569484,0.9722498059,0.0970678851,0.2638296187,-0.1528453231,0.9523828030,1,-144.3,169.8,1654.8,1,0.9435408115,-0.1658700407,-0.2867355347,0.1972243041,0.9767565131,0.0839599520,0.2661445439,-0.1357710660,0.9543238878,1,-113.2,-12.9,1680.2,1,-0.3623697758,-0.9320028424,-0.0076753506,0.7495225668,-0.2865055203,-0.5967667103,0.5539891720,-0.2220030725,0.8023781776,1,-268.9,143.8,1619.6,1,-0.2313543409,-0.9320028424,0.2790088654,-0.0012458868,-0.2865055203,-0.9580777884,0.9728688002,-0.2220030725,0.0651231259,1,-131.8,-139.8,1410.0,1,-0.0000026226,1.0000003576,0.0000000000,-1.0000003576,-0.0000026226,-0.0000000000,-0.0000000000,-0.0000000000,1.0000000000,0,-19.7,195.9,1689.9,1,0.0000197291,0.9999990463,-0.0000000000,-0.9999990463,0.0000197291,0.0000000000,0.0000000000,0.0000000000,1.0000000000,0,-19.7,-48.8,1689.9,0,1.0000000000,0.0000000000,-0.0000000000,0.0000000000,1.0000000000,0.0000000000,0.0000000000,0.0000000000,1.0000000000,0,-166.9,-213.4,1681.7,1,1.0000000000,0.0000000000,0.0000000000,0.0000000000,1.0000000000,0.0000000000,0.0000000000,0.0000000000,1.0000000000,0,-166.9,-587.7,1681.7,0,1.0000000000,0.0000000039,-0.0000000025,-0.0000000039,1.0000000000,-0.0000000073,0.0000000025,0.0000000073,1.0000000000,0,2.5,-178.0,1729.5,1,1.0000000000,0.0001004726,-0.0000410927,-0.0001004783,1.0000000000,-0.0001373193,0.0000410789,0.0001373234,1.0000000000,0,2.5,-552.3,1729.5,0,-78.7,-139.5,1186.7,1,-19.7,-293.6,1689.9,0,-166.9,-947.6,1681.7,0,2.5,-912.2,1729.4,0,
9,0.9444436431,-0.1701244861,-0.2812169790,0.2083854824,0.9716054797,0.1120638847,0.2541673183,-0.1644397825,0.9530789256,1,-179.0,366.7,1620.2,1,0.9444436431,-0.1701244861,-0.2812169790,0.2083854824,0.9716054797,0.1120638847,0.2541673183,-0.1644397825,0.9530789256,1,-144.6,170.0,1653.5,1,0.9477009773,-0.1557553560,-0.2785719335,0.1889057159,0.9772673845,0.0962455571,0.2572486699,-0.1438360661,0.9555810690,1,-115.4,-12.9,1680.5,1,-0.3625487983,-0.9319046140,-0.0105905691,0.7520462275,-0.2858271599,-0.5939101577,0.5504405499,-0.2232860029,0.8044617176,1,-269.7,145.0,1619.6,1,-0.2327491641,-0.9319046736,0.2781755328,-0.0008878692,-0.2858271599,-0.9582808018,0.9725364447,-0.2232860476,0.0656986162,1,-132.4,-139.9,1411.0,1,-0.0000026226,1.0000003576,0.0000000000,-1.0000003576,-0.0000026226,-0.0000000000,-0.0000000000,-0.0000000000,1.0000000000,0,-19.4,194.9,1687.5,1,0.0000197291,0.9999990463,-0.0000000000,-0.9999990463,0.0000197291,0.0000000000,0.0000000000,0.0000000000,1.0000000000,0,-19.4,-49.8,1687.5,0,1.0000000000,0.0000000000,-0.0000000000,0.0000000000,1.0000000000,0.0000000000,0.0000000000,0.0000000000,1.0000000000,0,-169.6,-212.4,1684.8,1,1.0000000000,0.0000000000,0.0000000000,0.0000000000,1.0000000000,0.0000000000,0.0000000000,0.0000000000,1.0000000000,0,-169.6,-586.7,1684.8,0,1.0000000000,0.0000000031,-0.0000000020,-0.0000000031,1.0000000000,-0.0000000058,0.0000000020,0.0000000058,1.0000000000,0,-3.0,-179.2,1730.0,1,1.0000000000,0.0000904256,-0.0000369828,-0.0000904302,1.0000000000,-0.0001235875,0.0000369716,0.0001235909,1.0000000000,0,-3.0,-553.5,1730.0,0,-78.9,-139.7,1187.4,1,-19.4,-294.5,1687.5,0,-169.6,-946.6,1684.8,0,-3.1,-913.4,1729.9,0,
10,0.9436694384,-0.1750995219,-0.2807618678,0.2116338462,0.9716554880,0.1053411737,0.2543587983,-0.1588261873,0.9539794326,1,-180.9,367.1,1622.0,1,0.9436694384,-0.1750995219,-0.2807618678,0.2116338462,0.9716554880,0.1053411737,0.2543587983,-0.1588261873,0.9539794326,1,-145.4,170.3,1654.1,1,0.9464892745,-0.1625287235,-0.2788218260,0.1953657717,0.9762009382,0.0941487253,0.2568844557,-0.1435832381,0.9557170868,1,-115.0,-12.4,1681.0,1,-0.3611692488,-0.9323661327,-0.0158193111,0.7511717081,-0.2808445394,-0.5973838568,0.5525377393,-0.2276397049,0.8017994165,1,-270.4,144.5,1620.2,1,-0.2363282293,-0.9323661327,0.2735734880,-0.0030121009,-0.2808445394,-0.9597486258,0.9716686010,-0.2276397347,0.0635631159,1,-133.7,-140.0,1411.0,1,-0.0000026226,1.0000003576,0.0000000000,-1.0000003576,-0.0000026226,-0.0000000000,-0.0000000000,-0.0000000000,1.0000000000,0,-20.4,196.1,1688.1,1,0.0000197291,0.9999990463,-0.0000000000,-0.9999990463,0.0000197291,0.0000000000,0.0000000000,0.0000000000,1.0000000000,0,-20.4,-48.7,1688.1,0,1.0000000000,0.0000000000,-0.0000000000,0.0000000000,1.0000000000,0.0000000000,0.0000000000,0.0000000000,1.0000000000,0,-165.3,-211.7,1686.0,1,1.0000000000,0.0000000000,0.0000000000,0.0000000000,1.0000000000,0.0000000000,0.0000000000,0.0000000000,1.0000000000,0,-165.3,-586.0,1686.0,0,1.0000000000,0.0000000025,-0.0000000016,-0.0000000025,1.0000000000,-0.0000000047,0.0000000016,0.0000000047,1.0000000000,0,-3.9,-178.4,1729.8,1,1.0000000000,0.0000813833,-0.0000332840,-0.0000813870,1.0000000000,-0.0001112289,0.0000332749,0.0001112316,1.0000000000,0,-3.9,-552.7,1729.8,0,-79.5,-139.3,1188.2,1,-20.4,-293.4,1688.1,0,-165.3,-946.0,1686.0,0,-4.0,-912.7,1729.7,0,
11,0.9460211992,-0.1754911691,-0.2724810839,0.2134041041,0.9700334072,0.1161632836,0.2439302802,-0.1680417210,0.9551234841,1,-181.2,366.3,1619.3,1,0.9460211992,-0.1754911691,-0.2724810839,0.2134041041,0.9700334072,0.1161632836,0.2439302802,-0.1680417210,0.9551234841,1,-145.8,170.8,1653.2,1,0.9485738873,-0.1657616198,-0.2696847916,0.1988554895,0.9748904109,0.1002262905,0.2462996244,-0.1487005651,0.9577189088,1,-114.8,-11.7,1681.0,1,-0.3619252443,-0.9320375919,-0.0177710652,0.7515272498,-0.2804448605,-0.5971242189,0.5515584350,-0.2294697613,0.8019518852,1,-271.1,144.5,1620.7,1,-0.2378024012,-0.9320376515,0.2734149992,-0.0044358745,-0.2804449201,-0.9598598480,0.9713034630,-0.2294698060,0.0625560656,1,-133.8,-140.5,1411.5,1,-0.0000026226,1.0000003576,0.0000000000,-1.0000003576,-0.0000026226,-0.0000000000,-0.0000000000,-0.0000000000,1.0000000000,0,-20.5,197.0,1685.7,1,0.0000197291,0.9999990463,-0.0000000000,-0.9999990463,0.0000197291,0.0000000000,0.0000000000,0.0000000000,1.0000000000,0,-20.5,-47.7,1685.7,0,1.0000000000,0.0000000000,-0.0000000000,0.0000000000,1.0000000000,0.0000000000,0.0000000000,0.0000000000,1.0000000000,0,-164.9,-211.1,1687.8,1,1.0000000000,0.0000000000,0.0000000000,0.0000000000,1.0000000000,0.0000000000,0.0000000000,0.0000000000,1.0000000000,0,-164.9,-585.4,1687.8,0,1.0000000000,0.0000000020,-0.0000000013,-0.0000000020,1.0000000000,-0.0000000037,0.0000000013,0.0000000037,1.0000000000,0,-2.6,-177.1,1729.9,1,1.0000000000,0.0000732451,-0.0000299552,-0.0000732481,1.0000000000,-0.0001001061,0.0000299479,0.0001001083,1.0000000000,0,-2.6,-551.4,1729.9,0,-79.3,-139.5,1188.8,1,-20.5,-292.4,1685.7,0,-164.9,-945.3,1687.8,0,-2.7,-911.3,1729.9,0,
12,0.9474773407,-0.1724429876,-0.2693496048,0.2107296586,0.9701292515,0.1201761961,0.2405805588,-0.1706244051,0.9555151463,1,-179.8,363.7,1618.0,1,0.9474773407,-0.1724429876,-0.2693496048,0.2107296586,0.9701292515,0.1201761961,0.2405805588,-0.1706244051,0.9555151463,1,-145.0,167.9,1652.4,1,0.9493734241,-0.1664762199,-0.2664112151,0.1998513788,0.9743639231,0.1033175588,0.2423817068,-0.1513298154,0.9583064318,1,-113.8,-14.4,1680.7,1,-0.3593879342,-0.9328759909,-0.0241451003,0.7517130971,-0.2740700245,-0.5998442769,0.5529627800,-0.2337269783,0.7997524738,1,-270.4,141.5,1620.4,1,-0.2414499968,-0.9328758717,0.2672911882,-0.0057099652,-0.2740700841,-0.9616928101,0.9703964591,-0.2337269485,0.0608475283,1,-135.4,-140.8,1412.8,1,-0.0000026226,1.0000003576,0.0000000000,-1.0000003576,-0.0000026226,-0.0000000000,-0.0000000000,-0.0000000000,1.0000000000,0,-19.6,194.3,1684.4,1,0.0000197291,0.9999990463,-0.0000000000,-0.9999990463,0.0000197291,0.0000000000,0.0000000000,0.0000000000,1.0000000000,0,-19.6,-50.4,1684.4,0,1.0000000000,0.0000000000,-0.0000000000,0.0000000000,1.0000000000,0.0000000000,0.0000000000,0.0000000000,1.0000000000,0,-164.2,-213.9,1688.2,1,1.0000000000,0.0000000000,0.0000000000,0.0000000000,1.0000000000,0.0000000000,0.0000000000,0.0000000000,1.0000000000,0,-164.2,-588.2,1688.2,0,1.0000000000,0.0000000016,-0.0000000010,-0.0000000016,1.0000000000,-0.0000000030,0.0000000010,0.0000000030,1.0000000000,0,-1.1,-179.6,1729.9,1,1.0000000000,0.0000659207,-0.0000269593,-0.0000659232,1.0000000000,-0.0000900956,0.0000269534,0.0000900974,1.0000000000,0,-1.1,-553.9,1729.9,0,-80.0,-139.4,1190.2,1,-19.6,-295.1,1684.4,0,-164.2,-948.1,1688.2,0,-1.2,-913.8,1729.8,0,
13,0.9463418126,-0.1768983901,-0.2704503238,0.2161199152,0.9686312675,0.1226612180,0.2402682155,-0.1745293438,0.9548882842,1,-179.7,365.2,1616.8,1,0.9463418126,-0.1768983901,-0.2704503238,0.2161199152,0.9686312675,0.1226612180,0.2402682155,-0.1745293438,0.9548882842,1,-143.9,169.0,1652.2,1,0.9485056996,-0.1698601693,-0.2673642337,0.2040015012,0.9732825160,0.1053784862,0.2423214763,-0.1544950157,0.9578164816,1,-112.1,-13.1,1681.1,1,-0.3543745279,-0.9345000386,-0.0335919410,0.7568559051,-0.2655420899,-0.5972073078,0.5491701365,-0.2370593101,0.8013831973,1,-269.2,142.1,1620.2,1,-0.2442637384,-0.9344999790,0.2589303851,-0.0060613644,-0.2655420601,-0.9640802145,0.9696898460,-0.2370592952,0.0591979660,1,-136.7,-140.9,1414.9,1,-0.0000026226,1.0000003576,0.0000000000,-1.0000003576,-0.0000026226,-0.0000000000,-0.0000000000,-0.0000000000,1.0000000000,0,-18.6,196.0,1684.2,1,0.0000197291,0.9999990463,-0.0000000000,-0.9999990463,0.0000197291,0.0000000000,0.0000000000,0.0000000000,1.0000000000,0,-18.6,-48.8,1684.2,0,1.0000000000,0.0000000000,-0.0000000000,0.0000000000,1.0000000000,0.0000000000,0.0000000000,0.0000000000,1.0000000000,0,-160.8,-212.5,1689.5,1,1.0000000000,0.0000000000,0.0000000000,0.0000000000,1.0000000000,0.0000000000,0.0000000000,0.0000000000,1.0000000000,0,-160.8,-586.9,1689.5,0,1.0000000000,0.0000000013,-0.0000000008,-0.0000000013,1.0000000000,-0.0000000024,0.0000000008,0.0000000024,1.0000000000,0,0.1,-178.0,1730.6,1,1.0000000000,0.0000593288,-0.0000242631,-0.0000593307,1.0000000000,-0.0000810861,0.0000242583,0.0000810876,1.0000000000,0,0.1,-552.3,1730.6,0,-80.5,-139.5,1191.8,1,-18.6,-293.5,1684.2,0,-160.8,-946.8,1689.5,0,0.1,-912.2,1730.5,0,
14,0.9445662498,-0.1806213856,-0.2741708755,0.2203068733,0.9678484797,0.1213844642,0.2434313893,-0.1750575900,0.9539899230,1,-180.7,366.1,1617.3,1,0.9445662498,-0.1806213856,-0.2741708755,0.2203068733,0.9678484797,0.1213844642,0.2434313893,-0.1750575900,0.9539899230,1,-144.1,170.4,1652.7,1,0.9471779466,-0.1719764024,-0.2706976235,0.2059294283,0.9732086658,0.1022641286,0.2458584160,-0.1526071429,0.9572175741,1,-112.0,-11.7,1681.2,1,-0.3544100225,-0.9344149828,-0.0355301052,0.7605366111,-0.2659375966,-0.5923355222,0.5440383554,-0.2369515896,0.8049076200,1,-269.2,143.2,1620.2,1,-0.2443358451,-0.9344148636,0.2591695189,-0.0054712347,-0.2659375966,-0.9639747143,0.9696752429,-0.2369515598,0.0598656759,1,-136.8,-140.9,1416.9,1,-0.0000026226,1.0000003576,0.0000000000,-1.0000003576,-0.0000026226,-0.0000000000,-0.0000000000,-0.0000000000,1.0000000000,0,-19.1,197.6,1685.1,1,0.0000197291,0.9999990463,-0.0000000000,-0.9999990463,0.0000197291,0.0000000000,0.0000000000,0.0000000000,1.0000000000,0,-19.1,-47.2,1685.1,0,1.0000000000,0.0000000000,-0.0000000000,0.0000000000,1.0000000000,0.0000000000,0.0000000000,0.0000000000,1.0000000000,0,-161.0,-211.5,1688.7,1,1.0000000000,0.0000000000,0.0000000000,0.0000000000,1.0000000000,0.0000000000,0.0000000000,0.0000000000,1.0000000000,0,-161.0,-585.8,1688.7,0,1.0000000000,0.0000000010,-0.0000000007,-0.0000000010,1.0000000000,-0.0000000019,0.0000000007,0.0000000019,1.0000000000,0,1.5,-176.2,1730.9,1,1.0000000000,0.0000533960,-0.0000218366,-0.0000533976,1.0000000000,-0.0000729776,0.0000218327,0.0000729788,1.0000000000,0,1.5,-550.5,1730.9,0,-80.7,-139.7,1194.3,1,-19.1,-291.9,1685.1,0,-161.0,-945.7,1688.7,0,1.5,-910.4,1730.8,0,
15,0.9437766075,-0.1844112575,-0.2743672132,0.2238748223,0.9672018886,0.1200021654,0.2432388812,-0.1746793538,0.9541082978,1,-182.3,367.7,1618.0,1,0.9437766075,-0.1844112575,-0.2743672132,0.2238748223,0.9672018886,0.1200021654,0.2432388812,-0.1746793538,0.9541082978,1,-145.0,172.2,1653.3,1,0.9465879798,-0.1753361076,-0.2706060410,0.2087134272,0.9728797078,0.0997185409,0.2457830012,-0.1508716941,0.9575119615,1,-112.2,-9.9,1681.5,1,-0.3562784493,-0.9336597323,-0.0366782099,0.7642892599,-0.2686167359,-0.5862653255,0.5375199914,-0.2369064689,0.8092883825,1,-270.0,144.6,1620.8,1,-0.2447030395,-0.9336596727,0.2615340054,-0.0045868312,-0.2686167359,-0.9632362723,0.9695872068,-0.2369064689,0.0614487939,1,-136.9,-141.0,1420.0,1,-0.0000026226,1.0000003576,0.0000000000,-1.0000003576,-0.0000026226,-0.0000000000,-0.0000000000,-0.0000000000,1.0000000000,0,-20.0,199.7,1685.7,1,0.0000197291,0.9999990463,-0.0000000000,-0.9999990463,0.0000197291,0.0000000000,0.0000000000,0.0000000000,1.0000000000,0,-20.0,-45.0,1685.7,0,1.0000000000,0.0000000000,-0.0000000000,0.0000000000,1.0000000000,0.0000000000,0.0000000000,0.0000000000,1.0000000000,0,-160.6,-209.9,1688.7,1,1.0000000000,0.0000000000,0.0000000000,0.0000000000,1.0000000000,0.0000000000,0.0000000000,0.0000000000,1.0000000000,0,-160.6,-584.2,1688.7,0,1.0000000000,0.0000000008,-0.0000000005,-0.0000000008,1.0000000000,-0.0000000015,0.0000000005,0.0000000015,1.0000000000,0,1.8,-174.1,1730.8,1,1.0000000000,0.0000480564,-0.0000196528,-0.0000480577,1.0000000000,-0.0000656799,0.0000196496,0.0000656808,1.0000000000,0,1.8,-548.4,1730.8,0,-80.7,-139.9,1197.2,1,-20.0,-289.8,1685.7,0,-160.6,-944.1,1688.7,0,1.8,-908.3,1730.8,0,
16,0.9421255589,-0.1824758351,-0.2812488973,0.2236175686,0.9670568109,0.1216399819,0.2497874796,-0.1774925888,0.9518946409,1,-182.0,367.5,1617.3,1,0.9421255589,-0.1824758351,-0.2812488973,0.2236175686,0.9670568109,0.1216399819,0.2497874796,-0.1774925888,0.9518946409,1,-145.2,172.3,1653.1,1,0.9440430999,-0.1784481555,-0.2773769796,0.2133173347,0.9717648029,0.1008406505,0.2515505254,-0.1543674618,0.9554547071,1,-111.8,-9.5,1682.0,1,-0.3547523916,-0.9338880777,-0.0447641127,0.7699566483,-0.2646491528,-0.5806269050,0.5303937793,-0.2404452115,0.8129382133,1,-269.8,144.2,1619.9,1,-0.2479345798,-0.9338880181,0.2576460838,-0.0052565704,-0.2646491230,-0.9643304348,0.9687624574,-0.2404451966,0.0607066266,1,-138.5,-141.0,1423.5,1,-0.0000026226,1.0000003576,0.0000000000,-1.0000003576,-0.0000026226,-0.0000000000,-0.0000000000,-0.0000000000,1.0000000000,0,-20.5,200.5,1686.4,1,0.0000197291,0.9999990463,-0.0000000000,-0.9999990463,0.0000197291,0.0000000000,0.0000000000,0.0000000000,1.0000000000,0,-20.5,-44.2,1686.4,0,1.0000000000,0.0000000000,-0.0000000000,0.0000000000,1.0000000000,0.0000000000,0.0000000000,0.0000000000,1.0000000000,0,-159.1,-209.6,1689.4,1,1.0000000000,0.0000000000,0.0000000000,0.0000000000,1.0000000000,0.0000000000,0.0000000000,0.0000000000,1.0000000000,0,-159.1,-583.9,1689.4,0,1.0000000000,0.0000000007,-0.0000000004,-0.0000000007,1.0000000000,-0.0000000012,0.0000000004,0.0000000012,1.0000000000,0,2.3,-173.1,1732.4,1,1.0000000000,0.0000432509,-0.0000176874,-0.0000432519,1.0000000000,-0.0000591119,0.0000176848,0.0000591127,1.0000000000,0,2.3,-547.4,1732.4,0,-81.4,-139.8,1200.8,1,-20.5,-289.0,1686.4,0,-159.1,-943.8,1689.4,0,2.3,-907.3,1732.4,0,
17,0.9415580034,-0.1822234094,-0.2833058536,0.2231035233,0.9674805999,0.1191894263,0.2523739636,-0.1754305363,0.9515945911,1,-183.1,367.2,1617.5,1,0.9415580034,-0.1822234094,-0.2833058536,0.2231035233,0.9674805999,0.1191894263,0.2523739636,-0.1754305363,0.9515945911,1,-146.1,171.1,1653.1,1,0.9434649348,-0.1782801002,-0.2794443667,0.2128437012,0.9721174240,0.0984136686,0.2541077137,-0.1523280591,0.9551053047,1,-112.8,-10.8,1681.6,1,-0.3617407680,-0.9312690496,-0.0433753431,0.7737025619,-0.2739281356,-0.5712684393,0.5201229453,-0.2402106822,0.8196163177,1,-270.7,143.0,1619.5,1,-0.2491550595,-0.9312691689,0.2658186853,-0.0022061828,-0.2739281356,-0.9617476463,0.9684610963,-0.2402107418,0.0661960319,1,-137.7,-141.5,1428.2,1,-0.0000026226,1.0000003576,0.0000000000,-1.0000003576,-0.0000026226,-0.0000000000,-0.0000000000,-0.0000000000,1.0000000000,0,-21.5,199.2,1686.6,1,0.0000197291,0.9999990463,-0.0000000000,-0.9999990463,0.0000197291,0.0000000000,0.0000000000,0.0000000000,1.0000000000,0,-21.5,-45.5,1686.6,0,1.0000000000,0.0000000000,-0.0000000000,0.0000000000,1.0000000000,0.0000000000,0.0000000000,0.0000000000,1.0000000000,0,-161.4,-211.2,1688.0,1,1.0000000000,0.0000000000,0.0000000000,0.0000000000,1.0000000000,0.0000000000,0.0000000000,0.0000000000,1.0000000000,0,-161.4,-585.5,1688.0,0,1.0000000000,0.0000000005,-0.0000000003,-0.0000000005,1.0000000000,-0.0000000010,0.0000000003,0.0000000010,1.0000000000,0,2.6,-174.2,1732.2,1,1.0000000000,0.0000389258,-0.0000159185,-0.0000389267,1.0000000000,-0.0000532008,0.0000159164,0.0000532014,1.0000000000,0,2.6,-548.5,1732.2,0,-80.4,-141.0,1205.6,1,-21.5,-290.3,1686.6,0,-161.4,-945.4,1688.0,0,2.6,-908.4,1732.1,0,
18,0.9444376826,-0.1707978100,-0.2808284760,0.2117978483,0.9695952535,0.1225833669,0.2513531446,-0.1752514690,0.9518976808,1,-182.5,367.6,1617.1,1,0.9444376826,-0.1707978100,-0.2808284760,0.2117978483,0.9695952535,0.1225833669,0.2513531446,-0.1752514690,0.9518976808,1,-147.8,170.3,1652.8,1,0.9454535246,-0.1697401404,-0.2780376673,0.2060037404,0.9727203250,0.1066655591,0.2523476481,-0.1581243724,0.9546297789,1,-116.0,-11.7,1682.3,1,-0.3700821102,-0.9281025529,-0.0408045352,0.7762392759,-0.2847983539,-0.5624433756,0.5103840232,-0.2398243248,0.8258284330,1,-272.7,143.1,1619.4,1,-0.2498209625,-0.9281025529,0.2760711014,-0.0012651792,-0.2847982943,-0.9585866332,0.9682912827,-0.2398243248,0.0699743554,1,-136.9,-141.8,1432.1,1,-0.0000026226,1.0000003576,0.0000000000,-1.0000003576,-0.0000026226,-0.0000000000,-0.0000000000,-0.0000000000,1.0000000000,0,-22.9,197.5,1686.1,1,0.0000197291,0.9999990463,-0.0000000000,-0.9999990463,0.0000197291,0.0000000000,0.0000000000,0.0000000000,1.0000000000,0,-22.9,-47.2,1686.1,0,1.0000000000,0.0000000000,-0.0000000000,0.0000000000,1.0000000000,0.0000000000,0.0000000000,0.0000000000,1.0000000000,0,-167.8,-211.9,1689.6,1,1.0000000000,0.0000000000,0.0000000000,0.0000000000,1.0000000000,0.0000000000,0.0000000000,0.0000000000,1.0000000000,0,-167.8,-586.2,1689.6,0,1.0000000000,0.0000000004,-0.0000000003,-0.0000000004,1.0000000000,-0.0000000008,0.0000000003,0.0000000008,1.0000000000,0,-0.8,-175.5,1734.2,1,1.0000000000,0.0000350333,-0.0000143266,-0.0000350340,1.0000000000,-0.0000478807,0.0000143249,0.0000478812,1.0000000000,0,-0.8,-549.9,1734.2,0,-79.6,-141.5,1210.1,1,-22.9,-292.0,1686.1,0,-167.8,-946.2,1689.6,0,-0.8,-909.8,1734.2,0,
19,0.9470618367,-0.1632670760,-0.2764358222,0.2036940902,0.9711121917,0.1242965162,0.2481568307,-0.1740250587,0.9529607892,1,-182.5,367.2,1617.4,1,0.9470618367,-0.1632670760,-0.2764358222,0.2036940902,0.9711121917,0.1242965162,0.2481568307,-0.1740250587,0.9529607892,1,-149.2,169.2,1652.9,1,0.9474580884,-0.1654680371,-0.2737562656,0.2013499588,0.9734975696,0.1084457114,0.2485569119,-0.1578688025,0.9556660652,1,-118.3,-12.9,1682.4,1,-0.3778243661,-0.9251222610,-0.0373846889,0.7793881297,-0.2959904671,-0.5522171259,0.4998028278,-0.2377782613,0.8328617215,1,-274.4,142.6,1620.0,1,-0.2491844445,-0.9251223803,0.2864542007,0.0008389696,-0.2959905267,-0.9551905990,0.9684557915,-0.2377783060,0.0745323747,1,-136.4,-141.9,1437.6,1,-0.0000026226,1.0000003576,0.0000000000,-1.0000003576,-0.0000026226,-0.0000000000,-0.0000000000,-0.0000000000,1.0000000000,0,-24.1,195.8,1685.7,1,0.0000197291,0.9999990463,-0.0000000000,-0.9999990463,0.0000197291,0.0000000000,0.0000000000,0.0000000000,1.0000000000,0,-24.1,-48.9,1685.7,0,1.0000000000,0.0000000000,-0.0000000000,0.0000000000,1.0000000000,0.0000000000,0.0000000000,0.0000000000,1.0000000000,0,-170.4,-212.8,1690.1,1,1.0000000000,0.0000000000,0.0000000000,0.0000000000,1.0000000000,0.0000000000,0.0000000000,0.0000000000,1.0000000000,0,-170.4,-587.1,1690.1,0,1.0000000000,0.0000000003,-0.0000000002,-0.0000000003,1.0000000000,-0.0000000006,0.0000000002,0.0000000006,1.0000000000,0,-4.2,-177.4,1733.7,1,1.0000000000,0.0000315300,-0.0000128938,-0.0000315305,1.0000000000,-0.0000430927,0.0000128925,0.0000430931,1.0000000000,0,-4.2,-551.7,1733.7,0,-79.2,-142.1,1215.3,1,-24.1,-293.6,1685.7,0,-170.4,-947.0,1690.1,0,-4.2,-911.7,1733.7,0,
20,0.9470329285,-0.1617905349,-0.2774009705,0.2017129958,0.9718385935,0.1218250319,0.2498789430,-0.1713279039,0.9529994726,1,-182.8,366.1,1617.5,1,0.9470329285,-0.1617905349,-0.2774009705,0.2017129958,0.9718385935,0.1218250319,0.2498789430,-0.1713279039,0.9529994726,1,-149.9,168.2,1652.4,1,0.9481445551,-0.1599796861,-0.2746403813,0.1949869692,0.9751560688,0.1051209942,0.2510001361,-0.1532213986,0.9557839036,1,-120.0,-14.3,1681.1,1,-0.3818898797,-0.9233192801,-0.0405171216,0.7846804261,-0.3007618189,-0.5420507193,0.4882998765,-0.2387966812,0.8393684626,1,-275.1,142.5,1619.3,1,-0.2516049743,-0.9233193398,0.2901318073,0.0039867675,-0.3007618189,-0.9536910057,0.9678218365,-0.2387967110,0.0793542266,1,-136.7,-141.9,1442.3,1,-0.0000026226,1.0000003576,0.0000000000,-1.0000003576,-0.0000026226,-0.0000000000,-0.0000000000,-0.0000000000,1.0000000000,0,-24.7,194.0,1685.6,1,0.0000197291,0.9999990463,-0.0000000000,-0.9999990463,0.0000197291,0.0000000000,0.0000000000,0.0000000000,1.0000000000,0,-24.7,-50.8,1685.6,0,1.0000000000,0.0000000000,-0.0000000000,0.0000000000,1.0000000000,0.0000000000,0.0000000000,0.0000000000,1.0000000000,0,-173.4,-213.9,1687.7,1,1.0000000000,0.0000000000,0.0000000000,0.0000000000,1.0000000000,0.0000000000,0.0000000000,0.0000000000,1.0000000000,0,-173.4,-588.2,1687.7,0,1.0000000000,0.0000000003,-0.0000000002,-0.0000000003,1.0000000000,-0.0000000005,0.0000000002,0.0000000005,1.0000000000,0,-6.7,-179.6,1731.8,1,1.0000000000,0.0000283770,-0.0000116044,-0.0000283774,1.0000000000,-0.0000387834,0.0000116033,0.0000387837,1.0000000000,0,-6.7,-553.9,1731.8,0,-79.2,-142.9,1221.0,1,-24.7,-295.5,1685.6,0,-173.4,-948.1,1687.7,0,-6.7,-913.8,1731.8,0,
21,0.9416401386,-0.1666906923,-0.2924500108,0.2095759511,0.9701741338,0.1218189076,0.2634215057,-0.1760002822,0.9484902620,1,-182.0,367.7,1617.6,1,0.9416401386,-0.1666906923,-0.2924500108,0.2095759511,0.9701741338,0.1218189076,0.2634215057,-0.1760002822,0.9484902620,1,-148.0,169.9,1653.5,1,0.9432525635,-0.1626674682,-0.2895042896,0.2000566125,0.9742031097,0.1044287160,0.2650489807,-0.1564201117,0.9514633417,1,-117.6,-12.4,1682.8,1,-0.3742450774,-0.9255439043,-0.0575256571,0.7956869006,-0.2886398137,-0.5325123668,0.4762593508,-0.2450625300,0.8444651961,1,-272.6,143.4,1618.5,1,-0.2593321502,-0.9255439639,0.2758902609,0.0116476603,-0.2886398435,-0.9573670030,0.9657179713,-0.2450625598,0.0856340006,1,-138.4,-142.0,1447.6,1,-0.0000026226,1.0000003576,0.0000000000,-1.0000003576,-0.0000026226,-0.0000000000,-0.0000000000,-0.0000000000,1.0000000000,0,-23.5,196.3,1688.5,1,0.0000197291,0.9999990463,-0.0000000000,-0.9999990463,0.0000197291,0.0000000000,0.0000000000,0.0000000000,1.0000000000,0,-23.5,-48.5,1688.5,0,1.0000000000,0.0000000000,-0.0000000000,0.0000000000,1.0000000000,0.0000000000,0.0000000000,0.0000000000,1.0000000000,0,-166.7,-211.6,1689.7,1,1.0000000000,0.0000000000,0.0000000000,0.0000000000,1.0000000000,0.0000000000,0.0000000000,0.0000000000,1.0000000000,0,-166.7,-585.9,1689.7,0,1.0000000000,0.0000000002,-0.0000000001,-0.0000000002,1.0000000000,-0.0000000004,0.0000000001,0.0000000004,1.0000000000,0,-7.6,-177.9,1734.4,1,1.0000000000,0.0000255393,-0.0000104439,-0.0000255397,1.0000000000,-0.0000349051,0.0000104430,0.0000349054,1.0000000000,0,-7.6,-552.2,1734.4,0,-79.3,-144.6,1227.7,1,-23.5,-293.2,1688.5,0,-166.7,-945.8,1689.7,0,-7.6,-912.1,1734.4,0,
22,0.9431286454,-0.1681698561,-0.2867508829,0.2094052434,0.9704898000,0.1195766330,0.2581798136,-0.1728235185,0.9505134821,1,-182.0,366.6,1618.6,1,0.9431286454,-0.1681698561,-0.2867508829,0.2094052434,0.9704898000,0.1195766330,0.2581798136,-0.1728235185,0.9505134821,1,-147.7,168.9,1653.8,1,0.9451187253,-0.1608873457,-0.2843670845,0.1976416856,0.9745820761,0.1054858714,0.2601678967,-0.1558996737,0.9528948665,1,-117.6,-13.4,1683.0,1,-0.3759142160,-0.9242914319,-0.0661346838,0.7998256683,-0.2875964940,-0.5268464684,0.4679396152,-0.2509452999,0.8473835588,1,-272.5,142.8,1619.5,1,-0.2680025697,-0.9242914915,0.2717717886,0.0208764710,-0.2875964940,-0.9575241804,0.9631919861,-0.2509452999,0.0963725448,1,-138.7,-142.0,1452.8,1,-0.0000026226,1.0000003576,0.0000000000,-1.0000003576,-0.0000026226,-0.0000000000,-0.0000000000,-0.0000000000,1.0000000000,0,-22.9,195.0,1688.2,1,0.0000197291,0.9999990463,-0.0000000000,-0.9999990463,0.0000197291,0.0000000000,0.0000000000,0.0000000000,1.0000000000,0,-22.9,-49.7,1688.2,0,1.0000000000,0.0000000000,-0.0000000000,0.0000000000,1.0000000000,0.0000000000,0.0000000000,0.0000000000,1.0000000000,0,-169.2,-212.9,1689.7,1,1.0000000000,0.0000000000,0.0000000000,0.0000000000,1.0000000000,0.0000000000,0.0000000000,0.0000000000,1.0000000000,0,-169.2,-587.2,1689.7,0,1.0000000000,0.0000000002,-0.0000000001,-0.0000000002,1.0000000000,-0.0000000003,0.0000000001,0.0000000003,1.0000000000,0,-5.8,-178.7,1734.7,1,1.0000000000,0.0000229854,-0.0000093995,-0.0000229857,1.0000000000,-0.0000314146,0.0000093987,0.0000314148,1.0000000000,0,-5.8,-553.0,1734.7,0,-78.3,-146.7,1235.7,1,-22.9,-294.4,1688.2,0,-169.2,-947.1,1689.7,0,-5.8,-912.9,1734.7,0,
23,0.9466640949,-0.1637960672,-0.2774826884,0.2078142762,0.9684855342,0.1372914016,0.2462502867,-0.1876339465,0.9508705735,1,-181.3,364.7,1614.2,1,0.9466640949,-0.1637960672,-0.2774826884,0.2078142762,0.9684855342,0.1372914016,0.2462502867,-0.1876339465,0.9508705735,1,-147.9,167.2,1652.4,1,0.9492021203,-0.1536889523,-0.2745791674,0.1922854483,0.9740326405,0.1195264906,0.2490793169,-0.1662526131,0.9541069865,1,-119.2,-15.0,1683.5,1,-0.3731521368,-0.9237816930,-0.0859351754,0.8112559319,-0.2799470723,-0.5133160949,0.4501346946,-0.2612604201,0.8538862467,1,-273.3,141.8,1619.5,1,-0.2809564769,-0.9237817526,0.2601746023,0.0319505259,-0.2799470723,-0.9594836235,0.9591885209,-0.2612604499,0.1081682518,1,-141.8,-144.0,1460.9,1,-0.0000026226,1.0000003576,0.0000000000,-1.0000003576,-0.0000026226,-0.0000000000,-0.0000000000,-0.0000000000,1.0000000000,0,-22.6,192.6,1685.3,1,0.0000197291,0.9999990463,-0.0000000000,-0.9999990463,0.0000197291,0.0000000000,0.0000000000,0.0000000000,1.0000000000,0,-22.6,-52.1,1685.3,0,1.0000000000,0.0000000000,-0.0000000000,0.0000000000,1.0000000000,0.0000000000,0.0000000000,0.0000000000,1.0000000000,0,-173.3,-214.1,1692.9,1,1.0000000000,0.0000000000,0.0000000000,0.0000000000,1.0000000000,0.0000000000,0.0000000000,0.0000000000,1.0000000000,0,-173.3,-588.4,1692.9,0,1.0000000000,0.0000000001,-0.0000000001,-0.0000000001,1.0000000000,-0.0000000003,0.0000000001,0.0000000003,1.0000000000,0,-7.5,-180.5,1736.4,1,1.0000000000,0.0000206869,-0.0000084595,-0.0000206871,1.0000000000,-0.0000282731,0.0000084589,0.0000282733,1.0000000000,0,-7.5,-554.8,1736.4,0,-78.6,-151.2,1245.2,1,-22.6,-296.9,1685.3,0,-173.3,-948.3,1692.9,0,-7.5,-914.7,1736.4,0,
