1,0.9475630522,-0.0699704960,-0.3118145764,0.1341144741,0.9727216959,0.1892797053,0.2900649607,-0.2211733013,0.9310988188,1,-160.0,362.6,1627.4,1,0.9475630522,-0.0699704960,-0.3118145764,0.1341144741,0.9727216959,0.1892797053,0.2900649607,-0.2211733013,0.9310988188,1,-146.3,173.1,1670.5,1,0.9481343627,-0.0590252466,-0.3123415112,0.1255004406,0.9722926617,0.1972249001,0.2920462489,-0.2261946946,0.9292713404,1,-135.2,-10.6,1713.2,1,-0.3722833693,-0.8135929108,-0.4466224313,0.7002475262,0.0696097314,-0.7104983330,0.6091457009,-0.5772529840,0.5438019037,1,-269.6,156.7,1632.5,1,-0.5475724339,-0.8135929108,-0.1955273151,0.2421342731,0.0696097538,-0.9677425027,0.8009589911,-0.5772529840,0.1588823646,1,-174.1,-22.8,1476.3,1,-0.1439674050,0.7591123581,-0.6348400116,-0.7481806278,-0.5033780336,-0.4322457016,-0.6476874948,0.4127457142,0.6404232383,1,-23.1,189.4,1708.4,1,0.3062997460,0.7591124177,-0.5743943453,-0.2832704782,-0.5033779740,-0.8163139820,-0.9088115096,0.4127457440,0.0608495921,1,-58.5,5.7,1549.4,1,1.0000000000,0.0000000000,-0.0000000000,-0.0000000000,1.0000000000,-0.0000000000,0.0000000000,0.0000000000,1.0000000000,0,-206.7,-205.3,1730.5,1,1.0000000000,0.0000004328,-0.0000005002,-0.0000004328,1.0000000000,-0.0000005071,0.0000005002,0.0000005071,1.0000000000,0,-206.7,-583.2,1730.5,0,1.0000000000,-0.0000000000,-0.0000000000,0.0000000000,1.0000000000,-0.0000000000,0.0000000000,0.0000000000,1.0000000000,0,-41.3,-183.4,1781.4,1,1.0000000000,-0.0000003006,-0.0000001418,0.0000003006,1.0000000000,-0.0000001884,0.0000001418,0.0000001884,1.0000000000,0,-41.3,-561.3,1781.4,0,-38.8,-82.7,1278.4,1,17.2,-64.3,1324.9,1,-206.7,-946.6,1730.5,0,-41.3,-924.7,1781.4,0,
2,0.9480546117,-0.0667976663,-0.3110151887,0.1299473792,0.9737311006,0.1869821995,0.2903553843,-0.2176849395,0.9318301082,1,-160.1,364.4,1629.2,1,0.9480546117,-0.0667976663,-0.3110151887,0.1299473792,0.9737311006,0.1869821995,0.2903553843,-0.2176849395,0.9318301082,1,-147.1,175.0,1671.5,1,0.9484344721,-0.0583859906,-0.3115493953,0.1240403652,0.9728705287,0.1952890903,0.2916952670,-0.2238636017,0.9299458265,1,-136.0,-8.8,1713.8,1,-0.3699242771,-0.8159823418,-0.4442172050,0.7071946263,0.0627723634,-0.7042267919,0.6025211215,-0.5746586323,0.5538373590,1,-270.3,158.9,1633.6,1,-0.5463236570,-0.8159823418,-0.1889531910,0.2411932498,0.0627723709,-0.9684449434,0.8020948768,-0.5746586323,0.1625154167,1,-175.1,-23.2,1478.5,1,-0.1484336406,0.7484862804,-0.6463246942,-0.7489465475,-0.5118771791,-0.4207858145,-0.6457912922,0.4216038585,0.6365560889,1,-23.8,191.1,1709.4,1,0.3130545318,0.7484863400,-0.5846067667,-0.2877218723,-0.5118772984,-0.8094428778,-0.9051038623,0.4216039181,0.0551103950,1,-60.7,4.7,1548.7,1,1.0000000000,0.0000000000,-0.0000000000,-0.0000000000,1.0000000000,-0.0000000000,0.0000000000,0.0000000000,1.0000000000,0,-207.7,-203.5,1730.7,1,1.0000000000,0.0000003895,-0.0000004502,-0.0000003895,1.0000000000,-0.0000004564,0.0000004502,0.0000004564,1.0000000000,0,-207.7,-581.4,1730.7,0,1.0000000000,-0.0000000000,-0.0000000000,0.0000000000,1.0000000000,-0.0000000000,0.0000000000,0.0000000000,1.0000000000,0,-42.3,-181.8,1781.6,1,1.0000000000,-0.0000002705,-0.0000001276,0.0000002705,1.0000000000,-0.0000001695,0.0000001276,0.0000001695,1.0000000000,0,-42.3,-559.8,1781.6,0,-40.1,-82.8,1280.3,1,16.6,-66.4,1325.0,1,-207.7,-944.8,1730.7,0,-42.3,-923.2,1781.6,0,
3,0.9512444139,-0.0580606125,-0.3029240370,0.1230726168,0.9720003605,0.2001731545,0.2828202546,-0.2276952267,0.9317552447,1,-160.0,365.2,1626.6,1,0.9512444139,-0.0580606125,-0.3029240370,0.1230726168,0.9720003605,0.2001731545,0.2828202546,-0.2276952267,0.9317552447,1,-148.7,176.0,1670.9,1,0.9515677094,-0.0517554730,-0.3030513823,0.1173483506,0.9722412229,0.2024281919,0.2841624618,-0.2281866968,0.9312264919,1,-138.9,-7.7,1714.0,1,-0.3734591603,-0.8222682476,-0.4294219613,0.7105141282,0.0440679491,-0.7023016810,0.5964040756,-0.5673913956,0.5677757263,1,-272.3,160.8,1634.0,1,-0.5417644978,-0.8222683072,-0.1742589474,0.2446679622,0.0440679565,-0.9686050415,0.8041324019,-0.5673913956,0.1773082465,1,-176.2,-22.2,1480.4,1,-0.1559695452,0.7415958047,-0.6524639130,-0.7574075460,-0.5137938261,-0.4029263258,-0.6340403557,0.4313368499,0.6418265104,1,-25.0,191.3,1707.9,1,0.3265667856,0.7415958047,-0.5859947205,-0.2851556540,-0.5137938857,-0.8091366887,-0.9011327624,0.4313368797,0.0436822213,1,-63.4,5.0,1551.9,1,1.0000000000,0.0000000000,-0.0000000000,-0.0000000000,1.0000000000,-0.0000000000,0.0000000000,0.0000000000,1.0000000000,0,-212.1,-201.6,1732.4,1,1.0000000000,0.0000003505,-0.0000004051,-0.0000003505,1.0000000000,-0.0000004107,0.0000004051,0.0000004107,1.0000000000,0,-212.1,-579.6,1732.4,0,1.0000000000,-0.0000000000,-0.0000000000,0.0000000000,1.0000000000,-0.0000000000,0.0000000000,0.0000000000,1.0000000000,0,-46.1,-181.2,1781.9,1,1.0000000000,-0.0000002435,-0.0000001149,0.0000002435,1.0000000000,-0.0000001526,0.0000001149,0.0000001526,1.0000000000,0,-46.1,-559.1,1781.9,0,-42.3,-82.7,1281.7,1,17.3,-65.5,1329.2,1,-212.1,-943.0,1732.4,0,-46.1,-922.5,1781.9,0,
4,0.9540447593,-0.0481279381,-0.2957741022,0.1179593354,0.9676479101,0.2230337709,0.2754712105,-0.2476735115,0.9288561344,1,-159.1,363.8,1621.8,1,0.9540447593,-0.0481279381,-0.2957741022,0.1179593354,0.9676479101,0.2230337709,0.2754712105,-0.2476735115,0.9288561344,1,-149.7,175.5,1670.0,1,0.9542421699,-0.0454001352,-0.2955683172,0.1138703302,0.9691094160,0.2187724859,0.2765059173,-0.2424183786,0.9299343824,1,-141.1,-7.6,1715.8,1,-0.3741740584,-0.8204417825,-0.4322835207,0.7138791084,0.0427041948,-0.6989656687,0.5919209719,-0.5701329708,0.5697174072,1,-273.7,160.7,1634.1,1,-0.5453583598,-0.8204417825,-0.1716377884,0.2409145683,0.0427042022,-0.9696063995,0.8028352261,-0.5701330304,0.1743672937,1,-177.4,-23.0,1481.7,1,-0.1825004965,0.7208729982,-0.6686074138,-0.7692514062,-0.5282021761,-0.3595202267,-0.6123282313,0.4487145543,0.6509296894,1,-25.7,190.3,1706.0,1,0.3567131162,0.7208729386,-0.5942204595,-0.2723285556,-0.5282020569,-0.8042634726,-0.8936401606,0.4487145543,0.0078976462,1,-70.4,1.9,1556.0,1,1.0000000000,0.0000000000,-0.0000000000,-0.0000000000,1.0000000000,-0.0000000000,0.0000000000,0.0000000000,1.0000000000,0,-215.8,-200.6,1737.5,1,1.0000000000,0.0000003155,-0.0000003646,-0.0000003155,1.0000000000,-0.0000003697,0.0000003646,0.0000003697,1.0000000000,0,-215.8,-578.5,1737.5,0,1.0000000000,-0.0000000000,-0.0000000000,0.0000000000,1.0000000000,-0.0000000000,0.0000000000,0.0000000000,1.0000000000,0,-49.3,-180.7,1785.7,1,1.0000000000,-0.0000002191,-0.0000001034,0.0000002191,1.0000000000,-0.0000001373,0.0000001034,0.0000001373,1.0000000000,0,-49.3,-558.7,1785.7,0,-42.7,-82.5,1283.4,1,17.7,-65.3,1335.3,1,-215.8,-941.9,1737.5,0,-49.3,-922.1,1785.7,0,
5,0.9563159943,-0.0448987186,-0.2888660133,0.1146188602,0.9666041732,0.2292156965,0.2689277828,-0.2523121238,0.9295248985,1,-160.3,363.1,1620.4,1,0.9563159943,-0.0448987186,-0.2888660133,0.1146188602,0.9666041732,0.2292156965,0.2689277828,-0.2523121238,0.9295248985,1,-151.5,174.5,1669.6,1,0.9564824700,-0.0418813825,-0.2887682319,0.1109097153,0.9675507545,0.2270363718,0.2698895037,-0.2491835058,0.9300899506,1,-143.6,-8.3,1716.7,1,-0.3722721338,-0.8080493212,-0.4565850198,0.7128788829,0.0660703033,-0.6981679201,0.5943207741,-0.5853983164,0.5514451265,1,-275.8,160.1,1634.6,1,-0.5574156642,-0.8080493212,-0.1906414926,0.2358171344,0.0660703257,-0.9695488811,0.7960389853,-0.5853982568,0.1537232250,1,-179.7,-24.0,1481.1,1,-0.2184805423,0.7131823301,-0.6660609245,-0.7880162597,-0.5315316916,-0.3106515110,-0.5755836964,0.4569955170,0.6781286597,1,-27.2,188.9,1704.7,1,0.3934936523,0.7131824493,-0.5801152587,-0.2359619886,-0.5315317512,-0.8135085106,-0.8885294795,0.4569956064,-0.0408704318,1,-80.6,-3.7,1564.0,1,1.0000000000,0.0000000000,-0.0000000000,-0.0000000000,1.0000000000,-0.0000000000,0.0000000000,0.0000000000,1.0000000000,0,-219.1,-200.8,1740.3,1,1.0000000000,0.0000002839,-0.0000003282,-0.0000002839,1.0000000000,-0.0000003327,0.0000003282,0.0000003327,1.0000000000,0,-219.1,-578.7,1740.3,0,1.0000000000,-0.0000000000,-0.0000000000,0.0000000000,1.0000000000,-0.0000000000,0.0000000000,0.0000000000,1.0000000000,0,-52.3,-181.4,1787.3,1,1.0000000000,-0.0000001972,-0.0000000930,0.0000001972,1.0000000000,-0.0000001236,0.0000000930,0.0000001236,1.0000000000,0,-52.3,-559.4,1787.3,0,-42.0,-82.3,1284.4,1,16.5,-61.9,1344.8,1,-219.1,-942.1,1740.3,0,-52.3,-922.8,1787.3,0,
6,0.9560716748,-0.0386396721,-0.2905749977,0.1110235751,0.9651565552,0.2369550318,0.2712946832,-0.2588066757,0.9270481467,1,-158.8,363.0,1619.7,1,0.9560716748,-0.0386396721,-0.2905749977,0.1110235751,0.9651565552,0.2369550318,0.2712946832,-0.2588066757,0.9270481467,1,-151.2,173.7,1670.5,1,0.9562444687,-0.0366106927,-0.2902689576,0.1065853387,0.9675517678,0.2290942669,0.2724631131,-0.2500085235,0.9291176796,1,-144.3,-9.1,1717.7,1,-0.3590016365,-0.7852945328,-0.5044108629,0.7135475874,0.1174441874,-0.6906929016,0.6016374826,-0.6078810692,0.5181823373,1,-275.5,159.8,1635.1,1,-0.5729323030,-0.7852944136,-0.2346509844,0.2342718244,0.1174441800,-0.9650510550,0.7854076624,-0.6078810096,0.1166848242,1,-182.9,-24.3,1479.8,1,-0.2400613874,0.7006189823,-0.6719400287,-0.7896156907,-0.5435718894,-0.2846691310,-0.5646923184,0.4622363150,0.6837105155,1,-26.9,187.5,1705.9,1,0.4105617702,0.7006191611,-0.5835855007,-0.2227264196,-0.5435720086,-0.8092728853,-0.8842126131,0.4622364044,-0.0671234950,1,-86.1,-7.0,1566.7,1,1.0000000000,0.0000000000,-0.0000000000,-0.0000000000,1.0000000000,-0.0000000000,0.0000000000,0.0000000000,1.0000000000,0,-220.8,-201.3,1741.2,1,1.0000000000,0.0000002555,-0.0000002954,-0.0000002555,1.0000000000,-0.0000002994,0.0000002954,0.0000002994,1.0000000000,0,-220.8,-579.2,1741.2,0,1.0000000000,-0.0000000000,-0.0000000000,0.0000000000,1.0000000000,-0.0000000000,0.0000000000,0.0000000000,1.0000000000,0,-54.0,-182.7,1788.7,1,1.0000000000,-0.0000001775,-0.0000000837,0.0000001775,1.0000000000,-0.0000001112,0.0000000837,0.0000001112,1.0000000000,0,-54.0,-560.6,1788.7,0,-41.3,-82.2,1285.8,1,15.2,-62.0,1348.5,1,-220.8,-942.6,1741.2,0,-54.0,-924.0,1788.7,0,
7,0.9569803476,-0.0416237190,-0.2871517241,0.1146381572,0.9633787870,0.2424052954,0.2665462494,-0.2648956180,0.9267056584,1,-159.2,363.5,1618.9,1,0.9569803476,-0.0416237190,-0.2871517241,0.1146381572,0.9633787870,0.2424052954,0.2665462494,-0.2648956180,0.9267056584,1,-151.0,174.8,1670.7,1,0.9573428035,-0.0356959328,-0.2867410779,0.1055875197,0.9669317603,0.2321535796,0.2689722776,-0.2525268197,0.9294536710,1,-144.3,-7.9,1718.5,1,-0.3444970548,-0.7643749714,-0.5450254679,0.7187234759,0.1587518752,-0.6769301295,0.6039521694,-0.6249229908,0.4946847260,1,-275.5,161.1,1635.8,1,-0.5875434279,-0.7643749714,-0.2655629516,0.2276962548,0.1587518752,-0.9607040882,0.7764967084,-0.6249231100,0.0807716921,1,-186.2,-25.2,1479.2,1,-0.2732912600,0.6657855511,-0.6942921281,-0.7874897122,-0.5693538189,-0.2360007465,-0.5524237156,0.4822509885,0.6798986197,1,-26.6,188.6,1705.7,1,0.4402482808,0.6657856107,-0.6024210453,-0.2220723182,-0.5693537593,-0.7915303707,-0.8699800372,0.4822509289,-0.1028044969,1,-94.3,-6.4,1568.9,1,1.0000000000,0.0000000000,-0.0000000000,-0.0000000000,1.0000000000,-0.0000000000,0.0000000000,0.0000000000,1.0000000000,0,-221.0,-199.8,1742.7,1,1.0000000000,0.0000002300,-0.0000002658,-0.0000002300,1.0000000000,-0.0000002695,0.0000002658,0.0000002695,1.0000000000,0,-221.0,-577.7,1742.7,0,1.0000000000,-0.0000000000,-0.0000000000,0.0000000000,1.0000000000,-0.0000000000,0.0000000000,0.0000000000,1.0000000000,0,-54.1,-181.4,1789.6,1,1.0000000000,-0.0000001598,-0.0000000754,0.0000001598,1.0000000000,-0.0000001001,0.0000000754,0.0000001001,1.0000000000,0,-54.1,-559.3,1789.6,0,-41.0,-81.4,1287.4,1,14.4,-61.2,1354.2,1,-221.0,-941.1,1742.7,0,-54.1,-922.7,1789.6,0,
8,0.9581006765,-0.0419785529,-0.2833386660,0.1141285822,0.9632359743,0.2432123125,0.2627124488,-0.2653588951,0.9276674390,1,-160.9,364.1,1618.9,1,0.9581006765,-0.0419785529,-0.2833386660,0.1141285822,0.9632359743,0.2432123125,0.2627124488,-0.2653588951,0.9276674390,1,-152.7,175.9,1670.8,1,0.9583905935,-0.0382974111,-0.2828793526,0.1071589738,0.9667550325,0.2321695238,0.2645837069,-0.2528221309,0.9306322932,1,-145.4,-6.7,1718.6,1,-0.3497677147,-0.7712782621,-0.5317823291,0.7186194062,0.1432915032,-0.6804804802,0.6010396481,-0.6201592088,0.5041368008,1,-277.2,162.0,1636.4,1,-0.5832199454,-0.7712782621,-0.2549203336,0.2311236858,0.1432915032,-0.9623146057,0.7787402272,-0.6201592088,0.0946902037,1,-186.5,-24.4,1480.4,1,-0.3416701853,0.5982204080,-0.7248406410,-0.7792118192,-0.6115163565,-0.1373930424,-0.5254431963,0.5178612471,0.6750771999,1,-28.1,189.9,1705.2,1,0.4408259690,0.5982203484,-0.6691823006,-0.2885385454,-0.6115162969,-0.7367451191,-0.8499517441,0.5178612471,-0.0969626307,1,-105.2,13.9,1586.5,1,1.0000000000,0.0000000000,-0.0000000000,-0.0000000000,1.0000000000,-0.0000000000,0.0000000000,0.0000000000,1.0000000000,0,-221.8,-198.8,1743.3,1,1.0000000000,0.0000002070,-0.0000002392,-0.0000002070,1.0000000000,-0.0000002425,0.0000002392,0.0000002425,1.0000000000,0,-221.8,-576.7,1743.3,0,1.0000000000,-0.0000000000,-0.0000000000,0.0000000000,1.0000000000,-0.0000000000,0.0000000000,0.0000000000,1.0000000000,0,-54.6,-180.1,1789.4,1,1.0000000000,-0.0000001438,-0.0000000678,0.0000001438,1.0000000000,-0.0000000901,0.0000000678,0.0000000901,1.0000000000,0,-54.6,-558.0,1789.4,0,-42.4,-81.6,1288.0,1,3.4,-57.2,1377.1,1,-221.8,-940.1,1743.3,0,-54.6,-921.4,1789.4,0,
9,0.9575546384,-0.0378079936,-0.2857615352,0.1098622084,0.9644023776,0.2405396104,0.2664949596,-0.2617242038,0.9276210666,1,-159.5,363.3,1621.0,1,0.9575546384,-0.0378079936,-0.2857615352,0.1098622084,0.9644023776,0.2405396104,0.2664949596,-0.2617242038,0.9276210666,1,-152.2,175.5,1671.9,1,0.9577584863,-0.0348128676,-0.2854586840,0.1044398546,0.9669766426,0.2324852943,0.2679385841,-0.2524780035,0.9297654033,1,-145.6,-7.2,1719.6,1,-0.3410135210,-0.7590158582,-0.5546212792,0.7207770348,0.1676361412,-0.6725909710,0.6034817100,-0.6291208863,0.4899150729,1,-276.6,161.9,1637.1,1,-0.5906597972,-0.7590159774,-0.2738904953,0.2291973084,0.1676361412,-0.9588361979,0.7736858130,-0.6291209459,0.0749484897,1,-188.3,-24.7,1480.8,1,-0.3213001192,0.5490188003,-0.7715857029,-0.7558033466,-0.6395779848,-0.1403611302,-0.5705501437,0.5380690098,0.6204468012,1,-27.7,189.1,1706.8,1,0.4538106024,0.5490188599,-0.7018790841,-0.3125035763,-0.6395779848,-0.7023400664,-0.8345043659,0.5380691290,-0.1186768860,1,-101.6,15.1,1575.4,1,1.0000000000,0.0000000000,-0.0000000000,-0.0000000000,1.0000000000,-0.0000000000,0.0000000000,0.0000000000,1.0000000000,0,-222.5,-199.1,1744.0,1,1.0000000000,0.0000001863,-0.0000002153,-0.0000001863,1.0000000000,-0.0000002183,0.0000002153,0.0000002183,1.0000000000,0,-222.5,-577.0,1744.0,0,1.0000000000,-0.0000000000,-0.0000000000,0.0000000000,1.0000000000,-0.0000000000,0.0000000000,0.0000000000,1.0000000000,0,-55.5,-180.8,1790.7,1,1.0000000000,-0.0000001294,-0.0000000610,0.0000001294,1.0000000000,-0.0000000811,0.0000000610,0.0000000811,1.0000000000,0,-55.5,-558.8,1790.7,0,-42.4,-81.4,1289.7,1,10.3,-62.0,1369.6,1,-222.5,-940.4,1744.0,0,-55.5,-922.2,1790.7,0,
10,0.9565902352,-0.0356979296,-0.2892416418,0.1114838943,0.9618073106,0.2499981672,0.2692704797,-0.2713916302,0.9240345955,1,-159.1,367.2,1618.5,1,0.9565902352,-0.0356979296,-0.2892416418,0.1114838943,0.9618073106,0.2499981672,0.2692704797,-0.2713916302,0.9240345955,1,-152.1,178.6,1671.7,1,0.9568093419,-0.0328917131,-0.2888493538,0.1053275615,0.9652965665,0.2389762849,0.2709651291,-0.2590785325,0.9270685911,1,-145.9,-3.8,1720.7,1,-0.3401678801,-0.7674721479,-0.5433896184,0.7284401059,0.1503778398,-0.6684021950,0.5946937799,-0.6231957674,0.5079038739,1,-276.4,164.9,1636.5,1,-0.5867182016,-0.7674721479,-0.2583568096,0.2269982845,0.1503778845,-0.9622153044,0.7773245573,-0.6231957674,0.0859854072,1,-187.5,-25.5,1481.0,1,-0.2703999579,0.5739060640,-0.7729914188,-0.7613536119,-0.6188920140,-0.1931663603,-0.5892574787,0.5362876654,0.6042939425,1,-27.7,192.3,1706.9,1,0.4300109744,0.5739061832,-0.6969379187,-0.3295777738,-0.6188921332,-0.7129875422,-0.8405171633,0.5362877250,-0.0769836903,1,-91.4,12.9,1568.1,1,1.0000000000,0.0000000000,-0.0000000000,-0.0000000000,1.0000000000,-0.0000000000,0.0000000000,0.0000000000,1.0000000000,0,-223.1,-195.4,1746.0,1,1.0000000000,0.0000001677,-0.0000001938,-0.0000001677,1.0000000000,-0.0000001965,0.0000001938,0.0000001965,1.0000000000,0,-223.1,-573.3,1746.0,0,1.0000000000,-0.0000000000,-0.0000000000,0.0000000000,1.0000000000,-0.0000000000,0.0000000000,0.0000000000,1.0000000000,0,-56.2,-177.0,1793.3,1,1.0000000000,-0.0000001165,-0.0000000549,0.0000001165,1.0000000000,-0.0000000730,0.0000000549,0.0000000730,1.0000000000,0,-56.2,-554.9,1793.3,0,-42.5,-81.6,1289.0,1,14.7,-68.4,1360.7,1,-223.1,-936.7,1746.0,0,-56.2,-918.3,1793.3,0,
11,0.9540085793,-0.0403830595,-0.2970467210,0.1189636886,0.9605221152,0.2514876127,0.2751642764,-0.2752591074,0.9211497903,1,-158.5,367.7,1618.8,1,0.9540085793,-0.0403830595,-0.2970467210,0.1189636886,0.9605221152,0.2514876127,0.2751642764,-0.2752591074,0.9211497903,1,-150.6,179.6,1672.6,1,0.9543645978,-0.0350962803,-0.2965744436,0.1098832786,0.9646732211,0.2394416630,0.2776941061,-0.2611032128,0.9245058298,1,-144.0,-2.6,1722.0,1,-0.3339581788,-0.7655665874,-0.5498906970,0.7305845618,0.1583826989,-0.6641996503,0.5955821872,-0.6235565543,0.5064179301,1,-274.6,165.4,1636.6,1,-0.5863736272,-0.7655665874,-0.2647145391,0.2270196378,0.1583826840,-0.9609251022,0.7775782943,-0.6235564947,0.0809272304,1,-187.2,-25.9,1480.7,1,-0.2742748857,0.6224753857,-0.7330060005,-0.7783306241,-0.5913556218,-0.2109501809,-0.5647784472,0.5126626492,0.6466856599,1,-26.6,193.9,1708.7,1,0.4372363091,0.6224753857,-0.6491138935,-0.2805241644,-0.5913556218,-0.7560454607,-0.8544768691,0.5126626492,-0.0839427486,1,-93.1,5.2,1571.8,1,1.0000000000,0.0000000000,-0.0000000000,-0.0000000000,1.0000000000,-0.0000000000,0.0000000000,0.0000000000,1.0000000000,0,-220.6,-194.5,1747.1,1,1.0000000000,0.0000001509,-0.0000001744,-0.0000001509,1.0000000000,-0.0000001768,0.0000001744,0.0000001768,1.0000000000,0,-220.6,-572.4,1747.1,0,1.0000000000,-0.0000000000,-0.0000000000,0.0000000000,1.0000000000,-0.0000000000,0.0000000000,0.0000000000,1.0000000000,0,-54.1,-175.3,1795.5,1,1.0000000000,-0.0000001048,-0.0000000494,0.0000001048,1.0000000000,-0.0000000657,0.0000000494,0.0000000657,1.0000000000,0,-54.1,-553.3,1795.5,0,-42.3,-82.0,1288.5,1,14.8,-64.0,1361.1,1,-220.6,-935.8,1747.1,0,-54.1,-916.7,1795.5,0,
12,0.9547864199,-0.0475122221,-0.2934713662,0.1255253702,0.9592667818,0.2530843914,0.2694929242,-0.2784796655,0.9218582511,1,-161.3,367.6,1617.9,1,0.9547864199,-0.0475122221,-0.2934713662,0.1255253702,0.9592667818,0.2530843914,0.2694929242,-0.2784796655,0.9218582511,1,-152.0,179.4,1672.5,1,0.9551929832,-0.0425067917,-0.2929154634,0.1168413982,0.9634138942,0.2412110716,0.2719459236,-0.2646277845,0.9252121449,1,-144.0,-2.6,1722.5,1,-0.3326224089,-0.7543382049,-0.5659825206,0.7287632823,0.1753132790,-0.6619436145,0.5985535979,-0.6326445341,0.4914208651,1,-276.2,164.3,1637.1,1,-0.5964820981,-0.7543382049,-0.2741951346,0.2194703370,0.1753132790,-0.9597384930,0.7720375061,-0.6326445341,0.0609836355,1,-188.7,-27.3,1479.8,1,-0.3250083029,0.6289704442,-0.7062336802,-0.7911707759,-0.5899407864,-0.1613038033,-0.5180913210,0.5063263774,0.6893585324,1,-27.9,194.6,1707.8,1,0.4236457646,0.6289703250,-0.6518594027,-0.2860004008,-0.5899407268,-0.7550985217,-0.8594928980,0.5063263178,-0.0700401366,1,-101.7,15.0,1590.2,1,1.0000000000,0.0000000000,-0.0000000000,-0.0000000000,1.0000000000,-0.0000000000,0.0000000000,0.0000000000,1.0000000000,0,-219.2,-194.8,1748.8,1,1.0000000000,0.0000001358,-0.0000001570,-0.0000001358,1.0000000000,-0.0000001591,0.0000001570,0.0000001591,1.0000000000,0,-219.2,-572.8,1748.8,0,1.0000000000,-0.0000000000,-0.0000000000,0.0000000000,1.0000000000,-0.0000000000,0.0000000000,0.0000000000,1.0000000000,0,-52.6,-174.4,1796.2,1,1.0000000000,-0.0000000943,-0.0000000445,0.0000000943,1.0000000000,-0.0000000591,0.0000000445,0.0000000591,1.0000000000,0,-52.6,-552.4,1796.2,0,-41.3,-81.5,1289.1,1,2.9,-55.6,1378.0,1,-219.2,-936.2,1748.8,0,-52.6,-915.8,1796.2,0,
13,0.9567198157,-0.0416599028,-0.2880131304,0.1190177351,0.9591584802,0.2566139102,0.2655599415,-0.2797863185,0.9226036072,1,-161.0,367.2,1618.0,1,0.9567198157,-0.0416599028,-0.2880131304,0.1190177351,0.9591584802,0.2566139102,0.2655599415,-0.2797863185,0.9226036072,1,-152.8,178.8,1672.9,1,0.9570811391,-0.0368781015,-0.2874640822,0.1101711020,0.9637069106,0.2431712598,0.2680636346,-0.2644048929,0.9264080524,1,-145.8,-3.3,1722.9,1,-0.3317581117,-0.7472931147,-0.5757513642,0.7272824645,0.1861036569,-0.6606252193,0.6008300781,-0.6379016638,0.4817517996,1,-277.2,164.5,1638.1,1,-0.6016798019,-0.7472931743,-0.2820186615,0.2179175168,0.1861036867,-0.9580592513,0.7684357166,-0.6379017234,0.0508734360,1,-189.5,-27.7,1479.3,1,-0.3020594418,0.6180421114,-0.7257989049,-0.7784163356,-0.5994154215,-0.1864648610,-0.5502981544,0.5086502433,0.6621531844,1,-28.4,193.1,1707.7,1,0.4243463576,0.6180421114,-0.6617810130,-0.2902962267,-0.5994154811,-0.7459418178,-0.8577052355,0.5086502433,-0.0749444664,1,-97.9,13.9,1581.1,1,1.0000000000,0.0000000000,-0.0000000000,-0.0000000000,1.0000000000,-0.0000000000,0.0000000000,0.0000000000,1.0000000000,0,-222.3,-195.0,1749.4,1,1.0000000000,0.0000001222,-0.0000001413,-0.0000001222,1.0000000000,-0.0000001432,0.0000001413,0.0000001432,1.0000000000,0,-222.3,-572.9,1749.4,0,1.0000000000,-0.0000000000,-0.0000000000,0.0000000000,1.0000000000,-0.0000000000,0.0000000000,0.0000000000,1.0000000000,0,-55.4,-175.8,1796.2,1,1.0000000000,-0.0000000849,-0.0000000401,0.0000000849,1.0000000000,-0.0000000532,0.0000000401,0.0000000532,1.0000000000,0,-55.4,-553.7,1796.2,0,-40.8,-81.5,1289.4,1,6.9,-57.8,1369.2,1,-222.3,-936.3,1749.4,0,-55.4,-917.1,1796.2,0,
14,0.9568009973,-0.0412052572,-0.2878087759,0.1199686602,0.9576589465,0.2617208362,0.2648385763,-0.2849428654,0.9212318063,1,-161.0,367.0,1617.0,1,0.9568009973,-0.0412052572,-0.2878087759,0.1199686602,0.9576589465,0.2617208362,0.2648385763,-0.2849428654,0.9212318063,1,-152.9,178.9,1672.9,1,0.9571570158,-0.0378784947,-0.2870811522,0.1113208532,0.9633535147,0.2440464944,0.2673167288,-0.2655489743,0.9262966514,1,-145.7,-3.1,1723.1,1,-0.3374039233,-0.7584817410,-0.5575519204,0.7261222601,0.1672349423,-0.6669175029,0.5990868807,-0.6298714876,0.4943247139,1,-277.3,164.5,1638.2,1,-0.5929522514,-0.7584816217,-0.2703943849,0.2239219248,0.1672349274,-0.9601517916,0.7734768987,-0.6298714280,0.0706783459,1,-188.5,-26.6,1480.6,1,-0.2533446848,0.6381769776,-0.7270120978,-0.7760527730,-0.5827570558,-0.2411147207,-0.5775452852,0.5031145811,0.6428974271,1,-28.5,193.4,1707.7,1,0.4000251591,0.6381770968,-0.6578069329,-0.3073608577,-0.5827570558,-0.7522789240,-0.8634287119,0.5031145811,-0.0369668454,1,-87.4,12.8,1573.3,1,1.0000000000,0.0000000000,-0.0000000000,-0.0000000000,1.0000000000,-0.0000000000,0.0000000000,0.0000000000,1.0000000000,0,-222.1,-194.8,1750.0,1,1.0000000000,0.0000001100,-0.0000001271,-0.0000001100,1.0000000000,-0.0000001289,0.0000001271,0.0000001289,1.0000000000,0,-222.1,-572.8,1750.0,0,1.0000000000,-0.0000000000,-0.0000000000,0.0000000000,1.0000000000,-0.0000000000,0.0000000000,0.0000000000,1.0000000000,0,-55.1,-175.4,1796.6,1,1.0000000000,-0.0000000764,-0.0000000360,0.0000000764,1.0000000000,-0.0000000479,0.0000000360,0.0000000479,1.0000000000,0,-55.1,-553.4,1796.6,0,-42.0,-81.9,1289.4,1,11.3,-63.1,1360.1,1,-222.1,-936.2,1750.0,0,-55.1,-916.7,1796.6,0,
15,0.9575855136,-0.0431395024,-0.2849013805,0.1198631376,0.9587624669,0.2576985061,0.2620359659,-0.2809175551,0.9232672453,1,-162.3,366.5,1618.0,1,0.9575855136,-0.0431395024,-0.2849013805,0.1198631376,0.9587624669,0.2576985061,0.2620359659,-0.2809175551,0.9232672453,1,-153.8,178.3,1673.1,1,0.9579730034,-0.0388588272,-0.2842138708,0.1107764393,0.9640385509,0.2415766120,0.2646059692,-0.2629081011,0.9278270006,1,-146.5,-3.8,1722.8,1,-0.3457374275,-0.7706680894,-0.5352908373,0.7243717313,0.1434076577,-0.6743291020,0.5964487195,-0.6208903790,0.5086688995,1,-278.3,163.9,1638.7,1,-0.5843860507,-0.7706680894,-0.2540936768,0.2294628471,0.1434076875,-0.9626947641,0.7783570290,-0.6208904982,0.0930342525,1,-188.0,-25.4,1482.8,1,-0.2192851007,0.6593231559,-0.7191711068,-0.7692362070,-0.5702534914,-0.2882474959,-0.6001580358,0.4900040925,0.6322233677,1,-29.3,192.7,1707.5,1,0.3820411861,0.6593230963,-0.6475628018,-0.3072177768,-0.5702534914,-0.7618584037,-0.8715857863,0.4900040925,-0.0153045505,1,-81.3,10.4,1565.3,1,1.0000000000,0.0000000000,-0.0000000000,-0.0000000000,1.0000000000,-0.0000000000,0.0000000000,0.0000000000,1.0000000000,0,-222.7,-195.7,1749.4,1,1.0000000000,0.0000000990,-0.0000001144,-0.0000000990,1.0000000000,-0.0000001160,0.0000001144,0.0000001160,1.0000000000,0,-222.7,-573.6,1749.4,0,1.0000000000,-0.0000000000,-0.0000000000,0.0000000000,1.0000000000,-0.0000000000,0.0000000000,0.0000000000,1.0000000000,0,-55.6,-176.4,1795.6,1,1.0000000000,-0.0000000688,-0.0000000324,0.0000000688,1.0000000000,-0.0000000431,0.0000000324,0.0000000431,1.0000000000,0,-55.6,-554.3,1795.6,0,-43.6,-82.1,1290.5,1,13.1,-65.5,1350.0,1,-222.7,-937.0,1749.4,0,-55.6,-917.7,1795.6,0,
16,0.9570914507,-0.0426272303,-0.2866331339,0.1209174097,0.9576449990,0.2613349855,0.2633530200,-0.2847805023,0.9217078090,1,-162.3,365.8,1617.5,1,0.9570914507,-0.0426272303,-0.2866331339,0.1209174097,0.9576449990,0.2613349855,0.2633530200,-0.2847805023,0.9217078090,1,-153.9,178.3,1673.3,1,0.9574905038,-0.0381622612,-0.2859288752,0.1114303321,0.9632028341,0.2445904911,0.2660735846,-0.2660542727,0.9265095592,1,-146.7,-3.7,1723.6,1,-0.3468527496,-0.7840794325,-0.5146966577,0.7253422141,0.1236616373,-0.6771901846,0.5946190953,-0.6082165241,0.5258335471,1,-278.4,163.8,1638.7,1,-0.5738393664,-0.7840794325,-0.2364906967,0.2289545685,0.1236616373,-0.9655504227,0.7863130569,-0.6082164645,0.1085566431,1,-187.7,-25.8,1483.2,1,-0.2117298096,0.6911149025,-0.6910359859,-0.7736933827,-0.5505356193,-0.3135428429,-0.5971340537,0.4682635963,0.6512758136,1,-29.5,192.8,1707.9,1,0.3729332685,0.6911149621,-0.6190969944,-0.2833402753,-0.5505356789,-0.7852572203,-0.8835378885,0.4682636261,-0.0094923526,1,-80.9,5.0,1563.0,1,1.0000000000,0.0000000000,-0.0000000000,-0.0000000000,1.0000000000,-0.0000000000,0.0000000000,0.0000000000,1.0000000000,0,-223.0,-195.5,1750.6,1,1.0000000000,0.0000000891,-0.0000001030,-0.0000000891,1.0000000000,-0.0000001044,0.0000001030,0.0000001044,1.0000000000,0,-223.0,-573.4,1750.6,0,1.0000000000,-0.0000000000,-0.0000000000,0.0000000000,1.0000000000,-0.0000000000,0.0000000000,0.0000000000,1.0000000000,0,-56.0,-176.0,1797.0,1,1.0000000000,-0.0000000619,-0.0000000292,0.0000000619,1.0000000000,-0.0000000388,0.0000000292,0.0000000388,1.0000000000,0,-56.0,-553.9,1797.0,0,-45.9,-82.4,1288.9,1,11.2,-64.9,1344.8,1,-223.0,-936.8,1750.6,0,-56.0,-917.3,1797.0,0,
17,0.9584601521,-0.0426851176,-0.2820138633,0.1180492714,0.9594461322,0.2559854686,0.2596504986,-0.2786434293,0.9246293306,1,-164.5,365.9,1618.8,1,0.9584601521,-0.0426851176,-0.2820138633,0.1180492714,0.9594461322,0.2559854686,0.2596504986,-0.2786434293,0.9246293306,1,-156.2,177.9,1673.4,1,0.9588407874,-0.0384269245,-0.2813316584,0.1090210006,0.9646813869,0.2398025244,0.2621807158,-0.2606035173,0.9291647077,1,-148.9,-4.4,1722.6,1,-0.3486863077,-0.7932087779,-0.4992371202,0.7250149250,0.1092807651,-0.6800081134,0.5939453840,-0.5990638733,0.5369835496,1,-280.8,163.7,1639.3,1,-0.5670490861,-0.7932088375,-0.2219800949,0.2260587066,0.1092807651,-0.9679644704,0.7920560837,-0.5990639329,0.1173441857,1,-189.1,-26.9,1483.2,1,-0.2271862030,0.7307506800,-0.6437313557,-0.7960945368,-0.5200834870,-0.3094297647,-0.5609099865,0.4421728551,0.6999023557,1,-31.5,192.0,1707.5,1,0.3706273139,0.7307505608,-0.5732703805,-0.2416874170,-0.5200833678,-0.8192071915,-0.8967845440,0.4421727657,-0.0161439031,1,-86.8,-1.6,1571.0,1,1.0000000000,0.0000000000,-0.0000000000,-0.0000000000,1.0000000000,-0.0000000000,0.0000000000,0.0000000000,1.0000000000,0,-225.3,-196.2,1749.0,1,1.0000000000,0.0000000802,-0.0000000927,-0.0000000802,1.0000000000,-0.0000000940,0.0000000927,0.0000000940,1.0000000000,0,-225.3,-574.2,1749.0,0,1.0000000000,-0.0000000000,-0.0000000000,0.0000000000,1.0000000000,-0.0000000000,0.0000000000,0.0000000000,1.0000000000,0,-58.0,-177.2,1794.7,1,1.0000000000,-0.0000000557,-0.0000000263,0.0000000557,1.0000000000,-0.0000000349,0.0000000263,0.0000000349,1.0000000000,0,-58.0,-555.1,1794.7,0,-49.0,-82.8,1287.5,1,4.7,-61.2,1349.7,1,-225.3,-937.5,1749.0,0,-58.0,-918.5,1794.7,0,
18,0.9600951672,-0.0361805595,-0.2773228884,0.1109123603,0.9595441222,0.2587942779,0.2567403913,-0.2792257071,0.9252660871,1,-165.1,365.4,1618.4,1,0.9600951672,-0.0361805595,-0.2773228884,0.1109123603,0.9595441222,0.2587942779,0.2567403913,-0.2792257071,0.9252660871,1,-158.0,177.3,1673.1,1,0.9603101015,-0.0353596024,-0.2766838372,0.1051312312,0.9646631479,0.2416059971,0.2583637834,-0.2611048222,0.9300926328,1,-151.3,-5.0,1722.5,1,-0.3520784080,-0.7962366343,-0.4919838607,0.7248083949,0.1006331593,-0.6815613508,0.5921939611,-0.5965570807,0.5416881442,1,-282.8,163.7,1639.5,1,-0.5658959150,-0.7962366343,-0.2139372379,0.2248091102,0.1006331593,-0.9691923857,0.7932356596,-0.5965570807,0.1220533401,1,-189.9,-27.5,1483.4,1,-0.2369283885,0.7304381728,-0.6405660510,-0.8025977612,-0.5186936855,-0.2946074307,-0.5474500656,0.4443160295,0.7091414332,1,-33.2,191.0,1706.7,1,0.3822946548,0.7304382920,-0.5659600496,-0.2285806686,-0.5186937451,-0.8238371611,-0.8953221440,0.4443160594,-0.0313297957,1,-91.0,-5.0,1573.0,1,1.0000000000,0.0000000000,-0.0000000000,-0.0000000000,1.0000000000,-0.0000000000,0.0000000000,0.0000000000,1.0000000000,0,-228.4,-196.4,1749.3,1,1.0000000000,0.0000000722,-0.0000000834,-0.0000000722,1.0000000000,-0.0000000846,0.0000000834,0.0000000846,1.0000000000,0,-228.4,-574.3,1749.3,0,1.0000000000,-0.0000000000,-0.0000000000,0.0000000000,1.0000000000,-0.0000000000,0.0000000000,0.0000000000,1.0000000000,0,-60.9,-178.1,1794.3,1,1.0000000000,-0.0000000501,-0.0000000236,0.0000000501,1.0000000000,-0.0000000314,0.0000000236,0.0000000314,1.0000000000,0,-60.9,-556.0,1794.3,0,-50.1,-83.0,1287.4,1,3.4,-61.4,1352.0,1,-228.4,-937.7,1749.3,0,-60.9,-919.4,1794.3,0,
19,0.9604185820,-0.0347609818,-0.2763827145,0.1101184934,0.9587449431,0.2620747387,0.2558707595,-0.2821363509,0.9246237874,1,-165.7,365.8,1617.7,1,0.9604185820,-0.0347609818,-0.2763827145,0.1101184934,0.9587449431,0.2620747387,0.2558707595,-0.2821363509,0.9246237874,1,-158.9,178.0,1673.0,1,0.9606027603,-0.0348418429,-0.2757319212,0.1050323099,0.9640467763,0.2440963238,0.2573139071,-0.2634404004,0.9297249913,1,-152.4,-4.2,1722.8,1,-0.3547808528,-0.8022248745,-0.4801727533,0.7269841433,0.0862375796,-0.6812173724,0.5878984332,-0.5907608271,0.5526093841,1,-283.8,164.4,1639.5,1,-0.5613156557,-0.8022248149,-0.2033715099,0.2281228006,0.0862375796,-0.9698057175,0.7955404520,-0.5907608271,0.1345992833,1,-190.6,-26.5,1485.2,1,-0.2601160705,0.7026562095,-0.6622793674,-0.8011655211,-0.5398999453,-0.2581508756,-0.5389558077,0.4634462297,0.7033806443,1,-34.1,191.7,1706.4,1,0.4124245346,0.7026562691,-0.5798105597,-0.2217215598,-0.5398998857,-0.8120023012,-0.8835980296,0.4634461999,-0.0668739378,1,-98.2,-5.8,1573.6,1,1.0000000000,0.0000000000,-0.0000000000,-0.0000000000,1.0000000000,-0.0000000000,0.0000000000,0.0000000000,1.0000000000,0,-229.5,-195.5,1750.1,1,1.0000000000,0.0000000650,-0.0000000751,-0.0000000650,1.0000000000,-0.0000000761,0.0000000751,0.0000000761,1.0000000000,0,-229.5,-573.4,1750.1,0,1.0000000000,-0.0000000000,-0.0000000000,0.0000000000,1.0000000000,-0.0000000000,0.0000000000,0.0000000000,1.0000000000,0,-62.0,-177.2,1795.0,1,1.0000000000,-0.0000000451,-0.0000000213,0.0000000451,1.0000000000,-0.0000000283,0.0000000213,0.0000000283,1.0000000000,0,-62.0,-555.1,1795.0,0,-51.9,-82.9,1288.6,1,3.6,-60.6,1355.4,1,-229.5,-936.8,1750.1,0,-62.0,-918.5,1795.0,0,
20,0.9596258402,-0.0418867320,-0.2781428099,0.1154322103,0.9603908658,0.2536253929,0.2565025091,-0.2754921913,0.9264504313,1,-168.0,365.9,1619.4,1,0.9596258402,-0.0418867320,-0.2781428099,0.1154322103,0.9603908658,0.2536253929,0.2565025091,-0.2754921913,0.9264504313,1,-159.8,177.0,1673.5,1,0.9599389434,-0.0386373661,-0.2775320113,0.1079450622,0.9649965763,0.2390201241,0.2585825324,-0.2594029903,0.9305079579,1,-152.5,-5.3,1722.5,1,-0.3584753573,-0.8050425053,-0.4726543427,0.7250661254,0.0788158923,-0.6841543913,0.5880259275,-0.5879581571,0.5554555058,1,-284.6,163.0,1639.9,1,-0.5590996146,-0.8050425053,-0.1982781887,0.2304710597,0.0788158849,-0.9698821306,0.7964236140,-0.5879580975,0.1414730847,1,-191.2,-25.7,1486.8,1,-0.3109028041,0.6593795419,-0.6845130920,-0.7983529568,-0.5719722509,-0.1883624345,-0.5157247782,0.4879206419,0.7042453289,1,-35.0,191.1,1707.1,1,0.4087595642,0.6593794823,-0.6309788823,-0.2719394565,-0.5719721913,-0.7738841772,-0.8711857200,0.4879205823,-0.0544877946,1,-105.7,9.7,1590.0,1,1.0000000000,0.0000000000,-0.0000000000,-0.0000000000,1.0000000000,-0.0000000000,0.0000000000,0.0000000000,1.0000000000,0,-228.9,-197.1,1749.0,1,1.0000000000,0.0000000585,-0.0000000676,-0.0000000585,1.0000000000,-0.0000000685,0.0000000676,0.0000000685,1.0000000000,0,-228.9,-575.0,1749.0,0,1.0000000000,-0.0000000000,-0.0000000000,0.0000000000,1.0000000000,-0.0000000000,0.0000000000,0.0000000000,1.0000000000,0,-61.5,-178.2,1794.1,1,1.0000000000,-0.0000000406,-0.0000000192,0.0000000406,1.0000000000,-0.0000000254,0.0000000192,0.0000000254,1.0000000000,0,-61.5,-556.2,1794.1,0,-53.1,-82.7,1290.0,1,-4.8,-57.4,1375.1,1,-228.9,-938.4,1749.0,0,-61.5,-919.6,1794.1,0,
21,0.9584426880,-0.0444298387,-0.2818035483,0.1157544926,0.9633972645,0.2418012917,0.2607457340,-0.2643727362,0.9285034537,1,-167.9,365.2,1622.7,1,0.9584426880,-0.0444298387,-0.2818035483,0.1157544926,0.9633972645,0.2418012917,0.2607457340,-0.2643727362,0.9285034537,1,-159.2,176.5,1674.5,1,0.9587887526,-0.0395697132,-0.2813503742,0.1078024954,0.9668710232,0.2313876599,0.2628737688,-0.2521821856,0.9312902093,1,-151.7,-6.2,1722.1,1,-0.3566926420,-0.8079817295,-0.4689733386,0.7270897627,0.0751127303,-0.6824211478,0.5866096020,-0.5844002962,0.5606830716,1,-283.8,162.5,1640.3,1,-0.5563310981,-0.8079817891,-0.1940652579,0.2294243127,0.0751127154,-0.9704239368,0.7986615896,-0.5844002962,0.1435831040,1,-191.5,-25.6,1488.5,1,-0.2930491269,0.6357791424,-0.7140777707,-0.7790883183,-0.5917164087,-0.2071060538,-0.5542052388,0.4956374168,0.6687301993,1,-34.6,190.5,1708.6,1,0.4036991000,0.6357790828,-0.6578844786,-0.2923876941,-0.5917164683,-0.7512529492,-0.8669120073,0.4956374764,-0.0529814363,1,-101.8,11.7,1581.4,1,1.0000000000,0.0000000000,-0.0000000000,-0.0000000000,1.0000000000,-0.0000000000,0.0000000000,0.0000000000,1.0000000000,0,-227.9,-198.3,1746.8,1,1.0000000000,0.0000000526,-0.0000000608,-0.0000000526,1.0000000000,-0.0000000616,0.0000000608,0.0000000616,1.0000000000,0,-227.9,-576.2,1746.8,0,1.0000000000,-0.0000000000,-0.0000000000,0.0000000000,1.0000000000,-0.0000000000,0.0000000000,0.0000000000,1.0000000000,0,-60.6,-179.5,1792.7,1,1.0000000000,-0.0000000365,-0.0000000172,0.0000000365,1.0000000000,-0.0000000229,0.0000000172,0.0000000229,1.0000000000,0,-60.6,-557.4,1792.7,0,-54.1,-82.3,1291.2,1,-2.2,-60.5,1367.5,1,-227.9,-939.6,1746.8,0,-60.6,-920.8,1792.7,0,
22,0.9587669373,-0.0392772108,-0.2814660072,0.1142821610,0.9600824714,0.2553082108,0.2602029741,-0.2769476175,0.9249834418,1,-167.5,364.4,1619.4,1,0.9587669373,-0.0392772108,-0.2814660072,0.1142821610,0.9600824714,0.2553082108,0.2602029741,-0.2769476175,0.9249834418,1,-159.8,176.4,1673.6,1,0.9589971900,-0.0376704484,-0.2809005976,0.1085231081,0.9643973112,0.2411673814,0.2618150711,-0.2617630363,0.9289417863,1,-152.7,-5.8,1723.0,1,-0.3599663675,-0.8083081841,-0.4658992589,0.7277357578,0.0692170411,-0.6823559403,0.5838020444,-0.5846767426,0.5633190274,1,-284.5,162.3,1639.6,1,-0.5576603413,-0.8083083034,-0.1888196170,0.2284749150,0.0692170411,-0.9710862041,0.7980064154,-0.5846768022,0.1460785568,1,-191.4,-25.9,1488.6,1,-0.2478653491,0.6535191536,-0.7151751518,-0.7775973678,-0.5745162368,-0.2554869056,-0.5778453350,0.4927919507,0.6505773664,1,-35.2,190.5,1707.6,1,0.3777451813,0.6535192132,-0.6559125781,-0.3166297674,-0.5745161176,-0.7547693849,-0.8700885773,0.4927919507,-0.0100970874,1,-92.0,12.2,1575.1,1,1.0000000000,0.0000000000,-0.0000000000,-0.0000000000,1.0000000000,-0.0000000000,0.0000000000,0.0000000000,1.0000000000,0,-229.2,-197.5,1749.7,1,1.0000000000,0.0000000474,-0.0000000547,-0.0000000474,1.0000000000,-0.0000000555,0.0000000547,0.0000000555,1.0000000000,0,-229.2,-575.5,1749.7,0,1.0000000000,-0.0000000000,-0.0000000000,0.0000000000,1.0000000000,-0.0000000000,0.0000000000,0.0000000000,1.0000000000,0,-62.0,-178.6,1795.3,1,1.0000000000,-0.0000000329,-0.0000000155,0.0000000329,1.0000000000,-0.0000000206,0.0000000155,0.0000000206,1.0000000000,0,-62.0,-556.5,1795.3,0,-53.6,-82.3,1291.4,1,1.2,-66.0,1360.3,1,-229.2,-938.9,1749.7,0,-62.0,-919.9,1795.3,0,
23,0.9597301483,-0.0356161222,-0.2786565125,0.1096207947,0.9607745409,0.2547483146,0.2586531043,-0.2750361562,0.9259878993,1,-167.5,363.8,1619.2,1,0.9597301483,-0.0356161222,-0.2786565125,0.1096207947,0.9607745409,0.2547483146,0.2586531043,-0.2750361562,0.9259878993,1,-160.6,175.6,1673.1,1,0.9598544836,-0.0368577726,-0.2780660689,0.1063156873,0.9651683569,0.2390569001,0.2595696151,-0.2590225935,0.9303390980,1,-153.6,-6.8,1722.0,1,-0.3639603257,-0.8133847713,-0.4538040459,0.7309253812,0.0525631458,-0.6804301739,0.5773048401,-0.5793464780,0.5753927231,1,-285.3,161.8,1639.3,1,-0.5559513569,-0.8133848906,-0.1712404788,0.2229233086,0.0525631085,-0.9734178782,0.8007642627,-0.5793464780,0.1520999074,1,-191.6,-26.4,1490.7,1,-0.1951948702,0.6943943501,-0.6926149726,-0.7749180198,-0.5420641899,-0.3250670135,-0.6011664271,0.4732683897,0.6439068317,1,-35.8,189.4,1706.8,1,0.3350332975,0.6943944097,-0.6368431449,-0.3385157883,-0.5420641303,-0.7691382170,-0.8792949915,0.4732683897,0.0534539223,1,-80.8,10.6,1568.1,1,1.0000000000,0.0000000000,-0.0000000000,-0.0000000000,1.0000000000,-0.0000000000,0.0000000000,0.0000000000,1.0000000000,0,-230.3,-198.4,1748.3,1,1.0000000000,0.0000000426,-0.0000000493,-0.0000000426,1.0000000000,-0.0000000499,0.0000000493,0.0000000499,1.0000000000,0,-230.3,-576.4,1748.3,0,1.0000000000,-0.0000000000,-0.0000000000,0.0000000000,1.0000000000,-0.0000000000,0.0000000000,0.0000000000,1.0000000000,0,-62.9,-179.9,1793.6,1,1.0000000000,-0.0000000296,-0.0000000140,0.0000000296,1.0000000000,-0.0000000185,0.0000000140,0.0000000185,1.0000000000,0,-62.9,-557.8,1793.6,0,-54.2,-81.5,1292.8,1,1.8,-72.9,1351.2,1,-230.3,-939.8,1748.3,0,-62.9,-921.2,1793.6,0,
