1,0.9556450844,-0.0460884050,-0.2908835113,0.1112259850,0.9710143209,0.2115625143,0.2727012634,-0.2345325351,0.9330738783,1,-187.2,380.9,1743.5,1,0.9556450844,-0.0460884050,-0.2908835113,0.1112259850,0.9710143209,0.2115625143,0.2727012634,-0.2345325351,0.9330738783,1,-178.0,187.1,1790.3,1,0.9556676745,-0.0579454117,-0.2886805832,0.1108022779,0.9791477919,0.1702678055,0.2727945447,-0.1947058886,0.9421629906,1,-166.8,-2.5,1828.0,1,-0.0000008345,-1.0000001192,-0.0000000000,1.0000001192,-0.0000008345,0.0000000000,-0.0000000000,-0.0000000000,1.0000000000,0,-311.1,171.7,1752.3,1,0.0000170469,-0.9999990463,-0.0000000011,0.9999990463,0.0000170469,-0.0000000122,0.0000000122,-0.0000000011,1.0000000000,0,-311.1,-81.6,1752.3,0,-0.0184614658,0.9997533560,-0.0123391673,-0.9991277456,-0.0189094543,-0.0372281857,-0.0374523327,0.0116411122,0.9992306232,0,-45.0,202.6,1828.3,1,-0.0190956593,0.9970417023,-0.0744702518,-0.8880726099,-0.0511318445,-0.4568536878,-0.4593093097,0.0574115515,0.8864192963,0,-49.7,-50.5,1818.8,0,1.0000000000,-0.0000000000,-0.0000000000,0.0000000000,1.0000000000,-0.0000000000,0.0000000000,0.0000000000,1.0000000000,0,-241.0,-202.1,1841.3,1,1.0000000000,0.0000000030,-0.0000008018,-0.0000000030,1.0000000000,0.0000000148,0.0000008018,-0.0000000148,1.0000000000,0,-241.0,-589.6,1841.3,0,1.0000000000,-0.0000000025,0.0000000352,0.0000000025,1.0000000000,-0.0000000223,-0.0000000352,0.0000000223,1.0000000000,0,-70.1,-182.3,1890.1,1,0.9999999404,-0.0000208555,0.0002490621,0.0000208893,1.0000000000,-0.0001358012,-0.0002490592,0.0001358064,0.9999999404,0,-70.1,-569.8,1890.1,0,-311.1,-334.9,1752.3,0,-54.5,-275.5,1702.4,0,-241.0,-962.1,1841.3,0,-70.1,-942.3,1890.1,0,
2,0.9559129477,-0.0442347340,-0.2902903259,0.1095987260,0.9708943963,0.2129577100,0.2724209130,-0.2353845835,0.9329411983,1,-186.9,380.7,1743.2,1,0.9559129477,-0.0442347340,-0.2902903259,0.1095987260,0.9708943963,0.2129577100,0.2724209130,-0.2353845835,0.9329411983,1,-178.1,187.1,1790.1,1,0.9558793306,-0.0567231365,-0.2882220745,0.1102482453,0.9787282348,0.1730174720,0.2722768188,-0.1971597970,0.9418023825,1,-167.1,-2.5,1828.3,1,-0.0000008345,-1.0000001192,-0.0000000000,1.0000001192,-0.0000008345,0.0000000000,-0.0000000000,-0.0000000000,1.0000000000,0,-311.2,171.7,1752.2,1,0.0000170469,-0.9999990463,-0.0000000010,0.9999990463,0.0000170469,-0.0000000110,0.0000000110,-0.0000000010,1.0000000000,0,-311.2,-81.6,1752.2,0,-0.0148067474,0.9998422265,-0.0098165777,-0.9994418025,-0.0150934458,-0.0298038311,-0.0299472939,0.0093698008,0.9995075464,0,-45.0,202.4,1828.0,1,-0.0188193321,0.9975947738,-0.0667275339,-0.9090022445,-0.0448647738,-0.4143720269,-0.4163686037,0.0528576523,0.9076582193,0,-48.8,-50.8,1820.4,0,1.0000000000,-0.0000000000,-0.0000000000,0.0000000000,1.0000000000,-0.0000000000,0.0000000000,0.0000000000,1.0000000000,0,-241.6,-202.0,1842.1,1,1.0000000000,0.0000000027,-0.0000007216,-0.0000000027,1.0000000000,0.0000000134,0.0000007216,-0.0000000134,1.0000000000,0,-241.6,-589.4,1842.1,0,1.0000000000,-0.0000000020,0.0000000281,0.0000000020,1.0000000000,-0.0000000178,-0.0000000281,0.0000000178,1.0000000000,0,-70.7,-182.3,1890.8,1,1.0000000000,-0.0000187714,0.0002241557,0.0000187988,1.0000000000,-0.0001222213,-0.0002241534,0.0001222256,0.9999999404,0,-70.7,-569.7,1890.8,0,-311.2,-334.9,1752.2,0,-53.6,-281.0,1714.9,0,-241.6,-962.0,1842.1,0,-70.7,-942.2,1890.8,0,
3,0.9570461512,-0.0429873094,-0.2867220938,0.1087293252,0.9699848294,0.2174994946,0.2687661350,-0.2393322587,0.9329968691,1,-187.1,380.9,1742.5,1,0.9570461512,-0.0429873094,-0.2867220938,0.1087293252,0.9699848294,0.2174994946,0.2687661350,-0.2393322587,0.9329968691,1,-178.5,187.4,1790.3,1,0.9570004344,-0.0563032925,-0.2845609486,0.1096266955,0.9784293175,0.1750907004,0.2685644031,-0.1987573355,0.9425322413,1,-167.6,-2.1,1828.8,1,-0.0000008345,-1.0000001192,-0.0000000000,1.0000001192,-0.0000008345,0.0000000000,-0.0000000000,-0.0000000000,1.0000000000,0,-311.7,172.2,1752.9,1,0.0000170469,-0.9999990463,-0.0000000009,0.9999990463,0.0000170469,-0.0000000099,0.0000000099,-0.0000000009,1.0000000000,0,-311.7,-81.2,1752.9,0,-0.0118691921,0.9998989105,-0.0078181559,-0.9996426105,-0.0120527744,-0.0238564983,-0.0239483193,0.0075322026,0.9996848106,0,-45.3,202.7,1827.6,1,-0.0182534456,0.9980459809,-0.0597741753,-0.9260705113,-0.0394136906,-0.3752890229,-0.3769112229,0.0485050976,0.9249785542,0,-48.3,-50.6,1821.6,0,1.0000000000,-0.0000000000,-0.0000000000,0.0000000000,1.0000000000,-0.0000000000,0.0000000000,0.0000000000,1.0000000000,0,-242.2,-201.5,1843.2,1,1.0000000000,0.0000000024,-0.0000006495,-0.0000000024,1.0000000000,0.0000000120,0.0000006495,-0.0000000120,1.0000000000,0,-242.2,-588.9,1843.2,0,1.0000000000,-0.0000000016,0.0000000225,0.0000000016,1.0000000000,-0.0000000143,-0.0000000225,0.0000000143,1.0000000000,0,-71.1,-181.9,1891.3,1,1.0000000000,-0.0000168955,0.0002017401,0.0000169177,1.0000000000,-0.0001099994,-0.0002017382,0.0001100028,1.0000000000,0,-71.1,-569.3,1891.3,0,-311.7,-334.5,1752.9,0,-52.9,-285.2,1726.1,0,-242.2,-961.5,1843.2,0,-71.1,-941.9,1891.2,0,
4,0.9555944800,-0.0458357371,-0.2910894156,0.1124412119,0.9698039293,0.2164163440,0.2723798454,-0.2395368069,0.9318956733,1,-186.8,380.9,1742.7,1,0.9555944800,-0.0458357371,-0.2910894156,0.1124412119,0.9698039293,0.2164163440,0.2723798454,-0.2395368069,0.9318956733,1,-177.6,187.6,1790.5,1,0.9557500482,-0.0552239120,-0.2889410853,0.1094422340,0.9784661531,0.1749999076,0.2730547190,-0.1988785118,0.9412155747,1,-166.9,-2.0,1829.0,1,-0.0000008345,-1.0000001192,-0.0000000000,1.0000001192,-0.0000008345,0.0000000000,-0.0000000000,-0.0000000000,1.0000000000,0,-310.7,172.3,1752.5,1,0.0000170469,-0.9999990463,-0.0000000008,0.9999990463,0.0000170469,-0.0000000089,0.0000000089,-0.0000000008,1.0000000000,0,-310.7,-81.0,1752.5,0,-0.0095103979,0.9999352694,-0.0062319706,-0.9997712374,-0.0096278191,-0.0190935433,-0.0191523097,0.0060489569,0.9997982979,0,-44.6,202.8,1828.5,1,-0.0174881220,0.9984133244,-0.0535396785,-0.9399715662,-0.0346695185,-0.3394894302,-0.3408066630,0.0443889499,0.9390849471,0,-47.0,-50.5,1823.6,0,1.0000000000,-0.0000000000,-0.0000000000,0.0000000000,1.0000000000,-0.0000000000,0.0000000000,0.0000000000,1.0000000000,0,-241.7,-201.3,1843.1,1,1.0000000000,0.0000000022,-0.0000005845,-0.0000000022,1.0000000000,0.0000000108,0.0000005845,-0.0000000108,1.0000000000,0,-241.7,-588.8,1843.1,0,1.0000000000,-0.0000000013,0.0000000180,0.0000000013,1.0000000000,-0.0000000114,-0.0000000180,0.0000000114,1.0000000000,0,-70.8,-181.8,1891.9,1,1.0000000000,-0.0000152070,0.0001815660,0.0000152249,1.0000000000,-0.0000989996,-0.0001815645,0.0000990024,1.0000000000,0,-70.8,-569.2,1891.9,0,-310.7,-334.3,1752.5,0,-51.4,-288.6,1737.3,0,-241.7,-961.3,1843.1,0,-70.8,-941.8,1891.9,0,
5,0.9553650022,-0.0460484698,-0.2918086946,0.1127829328,0.9698112607,0.2162050903,0.2730432153,-0.2394658625,0.9317197204,1,-187.2,381.9,1742.3,1,0.9553650022,-0.0460484698,-0.2918086946,0.1127829328,0.9698112607,0.2162050903,0.2730432153,-0.2394658625,0.9317197204,1,-178.0,187.9,1790.2,1,0.9555917978,-0.0540505536,-0.2896856070,0.1083667800,0.9786072969,0.1748796254,0.2740359306,-0.1985057890,0.9410090446,1,-167.5,-1.7,1828.7,1,-0.0000008345,-1.0000001192,-0.0000000000,1.0000001192,-0.0000008345,0.0000000000,-0.0000000000,-0.0000000000,1.0000000000,0,-311.0,172.8,1752.1,1,0.0000170469,-0.9999990463,-0.0000000007,0.9999990463,0.0000170469,-0.0000000080,0.0000000080,-0.0000000007,1.0000000000,0,-311.0,-80.5,1752.1,0,-0.0076179504,0.9999585748,-0.0049711014,-0.9998535514,-0.0076931715,-0.0152800474,-0.0153176580,0.0048539708,0.9998708963,0,-45.0,203.0,1828.4,1,-0.0165930986,0.9987123609,-0.0479558706,-0.9512813687,-0.0305374861,-0.3068104982,-0.3078796566,0.0405287892,0.9505617619,0,-46.9,-50.3,1824.5,0,1.0000000000,-0.0000000000,-0.0000000000,0.0000000000,1.0000000000,-0.0000000000,0.0000000000,0.0000000000,1.0000000000,0,-242.5,-201.0,1842.6,1,1.0000000000,0.0000000019,-0.0000005261,-0.0000000019,1.0000000000,0.0000000097,0.0000005261,-0.0000000097,1.0000000000,0,-242.5,-588.4,1842.6,0,1.0000000000,-0.0000000010,0.0000000144,0.0000000010,1.0000000000,-0.0000000091,-0.0000000144,0.0000000091,1.0000000000,0,-71.6,-181.6,1891.6,1,1.0000000000,-0.0000136871,0.0001634093,0.0000137016,1.0000000000,-0.0000890998,-0.0001634081,0.0000891020,1.0000000000,0,-71.6,-569.0,1891.6,0,-311.0,-333.9,1752.1,0,-51.1,-291.3,1746.5,0,-242.5,-961.0,1842.6,0,-71.6,-941.6,1891.6,0,
6,0.9568869472,-0.0469298922,-0.2866354883,0.1112233549,0.9708429575,0.2123484910,0.2683123052,-0.2350740582,0.9342092276,1,-188.3,382.0,1743.1,1,0.9568869472,-0.0469298922,-0.2866354883,0.1112233549,0.9708429575,0.2123484910,0.2683123052,-0.2350740582,0.9342092276,1,-178.9,188.3,1790.0,1,0.9571139812,-0.0536989756,-0.2846825421,0.1068241894,0.9788427949,0.1745103151,0.2692882419,-0.1974371821,0.9426031709,1,-168.5,-1.4,1828.3,1,-0.0000008345,-1.0000001192,-0.0000000000,1.0000001192,-0.0000008345,0.0000000000,-0.0000000000,-0.0000000000,1.0000000000,0,-312.2,173.4,1752.5,1,0.0000170469,-0.9999990463,-0.0000000006,0.9999990463,0.0000170469,-0.0000000072,0.0000000072,-0.0000000006,1.0000000000,0,-312.2,-79.9,1752.5,0,-0.0061005354,0.9999735355,-0.0039675967,-0.9999063015,-0.0061485767,-0.0122273099,-0.0122513827,0.0038926322,0.9999173880,0,-45.7,203.1,1827.5,1,-0.0156214237,0.9989551902,-0.0429584831,-0.9604749084,-0.0269342661,-0.2770621777,-0.2779296041,0.0369325504,0.9598912001,0,-47.2,-50.2,1824.4,0,1.0000000000,-0.0000000000,-0.0000000000,0.0000000000,1.0000000000,-0.0000000000,0.0000000000,0.0000000000,1.0000000000,0,-243.7,-200.5,1842.4,1,1.0000000000,0.0000000017,-0.0000004735,-0.0000000017,1.0000000000,0.0000000088,0.0000004735,-0.0000000088,1.0000000000,0,-243.7,-588.0,1842.4,0,1.0000000000,-0.0000000008,0.0000000115,0.0000000008,1.0000000000,-0.0000000073,-0.0000000115,0.0000000073,1.0000000000,0,-72.5,-181.4,1890.6,1,1.0000000000,-0.0000123190,0.0001470683,0.0000123308,1.0000000000,-0.0000801899,-0.0001470673,0.0000801917,1.0000000000,0,-72.5,-568.9,1890.6,0,-312.2,-333.3,1752.5,0,-51.2,-293.5,1754.0,0,-243.7,-960.5,1842.4,0,-72.5,-941.4,1890.6,0,
7,0.9573457837,-0.0453194454,-0.2853597403,0.1087570563,0.9715082049,0.2105759233,0.2676859498,-0.2326288521,0.9350007772,1,-188.2,383.8,1743.0,1,0.9573457837,-0.0453194454,-0.2853597403,0.1087570563,0.9715082049,0.2105759233,0.2676859498,-0.2326288521,0.9350007772,1,-179.2,189.5,1789.6,1,0.9574824572,-0.0537587516,-0.2834293842,0.1060649827,0.9792695045,0.1725686938,0.2682764828,-0.1952933520,0.9433380365,1,-168.8,-0.2,1827.4,1,-0.0000008345,-1.0000001192,-0.0000000000,1.0000001192,-0.0000008345,0.0000000000,-0.0000000000,-0.0000000000,1.0000000000,0,-312.5,174.7,1752.2,1,0.0000170469,-0.9999990463,-0.0000000006,0.9999990463,0.0000170469,-0.0000000065,0.0000000065,-0.0000000006,1.0000000000,0,-312.5,-78.6,1752.2,0,-0.0048842430,0.9999830127,-0.0031681224,-0.9999399781,-0.0049149990,-0.0097839087,-0.0097993147,0.0031201458,0.9999471307,0,-45.9,204.3,1826.9,1,-0.0146127939,0.9991525412,-0.0384877920,-0.9679433107,-0.0237880945,-0.2500410080,-0.2507445812,0.0336002856,0.9674699903,0,-47.1,-49.1,1824.4,0,1.0000000000,-0.0000000000,-0.0000000000,0.0000000000,1.0000000000,-0.0000000000,0.0000000000,0.0000000000,1.0000000000,0,-244.0,-199.4,1841.2,1,1.0000000000,0.0000000016,-0.0000004261,-0.0000000016,1.0000000000,0.0000000079,0.0000004261,-0.0000000079,1.0000000000,0,-244.0,-586.9,1841.2,0,1.0000000000,-0.0000000006,0.0000000092,0.0000000006,1.0000000000,-0.0000000058,-0.0000000092,0.0000000058,1.0000000000,0,-72.7,-180.4,1889.2,1,1.0000000000,-0.0000110877,0.0001323614,0.0000110972,1.0000000000,-0.0000721710,-0.0001323606,0.0000721725,1.0000000000,0,-72.7,-567.9,1889.2,0,-312.5,-331.9,1752.2,0,-50.8,-294.3,1760.9,0,-244.0,-959.4,1841.2,0,-72.7,-940.4,1889.2,0,
8,0.9549453259,-0.0434894674,-0.2935691774,0.1095365733,0.9710095525,0.2124635875,0.2758183479,-0.2350476980,0.9320274591,1,-187.3,384.1,1743.0,1,0.9549453259,-0.0434894674,-0.2935691774,0.1095365733,0.9710095525,0.2124635875,0.2758183479,-0.2350476980,0.9320274591,1,-178.6,190.2,1789.9,1,0.9550737143,-0.0526958890,-0.2916370332,0.1069341153,0.9790473580,0.1732914150,0.2763945460,-0.1966919452,0.9407001734,1,-168.4,0.6,1828.0,1,-0.0000008345,-1.0000001192,-0.0000000000,1.0000001192,-0.0000008345,0.0000000000,-0.0000000000,-0.0000000000,1.0000000000,0,-311.5,175.3,1751.4,1,0.0000170469,-0.9999990463,-0.0000000005,0.9999990463,0.0000170469,-0.0000000058,0.0000000058,-0.0000000005,1.0000000000,0,-311.5,-78.0,1751.4,0,-0.0039097071,0.9999890924,-0.0025306817,-0.9999615550,-0.0039294958,-0.0078284275,-0.0078382874,0.0024999767,0.9999661446,0,-45.7,205.1,1828.4,1,-0.0135974884,0.9993129969,-0.0344891399,-0.9740071297,-0.0210372210,-0.2255402505,-0.2261107415,0.0305259898,0.9736232162,0,-46.6,-48.2,1826.4,0,1.0000000000,-0.0000000000,-0.0000000000,0.0000000000,1.0000000000,-0.0000000000,0.0000000000,0.0000000000,1.0000000000,0,-243.6,-198.7,1841.4,1,1.0000000000,0.0000000014,-0.0000003835,-0.0000000014,1.0000000000,0.0000000071,0.0000003835,-0.0000000071,1.0000000000,0,-243.6,-586.1,1841.4,0,1.0000000000,-0.0000000005,0.0000000074,0.0000000005,1.0000000000,-0.0000000047,-0.0000000074,0.0000000047,1.0000000000,0,-72.8,-179.5,1890.8,1,1.0000000000,-0.0000099793,0.0001191252,0.0000099871,1.0000000000,-0.0000649539,-0.0001191246,0.0000649551,1.0000000000,0,-72.8,-567.0,1890.8,0,-311.5,-331.3,1751.4,0,-50.1,-295.0,1769.1,0,-243.6,-958.7,1841.4,0,-72.8,-939.5,1890.8,0,
9,0.9528504014,-0.0440152287,-0.3002226651,0.1105961055,0.9717385173,0.2085460871,0.2825585008,-0.2319166660,0.9307919741,1,-187.2,382.3,1743.9,1,0.9528504014,-0.0440152287,-0.3002226651,0.1105961055,0.9717385173,0.2085460871,0.2825585008,-0.2319166660,0.9307919741,1,-178.4,188.6,1790.2,1,0.9529895186,-0.0526320376,-0.2983883619,0.1077866331,0.9792662859,0.1715172827,0.2831741869,-0.1956163645,0.9389063120,1,-168.2,-1.1,1828.1,1,-0.0000008345,-1.0000001192,-0.0000000000,1.0000001192,-0.0000008345,0.0000000000,-0.0000000000,-0.0000000000,1.0000000000,0,-311.1,173.6,1750.7,1,0.0000170469,-0.9999990463,-0.0000000005,0.9999990463,0.0000170469,-0.0000000052,0.0000000052,-0.0000000005,1.0000000000,0,-311.1,-79.7,1750.7,0,-0.0031294823,0.9999932051,-0.0020221006,-0.9999755621,-0.0031421185,-0.0062635671,-0.0062698768,0.0020024499,0.9999783635,0,-45.8,203.6,1829.6,1,-0.0125972033,0.9994430542,-0.0309129134,-0.9789279699,-0.0186284781,-0.2033561766,-0.2038186789,0.0276998654,0.9786167145,0,-46.6,-49.7,1828.0,0,1.0000000000,-0.0000000000,-0.0000000000,0.0000000000,1.0000000000,-0.0000000000,0.0000000000,0.0000000000,1.0000000000,0,-243.2,-200.4,1840.6,1,1.0000000000,0.0000000013,-0.0000003451,-0.0000000013,1.0000000000,0.0000000064,0.0000003451,-0.0000000064,1.0000000000,0,-243.2,-587.9,1840.6,0,1.0000000000,-0.0000000004,0.0000000059,0.0000000004,1.0000000000,-0.0000000037,-0.0000000059,0.0000000037,1.0000000000,0,-72.8,-181.2,1891.3,1,1.0000000000,-0.0000089817,0.0001072127,0.0000089880,1.0000000000,-0.0000584586,-0.0001072122,0.0000584596,1.0000000000,0,-72.8,-568.6,1891.3,0,-311.1,-333.0,1750.7,0,-49.8,-297.7,1776.4,0,-243.2,-960.4,1840.6,0,-72.8,-941.1,1891.2,0,
10,0.9553911686,-0.0432868302,-0.2921451926,0.1080489010,0.9718521833,0.2093499601,0.2748596370,-0.2315770537,0.9331787825,1,-187.5,381.8,1743.4,1,0.9553911686,-0.0432868302,-0.2921451926,0.1080489010,0.9718521833,0.2093499601,0.2748596370,-0.2315770537,0.9331787825,1,-178.9,188.0,1789.6,1,0.9554742575,-0.0524579249,-0.2903650999,0.1063550189,0.9791484475,0.1730765849,0.2752310932,-0.1962519288,0.9411330819,1,-168.7,-1.7,1827.6,1,-0.0000008345,-1.0000001192,-0.0000000000,1.0000001192,-0.0000008345,0.0000000000,-0.0000000000,-0.0000000000,1.0000000000,0,-311.9,173.2,1751.3,1,0.0000170469,-0.9999990463,-0.0000000004,0.9999990463,0.0000170469,-0.0000000047,0.0000000047,-0.0000000004,1.0000000000,0,-311.9,-80.2,1751.3,0,-0.0025048256,0.9999957085,-0.0016161150,-0.9999843836,-0.0025129318,-0.0050113769,-0.0050154161,0.0016035371,0.9999861121,0,-45.9,202.8,1827.9,1,-0.0116270781,0.9995484948,-0.0277141631,-0.9829198718,-0.0165158510,-0.1832925528,-0.1836674660,0.0251096785,0.9826676846,0,-46.5,-50.5,1826.6,0,1.0000000000,-0.0000000000,-0.0000000000,0.0000000000,1.0000000000,-0.0000000000,0.0000000000,0.0000000000,1.0000000000,0,-244.0,-200.9,1841.0,1,1.0000000000,0.0000000011,-0.0000003106,-0.0000000011,1.0000000000,0.0000000058,0.0000003106,-0.0000000058,1.0000000000,0,-244.0,-588.4,1841.0,0,1.0000000000,-0.0000000003,0.0000000047,0.0000000003,1.0000000000,-0.0000000030,-0.0000000047,0.0000000030,1.0000000000,0,-73.1,-181.9,1890.3,1,1.0000000000,-0.0000080838,0.0000964914,0.0000080889,1.0000000000,-0.0000526128,-0.0000964910,0.0000526136,1.0000000000,0,-73.1,-569.3,1890.3,0,-311.9,-333.5,1751.3,0,-49.4,-299.6,1780.1,0,-244.0,-960.9,1841.0,0,-73.1,-941.9,1890.2,0,
11,0.9570294619,-0.0444771610,-0.2865504622,0.1082303748,0.9715462923,0.2106716633,0.2690267563,-0.2326324880,0.9346148968,1,-188.6,381.2,1743.1,1,0.9570294619,-0.0444771610,-0.2865504622,0.1082303748,0.9715462923,0.2106716633,0.2690267563,-0.2326324880,0.9346148968,1,-179.7,187.9,1789.4,1,0.9571483135,-0.0523299463,-0.2848216891,0.1058352739,0.9787116051,0.1758438647,0.2695561945,-0.1984527856,0.9423133135,1,-169.6,-1.7,1827.9,1,-0.0000008345,-1.0000001192,-0.0000000000,1.0000001192,-0.0000008345,0.0000000000,-0.0000000000,-0.0000000000,1.0000000000,0,-313.0,173.2,1751.9,1,0.0000170469,-0.9999990463,-0.0000000004,0.9999990463,0.0000170469,-0.0000000043,0.0000000043,-0.0000000004,1.0000000000,0,-313.0,-80.1,1751.9,0,-0.0020048618,0.9999974370,-0.0012918890,-0.9999901652,-0.0020099878,-0.0040094350,-0.0040120194,0.0012838390,0.9999911189,0,-46.5,202.7,1826.9,1,-0.0106977224,0.9996339679,-0.0248525664,-0.9861573577,-0.0146597624,-0.1651634276,-0.1654672921,0.0227416754,0.9859530330,0,-47.0,-50.7,1825.9,0,1.0000000000,-0.0000000000,-0.0000000000,0.0000000000,1.0000000000,-0.0000000000,0.0000000000,0.0000000000,1.0000000000,0,-245.0,-200.7,1842.2,1,1.0000000000,0.0000000010,-0.0000002796,-0.0000000010,1.0000000000,0.0000000052,0.0000002796,-0.0000000052,1.0000000000,0,-245.0,-588.2,1842.2,0,1.0000000000,-0.0000000003,0.0000000038,0.0000000003,1.0000000000,-0.0000000024,-0.0000000038,0.0000000024,1.0000000000,0,-73.9,-181.8,1890.4,1,1.0000000000,-0.0000072757,0.0000868422,0.0000072798,1.0000000000,-0.0000473515,-0.0000868419,0.0000473522,1.0000000000,0,-73.9,-569.2,1890.4,0,-313.0,-333.5,1751.9,0,-49.7,-300.5,1784.0,0,-245.0,-960.7,1842.2,0,-73.9,-941.8,1890.4,0,
12,0.9566558599,-0.0470734872,-0.2873819768,0.1112994105,0.9710314870,0.2114448100,0.2691033185,-0.2342653871,0.9341849089,1,-189.1,380.6,1742.5,1,0.9566558599,-0.0470734872,-0.2873819768,0.1112994105,0.9710314870,0.2114448100,0.2691033185,-0.2342653871,0.9341849089,1,-179.7,187.1,1789.2,1,0.9568697810,-0.0536888652,-0.2855038941,0.1071600541,0.9787000418,0.1751042306,0.2700213492,-0.1981465071,0.9422445893,1,-169.3,-2.5,1827.6,1,-0.0000008345,-1.0000001192,-0.0000000000,1.0000001192,-0.0000008345,0.0000000000,-0.0000000000,-0.0000000000,1.0000000000,0,-312.9,172.2,1751.6,1,0.0000170469,-0.9999990463,-0.0000000003,0.9999990463,0.0000170469,-0.0000000038,0.0000000038,-0.0000000003,1.0000000000,0,-312.9,-81.1,1751.6,0,-0.0016046762,0.9999983311,-0.0010328700,-0.9999936819,-0.0016080141,-0.0032077599,-0.0032094147,0.0010277164,0.9999943376,0,-46.5,202.1,1826.8,1,-0.0098159313,0.9997033477,-0.0222919658,-0.9887823462,-0.0130265951,-0.1487944424,-0.1490406990,0.0205813497,0.9886168242,0,-46.9,-51.3,1826.0,0,1.0000000000,-0.0000000000,-0.0000000000,0.0000000000,1.0000000000,-0.0000000000,0.0000000000,0.0000000000,1.0000000000,0,-244.5,-201.6,1841.8,1,1.0000000000,0.0000000009,-0.0000002516,-0.0000000009,1.0000000000,0.0000000047,0.0000002516,-0.0000000047,1.0000000000,0,-244.5,-589.1,1841.8,0,1.0000000000,-0.0000000002,0.0000000030,0.0000000002,1.0000000000,-0.0000000019,-0.0000000030,0.0000000019,1.0000000000,0,-73.4,-182.5,1890.1,1,1.0000000000,-0.0000065483,0.0000781580,0.0000065516,1.0000000000,-0.0000426164,-0.0000781577,0.0000426169,1.0000000000,0,-73.4,-569.9,1890.1,0,-312.9,-334.4,1751.6,0,-49.4,-301.8,1788.2,0,-244.5,-961.6,1841.8,0,-73.4,-942.5,1890.1,0,
13,0.9577368498,-0.0453724228,-0.2840354741,0.1090157479,0.9710668921,0.2124691606,0.2661769688,-0.2344539315,0.9349757433,1,-189.3,381.1,1742.2,1,0.9577368498,-0.0453724228,-0.2840354741,0.1090157479,0.9710668921,0.2124691606,0.2661769688,-0.2344539315,0.9349757433,1,-180.3,187.9,1788.8,1,0.9578394294,-0.0541199669,-0.2821514010,0.1070063636,0.9786373377,0.1755479872,0.2666230500,-0.1983387172,0.9431714416,1,-169.8,-1.6,1827.3,1,-0.0000008345,-1.0000001192,-0.0000000000,1.0000001192,-0.0000008345,0.0000000000,-0.0000000000,-0.0000000000,1.0000000000,0,-313.6,173.0,1751.7,1,0.0000170469,-0.9999990463,-0.0000000003,0.9999990463,0.0000170469,-0.0000000034,0.0000000034,-0.0000000003,1.0000000000,0,-313.6,-80.3,1751.7,0,-0.0012843609,0.9999989271,-0.0008258853,-0.9999959469,-0.0012865067,-0.0025663427,-0.0025674023,0.0008225859,0.9999963641,0,-47.0,202.8,1826.0,1,-0.0089856386,0.9997593760,-0.0200000703,-0.9909102321,-0.0115872622,-0.1340235621,-0.1342230886,0.0186139680,0.9907763004,0,-47.3,-50.5,1825.3,0,1.0000000000,-0.0000000000,-0.0000000000,0.0000000000,1.0000000000,-0.0000000000,0.0000000000,0.0000000000,1.0000000000,0,-245.0,-200.8,1841.8,1,1.0000000000,0.0000000008,-0.0000002265,-0.0000000008,1.0000000000,0.0000000042,0.0000002265,-0.0000000042,1.0000000000,0,-245.0,-588.2,1841.8,0,1.0000000000,-0.0000000002,0.0000000024,0.0000000002,1.0000000000,-0.0000000015,-0.0000000024,0.0000000015,1.0000000000,0,-73.7,-181.7,1889.5,1,1.0000000000,-0.0000058936,0.0000703422,0.0000058963,1.0000000000,-0.0000383548,-0.0000703419,0.0000383552,1.0000000000,0,-73.7,-569.1,1889.5,0,-313.6,-333.6,1751.7,0,-49.6,-301.5,1791.3,0,-245.0,-960.8,1841.8,0,-73.7,-941.7,1889.5,0,
14,0.9588833451,-0.0425688848,-0.2805802822,0.1089039668,0.9681856036,0.2252890170,0.2620632052,-0.2465822697,0.9330157638,1,-189.3,379.8,1738.5,1,0.9588833451,-0.0425688848,-0.2805802822,0.1089039668,0.9681856036,0.2252890170,0.2620632052,-0.2465822697,0.9330157638,1,-180.8,187.0,1787.6,1,0.9589766860,-0.0522925109,-0.2786107659,0.1069909632,0.9769142866,0.1849051118,0.2625094354,-0.2071284950,0.9424356818,1,-170.7,-2.2,1827.8,1,-0.0000008345,-1.0000001192,-0.0000000000,1.0000001192,-0.0000008345,0.0000000000,-0.0000000000,-0.0000000000,1.0000000000,0,-314.3,172.1,1751.1,1,0.0000170469,-0.9999990463,-0.0000000003,0.9999990463,0.0000170469,-0.0000000031,0.0000000031,-0.0000000003,1.0000000000,0,-314.3,-81.2,1751.1,0,-0.0010279417,0.9999994040,-0.0006604450,-0.9999974966,-0.0010292530,-0.0020531605,-0.0020538387,0.0006583330,0.9999976754,0,-47.3,201.9,1824.2,1,-0.0082092285,0.9998051524,-0.0179480836,-0.9926351905,-0.0103170872,-0.1207013428,-0.1208629981,0.0168250389,0.9925265908,0,-47.6,-51.4,1823.7,0,1.0000000000,-0.0000000000,-0.0000000000,0.0000000000,1.0000000000,-0.0000000000,0.0000000000,0.0000000000,1.0000000000,0,-246.3,-201.0,1844.4,1,1.0000000000,0.0000000008,-0.0000002038,-0.0000000008,1.0000000000,0.0000000038,0.0000002038,-0.0000000038,1.0000000000,0,-246.3,-588.5,1844.4,0,1.0000000000,-0.0000000001,0.0000000019,0.0000000001,1.0000000000,-0.0000000012,-0.0000000019,0.0000000012,1.0000000000,0,-74.8,-181.9,1891.4,1,1.0000000000,-0.0000053044,0.0000633079,0.0000053066,1.0000000000,-0.0000345193,-0.0000633078,0.0000345197,1.0000000000,0,-74.8,-569.3,1891.4,0,-314.3,-334.5,1751.1,0,-49.7,-302.9,1793.1,0,-246.3,-961.0,1844.4,0,-74.8,-941.9,1891.4,0,
15,0.9594818354,-0.0440122485,-0.2783024311,0.1113153100,0.9665851593,0.2309123278,0.2588397563,-0.2525356114,0.9323229194,1,-190.2,378.8,1736.2,1,0.9594818354,-0.0440122485,-0.2783024311,0.1113153100,0.9665851593,0.2309123278,0.2588397563,-0.2525356114,0.9323229194,1,-181.4,185.9,1786.6,1,0.9597108364,-0.0514519922,-0.2762292624,0.1066558957,0.9762209654,0.1887211651,0.2599504590,-0.2105792016,0.9423802495,1,-171.5,-3.2,1827.4,1,-0.0000008345,-1.0000001192,-0.0000000000,1.0000001192,-0.0000008345,0.0000000000,-0.0000000000,-0.0000000000,1.0000000000,0,-315.0,171.1,1750.4,1,0.0000170469,-0.9999990463,-0.0000000002,0.9999990463,0.0000170469,-0.0000000028,0.0000000028,-0.0000000002,1.0000000000,0,-315.0,-82.3,1750.4,0,-0.0008229017,0.9999997020,-0.0005281875,-0.9999985099,-0.0008237362,-0.0016425834,-0.0016430176,0.0005268354,0.9999985099,0,-47.8,200.8,1822.8,1,-0.0074870586,0.9998422265,-0.0161103196,-0.9940331578,-0.0091948509,-0.1086903811,-0.1088213623,0.0152004324,0.9939451218,0,-48.0,-52.6,1822.4,0,1.0000000000,-0.0000000000,-0.0000000000,0.0000000000,1.0000000000,-0.0000000000,0.0000000000,0.0000000000,1.0000000000,0,-247.3,-201.8,1844.9,1,1.0000000000,0.0000000007,-0.0000001834,-0.0000000007,1.0000000000,0.0000000034,0.0000001834,-0.0000000034,1.0000000000,0,-247.3,-589.3,1844.9,0,1.0000000000,-0.0000000001,0.0000000015,0.0000000001,1.0000000000,-0.0000000010,-0.0000000015,0.0000000010,1.0000000000,0,-75.7,-182.8,1891.4,1,1.0000000000,-0.0000047740,0.0000569771,0.0000047758,1.0000000000,-0.0000310674,-0.0000569770,0.0000310677,1.0000000000,0,-75.7,-570.2,1891.4,0,-315.0,-335.6,1750.4,0,-49.9,-304.4,1794.8,0,-247.3,-961.8,1844.9,0,-75.7,-942.8,1891.4,0,
16,0.9600409865,-0.0429301076,-0.2765376270,0.1102578118,0.9662601352,0.2327726781,0.2572139800,-0.2539618313,0.9323854446,1,-190.0,377.9,1735.5,1,0.9600409865,-0.0429301076,-0.2765376270,0.1102578118,0.9662601352,0.2327726781,0.2572139800,-0.2539618313,0.9323854446,1,-181.5,185.4,1786.1,1,0.9602299333,-0.0512182005,-0.2744631171,0.1063608900,0.9760096669,0.1899762005,0.2581481338,-0.2116129547,0.9426440597,1,-171.6,-3.7,1827.1,1,-0.0000008345,-1.0000001192,-0.0000000000,1.0000001192,-0.0000008345,0.0000000000,-0.0000000000,-0.0000000000,1.0000000000,0,-315.1,170.6,1750.2,1,0.0000170469,-0.9999990463,-0.0000000002,0.9999990463,0.0000170469,-0.0000000025,0.0000000025,-0.0000000002,1.0000000000,0,-315.1,-82.7,1750.2,0,-0.0006586313,0.9999997020,-0.0004224422,-0.9999989867,-0.0006591082,-0.0013141019,-0.0013143799,0.0004215763,0.9999990463,0,-47.8,200.2,1822.1,1,-0.0068180561,0.9998720884,-0.0144638643,-0.9951658249,-0.0082015991,-0.0978650451,-0.0979711637,0.0137267001,0.9950945973,0,-48.0,-53.1,1821.7,0,1.0000000000,-0.0000000000,-0.0000000000,0.0000000000,1.0000000000,-0.0000000000,0.0000000000,0.0000000000,1.0000000000,0,-247.5,-202.2,1845.0,1,1.0000000000,0.0000000006,-0.0000001651,-0.0000000006,1.0000000000,0.0000000031,0.0000001651,-0.0000000031,1.0000000000,0,-247.5,-589.7,1845.0,0,1.0000000000,-0.0000000001,0.0000000012,0.0000000001,1.0000000000,-0.0000000008,-0.0000000012,0.0000000008,1.0000000000,0,-75.8,-183.2,1891.2,1,1.0000000000,-0.0000042967,0.0000512794,0.0000042981,1.0000000000,-0.0000279607,-0.0000512793,0.0000279609,1.0000000000,0,-75.8,-570.7,1891.2,0,-315.1,-336.1,1750.2,0,-49.7,-305.2,1796.9,0,-247.5,-962.2,1845.0,0,-75.8,-943.2,1891.2,0,
17,0.9580768347,-0.0428637974,-0.2832776904,0.1124704033,0.9656423926,0.2342726886,0.2635028362,-0.2563116550,0.9299832582,1,-189.7,378.6,1734.7,1,0.9580768347,-0.0428637974,-0.2832776904,0.1124704033,0.9656423926,0.2342726886,0.2635028362,-0.2563116550,0.9299832582,1,-181.2,186.4,1785.7,1,0.9583063722,-0.0504811704,-0.2812387943,0.1076963842,0.9754920006,0.1918731332,0.2646599412,-0.2141616344,0.9402596951,1,-171.4,-2.6,1827.2,1,-0.0000008345,-1.0000001192,-0.0000000000,1.0000001192,-0.0000008345,0.0000000000,-0.0000000000,-0.0000000000,1.0000000000,0,-314.6,171.4,1748.9,1,0.0000170469,-0.9999990463,-0.0000000002,0.9999990463,0.0000170469,-0.0000000023,0.0000000023,-0.0000000002,1.0000000000,0,-314.6,-82.0,1748.9,0,-0.0005270243,0.9999998808,-0.0003378846,-0.9999994040,-0.0005273819,-0.0010513039,-0.0010514818,0.0003373304,0.9999994040,0,-47.8,201.4,1822.6,1,-0.0062005520,0.9998964667,-0.0129883140,-0.9960837960,-0.0073214769,-0.0881108493,-0.0881968141,0.0123911202,0.9960259795,0,-47.9,-52.0,1822.3,0,1.0000000000,-0.0000000000,-0.0000000000,0.0000000000,1.0000000000,-0.0000000000,0.0000000000,0.0000000000,1.0000000000,0,-247.3,-201.2,1845.0,1,1.0000000000,0.0000000005,-0.0000001486,-0.0000000005,1.0000000000,0.0000000028,0.0000001486,-0.0000000028,1.0000000000,0,-247.3,-588.7,1845.0,0,1.0000000000,-0.0000000001,0.0000000010,0.0000000001,1.0000000000,-0.0000000006,-0.0000000010,0.0000000006,1.0000000000,0,-75.9,-182.0,1892.4,1,1.0000000000,-0.0000038671,0.0000461515,0.0000038683,1.0000000000,-0.0000251646,-0.0000461514,0.0000251648,1.0000000000,0,-75.9,-569.4,1892.4,0,-314.6,-335.3,1748.9,0,-49.5,-304.3,1800.0,0,-247.3,-961.2,1845.0,0,-75.9,-941.9,1892.4,0,
18,0.9577258825,-0.0439449772,-0.2842967808,0.1127050072,0.9665780663,0.2302674651,0.2646756172,-0.2525748610,0.9306723475,1,-190.1,379.7,1734.8,1,0.9577258825,-0.0439449772,-0.2842967808,0.1127050072,0.9665780663,0.2302674651,0.2646756172,-0.2525748610,0.9306723475,1,-181.3,187.0,1785.2,1,0.9579584002,-0.0510622300,-0.2823173404,0.1079515219,0.9758698940,0.1897970140,0.2658132613,-0.2122942209,0.9403578639,1,-171.4,-2.1,1826.3,1,-0.0000008345,-1.0000001192,-0.0000000000,1.0000001192,-0.0000008345,0.0000000000,-0.0000000000,-0.0000000000,1.0000000000,0,-314.7,171.9,1748.2,1,0.0000170469,-0.9999990463,-0.0000000002,0.9999990463,0.0000170469,-0.0000000020,0.0000000020,-0.0000000002,1.0000000000,0,-314.7,-81.4,1748.2,0,-0.0004217625,0.9999999404,-0.0002702635,-0.9999995828,-0.0004220009,-0.0008410574,-0.0008411713,0.0002699087,0.9999995828,0,-48.0,202.0,1822.2,1,-0.0056324005,0.9999161363,-0.0116655380,-0.9968275428,-0.0065405369,-0.0793237090,-0.0793933570,0.0111817457,0.9967806339,0,-48.1,-51.3,1822.0,0,1.0000000000,-0.0000000000,-0.0000000000,0.0000000000,1.0000000000,-0.0000000000,0.0000000000,0.0000000000,1.0000000000,0,-247.2,-200.8,1843.7,1,1.0000000000,0.0000000005,-0.0000001337,-0.0000000005,1.0000000000,0.0000000025,0.0000001337,-0.0000000025,1.0000000000,0,-247.2,-588.2,1843.7,0,1.0000000000,-0.0000000001,0.0000000008,0.0000000001,1.0000000000,-0.0000000005,-0.0000000008,0.0000000005,1.0000000000,0,-75.9,-181.5,1891.2,1,1.0000000000,-0.0000034804,0.0000415363,0.0000034814,1.0000000000,-0.0000226482,-0.0000415362,0.0000226483,1.0000000000,0,-75.9,-568.9,1891.2,0,-314.7,-334.7,1748.2,0,-49.5,-303.9,1801.9,0,-247.2,-960.8,1843.7,0,-75.9,-941.5,1891.2,0,
19,0.9568335414,-0.0464050993,-0.2868988514,0.1155802608,0.9665061235,0.2291409820,0.2666559219,-0.2524096966,0.9301517010,1,-191.6,380.7,1734.8,1,0.9568335414,-0.0464050993,-0.2868988514,0.1155802608,0.9665061235,0.2291409820,0.2666559219,-0.2524096966,0.9301517010,1,-182.3,187.5,1785.3,1,0.9572311044,-0.0491258278,-0.2851141095,0.1074990109,0.9753184915,0.1928633749,0.2686022520,-0.2152643055,0.9388889670,1,-172.8,-1.5,1827.0,1,-0.0000008345,-1.0000001192,-0.0000000000,1.0000001192,-0.0000008345,0.0000000000,-0.0000000000,-0.0000000000,1.0000000000,0,-315.6,172.5,1747.9,1,0.0000170469,-0.9999990463,-0.0000000002,0.9999990463,0.0000170469,-0.0000000018,0.0000000018,-0.0000000002,1.0000000000,0,-315.6,-80.8,1747.9,0,-0.0003374815,1.0000000000,-0.0002161825,-0.9999997616,-0.0003377199,-0.0006728552,-0.0006729281,0.0002159553,0.9999997616,0,-49.1,202.4,1822.7,1,-0.0051110983,0.9999320507,-0.0104793385,-0.9974299669,-0.0058467388,-0.0714091286,-0.0714655444,0.0100874230,0.9973920584,0,-49.1,-50.9,1822.5,0,1.0000000000,-0.0000000000,-0.0000000000,0.0000000000,1.0000000000,-0.0000000000,0.0000000000,0.0000000000,1.0000000000,0,-248.9,-200.0,1844.7,1,1.0000000000,0.0000000004,-0.0000001203,-0.0000000004,1.0000000000,0.0000000022,0.0000001203,-0.0000000022,1.0000000000,0,-248.9,-587.5,1844.7,0,1.0000000000,-0.0000000000,0.0000000006,0.0000000000,1.0000000000,-0.0000000004,-0.0000000006,0.0000000004,1.0000000000,0,-77.7,-180.8,1892.7,1,1.0000000000,-0.0000031324,0.0000373827,0.0000031332,1.0000000000,-0.0000203834,-0.0000373826,0.0000203835,1.0000000000,0,-77.7,-568.2,1892.7,0,-315.6,-334.1,1747.9,0,-50.4,-303.6,1804.4,0,-248.9,-960.0,1844.7,0,-77.7,-940.8,1892.7,0,
20,0.9605847597,-0.0442554802,-0.2744325399,0.1096894592,0.9674798846,0.2279240191,0.2554207742,-0.2490427643,0.9342035055,1,-192.5,380.5,1734.9,1,0.9605847597,-0.0442554802,-0.2744325399,0.1096894592,0.9674798846,0.2279240191,0.2554207742,-0.2490427643,0.9342035055,1,-183.7,187.0,1784.7,1,0.9609038234,-0.0486487485,-0.2725653648,0.1030115411,0.9765869379,0.1888518035,0.2569960654,-0.2095457762,0.9434203506,1,-174.3,-2.2,1825.3,1,-0.0000008345,-1.0000001192,-0.0000000000,1.0000001192,-0.0000008345,0.0000000000,-0.0000000000,-0.0000000000,1.0000000000,0,-317.4,172.7,1748.9,1,0.0000170469,-0.9999990463,-0.0000000001,0.9999990463,0.0000170469,-0.0000000016,0.0000000016,-0.0000000001,1.0000000000,0,-317.4,-80.7,1748.9,0,-0.0002702475,1.0000001192,-0.0001729278,-0.9999999404,-0.0002703667,-0.0005382900,-0.0005383367,0.0001727824,0.9999998212,0,-49.9,201.3,1820.5,1,-0.0046339035,0.9999448061,-0.0094153285,-0.9979180098,-0.0052297115,-0.0642814711,-0.0643271729,0.0090978462,0.9978873730,0,-50.0,-52.0,1820.3,0,1.0000000000,-0.0000000000,-0.0000000000,0.0000000000,1.0000000000,-0.0000000000,0.0000000000,0.0000000000,1.0000000000,0,-250.7,-200.6,1842.9,1,1.0000000000,0.0000000004,-0.0000001083,-0.0000000004,1.0000000000,0.0000000020,0.0000001083,-0.0000000020,1.0000000000,0,-250.7,-588.0,1842.9,0,1.0000000000,-0.0000000000,0.0000000005,0.0000000000,1.0000000000,-0.0000000003,-0.0000000005,0.0000000003,1.0000000000,0,-78.9,-182.1,1888.8,1,1.0000000000,-0.0000028192,0.0000336444,0.0000028199,1.0000000000,-0.0000183450,-0.0000336444,0.0000183451,1.0000000000,0,-78.9,-569.6,1888.8,0,-317.4,-334.0,1748.9,0,-51.2,-304.8,1804.0,0,-250.7,-960.6,1842.9,0,-78.9,-942.1,1888.8,0,
21,0.9613250494,-0.0410915352,-0.2723240554,0.1057204902,0.9681102037,0.2271214724,0.2543066442,-0.2471278310,0.9350156188,1,-192.5,382.0,1734.9,1,0.9613250494,-0.0410915352,-0.2723240554,0.1057204902,0.9681102037,0.2271214724,0.2543066442,-0.2471278310,0.9350156188,1,-184.3,188.2,1784.4,1,0.9615408182,-0.0478752032,-0.2704477012,0.1010020599,0.9773264527,0.1860910654,0.2554062605,-0.2062498927,0.9445776343,1,-175.0,-1.1,1824.3,1,-0.0000008345,-1.0000001192,-0.0000000000,1.0000001192,-0.0000008345,0.0000000000,-0.0000000000,-0.0000000000,1.0000000000,0,-318.1,174.1,1748.8,1,0.0000170469,-0.9999990463,-0.0000000001,0.9999990463,0.0000170469,-0.0000000015,0.0000000015,-0.0000000001,1.0000000000,0,-318.1,-79.2,1748.8,0,-0.0002166033,1.0000001192,-0.0001383308,-1.0000001192,-0.0002167225,-0.0004306358,-0.0004306658,0.0001382375,0.9999998808,0,-50.4,202.3,1819.9,1,-0.0041975975,0.9999551773,-0.0084606260,-0.9983133078,-0.0046802759,-0.0578631125,-0.0579001307,0.0082034580,0.9982886910,0,-50.5,-51.1,1819.8,0,1.0000000000,-0.0000000000,-0.0000000000,0.0000000000,1.0000000000,-0.0000000000,0.0000000000,0.0000000000,1.0000000000,0,-251.7,-199.5,1841.4,1,1.0000000000,0.0000000004,-0.0000000975,-0.0000000004,1.0000000000,0.0000000018,0.0000000975,-0.0000000018,1.0000000000,0,-251.7,-586.9,1841.4,0,1.0000000000,-0.0000000000,0.0000000004,0.0000000000,1.0000000000,-0.0000000003,-0.0000000004,0.0000000003,1.0000000000,0,-79.8,-181.4,1887.1,1,1.0000000000,-0.0000025373,0.0000302800,0.0000025378,1.0000000000,-0.0000165105,-0.0000302799,0.0000165106,1.0000000000,0,-79.8,-568.9,1887.1,0,-318.1,-332.5,1748.8,0,-51.5,-304.0,1805.1,0,-251.7,-959.5,1841.4,0,-79.8,-941.4,1887.1,0,
22,0.9633268714,-0.0406154767,-0.2652286887,0.1058900729,0.9657934308,0.2367037237,0.2465419620,-0.2561082542,0.9346784949,1,-193.0,379.7,1731.9,1,0.9633268714,-0.0406154767,-0.2652286887,0.1058900729,0.9657934308,0.2367037237,0.2465419620,-0.2561082542,0.9346784949,1,-184.9,186.8,1783.1,1,0.9635230899,-0.0480600186,-0.2632644475,0.1015954018,0.9757861495,0.1936957687,0.2475804687,-0.2133767903,0.9450780749,1,-175.5,-2.3,1824.4,1,-0.0000008345,-1.0000001192,-0.0000000000,1.0000001192,-0.0000008345,0.0000000000,-0.0000000000,-0.0000000000,1.0000000000,0,-319.0,172.6,1748.6,1,0.0000170469,-0.9999990463,-0.0000000001,0.9999990463,0.0000170469,-0.0000000013,0.0000000013,-0.0000000001,1.0000000000,0,-319.0,-80.7,1748.6,0,-0.0001735687,1.0000002384,-0.0001106572,-1.0000002384,-0.0001735687,-0.0003445112,-0.0003445304,0.0001105975,0.9999999404,0,-50.7,200.9,1817.5,1,-0.0037995577,0.9999637604,-0.0076038074,-0.9986337423,-0.0041905642,-0.0520841591,-0.0521141440,0.0073955134,0.9986137748,0,-50.8,-52.4,1817.4,0,1.0000000000,-0.0000000000,-0.0000000000,0.0000000000,1.0000000000,-0.0000000000,0.0000000000,0.0000000000,1.0000000000,0,-252.4,-200.4,1843.6,1,1.0000000000,0.0000000003,-0.0000000877,-0.0000000003,1.0000000000,0.0000000016,0.0000000877,-0.0000000016,1.0000000000,0,-252.4,-587.8,1843.6,0,1.0000000000,-0.0000000000,0.0000000003,0.0000000000,1.0000000000,-0.0000000002,-0.0000000003,0.0000000002,1.0000000000,0,-80.1,-182.2,1887.9,1,1.0000000000,-0.0000022836,0.0000272520,0.0000022840,1.0000000000,-0.0000148595,-0.0000272519,0.0000148595,1.0000000000,0,-80.1,-569.7,1887.9,0,-319.0,-334.0,1748.6,0,-51.7,-305.4,1804.2,0,-252.4,-960.4,1843.6,0,-80.1,-942.2,1887.9,0,
23,0.9649164677,-0.0381600708,-0.2597588599,0.1064884365,0.9612284303,0.2543586493,0.2399809510,-0.2730962634,0.9315717220,1,-193.2,377.2,1726.4,1,0.9649164677,-0.0381600708,-0.2597588599,0.1064884365,0.9612284303,0.2543586493,0.2399809510,-0.2730962634,0.9315717220,1,-185.6,184.9,1781.0,1,0.9651191235,-0.0464435481,-0.2576484680,0.1018548459,0.9732135534,0.2061046958,0.2411744446,-0.2251583338,0.9440004826,1,-176.6,-3.7,1824.7,1,-0.0000008345,-1.0000001192,-0.0000000000,1.0000001192,-0.0000008345,0.0000000000,-0.0000000000,-0.0000000000,1.0000000000,0,-319.9,170.7,1747.5,1,0.0000170469,-0.9999990463,-0.0000000001,0.9999990463,0.0000170469,-0.0000000012,0.0000000012,-0.0000000001,1.0000000000,0,-319.9,-82.6,1747.5,0,-0.0001392365,1.0000002384,-0.0000885210,-1.0000002384,-0.0001392365,-0.0002756105,-0.0002756228,0.0000884827,0.9999999404,0,-51.2,199.0,1814.6,1,-0.0034371614,0.9999706149,-0.0068346430,-0.9988933206,-0.0037539005,-0.0468812361,-0.0469055250,0.0066659339,0.9988771081,0,-51.3,-54.3,1814.5,0,1.0000000000,-0.0000000000,-0.0000000000,0.0000000000,1.0000000000,-0.0000000000,0.0000000000,0.0000000000,1.0000000000,0,-253.9,-201.3,1846.7,1,1.0000000000,0.0000000003,-0.0000000790,-0.0000000003,1.0000000000,0.0000000015,0.0000000790,-0.0000000015,1.0000000000,0,-253.9,-588.7,1846.7,0,1.0000000000,-0.0000000000,0.0000000003,0.0000000000,1.0000000000,-0.0000000002,-0.0000000003,0.0000000002,1.0000000000,0,-81.3,-183.1,1889.8,1,1.0000000000,-0.0000020553,0.0000245268,0.0000020556,1.0000000000,-0.0000133735,-0.0000245267,0.0000133736,1.0000000000,0,-81.3,-570.5,1889.8,0,-319.9,-336.0,1747.5,0,-52.1,-307.3,1802.7,0,-253.9,-961.3,1846.7,0,-81.3,-943.1,1889.8,0,
