1,0.9957643747,0.0162944272,-0.0904850513,-0.0009022240,0.9858552217,0.1675982475,0.0919334590,-0.1668056846,0.9816930890,1,88.0,436.1,1838.5,1,0.9957643747,0.0162944272,-0.0904850513,-0.0009022240,0.9858552217,0.1675982475,0.0919334590,-0.1668056846,0.9816930890,1,84.5,225.5,1874.1,1,0.9958307743,0.0114264712,-0.0904996544,0.0038231544,0.9860242009,0.1665595770,0.0911354348,-0.1662101150,0.9818685651,1,82.2,22.6,1908.3,1,0.2870112062,-0.6454091668,-0.7078641653,0.9561862946,0.1484930217,0.2523046732,-0.0577268563,-0.7492642999,0.6597505212,1,-53.1,225.0,1861.5,1,-0.0496142060,-0.6439589858,-0.7634495497,0.9771432877,0.1269066036,-0.1705454290,0.2067110687,-0.7544610500,0.6229438186,1,-134.2,-45.1,1877.8,1,0.2825201154,0.4651242495,0.8389528394,-0.9501287937,0.0152884796,0.3114828765,0.1320519298,-0.8851134181,0.4462472200,1,222.2,226.0,1886.7,1,-0.2472537309,0.4651242495,0.8500148058,-0.9578154683,0.0152884573,-0.2869767845,-0.1464752704,-0.8851133585,0.4417231083,1,305.8,-55.2,1925.8,1,1.0000000000,0.0000000000,-0.0000000000,-0.0000000000,1.0000000000,-0.0000000000,0.0000000000,0.0000000000,1.0000000000,0,-14.8,-180.7,1933.9,1,1.0000000000,0.0000000002,-0.0000000018,-0.0000000002,1.0000000000,-0.0000000000,0.0000000018,0.0000000000,1.0000000000,0,-14.8,-592.3,1933.9,0,1.0000000000,0.0000000000,-0.0000000000,-0.0000000000,1.0000000000,-0.0000000000,0.0000000000,0.0000000000,1.0000000000,0,174.4,-180.0,1951.2,1,1.0000000000,0.0000000001,-0.0000000008,-0.0000000001,1.0000000000,-0.0000000005,0.0000000008,0.0000000005,1.0000000000,0,174.4,-591.6,1951.2,0,-121.1,-303.4,1823.2,1,239.3,-313.0,1886.4,1,-14.8,-988.1,1933.9,0,174.4,-987.4,1951.2,0,
2,0.9959905744,0.0179686677,-0.0876329839,-0.0027912781,0.9853852391,0.1703190356,0.0894100666,-0.1693905294,0.9814836383,1,87.7,435.4,1837.7,1,0.9959905744,0.0179686677,-0.0876329839,-0.0027912781,0.9853852391,0.1703190356,0.0894100666,-0.1693905294,0.9814836383,1,83.9,224.8,1873.9,1,0.9960810542,0.0116828745,-0.0876683816,0.0032215740,0.9857875705,0.1679667532,0.0883821398,-0.1675899029,0.9818857312,1,81.5,21.9,1908.4,1,0.2959334850,-0.6452252269,-0.7043491602,0.9534611106,0.1549499333,0.2586550415,-0.0577519126,-0.7481142282,0.6610520482,1,-53.8,224.4,1861.7,1,-0.0599880852,-0.6430460215,-0.7634742856,0.9762043953,0.1218819171,-0.1793594211,0.2083901316,-0.7560663819,0.6204329133,1,-137.1,-44.1,1877.9,1,0.2774957120,0.4657990336,0.8402544260,-0.9516358376,0.0132341683,0.3069432378,0.1318537891,-0.8847916722,0.4469434619,1,221.6,225.2,1886.1,1,-0.2430987060,0.4657990038,0.8508432508,-0.9595024586,0.0132341683,-0.2813893557,-0.1423310935,-0.8847915530,0.4437180459,1,303.8,-56.9,1925.2,1,1.0000000000,0.0000000000,-0.0000000000,-0.0000000000,1.0000000000,-0.0000000000,0.0000000000,0.0000000000,1.0000000000,0,-15.5,-181.3,1934.5,1,1.0000000000,0.0000000002,-0.0000000016,-0.0000000002,1.0000000000,-0.0000000000,0.0000000016,0.0000000000,1.0000000000,0,-15.5,-592.9,1934.5,0,1.0000000000,0.0000000000,-0.0000000000,-0.0000000000,1.0000000000,-0.0000000000,0.0000000000,0.0000000000,1.0000000000,0,173.7,-180.6,1951.3,1,1.0000000000,0.0000000001,-0.0000000007,-0.0000000001,1.0000000000,-0.0000000004,0.0000000007,0.0000000004,1.0000000000,0,173.7,-592.2,1951.3,0,-121.2,-303.0,1822.6,1,238.4,-315.1,1886.9,1,-15.5,-988.6,1934.5,0,173.7,-988.0,1951.3,0,
3,0.9962148070,0.0199697129,-0.0845986754,-0.0040307823,0.9828194976,0.1845265031,0.0868275762,-0.1834860295,0.9791788459,1,87.2,434.8,1833.3,1,0.9962148070,0.0199697129,-0.0845986754,-0.0040307823,0.9828194976,0.1845265031,0.0868275762,-0.1834860295,0.9791788459,1,83.0,224.9,1872.5,1,0.9963392615,0.0114990398,-0.0847080052,0.0037502795,0.9840788245,0.1776939929,0.0854000747,-0.1773601621,0.9804323316,1,80.6,22.4,1909.0,1,0.2980148792,-0.6455550790,-0.7031685114,0.9525770545,0.1536519527,0.2626559138,-0.0615156293,-0.7480975986,0.6607314348,1,-54.7,224.4,1860.7,1,-0.0652212948,-0.6430590153,-0.7630343437,0.9763313532,0.1168955863,-0.1819686741,0.2062119246,-0.7568426132,0.6202145219,1,-138.5,-43.5,1878.0,1,0.2681911290,0.4355788529,0.8592698574,-0.9560384154,0.0105379447,0.2930521965,0.1185923815,-0.9000890255,0.4192562401,1,220.7,225.4,1884.3,1,-0.2382244170,0.4355788231,0.8680555224,-0.9629290700,0.0105379373,-0.2695488334,-0.1265572608,-0.9000889659,0.4169211388,1,300.9,-60.7,1919.8,1,1.0000000000,0.0000000000,-0.0000000000,-0.0000000000,1.0000000000,-0.0000000000,0.0000000000,0.0000000000,1.0000000000,0,-16.4,-180.5,1937.3,1,1.0000000000,0.0000000002,-0.0000000014,-0.0000000002,1.0000000000,-0.0000000000,0.0000000014,0.0000000000,1.0000000000,0,-16.4,-592.1,1937.3,0,1.0000000000,0.0000000000,-0.0000000000,-0.0000000000,1.0000000000,-0.0000000000,0.0000000000,0.0000000000,1.0000000000,0,172.9,-179.8,1953.6,1,1.0000000000,0.0000000001,-0.0000000006,-0.0000000001,1.0000000000,-0.0000000004,0.0000000006,0.0000000004,1.0000000000,0,172.9,-591.4,1953.6,0,-121.2,-302.9,1823.2,1,236.8,-319.8,1885.7,1,-16.4,-987.9,1937.3,0,172.9,-987.2,1953.6,0,
4,0.9964748621,0.0210629199,-0.0812030956,-0.0062233591,0.9838614464,0.1788253635,0.0836565718,-0.1776886284,0.9805231094,1,87.8,436.0,1835.1,1,0.9964748621,0.0210629199,-0.0812030956,-0.0062233591,0.9838614464,0.1788253635,0.0836565718,-0.1776886284,0.9805231094,1,83.3,225.8,1873.1,1,0.9965621233,0.0159101300,-0.0813046023,-0.0015741298,0.9848467708,0.1734208316,0.0828291252,-0.1726956517,0.9814850092,1,80.1,23.1,1908.6,1,0.3002656102,-0.6456649303,-0.7021093369,0.9524987340,0.1637126356,0.2567963898,-0.0508602448,-0.7458654046,0.6641522646,1,-54.4,226.0,1861.6,1,-0.0681307763,-0.6424555779,-0.7632883191,0.9771824479,0.1113015860,-0.1809047759,0.2011784911,-0.7581971288,0.6202132106,1,-139.3,-43.3,1876.0,1,0.2623416781,0.4238733053,0.8668958545,-0.9583192468,0.0091088712,0.2855545580,0.1131424904,-0.9056758285,0.4085955024,1,221.1,225.6,1884.5,1,-0.2370099127,0.4238732755,0.8741611838,-0.9639902115,0.0091088712,-0.2657819092,-0.1206204593,-0.9056757689,0.4064507484,1,299.8,-62.1,1918.5,1,1.0000000000,0.0000000000,-0.0000000000,-0.0000000000,1.0000000000,-0.0000000000,0.0000000000,0.0000000000,1.0000000000,0,-17.9,-179.4,1936.3,1,1.0000000000,0.0000000002,-0.0000000013,-0.0000000002,1.0000000000,-0.0000000000,0.0000000013,0.0000000000,1.0000000000,0,-17.9,-591.0,1936.3,0,1.0000000000,0.0000000000,-0.0000000000,-0.0000000000,1.0000000000,-0.0000000000,0.0000000000,0.0000000000,1.0000000000,0,171.5,-179.7,1952.0,1,1.0000000000,0.0000000000,-0.0000000006,-0.0000000000,1.0000000000,-0.0000000004,0.0000000006,0.0000000004,1.0000000000,0,171.5,-591.3,1952.0,0,-121.2,-302.7,1822.6,1,236.1,-321.6,1886.0,1,-17.9,-986.8,1936.3,0,171.5,-987.1,1952.0,0,
5,0.9962450862,0.0232088249,-0.0834070444,-0.0084947124,0.9849548936,0.1726043224,0.0861555114,-0.1712467074,0.9814525247,1,87.9,435.9,1836.5,1,0.9962450862,0.0232088249,-0.0834070444,-0.0084947124,0.9849548936,0.1726043224,0.0861555114,-0.1712467074,0.9814525247,1,83.0,225.4,1873.1,1,0.9963206649,0.0197044220,-0.0834061950,-0.0050268308,0.9849717617,0.1726437062,0.0855519846,-0.1715882421,0.9814456701,1,78.9,22.7,1908.4,1,0.2998381257,-0.6453149915,-0.7026135325,0.9523712993,0.1595911086,0.2598451972,-0.0555510893,-0.7470604777,0.6624310017,1,-54.7,226.1,1861.3,1,-0.0709822029,-0.6422031522,-0.7632409334,0.9756185412,0.1146121025,-0.1871699840,0.2076777965,-0.7579177618,0.6184098125,1,-139.6,-43.6,1877.0,1,0.2590786815,0.4184845388,0.8704877496,-0.9596969485,0.0099170730,0.2808619142,0.1089036912,-0.9081698060,0.4041876495,1,220.7,224.7,1884.9,1,-0.2346113920,0.4184845984,0.8773986101,-0.9648216963,0.0099170655,-0.2627179325,-0.1186446100,-0.9081698656,0.4014363885,1,298.6,-63.8,1917.6,1,1.0000000000,0.0000000000,-0.0000000000,-0.0000000000,1.0000000000,-0.0000000000,0.0000000000,0.0000000000,1.0000000000,0,-19.8,-179.5,1935.6,1,1.0000000000,0.0000000002,-0.0000000012,-0.0000000002,1.0000000000,-0.0000000000,0.0000000012,0.0000000000,1.0000000000,0,-19.8,-591.1,1935.6,0,1.0000000000,0.0000000000,-0.0000000000,-0.0000000000,1.0000000000,-0.0000000000,0.0000000000,0.0000000000,1.0000000000,0,169.5,-180.5,1951.8,1,1.0000000000,0.0000000000,-0.0000000005,-0.0000000000,1.0000000000,-0.0000000003,0.0000000005,0.0000000003,1.0000000000,0,169.5,-592.1,1951.8,0,-120.7,-303.1,1821.7,1,235.4,-323.4,1885.7,1,-19.8,-986.9,1935.6,0,169.5,-987.9,1951.8,0,
6,0.9962816834,0.0231318083,-0.0829916745,-0.0072205225,0.9823125601,0.1871103048,0.0858493671,-0.1858143210,0.9788258672,1,87.7,435.0,1832.2,1,0.9962816834,0.0231318083,-0.0829916745,-0.0072205225,0.9823125601,0.1871103048,0.0858493671,-0.1858143210,0.9788258672,1,82.8,225.1,1871.9,1,0.9963187575,0.0209755469,-0.0831191465,-0.0055669430,0.9833884239,0.1814293563,0.0855413899,-0.1802977324,0.9798839688,1,78.5,22.7,1909.0,1,0.2993259728,-0.6441735625,-0.7038779855,0.9523909092,0.1569254696,0.2613920271,-0.0579254813,-0.7486084104,0.6604770422,1,-54.9,225.9,1860.1,1,-0.0726629123,-0.6410059929,-0.7640885711,0.9759413004,0.1122088209,-0.1869433224,0.2055692822,-0.7592894435,0.6174308062,1,-139.8,-44.3,1876.5,1,0.2597196996,0.4341374338,0.8625951409,-0.9587336183,0.0089425743,0.2841653824,0.1156530082,-0.9008023143,0.4185446799,1,220.5,224.3,1883.7,1,-0.2349086255,0.4341374338,0.8696796894,-0.9642311931,0.0089425817,-0.2649119496,-0.1227853596,-0.9008023739,0.4165081382,1,298.7,-64.3,1918.5,1,1.0000000000,0.0000000000,-0.0000000000,-0.0000000000,1.0000000000,-0.0000000000,0.0000000000,0.0000000000,1.0000000000,0,-20.5,-179.1,1938.0,1,1.0000000000,0.0000000001,-0.0000000011,-0.0000000001,1.0000000000,-0.0000000000,0.0000000011,0.0000000000,1.0000000000,0,-20.5,-590.7,1938.0,0,1.0000000000,0.0000000000,-0.0000000000,-0.0000000000,1.0000000000,-0.0000000000,0.0000000000,0.0000000000,1.0000000000,0,168.8,-180.2,1954.2,1,1.0000000000,0.0000000000,-0.0000000004,-0.0000000000,1.0000000000,-0.0000000003,0.0000000004,0.0000000003,1.0000000000,0,168.8,-591.8,1954.2,0,-120.5,-303.6,1821.9,1,235.5,-323.8,1885.5,1,-20.5,-986.5,1938.0,0,168.8,-987.5,1954.2,0,
7,0.9962146282,0.0257493667,-0.0830256343,-0.0104770176,0.9837255478,0.1793728918,0.0862905830,-0.1778230220,0.9802705050,1,88.9,435.4,1834.5,1,0.9962146282,0.0257493667,-0.0830256343,-0.0104770176,0.9837255478,0.1793728918,0.0862905830,-0.1778230220,0.9802705050,1,83.4,225.2,1872.5,1,0.9962639213,0.0235999506,-0.0830726847,-0.0085105887,0.9840847254,0.1774969995,0.0859368816,-0.1761258394,0.9806078672,1,78.5,22.7,1908.8,1,0.3006018400,-0.6439301372,-0.7035569549,0.9521729350,0.1602167785,0.2601871490,-0.0548207238,-0.7481206059,0.6612942815,1,-54.3,226.4,1860.6,1,-0.0733677074,-0.6403868794,-0.7645401955,0.9761255980,0.1110384315,-0.1866790950,0.2044402063,-0.7599834204,0.6169514656,1,-139.9,-44.7,1876.3,1,0.2581633329,0.4314571619,0.8644052744,-0.9590705633,0.0067082122,0.2830877602,0.1163416281,-0.9021084905,0.4155296981,1,221.1,224.1,1884.4,1,-0.2417121977,0.4314571917,0.8691490293,-0.9625510573,0.0067082122,-0.2710175812,-0.1227629036,-0.9021085501,0.4136781096,1,298.8,-64.6,1919.4,1,1.0000000000,0.0000000000,-0.0000000000,-0.0000000000,1.0000000000,-0.0000000000,0.0000000000,0.0000000000,1.0000000000,0,-21.0,-179.0,1936.8,1,1.0000000000,0.0000000001,-0.0000000009,-0.0000000001,1.0000000000,-0.0000000000,0.0000000009,0.0000000000,1.0000000000,0,-21.0,-590.6,1936.8,0,1.0000000000,0.0000000000,-0.0000000000,-0.0000000000,1.0000000000,-0.0000000000,0.0000000000,0.0000000000,1.0000000000,0,168.3,-180.6,1953.2,1,1.0000000000,0.0000000000,-0.0000000004,-0.0000000000,1.0000000000,-0.0000000003,0.0000000004,0.0000000003,1.0000000000,0,168.3,-592.2,1953.2,0,-120.4,-303.8,1822.0,1,233.7,-323.6,1886.4,1,-21.0,-986.4,1936.8,0,168.3,-988.0,1953.2,0,
8,0.9963157773,0.0254539102,-0.0818956047,-0.0093853679,0.9815657139,0.1908954978,0.0852423534,-0.1894225478,0.9781871438,1,88.6,434.9,1831.2,1,0.9963157773,0.0254539102,-0.0818956047,-0.0093853679,0.9815657139,0.1908954978,0.0852423534,-0.1894225478,0.9781871438,1,83.2,225.2,1871.7,1,0.9963250756,0.0245361980,-0.0820622444,-0.0090194391,0.9828199744,0.1843474507,0.0851729959,-0.1829288006,0.9794283509,1,78.1,23.0,1909.3,1,0.3087964356,-0.6422072649,-0.7015801072,0.9493102431,0.1625184566,0.2690684795,-0.0587780178,-0.7491045594,0.6598390341,1,-54.5,226.5,1859.9,1,-0.0827031434,-0.6377972960,-0.7657512426,0.9754661918,0.1055000499,-0.1932243109,0.2040247172,-0.7629446983,0.6134244204,1,-142.5,-43.8,1876.6,1,0.2584505081,0.4312874973,0.8644042015,-0.9586687684,0.0042944774,0.2844922543,0.1189857721,-0.9022044539,0.4145717323,1,220.9,224.0,1883.4,1,-0.2357331663,0.4312874675,0.8708737493,-0.9647149444,0.0042944923,-0.2632614672,-0.1172813177,-0.9022043943,0.4150571227,1,298.8,-64.9,1919.3,1,1.0000000000,0.0000000000,-0.0000000000,-0.0000000000,1.0000000000,-0.0000000000,0.0000000000,0.0000000000,1.0000000000,0,-21.6,-178.4,1938.9,1,1.0000000000,0.0000000001,-0.0000000009,-0.0000000001,1.0000000000,-0.0000000000,0.0000000009,0.0000000000,1.0000000000,0,-21.6,-590.0,1938.9,0,1.0000000000,0.0000000000,-0.0000000000,-0.0000000000,1.0000000000,-0.0000000000,0.0000000000,0.0000000000,1.0000000000,0,167.7,-180.1,1955.0,1,1.0000000000,0.0000000000,-0.0000000004,-0.0000000000,1.0000000000,-0.0000000002,0.0000000004,0.0000000002,1.0000000000,0,167.7,-591.7,1955.0,0,-120.4,-304.0,1822.2,1,235.3,-324.5,1887.7,1,-21.6,-985.8,1938.9,0,167.7,-987.5,1955.0,0,
9,0.9963495135,0.0254076105,-0.0814983994,-0.0101242540,0.9831142426,0.1827139556,0.0847619474,-0.1812208295,0.9797814488,1,88.5,435.5,1834.1,1,0.9963495135,0.0254076105,-0.0814983994,-0.0101242540,0.9831142426,0.1827139556,0.0847619474,-0.1812208295,0.9797814488,1,83.1,225.4,1872.8,1,0.9964051247,0.0226636752,-0.0816277936,-0.0078489315,0.9841043949,0.1774187535,0.0843486264,-0.1761392206,0.9807434082,1,78.4,22.9,1909.0,1,0.3013710976,-0.6444555521,-0.7027462721,0.9520209432,0.1622427702,0.2594867349,-0.0532121658,-0.7472310066,0.6624305248,1,-54.7,226.5,1861.1,1,-0.0675413162,-0.6411904097,-0.7644036412,0.9770873189,0.1124842316,-0.1806866825,0.2018379569,-0.7590929270,0.6189016700,1,-140.7,-45.4,1876.3,1,0.2564774454,0.4404519200,0.8603612185,-0.9590762854,0.0054892898,0.2830946445,0.1199668124,-0.8977594376,0.4238348603,1,220.8,224.3,1884.4,1,-0.2339558154,0.4404519200,0.8667564988,-0.9647284746,0.0054893047,-0.2631899416,-0.1206804067,-0.8977594972,0.4236322343,1,298.3,-65.4,1920.7,1,1.0000000000,0.0000000000,-0.0000000000,-0.0000000000,1.0000000000,-0.0000000000,0.0000000000,0.0000000000,1.0000000000,0,-20.9,-178.9,1937.3,1,1.0000000000,0.0000000001,-0.0000000008,-0.0000000001,1.0000000000,-0.0000000000,0.0000000008,0.0000000000,1.0000000000,0,-20.9,-590.5,1937.3,0,1.0000000000,0.0000000000,-0.0000000000,-0.0000000000,1.0000000000,-0.0000000000,0.0000000000,0.0000000000,1.0000000000,0,168.4,-180.4,1953.3,1,1.0000000000,0.0000000000,-0.0000000003,-0.0000000000,1.0000000000,-0.0000000002,0.0000000003,0.0000000002,1.0000000000,0,168.4,-592.0,1953.3,0,-122.7,-306.0,1822.5,1,235.3,-325.1,1888.2,1,-20.9,-986.3,1937.3,0,168.4,-987.8,1953.3,0,
10,0.9961076975,0.0272949263,-0.0838118270,-0.0121659338,0.9843213558,0.1759655774,0.0872981399,-0.1742599607,0.9808210135,1,88.9,435.7,1836.0,1,0.9961076975,0.0272949263,-0.0838118270,-0.0121659338,0.9843213558,0.1759655774,0.0872981399,-0.1742599607,0.9808210135,1,83.1,225.0,1873.3,1,0.9962178469,0.0227906071,-0.0838481262,-0.0078345491,0.9846193194,0.1745388210,0.0865337327,-0.1732207239,0.9810727835,1,78.4,22.3,1908.9,1,0.3099498153,-0.6415289640,-0.7016919255,0.9493212104,0.1683380902,0.2654272020,-0.0521577559,-0.7484001517,0.6611933708,1,-54.6,226.0,1861.3,1,-0.0794342160,-0.6370464563,-0.7667215466,0.9764567614,0.1050205976,-0.1884218454,0.2005550265,-0.7636376023,0.6137061715,1,-142.9,-44.2,1876.2,1,0.2584834993,0.4361684620,0.8619416356,-0.9588724375,0.0075377747,0.2837372422,0.1172601208,-0.8998334408,0.4201782942,1,220.7,223.9,1885.2,1,-0.2312737852,0.4361684918,0.8696376085,-0.9654360414,0.0075377747,-0.2605312467,-0.1201906502,-0.8998335004,0.4193494618,1,298.8,-65.6,1920.6,1,1.0000000000,0.0000000000,-0.0000000000,-0.0000000000,1.0000000000,-0.0000000000,0.0000000000,0.0000000000,1.0000000000,0,-20.9,-179.6,1936.3,1,1.0000000000,0.0000000001,-0.0000000007,-0.0000000001,1.0000000000,-0.0000000000,0.0000000007,0.0000000000,1.0000000000,0,-20.9,-591.2,1936.3,0,1.0000000000,0.0000000000,-0.0000000000,-0.0000000000,1.0000000000,-0.0000000000,0.0000000000,0.0000000000,1.0000000000,0,168.3,-181.0,1952.8,1,1.0000000000,0.0000000000,-0.0000000003,-0.0000000000,1.0000000000,-0.0000000002,0.0000000003,0.0000000002,1.0000000000,0,168.3,-592.6,1952.8,0,-121.6,-305.4,1822.5,1,236.5,-325.4,1888.3,1,-20.9,-986.9,1936.3,0,168.3,-988.4,1952.8,0,
11,0.9965171218,0.0252716038,-0.0794663802,-0.0101638222,0.9826774001,0.1850470603,0.0827636495,-0.1835938394,0.9795104861,1,87.9,434.9,1833.4,1,0.9965171218,0.0252716038,-0.0794663802,-0.0101638222,0.9826774001,0.1850470603,0.0827636495,-0.1835938394,0.9795104861,1,82.5,224.6,1872.7,1,0.9965686798,0.0226986986,-0.0795966089,-0.0080514140,0.9836871028,0.1797090173,0.0823747143,-0.1784504503,0.9804933071,1,77.9,22.2,1909.4,1,0.3124014437,-0.6438416243,-0.6984793544,0.9482272863,0.1670852154,0.2700883448,-0.0571885481,-0.7466931343,0.6627057791,1,-55.2,225.7,1861.3,1,-0.0858479440,-0.6390408874,-0.7643669844,0.9749316573,0.1041889787,-0.1966031045,0.2052760273,-0.7620835304,0.6140769124,1,-143.9,-43.6,1877.6,1,0.2589591742,0.4667918086,0.8456036448,-0.9572677016,0.0073266774,0.2891108096,0.1287591010,-0.8843369484,0.4487419426,1,220.3,223.5,1884.1,1,-0.2333441377,0.4667917788,0.8530275226,-0.9635090828,0.0073266625,-0.2675754428,-0.1311518550,-0.8843369484,0.4480484724,1,298.6,-66.2,1923.1,1,1.0000000000,0.0000000000,-0.0000000000,-0.0000000000,1.0000000000,-0.0000000000,0.0000000000,0.0000000000,1.0000000000,0,-21.5,-179.5,1938.3,1,1.0000000000,0.0000000001,-0.0000000006,-0.0000000001,1.0000000000,-0.0000000000,0.0000000006,0.0000000000,1.0000000000,0,-21.5,-591.1,1938.3,0,1.0000000000,0.0000000000,-0.0000000000,-0.0000000000,1.0000000000,-0.0000000000,0.0000000000,0.0000000000,1.0000000000,0,167.9,-181.0,1954.0,1,1.0000000000,0.0000000000,-0.0000000003,-0.0000000000,1.0000000000,-0.0000000002,0.0000000003,0.0000000002,1.0000000000,0,167.9,-592.6,1954.0,0,-120.9,-304.9,1822.6,1,235.8,-325.4,1887.8,1,-21.5,-986.9,1938.3,0,167.9,-988.4,1954.0,0,
12,0.9966302514,0.0248543173,-0.0781682432,-0.0091666225,0.9807673693,0.1949664950,0.0815080181,-0.1935919076,0.9776890278,1,87.4,434.5,1830.7,1,0.9966302514,0.0248543173,-0.0781682432,-0.0091666225,0.9807673693,0.1949664950,0.0815080181,-0.1935919076,0.9776890278,1,82.1,224.3,1872.1,1,0.9966778755,0.0220874343,-0.0783918798,-0.0071759201,0.9825969934,0.1856131256,0.0811247379,-0.1844328940,0.9794899225,1,77.5,22.1,1910.1,1,0.3132101595,-0.6445330977,-0.6974786520,0.9475901127,0.1633596867,0.2745662630,-0.0630271286,-0.7469208241,0.6619190574,1,-55.7,225.3,1860.9,1,-0.0878252462,-0.6400953531,-0.7632593513,0.9739955664,0.1054676324,-0.2005226016,0.2088527083,-0.7610222101,0.6141872406,1,-144.5,-43.3,1878.8,1,0.2591502070,0.4675365686,0.8451336622,-0.9572391510,0.0078350082,0.2891916931,0.1285860240,-0.8839390874,0.4495747387,1,219.8,223.3,1883.3,1,-0.2280854434,0.4675365090,0.8540413380,-0.9650316238,0.0078350082,-0.2620163560,-0.1291936487,-0.8839390278,0.4494004548,1,297.6,-63.9,1921.9,1,1.0000000000,0.0000000000,-0.0000000000,-0.0000000000,1.0000000000,-0.0000000000,0.0000000000,0.0000000000,1.0000000000,0,-21.7,-179.4,1940.3,1,1.0000000000,0.0000000001,-0.0000000006,-0.0000000001,1.0000000000,-0.0000000000,0.0000000006,0.0000000000,1.0000000000,0,-21.7,-591.0,1940.3,0,1.0000000000,0.0000000000,-0.0000000000,-0.0000000000,1.0000000000,-0.0000000000,0.0000000000,0.0000000000,1.0000000000,0,167.6,-180.8,1955.7,1,1.0000000000,0.0000000000,-0.0000000002,-0.0000000000,1.0000000000,-0.0000000002,0.0000000002,0.0000000002,1.0000000000,0,167.6,-592.4,1955.7,0,-121.0,-304.0,1822.9,1,236.2,-323.6,1887.2,1,-21.7,-986.8,1940.3,0,167.6,-988.2,1955.7,0,
13,0.9963557720,0.0275107902,-0.0807356983,-0.0108942389,0.9798506498,0.1994353682,0.0845929310,-0.1978279650,0.9765784144,1,88.2,434.8,1829.8,1,0.9963557720,0.0275107902,-0.0807356983,-0.0108942389,0.9798506498,0.1994353682,0.0845929310,-0.1978279650,0.9765784144,1,82.3,224.9,1872.1,1,0.9964367747,0.0234649032,-0.0810130537,-0.0077775633,0.9819925427,0.1887610406,0.0839808583,-0.1874572784,0.9786747694,1,77.5,22.8,1910.7,1,0.3131492734,-0.6432284117,-0.6987094283,0.9472471476,0.1586604714,0.2784775198,-0.0682670549,-0.7490555644,0.6589806676,1,-55.4,226.0,1860.5,1,-0.0866109803,-0.6391439438,-0.7641946077,0.9737470746,0.1077767089,-0.2005013227,0.2105116099,-0.7614979148,0.6130299568,1,-144.2,-42.7,1879.9,1,0.2554144859,0.4695797265,0.8451380134,-0.9582489133,0.0067351311,0.2858561873,0.1285401583,-0.8828644156,0.4516944587,1,220.0,223.8,1883.7,1,-0.2209074348,0.4695797265,0.8548069596,-0.9672672749,0.0067351386,-0.2536704242,-0.1248757094,-0.8828644753,0.4527212381,1,296.6,-63.4,1922.3,1,1.0000000000,0.0000000000,-0.0000000000,-0.0000000000,1.0000000000,-0.0000000000,0.0000000000,0.0000000000,1.0000000000,0,-22.0,-178.6,1941.3,1,1.0000000000,0.0000000001,-0.0000000005,-0.0000000001,1.0000000000,-0.0000000000,0.0000000005,0.0000000000,1.0000000000,0,-22.0,-590.2,1941.3,0,1.0000000000,0.0000000000,-0.0000000000,-0.0000000000,1.0000000000,-0.0000000000,0.0000000000,0.0000000000,1.0000000000,0,167.3,-180.0,1957.3,1,1.0000000000,0.0000000000,-0.0000000002,-0.0000000000,1.0000000000,-0.0000000001,0.0000000002,0.0000000001,1.0000000000,0,167.3,-591.6,1957.3,0,-121.0,-303.6,1823.5,1,237.1,-323.7,1888.7,1,-22.0,-985.9,1941.3,0,167.3,-987.4,1957.3,0,
14,0.9963999391,0.0255736038,-0.0808274001,-0.0088873981,0.9796736240,0.2004024237,0.0843068510,-0.1989615858,0.9763727784,1,87.8,435.2,1829.8,1,0.9963999391,0.0255736038,-0.0808274001,-0.0088873981,0.9796736240,0.2004024237,0.0843068510,-0.1989615858,0.9763727784,1,82.3,225.3,1872.4,1,0.9963826537,0.0253929105,-0.0810971782,-0.0095531419,0.9817339778,0.1900201440,0.0844383985,-0.1885569841,0.9784240723,1,77.1,23.3,1911.2,1,0.3133997321,-0.6433262229,-0.6985069513,0.9469718337,0.1568138301,0.2804528475,-0.0708871186,-0.7493602633,0.6583572030,1,-55.4,226.6,1860.8,1,-0.0875062793,-0.6391351223,-0.7641001940,0.9736212492,0.1073830724,-0.2013221383,0.2107234299,-0.7615610957,0.6128787994,1,-144.6,-42.8,1880.9,1,0.2606095076,0.4577384293,0.8500342965,-0.9566414952,0.0038088858,0.2912428975,0.1300753802,-0.8890787363,0.4388842881,1,220.0,224.0,1884.1,1,-0.2273913771,0.4577384293,0.8595165610,-0.9662303329,0.0038089082,-0.2576517463,-0.1212109253,-0.8890787363,0.4414146543,1,297.1,-59.3,1922.6,1,1.0000000000,0.0000000000,-0.0000000000,-0.0000000000,1.0000000000,-0.0000000000,0.0000000000,0.0000000000,1.0000000000,0,-22.8,-177.9,1942.0,1,1.0000000000,0.0000000001,-0.0000000005,-0.0000000001,1.0000000000,-0.0000000000,0.0000000005,0.0000000000,1.0000000000,0,-22.8,-589.5,1942.0,0,1.0000000000,0.0000000000,-0.0000000000,-0.0000000000,1.0000000000,-0.0000000000,0.0000000000,0.0000000000,1.0000000000,0,166.5,-179.7,1958.1,1,1.0000000000,0.0000000000,-0.0000000002,-0.0000000000,1.0000000000,-0.0000000001,0.0000000002,0.0000000001,1.0000000000,0,166.5,-591.3,1958.1,0,-121.2,-303.2,1824.6,1,236.0,-319.3,1890.0,1,-22.8,-985.2,1942.0,0,166.5,-987.1,1958.1,0,
15,0.9966687560,0.0271259509,-0.0769127905,-0.0110939164,0.9793944955,0.2016527355,0.0807953700,-0.2001266927,0.9764316082,1,87.2,435.0,1829.4,1,0.9966687560,0.0271259509,-0.0769127905,-0.0110939164,0.9793944955,0.2016527355,0.0807953700,-0.2001266927,0.9764316082,1,81.4,225.4,1872.2,1,0.9965645671,0.0299159996,-0.0772273093,-0.0146748079,0.9815115929,0.1908406168,0.0815060735,-0.1890506595,0.9785774946,1,75.2,23.4,1911.1,1,0.3101448119,-0.6468217373,-0.6967294812,0.9478199482,0.1534804851,0.2794298232,-0.0738068894,-0.7470378280,0.6606717706,1,-56.3,227.4,1860.9,1,-0.0883357674,-0.6427836418,-0.7609376311,0.9730403423,0.1077061743,-0.2039405853,0.2130473107,-0.7584382892,0.6159402132,1,-144.8,-42.9,1882.0,1,0.2647197843,0.4500485957,0.8528656960,-0.9551671147,0.0007709637,0.2960661948,0.1325866282,-0.8930038214,0.4300757051,1,219.1,223.4,1883.4,1,-0.2347157001,0.4500485361,0.8616060615,-0.9647373557,0.0007709563,-0.2632131279,-0.1191229299,-0.8930038214,0.4339977205,1,297.5,-59.5,1922.7,1,1.0000000000,0.0000000000,-0.0000000000,-0.0000000000,1.0000000000,-0.0000000000,0.0000000000,0.0000000000,1.0000000000,0,-25.6,-177.2,1942.3,1,1.0000000000,0.0000000001,-0.0000000004,-0.0000000001,1.0000000000,-0.0000000000,0.0000000004,0.0000000000,1.0000000000,0,-25.6,-588.8,1942.3,0,1.0000000000,0.0000000000,-0.0000000000,-0.0000000000,1.0000000000,-0.0000000000,0.0000000000,0.0000000000,1.0000000000,0,163.7,-180.0,1957.7,1,1.0000000000,0.0000000000,-0.0000000002,-0.0000000000,1.0000000000,-0.0000000001,0.0000000002,0.0000000001,1.0000000000,0,163.7,-591.6,1957.7,0,-121.2,-303.2,1825.0,1,234.3,-319.1,1890.7,1,-25.6,-984.6,1942.3,0,163.7,-987.4,1957.7,0,
16,0.9965977073,0.0305735059,-0.0765394941,-0.0144099165,0.9789854884,0.2034212500,0.0811477229,-0.2016251981,0.9760941267,1,87.4,435.2,1829.1,1,0.9965977073,0.0305735059,-0.0765394941,-0.0144099165,0.9789854884,0.2034212500,0.0811477229,-0.2016251981,0.9760941267,1,80.8,225.7,1872.2,1,0.9965842366,0.0301671717,-0.0768747702,-0.0148430914,0.9811650515,0.1926013529,0.0812344551,-0.1908013821,0.9782602787,1,74.6,23.8,1911.5,1,0.3077546656,-0.6466633081,-0.6979353428,0.9487689137,0.1533828974,0.2762447894,-0.0715860352,-0.7471950054,0.6607384086,1,-56.9,227.8,1861.0,1,-0.0901338011,-0.6423534751,-0.7610899210,0.9735459685,0.1042809635,-0.2033066601,0.2099619359,-0.7592808008,0.6159614921,1,-144.9,-43.5,1881.5,1,0.2588636875,0.4718101621,0.8428433537,-0.9563575387,0.0027539209,0.2921859324,0.1355351359,-0.8816959262,0.4519321024,1,218.6,223.7,1883.5,1,-0.2290750146,0.4718100727,0.8514223099,-0.9652719498,0.0027539060,-0.2612323761,-0.1255967915,-0.8816958666,0.4547942579,1,295.5,-60.7,1923.8,1,1.0000000000,0.0000000000,-0.0000000000,-0.0000000000,1.0000000000,-0.0000000000,0.0000000000,0.0000000000,1.0000000000,0,-26.3,-176.7,1943.1,1,1.0000000000,0.0000000000,-0.0000000004,-0.0000000000,1.0000000000,-0.0000000000,0.0000000004,0.0000000000,1.0000000000,0,-26.3,-588.3,1943.1,0,1.0000000000,0.0000000000,-0.0000000000,-0.0000000000,1.0000000000,-0.0000000000,0.0000000000,0.0000000000,1.0000000000,0,163.1,-179.5,1958.5,1,1.0000000000,0.0000000000,-0.0000000002,-0.0000000000,1.0000000000,-0.0000000001,0.0000000002,0.0000000001,1.0000000000,0,163.1,-591.1,1958.5,0,-120.8,-303.8,1825.3,1,233.9,-320.5,1890.0,1,-26.3,-984.1,1943.1,0,163.1,-986.9,1958.5,0,
17,0.9970548749,0.0369930714,-0.0671791434,-0.0226914641,0.9790523648,0.2023417503,0.0732545182,-0.2002204508,0.9770071507,1,86.7,435.3,1829.5,1,0.9970548749,0.0369930714,-0.0671791434,-0.0226914641,0.9790523648,0.2023417503,0.0732545182,-0.2002204508,0.9770071507,1,78.7,225.7,1872.4,1,0.9970375299,0.0366420597,-0.0676278919,-0.0231540296,0.9814349413,0.1903942078,0.0733461902,-0.1882632971,0.9793745875,1,71.2,23.7,1911.1,1,0.2914437950,-0.6543725729,-0.6977514625,0.9545158744,0.1509518325,0.2571245134,-0.0629283711,-0.7409521937,0.6686030030,1,-59.1,228.9,1862.2,1,-0.0802717358,-0.6506563425,-0.7551176548,0.9759630561,0.1026854366,-0.1922285706,0.2026143372,-0.7523974180,0.6267738342,1,-142.4,-44.2,1880.2,1,0.2648052871,0.5032932162,0.8225413561,-0.9530187249,0.0064859763,0.3028420210,0.1470833272,-0.8640915155,0.4813653827,1,216.5,222.5,1882.5,1,-0.2257928103,0.5032932162,0.8340945244,-0.9642434716,0.0064859316,-0.2649383545,-0.1387515366,-0.8640913963,0.4838327765,1,294.9,-59.4,1926.0,1,1.0000000000,0.0000000000,-0.0000000000,-0.0000000000,1.0000000000,-0.0000000000,0.0000000000,0.0000000000,1.0000000000,0,-31.0,-176.0,1942.9,1,1.0000000000,0.0000000000,-0.0000000003,-0.0000000000,1.0000000000,-0.0000000000,0.0000000003,0.0000000000,1.0000000000,0,-31.0,-587.6,1942.9,0,1.0000000000,0.0000000000,-0.0000000000,-0.0000000000,1.0000000000,-0.0000000000,0.0000000000,0.0000000000,1.0000000000,0,158.4,-180.4,1956.8,1,1.0000000000,0.0000000000,-0.0000000001,-0.0000000000,1.0000000000,-0.0000000001,0.0000000001,0.0000000001,1.0000000000,0,158.4,-592.0,1956.8,0,-121.1,-303.6,1826.4,1,234.1,-318.9,1888.7,1,-31.0,-983.4,1942.9,0,158.4,-987.8,1956.8,0,
18,0.9974252582,0.0377372131,-0.0609814860,-0.0246654060,0.9789940119,0.2023931444,0.0673356354,-0.2003668994,0.9774029255,1,86.2,434.6,1829.2,1,0.9974252582,0.0377372131,-0.0609814860,-0.0246654060,0.9789940119,0.2023931444,0.0673356354,-0.2003668994,0.9774029255,1,78.1,224.5,1872.2,1,0.9972910285,0.0404568240,-0.0614318550,-0.0280307289,0.9811698794,0.1911032051,0.0680039003,-0.1888625175,0.9796447158,1,69.7,22.6,1911.1,1,0.2988339663,-0.6569970250,-0.6921367049,0.9520829320,0.1557885706,0.2631880939,-0.0650867894,-0.7376210690,0.6720706224,1,-59.8,228.4,1862.8,1,-0.0941660032,-0.6519359350,-0.7524044514,0.9739897251,0.0961286649,-0.2051907927,0.2060988545,-0.7521561980,0.6259268522,1,-146.2,-47.1,1881.6,1,0.2659585774,0.4934977591,0.8280858397,-0.9524129033,0.0018180087,0.3048056066,0.1489153951,-0.8697453141,0.4704971015,1,215.9,220.6,1881.6,1,-0.2287195325,0.4934976697,0.8391349316,-0.9645298719,0.0018179938,-0.2639671266,-0.1317927092,-0.8697451353,0.4755775332,1,293.9,-58.6,1925.2,1,1.0000000000,0.0000000000,-0.0000000000,-0.0000000000,1.0000000000,-0.0000000000,0.0000000000,0.0000000000,1.0000000000,0,-33.3,-176.7,1943.5,1,1.0000000000,0.0000000000,-0.0000000003,-0.0000000000,1.0000000000,-0.0000000000,0.0000000003,0.0000000000,1.0000000000,0,-33.3,-588.3,1943.5,0,1.0000000000,0.0000000000,-0.0000000000,-0.0000000000,1.0000000000,-0.0000000000,0.0000000000,0.0000000000,1.0000000000,0,156.1,-182.0,1956.4,1,1.0000000000,0.0000000000,-0.0000000001,-0.0000000000,1.0000000000,-0.0000000001,0.0000000001,0.0000000001,1.0000000000,0,156.1,-593.6,1956.4,0,-121.4,-303.4,1827.4,1,232.3,-318.2,1889.8,1,-33.3,-984.1,1943.5,0,156.1,-989.4,1956.4,0,
19,0.9977177978,0.0389162600,-0.0551792458,-0.0257758908,0.9748315811,0.2214488983,0.0624058135,-0.2195202261,0.9736086726,1,85.8,433.1,1824.0,1,0.9977177978,0.0389162600,-0.0551792458,-0.0257758908,0.9748315811,0.2214488983,0.0624058135,-0.2195202261,0.9736086726,1,77.4,223.5,1871.2,1,0.9975304604,0.0424467251,-0.0559580512,-0.0302742068,0.9787629247,0.2027489841,0.0633730888,-0.2005531788,0.9776296020,1,68.7,22.1,1912.5,1,0.2970939875,-0.6594598889,-0.6905416846,0.9522706866,0.1515298039,0.2649891675,-0.0701120868,-0.7363092899,0.6730028987,1,-60.4,227.7,1862.5,1,-0.0964458957,-0.6546452045,-0.7497585416,0.9725499749,0.0982823670,-0.2109193355,0.2117653489,-0.7495199442,0.6271963716,1,-146.6,-48.6,1882.8,1,0.2625795007,0.4907397330,0.8307988048,-0.9530763030,-0.0025287271,0.3027198017,0.1506574899,-0.8713026643,0.4670483768,1,215.3,219.3,1880.0,1,-0.2374118119,0.4907397330,0.8383378386,-0.9625459909,-0.0025287345,-0.2711065710,-0.1309228092,-0.8713026047,0.4729599357,1,293.1,-62.9,1924.6,1,1.0000000000,0.0000000000,-0.0000000000,-0.0000000000,1.0000000000,-0.0000000000,0.0000000000,0.0000000000,1.0000000000,0,-34.8,-176.4,1947.8,1,1.0000000000,0.0000000000,-0.0000000003,-0.0000000000,1.0000000000,-0.0000000000,0.0000000003,0.0000000000,1.0000000000,0,-34.8,-588.1,1947.8,0,1.0000000000,0.0000000000,-0.0000000000,-0.0000000000,1.0000000000,-0.0000000000,0.0000000000,0.0000000000,1.0000000000,0,154.7,-182.2,1959.8,1,1.0000000000,0.0000000000,-0.0000000001,-0.0000000000,1.0000000000,-0.0000000001,0.0000000001,0.0000000001,1.0000000000,0,154.7,-593.8,1959.8,0,-121.4,-303.2,1827.4,1,229.2,-321.9,1889.4,1,-34.8,-983.8,1947.8,0,154.7,-989.6,1959.8,0,
20,0.9978842735,0.0403701328,-0.0509622470,-0.0275911819,0.9727309346,0.2302905172,0.0588668063,-0.2283961773,0.9717856050,1,86.0,432.2,1822.0,1,0.9978842735,0.0403701328,-0.0509622470,-0.0275911819,0.9727309346,0.2302905172,0.0588668063,-0.2283961773,0.9717856050,1,77.3,223.6,1871.0,1,0.9976844788,0.0440017246,-0.0518599153,-0.0322087854,0.9772689342,0.2095435560,0.0598987639,-0.2073869854,0.9764221311,1,68.3,22.4,1913.6,1,0.2934783101,-0.6609937549,-0.6906213164,0.9535185695,0.1507444084,0.2609185576,-0.0683582500,-0.7350941896,0.6745100617,1,-60.6,228.0,1862.7,1,-0.0927521959,-0.6565585136,-0.7485505939,0.9728943706,0.1001836210,-0.2084221244,0.2118338346,-0.7475922704,0.6294698715,1,-145.3,-47.3,1882.4,1,0.2580714524,0.5053069592,0.8234463930,-0.9535087943,-0.0040804446,0.3013374805,0.1556279659,-0.8629299998,0.4807615876,1,215.2,219.1,1879.2,1,-0.2527582347,0.5053069592,0.8250928521,-0.9568310380,-0.0040804371,-0.2906158864,-0.1434834898,-0.8629299998,0.4845248163,1,292.8,-67.6,1926.0,1,1.0000000000,0.0000000000,-0.0000000000,-0.0000000000,1.0000000000,-0.0000000000,0.0000000000,0.0000000000,1.0000000000,0,-35.6,-175.6,1950.6,1,1.0000000000,0.0000000000,-0.0000000002,-0.0000000000,1.0000000000,-0.0000000000,0.0000000002,0.0000000000,1.0000000000,0,-35.6,-587.2,1950.6,0,1.0000000000,0.0000000000,-0.0000000000,-0.0000000000,1.0000000000,-0.0000000000,0.0000000000,0.0000000000,1.0000000000,0,154.0,-181.7,1962.0,1,1.0000000000,0.0000000000,-0.0000000001,-0.0000000000,1.0000000000,-0.0000000001,0.0000000001,0.0000000001,1.0000000000,0,154.0,-593.3,1962.0,0,-120.8,-303.8,1826.6,1,224.8,-325.0,1887.4,1,-35.6,-983.0,1950.6,0,154.0,-989.1,1962.0,0,
21,0.9980134368,0.0445538983,-0.0445443094,-0.0320556387,0.9677746892,0.2497702688,0.0542344898,-0.2478451878,0.9672790170,1,86.3,430.8,1816.9,1,0.9980134368,0.0445538983,-0.0445443094,-0.0320556387,0.9677746892,0.2497702688,0.0542344898,-0.2478451878,0.9672790170,1,76.8,223.4,1870.0,1,0.9978235364,0.0473829471,-0.0458590798,-0.0360665917,0.9743806124,0.2219958603,0.0552004240,-0.2198576927,0.9739676118,1,67.0,22.9,1915.3,1,0.2782691717,-0.6645773053,-0.6934717894,0.9582766891,0.1429599524,0.2475240082,-0.0653601512,-0.7334161401,0.6766303778,1,-61.1,228.4,1862.4,1,-0.0777669325,-0.6616428494,-0.7457754612,0.9748811722,0.1061294451,-0.1958140731,0.2087076902,-0.7422702909,0.6367698312,1,-141.1,-47.1,1881.2,1,0.2564482391,0.4904795289,0.8328650594,-0.9549045563,-0.0048361197,0.2968735695,0.1496382356,-0.8714393377,0.4671209157,1,214.7,218.4,1877.7,1,-0.2577368617,0.4904796183,0.8324671984,-0.9560540915,-0.0048361421,-0.2931507230,-0.1397584975,-0.8714393973,0.4701714218,1,292.1,-69.9,1922.9,1,1.0000000000,0.0000000000,-0.0000000000,-0.0000000000,1.0000000000,-0.0000000000,0.0000000000,0.0000000000,1.0000000000,0,-37.5,-174.2,1955.3,1,1.0000000000,0.0000000000,-0.0000000002,-0.0000000000,1.0000000000,-0.0000000000,0.0000000002,0.0000000000,1.0000000000,0,-37.5,-585.8,1955.3,0,1.0000000000,0.0000000000,-0.0000000000,-0.0000000000,1.0000000000,-0.0000000000,0.0000000000,0.0000000000,1.0000000000,0,152.0,-181.1,1965.8,1,1.0000000000,0.0000000000,-0.0000000001,-0.0000000000,1.0000000000,-0.0000000001,0.0000000001,0.0000000001,1.0000000000,0,152.0,-592.7,1965.8,0,-120.6,-304.2,1826.2,1,222.7,-327.2,1885.2,1,-37.5,-981.6,1955.3,0,152.0,-988.4,1965.8,0,
22,0.9981099367,0.0474062636,-0.0391029753,-0.0355795063,0.9646125436,0.2612612247,0.0501020290,-0.2593752146,0.9644748569,1,85.4,430.0,1814.4,1,0.9981099367,0.0474062636,-0.0391029753,-0.0355795063,0.9646125436,0.2612612247,0.0501020290,-0.2593752146,0.9644748569,1,75.3,223.3,1870.0,1,0.9979701638,0.0488986149,-0.0407968536,-0.0383923687,0.9730961919,0.2271793783,0.0508054271,-0.2251509428,0.9729970694,1,65.2,23.1,1916.3,1,0.2787373960,-0.6665884852,-0.6913502812,0.9581614137,0.1442623734,0.2472144365,-0.0650544688,-0.7313330770,0.6789107323,1,-62.7,228.6,1863.0,1,-0.0812906623,-0.6633661985,-0.7438663244,0.9742907286,0.1044507176,-0.1996189356,0.2101178318,-0.7409691811,0.6378206015,1,-142.6,-46.1,1881.6,1,0.2576707602,0.4886451960,0.8335655928,-0.9551986456,-0.0011824146,0.2959629893,0.1456065178,-0.8724817038,0.4664486051,1,213.2,218.0,1877.0,1,-0.2562321126,0.4886452258,0.8340089321,-0.9560969472,-0.0011824146,-0.2930483222,-0.1422105283,-0.8724817634,0.4674951434,1,290.6,-68.8,1920.7,1,1.0000000000,0.0000000000,-0.0000000000,-0.0000000000,1.0000000000,-0.0000000000,0.0000000000,0.0000000000,1.0000000000,0,-39.6,-173.5,1957.8,1,1.0000000000,0.0000000000,-0.0000000002,-0.0000000000,1.0000000000,-0.0000000000,0.0000000002,0.0000000000,1.0000000000,0,-39.6,-585.1,1957.8,0,1.0000000000,0.0000000000,-0.0000000000,-0.0000000000,1.0000000000,-0.0000000000,0.0000000000,0.0000000000,1.0000000000,0,149.9,-180.8,1967.5,1,1.0000000000,0.0000000000,-0.0000000001,-0.0000000000,1.0000000000,-0.0000000001,0.0000000001,0.0000000001,1.0000000000,0,149.9,-592.4,1967.5,0,-121.1,-303.9,1826.0,1,221.6,-326.1,1882.5,1,-39.6,-980.9,1957.8,0,149.9,-988.2,1967.5,0,
23,0.9983072281,0.0475494042,-0.0334886126,-0.0370216966,0.9636451006,0.2646093965,0.0448505543,-0.2629207373,0.9637730718,1,85.4,427.3,1813.6,1,0.9983072281,0.0475494042,-0.0334886126,-0.0370216966,0.9636451006,0.2646093965,0.0448505543,-0.2629207373,0.9637730718,1,75.2,220.2,1870.1,1,0.9981381297,0.0497845113,-0.0352367908,-0.0403860845,0.9723911881,0.2298368663,0.0457036756,-0.2279848605,0.9725901484,1,64.9,20.1,1917.0,1,0.2854222059,-0.6682934761,-0.6869628429,0.9561837912,0.1498255134,0.2515254021,-0.0651682243,-0.7286536694,0.6817747951,1,-62.8,225.8,1863.8,1,-0.0851066113,-0.6645121574,-0.7424153686,0.9737814069,0.1022935137,-0.2031888813,0.2109657228,-0.7402430177,0.6383838058,1,-143.8,-45.5,1882.3,1,0.2574729919,0.4722833633,0.8430041671,-0.9561311007,-0.0016240627,0.2929344475,0.1397171617,-0.8814452291,0.4511466920,1,213.1,214.6,1876.4,1,-0.2547925413,0.4722834229,0.8438181877,-0.9575603604,-0.0016240776,-0.2882282138,-0.1347549856,-0.8814452291,0.4526536763,1,289.0,-67.1,1917.6,1,1.0000000000,0.0000000000,-0.0000000000,-0.0000000000,1.0000000000,-0.0000000000,0.0000000000,0.0000000000,1.0000000000,0,-40.1,-176.2,1959.6,1,1.0000000000,0.0000000000,-0.0000000002,-0.0000000000,1.0000000000,-0.0000000000,0.0000000002,0.0000000000,1.0000000000,0,-40.1,-587.8,1959.6,0,1.0000000000,0.0000000000,-0.0000000000,-0.0000000000,1.0000000000,-0.0000000000,0.0000000000,0.0000000000,1.0000000000,0,149.5,-183.8,1968.3,1,1.0000000000,0.0000000000,-0.0000000001,-0.0000000000,1.0000000000,-0.0000000000,0.0000000001,0.0000000000,1.0000000000,0,149.5,-595.4,1968.3,0,-121.2,-303.6,1826.4,1,220.4,-324.8,1881.3,1,-40.1,-983.5,1959.6,0,149.5,-991.2,1968.3,0,
