1,0.9913721085,-0.0067964895,-0.1309006363,0.0338590071,0.9780393243,0.2056515813,0.1266274750,-0.2083086371,0.9698308706,1,59.7,436.0,1823.9,1,0.9913721085,-0.0067964895,-0.1309006363,0.0338590071,0.9780393243,0.2056515813,0.1266274750,-0.2083086371,0.9698308706,1,61.2,224.6,1868.9,1,0.9913496375,-0.0120581398,-0.1306917518,0.0361956991,0.9822720885,0.1839326918,0.1261561811,-0.1870713085,0.9742113948,1,63.6,22.5,1907.4,1,-0.0000005960,-1.0000001192,-0.0000000000,1.0000001192,-0.0000005960,-0.0000000000,0.0000000000,-0.0000000000,1.0000000000,0,-75.8,219.6,1851.5,1,0.0000170469,-0.9999990463,-0.0000119610,0.9999990463,0.0000170469,-0.0000077718,0.0000077719,-0.0000119608,1.0000000000,0,-75.8,-49.6,1851.5,0,-0.0000013113,1.0000001192,-0.0000000000,-1.0000001192,-0.0000013113,-0.0000000000,-0.0000000000,0.0000000000,1.0000000000,0,198.2,229.6,1886.4,1,0.0000197291,0.9999990463,-0.0000016757,-0.9999990463,0.0000197291,-0.0000081260,-0.0000081260,0.0000016758,1.0000000000,0,198.2,-39.5,1886.4,0,1.0000000000,0.0000000004,-0.0000000018,-0.0000000004,1.0000000000,-0.0000000003,0.0000000018,0.0000000003,1.0000000000,0,-28.0,-183.1,1934.0,1,1.0000000000,0.0000003693,-0.0001311942,-0.0000003692,1.0000000000,0.0000009446,0.0001311942,-0.0000009445,1.0000000000,0,-28.0,-594.7,1934.0,0,1.0000000000,0.0000000000,-0.0000000000,-0.0000000000,1.0000000000,-0.0000000000,0.0000000000,0.0000000000,1.0000000000,0,160.3,-176.2,1957.9,1,1.0000000000,-0.0000003671,0.0000019573,0.0000003671,1.0000000000,-0.0000022806,-0.0000019573,0.0000022806,1.0000000000,0,160.3,-587.8,1957.9,0,-75.9,-318.7,1851.5,0,198.2,-308.7,1886.4,0,-28.0,-990.5,1934.0,0,160.3,-983.6,1957.9,0,
2,0.9916346073,-0.0045951749,-0.1289940327,0.0325095728,0.9760401249,0.2151481956,0.1249139011,-0.2175411731,0.9680243731,1,59.8,435.1,1821.4,1,0.9916346073,-0.0045951749,-0.1289940327,0.0325095728,0.9760401249,0.2151481956,0.1249139011,-0.2175411731,0.9680243731,1,60.8,224.2,1868.4,1,0.9915705919,-0.0145593379,-0.1287460476,0.0390495621,0.9810438752,0.1898102462,0.1235411987,-0.1932369620,0.9733426571,1,63.8,22.3,1908.2,1,-0.0000005960,-1.0000001192,-0.0000000000,1.0000001192,-0.0000005960,-0.0000000000,0.0000000000,-0.0000000000,1.0000000000,0,-76.2,218.8,1851.3,1,0.0000170469,-0.9999990463,-0.0000107648,0.9999990463,0.0000170469,-0.0000069946,0.0000069947,-0.0000107647,1.0000000000,0,-76.2,-50.3,1851.3,0,-0.0000013113,1.0000001192,-0.0000000000,-1.0000001192,-0.0000013113,-0.0000000000,-0.0000000000,0.0000000000,1.0000000000,0,197.9,229.6,1885.5,1,0.0000197291,0.9999990463,-0.0000015081,-0.9999990463,0.0000197291,-0.0000073134,-0.0000073134,0.0000015082,1.0000000000,0,197.9,-39.5,1885.5,0,1.0000000000,0.0000000003,-0.0000000014,-0.0000000003,1.0000000000,-0.0000000003,0.0000000014,0.0000000003,1.0000000000,0,-27.4,-183.3,1936.2,1,1.0000000000,0.0000003324,-0.0001180748,-0.0000003323,1.0000000000,0.0000008501,0.0001180748,-0.0000008501,1.0000000000,0,-27.4,-594.9,1936.2,0,1.0000000000,0.0000000000,-0.0000000000,-0.0000000000,1.0000000000,-0.0000000000,0.0000000000,0.0000000000,1.0000000000,0,161.0,-175.8,1959.7,1,1.0000000000,-0.0000003304,0.0000017616,0.0000003304,1.0000000000,-0.0000020525,-0.0000017616,0.0000020525,1.0000000000,0,161.0,-587.4,1959.7,0,-76.2,-319.4,1851.3,0,197.9,-308.6,1885.5,0,-27.4,-990.6,1936.2,0,161.0,-983.2,1959.7,0,
3,0.9915474653,-0.0068811602,-0.1295610070,0.0352102928,0.9753877521,0.2176671028,0.1248736084,-0.2203883529,0.9673852921,1,59.9,435.5,1820.6,1,0.9915474653,-0.0068811602,-0.1295610070,0.0352102928,0.9753877521,0.2176671028,0.1248736084,-0.2203883529,0.9673852921,1,61.4,224.7,1868.3,1,0.9914802313,-0.0159544945,-0.1292750835,0.0409623310,0.9803079367,0.1931794882,0.1236465052,-0.1968282759,0.9726094007,1,64.7,23.0,1908.8,1,-0.0000005960,-1.0000001192,-0.0000000000,1.0000001192,-0.0000005960,-0.0000000000,0.0000000000,-0.0000000000,1.0000000000,0,-75.7,219.0,1851.2,1,0.0000170469,-0.9999990463,-0.0000096884,0.9999990463,0.0000170469,-0.0000062951,0.0000062953,-0.0000096883,1.0000000000,0,-75.7,-50.1,1851.2,0,-0.0000013113,1.0000001192,-0.0000000000,-1.0000001192,-0.0000013113,-0.0000000000,-0.0000000000,0.0000000000,1.0000000000,0,198.4,230.4,1885.4,1,0.0000197291,0.9999990463,-0.0000013573,-0.9999990463,0.0000197291,-0.0000065820,-0.0000065820,0.0000013574,1.0000000000,0,198.4,-38.8,1885.4,0,1.0000000000,0.0000000002,-0.0000000012,-0.0000000002,1.0000000000,-0.0000000002,0.0000000012,0.0000000002,1.0000000000,0,-26.2,-182.7,1937.5,1,1.0000000000,0.0000002991,-0.0001062673,-0.0000002990,1.0000000000,0.0000007651,0.0001062673,-0.0000007651,1.0000000000,0,-26.2,-594.3,1937.5,0,1.0000000000,0.0000000000,-0.0000000000,-0.0000000000,1.0000000000,-0.0000000000,0.0000000000,0.0000000000,1.0000000000,0,162.1,-174.9,1961.0,1,1.0000000000,-0.0000002973,0.0000015854,0.0000002973,1.0000000000,-0.0000018473,-0.0000015854,0.0000018473,1.0000000000,0,162.1,-586.5,1961.0,0,-75.7,-319.2,1851.2,0,198.4,-307.9,1885.4,0,-26.2,-990.0,1937.5,0,162.1,-982.3,1961.0,0,
4,0.9914536476,-0.0056881420,-0.1303343624,0.0344559960,0.9749908447,0.2195577025,0.1258251518,-0.2221713215,0.9668540359,1,59.9,434.4,1820.2,1,0.9914536476,-0.0056881420,-0.1303343624,0.0344559960,0.9749908447,0.2195577025,0.1258251518,-0.2221713215,0.9668540359,1,61.2,223.7,1868.3,1,0.9913768768,-0.0161037073,-0.1300471574,0.0413422771,0.9801717997,0.1937884688,0.1243470535,-0.1974930763,0.9723852873,1,64.5,21.9,1908.9,1,-0.0000005960,-1.0000001192,-0.0000000000,1.0000001192,-0.0000005960,-0.0000000000,0.0000000000,-0.0000000000,1.0000000000,0,-75.9,217.9,1851.1,1,0.0000170469,-0.9999990463,-0.0000087195,0.9999990463,0.0000170469,-0.0000056656,0.0000056657,-0.0000087194,1.0000000000,0,-75.9,-51.2,1851.1,0,-0.0000013113,1.0000001192,-0.0000000000,-1.0000001192,-0.0000013113,-0.0000000000,-0.0000000000,0.0000000000,1.0000000000,0,198.2,229.4,1885.5,1,0.0000197291,0.9999990463,-0.0000012215,-0.9999990463,0.0000197291,-0.0000059238,-0.0000059238,0.0000012217,1.0000000000,0,198.2,-39.8,1885.5,0,1.0000000000,0.0000000002,-0.0000000009,-0.0000000002,1.0000000000,-0.0000000002,0.0000000009,0.0000000002,1.0000000000,0,-26.4,-183.7,1937.7,1,1.0000000000,0.0000002692,-0.0000956405,-0.0000002691,1.0000000000,0.0000006886,0.0000956405,-0.0000006886,1.0000000000,0,-26.4,-595.3,1937.7,0,1.0000000000,0.0000000000,-0.0000000000,-0.0000000000,1.0000000000,-0.0000000000,0.0000000000,0.0000000000,1.0000000000,0,162.0,-175.9,1961.4,1,1.0000000000,-0.0000002676,0.0000014269,0.0000002676,1.0000000000,-0.0000016625,-0.0000014269,0.0000016625,1.0000000000,0,162.0,-587.5,1961.4,0,-75.9,-320.3,1851.1,0,198.2,-308.9,1885.5,0,-26.4,-991.1,1937.7,0,162.0,-983.2,1961.4,0,
5,0.9912241101,-0.0057677999,-0.1320650280,0.0350459516,0.9747638106,0.2204704136,0.1274597794,-0.2231631875,0.9664114118,1,59.7,435.5,1820.1,1,0.9912241101,-0.0057677999,-0.1320650280,0.0350459516,0.9747638106,0.2204704136,0.1274597794,-0.2231631875,0.9664114118,1,61.0,224.5,1868.4,1,0.9911682606,-0.0147557007,-0.1317855269,0.0403660946,0.9802008271,0.1938475370,0.1263151318,-0.1974544227,0.9721394777,1,64.0,22.8,1909.0,1,-0.0000005960,-1.0000001192,-0.0000000000,1.0000001192,-0.0000005960,-0.0000000000,0.0000000000,-0.0000000000,1.0000000000,0,-76.0,218.9,1850.9,1,0.0000170469,-0.9999990463,-0.0000078476,0.9999990463,0.0000170469,-0.0000050990,0.0000050992,-0.0000078475,1.0000000000,0,-76.0,-50.2,1850.9,0,-0.0000013113,1.0000001192,-0.0000000000,-1.0000001192,-0.0000013113,-0.0000000000,-0.0000000000,0.0000000000,1.0000000000,0,197.9,230.1,1885.8,1,0.0000197291,0.9999990463,-0.0000010994,-0.9999990463,0.0000197291,-0.0000053314,-0.0000053314,0.0000010995,1.0000000000,0,197.9,-39.1,1885.8,0,1.0000000000,0.0000000001,-0.0000000007,-0.0000000001,1.0000000000,-0.0000000001,0.0000000007,0.0000000001,1.0000000000,0,-27.1,-182.8,1937.7,1,1.0000000000,0.0000002423,-0.0000860765,-0.0000002422,1.0000000000,0.0000006197,0.0000860765,-0.0000006197,1.0000000000,0,-27.1,-594.4,1937.7,0,1.0000000000,0.0000000000,-0.0000000000,-0.0000000000,1.0000000000,-0.0000000000,0.0000000000,0.0000000000,1.0000000000,0,161.2,-175.1,1961.6,1,1.0000000000,-0.0000002408,0.0000012842,0.0000002408,1.0000000000,-0.0000014963,-0.0000012842,0.0000014963,1.0000000000,0,161.2,-586.7,1961.6,0,-76.0,-319.3,1850.9,0,198.0,-308.2,1885.8,0,-27.1,-990.2,1937.7,0,161.2,-982.5,1961.6,0,
6,0.9913368821,-0.0032402489,-0.1313028336,0.0329657458,0.9738329053,0.2248616815,0.1271376163,-0.2272414267,0.9655030966,1,60.0,435.9,1819.5,1,0.9913368821,-0.0032402489,-0.1313028336,0.0329657458,0.9738329053,0.2248616815,0.1271376163,-0.2272414267,0.9655030966,1,60.7,224.8,1868.7,1,0.9913019538,-0.0116758719,-0.1310868114,0.0375333577,0.9797715545,0.1965679377,0.1261392236,-0.1997775584,0.9716875553,1,63.1,23.2,1909.8,1,-0.0000005960,-1.0000001192,-0.0000000000,1.0000001192,-0.0000005960,-0.0000000000,0.0000000000,-0.0000000000,1.0000000000,0,-76.3,219.6,1851.3,1,0.0000170469,-0.9999990463,-0.0000070628,0.9999990463,0.0000170469,-0.0000045891,0.0000045892,-0.0000070627,1.0000000000,0,-76.3,-49.5,1851.3,0,-0.0000013113,1.0000001192,-0.0000000000,-1.0000001192,-0.0000013113,-0.0000000000,-0.0000000000,0.0000000000,1.0000000000,0,197.7,230.0,1886.2,1,0.0000197291,0.9999990463,-0.0000009895,-0.9999990463,0.0000197291,-0.0000047983,-0.0000047983,0.0000009895,1.0000000000,0,197.7,-39.1,1886.2,0,1.0000000000,0.0000000001,-0.0000000006,-0.0000000001,1.0000000000,-0.0000000001,0.0000000006,0.0000000001,1.0000000000,0,-28.6,-182.0,1939.0,1,1.0000000000,0.0000002181,-0.0000774688,-0.0000002180,1.0000000000,0.0000005577,0.0000774688,-0.0000005577,1.0000000000,0,-28.6,-593.6,1939.0,0,1.0000000000,0.0000000000,-0.0000000000,-0.0000000000,1.0000000000,-0.0000000000,0.0000000000,0.0000000000,1.0000000000,0,159.7,-174.9,1962.9,1,1.0000000000,-0.0000002168,0.0000011558,0.0000002168,1.0000000000,-0.0000013466,-0.0000011558,0.0000013466,1.0000000000,0,159.7,-586.5,1962.9,0,-76.3,-318.6,1851.3,0,197.7,-308.3,1886.2,0,-28.6,-989.4,1939.0,0,159.7,-982.3,1962.9,0,
7,0.9916129112,-0.0023010145,-0.1292211413,0.0311885774,0.9745516777,0.2219824195,0.1254210770,-0.2241501361,0.9664497972,1,60.4,435.3,1819.7,1,0.9916129112,-0.0023010145,-0.1292211413,0.0311885774,0.9745516777,0.2219824195,0.1254210770,-0.2241501361,0.9664497972,1,60.9,224.0,1868.3,1,0.9915933013,-0.0089299688,-0.1290836036,0.0346034355,0.9795806408,0.1980513036,0.1246783882,-0.2008523345,0.9716545343,1,62.7,22.4,1909.6,1,-0.0000005960,-1.0000001192,-0.0000000000,1.0000001192,-0.0000005960,-0.0000000000,0.0000000000,-0.0000000000,1.0000000000,0,-76.2,219.3,1851.0,1,0.0000170469,-0.9999990463,-0.0000063565,0.9999990463,0.0000170469,-0.0000041302,0.0000041303,-0.0000063564,1.0000000000,0,-76.2,-49.9,1851.0,0,-0.0000013113,1.0000001192,-0.0000000000,-1.0000001192,-0.0000013113,-0.0000000000,-0.0000000000,0.0000000000,1.0000000000,0,197.9,228.8,1885.5,1,0.0000197291,0.9999990463,-0.0000008905,-0.9999990463,0.0000197291,-0.0000043185,-0.0000043184,0.0000008906,1.0000000000,0,197.9,-40.3,1885.5,0,1.0000000000,0.0000000001,-0.0000000005,-0.0000000001,1.0000000000,-0.0000000001,0.0000000005,0.0000000001,1.0000000000,0,-29.6,-182.4,1939.1,1,1.0000000000,0.0000001962,-0.0000697220,-0.0000001962,1.0000000000,0.0000005020,0.0000697220,-0.0000005020,1.0000000000,0,-29.6,-594.0,1939.1,0,1.0000000000,0.0000000000,-0.0000000000,-0.0000000000,1.0000000000,-0.0000000000,0.0000000000,0.0000000000,1.0000000000,0,158.7,-175.9,1962.8,1,1.0000000000,-0.0000001951,0.0000010402,0.0000001951,1.0000000000,-0.0000012120,-0.0000010402,0.0000012120,1.0000000000,0,158.7,-587.5,1962.8,0,-76.2,-319.0,1851.0,0,197.9,-309.4,1885.5,0,-29.6,-989.8,1939.1,0,158.7,-983.2,1962.8,0,
8,0.9915965199,-0.0015123943,-0.1293582171,0.0287303664,0.9775350094,0.2088061869,0.1261355579,-0.2107672989,0.9693636298,1,60.7,435.2,1823.8,1,0.9915965199,-0.0015123943,-0.1293582171,0.0287303664,0.9775350094,0.2088061869,0.1261355579,-0.2107672989,0.9693636298,1,61.0,223.8,1869.4,1,0.9915912747,-0.0056551574,-0.1292836815,0.0301659834,0.9816225767,0.1884333938,0.1258413345,-0.1907481551,0.9735389352,1,62.2,21.8,1908.6,1,-0.0000005960,-1.0000001192,-0.0000000000,1.0000001192,-0.0000005960,-0.0000000000,0.0000000000,-0.0000000000,1.0000000000,0,-76.0,219.6,1852.0,1,0.0000170469,-0.9999990463,-0.0000057208,0.9999990463,0.0000170469,-0.0000037172,0.0000037173,-0.0000057208,1.0000000000,0,-76.0,-49.5,1852.0,0,-0.0000013113,1.0000001192,-0.0000000000,-1.0000001192,-0.0000013113,-0.0000000000,-0.0000000000,0.0000000000,1.0000000000,0,198.1,227.9,1886.8,1,0.0000197291,0.9999990463,-0.0000008015,-0.9999990463,0.0000197291,-0.0000038866,-0.0000038866,0.0000008015,1.0000000000,0,198.1,-41.2,1886.8,0,1.0000000000,0.0000000001,-0.0000000004,-0.0000000001,1.0000000000,-0.0000000001,0.0000000004,0.0000000001,1.0000000000,0,-30.8,-183.1,1935.9,1,1.0000000000,0.0000001766,-0.0000627498,-0.0000001766,1.0000000000,0.0000004518,0.0000627498,-0.0000004518,1.0000000000,0,-30.8,-594.7,1935.9,0,1.0000000000,0.0000000000,-0.0000000000,-0.0000000000,1.0000000000,-0.0000000000,0.0000000000,0.0000000000,1.0000000000,0,157.5,-177.4,1959.8,1,1.0000000000,-0.0000001756,0.0000009362,0.0000001756,1.0000000000,-0.0000010908,-0.0000009362,0.0000010908,1.0000000000,0,157.5,-589.0,1959.8,0,-76.0,-318.6,1852.0,0,198.1,-310.3,1886.8,0,-30.8,-990.5,1935.9,0,157.5,-984.7,1959.8,0,
9,0.9922873378,0.0019355746,-0.1239421740,0.0230050441,0.9796317220,0.1994804591,0.1218029857,-0.2007925212,0.9720315933,1,60.1,435.0,1826.8,1,0.9922873378,0.0019355746,-0.1239421740,0.0230050441,0.9796317220,0.1994804591,0.1218029857,-0.2007925212,0.9720315933,1,59.7,223.4,1870.2,1,0.9922862053,-0.0028598628,-0.1239334717,0.0254388135,0.9831552505,0.1809935421,0.1213274077,-0.1827493757,0.9756440520,1,60.3,21.1,1907.8,1,-0.0000005960,-1.0000001192,-0.0000000000,1.0000001192,-0.0000005960,-0.0000000000,0.0000000000,-0.0000000000,1.0000000000,0,-77.4,219.9,1853.4,1,0.0000170469,-0.9999990463,-0.0000051488,0.9999990463,0.0000170469,-0.0000033455,0.0000033455,-0.0000051487,1.0000000000,0,-77.4,-49.2,1853.4,0,-0.0000013113,1.0000001192,-0.0000000000,-1.0000001192,-0.0000013113,-0.0000000000,-0.0000000000,0.0000000000,1.0000000000,0,196.9,226.9,1887.0,1,0.0000197291,0.9999990463,-0.0000007213,-0.9999990463,0.0000197291,-0.0000034979,-0.0000034979,0.0000007214,1.0000000000,0,196.9,-42.2,1887.0,0,1.0000000000,0.0000000001,-0.0000000003,-0.0000000001,1.0000000000,-0.0000000001,0.0000000003,0.0000000001,1.0000000000,0,-33.3,-183.6,1933.9,1,1.0000000000,0.0000001590,-0.0000564748,-0.0000001589,1.0000000000,0.0000004066,0.0000564748,-0.0000004066,1.0000000000,0,-33.3,-595.2,1933.9,0,1.0000000000,0.0000000000,-0.0000000000,-0.0000000000,1.0000000000,-0.0000000000,0.0000000000,0.0000000000,1.0000000000,0,155.2,-178.8,1956.9,1,1.0000000000,-0.0000001580,0.0000008426,0.0000001580,1.0000000000,-0.0000009817,-0.0000008426,0.0000009817,1.0000000000,0,155.2,-590.4,1956.9,0,-77.4,-318.4,1853.4,0,196.9,-311.3,1887.0,0,-33.3,-991.0,1933.9,0,155.2,-986.2,1956.9,0,
10,0.9932628870,0.0027105499,-0.1158499196,0.0204300787,0.9799705744,0.1980922967,0.1140656099,-0.1991237998,0.9733127356,1,59.8,434.3,1827.4,1,0.9932628870,0.0027105499,-0.1158499196,0.0204300787,0.9799705744,0.1980922967,0.1140656099,-0.1991237998,0.9733127356,1,59.2,222.9,1870.3,1,0.9932641387,-0.0008620974,-0.1158671752,0.0218235161,0.9834674001,0.1797656417,0.1137957871,-0.1810826510,0.9768615961,1,59.4,20.5,1907.6,1,-0.0000005960,-1.0000001192,-0.0000000000,1.0000001192,-0.0000005960,-0.0000000000,0.0000000000,-0.0000000000,1.0000000000,0,-78.1,219.9,1854.6,1,0.0000170469,-0.9999990463,-0.0000046339,0.9999990463,0.0000170469,-0.0000030109,0.0000030110,-0.0000046338,1.0000000000,0,-78.1,-49.2,1854.6,0,-0.0000013113,1.0000001192,-0.0000000000,-1.0000001192,-0.0000013113,-0.0000000000,-0.0000000000,0.0000000000,1.0000000000,0,196.5,226.0,1886.0,1,0.0000197291,0.9999990463,-0.0000006492,-0.9999990463,0.0000197291,-0.0000031481,-0.0000031481,0.0000006492,1.0000000000,0,196.5,-43.2,1886.0,0,1.0000000000,0.0000000000,-0.0000000002,-0.0000000000,1.0000000000,-0.0000000000,0.0000000002,0.0000000000,1.0000000000,0,-34.8,-183.9,1934.0,1,1.0000000000,0.0000001431,-0.0000508273,-0.0000001430,1.0000000000,0.0000003659,0.0000508273,-0.0000003659,1.0000000000,0,-34.8,-595.5,1934.0,0,1.0000000000,0.0000000000,-0.0000000000,-0.0000000000,1.0000000000,-0.0000000000,0.0000000000,0.0000000000,1.0000000000,0,153.9,-179.8,1955.6,1,1.0000000000,-0.0000001422,0.0000007583,0.0000001422,1.0000000000,-0.0000008835,-0.0000007583,0.0000008835,1.0000000000,0,153.9,-591.4,1955.6,0,-78.1,-318.3,1854.6,0,196.5,-312.3,1886.0,0,-34.8,-991.3,1934.0,0,153.9,-987.1,1955.6,0,
11,0.9932690859,0.0030164169,-0.1157881320,0.0215836558,0.9773309231,0.2106148899,0.1137977839,-0.2116956562,0.9706873894,1,60.1,433.7,1823.1,1,0.9932690859,0.0030164169,-0.1157881320,0.0215836558,0.9773309231,0.2106148899,0.1137977839,-0.2116956562,0.9706873894,1,59.4,222.5,1868.9,1,0.9932671189,0.0012515541,-0.1158378199,0.0206648894,0.9819887877,0.1878059953,0.1139856502,-0.1889345497,0.9753512144,1,59.1,20.4,1907.7,1,-0.0000005960,-1.0000001192,-0.0000000000,1.0000001192,-0.0000005960,-0.0000000000,0.0000000000,-0.0000000000,1.0000000000,0,-77.9,219.7,1853.1,1,0.0000170469,-0.9999990463,-0.0000041705,0.9999990463,0.0000170469,-0.0000027098,0.0000027099,-0.0000041704,1.0000000000,0,-77.9,-49.4,1853.1,0,-0.0000013113,1.0000001192,-0.0000000000,-1.0000001192,-0.0000013113,-0.0000000000,-0.0000000000,0.0000000000,1.0000000000,0,196.7,225.4,1884.6,1,0.0000197291,0.9999990463,-0.0000005843,-0.9999990463,0.0000197291,-0.0000028333,-0.0000028333,0.0000005843,1.0000000000,0,196.7,-43.7,1884.6,0,1.0000000000,0.0000000000,-0.0000000002,-0.0000000000,1.0000000000,-0.0000000000,0.0000000002,0.0000000000,1.0000000000,0,-35.5,-183.6,1935.8,1,1.0000000000,0.0000001288,-0.0000457446,-0.0000001287,1.0000000000,0.0000003293,0.0000457446,-0.0000003293,1.0000000000,0,-35.5,-595.2,1935.8,0,1.0000000000,0.0000000000,-0.0000000000,-0.0000000000,1.0000000000,-0.0000000000,0.0000000000,0.0000000000,1.0000000000,0,153.2,-179.7,1957.4,1,1.0000000000,-0.0000001280,0.0000006825,0.0000001280,1.0000000000,-0.0000007952,-0.0000006825,0.0000007952,1.0000000000,0,153.2,-591.3,1957.4,0,-77.9,-318.6,1853.1,0,196.7,-312.9,1884.6,0,-35.5,-991.0,1935.8,0,153.2,-987.0,1957.4,0,
12,0.9936488271,0.0049780463,-0.1124139875,0.0199471395,0.9754056931,0.2195132077,0.1107411459,-0.2203606218,0.9691112041,1,60.3,433.8,1821.0,1,0.9936488271,0.0049780463,-0.1124139875,0.0199471395,0.9754056931,0.2195132077,0.1107411459,-0.2203606218,0.9691112041,1,59.3,222.6,1868.7,1,0.9936524630,0.0008165237,-0.1124887094,0.0211887844,0.9807155132,0.1942891479,0.1104772240,-0.1954386234,0.9744729400,1,59.1,20.8,1908.9,1,-0.0000005960,-1.0000001192,-0.0000000000,1.0000001192,-0.0000005960,-0.0000000000,0.0000000000,-0.0000000000,1.0000000000,0,-78.1,219.7,1853.4,1,0.0000170469,-0.9999990463,-0.0000037534,0.9999990463,0.0000170469,-0.0000024388,0.0000024389,-0.0000037534,1.0000000000,0,-78.1,-49.4,1853.4,0,-0.0000013113,1.0000001192,-0.0000000000,-1.0000001192,-0.0000013113,-0.0000000000,-0.0000000000,0.0000000000,1.0000000000,0,196.6,225.5,1884.0,1,0.0000197291,0.9999990463,-0.0000005258,-0.9999990463,0.0000197291,-0.0000025500,-0.0000025500,0.0000005259,1.0000000000,0,196.6,-43.6,1884.0,0,1.0000000000,0.0000000000,-0.0000000002,-0.0000000000,1.0000000000,-0.0000000000,0.0000000002,0.0000000000,1.0000000000,0,-35.5,-183.0,1938.6,1,1.0000000000,0.0000001159,-0.0000411701,-0.0000001159,1.0000000000,0.0000002964,0.0000411701,-0.0000002964,1.0000000000,0,-35.5,-594.6,1938.6,0,1.0000000000,0.0000000000,-0.0000000000,-0.0000000000,1.0000000000,-0.0000000000,0.0000000000,0.0000000000,1.0000000000,0,153.3,-179.0,1959.6,1,1.0000000000,-0.0000001152,0.0000006142,0.0000001152,1.0000000000,-0.0000007157,-0.0000006142,0.0000007157,1.0000000000,0,153.3,-590.6,1959.6,0,-78.1,-318.6,1853.4,0,196.6,-312.7,1884.0,0,-35.5,-990.4,1938.6,0,153.3,-986.4,1959.6,0,
13,0.9933427572,0.0049796724,-0.1150869429,0.0205725469,0.9753347635,0.2197705656,0.1133418381,-0.2206743956,0.9687390924,1,60.6,432.2,1820.4,1,0.9933427572,0.0049796724,-0.1150869429,0.0205725469,0.9753347635,0.2197705656,0.1133418381,-0.2206743956,0.9687390924,1,59.5,221.4,1868.1,1,0.9933491945,-0.0009821083,-0.1151348874,0.0237233508,0.9802532196,0.1963186413,0.1126676947,-0.1977435946,0.9737569094,1,59.7,19.7,1908.8,1,-0.0000005960,-1.0000001192,-0.0000000000,1.0000001192,-0.0000005960,-0.0000000000,0.0000000000,-0.0000000000,1.0000000000,0,-77.7,218.1,1852.5,1,0.0000170469,-0.9999990463,-0.0000033781,0.9999990463,0.0000170469,-0.0000021949,0.0000021950,-0.0000033781,1.0000000000,0,-77.7,-51.0,1852.5,0,-0.0000013113,1.0000001192,-0.0000000000,-1.0000001192,-0.0000013113,-0.0000000000,-0.0000000000,0.0000000000,1.0000000000,0,196.8,224.7,1883.7,1,0.0000197291,0.9999990463,-0.0000004732,-0.9999990463,0.0000197291,-0.0000022950,-0.0000022950,0.0000004733,1.0000000000,0,196.8,-44.4,1883.7,0,1.0000000000,0.0000000000,-0.0000000001,-0.0000000000,1.0000000000,-0.0000000000,0.0000000001,0.0000000000,1.0000000000,0,-34.4,-184.3,1938.8,1,1.0000000000,0.0000001043,-0.0000370531,-0.0000001043,1.0000000000,0.0000002668,0.0000370531,-0.0000002668,1.0000000000,0,-34.4,-595.9,1938.8,0,1.0000000000,0.0000000000,-0.0000000000,-0.0000000000,1.0000000000,-0.0000000000,0.0000000000,0.0000000000,1.0000000000,0,154.3,-179.8,1960.2,1,1.0000000000,-0.0000001037,0.0000005528,0.0000001037,1.0000000000,-0.0000006441,-0.0000005528,0.0000006441,1.0000000000,0,154.3,-591.4,1960.2,0,-77.7,-320.1,1852.5,0,196.8,-313.6,1883.7,0,-34.4,-991.7,1938.8,0,154.3,-987.2,1960.2,0,
14,0.9926741123,0.0048059812,-0.1207260117,0.0207277518,0.9776200652,0.2093551010,0.1190294921,-0.2103230059,0.9703582525,1,60.8,432.9,1824.2,1,0.9926741123,0.0048059812,-0.1207260117,0.0207277518,0.9776200652,0.2093551010,0.1190294921,-0.2103230059,0.9703582525,1,59.8,221.5,1869.6,1,0.9926797748,-0.0021382235,-0.1207560673,0.0248973500,0.9819903970,0.1872837245,0.1181799993,-0.1889185011,0.9748550057,1,60.2,19.4,1908.5,1,-0.0000005960,-1.0000001192,-0.0000000000,1.0000001192,-0.0000005960,-0.0000000000,0.0000000000,-0.0000000000,1.0000000000,0,-77.4,218.0,1853.3,1,0.0000170469,-0.9999990463,-0.0000030403,0.9999990463,0.0000170469,-0.0000019755,0.0000019755,-0.0000030402,1.0000000000,0,-77.4,-51.1,1853.3,0,-0.0000013113,1.0000001192,-0.0000000000,-1.0000001192,-0.0000013113,-0.0000000000,-0.0000000000,0.0000000000,1.0000000000,0,197.0,224.9,1886.0,1,0.0000197291,0.9999990463,-0.0000004259,-0.9999990463,0.0000197291,-0.0000020655,-0.0000020655,0.0000004260,1.0000000000,0,197.0,-44.2,1886.0,0,1.0000000000,0.0000000000,-0.0000000001,-0.0000000000,1.0000000000,-0.0000000000,0.0000000001,0.0000000000,1.0000000000,0,-33.6,-185.1,1936.2,1,1.0000000000,0.0000000939,-0.0000333478,-0.0000000939,1.0000000000,0.0000002401,0.0000333478,-0.0000002401,1.0000000000,0,-33.6,-596.7,1936.2,0,1.0000000000,0.0000000000,-0.0000000000,-0.0000000000,1.0000000000,-0.0000000000,0.0000000000,0.0000000000,1.0000000000,0,154.9,-180.3,1958.6,1,1.0000000000,-0.0000000933,0.0000004975,0.0000000933,1.0000000000,-0.0000005797,-0.0000004975,0.0000005797,1.0000000000,0,154.9,-591.9,1958.6,0,-77.4,-320.2,1853.3,0,197.0,-313.3,1886.0,0,-33.6,-992.4,1936.2,0,154.9,-987.7,1958.6,0,
15,0.9919441342,-0.0023116386,-0.1266540736,0.0282766130,0.9786458015,0.2036004215,0.1234779805,-0.2055408508,0.9708271027,1,60.4,435.1,1826.0,1,0.9919441342,-0.0023116386,-0.1266540736,0.0282766130,0.9786458015,0.2036004215,0.1234779805,-0.2055408508,0.9708271027,1,60.9,223.7,1870.4,1,0.9919281006,-0.0079637617,-0.1265505254,0.0313412137,0.9824574590,0.1838351935,0.1228656322,-0.1863167584,0.9747765064,1,62.6,21.6,1908.8,1,-0.0000005960,-1.0000001192,-0.0000000000,1.0000001192,-0.0000005960,-0.0000000000,0.0000000000,-0.0000000000,1.0000000000,0,-76.2,219.4,1853.4,1,0.0000170469,-0.9999990463,-0.0000027362,0.9999990463,0.0000170469,-0.0000017779,0.0000017779,-0.0000027362,1.0000000000,0,-76.2,-49.7,1853.4,0,-0.0000013113,1.0000001192,-0.0000000000,-1.0000001192,-0.0000013113,-0.0000000000,-0.0000000000,0.0000000000,1.0000000000,0,198.0,228.1,1887.4,1,0.0000197291,0.9999990463,-0.0000003833,-0.9999990463,0.0000197291,-0.0000018589,-0.0000018589,0.0000003834,1.0000000000,0,198.0,-41.1,1887.4,0,1.0000000000,0.0000000000,-0.0000000001,-0.0000000000,1.0000000000,-0.0000000000,0.0000000001,0.0000000000,1.0000000000,0,-30.0,-183.6,1935.4,1,1.0000000000,0.0000000845,-0.0000300130,-0.0000000845,1.0000000000,0.0000002161,0.0000300130,-0.0000002161,1.0000000000,0,-30.0,-595.2,1935.4,0,1.0000000000,0.0000000000,-0.0000000000,-0.0000000000,1.0000000000,-0.0000000000,0.0000000000,0.0000000000,1.0000000000,0,158.4,-177.7,1958.8,1,1.0000000000,-0.0000000840,0.0000004478,0.0000000840,1.0000000000,-0.0000005217,-0.0000004478,0.0000005217,1.0000000000,0,158.4,-589.3,1958.8,0,-76.2,-318.8,1853.4,0,198.0,-310.2,1887.4,0,-30.0,-991.0,1935.4,0,158.4,-985.0,1958.8,0,
16,0.9920466542,-0.0023405494,-0.1258479506,0.0288652070,0.9774113894,0.2093656361,0.1225143448,-0.2113323361,0.9697050452,1,61.8,433.6,1823.9,1,0.9920466542,-0.0023405494,-0.1258479506,0.0288652070,0.9774113894,0.2093656361,0.1225143448,-0.2113323361,0.9697050452,1,62.3,222.5,1869.6,1,0.9920326471,-0.0078599611,-0.1257348061,0.0315595269,0.9817322493,0.1876327693,0.1219622716,-0.1901051849,0.9741582274,1,63.9,20.4,1908.7,1,-0.0000005960,-1.0000001192,-0.0000000000,1.0000001192,-0.0000005960,-0.0000000000,0.0000000000,-0.0000000000,1.0000000000,0,-74.8,218.1,1852.7,1,0.0000170469,-0.9999990463,-0.0000024626,0.9999990463,0.0000170469,-0.0000016001,0.0000016002,-0.0000024626,1.0000000000,0,-74.8,-51.0,1852.7,0,-0.0000013113,1.0000001192,-0.0000000000,-1.0000001192,-0.0000013113,-0.0000000000,-0.0000000000,0.0000000000,1.0000000000,0,199.4,226.8,1886.4,1,0.0000197291,0.9999990463,-0.0000003450,-0.9999990463,0.0000197291,-0.0000016730,-0.0000016730,0.0000003450,1.0000000000,0,199.4,-42.3,1886.4,0,1.0000000000,0.0000000000,-0.0000000001,-0.0000000000,1.0000000000,-0.0000000000,0.0000000001,0.0000000000,1.0000000000,0,-28.7,-184.6,1936.3,1,1.0000000000,0.0000000760,-0.0000270117,-0.0000000760,1.0000000000,0.0000001945,0.0000270117,-0.0000001945,1.0000000000,0,-28.7,-596.2,1936.3,0,1.0000000000,0.0000000000,-0.0000000000,-0.0000000000,1.0000000000,-0.0000000000,0.0000000000,0.0000000000,1.0000000000,0,159.8,-178.6,1959.4,1,1.0000000000,-0.0000000756,0.0000004030,0.0000000756,1.0000000000,-0.0000004695,-0.0000004030,0.0000004695,1.0000000000,0,159.8,-590.2,1959.4,0,-74.8,-320.1,1852.7,0,199.4,-311.4,1886.4,0,-28.7,-992.0,1936.3,0,159.8,-986.0,1959.4,0,
17,0.9920086861,-0.0036494948,-0.1261161268,0.0306095108,0.9766796827,0.2125088423,0.1223986745,-0.2146701813,0.9689861536,1,61.4,433.1,1822.4,1,0.9920086861,-0.0036494948,-0.1261161268,0.0306095108,0.9766796827,0.2125088423,0.1223986745,-0.2146701813,0.9689861536,1,62.2,222.2,1868.8,1,0.9919933081,-0.0088414997,-0.1259794533,0.0330106243,0.9810181260,0.1910860240,0.1218977943,-0.1937139332,0.9734551311,1,64.0,20.3,1908.6,1,-0.0000005960,-1.0000001192,-0.0000000000,1.0000001192,-0.0000005960,-0.0000000000,0.0000000000,-0.0000000000,1.0000000000,0,-74.9,217.7,1851.9,1,0.0000170469,-0.9999990463,-0.0000022164,0.9999990463,0.0000170469,-0.0000014401,0.0000014401,-0.0000022163,1.0000000000,0,-74.9,-51.5,1851.9,0,-0.0000013113,1.0000001192,-0.0000000000,-1.0000001192,-0.0000013113,-0.0000000000,-0.0000000000,0.0000000000,1.0000000000,0,199.3,226.8,1885.6,1,0.0000197291,0.9999990463,-0.0000003105,-0.9999990463,0.0000197291,-0.0000015057,-0.0000015057,0.0000003105,1.0000000000,0,199.3,-42.3,1885.6,0,1.0000000000,0.0000000000,-0.0000000001,-0.0000000000,1.0000000000,-0.0000000000,0.0000000001,0.0000000000,1.0000000000,0,-28.4,-184.7,1936.9,1,1.0000000000,0.0000000684,-0.0000243105,-0.0000000684,1.0000000000,0.0000001750,0.0000243105,-0.0000001750,1.0000000000,0,-28.4,-596.3,1936.9,0,1.0000000000,0.0000000000,-0.0000000000,-0.0000000000,1.0000000000,-0.0000000000,0.0000000000,0.0000000000,1.0000000000,0,160.0,-178.4,1960.1,1,1.0000000000,-0.0000000680,0.0000003627,0.0000000680,1.0000000000,-0.0000004226,-0.0000003627,0.0000004226,1.0000000000,0,160.0,-590.0,1960.1,0,-74.9,-320.6,1851.9,0,199.3,-311.5,1885.6,0,-28.4,-992.1,1936.9,0,160.0,-985.8,1960.1,0,
18,0.9924854040,-0.0030371353,-0.1223241165,0.0299518164,0.9753093719,0.2188029587,0.1186384857,-0.2208217829,0.9680711031,1,61.4,434.1,1820.6,1,0.9924854040,-0.0030371353,-0.1223241165,0.0299518164,0.9753093719,0.2188029587,0.1186384857,-0.2208217829,0.9680711031,1,62.1,223.4,1868.3,1,0.9924540520,-0.0107557410,-0.1221432313,0.0343981348,0.9805659056,0.1931512654,0.1176911592,-0.1958944649,0.9735364318,1,64.3,21.6,1908.7,1,-0.0000005960,-1.0000001192,-0.0000000000,1.0000001192,-0.0000005960,-0.0000000000,0.0000000000,-0.0000000000,1.0000000000,0,-75.1,218.7,1852.1,1,0.0000170469,-0.9999990463,-0.0000019947,0.9999990463,0.0000170469,-0.0000012961,0.0000012961,-0.0000019947,1.0000000000,0,-75.1,-50.4,1852.1,0,-0.0000013113,1.0000001192,-0.0000000000,-1.0000001192,-0.0000013113,-0.0000000000,-0.0000000000,0.0000000000,1.0000000000,0,199.2,228.2,1884.6,1,0.0000197291,0.9999990463,-0.0000002794,-0.9999990463,0.0000197291,-0.0000013552,-0.0000013552,0.0000002795,1.0000000000,0,199.2,-40.9,1884.6,0,1.0000000000,0.0000000000,-0.0000000000,-0.0000000000,1.0000000000,-0.0000000000,0.0000000000,0.0000000000,1.0000000000,0,-27.8,-183.4,1937.8,1,1.0000000000,0.0000000616,-0.0000218795,-0.0000000616,1.0000000000,0.0000001575,0.0000218795,-0.0000001575,1.0000000000,0,-27.8,-595.0,1937.8,0,1.0000000000,0.0000000000,-0.0000000000,-0.0000000000,1.0000000000,-0.0000000000,0.0000000000,0.0000000000,1.0000000000,0,160.8,-176.9,1960.1,1,1.0000000000,-0.0000000612,0.0000003264,0.0000000612,1.0000000000,-0.0000003803,-0.0000003264,0.0000003803,1.0000000000,0,160.8,-588.5,1960.1,0,-75.1,-319.6,1852.1,0,199.2,-310.0,1884.6,0,-27.8,-990.8,1937.8,0,160.8,-984.3,1960.1,0,
19,0.9926325083,-0.0021146093,-0.1211441085,0.0289692655,0.9749900699,0.2203524411,0.1176475063,-0.2222377062,0.9678680301,1,61.9,433.6,1820.3,1,0.9926325083,-0.0021146093,-0.1211441085,0.0289692655,0.9749900699,0.2203524411,0.1176475063,-0.2222377062,0.9678680301,1,62.4,223.2,1868.2,1,0.9925731421,-0.0132092489,-0.1209286451,0.0365452543,0.9805462956,0.1928560734,0.1160278097,-0.1958423406,0.9737465382,1,65.1,21.4,1908.5,1,-0.0000005960,-1.0000001192,-0.0000000000,1.0000001192,-0.0000005960,-0.0000000000,0.0000000000,-0.0000000000,1.0000000000,0,-74.8,218.1,1852.2,1,0.0000170469,-0.9999990463,-0.0000017952,0.9999990463,0.0000170469,-0.0000011665,0.0000011665,-0.0000017952,1.0000000000,0,-74.8,-51.0,1852.2,0,-0.0000013113,1.0000001192,-0.0000000000,-1.0000001192,-0.0000013113,-0.0000000000,-0.0000000000,0.0000000000,1.0000000000,0,199.6,228.2,1884.3,1,0.0000197291,0.9999990463,-0.0000002515,-0.9999990463,0.0000197291,-0.0000012196,-0.0000012196,0.0000002515,1.0000000000,0,199.6,-40.9,1884.3,0,1.0000000000,0.0000000000,-0.0000000000,-0.0000000000,1.0000000000,-0.0000000000,0.0000000000,0.0000000000,1.0000000000,0,-26.4,-183.9,1937.8,1,1.0000000000,0.0000000554,-0.0000196915,-0.0000000554,1.0000000000,0.0000001418,0.0000196915,-0.0000001418,1.0000000000,0,-26.4,-595.5,1937.8,0,1.0000000000,0.0000000000,-0.0000000000,-0.0000000000,1.0000000000,-0.0000000000,0.0000000000,0.0000000000,1.0000000000,0,162.1,-177.0,1959.9,1,1.0000000000,-0.0000000551,0.0000002938,0.0000000551,1.0000000000,-0.0000003423,-0.0000002938,0.0000003423,1.0000000000,0,162.1,-588.6,1959.9,0,-74.8,-320.1,1852.2,0,199.6,-310.0,1884.3,0,-26.4,-991.3,1937.8,0,162.1,-984.3,1959.9,0,
20,0.9930079579,-0.0023622182,-0.1180220544,0.0285704993,0.9748835564,0.2208750546,0.1145351753,-0.2227018923,0.9681345224,1,63.1,432.2,1820.1,1,0.9930079579,-0.0023622182,-0.1180220544,0.0285704993,0.9748835564,0.2208750546,0.1145351753,-0.2227018923,0.9681345224,1,63.6,221.9,1868.1,1,0.9929711223,-0.0109679075,-0.1178464517,0.0339832120,0.9801908135,0.1951180249,0.1133711338,-0.1977505833,0.9736737609,1,65.9,20.1,1908.8,1,-0.0000005960,-1.0000001192,-0.0000000000,1.0000001192,-0.0000005960,-0.0000000000,0.0000000000,-0.0000000000,1.0000000000,0,-73.6,217.2,1852.5,1,0.0000170469,-0.9999990463,-0.0000016157,0.9999990463,0.0000170469,-0.0000010498,0.0000010499,-0.0000016157,1.0000000000,0,-73.6,-52.0,1852.5,0,-0.0000013113,1.0000001192,-0.0000000000,-1.0000001192,-0.0000013113,-0.0000000000,-0.0000000000,0.0000000000,1.0000000000,0,200.8,226.6,1883.8,1,0.0000197291,0.9999990463,-0.0000002264,-0.9999990463,0.0000197291,-0.0000010977,-0.0000010977,0.0000002264,1.0000000000,0,200.8,-42.6,1883.8,0,1.0000000000,0.0000000000,-0.0000000000,-0.0000000000,1.0000000000,-0.0000000000,0.0000000000,0.0000000000,1.0000000000,0,-26.2,-184.8,1938.7,1,1.0000000000,0.0000000499,-0.0000177224,-0.0000000499,1.0000000000,0.0000001276,0.0000177224,-0.0000001276,1.0000000000,0,-26.2,-596.4,1938.7,0,1.0000000000,0.0000000000,-0.0000000000,-0.0000000000,1.0000000000,-0.0000000000,0.0000000000,0.0000000000,1.0000000000,0,162.4,-178.4,1960.3,1,1.0000000000,-0.0000000496,0.0000002644,0.0000000496,1.0000000000,-0.0000003081,-0.0000002644,0.0000003081,1.0000000000,0,162.4,-590.0,1960.3,0,-73.6,-321.1,1852.5,0,200.9,-311.7,1883.8,0,-26.2,-992.2,1938.7,0,162.4,-985.7,1960.3,0,
21,0.9929152131,-0.0027260191,-0.1187922135,0.0311509669,0.9707412124,0.2380988896,0.1146666035,-0.2401117384,0.9639484882,1,63.6,430.4,1815.0,1,0.9929152131,-0.0027260191,-0.1187922135,0.0311509669,0.9707412124,0.2380988896,0.1146666035,-0.2401117384,0.9639484882,1,64.2,220.9,1866.8,1,0.9928737283,-0.0122048939,-0.1185427904,0.0365621224,0.9779644012,0.2055450082,0.1134211421,-0.2084136456,0.9714413285,1,66.7,19.7,1909.7,1,-0.0000005960,-1.0000001192,-0.0000000000,1.0000001192,-0.0000005960,-0.0000000000,0.0000000000,-0.0000000000,1.0000000000,0,-73.0,215.9,1851.1,1,0.0000170469,-0.9999990463,-0.0000014541,0.9999990463,0.0000170469,-0.0000009448,0.0000009449,-0.0000014541,1.0000000000,0,-73.0,-53.3,1851.1,0,-0.0000013113,1.0000001192,-0.0000000000,-1.0000001192,-0.0000013113,-0.0000000000,-0.0000000000,0.0000000000,1.0000000000,0,201.4,226.0,1882.5,1,0.0000197291,0.9999990463,-0.0000002037,-0.9999990463,0.0000197291,-0.0000009879,-0.0000009879,0.0000002037,1.0000000000,0,201.4,-43.2,1882.5,0,1.0000000000,0.0000000000,-0.0000000000,-0.0000000000,1.0000000000,-0.0000000000,0.0000000000,0.0000000000,1.0000000000,0,-25.1,-185.1,1941.8,1,1.0000000000,0.0000000449,-0.0000159501,-0.0000000449,1.0000000000,0.0000001148,0.0000159501,-0.0000001148,1.0000000000,0,-25.1,-596.7,1941.8,0,1.0000000000,0.0000000000,-0.0000000000,-0.0000000000,1.0000000000,-0.0000000000,0.0000000000,0.0000000000,1.0000000000,0,163.5,-178.1,1963.3,1,1.0000000000,-0.0000000446,0.0000002380,0.0000000446,1.0000000000,-0.0000002773,-0.0000002380,0.0000002773,1.0000000000,0,163.5,-589.7,1963.3,0,-73.0,-322.4,1851.1,0,201.4,-312.3,1882.5,0,-25.1,-992.4,1941.8,0,163.5,-985.5,1963.3,0,
22,0.9932996631,-0.0057072747,-0.1154242828,0.0340391546,0.9689198732,0.2450218797,0.1104376540,-0.2473083586,0.9626218677,1,65.2,433.6,1813.4,1,0.9932996631,-0.0057072747,-0.1154242828,0.0340391546,0.9689198732,0.2450218797,0.1104376540,-0.2473083586,0.9626218677,1,66.4,224.7,1866.7,1,0.9932724833,-0.0128578702,-0.1150829419,0.0368921645,0.9771682024,0.2092397660,0.1097641811,-0.2120769918,0.9710685015,1,69.1,23.7,1910.4,1,-0.0000005960,-1.0000001192,-0.0000000000,1.0000001192,-0.0000005960,-0.0000000000,0.0000000000,-0.0000000000,1.0000000000,0,-70.8,219.6,1851.6,1,0.0000170469,-0.9999990463,-0.0000013087,0.9999990463,0.0000170469,-0.0000008504,0.0000008504,-0.0000013087,1.0000000000,0,-70.8,-49.5,1851.6,0,-0.0000013113,1.0000001192,-0.0000000000,-1.0000001192,-0.0000013113,-0.0000000000,-0.0000000000,0.0000000000,1.0000000000,0,203.7,229.8,1881.9,1,0.0000197291,0.9999990463,-0.0000001833,-0.9999990463,0.0000197291,-0.0000008891,-0.0000008891,0.0000001834,1.0000000000,0,203.7,-39.3,1881.9,0,1.0000000000,0.0000000000,-0.0000000000,-0.0000000000,1.0000000000,-0.0000000000,0.0000000000,0.0000000000,1.0000000000,0,-22.6,-180.9,1943.6,1,1.0000000000,0.0000000404,-0.0000143551,-0.0000000404,1.0000000000,0.0000001033,0.0000143551,-0.0000001033,1.0000000000,0,-22.6,-592.5,1943.6,0,1.0000000000,0.0000000000,-0.0000000000,-0.0000000000,1.0000000000,-0.0000000000,0.0000000000,0.0000000000,1.0000000000,0,166.1,-173.9,1964.4,1,1.0000000000,-0.0000000402,0.0000002142,0.0000000402,1.0000000000,-0.0000002495,-0.0000002142,0.0000002495,1.0000000000,0,166.1,-585.5,1964.4,0,-70.8,-318.6,1851.6,0,203.7,-308.4,1881.9,0,-22.6,-988.3,1943.6,0,166.1,-981.3,1964.4,0,
23,0.9940443635,-0.0053080870,-0.1088457406,0.0321435854,0.9686557055,0.2463185191,0.1041257530,-0.2483494580,0.9630572796,1,66.1,432.4,1813.2,1,0.9940443635,-0.0053080870,-0.1088457406,0.0321435854,0.9686557055,0.2463185191,0.1041257530,-0.2483494580,0.9630572796,1,67.3,224.1,1866.6,1,0.9940264225,-0.0115352906,-0.1085270271,0.0342127308,0.9772102833,0.2094981074,0.1036362797,-0.2119588703,0.9717674255,1,69.6,23.0,1910.2,1,-0.0000005960,-1.0000001192,-0.0000000000,1.0000001192,-0.0000005960,-0.0000000000,0.0000000000,-0.0000000000,1.0000000000,0,-70.1,219.4,1852.2,1,0.0000170469,-0.9999990463,-0.0000011779,0.9999990463,0.0000170469,-0.0000007653,0.0000007653,-0.0000011778,1.0000000000,0,-70.1,-49.8,1852.2,0,-0.0000013113,1.0000001192,-0.0000000000,-1.0000001192,-0.0000013113,-0.0000000000,-0.0000000000,0.0000000000,1.0000000000,0,204.6,228.8,1880.9,1,0.0000197291,0.9999990463,-0.0000001650,-0.9999990463,0.0000197291,-0.0000008002,-0.0000008002,0.0000001650,1.0000000000,0,204.6,-40.3,1880.9,0,1.0000000000,0.0000000000,-0.0000000000,-0.0000000000,1.0000000000,-0.0000000000,0.0000000000,0.0000000000,1.0000000000,0,-22.4,-181.4,1944.0,1,1.0000000000,0.0000000364,-0.0000129196,-0.0000000364,1.0000000000,0.0000000930,0.0000129196,-0.0000000930,1.0000000000,0,-22.4,-593.0,1944.0,0,1.0000000000,0.0000000000,-0.0000000000,-0.0000000000,1.0000000000,-0.0000000000,0.0000000000,0.0000000000,1.0000000000,0,166.4,-174.9,1963.6,1,1.0000000000,-0.0000000362,0.0000001928,0.0000000362,1.0000000000,-0.0000002246,-0.0000001928,0.0000002246,1.0000000000,0,166.4,-586.5,1963.6,0,-70.1,-318.9,1852.2,0,204.6,-309.4,1880.9,0,-22.4,-988.8,1944.0,0,166.4,-982.3,1963.6,0,
