1,0.9910631776,0.0070715155,-0.1332095265,0.0321506187,0.9564927816,0.2899799049,0.1294629872,-0.2916696668,0.9477170706,1,-51.0,444.9,1769.4,1,0.9910631776,0.0070715155,-0.1332095265,0.0321506187,0.9564927816,0.2899799049,0.1294629872,-0.2916696668,0.9477170706,1,-52.5,236.9,1832.9,1,0.9910782576,0.0019977833,-0.1332699955,0.0353389643,0.9601616263,0.2772025466,0.1285129488,-0.2794375420,0.9515243769,1,-52.9,39.3,1890.4,1,-0.0000005960,-1.0000001192,-0.0000000000,1.0000001192,-0.0000005960,0.0000000000,-0.0000000000,-0.0000000000,1.0000000000,0,-189.5,232.0,1815.1,1,0.0000170469,-0.9999990463,-0.0000000000,0.9999990463,0.0000170469,-0.0000000001,0.0000000001,-0.0000000000,1.0000000000,0,-189.5,-37.1,1815.1,0,0.3451800048,0.3651317060,0.8645978570,-0.9220637083,-0.0399057716,0.3849753141,0.1750691533,-0.9301000834,0.3229000568,1,84.5,241.8,1850.6,1,-0.0712074190,0.3726941943,0.9252181649,-0.9945352077,0.0444712639,-0.0944560841,-0.0763488412,-0.9268879890,0.3674908280,1,186.7,-31.1,1902.4,1,0.6276707053,-0.1623262316,-0.7613670230,-0.0333107710,0.9715227485,-0.2345935404,0.7777660489,0.1726092100,0.6043891311,1,-147.1,-161.6,1935.7,1,0.0188373048,-0.0012844122,-0.9998217225,-0.0018588222,0.9999974370,-0.0013196594,0.9998208284,0.0018833496,0.0188348684,0,-80.3,-561.5,1864.7,1,0.6892764568,-0.3397355974,0.6399043798,0.4143869281,0.9093708992,0.0364405252,-0.5942906141,0.2400504649,0.7675900459,1,40.5,-154.9,1960.0,1,0.4242056906,-0.3397355378,0.8394220471,0.3759530783,0.9093708992,0.1780560315,-0.8238379359,0.2400509119,0.5134848952,1,180.3,-529.1,1861.2,1,-189.5,-306.2,1815.1,0,167.5,-298.7,1881.9,1,-79.8,-957.2,1863.9,0,314.7,-888.9,1766.3,1,
2,0.9917570949,0.0108427526,-0.1276771724,0.0266847070,0.9570887089,0.2885648608,0.1253256500,-0.2895918190,0.9489096999,1,-51.1,445.3,1769.2,1,0.9917570949,0.0108427526,-0.1276771724,0.0266847070,0.9570887089,0.2885648608,0.1253256500,-0.2895918190,0.9489096999,1,-53.5,237.0,1832.2,1,0.9917950034,0.0044401535,-0.1277655214,0.0314462818,0.9602162242,0.2774823308,0.1239130124,-0.2792218626,0.9521976113,1,-54.4,39.4,1889.7,1,-0.0000005960,-1.0000001192,-0.0000000000,1.0000001192,-0.0000005960,0.0000000000,-0.0000000000,-0.0000000000,1.0000000000,0,-190.5,232.7,1815.1,1,0.0000170469,-0.9999990463,-0.0000000000,0.9999990463,0.0000170469,-0.0000000001,0.0000000001,-0.0000000000,1.0000000000,0,-190.5,-36.5,1815.1,0,0.3481962085,0.3631610870,0.8642184138,-0.9193608761,-0.0478017181,0.3905004263,0.1831256896,-0.9304993749,0.3172317147,1,83.6,241.3,1849.3,1,-0.0730483383,0.3706036210,0.9259141088,-0.9951604009,0.0340952091,-0.0921582654,-0.0657234192,-0.9281650186,0.3663195074,1,187.2,-32.1,1903.8,1,0.6318280697,-0.1698129922,-0.7562783360,-0.0251875967,0.9706928730,-0.2389999479,0.7746992707,0.1700556874,0.6090338230,1,-148.6,-161.2,1935.5,1,0.0222913362,-0.0006421902,-0.9997513294,-0.0009268082,0.9999993443,-0.0006630144,0.9997510910,0.0009413572,0.0222907271,0,-78.7,-560.7,1865.5,1,0.6810953617,-0.3523574173,0.6418359280,0.4191454351,0.9063822031,0.0528055690,-0.6003550291,0.2330569178,0.7650217414,1,38.0,-155.2,1958.8,1,0.4212739468,-0.3523574769,0.8356868029,0.3759859800,0.9063821435,0.1926289350,-0.8253258467,0.2330569774,0.5143166780,1,183.0,-528.2,1862.9,1,-190.5,-305.6,1815.1,0,167.5,-299.9,1886.1,1,-78.4,-956.5,1865.1,0,322.4,-886.9,1770.6,1,
3,0.9915857911,0.0145015428,-0.1286409646,0.0240149945,0.9558507800,0.2928706408,0.1272070557,-0.2934942544,0.9474592805,1,-50.3,443.7,1769.5,1,0.9915857911,0.0145015428,-0.1286409646,0.0240149945,0.9558507800,0.2928706408,0.1272070557,-0.2934942544,0.9474592805,1,-53.4,236.2,1833.2,1,0.9916249514,0.0092281345,-0.1288253963,0.0271766130,0.9602028728,0.2779792547,0.1262621433,-0.2791507542,0.9519098401,1,-55.3,38.6,1890.7,1,-0.0000005960,-1.0000001192,-0.0000000000,1.0000001192,-0.0000005960,0.0000000000,-0.0000000000,-0.0000000000,1.0000000000,0,-190.5,232.4,1815.8,1,0.0000170469,-0.9999990463,-0.0000000000,0.9999990463,0.0000170469,-0.0000000001,0.0000000001,-0.0000000000,1.0000000000,0,-190.5,-36.7,1815.8,0,0.3484300375,0.3645003140,0.8635600805,-0.9191806316,-0.0475738421,0.3909523189,0.1835851073,-0.9299871922,0.3184654713,1,83.6,240.0,1850.7,1,-0.0639221296,0.3705940247,0.9265927076,-0.9964179397,0.0278112981,-0.0798623264,-0.0553662479,-0.9283785820,0.3674887121,1,185.9,-30.0,1904.6,1,0.6287930012,-0.1666451693,-0.7595056891,-0.0140199661,0.9741761684,-0.2253536880,0.7774464488,0.1523490250,0.6102188826,1,-150.6,-161.6,1936.2,1,0.0162641015,-0.0003211030,-0.9998676181,-0.0004653913,0.9999998808,-0.0003287156,0.9998676181,0.0004706760,0.0162639488,0,-82.0,-562.5,1873.5,1,0.6793162823,-0.3568930924,0.6412153244,0.4278731346,0.9025081396,0.0490284450,-0.5961998701,0.2410528660,0.7657933235,1,36.1,-156.4,1960.0,1,0.4203952551,-0.3568930626,0.8342033625,0.3856126964,0.9025079608,0.1917867512,-0.8213225007,0.2410531491,0.5170326233,1,183.0,-527.9,1860.8,1,-190.5,-305.8,1815.8,0,168.7,-298.1,1889.7,1,-81.9,-958.3,1873.3,0,324.2,-885.0,1765.4,1,
4,0.9920561910,0.0168220382,-0.1246699616,0.0207597483,0.9555385113,0.2941356301,0.1240733042,-0.2943857610,0.9475982189,1,-49.2,444.2,1769.2,1,0.9920561910,0.0168220382,-0.1246699616,0.0207597483,0.9555385113,0.2941356301,0.1240733042,-0.2943857610,0.9475982189,1,-52.9,236.5,1833.2,1,0.9920918941,0.0120352320,-0.1249397621,0.0231290944,0.9608166218,0.2762190402,0.1233669445,-0.2769230008,0.9529395700,1,-55.4,38.8,1890.2,1,-0.0000005960,-1.0000001192,-0.0000000000,1.0000001192,-0.0000005960,0.0000000000,-0.0000000000,-0.0000000000,1.0000000000,0,-190.0,233.3,1816.1,1,0.0000170469,-0.9999990463,-0.0000000000,0.9999990463,0.0000170469,-0.0000000001,0.0000000001,-0.0000000000,1.0000000000,0,-190.0,-35.8,1816.1,0,0.3396958709,0.3648801446,0.8668732643,-0.9214320779,-0.0557103381,0.3845247924,0.1885992587,-0.9293863177,0.3172876835,1,84.2,239.7,1850.2,1,-0.0469445810,0.3694806397,0.9280518889,-0.9981964827,0.0174486917,-0.0574395359,-0.0374160893,-0.9290745854,0.3679951727,1,183.8,-30.4,1905.5,1,0.6307382584,-0.1716333628,-0.7567768693,-0.0014146119,0.9749774933,-0.2222992331,0.7759944797,0.1412831396,0.6147127748,1,-151.7,-161.1,1935.5,1,0.0162915643,-0.0001605607,-0.9998673201,-0.0002323820,0.9999999404,-0.0001643684,0.9998672605,0.0002350289,0.0162915271,0,-81.1,-562.4,1877.3,1,0.6736721992,-0.3669869006,0.6414721608,0.4302973449,0.9004678130,0.0632615685,-0.6008411646,0.2334061712,0.7645335793,1,36.1,-156.8,1958.9,1,0.4200717509,-0.3669868112,0.8299761415,0.3842953742,0.9004675746,0.2036541998,-0.8221049905,0.2334065884,0.5192924142,1,187.1,-527.3,1862.8,1,-190.0,-304.9,1816.1,0,171.2,-298.9,1895.5,1,-81.0,-958.2,1877.3,0,332.3,-883.7,1770.4,1,
5,0.9915558696,0.0172767863,-0.1285284758,0.0209151898,0.9568059444,0.2899749875,0.1279850453,-0.2902131081,0.9483647346,1,-49.7,444.7,1770.0,1,0.9915558696,0.0172767863,-0.1285284758,0.0209151898,0.9568059444,0.2899749875,0.1279850453,-0.2902131081,0.9483647346,1,-53.4,237.0,1833.0,1,0.9915799499,0.0137096690,-0.1287721992,0.0224078987,0.9612150788,0.2748890519,0.1275448054,-0.2754585445,0.9528139830,1,-56.3,39.2,1889.7,1,-0.0000005960,-1.0000001192,-0.0000000000,1.0000001192,-0.0000005960,0.0000000000,-0.0000000000,-0.0000000000,1.0000000000,0,-190.5,233.9,1815.4,1,0.0000170469,-0.9999990463,-0.0000000000,0.9999990463,0.0000170469,-0.0000000001,0.0000000001,-0.0000000000,1.0000000000,0,-190.5,-35.2,1815.4,0,0.3375467658,0.3679673076,0.8664076328,-0.9227623343,-0.0524598211,0.3817821145,0.1859349459,-0.9283576012,0.3218387663,1,83.6,240.1,1850.7,1,-0.0401850790,0.3710949719,0.9277250171,-0.9989643693,0.0049100835,-0.0452349186,-0.0213416573,-0.9285820127,0.3705132902,1,182.6,-30.6,1905.2,1,0.6285748482,-0.1751758456,-0.7577645183,-0.0110216886,0.9722003341,-0.2338906378,0.7776709199,0.1553695947,0.6091699600,1,-152.6,-160.7,1934.4,1,0.0144261010,-0.0000802899,-0.9998959899,-0.0001163438,1.0000000000,-0.0000819768,0.9998959899,0.0001175143,0.0144260917,0,-80.5,-560.9,1870.4,1,0.6770989895,-0.3676231503,0.6374874711,0.4273597002,0.9016654491,0.0660535768,-0.5990833044,0.2277116328,0.7676241398,1,34.5,-156.5,1958.4,1,0.4255297482,-0.3676231503,0.8269085288,0.3808141351,0.9016655087,0.2048901320,-0.8209172487,0.2277115881,0.5236815810,1,185.8,-527.6,1864.7,1,-190.5,-304.3,1815.4,0,171.8,-299.4,1899.5,1,-80.5,-956.7,1870.4,0,331.2,-884.4,1774.6,1,
6,0.9914544821,0.0169456080,-0.1293519139,0.0216594972,0.9563830495,0.2913125157,0.1286448240,-0.2916232944,0.9478427768,1,-50.2,444.3,1769.5,1,0.9914544821,0.0169456080,-0.1293519139,0.0216594972,0.9563830495,0.2913125157,0.1286448240,-0.2916232944,0.9478427768,1,-53.9,236.6,1832.8,1,0.9914752245,0.0135865901,-0.1295889616,0.0229634065,0.9607605338,0.2764279842,0.1282580495,-0.2770458162,0.9522578716,1,-56.7,38.9,1889.8,1,-0.0000005960,-1.0000001192,-0.0000000000,1.0000001192,-0.0000005960,0.0000000000,-0.0000000000,-0.0000000000,1.0000000000,0,-190.9,233.4,1815.1,1,0.0000170469,-0.9999990463,-0.0000000000,0.9999990463,0.0000170469,-0.0000000001,0.0000000001,-0.0000000000,1.0000000000,0,-190.9,-35.7,1815.1,0,0.3342485726,0.3685701787,0.8674294949,-0.9239383340,-0.0535470396,0.3787752986,0.1860535741,-0.9280564785,0.3226380646,1,83.1,239.8,1850.5,1,-0.0262520164,0.3710567355,0.9282389879,-0.9994888306,0.0072088325,-0.0311487410,-0.0182494707,-0.9285821915,0.3706777692,1,181.8,-32.8,1905.4,1,0.6277981997,-0.1843821406,-0.7562228441,0.0040011406,0.9722903967,-0.2337420583,0.7783660293,0.1437170506,0.6111398935,1,-153.5,-161.0,1934.7,1,0.0118848067,-0.0000401353,-0.9999293089,-0.0000584301,1.0000000000,-0.0000408326,0.9999293089,0.0000589113,0.0118848039,0,-77.6,-561.2,1875.5,1,0.6779435873,-0.3659999669,0.6375237703,0.4273574054,0.9018637538,0.0633041114,-0.5981288552,0.2295339108,0.7678255439,1,34.5,-156.7,1959.0,1,0.4252584279,-0.3659999669,0.8277677894,0.3814715147,0.9018637538,0.2027841359,-0.8207527399,0.2295341045,0.5231436491,1,185.2,-527.9,1864.5,1,-190.9,-304.8,1815.1,0,174.7,-301.7,1900.5,1,-77.6,-957.0,1875.5,0,330.0,-884.8,1773.7,1,
7,0.9910981655,0.0205870885,-0.1315352023,0.0181521792,0.9578494430,0.2866977453,0.1318915486,-0.2865318060,0.9489486814,1,-49.2,444.3,1770.7,1,0.9910981655,0.0205870885,-0.1315352023,0.0181521792,0.9578494430,0.2866977453,0.1318915486,-0.2865318060,0.9489486814,1,-53.7,236.5,1832.8,1,0.9910810590,0.0195158180,-0.1318269670,0.0173340440,0.9619345069,0.2727308869,0.1321298331,-0.2725820541,0.9530164003,1,-57.7,38.5,1888.9,1,-0.0000005960,-1.0000001192,-0.0000000000,1.0000001192,-0.0000005960,0.0000000000,-0.0000000000,-0.0000000000,1.0000000000,0,-190.7,234.1,1814.6,1,0.0000170469,-0.9999990463,-0.0000000000,0.9999990463,0.0000170469,-0.0000000001,0.0000000001,-0.0000000000,1.0000000000,0,-190.7,-35.0,1814.6,0,0.3361735344,0.3718745410,0.8652726412,-0.9232600927,-0.0512731075,0.3807386756,0.1859522313,-0.9268659353,0.3261002302,1,83.3,238.9,1851.1,1,-0.0247637741,0.3740907907,0.9270613790,-0.9995664358,0.0055050859,-0.0289219711,-0.0159229953,-0.9273756742,0.3737923205,1,181.7,-31.5,1905.5,1,0.6251257062,-0.1886147261,-0.7573919296,0.0045840293,0.9712336659,-0.2380846441,0.7805107832,0.1453609169,0.6080077291,1,-154.6,-161.0,1932.6,1,0.0069551510,-0.0000200483,-0.9999758005,-0.0000294697,1.0000000000,-0.0000202538,0.9999758005,0.0000296099,0.0069551505,0,-77.0,-560.8,1872.8,1,0.6754477024,-0.3791716695,0.6324549913,0.4326684475,0.8983038664,0.0764741302,-0.5971336365,0.2219890505,0.7708128095,1,31.2,-157.8,1957.4,1,0.4301303029,-0.3791715801,0.8192782402,0.3835167885,0.8983036876,0.2143949121,-0.8172531128,0.2219891846,0.5318064094,1,187.2,-527.5,1866.0,1,-190.7,-304.2,1814.6,0,175.0,-300.5,1901.3,1,-77.0,-956.6,1872.8,0,337.2,-882.9,1778.2,1,
8,0.9914573431,0.0201674830,-0.1288665831,0.0161192510,0.9614551067,0.2744900882,0.1294335574,-0.2742210329,0.9529161453,1,-49.4,445.2,1774.3,1,0.9914573431,0.0201674830,-0.1288665831,0.0161192510,0.9614551067,0.2744900882,0.1294335574,-0.2742210329,0.9529161453,1,-53.8,237.4,1833.5,1,0.9913560152,0.0231041387,-0.1291526109,0.0116088483,0.9650647044,0.2617554069,0.1306866109,-0.2609906793,0.9564540386,1,-58.5,38.8,1887.2,1,-0.0000005960,-1.0000001192,-0.0000000000,1.0000001192,-0.0000005960,0.0000000000,-0.0000000000,-0.0000000000,1.0000000000,0,-190.8,235.8,1815.5,1,0.0000170469,-0.9999990463,-0.0000000000,0.9999990463,0.0000170469,-0.0000000001,0.0000000001,-0.0000000000,1.0000000000,0,-190.8,-33.3,1815.5,0,0.3358383477,0.3732681870,0.8648025990,-0.9234968424,-0.0502139628,0.3803052902,0.1853810102,-0.9263635874,0.3278482258,1,83.3,239.0,1851.6,1,-0.0297011416,0.3760823309,0.9261100888,-0.9992258549,0.0127421822,-0.0372204743,-0.0257986281,-0.9264986515,0.3754127324,1,181.9,-32.3,1906.1,1,0.6251785755,-0.1986217201,-0.7547857165,0.0222200006,0.9712139964,-0.2371702641,0.7801654935,0.1315024197,0.6115955114,1,-156.4,-160.9,1928.7,1,0.0029075886,-0.0000100242,-0.9999958277,-0.0000147757,1.0000000000,-0.0000100672,0.9999958277,0.0000148049,0.0029075884,0,-74.7,-560.6,1874.5,1,0.6758172512,-0.3841090500,0.6290718913,0.4251113236,0.9003458023,0.0930473506,-0.6021226048,0.2045425475,0.7717583179,1,29.9,-158.7,1953.2,1,0.4383385777,-0.3841090202,0.8126006126,0.3728061318,0.9003458619,0.2244838327,-0.8178479075,0.2045425326,0.5378544927,1,188.0,-529.2,1869.1,1,-190.8,-302.5,1815.5,0,173.9,-301.2,1899.1,1,-74.7,-956.4,1874.5,0,339.9,-885.5,1788.1,1,
9,0.9921000600,0.0215780009,-0.1235832945,0.0144455731,0.9588935971,0.2833990157,0.1246167719,-0.2829440236,0.9510061741,1,-49.3,444.7,1771.1,1,0.9921000600,0.0215780009,-0.1235832945,0.0144455731,0.9588935971,0.2833990157,0.1246167719,-0.2829440236,0.9510061741,1,-54.0,237.2,1832.3,1,0.9920227528,0.0229993090,-0.1239471212,0.0111111896,0.9634358883,0.2677094340,0.1255705953,-0.2669496536,0.9554943442,1,-58.7,39.0,1887.2,1,-0.0000005960,-1.0000001192,-0.0000000000,1.0000001192,-0.0000005960,0.0000000000,-0.0000000000,-0.0000000000,1.0000000000,0,-191.1,235.7,1814.9,1,0.0000170469,-0.9999990463,-0.0000000000,0.9999990463,0.0000170469,-0.0000000001,0.0000000001,-0.0000000000,1.0000000000,0,-191.1,-33.4,1814.9,0,0.3359319568,0.3686997294,0.8667238355,-0.9225077033,-0.0569058955,0.3817606270,0.1900767237,-0.9278050065,0.3210118413,1,83.1,238.8,1849.6,1,-0.0401314087,0.3731107414,0.9269184470,-0.9983177781,0.0238764659,-0.0528336316,-0.0418443345,-0.9274795055,0.3715249300,1,182.0,-32.7,1905.6,1,0.6288927794,-0.2120268345,-0.7480230331,0.0430088267,0.9701112509,-0.2388184816,0.7763015032,0.1180196330,0.6192150712,1,-157.7,-160.3,1930.2,1,0.0060440889,-0.0000050121,-0.9999817014,-0.0000073720,1.0000000000,-0.0000050567,0.9999817014,0.0000074025,0.0060440889,0,-70.4,-559.6,1881.7,1,0.6710238457,-0.3825457692,0.6351266503,0.4300990105,0.8985964060,0.0868293047,-0.6039386988,0.2149027884,0.7675122023,1,30.7,-158.2,1954.1,1,0.4296898246,-0.3825457096,0.8179397583,0.3789394498,0.8985964656,0.2211994678,-0.8196166754,0.2149024755,0.5310794711,1,188.2,-528.0,1865.6,1,-191.1,-302.5,1814.9,0,171.2,-301.3,1894.3,1,-70.4,-955.4,1881.6,0,339.5,-883.6,1780.6,1,
10,0.9920167923,0.0200950596,-0.1244979799,0.0162146427,0.9587020278,0.2839506865,0.1250608712,-0.2837011516,0.9507223368,1,-49.1,443.6,1769.5,1,0.9920167923,0.0200950596,-0.1244979799,0.0162146427,0.9587020278,0.2839506865,0.1250608712,-0.2837011516,0.9507223368,1,-53.4,236.0,1830.9,1,0.9920360446,0.0176253431,-0.1247193366,0.0171897858,0.9619513750,0.2726803124,0.1247783974,-0.2726511657,0.9539870024,1,-57.1,38.0,1887.0,1,-0.0000005960,-1.0000001192,-0.0000000000,1.0000001192,-0.0000005960,0.0000000000,-0.0000000000,-0.0000000000,1.0000000000,0,-190.5,233.6,1813.7,1,0.0000170469,-0.9999990463,-0.0000000000,0.9999990463,0.0000170469,-0.0000000001,0.0000000001,-0.0000000000,1.0000000000,0,-190.5,-35.5,1813.7,0,0.3342577815,0.3684206307,0.8674895763,-0.9225099087,-0.0605857819,0.3811887205,0.1929952949,-0.9276830554,0.3196204305,1,83.7,238.4,1848.2,1,-0.0531767011,0.3757118285,0.9252095819,-0.9964308143,0.0408623703,-0.0738636777,-0.0655577183,-0.9258351922,0.3721979260,1,181.9,-32.9,1904.9,1,0.7563674450,-0.1630257964,-0.6335068345,0.0520651489,0.9803780317,-0.1901266575,0.6520717740,0.1108219922,0.7500139475,0,-154.9,-161.5,1931.3,1,0.1618047953,-0.0000040573,-0.9868227243,-0.0000063862,1.0000000000,-0.0000051586,0.9868227243,0.0000071367,0.1618047953,0,-87.8,-565.1,1885.7,0,0.6752108335,-0.3687251210,0.6388523579,0.4268521965,0.9016648531,0.0692668408,-0.6015711427,0.2259257585,0.7662048340,1,33.5,-158.3,1955.0,1,0.4256221652,-0.3687252402,0.8263700604,0.3798462749,0.9016648531,0.2066816986,-0.8213176131,0.2259252518,0.5238274336,1,185.3,-529.3,1862.0,1,-190.6,-304.6,1813.7,0,167.6,-300.9,1887.3,1,-87.8,-960.8,1885.7,0,331.1,-886.1,1772.6,1,
11,0.9926592112,0.0154200215,-0.1199624389,0.0190448221,0.9595371485,0.2809381187,0.1194388792,-0.2811590135,0.9521993995,1,-50.3,443.5,1770.2,1,0.9926592112,0.0154200215,-0.1199624389,0.0190448221,0.9595371485,0.2809381187,0.1194388792,-0.2811590135,0.9521993995,1,-53.6,236.0,1831.0,1,0.9926820397,0.0125727644,-0.1201056018,0.0206125081,0.9623281956,0.2711088657,0.1189879850,-0.2715991139,0.9550263882,1,-56.2,37.9,1886.9,1,-0.0000005960,-1.0000001192,-0.0000000000,1.0000001192,-0.0000005960,0.0000000000,-0.0000000000,-0.0000000000,1.0000000000,0,-190.8,233.1,1814.5,1,0.0000170469,-0.9999990463,-0.0000000000,0.9999990463,0.0000170469,-0.0000000001,0.0000000001,-0.0000000000,1.0000000000,0,-190.8,-36.0,1814.5,0,0.3301321864,0.3652224541,0.8704167604,-0.9239390492,-0.0637652501,0.3771877289,0.1932597607,-0.9287338257,0.3163923323,1,83.6,238.8,1847.4,1,-0.0494190864,0.3760279119,0.9252895713,-0.9932836294,0.0785373449,-0.0849673599,-0.1046198830,-0.9232740402,0.3696211278,1,180.8,-33.2,1904.3,1,0.8415246606,-0.1250286996,-0.5255511999,0.0528522953,0.9872364998,-0.1502354145,0.5376271009,0.0986502171,0.8373919725,0,-153.1,-162.1,1931.5,1,0.2987159491,-0.0000032427,-0.9543420672,-0.0000054949,1.0000000000,-0.0000051178,0.9543420672,0.0000067728,0.2987159491,0,-101.6,-568.4,1890.9,0,0.7877036333,-0.3133718669,0.5303971767,0.3513662517,0.9357237816,0.0310278162,-0.5060285330,0.1619229019,0.8471813202,0,35.5,-158.2,1954.1,1,0.5250404477,-0.3474269509,0.7769344449,0.3566230536,0.9186855555,0.1698142886,-0.7727565169,0.1879133284,0.6062475443,0,164.5,-543.3,1887.4,0,-190.8,-305.1,1814.5,0,167.5,-300.2,1876.2,1,-101.6,-964.2,1890.9,0,302.0,-906.9,1813.0,0,
12,0.9921455383,0.0123586021,-0.1244811341,0.0253253113,0.9546551704,0.2966355085,0.1225009710,-0.2974566519,0.9468435049,1,-51.0,444.2,1766.0,1,0.9921455383,0.0123586021,-0.1244811341,0.0253253113,0.9546551704,0.2966355085,0.1225009710,-0.2974566519,0.9468435049,1,-53.7,237.2,1830.5,1,0.9921410084,0.0105136186,-0.1246868744,0.0249429978,0.9598467350,0.2794145644,0.1226163507,-0.2803272605,0.9520406723,1,-55.9,39.6,1888.2,1,-0.0000005960,-1.0000001192,-0.0000000000,1.0000001192,-0.0000005960,0.0000000000,-0.0000000000,-0.0000000000,1.0000000000,0,-190.8,233.7,1813.6,1,0.0000170469,-0.9999990463,-0.0000000000,0.9999990463,0.0000170469,-0.0000000000,0.0000000000,-0.0000000000,1.0000000000,0,-190.8,-35.4,1813.6,0,0.3271101117,0.3634545803,0.8722956777,-0.9270799160,-0.0554178804,0.3707447946,0.1830896735,-0.9299621582,0.3188236952,1,83.4,240.6,1847.5,1,-0.0645023510,0.3789320886,0.9231738448,-0.9878664017,0.1067224741,-0.1128284559,-0.1412777156,-0.9192501307,0.3674504161,1,180.4,-34.4,1901.8,1,0.8975199461,-0.0960001796,-0.4303973019,0.0493264198,0.9917463660,-0.1183473542,0.4382063448,0.0849891528,0.8948475122,0,-152.3,-160.3,1934.3,1,0.4169544578,-0.0000025597,-0.9089273810,-0.0000047047,1.0000000000,-0.0000049744,0.9089273810,0.0000063503,0.4169544578,0,-112.7,-568.5,1899.3,0,0.8622900248,-0.2609634399,0.4339976311,0.2856091857,0.9583060741,0.0087670982,-0.4181904793,0.1163939387,0.9008713365,0,36.2,-155.5,1957.6,1,0.6088141203,-0.3243465424,0.7239784598,0.3319206238,0.9330278635,0.1388803571,-0.7205373645,0.1557510346,0.6756978035,0,143.6,-550.0,1909.6,0,-190.8,-304.5,1813.6,0,163.1,-299.9,1863.8,1,-112.7,-964.2,1899.3,0,272.0,-919.2,1848.0,0,
13,0.9921250343,0.0136151621,-0.1245134845,0.0268694125,0.9477967620,0.3177419901,0.1223379821,-0.3185839057,0.9399665594,1,-50.1,441.3,1760.5,1,0.9921250343,0.0136151621,-0.1245134845,0.0268694125,0.9477967620,0.3177419901,0.1223379821,-0.3185839057,0.9399665594,1,-53.0,235.6,1829.6,1,0.9920809269,0.0135262813,-0.1248742491,0.0237741992,0.9559895396,0.2924366891,0.1233324483,-0.2930881679,0.9480970502,1,-55.8,38.9,1889.9,1,-0.0000005960,-1.0000001192,-0.0000000000,1.0000001192,-0.0000005960,0.0000000000,-0.0000000000,-0.0000000000,1.0000000000,0,-190.2,232.3,1812.5,1,0.0000170469,-0.9999990463,-0.0000000000,0.9999990463,0.0000170469,-0.0000000000,0.0000000000,-0.0000000000,1.0000000000,0,-190.2,-36.8,1812.5,0,0.3306518495,0.6468786597,0.6871807575,-0.9271461964,0.0866570920,0.3645415902,0.1762650907,-0.7576533556,0.6284043789,1,84.1,238.9,1846.6,1,-0.0952131450,0.6468785405,0.7566257715,-0.9765705466,0.0866570920,-0.1969784349,-0.1929881126,-0.7576534152,0.6234716773,1,180.2,-30.7,1897.9,1,0.9339773655,-0.0739469156,-0.3495970666,0.0438774079,0.9946826100,-0.0931735709,0.3546279967,0.0716825947,0.9322556257,0,-152.8,-160.1,1938.5,1,0.5177017450,-0.0000019950,-0.8555611372,-0.0000040141,1.0000000000,-0.0000047608,0.8555611372,0.0000058990,0.5177017450,0,-122.4,-569.5,1909.0,0,0.9111052155,-0.2145091295,0.3519561887,0.2304185033,0.9730856419,-0.0034087561,-0.3417522907,0.0842029452,0.9360103011,0,35.6,-155.6,1961.9,1,0.6788440347,-0.3006089628,0.6699291468,0.3068271577,0.9450171590,0.1131356284,-0.6671041250,0.1287510097,0.7337542772,0,123.9,-556.1,1927.3,0,-190.2,-305.9,1812.5,0,154.8,-291.0,1846.5,1,-122.4,-965.3,1909.0,0,242.9,-930.1,1876.3,0,
14,0.9929444790,0.0211641360,-0.1166804209,0.0188000612,0.9434032440,0.3311153650,0.1170828789,-0.3309713006,0.9363488555,1,-48.6,439.6,1756.7,1,0.9929444790,0.0211641360,-0.1166804209,0.0188000612,0.9434032440,0.3311153650,0.1170828789,-0.3309713006,0.9363488555,1,-53.2,234.5,1828.6,1,0.9929617047,0.0167357381,-0.1172518209,0.0196610019,0.9529387355,0.3025254011,0.1167951897,-0.3026999533,0.9459023476,1,-56.6,38.4,1890.9,1,-0.0000005960,-1.0000001192,-0.0000000000,1.0000001192,-0.0000005960,0.0000000000,-0.0000000000,-0.0000000000,1.0000000000,0,-190.4,231.7,1812.5,1,0.0000170469,-0.9999990463,-0.0000000000,0.9999990463,0.0000170469,-0.0000000000,0.0000000000,-0.0000000000,1.0000000000,0,-190.4,-37.4,1812.5,0,0.3244577348,0.6856150627,0.6516588330,-0.9311990738,0.1105313152,0.3473486900,0.1661187708,-0.7195240855,0.6743068695,1,84.0,237.2,1844.8,1,-0.1112898365,0.6856150031,0.7194071412,-0.9608722329,0.1105313078,-0.2539830506,-0.2536516190,-0.7195240855,0.6464874148,1,178.1,-32.8,1892.9,1,0.9575663805,-0.0571955182,-0.2824805677,0.0378694497,0.9965824485,-0.0734122545,0.2857140005,0.0595997274,0.9564598203,0,-154.4,-159.6,1942.1,1,0.6026564837,-0.0000015337,-0.7980007529,-0.0000034170,1.0000000000,-0.0000045025,0.7980007529,0.0000054402,0.6026564837,0,-130.9,-569.8,1917.6,0,0.9427940845,-0.1748321652,0.2838539183,0.1850702167,0.9826799631,-0.0094381049,-0.2772874534,0.0614310876,0.9588211179,0,34.2,-155.9,1964.3,1,0.7370179892,-0.2770131230,0.6164966822,0.2821049690,0.9549767375,0.0918490812,-0.6141834259,0.1062223539,0.7819818258,0,106.2,-560.3,1939.0,0,-190.4,-306.5,1812.5,0,148.5,-288.7,1825.4,1,-130.8,-965.6,1917.6,0,215.8,-938.3,1897.0,0,
15,0.9936689138,0.0221839789,-0.1101405993,0.0162019264,0.9417705536,0.3358663023,0.1111764461,-0.3355228901,0.9354484081,1,-48.5,438.4,1755.3,1,0.9936689138,0.0221839789,-0.1101405993,0.0162019264,0.9417705536,0.3358663023,0.1111764461,-0.3355228901,0.9354484081,1,-53.3,234.2,1828.0,1,0.9936623573,0.0191093981,-0.1107742563,0.0159015264,0.9516375065,0.3068119884,0.1112783253,-0.3066275120,0.9453022480,1,-57.2,38.4,1891.1,1,-0.0000005960,-1.0000001192,-0.0000000000,1.0000001192,-0.0000005960,0.0000000000,-0.0000000000,-0.0000000000,1.0000000000,0,-190.6,232.0,1812.6,1,0.0000170469,-0.9999990463,-0.0000000000,0.9999990463,0.0000170469,-0.0000000000,0.0000000000,-0.0000000000,1.0000000000,0,-190.6,-37.1,1812.6,0,0.3194957972,0.6942390203,0.6449455023,-0.9372801185,0.1314121187,0.3228576183,0.1393867433,-0.7076462507,0.6926819086,1,84.1,236.4,1843.4,1,-0.1408124864,0.6942390203,0.7058357596,-0.9393921494,0.1314120889,-0.3166594505,-0.3125926554,-0.7076461315,0.6336582303,1,177.1,-36.4,1884.0,1,0.9727689028,-0.0444341600,-0.2274780124,0.0320319682,0.9978068471,-0.0579265170,0.2295530289,0.0490625463,0.9720587730,0,-155.5,-159.0,1943.7,1,0.6737138033,-0.0000011607,-0.7389924526,-0.0000029047,1.0000000000,-0.0000042187,0.7389924526,0.0000049887,0.6737138033,0,-137.2,-569.7,1923.5,0,0.9632594585,-0.1416925341,0.2281544358,0.1482679397,0.9888762236,-0.0118521154,-0.2239371389,0.0452446528,0.9735528231,0,33.2,-155.9,1964.8,1,0.7851028442,-0.2541060150,0.5648395419,0.2582668364,0.9632089734,0.0743417740,-0.5629492402,0.0875133723,0.8218452334,0,91.6,-563.0,1946.2,0,-190.6,-306.2,1812.6,0,139.6,-286.1,1800.9,1,-137.2,-965.4,1923.5,0,192.1,-944.2,1911.5,0,
16,0.9950021505,0.0203100536,-0.0977709219,0.0140819568,0.9407721758,0.3387475610,0.0988585725,-0.3384298384,0.9357839823,1,-48.8,436.7,1754.1,1,0.9950021505,0.0203100536,-0.0977709219,0.0140819568,0.9407721758,0.3387475610,0.0988585725,-0.3384298384,0.9357839823,1,-53.2,232.8,1827.4,1,0.9949745536,0.0186994318,-0.0983717963,0.0127411792,0.9507778883,0.3096117079,0.0993176922,-0.3093076348,0.9457612634,1,-57.0,37.1,1891.1,1,-0.0000005960,-1.0000001192,-0.0000000000,1.0000001192,-0.0000005960,0.0000000000,-0.0000000000,-0.0000000000,1.0000000000,0,-190.7,231.0,1813.7,1,0.0000170469,-0.9999990463,-0.0000000000,0.9999990463,0.0000170469,-0.0000000000,0.0000000000,-0.0000000000,1.0000000000,0,-190.7,-38.1,1813.7,0,0.3164851069,0.6941094995,0.6465672255,-0.9410092235,0.1436856389,0.3063592911,0.1197444871,-0.7053838968,0.6986379027,1,84.3,234.5,1841.2,1,-0.1871138364,0.6941095591,0.6951261163,-0.9101858139,0.1436856389,-0.3884791732,-0.3695266843,-0.7053837776,0.6048831940,1,175.0,-35.2,1875.5,1,0.9825419188,-0.0346683338,-0.1827826351,0.0267171804,0.9985939264,-0.0457857437,0.1841129512,0.0401029773,0.9820866585,0,-155.4,-159.8,1945.3,1,0.7327675819,-0.0000008618,-0.6804789305,-0.0000024677,1.0000000000,-0.0000039239,0.6804789305,0.0000045545,0.7327675819,0,-141.1,-570.8,1928.8,0,0.9764331579,-0.1143990383,0.1830057353,0.1186167523,0.9928647876,-0.0122321956,-0.1803006083,0.0336514674,0.9830357432,0,33.6,-157.3,1964.2,1,0.8246908188,-0.2322440445,0.5157012343,0.2356383801,0.9699865580,0.0600053035,-0.5141591430,0.0720331818,0.8546645641,0,80.7,-566.0,1950.3,0,-190.7,-307.3,1813.7,0,125.6,-275.6,1777.9,1,-141.1,-966.6,1928.8,0,172.6,-949.9,1921.8,0,
17,0.9959174991,0.0208263770,-0.0878386647,0.0117555540,0.9348158240,0.3549388051,0.0895035118,-0.3545208275,0.9307543039,1,-48.4,434.7,1749.5,1,0.9959174991,0.0208263770,-0.0878386647,0.0117555540,0.9348158240,0.3549388051,0.0895035118,-0.3545208275,0.9307543039,1,-52.9,231.9,1826.4,1,0.9959037304,0.0182514060,-0.0885647461,0.0110916467,0.9473637342,0.3199674487,0.0897412971,-0.3196375966,0.9432803392,1,-56.6,37.0,1892.1,1,-0.0000005960,-1.0000001192,-0.0000000000,1.0000001192,-0.0000005960,0.0000000000,-0.0000000000,-0.0000000000,1.0000000000,0,-190.5,230.4,1814.0,1,0.0000170469,-0.9999990463,-0.0000000000,0.9999990463,0.0000170469,-0.0000000000,0.0000000000,-0.0000000000,1.0000000000,0,-190.5,-38.7,1814.0,0,0.3125200570,0.6799097657,0.6633655429,-0.9454485774,0.1550269276,0.2865197361,0.0919680595,-0.7167211771,0.6912688017,1,84.7,233.5,1838.8,1,-0.2509278059,0.6799098253,0.6890267730,-0.8692050576,0.1550269425,-0.4695202708,-0.4260491729,-0.7167212367,0.5520804524,1,173.0,-33.6,1864.7,1,0.9888144135,-0.0271559209,-0.1466579586,0.0220615417,0.9990991354,-0.0362522826,0.1475103050,0.0326112807,0.9885227680,0,-155.0,-159.0,1949.4,1,0.7815969586,-0.0000006245,-0.6237837672,-0.0000020967,1.0000000000,-0.0000036283,0.6237837672,0.0000041437,0.7815969586,0,-143.8,-570.2,1936.0,0,0.9848955274,-0.0921234414,0.1466084123,0.0948266611,0.9954268932,-0.0115423594,-0.1448746324,0.0252704043,0.9891272783,0,34.2,-156.9,1966.4,1,0.8571801782,-0.2116427869,0.4695203900,0.2144080549,0.9755488038,0.0483078994,-0.4682641029,0.0592604093,0.8815990686,0,72.1,-566.6,1956.0,0,-190.5,-307.8,1814.0,0,106.7,-263.2,1752.2,1,-143.8,-966.0,1936.0,0,155.9,-952.7,1932.6,0,
18,0.9967562556,0.0225539785,-0.0772610903,0.0071125398,0.9314920902,0.3636925519,0.0801692531,-0.3630608022,0.9283098578,1,-47.5,433.7,1747.2,1,0.9967562556,0.0225539785,-0.0772610903,0.0071125398,0.9314920902,0.3636925519,0.0801692531,-0.3630608022,0.9283098578,1,-52.4,231.5,1826.0,1,0.9967972636,0.0176265426,-0.0780095011,0.0090277977,0.9443730712,0.3287524879,0.0794632584,-0.3284023404,0.9411891103,1,-56.0,37.2,1893.5,1,-0.0000005960,-1.0000001192,-0.0000000000,1.0000001192,-0.0000005960,0.0000000000,-0.0000000000,-0.0000000000,1.0000000000,0,-190.1,230.3,1815.0,1,0.0000170469,-0.9999990463,-0.0000000000,0.9999990463,0.0000170469,-0.0000000000,0.0000000000,-0.0000000000,1.0000000000,0,-190.1,-38.9,1815.0,0,0.2895605564,0.6737599969,0.6798543930,-0.9561446905,0.1709092855,0.2378596961,0.0440669172,-0.7189139724,0.6937007308,1,85.4,232.8,1837.0,1,-0.3169849813,0.6737600565,0.6675087214,-0.8119807839,0.1709093004,-0.5581014156,-0.4901098907,-0.7189139724,0.4929045439,1,167.0,-36.8,1849.4,1,0.6762364507,-0.2250420600,-0.7014700770,-0.0038243234,0.9511133432,-0.3088181019,0.7366746664,0.2115167081,0.6423170567,1,-154.6,-158.0,1953.5,1,0.0844751969,0.0018999481,-0.9964238405,0.0239552371,0.9997052550,0.0039370917,0.9961376190,-0.0242021531,0.0844047889,0,-62.0,-549.5,1866.5,1,0.9903242588,-0.0740519688,0.1173633188,0.0757836178,0.9970704913,-0.0103552192,-0.1162526757,0.0191492420,0.9930350780,0,35.4,-156.3,1968.7,1,0.8837760687,-0.1924158335,0.4265160561,0.1946661472,0.9801021218,0.0387930945,-0.4254937172,0.0487438291,0.9036476612,0,65.9,-566.7,1960.8,0,-190.1,-308.0,1815.0,0,83.4,-250.9,1720.2,1,-62.8,-945.2,1876.1,0,142.0,-954.6,1941.5,0,
19,0.9972594976,0.0263537057,-0.0691364035,-0.0002505144,0.9356085658,0.3530394137,0.0739869401,-0.3520530760,0.9330509305,1,-47.7,433.3,1746.0,1,0.9972594976,0.0263537057,-0.0691364035,-0.0002505144,0.9356085658,0.3530394137,0.0739869401,-0.3520530760,0.9330509305,1,-53.5,229.5,1822.7,1,0.9973175526,0.0220005661,-0.0698185191,0.0020060143,0.9451923966,0.3265079856,0.0731737018,-0.3257707059,0.9426126480,1,-58.0,35.0,1889.7,1,-0.0000005960,-1.0000001192,-0.0000000000,1.0000001192,-0.0000005960,0.0000000000,-0.0000000000,-0.0000000000,1.0000000000,0,-191.3,229.2,1812.6,1,0.0000170469,-0.9999990463,-0.0000000000,0.9999990463,0.0000170469,-0.0000000000,0.0000000000,-0.0000000000,1.0000000000,0,-191.3,-39.9,1812.6,0,0.2653551996,0.6734937429,0.6899223328,-0.9641380310,0.1816833019,0.1934659630,0.0049507404,-0.7165175676,0.6975515485,1,84.3,229.8,1832.8,1,-0.3618175089,0.6734938025,0.6445884705,-0.7642410994,0.1816832721,-0.6188108325,-0.5338761806,-0.7165175676,0.4489753842,1,158.0,-37.9,1834.2,1,0.6852149963,-0.2192950100,-0.6945431232,-0.0480613708,0.9379040003,-0.3435496092,0.7267534733,0.2687860131,0.6321262121,1,-155.6,-159.7,1950.0,1,0.1025479063,0.0009498653,-0.9947276115,0.0119385989,0.9999263287,0.0021855971,0.9946564436,-0.0120997820,0.1025290191,0,-65.3,-545.7,1839.3,1,0.9938039184,-0.0594503544,0.0939120501,0.0605592616,0.9981240034,-0.0089999419,-0.0932008177,0.0146314204,0.9955398440,0,30.5,-159.3,1963.6,1,0.9055032730,-0.1746042073,0.3867521584,0.1764338315,0.9838218689,0.0310742147,-0.3859209120,0.0400983654,0.9216600060,0,55.0,-570.1,1957.6,0,-191.3,-309.0,1812.6,0,62.4,-239.8,1693.1,1,-65.7,-941.5,1844.1,0,124.1,-959.5,1941.7,0,
20,0.9986811876,0.0274036601,-0.0434259400,-0.0091865556,0.9273912907,0.3739802241,0.0505197048,-0.3730865717,0.9264197946,1,-47.3,432.0,1741.0,1,0.9986811876,0.0274036601,-0.0434259400,-0.0091865556,0.9273912907,0.3739802241,0.0505197048,-0.3730865717,0.9264197946,1,-53.2,230.2,1822.1,1,0.9986838698,0.0256443415,-0.0444261283,-0.0090902243,0.9408304095,0.3387560844,0.0504830331,-0.3379049301,0.9398251176,1,-58.5,36.6,1891.6,1,-0.0000005960,-1.0000001192,-0.0000000000,1.0000001192,-0.0000005960,0.0000000000,-0.0000000000,-0.0000000000,1.0000000000,0,-191.2,231.5,1815.1,1,0.0000170469,-0.9999990463,-0.0000000000,0.9999990463,0.0000170469,-0.0000000000,0.0000000000,-0.0000000000,1.0000000000,0,-191.2,-37.6,1815.1,0,0.2282911837,0.6516121030,0.7233843207,-0.9722622633,0.1914160848,0.1344097108,-0.0508843996,-0.7340037823,0.6772364378,1,84.8,229.0,1829.1,1,-0.4101827145,0.6516121030,0.6380845308,-0.7250496149,0.1914161146,-0.6615610123,-0.5532208085,-0.7340038419,0.3939355016,1,147.5,-38.4,1815.1,1,0.7936130166,-0.1596499383,-0.5871033072,-0.0156406984,0.9592870474,-0.2819994390,0.6082218289,0.2329811305,0.7588056326,0,-157.8,-156.1,1956.4,1,0.2469518781,0.0000548856,-0.9690278172,0.0107597671,0.9999381900,0.0027987100,0.9689680934,-0.0111176595,0.2469360232,0,-92.1,-550.9,1860.5,0,0.6678717136,-0.2458784282,0.7024893761,0.3485676646,0.9372776151,-0.0033340324,-0.6576077938,0.2470917702,0.7116864920,1,30.2,-157.8,1965.9,1,0.3688701391,-0.2458786815,0.8963696361,0.3262161613,0.9372775555,0.1228568852,-0.8703550100,0.2470920235,0.4259432852,1,131.1,-542.2,1864.6,1,-191.2,-306.8,1815.1,0,39.1,-230.1,1668.9,1,-92.1,-946.7,1864.9,0,228.0,-911.9,1767.1,1,
21,0.9994186163,0.0307757705,-0.0147016430,-0.0225719530,0.9199453592,0.3913965821,0.0255686883,-0.3908356428,0.9201049209,1,-46.7,428.4,1735.4,1,0.9994186163,0.0307757705,-0.0147016430,-0.0225719530,0.9199453592,0.3913965821,0.0255686883,-0.3908356428,0.9201049209,1,-53.4,228.3,1820.4,1,0.9994847775,0.0278425720,-0.0159942992,-0.0204765573,0.9363533854,0.3504614532,0.0247324742,-0.3499518931,0.9364408255,1,-59.1,35.7,1892.4,1,-0.0000005960,-1.0000001192,-0.0000000000,1.0000001192,-0.0000005960,0.0000000000,-0.0000000000,-0.0000000000,1.0000000000,0,-191.4,231.2,1817.0,1,0.0000170469,-0.9999990463,-0.0000000000,0.9999990463,0.0000170469,-0.0000000000,0.0000000000,-0.0000000000,1.0000000000,0,-191.4,-38.0,1817.0,0,0.1864358634,0.6329296231,0.7514265776,-0.9769206643,0.2005840838,0.0734302700,-0.1042479798,-0.7477741838,0.6557181478,1,84.7,225.5,1823.8,1,-0.4505184889,0.6329296827,0.6296294332,-0.6900644898,0.2005840689,-0.6953970790,-0.5664309859,-0.7477741241,0.3463954329,1,135.3,-39.7,1795.5,1,0.7243652940,-0.1960340589,-0.6609580517,-0.0868705064,0.9251260757,-0.3695879877,0.6839213371,0.3251344860,0.6530995965,1,-159.3,-155.1,1962.1,1,0.1436906010,-0.0875390023,-0.9857433438,-0.1672060341,0.9796118736,-0.1113679036,0.9753949642,0.1808247566,0.1261239648,1,-79.1,-533.4,1829.1,1,0.7827095985,-0.2152302414,0.5839877725,0.2824133039,0.9589648247,-0.0250850543,-0.5546246171,0.1845602095,0.8113747835,0,29.7,-158.9,1966.8,1,0.4768099785,-0.2372798324,0.8463749290,0.3038774729,0.9480047226,0.0945805460,-0.8248094916,0.2120973319,0.5241221189,0,118.3,-553.6,1890.8,0,-191.4,-307.1,1817.0,0,16.1,-222.3,1645.7,1,-45.4,-911.4,1759.4,1,212.2,-928.8,1806.9,0,
22,0.9992426038,0.0364510603,0.0136491628,-0.0388387665,0.9105902910,0.4114817679,0.0025686151,-0.4116987288,0.9113160372,1,-45.9,426.5,1728.6,1,0.9992426038,0.0364510603,0.0136491628,-0.0388387665,0.9105902910,0.4114817679,0.0025686151,-0.4116987288,0.9113160372,1,-53.8,228.4,1818.2,1,0.9994796515,0.0299681798,0.0119650252,-0.0322687291,0.9305273294,0.3647982776,-0.0002030283,-0.3649930656,0.9310099483,1,-60.0,36.9,1893.3,1,-0.0000005960,-1.0000001192,-0.0000000000,1.0000001192,-0.0000005960,0.0000000000,-0.0000000000,-0.0000000000,1.0000000000,0,-191.9,232.8,1818.2,1,0.0000170469,-0.9999990463,-0.0000000000,0.9999990463,0.0000170469,-0.0000000000,0.0000000000,-0.0000000000,1.0000000000,0,-191.9,-36.3,1818.2,0,0.1417509913,0.6094339490,0.7800621986,-0.9772049189,0.2119601369,0.0119786412,-0.1580418795,-0.7639786005,0.6255873442,1,84.2,223.9,1818.2,1,-0.4916146696,0.6094339490,0.6220171452,-0.6549625993,0.2119601369,-0.7253254056,-0.5738807917,-0.7639786005,0.2949536741,1,122.7,-41.3,1775.3,1,0.7437573075,-0.1868356913,-0.6418079138,-0.1013012081,0.9175502062,-0.3844992518,0.6607291698,0.3509900570,0.6635079384,1,-160.8,-151.5,1968.4,1,0.1730913222,-0.1339755952,-0.9757509828,-0.2574201524,0.9501140118,-0.1761200279,0.9506704807,0.2816627920,0.1299684644,1,-84.2,-527.8,1824.5,1,0.8589693904,-0.1830334812,0.4781948626,0.2266380936,0.9733664393,-0.0345393680,-0.4591369927,0.1380454302,0.8775743246,0,28.5,-157.6,1968.4,1,0.5682275295,-0.2258633375,0.7912667990,0.2808243036,0.9570899606,0.0715301484,-0.7734695673,0.1815615743,0.6072727442,0,103.9,-558.2,1911.6,0,-191.9,-305.4,1818.2,0,-8.7,-216.3,1621.9,1,-32.2,-896.7,1715.1,1,193.3,-937.0,1839.7,0,
23,0.9982894063,0.0408302359,0.0418567173,-0.0545402914,0.9083026648,0.4147431552,-0.0210860390,-0.4163150191,0.9089755416,1,-45.1,423.8,1725.8,1,0.9982894063,0.0408302359,0.0418567173,-0.0545402914,0.9083026648,0.4147431552,-0.0210860390,-0.4163150191,0.9089755416,1,-54.0,226.6,1816.2,1,0.9987346530,0.0304494146,0.0400345773,-0.0430641919,0.9289159179,0.3677781522,-0.0259917099,-0.3690353334,0.9290515780,1,-60.3,35.4,1892.1,1,-0.0000005960,-1.0000001192,-0.0000000000,1.0000001192,-0.0000005960,0.0000000000,-0.0000000000,-0.0000000000,1.0000000000,0,-192.0,232.5,1819.8,1,0.0000170469,-0.9999990463,-0.0000000000,0.9999990463,0.0000170469,-0.0000000000,0.0000000000,-0.0000000000,1.0000000000,0,-192.0,-36.6,1819.8,0,0.0827942491,0.6205993295,0.7797446847,-0.9757112861,0.2097129226,-0.0633084252,-0.2028116584,-0.7555640936,0.6228888035,1,84.0,220.6,1812.6,1,-0.5071575046,0.6205993891,0.5980366468,-0.6275441647,0.2097129524,-0.7498059273,-0.5907450318,-0.7555640936,0.2830959558,1,106.4,-43.7,1757.6,1,0.7641507387,-0.2192347497,-0.6066383123,-0.0594038665,0.9125540853,-0.4046186209,0.6422967315,0.3452261686,0.6843054891,1,-161.5,-151.6,1970.5,1,0.1895488054,-0.0671926290,-0.9795694947,-0.1263670027,0.9876893163,-0.0922018886,0.9737056494,0.1412620246,0.1787243932,0,-71.2,-527.2,1828.4,1,0.9089282155,-0.1527893543,0.3879496455,0.1809474230,0.9828011394,-0.0368776619,-0.3756428361,0.1037176400,0.9209425449,0,28.4,-159.8,1965.6,1,0.6449520588,-0.2127213329,0.7340207100,0.2579159141,0.9647148848,0.0529576875,-0.7193859816,0.1551604867,0.6770590544,0,91.3,-564.3,1922.9,0,-192.0,-305.7,1819.8,0,-29.5,-211.8,1599.4,1,-44.6,-918.1,1772.5,0,175.5,-946.1,1861.5,0,
