1,0.7877945900,-0.0563134588,0.6133585572,-0.1348636150,0.9558773637,0.2609785199,-0.6009930372,-0.2883170545,0.7454398870,1,247.1,360.3,1517.7,1,0.7877945900,-0.0563134588,0.6133585572,-0.1348636150,0.9558773637,0.2609785199,-0.6009930372,-0.2883170545,0.7454398870,1,257.5,182.6,1571.3,1,0.7881256342,-0.0398851149,0.6142209768,-0.1414542496,0.9594521523,0.2438070327,-0.5990407467,-0.2790345848,0.7505263686,1,264.6,12.7,1620.7,1,0.1484516114,-0.9860119820,0.0757791474,0.8744539022,0.1666688174,0.4555786550,-0.4618360102,-0.0013660118,0.8869642615,1,159.0,200.3,1646.2,1,0.1499579996,-0.9886706471,-0.0065657450,0.9882232547,0.1500881016,-0.0298066158,0.0304543637,-0.0020186813,0.9995341897,1,121.1,-23.2,1764.2,1,0.2173669040,0.7274401188,0.6508321166,-0.9746924639,0.1260955781,0.1845927536,0.0522131175,-0.6744855046,0.7364394069,1,356.1,164.9,1496.4,1,-0.2415436953,0.6861299276,0.6862086058,-0.9680106640,-0.2198574245,-0.1209050566,0.0679114833,-0.6934610605,0.7172862887,1,409.6,-75.2,1509.3,1,0.8121191859,0.1023316532,0.5744481683,-0.1722088456,0.9826825261,0.0684040338,-0.5575002432,-0.1544772834,0.8156777620,1,207.2,-145.7,1719.1,1,0.8101115823,0.0771895275,0.5811721683,-0.2020622492,0.9673187137,0.1531836540,-0.5503545403,-0.2415287793,0.7992332578,1,171.0,-493.8,1773.9,1,0.8055455089,0.1221841499,0.5797995329,-0.1714456826,0.9847155809,0.0306841396,-0.5671885014,-0.1241215840,0.8141812682,1,336.1,-168.8,1621.2,1,0.8176853657,0.0005751628,0.5756652355,-0.0004486414,0.9999998212,-0.0003618687,-0.5756652951,0.0000376275,0.8176854849,0,292.8,-517.7,1665.2,1,82.9,-274.8,1756.5,1,349.9,-314.5,1526.1,1,144.7,-823.2,1856.1,1,292.6,-858.3,1665.2,0,
2,0.7940894365,-0.0605665371,0.6047757268,-0.1337957382,0.9531959891,0.2711375654,-0.5928925872,-0.2962237597,0.7488189936,1,247.6,359.3,1516.1,1,0.7940894365,-0.0605665371,0.6047757268,-0.1337957382,0.9531959891,0.2711375654,-0.5928925872,-0.2962237597,0.7488189936,1,258.8,182.4,1571.1,1,0.7944429517,-0.0428654365,0.6058243513,-0.1403249204,0.9575604796,0.2517664135,-0.5909063816,-0.2850261629,0.7547116280,1,266.4,12.8,1621.6,1,0.1433747709,-0.9875711203,0.0643973798,0.8749929070,0.1568964422,0.4580076039,-0.4624188542,-0.0093194842,0.8866126537,1,159.5,199.9,1645.0,1,0.1498891562,-0.9886333346,-0.0117177423,0.9885855317,0.1500433683,-0.0136228269,0.0152261499,-0.0095420759,0.9998385310,1,122.9,-23.3,1762.9,1,0.2245319933,0.7316589355,0.6436308026,-0.9729798436,0.1318556517,0.1895368844,0.0538100041,-0.6687968969,0.7414953113,1,358.1,164.8,1497.2,1,-0.2432377189,0.6900497675,0.6816646457,-0.9678075314,-0.2195229977,-0.1231184527,0.0646831840,-0.6896672249,0.7212316990,1,413.1,-73.4,1510.4,1,0.8173122406,0.1058748737,0.5663844347,-0.1795207262,0.9808368683,0.0757056326,-0.5475153923,-0.1635528654,0.8206567168,1,209.0,-145.4,1720.4,1,0.8178792000,0.0670475364,0.5714703202,-0.1714942008,0.9764531851,0.1308777481,-0.5492389798,-0.2050460428,0.8101189733,1,171.5,-492.8,1778.4,1,0.8740027547,0.1044810787,0.4745554924,-0.1364001930,0.9900964499,0.0332264677,-0.4663841724,-0.0937694833,0.8795982599,0,339.0,-168.3,1623.7,1,0.8514375687,0.0005179140,0.5244557261,-0.0004148157,0.9999998808,-0.0003140860,-0.5244558454,0.0000498722,0.8514376879,0,302.0,-519.1,1656.9,0,84.8,-274.9,1759.1,1,353.0,-312.6,1526.4,1,148.7,-825.1,1848.2,1,301.9,-859.7,1656.9,0,
3,0.7957921624,-0.0666670874,0.6018890142,-0.1321003437,0.9508736730,0.2799789011,-0.5909866095,-0.3023146391,0.7478906512,1,248.1,359.5,1514.3,1,0.7957921624,-0.0666670874,0.6018890142,-0.1321003437,0.9508736730,0.2799789011,-0.5909866095,-0.3023146391,0.7478906512,1,260.5,182.6,1570.6,1,0.7962794304,-0.0450220741,0.6032513976,-0.1404195428,0.9562314153,0.2567164302,-0.5884066820,-0.2891261578,0.7551049590,1,268.5,13.3,1621.8,1,0.1493108571,-0.9869535565,0.0602422804,0.8744158745,0.1602384597,0.4579526186,-0.4616310298,-0.0157004930,0.8869331479,1,161.0,200.2,1644.1,1,0.1450473368,-0.9893009663,-0.0156480800,0.9894247055,0.1450275481,0.0023981649,-0.0001031041,-0.0158304442,0.9998747110,1,122.8,-23.3,1762.1,1,0.2237618119,0.7339321375,0.6413066983,-0.9727057815,0.1266884953,0.1944056302,0.0614343621,-0.6673032641,0.7422480583,1,360.1,165.1,1497.0,1,-0.2389397621,0.6939272285,0.6792443395,-0.9691766500,-0.2136752903,-0.1226359010,0.0600373335,-0.6876103282,0.7235935330,1,414.8,-72.8,1512.0,1,0.8191400170,0.1131617948,0.5623202324,-0.1795479506,0.9816652536,0.0639989525,-0.5447679758,-0.1533875614,0.8244392276,1,211.0,-144.6,1721.4,1,0.8198431134,0.0578283109,0.5696605444,-0.1683233827,0.9752683043,0.1432443261,-0.5472882986,-0.2133250833,0.8093008399,1,170.9,-492.3,1775.8,1,0.9187232256,0.0876064748,0.3850620389,-0.1081964672,0.9936115146,0.0320878327,-0.3797909617,-0.0711421967,0.9223327041,0,342.0,-167.7,1624.6,1,0.8790796399,0.0004658340,0.4766747952,-0.0003819186,0.9999998808,-0.0002729264,-0.4766748548,0.0000578731,0.8790796995,0,311.0,-519.7,1649.8,0,85.9,-275.2,1762.2,1,355.7,-312.4,1526.9,1,151.2,-824.3,1848.4,1,310.8,-860.3,1649.8,0,
4,0.7942670584,-0.0696148872,0.6035674214,-0.1274064928,0.9522423148,0.2774915695,-0.5940608978,-0.2973006964,0.7474650145,1,248.6,358.7,1516.9,1,0.7942670584,-0.0696148872,0.6035674214,-0.1274064928,0.9522423148,0.2774915695,-0.5940608978,-0.2973006964,0.7474650145,1,261.5,182.2,1572.0,1,0.7948240638,-0.0476112962,0.6049694419,-0.1364788860,0.9573529959,0.2546531260,-0.5912945271,-0.2849698365,0.7544288635,1,270.0,12.7,1622.5,1,0.1449641287,-0.9875317812,0.0613696948,0.8787783980,0.1570060104,0.4506634772,-0.4546799064,-0.0113996752,0.8905819654,1,162.2,199.3,1646.0,1,0.1629480273,-0.9865788817,-0.0104845557,0.9866191745,0.1628768593,0.0073236409,-0.0055176578,-0.0115376366,0.9999182224,1,125.4,-23.3,1761.2,1,0.2270041257,0.7321377397,0.6422176957,-0.9720000625,0.1292173713,0.1962622702,0.0607053228,-0.6687879562,0.7409706712,1,360.9,165.2,1498.1,1,-0.2370139658,0.6927385926,0.6811296344,-0.9695769548,-0.2128313184,-0.1209267601,0.0611950792,-0.6890689135,0.7221074104,1,416.8,-74.1,1513.1,1,0.8178661466,0.1173591092,0.5633132458,-0.1758902967,0.9831108451,0.0505539440,-0.5478664041,-0.1404276937,0.8246954083,1,213.2,-145.7,1721.5,1,0.8176536560,0.0577223487,0.5728095770,-0.1791426688,0.9710757136,0.1578602642,-0.5471293926,-0.2316896170,0.8043441176,1,171.6,-493.9,1771.2,1,0.8118428588,0.1294894367,0.5693362355,-0.1697237939,0.9853288531,0.0179144759,-0.5586636662,-0.1111736521,0.8219096065,1,343.6,-168.1,1624.5,1,0.8231061697,-0.0039258641,0.5678738952,-0.0000989086,0.9999751449,0.0070564575,-0.5678874850,-0.0058643818,0.8230852485,0,297.7,-517.2,1663.9,1,84.0,-274.5,1762.6,1,358.2,-313.8,1528.2,1,152.0,-824.6,1850.1,1,299.1,-857.8,1665.9,0,
5,0.7955914736,-0.0646796152,0.6023710966,-0.1285792142,0.9536063671,0.2722163200,-0.5920326710,-0.2940252125,0.7503641844,1,250.3,358.5,1518.2,1,0.7955914736,-0.0646796152,0.6023710966,-0.1285792142,0.9536063671,0.2722163200,-0.5920326710,-0.2940252125,0.7503641844,1,262.2,181.9,1572.7,1,0.7960218787,-0.0481937751,0.6033462286,-0.1358658075,0.9571586847,0.2557090223,-0.5898225904,-0.2855239511,0.7553709745,1,270.8,12.4,1623.3,1,0.1744877398,-0.9839873314,-0.0363714248,0.8339073062,0.1280307472,0.5368489027,-0.5235959291,-0.1240039468,0.8428940177,1,162.7,198.9,1646.4,1,0.1203556433,-0.9839875698,-0.1314662546,0.9904297590,0.1280307621,-0.0515482314,0.0675545335,-0.1240039691,0.9899795651,1,118.5,-12.4,1779.1,1,0.2310851365,0.7319548130,0.6409694552,-0.9712551236,0.1348685324,0.1961480975,0.0571249314,-0.6678717732,0.7420808673,1,361.8,165.0,1498.9,1,-0.2438490391,0.6902165413,0.6812772751,-0.9675416946,-0.2211923003,-0.1222168282,0.0663371980,-0.6889666319,0.7217509151,1,418.8,-74.9,1513.1,1,0.8189752698,0.1233286262,0.5604190826,-0.1756928712,0.9836202264,0.0402905345,-0.5462705493,-0.1314586103,0.8272285461,1,214.1,-146.0,1722.1,1,0.8181557059,0.0569996759,0.5721645951,-0.1907672286,0.9656213522,0.1765876412,-0.5424289107,-0.2536264062,0.8009023666,1,170.4,-494.4,1768.7,1,0.8127437234,0.1355751455,0.5666279197,-0.1711407602,0.9851983786,0.0097509334,-0.5569189191,-0.1048981398,0.8239161372,1,344.5,-168.3,1625.5,1,0.8245679140,-0.0019629470,0.5657597184,-0.0000403177,0.9999938607,0.0035283165,-0.5657631755,-0.0029321464,0.8245626092,0,296.5,-517.3,1662.7,1,88.0,-263.6,1762.0,1,358.5,-314.1,1529.5,1,151.0,-823.2,1855.1,1,297.1,-857.9,1663.7,0,
6,0.7976236939,-0.0668771490,0.5994364619,-0.1289703846,0.9519373178,0.2778151035,-0.5892063975,-0.2989012599,0.7506622076,1,251.7,356.5,1516.9,1,0.7976236939,-0.0668771490,0.5994364619,-0.1289703846,0.9519373178,0.2778151035,-0.5892063975,-0.2989012599,0.7506622076,1,264.1,180.4,1572.2,1,0.7981204987,-0.0479755811,0.6005848646,-0.1372244358,0.9561507106,0.2587366998,-0.5866636038,-0.2889177799,0.7565396428,1,272.6,11.0,1623.4,1,0.1643633544,-0.9852334857,-0.0479539447,0.8587802649,0.1190125197,0.4983296692,-0.4852640033,-0.1230890378,0.8656603694,1,164.3,197.5,1645.5,1,0.1473394930,-0.9815344214,-0.1219886094,0.9890844822,0.1464215517,0.0165051501,0.0016613882,-0.1230889037,0.9923943281,1,122.3,-22.3,1769.7,1,0.2274949849,0.7343260050,0.6395398974,-0.9720618725,0.1322632134,0.1939126551,0.0578075275,-0.6657865047,0.7438995838,1,363.9,163.2,1498.9,1,-0.2444256842,0.6925213337,0.6787269711,-0.9673210382,-0.2228128910,-0.1210139543,0.0674243644,-0.6861258149,0.7243517041,1,419.8,-75.7,1513.1,1,0.8210950494,0.1255805641,0.5568054914,-0.1757951975,0.9837171435,0.0373717956,-0.5430459380,-0.1285695285,0.8298017383,1,215.4,-147.1,1722.9,1,0.8198637366,0.0608512498,0.5693159699,-0.1984010041,0.9629247189,0.1827923656,-0.5370852947,-0.2628176808,0.8015400171,1,170.9,-495.5,1768.4,1,0.8787353039,0.1141453534,0.4634599686,-0.1371771544,0.9904146194,0.0161636155,-0.4571725130,-0.0777796507,0.8859704733,0,346.8,-169.7,1626.2,1,0.8570793867,-0.0016913810,0.5151815414,0.0000593672,0.9999949336,0.0031842948,-0.5151842833,-0.0026986087,0.8570751548,0,306.4,-520.5,1653.8,0,84.9,-273.0,1769.3,1,359.4,-314.8,1529.7,1,150.2,-823.5,1857.9,1,306.9,-861.2,1654.7,0,
7,0.7947977185,-0.0665969849,0.6032094955,-0.1278668940,0.9532704353,0.2737243176,-0.5932518840,-0.2946857214,0.7491410971,1,252.1,359.1,1518.7,1,0.7947977185,-0.0665969849,0.6032094955,-0.1278668940,0.9532704353,0.2737243176,-0.5932518840,-0.2946857214,0.7491410971,1,264.5,182.0,1573.5,1,0.7953777313,-0.0468076207,0.6043041945,-0.1376371086,0.9570190907,0.2552838624,-0.5902808309,-0.2862215638,0.7547487617,1,272.8,12.5,1624.2,1,0.1906890571,-0.9776772261,-0.0882327780,0.8208380342,0.1095092297,0.5605646372,-0.5383889079,-0.1793183684,0.8233968616,1,165.0,199.2,1647.3,1,0.0984383896,-0.9776772261,-0.1856265664,0.9927104712,0.1095092222,-0.0503368229,0.0695409924,-0.1793183684,0.9813302159,1,116.4,-10.3,1784.7,1,0.2281605303,0.7314933538,0.6425421834,-0.9720842242,0.1340522766,0.1925677806,0.0547278002,-0.6685414910,0.7416585088,1,363.9,164.8,1499.7,1,-0.2512398958,0.6869429946,0.6819002628,-0.9657603502,-0.2249958962,-0.1291658431,0.0646951795,-0.6910038590,0.7199502587,1,421.1,-78.7,1513.4,1,0.8187837601,0.1310084164,0.5589543581,-0.1737251282,0.9845082760,0.0237308051,-0.5471862555,-0.1165348217,0.8288587332,1,215.8,-145.7,1723.3,1,0.8171262741,0.0561457723,0.5737180710,-0.2131899297,0.9541165233,0.2102660686,-0.5355883837,-0.2941248417,0.7916033268,1,169.4,-494.4,1764.6,1,0.8123483062,0.1468422264,0.5643824339,-0.1709560007,0.9852251410,-0.0102710780,-0.5575519800,-0.0881408900,0.8254494667,1,346.3,-168.3,1626.4,1,0.8242668509,-0.0005967579,0.5662012696,-0.0008081168,0.9999972582,0.0022304081,-0.5662010312,-0.0022960082,0.8242639899,0,294.3,-517.3,1657.7,1,91.4,-261.6,1767.1,1,359.0,-317.4,1529.4,1,150.3,-819.2,1864.7,1,294.5,-858.0,1658.4,0,
8,0.7953953147,-0.0651116893,0.6025835872,-0.1363047212,0.9495279789,0.2825190425,-0.5905662179,-0.3068490922,0.7463745475,1,254.1,356.2,1515.6,1,0.7953953147,-0.0651116893,0.6025835872,-0.1363047212,0.9495279789,0.2825190425,-0.5905662179,-0.3068490922,0.7463745475,1,266.2,179.7,1572.7,1,0.7959311008,-0.0427422710,0.6038766503,-0.1457641274,0.9546272159,0.2596903741,-0.5875777602,-0.2947190106,0.7535867095,1,273.8,10.6,1624.9,1,0.1833134741,-0.9801784754,-0.0751415715,0.8492006063,0.1193835810,0.5143985152,-0.4952316582,-0.1581064463,0.8542528749,1,166.7,198.0,1646.1,1,0.1155836284,-0.9801785350,-0.1609053016,0.9927478433,0.1193835735,-0.0141189899,0.0330485813,-0.1581064612,0.9868688583,1,119.8,-19.2,1772.8,1,0.2277522385,0.7316258550,0.6425360441,-0.9720497727,0.1322101057,0.1940096468,0.0569927059,-0.6687631607,0.7412878871,1,365.7,161.5,1499.2,1,-0.2500987649,0.6874744892,0.6817840338,-0.9660987258,-0.2237810493,-0.1287450939,0.0640613660,-0.6908696294,0.7201356292,1,421.7,-77.6,1513.2,1,0.8201984167,0.1307113469,0.5569461584,-0.1736046374,0.9845080376,0.0246054232,-0.5451017618,-0.1168697774,0.8301839828,1,216.4,-146.5,1725.0,1,0.8189887404,0.0543687046,0.5712280273,-0.1999365538,0.9601536393,0.1952696443,-0.5378501415,-0.2741329968,0.7972254157,1,170.1,-495.3,1766.4,1,0.8784839511,0.1223839074,0.4618312418,-0.1379990727,0.9904323816,0.0000367947,-0.4574081004,-0.0637646168,0.8869677782,0,346.3,-170.3,1629.1,1,0.8568327427,-0.0004760315,0.5155943036,-0.0006684992,0.9999977350,0.0020342011,-0.5155940652,-0.0020876445,0.8568304181,0,302.9,-521.2,1651.7,0,90.5,-271.1,1764.4,1,359.9,-316.4,1529.1,1,151.6,-822.2,1859.7,1,303.1,-861.8,1652.4,0,
9,0.7939080596,-0.0626174286,0.6048051715,-0.1434667557,0.9473071694,0.2864015996,-0.5908709764,-0.3141458035,0.7430906892,1,255.5,355.3,1514.1,1,0.7939080596,-0.0626174286,0.6048051715,-0.1434667557,0.9473071694,0.2864015996,-0.5908709764,-0.3141458035,0.7430906892,1,267.2,179.2,1572.5,1,0.7943440676,-0.0409647189,0.6060854793,-0.1514653713,0.9528554082,0.2629148662,-0.5882830024,-0.3006456494,0.7506897449,1,274.4,10.5,1625.7,1,0.1618753225,-0.9835592508,-0.0800472423,0.8707919717,0.1042119712,0.4804800749,-0.4642386734,-0.1474823654,0.8733449578,1,167.9,198.2,1646.0,1,0.1435629874,-0.9788198471,-0.1459499598,0.9896407127,0.1418399215,0.0221996587,-0.0010279360,-0.1476250738,0.9890428185,1,126.1,-26.8,1765.9,1,0.2210887671,0.7307417989,0.6458609700,-0.9734759927,0.1253880858,0.1913698316,0.0588586517,-0.6710398793,0.7390813828,1,366.5,160.3,1498.9,1,-0.2562499940,0.6842024922,0.6827905178,-0.9645181894,-0.2274428457,-0.1340686679,0.0635657087,-0.6929189563,0.7182079554,1,421.6,-82.4,1513.6,1,0.8200941086,0.1243846714,0.5585465431,-0.1678936034,0.9854336977,0.0270625632,-0.5470443964,-0.1159702465,0.8290315866,1,216.8,-146.0,1727.0,1,0.8177956343,0.0721559227,0.5709674954,-0.2076775432,0.9622612000,0.1758505404,-0.5367312431,-0.2623869181,0.8019181490,1,172.8,-495.0,1768.1,1,0.8141587973,0.1482533216,0.5613968372,-0.1644725204,0.9861386418,-0.0218946282,-0.5568610430,-0.0745086521,0.8272570372,1,346.6,-170.7,1630.9,1,0.8250236511,0.0011009136,0.5650972128,-0.0040867277,0.9999836087,0.0040183375,-0.5650835633,-0.0056246216,0.8250145912,0,294.0,-520.0,1657.3,1,89.6,-278.1,1766.2,1,358.2,-320.8,1529.3,1,148.2,-822.7,1857.4,1,293.7,-860.7,1659.2,0,
10,0.7882866263,-0.0635671765,0.6120160222,-0.1463506669,0.9467348456,0.2868345082,-0.5976510644,-0.3156766295,0.7369947433,1,255.8,355.7,1513.8,1,0.7882866263,-0.0635671765,0.6120160222,-0.1463506669,0.9467348456,0.2868345082,-0.5976510644,-0.3156766295,0.7369947433,1,267.7,179.2,1572.7,1,0.7888339758,-0.0388637930,0.6133764982,-0.1564995050,0.9524008036,0.2616106570,-0.5943483114,-0.3023603559,0.7452033758,1,274.6,10.5,1626.2,1,0.1552321166,-0.9850264788,-0.0750063881,0.8823433518,0.1041028202,0.4589475393,-0.4442670345,-0.1374247968,0.8852916360,1,169.1,198.7,1647.0,1,0.1536162943,-0.9790731072,-0.1334837377,0.9878603816,0.1490074396,0.0439174399,-0.0231083129,-0.1386097372,0.9900774360,1,128.9,-29.9,1762.1,1,0.2209299058,0.7255792022,0.6517091393,-0.9733417034,0.1218230128,0.1943321973,0.0616102442,-0.6772695184,0.7331508994,1,366.3,159.6,1498.4,1,-0.2553648353,0.6790336370,0.6882603168,-0.9648635387,-0.2245291024,-0.1364737004,0.0618642345,-0.6989278793,0.7125115991,1,421.6,-84.2,1513.8,1,0.8149166107,0.1223451942,0.5665179491,-0.1723441184,0.9844033718,0.0353193842,-0.5533609986,-0.1264183819,0.8232921362,1,217.1,-145.5,1728.3,1,0.8137397766,0.0727177933,0.5766624212,-0.1895858943,0.9710875750,0.1450731754,-0.5494402647,-0.2273789197,0.8039987683,1,173.8,-494.2,1773.0,1,0.8796739578,0.1228240058,0.4594431520,-0.1333253980,0.9910252094,-0.0096612610,-0.4565063715,-0.0527566783,0.8881546259,0,345.8,-171.0,1631.3,1,0.8574528694,0.0011456426,0.5145612359,-0.0035780794,0.9999866486,0.0037360135,-0.5145500302,-0.0050445963,0.8574455380,0,302.3,-522.1,1650.0,0,89.8,-281.0,1768.0,1,358.5,-322.7,1529.1,1,149.0,-824.7,1850.4,1,301.9,-862.7,1651.7,0,
11,0.7805059552,-0.0588294454,0.6223741770,-0.1482618749,0.9497392774,0.2757050097,-0.6073136926,-0.3074635863,0.7325544357,1,257.2,355.3,1517.2,1,0.7805059552,-0.0588294454,0.6223741770,-0.1482618749,0.9497392774,0.2757050097,-0.6073136926,-0.3074635863,0.7325544357,1,268.1,178.6,1574.4,1,0.7809266448,-0.0383528508,0.6234442592,-0.1565044075,0.9542603493,0.2547410727,-0.6046990752,-0.2965057194,0.7392044067,1,274.9,9.6,1626.9,1,0.1489711255,-0.9867172241,-0.0647826344,0.8918170333,0.1057645902,0.4398593903,-0.4271650910,-0.1233006120,0.8957270980,1,170.5,198.1,1650.0,1,0.1655839831,-0.9790246487,-0.1187130138,0.9857845306,0.1608356833,0.0485881679,-0.0284757279,-0.1250708699,0.9917390943,1,131.7,-34.3,1761.3,1,0.2225267589,0.7179967761,0.6595167518,-0.9730911255,0.1220844984,0.1954196841,0.0597939417,-0.6852560043,0.7258434892,1,365.7,159.0,1498.8,1,-0.2459138483,0.6744463444,0.6961669326,-0.9674578905,-0.2149455547,-0.1335053444,0.0595957860,-0.7063430548,0.7053565383,1,421.3,-83.9,1513.7,1,0.8087662458,0.1136569679,0.5770434737,-0.1616773158,0.9863138199,0.0323333070,-0.5654710531,-0.1194449291,0.8160731196,1,217.9,-146.7,1728.8,1,0.8054328561,0.0892576501,0.5859274864,-0.2077212334,0.9684023857,0.1380173862,-0.5550944805,-0.2328733206,0.7985237241,1,177.7,-496.1,1771.1,1,0.8044801354,0.1453633159,0.5759175420,-0.1488550156,0.9879902601,-0.0414410271,-0.5750249028,-0.0523897484,0.8164566755,1,345.5,-172.3,1630.0,1,0.8135831952,0.0020442777,0.5814450383,-0.0021928665,0.9999974966,-0.0004474948,-0.5814445019,-0.0009109570,0.8135856390,0,294.0,-522.3,1648.6,1,89.6,-285.1,1768.6,1,360.5,-323.1,1528.5,1,147.3,-825.7,1850.4,1,293.3,-862.9,1648.9,0,
12,0.7716664076,-0.0628649890,0.6329131722,-0.1482670456,0.9499074221,0.2751221359,-0.6185053587,-0.3061425090,0.7236903310,1,257.5,356.8,1517.9,1,0.7716664076,-0.0628649890,0.6329131722,-0.1482670456,0.9499074221,0.2751221359,-0.6185053587,-0.3061425090,0.7236903310,1,269.2,180.1,1574.8,1,0.7721233368,-0.0426037014,0.6340430379,-0.1565174460,0.9542629123,0.2547235787,-0.6158967614,-0.2959166467,0.7301399112,1,276.8,11.1,1627.2,1,0.1506492198,-0.9871144891,-0.0539430901,0.8970443606,0.1135632396,0.4271005094,-0.4154711366,-0.1127317026,0.9025936723,1,172.7,199.7,1651.8,1,0.1675514281,-0.9800546765,-0.1068610698,0.9851282835,0.1622550935,0.0565292612,-0.0380630195,-0.1147434190,0.9926656485,1,133.1,-36.2,1761.0,1,0.2272316664,0.7075593472,0.6691228747,-0.9721355438,0.1241671592,0.1988339424,0.0576037392,-0.6956595182,0.7160583735,1,365.7,160.5,1497.8,1,-0.2447479069,0.6637648940,0.7067635059,-0.9677584767,-0.2119774222,-0.1360479295,0.0595140643,-0.7172737718,0.6942451596,1,422.4,-81.9,1512.2,1,0.8005381823,0.1077395305,0.5895174146,-0.1615764201,0.9860813618,0.0391984284,-0.5770888925,-0.1266319454,0.8068040609,1,221.2,-145.2,1729.9,1,0.7954105735,0.1122068614,0.5955935121,-0.2174731344,0.9701096416,0.1076698527,-0.5657097101,-0.2151673436,0.7960373759,1,183.1,-494.5,1774.8,1,0.7972005606,0.1427300870,0.5865997672,-0.1413135827,0.9887742996,-0.0485382974,-0.5869426131,-0.0441997573,0.8084210753,1,347.4,-170.7,1629.3,1,0.8053054810,0.0010221300,0.5928591490,-0.0010931598,0.9999993443,-0.0002391828,-0.5928589702,-0.0004554745,0.8053061366,0,296.8,-521.0,1645.0,1,90.5,-286.9,1770.7,1,361.9,-321.2,1526.9,1,144.9,-824.7,1848.0,1,296.5,-861.7,1645.1,0,
13,0.7633349299,-0.0664025992,0.6425811052,-0.1474482566,0.9505370259,0.2733823955,-0.6289513111,-0.3034296334,0.7157866359,1,257.8,357.1,1518.7,1,0.7633349299,-0.0664025992,0.6425811052,-0.1474482566,0.9505370259,0.2733823955,-0.6289513111,-0.3034296334,0.7157866359,1,270.1,180.2,1575.2,1,0.7639405727,-0.0438123532,0.6437975764,-0.1579169929,0.9546617866,0.2523541451,-0.6256660223,-0.2944499850,0.7223856449,1,277.9,11.1,1627.3,1,0.1453558654,-0.9884865880,-0.0420241803,0.8987800479,0.1141697764,0.4232725203,-0.4136012793,-0.0992956385,0.9050273299,1,174.6,199.9,1653.4,1,0.1689742059,-0.9811663628,-0.0935959592,0.9849025607,0.1644641608,0.0540236533,-0.0376130156,-0.1013115048,0.9941434264,1,136.8,-33.9,1761.0,1,0.2301331908,0.6985971928,0.6774960756,-0.9715752006,0.1252302974,0.2008959055,0.0555022545,-0.7044712305,0.7075592279,1,365.6,160.4,1497.0,1,-0.2471051514,0.6534003019,0.7155466080,-0.9672257900,-0.2108457983,-0.1414858997,0.0584230907,-0.7270570397,0.6840867400,1,422.7,-80.5,1510.7,1,0.7933734655,0.1113950834,0.5984562039,-0.1581785977,0.9870690703,0.0259669069,-0.5878250003,-0.1152644083,0.8007346392,1,223.1,-145.1,1730.7,1,0.7862884998,0.1270966530,0.6046460271,-0.2280913591,0.9691987634,0.0928869173,-0.5742166042,-0.2109504342,0.7910595536,1,183.7,-494.8,1771.5,1,0.8685526848,0.1170466021,0.4815768301,-0.1161284819,0.9927238822,-0.0318355262,-0.4817990363,-0.0282739624,0.8758254647,0,348.2,-171.0,1628.3,1,0.8412824869,0.0009354547,0.5405948758,-0.0009933591,0.9999994636,-0.0001845347,-0.5405947566,-0.0003817590,0.8412830234,0,306.7,-522.7,1638.3,0,93.8,-284.6,1770.6,1,361.6,-319.6,1525.2,1,140.4,-824.7,1843.4,1,306.4,-863.3,1638.4,0,
14,0.7558097243,-0.0679506212,0.6512560248,-0.1489370763,0.9506898522,0.2720403373,-0.6376286745,-0.3026067019,0.7084198594,1,258.7,357.6,1519.1,1,0.7558097243,-0.0679506212,0.6512560248,-0.1489370763,0.9506898522,0.2720403373,-0.6376286745,-0.3026067019,0.7084198594,1,271.4,180.3,1575.6,1,0.7564772367,-0.0433138795,0.6525841951,-0.1603699625,0.9550575614,0.2492909133,-0.6340541244,-0.2932376564,0.7155326009,1,279.1,11.1,1627.5,1,0.1393757313,-0.9898091555,-0.0291908998,0.8950802684,0.1133182272,0.4312658608,-0.4235630631,-0.0862361938,0.9017525315,1,176.8,200.3,1654.8,1,0.1780351549,-0.9805986881,-0.0820344836,0.9836875200,0.1751742810,0.0409007370,-0.0257368777,-0.0879780650,0.9957898259,1,140.9,-30.3,1763.9,1,0.2294031084,0.6904099584,0.6860817075,-0.9721099138,0.1272136569,0.1970252544,0.0487492569,-0.7121450305,0.7003376484,1,366.0,160.2,1496.3,1,-0.2498496026,0.6435953975,0.7234362960,-0.9661935568,-0.2147862315,-0.1426077187,0.0636024773,-0.7346099615,0.6755019426,1,422.6,-79.7,1508.4,1,0.7871845961,0.1217497140,0.6045802236,-0.1535165012,0.9881456494,0.0008921635,-0.5973047018,-0.0935153514,0.7965436578,1,224.9,-144.9,1731.3,1,0.7818329930,0.1023683548,0.6150268316,-0.2236399651,0.9668323994,0.1233703122,-0.5819986463,-0.2339995205,0.7787951231,1,181.7,-494.9,1764.4,1,0.7837479115,0.1473862678,0.6033377051,-0.1359757036,0.9885866046,-0.0648615509,-0.6060112715,-0.0312041622,0.7948437333,1,348.6,-171.2,1627.6,1,0.7912054658,0.0015589444,0.6115483046,-0.0010173614,0.9999987483,-0.0012329363,-0.6115494370,0.0003533404,0.7912060618,0,296.4,-521.4,1638.6,1,95.6,-280.6,1770.5,1,360.8,-318.6,1524.1,1,146.9,-824.0,1844.1,1,295.9,-862.0,1638.5,0,
15,0.7475314736,-0.0697967634,0.6605491042,-0.1518851966,0.9501537681,0.2722832263,-0.6466286778,-0.3038677573,0.6996682286,1,260.2,355.3,1518.8,1,0.7475314736,-0.0697967634,0.6605491042,-0.1518851966,0.9501537681,0.2722832263,-0.6466286778,-0.3038677573,0.6996682286,1,273.1,178.8,1575.3,1,0.7482003570,-0.0467759632,0.6618219018,-0.1628121883,0.9540666342,0.2514926493,-0.6431869268,-0.2959194183,0.7062167525,1,281.4,9.8,1627.7,1,0.1400957704,-0.9900209904,-0.0152170230,0.8857631087,0.1184446812,0.4487700164,-0.4424893558,-0.0763494521,0.8935177326,1,179.6,199.1,1655.7,1,0.1731589437,-0.9819954634,-0.0755049735,0.9848918915,0.1728026271,0.0112770163,0.0019734791,-0.0763169527,0.9970816970,1,143.9,-26.8,1768.5,1,0.2308603823,0.6804729104,0.6954566836,-0.9719131589,0.1277084649,0.1976745725,0.0456964821,-0.7215587497,0.6908435225,1,366.7,158.4,1494.9,1,-0.2502588630,0.6328163147,0.7327441573,-0.9659072161,-0.2150054574,-0.1442084014,0.0662865788,-0.7438523173,0.6650487781,1,422.9,-78.2,1506.0,1,0.7795775533,0.1323488057,0.6121621728,-0.1543059647,0.9878755212,-0.0170717593,-0.6069994569,-0.0811515152,0.7905479074,1,228.5,-145.9,1732.7,1,0.7751669884,0.0862899348,0.6258357167,-0.2308357656,0.9608181715,0.1534385234,-0.5880740881,-0.2634057403,0.7647132277,1,181.7,-495.8,1761.4,1,0.7772654891,0.1417675614,0.6129930019,-0.1285624206,0.9895140529,-0.0658308864,-0.6158978343,-0.0276397876,0.7873410583,1,350.9,-172.5,1627.5,1,0.7838298082,0.0007794256,0.6209753156,-0.0005012294,0.9999997616,-0.0006224833,-0.6209756732,0.0001766698,0.7838298678,0,300.7,-523.1,1637.3,1,99.8,-277.4,1768.0,1,361.0,-317.0,1522.4,1,152.3,-822.8,1851.1,1,300.4,-863.7,1637.2,0,
16,0.7459790111,-0.0746413469,0.6617733836,-0.1436697394,0.9522634149,0.2693560421,-0.6502887011,-0.2960106134,0.6996443868,1,261.8,352.9,1519.7,1,0.7459790111,-0.0746413469,0.6617733836,-0.1436697394,0.9522634149,0.2693560421,-0.6502887011,-0.2960106134,0.6996443868,1,275.6,176.3,1574.6,1,0.7467312217,-0.0532912649,0.6629875898,-0.1548870057,0.9554489255,0.2512503564,-0.6468411684,-0.2903045118,0.7052089572,1,285.1,7.1,1626.0,1,0.1409386694,-0.9899437428,-0.0121491663,0.8805776834,0.1197408959,0.4585247934,-0.4524589777,-0.0753221661,0.8885985613,1,182.3,195.7,1655.4,1,0.1816506237,-0.9806362391,-0.0731829181,0.9833285809,0.1805159450,0.0218872763,-0.0082527753,-0.0759386942,0.9970783591,1,146.6,-27.0,1769.9,1,0.2278487533,0.6781516075,0.6987097263,-0.9729843140,0.1311327517,0.1900150478,0.0372352824,-0.7231282592,0.6897093058,1,369.0,156.9,1493.7,1,-0.2561259866,0.6279360652,0.7349120378,-0.9638679624,-0.2234742194,-0.1449752897,0.0731986761,-0.7454901338,0.6624850035,1,424.0,-78.3,1502.7,1,0.7778045535,0.1303133219,0.6148485541,-0.1494012177,0.9885637164,-0.0205223020,-0.6104913354,-0.0758967698,0.7883782387,1,233.4,-149.5,1730.3,1,0.7699487209,0.1157852560,0.6275132298,-0.2494740188,0.9597491622,0.1290130168,-0.5873174667,-0.2558816671,0.7678429484,1,187.3,-499.7,1757.2,1,0.7738809586,0.1540273726,0.6143158078,-0.1330455542,0.9878690243,-0.0800849721,-0.6191988587,-0.0197557472,0.7849857211,1,355.5,-174.8,1624.5,1,0.7808603048,0.0003897122,0.6247056723,-0.0002490157,0.9999999404,-0.0003125725,-0.6247057319,0.0000885139,0.7808603644,0,301.0,-524.8,1631.5,1,100.4,-277.3,1772.0,1,360.7,-316.5,1520.8,1,147.9,-826.3,1844.3,1,300.8,-865.4,1631.5,0,
17,0.7398018837,-0.0859558806,0.6673117280,-0.1426756382,0.9492079616,0.2804410458,-0.6575240493,-0.3026797771,0.6899616122,1,261.6,354.1,1516.6,1,0.7398018837,-0.0859558806,0.6673117280,-0.1426756382,0.9492079616,0.2804410458,-0.6575240493,-0.3026797771,0.6899616122,1,277.6,178.0,1572.8,1,0.7406039238,-0.0606830306,0.6691961288,-0.1530884653,0.9544836879,0.2559768856,-0.6542711258,-0.2920235395,0.6976040602,1,288.3,8.9,1624.5,1,0.1568678170,-0.9867258072,0.0420104489,0.8360199332,0.1553146839,0.5262584686,-0.5257975459,-0.0474314429,0.8492863774,1,185.0,197.1,1654.6,1,0.1512935013,-0.9867256880,-0.0590141453,0.9853223562,0.1553146690,-0.0708325580,0.0790580735,-0.0474314503,0.9957409501,1,144.8,-17.0,1789.2,1,0.2267329842,0.6699275970,0.7069576979,-0.9734485745,0.1324250400,0.1867123246,0.0314648524,-0.7305207849,0.6821652055,1,370.1,158.8,1491.0,1,-0.2636435032,0.6159799695,0.7423347235,-0.9610534906,-0.2338501811,-0.1472765207,0.0828757361,-0.7522518635,0.6536427140,1,425.5,-79.0,1498.7,1,0.7703756094,0.1442442834,0.6210596561,-0.1595215648,0.9866983294,-0.0312918276,-0.6173121929,-0.0749659464,0.7831384540,1,238.5,-147.6,1729.7,1,0.7634503245,0.1071615815,0.6369143724,-0.2563094199,0.9554316401,0.1464780271,-0.5928313136,-0.2750758529,0.7568911910,1,187.4,-497.1,1756.3,1,0.7659471035,0.1653820723,0.6212679744,-0.1435747147,0.9859436154,-0.0854490772,-0.6266669035,-0.0237488858,0.7789252996,1,359.6,-172.7,1622.7,1,0.7739911675,0.0001949455,0.6331962943,-0.0001227493,1.0000000000,-0.0001578319,-0.6331963539,0.0000444361,0.7739911675,0,301.0,-522.0,1631.1,1,106.5,-266.7,1769.2,1,360.4,-316.6,1519.2,1,150.9,-822.4,1849.9,1,300.9,-862.6,1631.1,0,
18,0.7300918102,-0.0935806632,0.6769111753,-0.1340055615,0.9517384768,0.2761079967,-0.6700816751,-0.2922938466,0.6823157668,1,262.3,354.5,1517.6,1,0.7300918102,-0.0935806632,0.6769111753,-0.1340055615,0.9517384768,0.2761079967,-0.6700816751,-0.2922938466,0.6823157668,1,279.8,177.3,1572.0,1,0.7310752273,-0.0680527166,0.6788946390,-0.1456156969,0.9565264583,0.2526903450,-0.6665778756,-0.2835931778,0.6893829107,1,291.8,7.9,1622.2,1,0.1398833692,-0.9827467203,0.1210014895,0.8616380095,0.1810239106,0.4741415083,-0.4878651798,0.0379349738,0.8720943332,1,188.4,195.5,1655.3,1,0.1818416715,-0.9827467203,0.0337982289,0.9831379652,0.1810238957,-0.0258832388,0.0193183795,0.0379349738,0.9990934730,1,152.8,-23.4,1779.3,1,0.2265848219,0.6605514884,0.7157731056,-0.9735291004,0.1309544444,0.1873286217,0.0300065223,-0.7392717600,0.6727383733,1,371.1,159.1,1488.7,1,-0.2667291164,0.6047753096,0.7504014373,-0.9602777958,-0.2330047488,-0.1535424888,0.0819884092,-0.7615480423,0.6429014802,1,426.3,-78.0,1496.0,1,0.7596064210,0.1540842354,0.6318671107,-0.1644284576,0.9854668975,-0.0426418521,-0.6292545795,-0.0715059191,0.7739027739,1,242.5,-149.3,1728.4,1,0.7511549592,0.1180345491,0.6494876146,-0.2703285515,0.9526047707,0.1395228207,-0.6022364497,-0.2803782821,0.7474619150,1,188.0,-498.4,1753.7,1,0.8479784727,0.1344465166,0.5126954913,-0.1202822477,0.9908701181,-0.0608983040,-0.5162021518,-0.0100277159,0.8564080596,0,365.2,-173.7,1616.5,1,0.8155552149,0.0001746305,0.5786792040,-0.0001157115,1.0000000000,-0.0001386975,-0.5786792040,0.0000461556,0.8155552149,0,317.6,-524.8,1620.1,0,106.8,-272.6,1774.4,1,360.4,-315.3,1516.2,1,147.8,-822.7,1849.2,1,317.5,-865.4,1620.1,0,
19,0.7212589383,-0.0977523327,0.6857333183,-0.1341876984,0.9515177011,0.2767795920,-0.6795442700,-0.2916465402,0.6731730700,1,263.4,352.9,1516.5,1,0.7212589383,-0.0977523327,0.6857333183,-0.1341876984,0.9515177011,0.2767795920,-0.6795442700,-0.2916465402,0.6731730700,1,281.6,176.3,1570.7,1,0.7221271396,-0.0733090863,0.6878650188,-0.1438731551,0.9567081928,0.2530001700,-0.6766343117,-0.2816634178,0.6803174019,1,294.6,6.8,1620.6,1,0.1235798150,-0.9838057756,0.1298243552,0.8728844523,0.1699996442,0.4573541880,-0.4720177352,0.0568019152,0.8797572851,1,191.3,194.2,1655.2,1,0.2022247612,-0.9775269032,0.0595501177,0.9790710211,0.2032178938,0.0110589396,-0.0229120608,0.0560674034,0.9981640577,1,159.9,-27.7,1775.3,1,0.2260019481,0.6504422426,0.7251538038,-0.9738040566,0.1316934973,0.1853711903,0.0250752028,-0.7480520010,0.6631662846,1,371.8,158.3,1486.1,1,-0.2597206533,0.5968358517,0.7591655254,-0.9621198773,-0.2274043411,-0.1503748149,0.0828884318,-0.7694637179,0.6332892776,1,426.7,-77.9,1492.2,1,0.7484635115,0.1701193303,0.6409851313,-0.1793711782,0.9824432135,-0.0512957834,-0.6384578943,-0.0765812099,0.7658374310,1,247.7,-150.7,1726.5,1,0.7426624298,0.1029134765,0.6617109776,-0.2545044124,0.9573547840,0.1367457360,-0.6194192171,-0.2699642777,0.7371832728,1,187.5,-498.7,1753.6,1,0.7425249815,0.1837635636,0.6441177130,-0.1666014194,0.9820781946,-0.0881274790,-0.6487686038,-0.0418740697,0.7598327994,1,367.4,-174.6,1614.4,1,0.7534134388,-0.0003182295,0.6575470567,0.0032069716,0.9999897480,-0.0031905691,-0.6575393081,0.0045125522,0.7534067631,0,302.2,-522.5,1629.2,1,108.6,-276.1,1781.1,1,362.4,-315.8,1512.7,1,152.4,-824.7,1845.5,1,302.4,-863.1,1627.7,0,
20,0.7140667439,-0.0976316258,0.6932365298,-0.1357614249,0.9521183372,0.2739317417,-0.6867885590,-0.2897201478,0.6666211486,1,264.6,350.7,1515.5,1,0.7140667439,-0.0976316258,0.6932365298,-0.1357614249,0.9521183372,0.2739317417,-0.6867885590,-0.2897201478,0.6666211486,1,282.7,174.6,1569.1,1,0.7149223685,-0.0752249658,0.6951455474,-0.1452093869,0.9565452337,0.2528526783,-0.6839599013,-0.2817115486,0.6729319692,1,296.0,5.2,1619.0,1,0.1101348400,-0.9840296507,0.1398425400,0.8721699119,0.1631564498,0.4611936510,-0.4766443968,0.0711729676,0.8762103319,1,193.3,192.8,1654.6,1,0.2138875723,-0.9740586281,0.0739065409,0.9765095711,0.2152199894,0.0104670357,-0.0261016674,0.0699316785,0.9972103238,1,165.3,-28.9,1775.7,1,0.2251569629,0.6428681612,0.7321372628,-0.9740276337,0.1300297379,0.1853711456,0.0239695944,-0.7548595667,0.6554484367,1,372.0,156.5,1483.6,1,-0.2596995533,0.5891180038,0.7651771903,-0.9622504711,-0.2246766984,-0.1536048651,0.0814260840,-0.7761832476,0.6252275109,1,426.4,-78.8,1489.4,1,0.7415209413,0.1837368906,0.6452807784,-0.1812293231,0.9808720946,-0.0710342452,-0.6459895372,-0.0642704293,0.7606357336,1,250.3,-152.2,1725.3,1,0.7346542478,0.1019255817,0.6707416773,-0.2888084054,0.9415814877,0.1732456088,-0.6138997674,-0.3209914267,0.7211737633,1,185.3,-499.6,1748.1,1,0.8325076699,0.1504822224,0.5331848860,-0.1393179148,0.9883415103,-0.0614131913,-0.5362102985,-0.0231552497,0.8437667489,0,368.3,-176.2,1612.5,1,0.7986170053,-0.0004336805,0.6018394232,0.0027928664,0.9999916553,-0.0029854372,-0.6018331051,0.0040650782,0.7986115217,0,315.0,-526.3,1620.7,0,111.0,-277.1,1782.4,1,362.2,-316.7,1509.5,1,150.6,-819.8,1857.3,1,315.2,-867.0,1619.3,0,
21,0.7047624588,-0.0969170555,0.7027924061,-0.1378623992,0.9530312419,0.2696744502,-0.6959200501,-0.2869448960,0.6582992673,1,266.4,350.0,1514.5,1,0.7047624588,-0.0969170555,0.7027924061,-0.1378623992,0.9530312419,0.2696744502,-0.6959200501,-0.2869448960,0.6582992673,1,284.4,173.6,1567.6,1,0.7056965828,-0.0749238506,0.7045416832,-0.1482436806,0.9567685723,0.2502332330,-0.6928326488,-0.2810324132,0.6640810966,1,297.6,4.2,1617.4,1,0.1005280167,-0.9831891060,0.1524242610,0.8739435077,0.1604810655,0.4587685168,-0.4755174220,0.0870911032,0.8753846288,1,196.1,192.2,1654.2,1,0.2295650691,-0.9691774249,0.0894152746,0.9729142189,0.2310693115,0.0067107463,-0.0271650273,0.0854528323,0.9959718585,1,170.3,-32.7,1776.6,1,0.2210875750,0.6336653233,0.7413423657,-0.9750514030,0.1281264424,0.1812690496,0.0198783502,-0.7629232407,0.6461833715,1,372.6,155.1,1481.0,1,-0.2660335302,0.5765371323,0.7725484371,-0.9598712325,-0.2322080135,-0.1572475433,0.0887328982,-0.7833801508,0.6151764393,1,426.0,-80.6,1485.8,1,0.7315044999,0.1939122975,0.6536811590,-0.1901249588,0.9786909819,-0.0775652528,-0.6547927260,-0.0675417781,0.7527844906,1,252.5,-153.0,1724.5,1,0.7261967659,0.0902825370,0.6815330386,-0.2780143917,0.9452303648,0.1710193902,-0.6287657022,-0.3136697412,0.7115230560,1,183.8,-499.7,1748.4,1,0.8916836977,0.1220035329,0.4359074533,-0.1147836521,0.9924605489,-0.0429746732,-0.4378639758,-0.0117152333,0.8989648819,0,369.3,-177.6,1609.9,1,0.8357921839,-0.0005099162,0.5490456820,0.0024335980,0.9999932051,-0.0027758514,-0.5490405560,0.0036561915,0.8357877135,0,326.0,-529.2,1614.0,0,111.9,-280.2,1783.5,1,360.3,-317.9,1507.8,1,153.1,-821.4,1855.2,1,326.2,-869.8,1612.8,0,
22,0.6945148706,-0.0986607671,0.7126817703,-0.1366665363,0.9544275403,0.2653097510,-0.7063797116,-0.2816611528,0.6493803263,1,268.0,350.0,1514.0,1,0.6945148706,-0.0986607671,0.7126817703,-0.1366665363,0.9544275403,0.2653097510,-0.7063797116,-0.2816611528,0.6493803263,1,286.3,172.8,1566.3,1,0.6954656243,-0.0782793686,0.7142829299,-0.1469399780,0.9575487375,0.2480080724,-0.7033755183,-0.2774376273,0.6544396877,1,300.2,3.2,1615.5,1,0.1014816090,-0.9806838632,0.1672150493,0.8649787307,0.1700108945,0.4721315205,-0.4914400876,0.0967248008,0.8655235767,1,199.4,191.1,1654.2,1,0.2313318849,-0.9681393504,0.0958746150,0.9728347659,0.2310910672,-0.0137616266,-0.0088325953,0.0964536667,0.9952983856,1,173.4,-31.0,1780.5,1,0.2102997452,0.6240457892,0.7525562644,-0.9775376916,0.1232527867,0.1709646732,0.0139351273,-0.7716059089,0.6359482408,1,373.3,154.4,1478.4,1,-0.2657375038,0.5663577318,0.7801426649,-0.9591055512,-0.2371326089,-0.1545466483,0.0974685624,-0.7893080115,0.6062119007,1,424.3,-82.7,1481.8,1,0.7195413113,0.2009075433,0.6647529602,-0.2000893056,0.9766212702,-0.0785826519,-0.6649997234,-0.0764664933,0.7429187298,1,255.9,-154.1,1723.5,1,0.7157070637,0.0852509290,0.6931779385,-0.2559666038,0.9554779530,0.1467757672,-0.6498035192,-0.2824788690,0.7056636214,1,184.7,-500.1,1750.6,1,0.9302151799,0.0983201638,0.3535998762,-0.0936686173,0.9951425791,-0.0302901939,-0.3548603952,-0.0049448097,0.9349062443,0,372.3,-178.7,1605.7,1,0.8662746549,-0.0005558375,0.4995677173,0.0021224194,0.9999944568,-0.0025677474,-0.4995635450,0.0032846669,0.8662710190,0,337.5,-531.3,1607.5,0,114.5,-278.5,1782.7,1,358.6,-319.8,1505.9,1,155.7,-825.2,1846.7,1,337.7,-871.9,1606.4,0,
23,0.6789035201,-0.1052208245,0.7266489863,-0.1391246915,0.9533129930,0.2680256069,-0.7209267616,-0.2830581367,0.6325683594,1,267.9,352.6,1513.3,1,0.6789035201,-0.1052208245,0.7266489863,-0.1391246915,0.9533129930,0.2680256069,-0.7209267616,-0.2830581367,0.6325683594,1,287.5,175.3,1565.9,1,0.6797726154,-0.0823494494,0.7287852764,-0.1479798257,0.9578399658,0.2462592423,-0.7183399200,-0.2752456069,0.6389269829,1,302.0,5.6,1614.7,1,0.0902346745,-0.9785200953,0.1853539646,0.8736452460,0.1671225280,0.4569616616,-0.4781229794,0.1206998304,0.8699597716,1,202.5,193.8,1655.7,1,0.2520872653,-0.9594510794,0.1261168420,0.9662470222,0.2567109466,0.0215917118,-0.0530917756,0.1164170206,0.9917802811,1,179.4,-30.0,1778.2,1,0.2053034455,0.6075680256,0.7672753334,-0.9786725640,0.1217538416,0.1654570103,0.0071076681,-0.7848801613,0.6196066737,1,372.4,156.8,1476.1,1,-0.2648964524,0.5491403937,0.7926378250,-0.9589081407,-0.2366335988,-0.1565233618,0.1016114503,-0.8015293479,0.5892586708,1,423.0,-84.2,1477.9,1,0.7050313354,0.2117136717,0.6768367887,-0.1990009695,0.9751146436,-0.0977239385,-0.6806829572,-0.0657927394,0.7296176553,1,260.3,-151.8,1722.9,1,0.6995053887,0.0900934860,0.7089256644,-0.2906663716,0.9421248436,0.1670744419,-0.6528441906,-0.3229302764,0.6852084994,1,185.4,-497.2,1746.2,1,0.9551475048,0.0789497718,0.2854123414,-0.0759601071,0.9968779683,-0.0215484332,-0.2862225473,-0.0010980181,0.9581625462,0,372.9,-176.3,1604.0,1,0.8912101984,-0.0005786509,0.4535902143,0.0018531152,0.9999954700,-0.0023652778,-0.4535868168,0.0029485144,0.8912072182,0,344.9,-529.5,1604.3,0,115.3,-275.7,1791.7,1,357.5,-321.3,1503.0,1,154.7,-817.7,1856.1,1,345.1,-870.1,1603.3,0,
