1,0.7185396552,-0.1051926613,0.6874821186,-0.0886661485,0.9665718079,0.2405715436,-0.6898108721,-0.2338178456,0.6851909161,1,508.3,334.7,1516.1,1,0.7185396552,-0.1051926613,0.6874821186,-0.0886661485,0.9665718079,0.2405715436,-0.6898108721,-0.2338178456,0.6851909161,1,529.0,144.4,1562.1,1,0.7196711898,-0.0805043280,0.6896295547,-0.1004702449,0.9707242846,0.2181683332,-0.6870073080,-0.2262979448,0.6905117631,1,544.4,-40.7,1605.3,1,0.1198803931,-0.9786559343,0.1669171751,0.8859226704,0.1813350916,0.4269176722,-0.4480734468,0.0966966525,0.8887519240,1,433.2,157.8,1653.6,1,0.2058183998,-0.9747976661,0.0860725418,0.9774751067,0.2005892694,-0.0656239390,0.0467048325,0.0976403803,0.9941253066,1,403.2,-63.6,1765.6,1,0.1363646537,0.6770418882,0.7232004404,-0.9906452298,0.0970040262,0.0959805697,-0.0051704855,-0.7295234203,0.6839362383,1,624.8,131.1,1470.6,1,-0.2162759453,0.6426153183,0.7350308299,-0.9669307470,-0.2452064902,-0.0701336935,0.1351653337,-0.7258921862,0.6743967533,1,658.0,-109.8,1469.4,1,0.0216251612,0.1161066890,0.9930013418,-0.2043540925,0.9727768302,-0.1092916280,-0.9786582589,-0.2005604059,0.0447633564,1,496.5,-217.0,1708.8,1,-0.5336125493,0.0006390201,0.8457288146,0.0001329769,0.9999996424,-0.0006716833,-0.8457289338,-0.0002459562,-0.5336125493,0,452.2,-588.1,1785.3,1,0.9908484221,0.1335081607,-0.0198747814,-0.1229705513,0.9535690546,0.2749261260,0.0556568503,-0.2699660659,0.9612600207,1,623.0,-234.7,1588.1,1,0.1969781071,0.0011976617,-0.9804071784,-0.0008405509,0.9999991059,0.0010527162,0.9804075360,0.0006167201,0.1969789416,0,572.0,-598.4,1691.0,1,352.0,-306.8,1754.0,1,604.1,-350.9,1503.1,1,451.9,-954.8,1785.4,0,571.6,-965.2,1690.8,0,
2,0.7243484259,-0.1082828566,0.6808748245,-0.0844057053,0.9662293196,0.2434623986,-0.6842478514,-0.2338225991,0.6907448173,1,508.2,333.3,1514.2,1,0.7243484259,-0.1082828566,0.6808748245,-0.0844057053,0.9662293196,0.2434623986,-0.6842478514,-0.2338225991,0.6907448173,1,529.6,142.5,1560.4,1,0.7256287932,-0.0822804123,0.6831465960,-0.0974178091,0.9705371857,0.2203738391,-0.6811553836,-0.2264614850,0.6962319613,1,545.3,-42.6,1603.6,1,0.1321057677,-0.9854859114,0.1066095680,0.8249226809,0.1689352840,0.5394102335,-0.5495913029,0.0166854486,0.8352670074,1,433.0,155.5,1651.1,1,0.1695245802,-0.9854859710,-0.0088856136,0.9742248058,0.1689353138,-0.1494888812,0.1488202661,0.0166854542,0.9887235761,1,400.1,-49.8,1787.8,1,0.1355073303,0.6832213998,0.7175278664,-0.9907721877,0.0955214873,0.0961559564,-0.0028435178,-0.7239364386,0.6898607016,1,626.2,129.6,1469.7,1,-0.2188513577,0.6483536363,0.7292062044,-0.9660010338,-0.2493846416,-0.0681854337,0.1376445591,-0.7193364501,0.6808884740,1,658.9,-109.2,1469.0,1,0.9909969568,0.1307459027,-0.0288217515,-0.1180216223,0.9547390342,0.2730282247,0.0632145703,-0.2671685517,0.9615741372,0,498.0,-219.2,1705.8,0,0.1881374717,0.0005987458,-0.9821425080,-0.0004153358,0.9999997616,0.0005300713,0.9821425676,0.0003081927,0.1881376803,0,448.2,-583.4,1807.7,0,0.9909969568,0.1307459027,-0.0288217515,-0.1180216223,0.9547390342,0.2730282247,0.0632145703,-0.2671685517,0.9615741372,1,623.9,-236.1,1587.7,1,0.1881374717,0.0005987458,-0.9821425080,-0.0004153358,0.9999997616,0.0005300713,0.9821425676,0.0003081927,0.1881376803,0,574.1,-600.3,1689.6,1,358.1,-291.0,1751.0,1,604.3,-350.1,1503.3,1,447.9,-950.2,1807.6,0,573.8,-967.1,1689.5,0,
3,0.7252840996,-0.1094464734,0.6796917319,-0.0810233355,0.9668492079,0.2421471030,-0.6836653948,-0.2306975722,0.6923702955,1,508.3,334.2,1514.8,1,0.7252840996,-0.1094464734,0.6796917319,-0.0810233355,0.9668492079,0.2421471030,-0.6836653948,-0.2306975722,0.6923702955,1,529.9,143.2,1560.4,1,0.7263156176,-0.0871077627,0.6818169355,-0.0911927745,0.9709550738,0.2211953551,-0.6812852621,-0.2228356451,0.6972740293,1,546.5,-42.0,1602.9,1,0.1250591129,-0.9796738625,0.1568424851,0.8566240072,0.1863743067,0.4811029136,-0.5005552769,0.0741887391,0.8625199199,1,433.2,155.3,1651.1,1,0.1928467155,-0.9796738029,0.0552222207,0.9768542647,0.1863743067,-0.1049781293,0.0925523117,0.0741887540,0.9929401875,1,402.2,-56.9,1775.1,1,0.1300368160,0.6843753457,0.7174404860,-0.9915071130,0.0912361071,0.0926804245,-0.0020282818,-0.7233992219,0.6904270649,1,626.6,131.0,1469.6,1,-0.2144890726,0.6509934664,0.7281496525,-0.9673490524,-0.2446412593,-0.0662307963,0.1350196302,-0.7185806036,0.6822108030,1,658.3,-110.5,1469.2,1,0.0316857100,0.1209632009,0.9921511412,-0.2081603855,0.9716818929,-0.1118196696,-0.9775812626,-0.2029834986,0.0559681058,1,499.7,-219.2,1704.9,1,-0.5258697271,-0.0017137061,0.8505632877,-0.0005037320,0.9999983907,0.0017033486,-0.8505648375,0.0004672836,-0.5258697867,0,453.5,-589.8,1782.3,1,0.9898540974,0.1388981193,-0.0299316198,-0.1252477765,0.9524390101,0.2777995169,0.0670938790,-0.2712321579,0.9601725340,1,626.6,-235.1,1585.8,1,0.1872503310,0.0002993725,-0.9823122621,-0.0002074281,0.9999998808,0.0002652227,0.9823122025,0.0001540961,0.1872503906,0,573.6,-598.4,1689.3,1,354.4,-299.2,1752.1,1,604.8,-351.7,1502.8,1,454.2,-956.6,1782.2,0,573.5,-965.2,1689.2,0,
4,0.7271249890,-0.1050697491,0.6784144044,-0.0800830275,0.9684873819,0.2358312607,-0.6818183064,-0.2258095145,0.6957948208,1,509.3,334.2,1515.6,1,0.7271249890,-0.1050697491,0.6784144044,-0.0800830275,0.9684873819,0.2358312607,-0.6818183064,-0.2258095145,0.6957948208,1,530.0,143.0,1560.2,1,0.7280281782,-0.0856897458,0.6801682115,-0.0892695189,0.9718579054,0.2179920375,-0.6797103286,-0.2194238454,0.6998882294,1,546.4,-42.4,1602.0,1,0.1217571795,-0.9743810296,0.1890945435,0.8727386594,0.1958395690,0.4471845627,-0.4727603495,0.1105821878,0.8742249608,1,433.1,154.9,1650.7,1,0.2028989196,-0.9743810892,0.0970236734,0.9775645733,0.1958395839,-0.0775523931,0.0565645024,0.1105822027,0.9922560453,1,403.0,-60.7,1767.5,1,0.1364683807,0.6860316992,0.7146585584,-0.9906428456,0.0957823098,0.0972236618,-0.0017531327,-0.7212393284,0.6926836967,1,626.9,131.1,1469.7,1,-0.2227433026,0.6499711275,0.7265831828,-0.9659548402,-0.2477530837,-0.0744961426,0.1315928549,-0.7184400558,0.6830281019,1,660.1,-109.9,1469.2,1,0.9888760448,0.1452775747,-0.0319139659,-0.1307268441,0.9512202144,0.2794469297,0.0709545612,-0.2721663713,0.9596307278,0,498.7,-219.9,1703.6,0,0.1853238642,0.0001496029,-0.9826774597,-0.0001032748,1.0000000000,0.0001327634,0.9826774597,0.0000768816,0.1853238791,0,443.2,-582.7,1807.5,0,0.9888760448,0.1452775747,-0.0319139659,-0.1307268441,0.9512202144,0.2794469297,0.0709545612,-0.2721663713,0.9596307278,1,626.7,-235.6,1584.1,1,0.1853238642,0.0001496029,-0.9826774597,-0.0001032748,1.0000000000,0.0001327634,0.9826774597,0.0000768816,0.1853238791,0,571.3,-598.4,1687.9,1,352.6,-303.7,1753.4,1,604.6,-350.8,1502.1,1,443.2,-949.5,1807.4,0,571.3,-965.2,1687.9,0,
5,0.7273032069,-0.1082583591,0.6777216196,-0.0718338862,0.9700471759,0.2320466042,-0.6825466752,-0.2174528539,0.6977397203,1,508.2,334.0,1518.5,1,0.7273032069,-0.1082583591,0.6777216196,-0.0718338862,0.9700471759,0.2320466042,-0.6825466752,-0.2174528539,0.6977397203,1,529.5,142.8,1561.4,1,0.7287283540,-0.0871588513,0.6792311072,-0.0859985948,0.9723651409,0.2170426548,-0.6793816090,-0.2165792733,0.7010923624,1,546.1,-42.7,1602.7,1,0.1176140383,-0.9754790664,0.1860308051,0.8813440204,0.1888571829,0.4330885410,-0.4576020837,0.1130198389,0.8819448948,1,432.5,154.2,1651.8,1,0.2082722038,-0.9726523161,0.1028108150,0.9772294760,0.2025811225,-0.0631134436,0.0405599028,0.1136145368,0.9926966429,1,403.6,-62.6,1764.4,1,0.1445794404,0.6850450039,0.7140097618,-0.9894183874,0.1089602262,0.0958066285,-0.0121668084,-0.7203060389,0.6935495734,1,626.6,131.3,1470.9,1,-0.2294252813,0.6467401981,0.7273865342,-0.9636539221,-0.2560238540,-0.0763083324,0.1368766576,-0.7184559703,0.6819720268,1,661.7,-109.4,1467.9,1,0.0350249708,0.1304786503,0.9908320904,-0.2130890489,0.9696165919,-0.1201523766,-0.9764045477,-0.2069271803,0.0617644191,1,498.7,-220.5,1703.8,1,-0.5233471990,0.0012117258,0.8521186709,0.0015173000,0.9999986291,-0.0004901306,-0.8521180749,0.0010364112,-0.5233484507,0,448.9,-590.4,1782.7,1,0.9885715246,0.1471109837,-0.0329371840,-0.1321390420,0.9507426620,0.2804065943,0.0725656748,-0.2728497386,0.9593161941,1,626.9,-235.7,1584.2,1,0.1845783293,0.0000747182,-0.9828177691,-0.0000517352,1.0000000000,0.0000663083,0.9828177691,0.0000386072,0.1845783293,0,570.8,-598.3,1688.3,1,351.7,-305.9,1754.3,1,604.5,-349.7,1502.1,1,448.4,-957.2,1782.3,0,570.7,-965.1,1688.3,0,
6,0.7219264507,-0.1179753914,0.6818360686,-0.0766073689,0.9656730890,0.2482016087,-0.6877161264,-0.2314182222,0.6881051064,1,506.2,336.8,1514.4,1,0.7219264507,-0.1179753914,0.6818360686,-0.0766073689,0.9656730890,0.2482016087,-0.6877161264,-0.2314182222,0.6881051064,1,529.6,145.8,1560.2,1,0.7232319117,-0.0916690454,0.6844918132,-0.0886634439,0.9706215858,0.2236732394,-0.6848900914,-0.2224582285,0.6938546896,1,547.1,-39.3,1602.6,1,0.1193013117,-0.9746673703,0.1891842186,0.8892585039,0.1896398813,0.4162403643,-0.4415727556,0.1185756549,0.8893555403,1,433.3,157.6,1651.4,1,0.2113335878,-0.9712148905,0.1099076942,0.9769083858,0.2062684298,-0.0557068251,0.0314328074,0.1191424727,0.9923795462,1,403.4,-64.7,1761.8,1,0.1392719150,0.6795591116,0.7202796340,-0.9902381301,0.0997177586,0.0973902866,-0.0056422157,-0.7268121243,0.6868131757,1,625.9,134.0,1469.0,1,-0.2199929059,0.6441740990,0.7325592041,-0.9654855132,-0.2511165738,-0.0691237152,0.1394300014,-0.7224820256,0.6771847010,1,660.1,-109.6,1467.6,1,0.9883523583,0.1500128806,-0.0256028771,-0.1369821727,0.9502472281,0.2797603011,0.0662967116,-0.2729946375,0.9597283602,0,501.0,-216.6,1705.2,0,0.1905211657,0.0000374423,-0.9816830158,-0.0000260835,1.0000000000,0.0000330787,0.9816830158,0.0000193036,0.1905211657,0,443.7,-579.1,1809.4,0,0.9883523583,0.1500128806,-0.0256028771,-0.1369821727,0.9502472281,0.2797603011,0.0662967116,-0.2729946375,0.9597283602,1,628.1,-232.2,1584.8,1,0.1905211657,0.0000374423,-0.9816830158,-0.0000260835,1.0000000000,0.0000330787,0.9816830158,0.0000193036,0.1905211657,0,570.9,-594.6,1689.0,1,350.8,-308.1,1753.9,1,605.3,-350.3,1502.4,1,443.7,-945.8,1809.3,0,570.9,-961.4,1689.0,0,
7,0.7201643586,-0.1127270013,0.6845818758,-0.0807238221,0.9663944840,0.2440547198,-0.6890913248,-0.2310228497,0.6868610382,1,506.7,336.8,1514.9,1,0.7201643586,-0.1127270013,0.6845818758,-0.0807238221,0.9663944840,0.2440547198,-0.6890913248,-0.2310228497,0.6868610382,1,529.0,145.4,1560.6,1,0.7215964794,-0.0855422691,0.6870062947,-0.0947156176,0.9708060622,0.2203673124,-0.6858041883,-0.2240877450,0.6924259663,1,545.3,-39.8,1603.4,1,0.1380125880,-0.9857754707,0.0959140360,0.8387347460,0.1678298265,0.5180320740,-0.5267603993,0.0089514926,0.8499667645,1,432.9,158.0,1652.0,1,0.1675145030,-0.9857753515,-0.0136333350,0.9768117666,0.1678298265,-0.1329358369,0.1333329529,0.0089514786,0.9910308719,1,398.7,-50.2,1782.7,1,0.1460283399,0.6776540875,0.7207362652,-0.9892636538,0.1042697951,0.1023976356,-0.0057608522,-0.7279511690,0.6856048703,1,625.1,132.8,1469.3,1,-0.2194086909,0.6424113512,0.7342803478,-0.9660353661,-0.2483573854,-0.0713746175,0.1365120560,-0.7250010371,0.6750838161,1,660.6,-107.6,1467.9,1,0.9885746241,0.1490191072,-0.0226536840,-0.1369880140,0.9509340525,0.2774142027,0.0628822148,-0.2711414695,0.9604831934,0,497.1,-216.5,1707.4,0,0.1931295246,0.0000188044,-0.9811732769,-0.0000131018,1.0000000000,0.0000165863,0.9811732769,0.0000096518,0.1931295246,0,440.3,-579.2,1810.9,0,0.9885746241,0.1490191072,-0.0226536840,-0.1369880140,0.9509340525,0.2774142027,0.0628822148,-0.2711414695,0.9604831934,1,626.1,-233.4,1584.8,1,0.1931295246,0.0000188044,-0.9811732769,-0.0000131018,1.0000000000,0.0000165863,0.9811732769,0.0000096518,0.1931295246,0,569.3,-596.1,1688.2,1,357.2,-292.2,1749.7,1,605.8,-348.5,1502.0,1,440.3,-946.0,1810.8,0,569.3,-962.9,1688.2,0,
8,0.7214550376,-0.1009804010,0.6850562692,-0.0774003565,0.9713483453,0.2246973366,-0.6881219149,-0.2151338905,0.6929662228,1,509.0,335.9,1519.6,1,0.7214550376,-0.1009804010,0.6850562692,-0.0774003565,0.9713483453,0.2246973366,-0.6881219149,-0.2151338905,0.6929662228,1,529.0,143.5,1562.2,1,0.7227246761,-0.0795250759,0.6865431070,-0.0910812989,0.9737328291,0.2086762190,-0.6851081252,-0.2133479267,0.6964954734,1,544.1,-42.2,1602.9,1,0.1269325614,-0.9797881246,0.1546069682,0.8648942709,0.1856386065,0.4663649201,-0.4856398404,0.0745217949,0.8709766865,1,432.7,155.6,1653.4,1,0.1917335391,-0.9797880650,0.0570388585,0.9777382612,0.1856385916,-0.0978060514,0.0852405876,0.0745217726,0.9935696125,1,401.6,-56.7,1772.7,1,0.1362119317,0.6808388233,0.7196561098,-0.9906027317,0.1026577577,0.0903744772,-0.0123478249,-0.7252033949,0.6884240508,1,625.2,131.4,1471.0,1,-0.2117069066,0.6484696865,0.7312094569,-0.9675370455,-0.2447263449,-0.0630963445,0.1380301416,-0.7208302021,0.6792286634,1,658.1,-108.0,1468.0,1,0.9897652268,0.1407366693,-0.0236146152,-0.1289825886,0.9530642033,0.2739197314,0.0610567629,-0.2680703700,0.9614624977,0,495.8,-219.9,1703.8,0,0.1939650625,0.0000093190,-0.9810084105,-0.0000063785,1.0000000000,0.0000082382,0.9810084105,0.0000046595,0.1939650625,0,442.1,-583.4,1806.1,0,0.9897652268,0.1407366693,-0.0236146152,-0.1289825886,0.9530642033,0.2739197314,0.0610567629,-0.2680703700,0.9614624977,1,622.8,-235.9,1583.4,1,0.1939650625,0.0000093190,-0.9810084105,-0.0000063785,1.0000000000,0.0000082382,0.9810084105,0.0000046595,0.1939650625,0,569.1,-599.4,1685.6,1,354.0,-299.4,1751.5,1,605.3,-349.3,1502.4,1,442.1,-950.2,1806.1,0,569.1,-966.2,1685.6,0,
9,0.7213123441,-0.1077573746,0.6841734648,-0.0831984431,0.9671872854,0.2400500923,-0.6875947118,-0.2300745398,0.6886767745,1,507.3,336.3,1514.5,1,0.7213123441,-0.1077573746,0.6841734648,-0.0831984431,0.9671872854,0.2400500923,-0.6875947118,-0.2300745398,0.6886767745,1,528.6,144.6,1560.1,1,0.7223299146,-0.0856956616,0.6862160563,-0.0933931768,0.9711112976,0.2195854336,-0.6852132082,-0.2227022499,0.6934572458,1,545.0,-40.5,1602.5,1,0.1201883033,-0.9722630978,0.2006471902,0.8824997544,0.1972064972,0.4269705415,-0.4546966553,0.1257542372,0.8817237616,1,432.5,157.1,1651.3,1,0.2046628594,-0.9722630978,0.1132150218,0.9775905013,0.1972064972,-0.0736640841,0.0492941327,0.1257542372,0.9908360243,1,402.3,-64.2,1765.3,1,0.1422577798,0.6787711382,0.7204390764,-0.9898039699,0.1027980596,0.0985939577,-0.0071369996,-0.7271192074,0.6864741445,1,624.8,132.2,1468.8,1,-0.2164313793,0.6446276903,0.7332207561,-0.9663597345,-0.2483359277,-0.0669189543,0.1389472485,-0.7230383754,0.6766899228,1,659.3,-107.8,1467.1,1,0.9907748103,0.1333582997,-0.0240948945,-0.1214049608,0.9524571300,0.2794388235,0.0602148324,-0.2739357054,0.9598610401,0,497.8,-217.5,1705.2,0,0.1938710362,0.0000046595,-0.9810269475,-0.0000031889,1.0000000000,0.0000041194,0.9810269475,0.0000023297,0.1938710362,0,447.0,-580.8,1809.7,0,0.9907748103,0.1333582997,-0.0240948945,-0.1214049608,0.9524571300,0.2794388235,0.0602148324,-0.2739357054,0.9598610401,1,624.8,-233.9,1584.8,1,0.1938710362,0.0000046595,-0.9810269475,-0.0000031889,1.0000000000,0.0000041194,0.9810269475,0.0000023297,0.1938710362,0,573.9,-597.3,1689.3,1,351.4,-307.2,1753.0,1,605.3,-348.8,1501.7,1,447.0,-947.6,1809.7,0,573.9,-964.0,1689.3,0,
10,0.7237175107,-0.1135551110,0.6806870103,-0.0808346123,0.9656268954,0.2470380068,-0.6853457093,-0.2338100821,0.6896598339,1,506.7,334.7,1512.9,1,0.7237175107,-0.1135551110,0.6806870103,-0.0808346123,0.9656268954,0.2470380068,-0.6853457093,-0.2338100821,0.6896598339,1,529.1,143.9,1559.1,1,0.7250244617,-0.0860641450,0.6833221912,-0.0935112238,0.9706702828,0.2214770168,-0.6823453307,-0.2244757861,0.6957096457,1,545.5,-41.2,1601.9,1,0.1291206926,-0.9847878814,0.1162780225,0.8285586834,0.1715664715,0.5329684615,-0.5448102951,0.0275259092,0.8381074071,1,432.6,156.4,1650.0,1,0.1737469137,-0.9847879410,0.0021788271,0.9742629528,0.1715665013,-0.1462077796,0.1436098516,0.0275259018,0.9892514944,1,400.4,-50.1,1785.7,1,0.1455923021,0.6810910106,0.7175777555,-0.9893270731,0.1045597941,0.1014853716,-0.0059090066,-0.7246946096,0.6890448332,1,625.7,131.5,1468.2,1,-0.2221658826,0.6449974179,0.7311776280,-0.9649579525,-0.2528548241,-0.0701471716,0.1396370530,-0.7211399674,0.6785710454,1,660.8,-107.3,1466.8,1,0.9896407127,0.1408265829,-0.0279175192,-0.1276486814,0.9521118999,0.2778289616,0.0657063276,-0.2713872194,0.9602247477,0,498.4,-218.1,1704.5,0,0.1888015121,0.0000023297,-0.9820151925,-0.0000014204,1.0000000000,0.0000020993,0.9820151925,0.0000009985,0.1888015121,0,444.7,-581.3,1808.1,0,0.9896407127,0.1408265829,-0.0279175192,-0.1276486814,0.9521118999,0.2778289616,0.0657063276,-0.2713872194,0.9602247477,1,625.5,-234.5,1584.9,1,0.1888015121,0.0000023297,-0.9820151925,-0.0000014204,1.0000000000,0.0000020993,0.9820151925,0.0000009985,0.1888015121,0,571.8,-597.7,1688.4,1,357.3,-291.5,1750.2,1,605.4,-348.0,1501.6,1,444.7,-948.1,1808.1,0,571.8,-964.5,1688.4,0,
11,0.7199491262,-0.1169568375,0.6840986013,-0.0850767270,0.9633893371,0.2542442381,-0.6887925267,-0.2412450910,0.6836389899,1,505.7,336.5,1511.1,1,0.7199491262,-0.1169568375,0.6840986013,-0.0850767270,0.9633893371,0.2542442381,-0.6887925267,-0.2412450910,0.6836389899,1,528.8,146.1,1558.8,1,0.7209956050,-0.0892308205,0.6871680617,-0.0948866308,0.9696172476,0.2254687399,-0.6864122748,-0.2277662754,0.6906208396,1,545.8,-38.9,1602.2,1,0.1226867586,-0.9790646434,0.1624207795,0.8623887897,0.1861646175,0.4707741141,-0.4911552072,0.0823121071,0.8671743870,1,432.8,158.7,1650.2,1,0.1926623434,-0.9790645838,0.0656792745,0.9780287147,0.1861646324,-0.0938215703,0.0796302035,0.0823120996,0.9934203029,1,402.2,-56.7,1772.8,1,0.1487461329,0.6762899160,0.7214614153,-0.9888707399,0.1039568037,0.1064308807,-0.0030226931,-0.7292632461,0.6842265129,1,624.8,133.4,1467.4,1,-0.2273357958,0.6378489733,0.7358445525,-0.9635253549,-0.2568947673,-0.0749937445,0.1411999315,-0.7260536551,0.6729849577,1,661.2,-108.5,1466.7,1,0.0259525105,0.1494570374,0.9884276390,-0.1607979834,0.9765095711,-0.1434329897,-0.9866462350,-0.1552146971,0.0493753403,0,499.7,-215.5,1705.8,1,-0.3402773142,0.0023269316,0.9403219819,-0.0038939805,0.9999848604,-0.0038837015,-0.9403168559,-0.0049831327,-0.3402631283,0,442.7,-588.0,1765.0,0,0.9933897257,0.1122617498,-0.0239615701,-0.1041583046,0.9692604542,0.2229019403,0.0482483618,-0.2189326733,0.9745463729,0,626.0,-232.1,1585.6,1,0.3221758604,0.0000021875,-0.9466799498,-0.0000014277,1.0000000000,0.0000018249,0.9466799498,0.0000007636,0.3221758604,0,583.1,-601.8,1669.1,0,354.4,-299.3,1753.1,1,604.5,-348.8,1501.9,1,441.8,-954.7,1766.8,0,583.1,-968.6,1669.1,0,
12,0.7190898657,-0.1165634170,0.6850687861,-0.0862537250,0.9632348418,0.2544333637,-0.6895432472,-0.2420514971,0.6825962663,1,505.0,337.0,1510.7,1,0.7190898657,-0.1165634170,0.6850687861,-0.0862537250,0.9632348418,0.2544333637,-0.6895432472,-0.2420514971,0.6825962663,1,528.1,146.4,1558.6,1,0.7200810909,-0.0901354253,0.6880083680,-0.0955202058,0.9692090154,0.2269517332,-0.6872837543,-0.2291436046,0.6892971992,1,545.3,-38.5,1602.3,1,0.1170390099,-0.9734883308,0.1965261102,0.8766117692,0.1942669898,0.4402410686,-0.4667479992,0.1207517236,0.8761081100,1,432.2,159.1,1650.1,1,0.2009391487,-0.9734882712,0.1092890128,0.9785388112,0.1942669749,-0.0687181428,0.0456650592,0.1207517087,0.9916318655,1,403.1,-58.8,1766.1,1,0.1537754983,0.6747528315,0.7218459845,-0.9881045818,0.1061325669,0.1112883314,-0.0015192489,-0.7303727865,0.6830470562,1,624.0,133.6,1467.1,1,-0.2283774018,0.6357945204,0.7372986078,-0.9634410739,-0.2565618455,-0.0771839023,0.1400895715,-0.7279708385,0.6711434722,1,661.4,-106.6,1466.7,1,0.0229464471,0.1275310814,0.9915691614,-0.2140824646,0.9694498777,-0.1197320074,-0.9765461683,-0.2095301151,0.0495475829,1,499.3,-215.0,1706.3,1,-0.5323386788,0.0009533905,0.8465308547,-0.0018462215,0.9999956489,-0.0022872190,-0.8465293646,-0.0027804589,-0.5323346257,0,450.6,-584.8,1786.2,1,0.9897702932,0.1410583407,-0.0213818997,-0.1297077984,0.9521011710,0.2769101858,0.0594182312,-0.2713040709,0.9606578946,1,625.7,-231.7,1585.7,1,0.1944407821,-0.0006232089,-0.9809141159,0.0016937822,0.9999985695,-0.0002995857,0.9809128642,-0.0016032029,0.1944415420,0,571.9,-594.9,1689.1,1,353.2,-302.1,1754.8,1,604.4,-346.9,1501.6,1,450.3,-951.5,1787.3,0,572.1,-961.7,1689.7,0,
13,0.7210572958,-0.1130806804,0.6835829020,-0.0825866312,0.9655296803,0.2468386590,-0.6879357100,-0.2344409227,0.6868612170,1,506.4,338.7,1513.0,1,0.7210572958,-0.1130806804,0.6835829020,-0.0825866312,0.9655296803,0.2468386590,-0.6879357100,-0.2344409227,0.6868612170,1,528.8,147.7,1559.4,1,0.7220461369,-0.0877310485,0.6862574220,-0.0921211466,0.9709008932,0.2210485339,-0.6856842041,-0.2228273302,0.6929513216,1,545.5,-37.4,1601.9,1,0.1265120655,-0.9835010767,0.1293075979,0.8348982930,0.1759642363,0.5215184689,-0.5356674194,0.0419803113,0.8433849216,1,432.7,160.0,1650.7,1,0.1800134480,-0.9835009575,0.0179138985,0.9749305248,0.1759642065,-0.1361870766,0.1307879090,0.0419803113,0.9905211926,1,401.0,-48.7,1784.6,1,0.1504744738,0.6772166491,0.7202325463,-0.9885718822,0.1097923964,0.1033021361,-0.0091181323,-0.7275459766,0.6859982610,1,624.9,135.5,1468.1,1,-0.2263445854,0.6392636299,0.7349217534,-0.9636105299,-0.2571120262,-0.0731310621,0.1422072202,-0.7247311473,0.6741970778,1,661.6,-105.4,1465.9,1,0.9898687005,0.1399795860,-0.0237917006,-0.1279999018,0.9522613287,0.2771551311,0.0614519566,-0.2713018656,0.9605306983,0,499.2,-214.5,1704.3,0,0.1930111200,-0.0003115206,-0.9811964631,0.0008468173,0.9999995828,-0.0001509131,0.9811961055,-0.0008017663,0.1930113137,0,445.8,-577.8,1807.8,0,0.9898687005,0.1399795860,-0.0237917006,-0.1279999018,0.9522613287,0.2771551311,0.0614519566,-0.2713018656,0.9605306983,1,625.3,-230.6,1584.5,1,0.1930111200,-0.0003115206,-0.9811964631,0.0008468173,0.9999995828,-0.0001509131,0.9811961055,-0.0008017663,0.1930113137,0,571.9,-593.9,1688.0,1,356.4,-290.5,1752.1,1,605.2,-345.8,1501.3,1,445.9,-944.6,1808.1,0,572.0,-960.6,1688.3,0,
14,0.7233347297,-0.1130436286,0.6811787486,-0.0817218348,0.9655570388,0.2470196486,-0.6856444478,-0.2343463749,0.6891806126,1,506.4,337.8,1512.7,1,0.7233347297,-0.1130436286,0.6811787486,-0.0817218348,0.9655570388,0.2470196486,-0.6856444478,-0.2343463749,0.6891806126,1,528.8,146.6,1559.1,1,0.7244405746,-0.0872819573,0.6837867498,-0.0924099982,0.9706992507,0.2218123972,-0.6831150055,-0.2238799036,0.6951460838,1,545.5,-38.5,1601.8,1,0.1208329499,-0.9780225158,0.1699160188,0.8631993532,0.1880473495,0.4685351551,-0.4901902080,0.0900569111,0.8669505715,1,432.4,158.9,1650.0,1,0.1945124269,-0.9780225754,0.0750797316,0.9784473777,0.1880473495,-0.0853176042,0.0693239942,0.0900569037,0.9935209751,1,402.4,-55.3,1771.7,1,0.1566246897,0.6788184643,0.7174080610,-0.9876067042,0.1150614470,0.1067422852,-0.0100873886,-0.7252354622,0.6884270906,1,625.3,134.3,1468.1,1,-0.2280215025,0.6404487491,0.7333700657,-0.9631330967,-0.2588055134,-0.0734464228,0.1427615285,-0.7230803370,0.6758506298,1,662.9,-103.1,1465.7,1,0.9934967160,0.1116730869,-0.0222130604,-0.1039834768,0.9693568349,0.2225640565,0.0463867970,-0.2188068777,0.9746649861,0,498.6,-215.6,1704.4,1,0.3258273602,-0.0003344586,-0.9454292059,0.0007816549,0.9999997020,-0.0000843786,0.9454289675,-0.0007115066,0.3258275390,0,456.0,-585.3,1787.8,0,0.9934967160,0.1116730869,-0.0222130604,-0.1039834768,0.9693568349,0.2225640565,0.0463867970,-0.2188068777,0.9746649861,0,625.6,-231.8,1584.6,1,0.3258273602,-0.0003344586,-0.9454292059,0.0007816549,0.9999997020,-0.0000843786,0.9454289675,-0.0007115066,0.3258275390,0,583.0,-601.5,1668.0,0,354.1,-298.2,1754.5,1,606.1,-343.3,1501.3,1,456.1,-952.1,1788.1,0,583.2,-968.3,1668.3,0,
15,0.7254543304,-0.1035768986,0.6804296374,-0.0823898166,0.9684321284,0.2352624387,-0.6833211780,-0.2267339081,0.6940175891,1,509.3,335.4,1514.5,1,0.7254543304,-0.1035768986,0.6804296374,-0.0823898166,0.9684321284,0.2352624387,-0.6833211780,-0.2267339081,0.6940175891,1,529.7,144.7,1559.2,1,0.7265584469,-0.0834367797,0.6820175052,-0.0938411653,0.9712468386,0.2187936753,-0.6806662083,-0.2229689807,0.6978357434,1,545.6,-40.5,1601.7,1,0.1327027231,-0.9843252897,0.1161627695,0.8250334859,0.1746496558,0.5374172330,-0.5492811203,0.0245214403,0.8352777958,1,432.9,157.2,1649.8,1,0.1763598919,-0.9843253493,-0.0009959770,0.9739635587,0.1746496707,-0.1445424855,0.1424507499,0.0245214514,0.9894981980,1,399.9,-48.0,1786.5,1,0.1508098692,0.6819921136,0.7156416178,-0.9885004759,0.1121600792,0.1014241129,-0.0110959820,-0.7227078080,0.6910644174,1,626.4,132.2,1468.5,1,-0.2284539491,0.6436910033,0.7303907871,-0.9630349874,-0.2594068348,-0.0726067573,0.1427320540,-0.7199792266,0.6791594625,1,662.6,-105.1,1465.9,1,0.9958300591,0.0890547857,-0.0197937079,-0.0841241404,0.9803513288,0.1784218699,0.0352941118,-0.1760127395,0.9837549925,0,497.6,-217.5,1704.0,1,0.4401608109,-0.0003443350,-0.8979188800,0.0007156909,0.9999997616,-0.0000326486,0.8979186416,-0.0006282618,0.4401609302,0,463.7,-591.4,1771.1,0,0.9958300591,0.0890547857,-0.0197937079,-0.0841241404,0.9803513288,0.1784218699,0.0352941118,-0.1760127395,0.9837549925,0,625.3,-234.0,1584.4,1,0.4401608109,-0.0003443350,-0.8979188800,0.0007156909,0.9999997616,-0.0000326486,0.8979186416,-0.0006282618,0.4401609302,0,591.3,-607.9,1651.5,0,356.1,-289.7,1751.1,1,605.6,-345.3,1501.5,1,463.8,-958.2,1771.4,0,591.5,-974.7,1651.8,0,
16,0.7249655128,-0.0979050323,0.6817889810,-0.0849418640,0.9695803523,0.2295563519,-0.6835274696,-0.2243341506,0.6945940852,1,510.9,334.5,1514.9,1,0.7249655128,-0.0979050323,0.6817889810,-0.0849418640,0.9695803523,0.2295563519,-0.6835274696,-0.2243341506,0.6945940852,1,530.2,143.6,1559.1,1,0.7259562612,-0.0783001259,0.6832666397,-0.0958598927,0.9722772241,0.2132722735,-0.6810273528,-0.2203254998,0.6983228922,1,545.1,-41.8,1601.1,1,0.1285171956,-0.9795075059,0.1550763398,0.8589209914,0.1881053150,0.4763100445,-0.4957198501,0.0719842911,0.8654941916,1,433.5,156.4,1649.8,1,0.1933715343,-0.9795074463,0.0563274398,0.9782612920,0.1881052852,-0.0872999877,0.0749154910,0.0719842911,0.9945883751,1,401.7,-56.2,1772.4,1,0.1453217119,0.6828018427,0.7160050869,-0.9893233776,0.1083252653,0.0974930078,-0.0109930430,-0.7225283980,0.6912538409,1,626.8,130.8,1468.4,1,-0.2266377956,0.6452409029,0.7295886278,-0.9634034634,-0.2586002946,-0.0705660433,0.1431397051,-0.7188811302,0.6802359819,1,661.8,-107.0,1465.8,1,0.9902896881,0.1361211091,-0.0282438546,-0.1226709038,0.9511932731,0.2831670046,0.0654103756,-0.2769526541,0.9586547017,0,496.1,-218.8,1703.1,0,0.1903952658,0.0007092452,-0.9817072749,0.0021821652,0.9999970198,0.0011456744,0.9817051888,-0.0023603784,0.1903931350,0,444.2,-581.7,1808.7,0,0.9902896881,0.1361211091,-0.0282438546,-0.1226709038,0.9511932731,0.2831670046,0.0654103756,-0.2769526541,0.9586547017,1,623.9,-235.7,1583.2,1,0.1903952658,0.0007092452,-0.9817072749,0.0021821652,0.9999970198,0.0011456744,0.9817051888,-0.0023603784,0.1903931350,0,572.0,-598.5,1688.8,1,353.7,-298.9,1753.8,1,605.2,-347.3,1501.5,1,443.9,-948.4,1809.6,0,571.7,-965.3,1689.7,0,
17,0.7243437171,-0.0934528857,0.6830733418,-0.0880365670,0.9701200724,0.2260833830,-0.6837949753,-0.2238988429,0.6944711804,1,511.4,334.7,1515.1,1,0.7243437171,-0.0934528857,0.6830733418,-0.0880365670,0.9701200724,0.2260833830,-0.6837949753,-0.2238988429,0.6944711804,1,529.8,144.0,1559.1,1,0.7251195312,-0.0775133148,0.6842440963,-0.0968499854,0.9722863436,0.2127826363,-0.6817782521,-0.2205631882,0.6975146532,1,544.5,-41.4,1601.2,1,0.1517991871,-0.9865598679,0.0604713522,0.8216426373,0.1599583477,0.5470985770,-0.5494183898,-0.0333632790,0.8348810673,1,433.2,156.9,1649.9,1,0.1533323377,-0.9865598679,-0.0564709380,0.9768320322,0.1599583328,-0.1421705782,0.1492927670,-0.0333632752,0.9882301092,1,395.3,-48.4,1787.2,1,0.1441423595,0.6824030280,0.7166234255,-0.9895212054,0.1055588052,0.0985151455,-0.0084188748,-0.7233142853,0.6904677153,1,626.3,131.1,1468.4,1,-0.2259895504,0.6450614929,0.7299482226,-0.9640996456,-0.2553616762,-0.0728167295,0.1394295245,-0.7201986313,0.6796126366,1,661.3,-109.0,1466.3,1,0.0310359523,0.1399353743,0.9896741509,-0.1522259861,0.9792621136,-0.1336893886,-0.9878582358,-0.1465049684,0.0516941473,0,495.7,-218.4,1703.1,1,-0.3359341621,0.0041841292,0.9418760538,0.0066114184,0.9999759793,-0.0020841658,-0.9418621063,0.0055269944,-0.3359537125,0,442.3,-591.9,1759.0,0,0.9937664866,0.1084647998,-0.0257606842,-0.0998305902,0.9686689377,0.2274079472,0.0496193282,-0.2234186977,0.9734587669,0,623.0,-235.4,1583.4,1,0.3235583305,0.0004980876,-0.9462081194,0.0019177459,0.9999974370,0.0011821807,0.9462063313,-0.0021970910,0.3235565424,0,581.6,-604.9,1668.7,0,357.3,-290.5,1750.2,1,604.9,-349.5,1501.1,1,440.8,-958.7,1757.0,0,581.4,-971.6,1669.5,0,
18,0.7237775326,-0.0917549282,0.6839033365,-0.0895919800,0.9702321291,0.2249887139,-0.6841925383,-0.2241153121,0.6940096617,1,512.0,334.7,1515.2,1,0.7237775326,-0.0917549282,0.6839033365,-0.0895919800,0.9702321291,0.2249887139,-0.6841925383,-0.2241153121,0.6940096617,1,530.1,143.7,1559.3,1,0.7245923877,-0.0756468624,0.6850110292,-0.0990469828,0.9722062945,0.2121357769,-0.6820231676,-0.2215615213,0.6969586611,1,544.5,-41.7,1601.6,1,0.1379369646,-0.9828484654,0.1224020571,0.8579535484,0.1803167611,0.4810421765,-0.4948626757,0.0386617780,0.8681107163,1,433.6,156.9,1650.2,1,0.1829302609,-0.9828485250,0.0233535971,0.9798189402,0.1803167760,-0.0862595737,0.0805690363,0.0386617854,0.9959989786,1,399.3,-56.4,1773.2,1,0.1467728764,0.6813878417,0.7170552611,-0.9891048670,0.1094270125,0.0984743237,-0.0113660097,-0.7236961722,0.6900250316,1,626.6,130.5,1468.5,1,-0.2320700288,0.6417364478,0.7309704423,-0.9625895023,-0.2595809698,-0.0777125359,0.1398750693,-0.7216592431,0.6779696941,1,662.1,-108.8,1465.8,1,0.0282672644,0.1198770329,0.9923861623,-0.2077097148,0.9718176723,-0.1114760116,-0.9777819514,-0.2029771507,0.0523702502,1,495.3,-218.4,1703.8,1,-0.5285012722,0.0025375749,0.8489287496,0.0036337243,0.9999930263,-0.0007269511,-0.8489246964,0.0027005782,-0.5285069346,0,449.5,-589.1,1781.2,1,0.9906215668,0.1340976506,-0.0261965245,-0.1215679646,0.9525648355,0.2790001929,0.0623672009,-0.2731990218,0.9599334598,1,622.7,-235.9,1583.9,1,0.1923086643,-0.0007293788,-0.9813342094,0.0014747924,0.9999988675,-0.0004542414,0.9813334346,-0.0013599097,0.1923094988,0,571.5,-599.2,1688.1,1,354.0,-299.3,1753.2,1,604.2,-348.9,1500.7,1,448.6,-955.9,1780.2,0,571.8,-966.0,1688.6,0,
19,0.7217206359,-0.0966031626,0.6854076385,-0.0930937082,0.9676674604,0.2344147265,-0.6858956218,-0.2329903990,0.6893904805,1,510.8,335.4,1512.8,1,0.7217206359,-0.0966031626,0.6854076385,-0.0930937082,0.9676674604,0.2344147265,-0.6858956218,-0.2329903990,0.6893904805,1,529.8,144.5,1558.7,1,0.7226139307,-0.0756000802,0.6871029139,-0.1031498984,0.9710769057,0.2153292298,-0.6835123301,-0.2264757752,0.6939135790,1,544.3,-40.7,1601.9,1,0.1489934772,-0.9863353372,0.0703099817,0.8203337193,0.1629931480,0.5481658578,-0.5521354079,-0.0239954889,0.8334090710,1,433.6,158.2,1649.7,1,0.1574035585,-0.9863353968,-0.0486483946,0.9753125310,0.1629931331,-0.1489922106,0.1548856348,-0.0239954833,0.9876409769,1,396.2,-47.9,1788.4,1,0.1492564827,0.6789856553,0.7188190818,-0.9887683988,0.1081628352,0.1031400785,-0.0077188727,-0.7261399031,0.6875035763,1,626.1,130.7,1467.7,1,-0.2399338931,0.6360486746,0.7333987355,-0.9607055783,-0.2641727924,-0.0851911083,0.1395583451,-0.7250204682,0.6744394898,1,662.2,-108.9,1465.8,1,0.0253070891,0.1139002070,0.9931697845,-0.2151422054,0.9708287716,-0.1058559418,-0.9762547016,-0.2109938562,0.0490736067,1,495.1,-216.9,1705.2,1,-0.5322314501,0.0012688139,0.8465979099,0.0018184427,0.9999982119,-0.0003555162,-0.8465968966,0.0013502729,-0.5322328806,0,451.7,-587.2,1785.7,1,0.9908703566,0.1327426881,-0.0235577375,-0.1210848987,0.9530848861,0.2774300575,0.0592793077,-0.2720446587,0.9604570270,1,622.2,-235.0,1585.0,1,0.1942221820,-0.0003647720,-0.9809575677,0.0007378525,0.9999997616,-0.0002257637,0.9809573889,-0.0006799536,0.1942223758,0,571.6,-598.6,1688.8,1,357.2,-289.7,1750.0,1,602.4,-348.5,1500.6,1,451.2,-954.0,1785.2,0,571.7,-965.3,1689.0,0,
20,0.7227625251,-0.0937510356,0.6847054362,-0.0949159041,0.9678992033,0.2327211946,-0.6845473647,-0.2331929058,0.6906608939,1,511.5,333.8,1512.5,1,0.7227625251,-0.0937510356,0.6847054362,-0.0949159041,0.9678992033,0.2327211946,-0.6845473647,-0.2331929058,0.6906608939,1,530.0,143.5,1558.3,1,0.7235453725,-0.0746686980,0.6862239242,-0.1039276570,0.9710137248,0.2152402550,-0.6824082136,-0.2270550281,0.6948104501,1,544.2,-41.7,1601.7,1,0.1383166164,-0.9834859371,0.1167208925,0.8533488512,0.1781622469,0.4899529815,-0.5026571751,0.0318349972,0.8638994694,1,433.6,157.4,1649.2,1,0.1802743673,-0.9834860563,0.0160126220,0.9799176455,0.1781622469,-0.0895520896,0.0852203816,0.0318349972,0.9958534837,1,399.5,-53.3,1773.3,1,0.1422500014,0.6807398796,0.7185806036,-0.9898046851,0.1031008959,0.0982698500,-0.0071901032,-0.7252333760,0.6884655356,1,626.3,129.7,1467.5,1,-0.2291989177,0.6419059038,0.7317271233,-0.9635697007,-0.2560814023,-0.0771722123,0.1378444135,-0.7227578759,0.6772148013,1,660.6,-108.8,1465.8,1,0.0283018798,0.1317344308,0.9908810258,-0.1603181064,0.9790440798,-0.1255816668,-0.9866596460,-0.1553019285,0.0488282666,0,494.5,-217.7,1705.2,1,-0.3397351503,0.0005228999,0.9405211210,0.0008277741,0.9999996424,-0.0002569595,-0.9405208826,0.0006912408,-0.3397355080,0,444.3,-591.1,1764.5,0,0.9941402078,0.1058641896,-0.0218639225,-0.0983815715,0.9698873758,0.2227994055,0.0447920188,-0.2193428427,0.9746190906,0,622.4,-236.0,1584.7,1,0.3268774152,-0.0003753109,-0.9450666904,0.0006869712,0.9999997616,-0.0001595183,0.9450665712,-0.0005970906,0.3268775940,0,582.0,-606.0,1668.4,0,354.8,-296.3,1752.2,1,603.4,-349.1,1500.1,1,444.1,-957.9,1764.2,0,582.1,-972.8,1668.6,0,
21,0.7244526148,-0.0941389427,0.6828635335,-0.0886247009,0.9696869254,0.2277057767,-0.6836035848,-0.2254819274,0.6941474676,1,511.0,334.3,1515.4,1,0.7244526148,-0.0941389427,0.6828635335,-0.0886247009,0.9696869254,0.2277057767,-0.6836035848,-0.2254819274,0.6941474676,1,529.5,143.7,1559.7,1,0.7252516747,-0.0784202367,0.6840006113,-0.0976138040,0.9717410207,0.2149136066,-0.6815287471,-0.2226356268,0.6971001029,1,544.5,-41.6,1602.2,1,0.1275851130,-0.9773679376,0.1687427908,0.8736165762,0.1912918985,0.4474388659,-0.4695914388,0.0903299600,0.8782508373,1,432.9,156.7,1650.5,1,0.1966501474,-0.9773678184,0.0779794902,0.9789508581,0.1912918836,-0.0711510628,0.0546239093,0.0903299600,0.9944128394,1,401.5,-58.2,1766.0,1,0.1449647546,0.6818028688,0.7170286775,-0.9893706441,0.1082675979,0.0970766172,-0.0114438618,-0.7234798670,0.6902506948,1,626.1,130.7,1469.0,1,-0.2372555733,0.6402781010,0.7305845618,-0.9616300464,-0.2614417076,-0.0831617713,0.1377585977,-0.7222826481,0.6777392030,1,661.4,-110.5,1466.2,1,0.3304576278,0.1280369014,0.9350960255,-0.1477323025,0.9855604768,-0.0827389285,-0.9321873188,-0.1108021364,0.3446011543,0,495.5,-218.3,1704.8,1,-0.1542737484,0.0004217122,0.9880282879,0.0007419860,0.9999997020,-0.0003109662,-0.9880280495,0.0006851292,-0.1542739868,0,446.6,-594.2,1747.0,0,0.9962427616,0.0844011009,-0.0194109660,-0.0796033442,0.9806921482,0.1786229759,0.0341121554,-0.1764066666,0.9837260842,0,623.4,-235.5,1584.6,1,0.4410582185,-0.0003749989,-0.8974784017,0.0006337927,0.9999998212,-0.0001063640,0.8974782825,-0.0005219026,0.4410583377,0,591.2,-609.6,1651.9,0,352.7,-301.6,1752.5,1,602.3,-350.3,1500.6,1,446.5,-961.0,1746.8,0,591.3,-976.4,1652.1,0,
22,0.7222350836,-0.0957379639,0.6849869490,-0.0887008086,0.9693721533,0.2290128618,-0.6859361529,-0.2261613458,0.6916207075,1,510.5,334.7,1515.4,1,0.7222350836,-0.0957379639,0.6849869490,-0.0887008086,0.9693721533,0.2290128618,-0.6859361529,-0.2261613458,0.6916207075,1,529.4,143.8,1559.9,1,0.7231230736,-0.0765580758,0.6864608526,-0.0987064391,0.9721821547,0.2124048471,-0.6836299300,-0.2213542312,0.6954487562,1,544.0,-41.6,1602.2,1,0.1402846426,-0.9858600497,0.0916521177,0.8401573896,0.1675063074,0.5158266425,-0.5238851905,0.0046396479,0.8517762423,1,433.1,156.9,1651.0,1,0.1667545438,-0.9858601093,-0.0165172312,0.9779539704,0.1675063223,-0.1246907115,0.1256943494,0.0046396516,0.9920581579,1,398.1,-52.5,1781.5,1,0.1498223543,0.6792373061,0.7184636593,-0.9886164069,0.1130714267,0.0992597267,-0.0138167953,-0.7251562476,0.6884457469,1,625.7,130.6,1468.9,1,-0.2405145913,0.6363092065,0.7329825163,-0.9606713653,-0.2640283704,-0.0860208720,0.1387923062,-0.7248445749,0.6747866869,1,661.9,-108.4,1465.6,1,0.9909275770,0.1321512461,-0.0244638473,-0.1206942946,0.9551055431,0.2705662847,0.0591212064,-0.2651589513,0.9623904228,0,494.6,-218.3,1704.9,0,0.1933418065,-0.0021563962,-0.9811291695,-0.0034291784,0.9999899864,-0.0028736058,0.9811255336,0.0039200545,0.1933324784,0,444.1,-582.6,1806.0,0,0.9909275770,0.1321512461,-0.0244638473,-0.1206942946,0.9551055431,0.2705662847,0.0591212064,-0.2651589513,0.9623904228,1,622.6,-235.8,1583.9,1,0.1933418065,-0.0021563962,-0.9811291695,-0.0034291784,0.9999899864,-0.0028736058,0.9811255336,0.0039200545,0.1933324784,0,572.2,-600.1,1685.0,1,356.7,-295.2,1750.3,1,601.9,-348.0,1500.2,1,444.9,-949.4,1804.6,0,573.0,-966.9,1683.6,0,
23,0.7180988789,-0.0924441740,0.6897713542,-0.0916926339,0.9699280858,0.2254527956,-0.6898739934,-0.2251456529,0.6880259514,1,511.3,334.5,1515.9,1,0.7180988789,-0.0924441740,0.6897713542,-0.0916926339,0.9699280858,0.2254527956,-0.6898739934,-0.2251456529,0.6880259514,1,529.5,143.8,1560.2,1,0.7189996839,-0.0731457099,0.6911481023,-0.1022585630,0.9724876881,0.2093031555,-0.6874462366,-0.2211660147,0.6917366982,1,543.4,-41.7,1602.3,1,0.1322984397,-0.9804648161,0.1455535889,0.8685911298,0.1854217947,0.4595304430,-0.4775422513,0.0656314045,0.8761540651,1,433.7,157.4,1651.7,1,0.1900299191,-0.9804648161,0.0507676564,0.9790787101,0.1854217947,-0.0838071704,0.0727565512,0.0656314045,0.9951879382,1,400.9,-58.3,1770.3,1,0.1519700587,0.6755571365,0.7214758992,-0.9883241057,0.1119720936,0.1033327729,-0.0109779751,-0.7287555337,0.6846858263,1,625.2,130.2,1468.6,1,-0.2380499840,0.6332753897,0.7364064455,-0.9614706039,-0.2609895468,-0.0863650516,0.1375015378,-0.7285923362,0.6710041165,1,661.9,-108.3,1466.0,1,0.9942360520,0.1053790152,-0.0197485778,-0.0986268744,0.9711877704,0.2169490457,0.0420414582,-0.2137508094,0.9759831429,0,493.9,-218.1,1705.2,1,0.3261136413,-0.0017199381,-0.9453290105,-0.0029462785,0.9999916553,-0.0028357806,0.9453260303,0.0037099894,0.3261058331,0,453.7,-588.6,1786.7,0,0.9942360520,0.1053790152,-0.0197485778,-0.0986268744,0.9711877704,0.2169490457,0.0420414582,-0.2137508094,0.9759831429,0,620.8,-236.2,1583.8,1,0.3261136413,-0.0017199381,-0.9453290105,-0.0029462785,0.9999916553,-0.0028357806,0.9453260303,0.0037099894,0.3261058331,0,580.6,-606.6,1665.4,0,353.7,-301.5,1752.2,1,602.5,-348.1,1500.3,1,454.3,-955.4,1785.4,0,581.3,-973.4,1664.0,0,
