1,0.7707679272,-0.0339891799,0.6362056732,-0.1266304404,0.9704781771,0.2052640170,-0.6244025230,-0.2387748510,0.7437100410,1,232.3,365.5,1557.1,1,0.7707679272,-0.0339891799,0.6362056732,-0.1266304404,0.9704781771,0.2052640170,-0.6244025230,-0.2387748510,0.7437100410,1,239.0,174.6,1604.1,1,0.7711358666,-0.0133227287,0.6365282536,-0.1417272389,0.9711001515,0.1920265853,-0.6206930876,-0.2382928878,0.7469626069,1,241.5,-10.6,1649.5,1,0.1926228851,-0.9646936059,-0.1796180755,0.9277746081,0.1194301546,0.3535118401,-0.3195787966,-0.2347395718,0.9180232882,1,136.3,193.5,1686.7,1,0.0943052843,-0.9637877345,-0.2494384497,0.9824935198,0.1305357516,-0.1329163164,0.1606637537,-0.2325369567,0.9592255354,1,85.4,-51.5,1771.1,1,0.1710479707,0.0016646320,0.9852612019,-0.9846104383,-0.0360940807,0.1709959209,0.0358467512,-0.9993469715,-0.0045348047,1,341.6,155.7,1521.4,1,-0.2899847627,-0.0037366152,0.9570239186,-0.9548934698,-0.0656725019,-0.2895956039,0.0639322698,-0.9978342056,0.0154759558,1,383.1,-83.1,1530.1,1,0.9930901527,0.0658117086,-0.0971643329,-0.0494515561,0.9855352044,0.1620956063,0.1064267457,-0.1561706066,0.9819796681,1,176.2,-183.3,1749.6,1,0.6552843451,-0.0000000000,-0.7553822398,0.0000000000,1.0000000000,0.0000000000,0.7553822398,0.0000000000,0.6552843451,0,151.1,-559.3,1809.2,1,0.5918871760,0.0654016882,0.8033631444,-0.1553421319,0.9872727990,0.0340763815,-0.7909098864,-0.1449654996,0.5945137739,1,311.9,-208.3,1640.4,1,0.5995462537,0.0000000000,0.8003400564,0.0000000000,1.0000000000,0.0000000000,-0.8003400564,0.0000000000,0.5995462537,0,287.0,-584.9,1695.6,1,61.9,-296.5,1731.1,1,310.5,-322.1,1546.1,1,151.1,-926.1,1809.2,0,287.0,-951.7,1695.6,0,
2,0.7739459276,-0.0284922700,0.6326074004,-0.1270874739,0.9716714621,0.1992477924,-0.6203656197,-0.2346044034,0.7484007478,1,234.2,362.7,1558.3,1,0.7739459276,-0.0284922700,0.6326074004,-0.1270874739,0.9716714621,0.1992477924,-0.6203656197,-0.2346044034,0.7484007478,1,239.8,172.5,1604.2,1,0.7742130756,-0.0129607283,0.6327893138,-0.1396125108,0.9716639519,0.1907190531,-0.6173325181,-0.2360033989,0.7504661083,1,242.3,-12.8,1649.2,1,0.1980413944,-0.9618993402,-0.1884924769,0.9349068403,0.1275894344,0.3311648369,-0.2944975793,-0.2418072522,0.9245542288,1,136.7,191.1,1686.4,1,0.0874560773,-0.9642781019,-0.2500389218,0.9929766655,0.1044618934,-0.0555451848,0.0796805397,-0.2434250563,0.9666412473,1,85.0,-52.8,1763.2,1,0.1701535136,0.0066671516,0.9853950739,-0.9847805500,-0.0348025337,0.1702828556,0.0354295447,-0.9993721247,0.0006439076,1,342.9,153.9,1522.0,1,-0.2876957357,0.0009348430,0.9577214122,-0.9555816650,-0.0670968369,-0.2869874537,0.0639917850,-0.9977461100,0.0201967899,1,383.6,-82.0,1530.5,1,0.9924536943,0.0680302680,-0.1020184457,-0.0509104133,0.9854925275,0.1619031727,0.1115527451,-0.1554875672,0.9815191627,1,176.6,-185.8,1748.5,1,0.6515756249,-0.0000000000,-0.7585836649,0.0000000000,1.0000000000,0.0000000000,0.7585836649,0.0000000000,0.6515756249,0,150.6,-561.8,1807.9,1,0.5954943895,0.0688359067,0.8004050255,-0.1573221087,0.9870235920,0.0321609005,-0.7878047824,-0.1450730264,0.5985963345,1,312.9,-210.4,1639.9,1,0.6033834815,0.0000000000,0.7974511981,0.0000000000,1.0000000000,0.0000000000,-0.7974511981,0.0000000000,0.6033834815,0,286.6,-586.9,1695.2,1,63.3,-299.6,1743.4,1,311.6,-321.1,1546.5,1,150.6,-928.5,1807.9,0,286.6,-953.7,1695.2,0,
3,0.7750711441,-0.0268767178,0.6312990189,-0.1275068521,0.9718868136,0.1979247630,-0.6188728213,-0.2339016348,0.7498551607,1,235.5,362.8,1558.3,1,0.7750711441,-0.0268767178,0.6312990189,-0.1275068521,0.9718868136,0.1979247630,-0.6188728213,-0.2339016348,0.7498551607,1,240.7,172.6,1604.1,1,0.7753054500,-0.0132115772,0.6314452291,-0.1388636380,0.9717485309,0.1908348352,-0.6161292791,-0.2356409729,0.7515679598,1,243.2,-12.7,1649.0,1,0.2277612984,-0.9448969364,-0.2351483405,0.9014420509,0.1133106723,0.4178073704,-0.3681400716,-0.3071329594,0.8775775433,1,137.5,191.1,1686.1,1,0.0570417941,-0.9448969364,-0.3223603368,0.9808231592,0.1133106649,-0.1585770994,0.1863658726,-0.3071329594,0.9332401752,1,77.8,-45.3,1782.7,1,0.1625647098,0.0086512426,0.9866599441,-0.9859908819,-0.0364216566,0.1627738625,0.0373439863,-0.9992989898,0.0026091698,1,344.0,154.1,1522.1,1,-0.2886957526,0.0042065196,0.9574116468,-0.9555147886,-0.0643358082,-0.2878410518,0.0603850447,-0.9979194403,0.0225928631,1,383.4,-85.1,1531.1,1,0.9921714067,0.0697815642,-0.1035678089,-0.0515384339,0.9841994643,0.1693962663,0.1137521267,-0.1627324075,0.9800910950,1,177.5,-185.8,1748.2,1,0.6509682536,-0.0000000000,-0.7591050267,0.0000000000,1.0000000000,0.0000000000,0.7591050267,0.0000000000,0.6509682536,0,150.9,-561.3,1810.3,1,0.5960581899,0.0749490485,0.7994354963,-0.1678653061,0.9852644801,0.0327892229,-0.7851979136,-0.1537417918,0.5998563170,1,314.0,-210.3,1639.8,1,0.6050338745,0.0000000000,0.7961996794,0.0000000000,1.0000000000,0.0000000000,-0.7961996794,0.0000000000,0.6050338745,0,285.4,-586.1,1698.4,1,63.7,-287.9,1736.6,1,311.1,-324.2,1546.2,1,150.9,-928.0,1810.3,0,285.4,-952.9,1698.4,0,
4,0.7733793855,-0.0261391606,0.6334013343,-0.1284000874,0.9719794393,0.1968899667,-0.6208016872,-0.2336003184,0.7483531237,1,236.1,361.4,1558.8,1,0.7733793855,-0.0261391606,0.6334013343,-0.1284000874,0.9719794393,0.1968899667,-0.6208016872,-0.2336003184,0.7483531237,1,241.1,172.1,1604.3,1,0.7735865712,-0.0145498160,0.6335206032,-0.1382965744,0.9717589021,0.1911933869,-0.6184132099,-0.2355192602,0.7497279644,1,243.9,-13.2,1649.3,1,0.2155664563,-0.9452937245,-0.2448488474,0.9226698875,0.1150841787,0.3680161834,-0.3197051585,-0.3052465916,0.8970023394,1,138.1,190.5,1686.7,1,0.0817849785,-0.9447081089,-0.3175501823,0.9863206148,0.1224725693,-0.1103277430,0.1431186795,-0.3041831255,0.9418013692,1,81.8,-50.4,1770.2,1,0.1576461196,0.0063290643,0.9874754548,-0.9866668582,-0.0399533659,0.1577730924,0.0404515192,-0.9991816282,-0.0000538145,1,344.2,153.7,1522.0,1,-0.2837448120,0.0061666267,0.9588800073,-0.9575869441,-0.0541314445,-0.2830140889,0.0501603186,-0.9985147715,0.0212645996,1,382.5,-86.2,1531.8,1,0.9920366406,0.0752364993,-0.1010091603,-0.0573495589,0.9838477373,0.1695725024,0.1121356785,-0.1624293029,0.9803277254,1,178.6,-186.4,1748.6,1,0.6526311040,-0.0000000000,-0.7576758265,0.0000000000,1.0000000000,0.0000000000,0.7576758265,0.0000000000,0.6526311040,0,149.9,-561.7,1810.6,1,0.5937208533,0.0782999471,0.8008524776,-0.1691578031,0.9851596951,0.0290872138,-0.7866900563,-0.1527401358,0.5981548429,1,314.8,-210.7,1639.7,1,0.6027600765,0.0000000000,0.7979224324,0.0000000000,1.0000000000,0.0000000000,-0.7979224324,0.0000000000,0.6027600765,0,284.9,-586.5,1698.0,1,61.5,-295.1,1734.7,1,311.5,-325.9,1544.4,1,149.9,-928.4,1810.6,0,284.9,-953.3,1698.0,0,
5,0.7718424201,-0.0256571993,0.6352930069,-0.1303403229,0.9715776443,0.1975967288,-0.6223083138,-0.2353187352,0.7465613484,1,237.1,360.7,1558.6,1,0.7718424201,-0.0256571993,0.6352930069,-0.1303403229,0.9715776443,0.1975967288,-0.6223083138,-0.2353187352,0.7465613484,1,242.1,171.7,1604.4,1,0.7720459104,-0.0122290170,0.6354461312,-0.1407761425,0.9716874957,0.1897408664,-0.6197775006,-0.2359452099,0.7484664321,1,244.5,-13.7,1649.4,1,0.2436595112,-0.9381048679,-0.2461494505,0.8941915631,0.1190124601,0.4315757155,-0.3755683899,-0.3252623081,0.8678438663,1,139.3,190.4,1686.9,1,0.0472685210,-0.9381049275,-0.3431110382,0.9743157625,0.1190124601,-0.1911675334,0.2201696485,-0.3252622783,0.9196357727,1,75.5,-43.7,1785.2,1,0.1535928696,0.0043612891,0.9881246090,-0.9872962832,-0.0404949635,0.1536428630,0.0406841487,-0.9991701841,-0.0019138529,1,344.9,152.9,1521.9,1,-0.2759262919,0.0040225917,0.9611703753,-0.9597604275,-0.0554589219,-0.2752894163,0.0521980971,-0.9984528422,0.0191632975,1,382.4,-88.1,1531.8,1,0.9920489788,0.0780734569,-0.0987099111,-0.0604046620,0.9834563136,0.1707776934,0.1104100645,-0.1634572595,0.9803527594,1,178.8,-186.6,1748.9,1,0.6543114781,-0.0000000000,-0.7562251687,0.0000000000,1.0000000000,0.0000000000,0.7562251687,0.0000000000,0.6543114781,0,149.1,-561.7,1811.3,1,0.5919593573,0.0818966180,0.8017961383,-0.1689701378,0.9853262901,0.0241065696,-0.7880566120,-0.1497497112,0.5971112251,1,314.8,-211.4,1639.8,1,0.6008825302,0.0000000000,0.7993373871,0.0000000000,1.0000000000,0.0000000000,-0.7993373871,0.0000000000,0.6008825302,0,283.5,-587.2,1696.9,1,63.8,-285.2,1730.7,1,313.4,-328.3,1544.8,1,149.1,-928.5,1811.3,0,283.5,-954.0,1696.9,0,
6,0.7701897621,-0.0331155397,0.6369516253,-0.1270717978,0.9706614017,0.2041207105,-0.6250260472,-0.2381511778,0.7433859110,1,236.2,363.4,1558.0,1,0.7701897621,-0.0331155397,0.6369516253,-0.1270717978,0.9706614017,0.2041207105,-0.6250260472,-0.2381511778,0.7433859110,1,242.7,173.9,1604.5,1,0.7704827785,-0.0162236616,0.6372513771,-0.1386068314,0.9714919925,0.1923212558,-0.6222069263,-0.2365085036,0.7462697029,1,245.8,-11.4,1649.6,1,0.2235623002,-0.9394325018,-0.2597817779,0.9207920432,0.1161584407,0.3723563552,-0.3196277916,-0.3224498332,0.8909906149,1,140.1,192.4,1687.3,1,0.0798587427,-0.9383738637,-0.3362692595,0.9828285575,0.1304188669,-0.1305329055,0.1663445085,-0.3200708330,0.9326758385,1,81.3,-49.6,1771.3,1,0.1503116041,0.0019544316,0.9886367321,-0.9875901341,-0.0457475744,0.1502429247,0.0455213711,-0.9989511371,-0.0049462141,1,345.3,155.5,1521.6,1,-0.2706943452,0.0042524114,0.9626559615,-0.9614304304,-0.0518302023,-0.2701207697,0.0487459861,-0.9986469150,0.0181185380,1,382.5,-89.5,1532.9,1,0.9925641418,0.0746978670,-0.0961084068,-0.0575225390,0.9836816192,0.1704752892,0.1072742045,-0.1636792421,0.9806636572,1,181.0,-184.4,1749.4,1,0.6562790871,-0.0000000000,-0.7545182109,0.0000000000,1.0000000000,0.0000000000,0.7545182109,0.0000000000,0.6562790871,0,152.5,-559.7,1811.9,1,0.5896955729,0.0809456781,0.8035589457,-0.1705153584,0.9850143194,0.0259091053,-0.7894198298,-0.1522976309,0.5946610570,1,316.7,-208.9,1639.9,1,0.5987884402,0.0000000000,0.8009071946,0.0000000000,1.0000000000,0.0000000000,-0.8009071946,0.0000000000,0.5987884402,0,285.8,-584.6,1698.0,1,61.5,-293.5,1730.0,1,314.8,-330.1,1545.1,1,152.5,-926.4,1811.9,0,285.8,-951.4,1698.0,0,
7,0.7744706869,-0.0325857587,0.6317670345,-0.1270697266,0.9703024626,0.2058218718,-0.6197140217,-0.2396823764,0.7473306656,1,235.9,362.2,1557.6,1,0.7744706869,-0.0325857587,0.6317670345,-0.1270697266,0.9703024626,0.2058218718,-0.6197140217,-0.2396823764,0.7473306656,1,242.2,172.8,1604.4,1,0.7747372389,-0.0172569472,0.6320449114,-0.1374494284,0.9711228609,0.1949979514,-0.6171603799,-0.2379472703,0.7499935627,1,245.5,-12.4,1649.8,1,0.2345912009,-0.9446256161,-0.2294548750,0.8991782069,0.1211697459,0.4204716980,-0.3693852723,-0.3049597740,0.8778121471,1,139.1,191.1,1686.6,1,0.0572599284,-0.9446256757,-0.3231158555,0.9759362340,0.1211697832,-0.1812911332,0.2104041129,-0.3049597442,0.9288324714,1,77.9,-43.2,1782.9,1,0.1573576182,0.0078034326,0.9875109196,-0.9865502119,-0.0435541086,0.1575487405,0.0442395732,-0.9990205765,0.0008449075,1,345.4,154.5,1522.3,1,-0.2714776695,0.0093727456,0.9623991251,-0.9612807035,-0.0518072248,-0.2706576288,0.0473224223,-0.9986132383,0.0230743419,1,383.9,-87.0,1533.1,1,0.9913961291,0.0809022337,-0.1028992236,-0.0621804520,0.9828420281,0.1736521125,0.1151825190,-0.1657597423,0.9794163704,1,180.6,-185.6,1749.5,1,0.6510053277,-0.0000000000,-0.7590731382,0.0000000000,1.0000000000,0.0000000000,0.7590731382,0.0000000000,0.6510053277,0,149.8,-560.5,1812.8,1,0.5951130986,0.0854084268,0.7990906239,-0.1697023213,0.9852699637,0.0210761055,-0.7855199575,-0.1481501907,0.6008410454,1,317.0,-209.8,1640.9,1,0.6041374803,0.0000000000,0.7968801260,0.0000000000,1.0000000000,0.0000000000,-0.7968801260,0.0000000000,0.6041374803,0,284.4,-585.6,1697.4,1,63.7,-285.7,1730.6,1,315.9,-327.5,1544.9,1,149.8,-927.2,1812.8,0,284.4,-952.4,1697.4,0,
8,0.7844582796,-0.0286906194,0.6195145249,-0.1274676323,0.9701408744,0.2063367665,-0.6069383621,-0.2408315539,0.7573785186,1,237.9,360.8,1556.0,1,0.7844582796,-0.0286906194,0.6195145249,-0.1274676323,0.9701408744,0.2063367665,-0.6069383621,-0.2408315539,0.7573785186,1,243.5,171.1,1603.1,1,0.7846713066,-0.0144762928,0.6197400093,-0.1370452195,0.9709379077,0.1961995363,-0.6045713425,-0.2388854474,0.7598838210,1,246.2,-14.1,1648.6,1,0.2170463800,-0.9561741352,-0.1965246946,0.9169552922,0.1306605041,0.3769890666,-0.3347891569,-0.2620284557,0.9051283598,1,139.0,189.3,1683.6,1,0.0889417529,-0.9561741352,-0.2789632082,0.9822359681,0.1306605041,-0.1346858740,0.1652325839,-0.2620285153,0.9508098960,1,82.3,-50.1,1771.0,1,0.1510378122,0.0240332354,0.9882358313,-0.9873358607,-0.0454129949,0.1520047039,0.0485319085,-0.9986791611,0.0168697983,1,347.9,152.8,1522.6,1,-0.2709807456,0.0275362916,0.9621908069,-0.9618506432,-0.0467783511,-0.2695462108,0.0375874005,-0.9985256791,0.0391618311,1,384.6,-86.5,1534.4,1,0.9891447425,0.0856661648,-0.1193900108,-0.0660352111,0.9849638939,0.1596422195,0.1312708259,-0.1500253081,0.9799286723,1,179.9,-187.2,1747.4,1,0.6368440986,-0.0000000000,-0.7709926367,0.0000000000,1.0000000000,0.0000000000,0.7709926367,0.0000000000,0.6368440986,0,147.3,-562.9,1804.6,1,0.6072110534,0.0814003423,0.7903597951,-0.1765616238,0.9836905003,0.0343355425,-0.7746744752,-0.1603961438,0.6116799712,1,318.1,-211.3,1641.0,1,0.6173343062,0.0000000000,0.7867009044,0.0000000000,1.0000000000,0.0000000000,-0.7867009044,0.0000000000,0.6173343062,0,287.0,-586.6,1702.2,1,60.2,-294.3,1729.9,1,316.7,-327.3,1543.8,1,147.3,-929.7,1804.6,0,287.0,-953.3,1702.2,0,
9,0.7839560509,-0.0307914708,0.6200492382,-0.1301700175,0.9684119821,0.2126735300,-0.6070137024,-0.2474394292,0.7551849484,1,237.6,360.4,1554.1,1,0.7839560509,-0.0307914708,0.6200492382,-0.1301700175,0.9684119821,0.2126735300,-0.6070137024,-0.2474394292,0.7551849484,1,243.6,171.2,1602.5,1,0.7841566205,-0.0171327740,0.6203234792,-0.1382791251,0.9696591496,0.2015836984,-0.6049580574,-0.2438518703,0.7579961419,1,246.9,-13.7,1649.0,1,0.2324236929,-0.9544217587,-0.1872390807,0.8873753548,0.1292760670,0.4425526261,-0.3981763422,-0.2690110505,0.8769770265,1,139.2,189.6,1683.0,1,0.0648640096,-0.9544217587,-0.2913278043,0.9696263671,0.1292760670,-0.2076356113,0.2358336449,-0.2690110207,0.9338177443,1,78.3,-42.9,1787.4,1,0.1652190834,0.0228734147,0.9859915972,-0.9847619534,-0.0511977077,0.1662007421,0.0542820916,-0.9984265566,0.0140660303,1,348.0,152.8,1521.9,1,-0.2899120450,0.0279286727,0.9566457868,-0.9562879801,-0.0484182984,-0.2883901596,0.0382647999,-0.9984366894,0.0407449082,1,388.5,-88.6,1535.2,1,0.9897524118,0.0804591775,-0.1179675162,-0.0590412356,0.9828038812,0.1749583483,0.1300158501,-0.1662004888,0.9774831533,1,181.1,-186.5,1748.7,1,0.6394301653,-0.0000000000,-0.7688492537,0.0000000000,1.0000000000,0.0000000000,0.7688492537,0.0000000000,0.6394301653,0,150.4,-561.4,1812.1,1,0.6067085862,0.0848670676,0.7903809547,-0.1771981865,0.9837056398,0.0303948019,-0.7749226689,-0.1584948897,0.6118610501,1,319.2,-210.8,1642.3,1,0.6168442369,0.0000000000,0.7870852947,0.0000000000,1.0000000000,0.0000000000,-0.7870852947,0.0000000000,0.6168442369,0,286.8,-586.1,1702.7,1,62.2,-283.6,1728.8,1,316.0,-327.9,1544.8,1,150.4,-928.2,1812.1,0,286.8,-952.8,1702.7,0,
10,0.7843626738,-0.0327297710,0.6194354296,-0.1310148984,0.9673348069,0.2170129567,-0.6063061953,-0.2513730228,0.7544538975,1,237.1,359.6,1553.2,1,0.7843626738,-0.0327297710,0.6194354296,-0.1310148984,0.9673348069,0.2170129567,-0.6063061953,-0.2513730228,0.7544538975,1,243.5,170.4,1602.4,1,0.7846003771,-0.0169488564,0.6197671294,-0.1402778625,0.9688487053,0.2040840983,-0.6039215922,-0.2470649630,0.7577821612,1,246.8,-14.4,1649.5,1,0.2104660273,-0.9688549638,-0.1304772049,0.9109133482,0.1459043324,0.3859388232,-0.3548814356,-0.2000804394,0.9132508636,1,139.1,189.0,1682.8,1,0.1098715514,-0.9688549042,-0.2219200432,0.9773819447,0.1459043622,-0.1530896872,0.1807007790,-0.2000804394,0.9629720449,1,84.5,-47.4,1774.9,1,0.1801300794,0.0227805134,0.9833789468,-0.9822104573,-0.0497655347,0.1810688972,0.0530632250,-0.9985010624,0.0134109892,1,348.0,151.7,1522.0,1,-0.2965367138,0.0270325635,0.9546387792,-0.9541884661,-0.0501272827,-0.2949773669,0.0398794562,-0.9983769059,0.0406587385,1,392.0,-88.1,1534.9,1,0.9893999696,0.0833618119,-0.1189054251,-0.0618376620,0.9827272892,0.1744223982,0.1313917339,-0.1652206779,0.9774652719,1,180.9,-186.8,1749.8,1,0.6382715106,-0.0000000000,-0.7698113918,0.0000000000,1.0000000000,0.0000000000,0.7698113918,0.0000000000,0.6382715106,0,149.2,-561.7,1812.8,1,0.6076226234,0.0859720856,0.7895591259,-0.1757294685,0.9840377569,0.0280883610,-0.7745411396,-0.1558159292,0.6130313873,1,319.1,-211.5,1643.5,1,0.6175695062,0.0000000000,0.7865163088,0.0000000000,1.0000000000,0.0000000000,-0.7865163088,0.0000000000,0.6175695062,0,286.3,-586.9,1702.9,1,57.2,-290.0,1730.0,1,317.8,-326.8,1544.9,1,149.2,-928.5,1812.8,0,286.3,-953.7,1702.9,0,
11,0.7834493518,-0.0367914289,0.6203626394,-0.1319606602,0.9656299353,0.2239224017,-0.6072812080,-0.2572962344,0.7516677380,1,236.3,361.6,1552.2,1,0.7834493518,-0.0367914289,0.6203626394,-0.1319606602,0.9656299353,0.2239224017,-0.6072812080,-0.2572962344,0.7516677380,1,243.5,172.3,1602.7,1,0.7837182283,-0.0187578779,0.6208303571,-0.1413168460,0.9679411650,0.2076425254,-0.6048242450,-0.2504678965,0.7559429407,1,247.1,-12.3,1650.5,1,0.2265865505,-0.9627136588,-0.1477869302,0.8856596947,0.1405125856,0.4425642490,-0.4052966535,-0.2311680317,0.8844749928,1,139.2,191.1,1683.2,1,0.0882364064,-0.9627136588,-0.2557279468,0.9708908200,0.1405125856,-0.1939775348,0.2226778269,-0.2311680466,0.9470881224,1,79.7,-41.5,1789.7,1,0.1919382215,0.0201671161,0.9811998010,-0.9800550342,-0.0485214628,0.1927115768,0.0514956824,-0.9986185431,0.0104517620,1,347.9,153.5,1522.2,1,-0.2993645668,0.0258365683,0.9537888765,-0.9535055161,-0.0445144735,-0.2980698049,0.0347563140,-0.9986745119,0.0379613712,1,394.9,-86.5,1534.8,1,0.9894303083,0.0841078088,-0.1181249321,-0.0648001730,0.9851967096,0.1587089151,0.1297248900,-0.1493769288,0.9802336693,1,181.7,-184.5,1751.5,1,0.6374306679,-0.0000000000,-0.7705077529,0.0000000000,1.0000000000,0.0000000000,0.7705077529,0.0000000000,0.6374306679,0,149.6,-560.3,1808.5,1,0.6071850657,0.0846524388,0.7900380492,-0.1694529504,0.9852295518,0.0246662013,-0.7762807608,-0.1488512456,0.6125612855,1,319.7,-209.4,1645.0,1,0.6163898110,0.0000000000,0.7874411941,0.0000000000,1.0000000000,0.0000000000,-0.7874411941,0.0000000000,0.6163898110,0,287.4,-585.2,1701.8,1,57.7,-282.8,1734.4,1,320.0,-325.1,1543.5,1,149.6,-927.1,1808.5,0,287.4,-952.0,1701.8,0,
12,0.7878758907,-0.0355541930,0.6148039103,-0.1310489327,0.9657837749,0.2237943262,-0.6017265320,-0.2568924725,0.7562589645,1,237.7,360.3,1552.3,1,0.7878758907,-0.0355541930,0.6148039103,-0.1310489327,0.9657837749,0.2237943262,-0.6017265320,-0.2568924725,0.7562589645,1,244.7,170.9,1602.7,1,0.7881875038,-0.0168760046,0.6152008772,-0.1425370872,0.9674358964,0.2091578245,-0.5986992121,-0.2525454164,0.7601159811,1,247.9,-13.6,1650.8,1,0.2110088319,-0.9716144800,-0.1069625467,0.9044936299,0.1525889933,0.3982563019,-0.3706301749,-0.1807825416,0.9110165238,1,139.7,189.9,1682.4,1,0.1181068793,-0.9716142416,-0.2049791962,0.9750059247,0.1525889635,-0.1614930183,0.1881864816,-0.1807824820,0.9653515220,1,85.0,-44.6,1778.5,1,0.1933667809,0.0264919586,0.9807687998,-0.9798905849,-0.0449460596,0.1944076568,0.0492319353,-0.9986380935,0.0172681455,1,349.6,151.9,1522.9,1,-0.2899925113,0.0301891081,0.9565525651,-0.9563804269,-0.0459285229,-0.2884908020,0.0352237709,-0.9984883070,0.0421912074,1,396.1,-83.5,1534.8,1,0.9882363081,0.0865170136,-0.1261108220,-0.0682940781,0.9874686003,0.1422729641,0.1368394196,-0.1319867074,0.9817609787,1,181.7,-185.6,1751.7,1,0.6297239065,-0.0000000000,-0.7768189311,0.0000000000,1.0000000000,0.0000000000,0.7768189311,0.0000000000,0.6297239065,0,148.7,-562.2,1802.0,1,0.6138240099,0.0892409310,0.7843826413,-0.1609542221,0.9868670702,0.0136778066,-0.7728607655,-0.1346454620,0.6201264262,1,320.5,-210.7,1646.3,1,0.6220933795,0.0000000000,0.7829430699,0.0000000000,1.0000000000,0.0000000000,-0.7829430699,0.0000000000,0.6220933795,0,286.5,-587.1,1697.7,1,55.7,-287.1,1731.7,1,323.5,-322.8,1543.6,1,148.7,-929.0,1802.0,0,286.5,-953.9,1697.7,0,
13,0.7856407762,-0.0363333337,0.6176123023,-0.1321924925,0.9653592706,0.2249505520,-0.6043929458,-0.2583749592,0.7536231279,1,238.0,359.7,1552.3,1,0.7856407762,-0.0363333337,0.6176123023,-0.1321924925,0.9653592706,0.2249505520,-0.6043929458,-0.2583749592,0.7536231279,1,245.1,170.3,1603.0,1,0.7859432101,-0.0145807229,0.6181239486,-0.1436745226,0.9680472612,0.2055194825,-0.6013718247,-0.2503362000,0.7587357759,1,247.9,-14.3,1650.8,1,0.2460002154,-0.9573305249,-0.1516651362,0.8623154759,0.1447082758,0.4852541685,-0.4426014125,-0.2501558363,0.8611190915,1,140.5,189.4,1683.1,1,0.0709092915,-0.9573304653,-0.2801611722,0.9567622542,0.1447082460,-0.2523200512,0.2820952833,-0.2501558065,0.9261988997,1,76.6,-34.6,1798.1,1,0.1968539804,0.0238482393,0.9801427126,-0.9792070985,-0.0451914705,0.1977656186,0.0490104519,-0.9986936450,0.0144562433,1,349.8,151.1,1522.9,1,-0.2927983701,0.0284793396,0.9557499886,-0.9555907845,-0.0436275415,-0.2914495766,0.0333967283,-0.9986418486,0.0399886668,1,397.5,-86.5,1534.8,1,0.9888318181,0.0847375467,-0.1226023436,-0.0676807910,0.9882345796,0.1371560693,0.1327821016,-0.1273264587,0.9829328656,1,181.5,-186.3,1751.4,1,0.6321051121,-0.0000000000,-0.7748827338,0.0000000000,1.0000000000,0.0000000000,0.7748827338,0.0000000000,0.6321051121,0,149.2,-563.3,1800.0,1,0.6112853289,0.0912926495,0.7861271501,-0.1580695063,0.9873935580,0.0082477760,-0.7754638791,-0.1293044686,0.6180098057,1,319.9,-211.6,1645.6,1,0.6191601157,0.0000000000,0.7852647305,0.0000000000,1.0000000000,0.0000000000,-0.7852647305,0.0000000000,0.6191601157,0,285.0,-588.3,1694.9,1,59.0,-271.5,1728.2,1,324.3,-325.7,1543.2,1,149.2,-930.1,1800.0,0,285.0,-955.0,1694.9,0,
14,0.7842566967,-0.0339737050,0.6195026636,-0.1342905015,0.9655321836,0.2229572386,-0.6057265401,-0.2580499649,0.7526631951,1,239.3,359.9,1552.3,1,0.7842566967,-0.0339737050,0.6195026636,-0.1342905015,0.9655321836,0.2229572386,-0.6057265401,-0.2580499649,0.7526631951,1,246.0,170.8,1602.9,1,0.7845230699,-0.0130112506,0.6199603081,-0.1452492326,0.9681073427,0.2041248977,-0.6028460860,-0.2501903474,0.7576131225,1,248.5,-13.8,1650.6,1,0.2300076187,-0.9615032673,-0.1503597796,0.8953740597,0.1485383511,0.4198115170,-0.3813159168,-0.2311880887,0.8950700164,1,141.5,190.1,1683.1,1,0.1149356589,-0.9615033269,-0.2496024370,0.9815744758,0.1485383511,-0.1201999485,0.1526481658,-0.2311881334,0.9608593583,1,81.8,-42.1,1782.1,1,0.1982987076,0.0219318569,0.9798961878,-0.9789323211,-0.0452152193,0.1991156489,0.0486732014,-0.9987364411,0.0125036854,1,350.4,151.5,1522.6,1,-0.2891589701,0.0247107260,0.9569621086,-0.9564247727,-0.0497304462,-0.2877124846,0.0404805690,-0.9984569550,0.0380139574,1,398.8,-87.2,1534.5,1,0.9889825583,0.0865237266,-0.1201140583,-0.0684351921,0.9867206812,0.1473060995,0.1312644780,-0.1374631226,0.9817706943,1,181.9,-185.7,1751.4,1,0.6346600056,-0.0000000000,-0.7727915049,0.0000000000,1.0000000000,0.0000000000,0.7727915049,0.0000000000,0.6346600056,0,148.9,-562.1,1803.8,1,0.6094368100,0.0885827541,0.7878705859,-0.1601428837,0.9870095253,0.0129017765,-0.7764928937,-0.1340346634,0.6157057881,1,320.0,-211.3,1645.2,1,0.6175497174,0.0000000000,0.7865318060,0.0000000000,1.0000000000,0.0000000000,-0.7865318060,0.0000000000,0.6175497174,0,286.2,-587.7,1696.4,1,53.5,-283.7,1744.5,1,326.4,-326.6,1544.6,1,148.9,-928.8,1803.8,0,286.2,-954.5,1696.4,0,
15,0.7861118913,-0.0309203360,0.6173076034,-0.1342185438,0.9663729668,0.2193282396,-0.6033330560,-0.2552715540,0.7555274963,1,240.6,359.2,1552.9,1,0.7861118913,-0.0309203360,0.6173076034,-0.1342185438,0.9663729668,0.2193282396,-0.6033330560,-0.2552715540,0.7555274963,1,246.7,169.7,1602.9,1,0.7863352895,-0.0119721647,0.6176812053,-0.1442974657,0.9685963392,0.2024734020,-0.6007098556,-0.2483426929,0.7599143386,1,249.0,-15.0,1650.3,1,0.2489194721,-0.9566569924,-0.1511507332,0.8694539666,0.1519603431,0.4700614810,-0.4267186224,-0.2484260499,0.8695951700,1,142.0,189.0,1682.9,1,0.1135205403,-0.9566570520,-0.2681800723,0.9801714420,0.1519603580,-0.1271695644,0.1624103785,-0.2484260798,0.9549384117,1,77.3,-36.8,1793.7,1,0.1988986284,0.0250776596,0.9796991944,-0.9788575768,-0.0435943827,0.1998436451,0.0477209873,-0.9987345934,0.0158765931,1,351.4,150.5,1522.9,1,-0.2742948830,0.0267116316,0.9612745643,-0.9606562853,-0.0529433526,-0.2726472616,0.0436102487,-0.9982402325,0.0401827842,1,399.6,-86.8,1534.5,1,0.9887928963,0.0849413946,-0.1227752864,-0.0659904331,0.9863397479,0.1509277821,0.1339181364,-0.1411343068,0.9808909893,1,182.0,-187.0,1750.5,1,0.6330304742,-0.0000000000,-0.7741270065,0.0000000000,1.0000000000,0.0000000000,0.7741270065,0.0000000000,0.6330304742,0,149.6,-563.3,1804.3,1,0.6119248271,0.0931187421,0.7854150534,-0.1571809053,0.9875551462,0.0053767893,-0.7751399875,-0.1267424375,0.6189460754,1,320.5,-212.4,1644.8,1,0.6196864843,0.0000000000,0.7848494649,0.0000000000,1.0000000000,0.0000000000,-0.7848494649,0.0000000000,0.6196864843,0,284.9,-589.1,1693.1,1,49.2,-279.7,1753.5,1,331.0,-327.2,1545.4,1,149.6,-930.0,1804.3,0,284.9,-955.9,1693.1,0,
16,0.7860063314,-0.0308368281,0.6174461246,-0.1362208426,0.9655663371,0.2216340303,-0.6030218005,-0.2583156526,0.7547410131,1,241.6,358.5,1552.0,1,0.7860063314,-0.0308368281,0.6174461246,-0.1362208426,0.9655663371,0.2216340303,-0.6030218005,-0.2583156526,0.7547410131,1,247.6,168.7,1602.8,1,0.7862247229,-0.0106648691,0.6178458929,-0.1463957727,0.9681696892,0.2030069381,-0.6003468037,-0.2500599623,0.7596380711,1,249.7,-15.9,1650.5,1,0.2336815298,-0.9578241110,-0.1672304720,0.8995041847,0.1476593167,0.4112043083,-0.3691681921,-0.2465153635,0.8960720301,1,142.9,188.2,1682.8,1,0.1492781490,-0.9559519291,-0.2527294159,0.9867128730,0.1605949998,-0.0246366467,0.0641385242,-0.2456936538,0.9672233462,1,82.4,-44.6,1778.3,1,0.1980463117,0.0249113105,0.9798759818,-0.9790050387,-0.0441676080,0.1989931464,0.0482359678,-0.9987133741,0.0156410672,1,352.3,149.3,1522.9,1,-0.2655142248,0.0245986655,0.9637930393,-0.9628679752,-0.0574311614,-0.2637935281,0.0488627888,-0.9980463982,0.0389340520,1,400.2,-87.6,1534.5,1,0.9891589284,0.0815870762,-0.1220979989,-0.0610390194,0.9846597314,0.1634606272,0.1335612237,-0.1542358100,0.9789650440,1,182.5,-187.7,1751.1,1,0.6345953345,-0.0000000000,-0.7728445530,0.0000000000,1.0000000000,0.0000000000,0.7728445530,0.0000000000,0.6345953345,0,151.4,-563.3,1809.9,1,0.6115480065,0.0911723822,0.7859367728,-0.1623135507,0.9866681695,0.0118401842,-0.7743793130,-0.1348090321,0.6181935072,1,320.9,-213.4,1645.4,1,0.6198997498,0.0000000000,0.7846810222,0.0000000000,1.0000000000,0.0000000000,-0.7846810222,0.0000000000,0.6198997498,0,286.1,-589.8,1696.8,1,45.5,-288.5,1762.5,1,333.8,-328.5,1546.8,1,151.4,-930.0,1809.9,0,286.1,-956.6,1696.8,0,
17,0.7870553136,-0.0353258327,0.6158673167,-0.1325973123,0.9653322697,0.2248279899,-0.6024608612,-0.2586152852,0.7550861835,1,240.9,359.3,1552.2,1,0.7870553136,-0.0353258327,0.6158673167,-0.1325973123,0.9653322697,0.2248279899,-0.6024608612,-0.2586152852,0.7550861835,1,247.9,169.7,1603.0,1,0.7873197198,-0.0147386864,0.6163659692,-0.1428073943,0.9681648016,0.2055697292,-0.5997757316,-0.2498715818,0.7601509094,1,250.7,-14.9,1650.6,1,0.2533220351,-0.9511273503,-0.1765920222,0.8702737689,0.1443495750,0.4709424973,-0.4224353135,-0.2729835212,0.8643080592,1,143.0,188.7,1682.8,1,0.1115554944,-0.9511273503,-0.2879447341,0.9849340320,0.1443495601,-0.0952266380,0.1321373433,-0.2729834914,0.9529007077,1,76.9,-38.5,1793.1,1,0.1983728409,0.0258325040,0.9797861576,-0.9789518118,-0.0437095985,0.1993563324,0.0479759313,-0.9987103343,0.0166179761,1,352.7,150.7,1523.1,1,-0.2659793198,0.0233970899,0.9636948109,-0.9623465538,-0.0645964444,-0.2640388906,0.0560735092,-0.9976372719,0.0396974236,1,401.0,-87.5,1534.8,1,0.9888677597,0.0826644227,-0.1237221658,-0.0616837032,0.9844108224,0.1647136509,0.1354092062,-0.1552483886,0.9785510898,1,184.2,-187.0,1751.1,1,0.6335223317,-0.0000000000,-0.7737244368,0.0000000000,1.0000000000,0.0000000000,0.7737244368,0.0000000000,0.6335223317,0,152.7,-562.5,1810.3,1,0.6128013730,0.0881293640,0.7853074074,-0.1597780436,0.9870549440,0.0139100607,-0.7739156485,-0.1339989901,0.6189497709,1,322.8,-212.1,1645.5,1,0.6209372878,0.0000000000,0.7838603258,0.0000000000,1.0000000000,0.0000000000,-0.7838603258,0.0000000000,0.6209372878,0,289.2,-588.7,1696.6,1,49.3,-282.3,1760.4,1,334.4,-328.4,1548.8,1,152.7,-929.3,1810.3,0,289.2,-955.4,1696.6,0,
18,0.7875457406,-0.0323147625,0.6154053211,-0.1315617859,0.9667829871,0.2191302329,-0.6020466685,-0.2535398304,0.7571350932,1,243.0,359.1,1552.8,1,0.7875457406,-0.0323147625,0.6154053211,-0.1315617859,0.9667829871,0.2191302329,-0.6020466685,-0.2535398304,0.7571350932,1,249.3,168.7,1602.7,1,0.7878075242,-0.0123735666,0.6157943606,-0.1428975165,0.9688432813,0.2022841424,-0.5991132259,-0.2473573387,0.7614944577,1,251.7,-16.1,1649.9,1,0.2376300693,-0.9516895413,-0.1944713295,0.9029856324,0.1426486671,0.4053003788,-0.3579790294,-0.2719163895,0.8932595253,1,144.4,187.7,1682.5,1,0.1273947507,-0.9498597383,-0.2855471671,0.9837839007,0.1576547921,-0.0855235979,0.1262532920,-0.2700214684,0.9545410275,1,82.1,-49.1,1776.4,1,0.1960262656,0.0290244296,0.9801689982,-0.9790161252,-0.0509705581,0.1973050535,0.0556864291,-0.9982782602,0.0184238181,1,354.2,149.7,1523.0,1,-0.2641357780,0.0283616502,0.9640684724,-0.9628349543,-0.0662056282,-0.2618502080,0.0564002469,-0.9974027872,0.0447948687,1,401.5,-86.6,1536.4,1,0.9885538816,0.0849322975,-0.1246897578,-0.0642040223,0.9847426414,0.1617398858,0.1365243196,-0.1518830061,0.9789241552,1,184.7,-188.3,1749.8,1,0.6322113872,-0.0000000000,-0.7747958899,0.0000000000,1.0000000000,0.0000000000,0.7747958899,0.0000000000,0.6322113872,0,152.3,-563.9,1807.8,1,0.6135044694,0.0950998515,0.7839440107,-0.1587583423,0.9873073101,0.0044724816,-0.7735683322,-0.1272015572,0.6208153367,1,323.4,-213.4,1644.4,1,0.6214367151,0.0000000000,0.7834643126,0.0000000000,1.0000000000,0.0000000000,-0.7834643126,0.0000000000,0.6214367151,0,287.1,-590.1,1692.9,1,50.5,-293.5,1745.0,1,335.4,-327.5,1550.5,1,152.3,-930.7,1807.8,0,287.1,-956.8,1692.9,0,
19,0.7868958712,-0.0339198261,0.6161500216,-0.1311155260,0.9664958119,0.2206594199,-0.6029930711,-0.2544236779,0.7560846806,1,242.9,358.8,1552.6,1,0.7868958712,-0.0339198261,0.6161500216,-0.1311155260,0.9664958119,0.2206594199,-0.6029930711,-0.2544236779,0.7560846806,1,249.6,168.4,1602.7,1,0.7871445417,-0.0151364086,0.6165800691,-0.1409234703,0.9688370824,0.2036937475,-0.6004508138,-0.2472278774,0.7604823112,1,252.5,-16.4,1649.8,1,0.2591560185,-0.9421585202,-0.2125452608,0.8762291670,0.1367796361,0.4620755315,-0.4062765241,-0.3059880137,0.8609940410,1,144.8,187.2,1682.7,1,0.0764683634,-0.9421584606,-0.3263279498,0.9765833020,0.1367796063,-0.1660610139,0.2010907829,-0.3059880137,0.9305557013,1,76.9,-42.4,1789.1,1,0.1971329600,0.0281381104,0.9799728990,-0.9786239266,-0.0540993325,0.1984149665,0.0585989021,-0.9981390238,0.0168718658,1,354.4,149.6,1522.7,1,-0.2710697949,0.0288600773,0.9621268511,-0.9609429836,-0.0660220832,-0.2687557638,0.0557653159,-0.9974006414,0.0456294790,1,402.1,-87.1,1536.9,1,0.9887948036,0.0843039602,-0.1231972873,-0.0625866801,0.9833536744,0.1705820262,0.1355271935,-0.1609601080,0.9776115417,1,186.1,-188.7,1749.9,1,0.6342574358,-0.0000000000,-0.7731218934,0.0000000000,1.0000000000,0.0000000000,0.7731218934,0.0000000000,0.6342574358,0,153.9,-563.8,1811.3,1,0.6114283800,0.0970385000,0.7853273153,-0.1692700833,0.9855188727,0.0100126956,-0.7729832530,-0.1390544474,0.6189998984,1,324.7,-213.6,1644.1,1,0.6204986572,0.0000000000,0.7842074037,0.0000000000,1.0000000000,0.0000000000,-0.7842074037,0.0000000000,0.6204986572,0,287.6,-589.5,1697.2,1,57.9,-284.5,1739.2,1,334.3,-327.6,1550.9,1,153.9,-930.6,1811.3,0,287.6,-956.3,1697.2,0,
20,0.7887372971,-0.0324082635,0.6138727069,-0.1309674531,0.9668210745,0.2193183452,-0.6006148458,-0.2533827722,0.7583239079,1,244.2,358.5,1552.5,1,0.7887372971,-0.0324082635,0.6138727069,-0.1309674531,0.9668210745,0.2193183452,-0.6006148458,-0.2533827722,0.7583239079,1,250.6,168.4,1602.3,1,0.7889735699,-0.0147459032,0.6142473817,-0.1406666040,0.9688224792,0.2039407194,-0.5981059670,-0.2473087907,0.7623016238,1,253.4,-16.4,1649.4,1,0.2363892645,-0.9548391700,-0.1800063848,0.9052438140,0.1491042972,0.3978711367,-0.3530631661,-0.2570021152,0.8996090293,1,145.5,187.1,1681.9,1,0.1004391313,-0.9548391104,-0.2796322107,0.9760253429,0.1491042972,-0.1585635394,0.1930970401,-0.2570021451,0.9469231367,1,82.9,-52.5,1775.4,1,0.1946742833,0.0314884782,0.9803624153,-0.9789641500,-0.0560039692,0.1961954385,0.0610820800,-0.9979338646,0.0199235622,1,355.6,149.6,1522.6,1,-0.2703489959,0.0327147171,0.9622063637,-0.9611337185,-0.0672790185,-0.2677601278,0.0559766069,-0.9971976280,0.0496320315,1,402.6,-86.9,1537.4,1,0.9880627394,0.0880936682,-0.1263770163,-0.0661436170,0.9834922552,0.1684275568,0.1391283572,-0.1580579877,0.9775789976,1,186.7,-188.8,1749.3,1,0.6312908530,-0.0000000000,-0.7755461931,0.0000000000,1.0000000000,0.0000000000,0.7755461931,0.0000000000,0.6312908530,0,153.1,-563.9,1809.6,1,0.6137076020,0.1019619703,0.7829219103,-0.1697368175,0.9854782224,0.0047098985,-0.7710722685,-0.1357811689,0.6221021414,1,325.6,-213.6,1644.0,1,0.6227996945,0.0000000000,0.7823813558,0.0000000000,1.0000000000,0.0000000000,-0.7823813558,0.0000000000,0.6227996945,0,286.7,-589.5,1695.8,1,58.0,-295.1,1727.4,1,335.0,-327.4,1551.4,1,153.1,-930.7,1809.6,0,286.7,-956.2,1695.8,0,
21,0.7883320451,-0.0336660296,0.6143253446,-0.1321416944,0.9659321308,0.2225079983,-0.6008895636,-0.2565890849,0.7570271492,1,244.8,359.4,1551.9,1,0.7883320451,-0.0336660296,0.6143253446,-0.1321416944,0.9659321308,0.2225079983,-0.6008895636,-0.2565890849,0.7570271492,1,251.4,169.3,1602.4,1,0.7885990739,-0.0128786936,0.6147700548,-0.1432368159,0.9684275389,0.2040278018,-0.5979897976,-0.2489547282,0.7618569136,1,253.9,-15.4,1649.8,1,0.2371388078,-0.9567857981,-0.1683036834,0.8926297426,0.1462292224,0.4264143407,-0.3833762705,-0.2513522506,0.8887320757,1,146.4,188.3,1682.0,1,0.0893971249,-0.9567857981,-0.2767111957,0.9704189897,0.1462291926,-0.1921040714,0.2242656946,-0.2513522506,0.9415556192,1,83.6,-48.0,1783.5,1,0.1883849949,0.0313586406,0.9815944433,-0.9800463319,-0.0585265756,0.1899575740,0.0634061769,-0.9977931976,0.0197073910,1,356.4,150.2,1522.7,1,-0.2627626956,0.0344192013,0.9642463923,-0.9634587765,-0.0632082522,-0.2602918446,0.0519892871,-0.9974066019,0.0497702509,1,402.1,-87.5,1538.1,1,0.9882243276,0.0870833918,-0.1258128285,-0.0650979728,0.9834031463,0.1693522334,0.1384724677,-0.1591678560,0.9774922132,1,186.9,-187.5,1750.0,1,0.6317821741,-0.0000000000,-0.7751459479,0.0000000000,1.0000000000,0.0000000000,0.7751459479,0.0000000000,0.6317821741,0,153.7,-562.6,1810.7,1,0.6136654019,0.1056742594,0.7824626565,-0.1682936251,0.9857362509,-0.0011386839,-0.7714221478,-0.1309846938,0.6226965189,1,325.7,-212.7,1644.7,1,0.6225315928,0.0000000000,0.7825946212,0.0000000000,1.0000000000,0.0000000000,-0.7825946212,0.0000000000,0.6225315928,0,285.4,-588.7,1694.6,1,61.4,-289.5,1727.7,1,336.3,-328.6,1551.1,1,153.7,-929.4,1810.7,0,285.4,-955.5,1694.6,0,
22,0.7830466032,-0.0357354991,0.6209326386,-0.1341311038,0.9651504755,0.2246986181,-0.6073251963,-0.2592368126,0.7509651184,1,244.5,361.3,1552.1,1,0.7830466032,-0.0357354991,0.6209326386,-0.1341311038,0.9651504755,0.2246986181,-0.6073251963,-0.2592368126,0.7509651184,1,251.5,171.5,1603.1,1,0.7833586931,-0.0108524309,0.6214722991,-0.1470824629,0.9682123065,0.2023058236,-0.6039146185,-0.2498866171,0.7568619847,1,253.5,-13.2,1650.7,1,0.2222950310,-0.9576979280,-0.1827558130,0.9168837070,0.1416060328,0.3731915355,-0.3315253854,-0.2505244613,0.9095759988,1,147.2,191.0,1683.5,1,0.0978984758,-0.9576979280,-0.2706116736,0.9789487123,0.1416060477,-0.1469937414,0.1790958345,-0.2505244911,0.9514001608,1,88.2,-52.3,1771.5,1,0.1901439428,0.0241336413,0.9814594984,-0.9794718623,-0.0634935647,0.1913201362,0.0669336244,-0.9976903200,0.0115653044,1,355.8,151.9,1522.7,1,-0.2577965558,0.0311059970,0.9656983018,-0.9651819468,-0.0541432127,-0.2559146881,0.0443255343,-0.9980484843,0.0439808816,1,402.2,-87.2,1539.0,1,0.9892161489,0.0872123912,-0.1176660061,-0.0670770258,0.9839474559,0.1653724164,0.1301996708,-0.1556964070,0.9791866541,1,186.7,-184.9,1751.6,1,0.6375926733,-0.0000000000,-0.7703737020,0.0000000000,1.0000000000,0.0000000000,0.7703737020,0.0000000000,0.6375926733,0,153.4,-560.2,1810.9,1,0.6077786684,0.1053230241,0.7870910764,-0.1643140465,0.9863948822,-0.0051119146,-0.7769210339,-0.1262231916,0.6168157458,1,324.6,-210.8,1645.2,1,0.6160956621,0.0000000000,0.7876713872,0.0000000000,1.0000000000,0.0000000000,-0.7876713872,0.0000000000,0.6160956621,0,284.4,-587.1,1693.4,1,63.8,-295.9,1726.9,1,337.7,-328.8,1550.1,1,153.4,-927.0,1810.9,0,284.4,-953.8,1693.4,0,
23,0.7798195481,-0.0340504795,0.6250748038,-0.1370611042,0.9650025964,0.2235627174,-0.6108132005,-0.2600129545,0.7478614450,1,244.7,363.6,1552.2,1,0.7798195481,-0.0340504795,0.6250748038,-0.1370611042,0.9650025964,0.2235627174,-0.6108132005,-0.2600129545,0.7478614450,1,251.5,173.3,1603.5,1,0.7800993919,-0.0100969104,0.6255713701,-0.1493119299,0.9679722190,0.2018208653,-0.6075754762,-0.2508465350,0.7536075115,1,253.4,-11.3,1651.3,1,0.2500129342,-0.9353118539,-0.2503701150,0.8978534341,0.1271619201,0.4215317369,-0.3624260724,-0.3301840425,0.8715651631,1,147.6,193.2,1684.4,1,0.0618647113,-0.9353119135,-0.3483739495,0.9775848389,0.1271619201,-0.1678026170,0.2012476772,-0.3301840127,0.9222135544,1,81.4,-44.4,1780.3,1,0.1961768568,0.0191490296,0.9803814888,-0.9782678485,-0.0646261945,0.1970161945,0.0671309978,-0.9977257252,0.0060547185,1,355.3,153.4,1522.6,1,-0.2593825758,0.0266695973,0.9654062986,-0.9647325873,-0.0535801239,-0.2577213645,0.0448532663,-0.9982073903,0.0396267772,1,403.2,-85.1,1539.0,1,0.9896731377,0.0884836540,-0.1127729118,-0.0696771890,0.9844951630,0.1609792411,0.1252684295,-0.1514591277,0.9804937840,1,186.6,-182.8,1752.7,1,0.6408078074,-0.0000000000,-0.7677013278,0.0000000000,1.0000000000,0.0000000000,0.7677013278,0.0000000000,0.6408078074,0,152.9,-558.3,1810.4,1,0.6040906310,0.0960113779,0.7911108732,-0.1620275378,0.9867783189,0.0039657736,-0.7802702785,-0.1305774301,0.6116599441,1,324.0,-209.1,1645.7,1,0.6122242808,0.0000000000,0.7906842232,0.0000000000,1.0000000000,0.0000000000,-0.7906842232,0.0000000000,0.6122242808,0,287.4,-585.5,1695.5,1,66.0,-287.7,1730.2,1,338.2,-326.5,1550.2,1,152.9,-925.1,1810.4,0,287.4,-952.2,1695.5,0,
