1,0.9354877472,0.1328443140,-0.3274374008,0.0459744222,0.8730058670,0.4855353236,0.3503546417,-0.4692674279,0.8105793595,1,-478.3,603.7,1969.3,1,0.9354877472,0.1328443140,-0.3274374008,0.0459744222,0.8730058670,0.4855353236,0.3503546417,-0.4692674279,0.8105793595,1,-503.9,435.1,2060.0,1,0.9328460097,0.1424889117,-0.3309007883,0.0291008633,0.8856629729,0.4634132087,0.3590970635,-0.4419240355,0.8220410943,1,-528.8,280.2,2137.2,1,-0.0000013113,-1.0000001192,0.0000000000,1.0000001192,-0.0000013113,0.0000000000,-0.0000000000,0.0000000000,1.0000000000,0,-618.4,431.5,2015.9,1,0.0000197291,-0.9999990463,0.0000006084,0.9999990463,0.0000197291,0.0000001243,-0.0000001243,0.0000006084,1.0000000000,0,-618.4,199.3,2015.9,0,0.1145688295,0.9933533669,-0.0110959504,-0.9685078859,0.1141747907,0.2212615311,0.2210577726,-0.0146031594,0.9751513600,1,-389.4,438.6,2104.1,1,0.0897778124,0.9933534265,0.0720352829,-0.8479175568,0.1141748130,-0.5176871419,-0.5224708915,-0.0146031640,0.8525321484,1,-361.0,198.3,2158.9,1,0.9942063689,-0.1043253541,-0.0258822683,0.0981923193,0.9794566631,-0.1761332452,0.0437257215,0.1725713611,0.9840260148,0,-630.5,123.0,2184.9,1,0.9709681869,-0.0838116109,-0.2240455449,0.1444773674,0.9519515038,0.2700270116,0.1906490922,-0.2945571244,0.9364235401,0,-593.5,-224.8,2123.6,0,0.9227827787,-0.3439274132,-0.1737406254,0.1421431005,0.7229394913,-0.6761314869,0.3581441045,0.5992264748,0.7160030603,1,-476.9,127.8,2244.0,1,0.9227828979,-0.0354459099,-0.3836866617,0.1421431005,0.9568443298,0.2534646094,0.3581441045,-0.2884311974,0.8879979253,1,-354.8,-128.8,2031.3,1,-618.4,-32.9,2015.9,0,-339.0,-9.6,2030.8,1,-564.9,-549.9,2224.2,0,-346.1,-364.7,2102.4,1,
2,0.9355707169,0.1344257891,-0.3265537620,0.0437915996,0.8734139204,0.4850029647,0.3504127562,-0.4680562615,0.8112542629,1,-479.0,601.4,1970.1,1,0.9355707169,0.1344257891,-0.3265537620,0.0437915996,0.8734139204,0.4850029647,0.3504127562,-0.4680562615,0.8112542629,1,-504.9,433.1,2060.3,1,0.9331393838,0.1422523707,-0.3301746845,0.0283268895,0.8864409328,0.4619714618,0.3583961427,-0.4404379725,0.8231438398,1,-529.8,278.1,2137.3,1,-0.0000013113,-1.0000001192,0.0000000000,1.0000001192,-0.0000013113,0.0000000000,-0.0000000000,0.0000000000,1.0000000000,0,-619.5,429.6,2016.3,1,0.0000197291,-0.9999990463,0.0000005475,0.9999990463,0.0000197291,0.0000001119,-0.0000001119,0.0000005475,1.0000000000,0,-619.5,197.4,2016.3,0,0.1182375476,0.9929729104,-0.0049847118,-0.9669102430,0.1162741035,0.2270792276,0.2260631025,-0.0220295209,0.9738635421,1,-390.4,436.6,2104.3,1,0.0883422568,0.9929728508,0.0787439570,-0.8521567583,0.1162740886,-0.5102050900,-0.5157756805,-0.0220295265,0.8564403653,1,-361.2,198.3,2160.0,1,0.9962873459,-0.0831792727,-0.0221971981,0.0792491212,0.9868354797,-0.1409797519,0.0336315744,0.1386972219,0.9897636175,0,-631.6,120.8,2184.7,1,0.9764310718,-0.0785729811,-0.2010190785,0.1278233528,0.9609927535,0.2452633977,0.1739068031,-0.2651777267,0.9483866096,0,-602.1,-229.7,2135.5,0,0.9162402153,-0.3519339859,-0.1914322972,0.1360262930,0.7227234840,-0.6776190996,0.3768298030,0.5948220491,0.7100605965,1,-477.7,125.5,2243.9,1,0.9162402749,-0.0229803212,-0.3999697268,0.1360263079,0.9568904042,0.2566272616,0.3768298328,-0.2895385921,0.8798674941,1,-352.8,-131.1,2032.6,1,-619.5,-34.8,2016.3,0,-339.6,-10.7,2033.5,1,-575.3,-557.9,2226.0,0,-347.1,-365.3,2103.5,1,
3,0.9355770946,0.1366283298,-0.3256199956,0.0433005318,0.8707678914,0.4897813499,0.3504567146,-0.4723290801,0.8087549210,1,-477.4,600.7,1968.4,1,0.9355770946,0.1366283298,-0.3256199956,0.0433005318,0.8707678914,0.4897813499,0.3504567146,-0.4723290801,0.8087549210,1,-503.9,432.2,2059.9,1,0.9332683086,0.1431456953,-0.3294233680,0.0288167689,0.8843552470,0.4659215808,0.3580212295,-0.4443241358,0.8212162256,1,-528.9,277.6,2137.5,1,-0.0000013113,-1.0000001192,0.0000000000,1.0000001192,-0.0000013113,0.0000000000,-0.0000000000,0.0000000000,1.0000000000,0,-618.5,428.6,2015.9,1,0.0000197291,-0.9999990463,0.0000004928,0.9999990463,0.0000197291,0.0000001007,-0.0000001007,0.0000004928,1.0000000000,0,-618.5,196.4,2015.9,0,0.1183499917,0.9928848147,0.0131559614,-0.9663516879,0.1121198088,0.2315031290,0.2283809185,-0.0401116759,0.9727451801,1,-389.3,435.7,2103.8,1,0.0754586682,0.9928846955,0.0921183154,-0.8529906273,0.1121197939,-0.5097411871,-0.5164425373,-0.0401116684,0.8553818464,1,-360.3,199.1,2159.7,1,0.9976219535,-0.0663362294,-0.0187060237,0.0638188869,0.9915678501,-0.1127846539,0.0260300003,0.1113226563,0.9934433699,0,-630.0,120.6,2186.0,1,0.9808742404,-0.0732375532,-0.1803386658,0.1132033616,0.9683462977,0.2224645019,0.1583375186,-0.2386246324,0.9581166506,0,-606.4,-231.6,2146.5,0,0.9178586006,-0.3549174070,-0.1776770651,0.1440842748,0.7150642276,-0.6840488315,0.3698313534,0.6022595763,0.7074660063,1,-477.9,125.3,2244.4,1,0.9178585410,-0.0282481797,-0.3959009647,0.1440842897,0.9531334639,0.2660380602,0.3698313534,-0.3012284338,0.8789119124,1,-351.9,-128.6,2030.5,1,-618.5,-35.8,2015.9,0,-341.8,-10.1,2033.1,1,-581.4,-562.3,2228.0,0,-344.9,-365.4,2105.4,1,
4,0.9382684827,0.1320261061,-0.3197209835,0.0353384092,0.8828715086,0.4682804346,0.3440970778,-0.4506725371,0.8237055540,1,-479.3,604.8,1976.6,1,0.9382684827,0.1320261061,-0.3197209835,0.0353384092,0.8828715086,0.4682804346,0.3440970778,-0.4506725371,0.8237055540,1,-504.8,434.5,2063.6,1,0.9361919165,0.1390653104,-0.3228091598,0.0217292681,0.8937470317,0.4480419159,0.3508161008,-0.4264689684,0.8336975574,1,-529.1,278.3,2138.1,1,-0.0000013113,-1.0000001192,0.0000000000,1.0000001192,-0.0000013113,0.0000000000,-0.0000000000,0.0000000000,1.0000000000,0,-619.8,431.8,2020.5,1,0.0000197291,-0.9999990463,0.0000004435,0.9999990463,0.0000197291,0.0000000906,-0.0000000906,0.0000004435,1.0000000000,0,-619.8,199.6,2020.5,0,0.1227143332,0.9920793772,0.0268337056,-0.9703162313,0.1142571718,0.2131476253,0.2083934098,-0.0521934479,0.9766514897,1,-389.9,437.2,2106.6,1,0.0711510256,0.9920792580,0.1035199836,-0.8535591960,0.1142571643,-0.5083128810,-0.5161144733,-0.0521934517,0.8549279571,1,-359.6,197.5,2158.1,1,0.9984772801,-0.0529224426,-0.0155682163,0.0513104945,0.9946005940,-0.0902047232,0.0202580132,0.0892685577,0.9958015680,0,-630.4,120.2,2183.8,1,0.9844851494,-0.0679381639,-0.1617818922,0.1003584564,0.9743224978,0.2015535831,0.1439345628,-0.2146627009,0.9660242200,0,-611.6,-233.0,2152.1,0,0.9212442636,-0.3463923931,-0.1769775599,0.1425575912,0.7239736915,-0.6749365330,0.3619199991,0.5965519547,0.7163376212,1,-476.5,123.8,2241.5,1,0.9212445021,-0.0330084115,-0.3875812292,0.1425575912,0.9557173848,0.2574522793,0.3619200289,-0.2924291193,0.8851549029,1,-353.5,-133.3,2029.7,1,-619.8,-32.6,2020.5,0,-342.1,-11.8,2031.6,1,-588.4,-565.7,2225.4,0,-345.4,-366.9,2101.2,1,
5,0.9384778738,0.1328179836,-0.3187770545,0.0403134599,0.8746359944,0.4830985665,0.3429773748,-0.4662296772,0.8154727817,1,-478.2,605.3,1970.2,1,0.9384778738,0.1328179836,-0.3187770545,0.0403134599,0.8746359944,0.4830985665,0.3429773748,-0.4662296772,0.8154727817,1,-503.9,436.0,2060.5,1,0.9362446666,0.1406379938,-0.3219738007,0.0259329006,0.8862313032,0.4625139534,0.3503895700,-0.4413772821,0.8260827065,1,-528.5,281.1,2137.6,1,-0.0000013113,-1.0000001192,0.0000000000,1.0000001192,-0.0000013113,0.0000000000,-0.0000000000,0.0000000000,1.0000000000,0,-618.9,432.9,2017.4,1,0.0000197291,-0.9999990463,0.0000003991,0.9999990463,0.0000197291,0.0000000815,-0.0000000816,0.0000003991,1.0000000000,0,-618.9,200.6,2017.4,0,0.1196304411,0.9925639033,0.0224834848,-0.9690069556,0.1118012965,0.2202861756,0.2161344290,-0.0481395870,0.9751761556,1,-389.0,439.2,2103.5,1,0.0702616721,0.9925639629,0.0993994325,-0.8491613269,0.1118013039,-0.5161643028,-0.5234390497,-0.0481395870,0.8507021666,1,-359.2,197.6,2157.4,1,0.9990251064,-0.0422370918,-0.0128388479,0.0412050970,0.9965432286,-0.0721370578,0.0158413276,0.0715377033,0.9973120689,0,-629.3,124.1,2186.2,1,0.9874178767,-0.0627699792,-0.1451407224,0.0890619159,0.9791762829,0.1824330389,0.1306670457,-0.1930641532,0.9724465609,0,-614.3,-229.8,2160.8,0,0.9181696177,-0.3458289504,-0.1933058202,0.1390959173,0.7382375598,-0.6600437760,0.3709678650,0.5791440010,0.7259305716,1,-476.9,128.3,2243.3,1,0.9181695580,-0.0280948393,-0.3951904178,0.1390958726,0.9568454027,0.2551457584,0.3709678352,-0.2892364264,0.8824540377,1,-354.1,-133.8,2037.7,1,-618.9,-31.6,2017.4,0,-341.9,-10.6,2029.0,1,-592.9,-564.2,2226.8,0,-347.7,-353.0,2103.9,1,
6,0.9395303726,0.1296461970,-0.3169776201,0.0450928807,0.8706821203,0.4897722006,0.3394831419,-0.4744506180,0.8121867180,1,-479.7,605.7,1967.5,1,0.9395303726,0.1296461970,-0.3169776201,0.0450928807,0.8706821203,0.4897722006,0.3394831419,-0.4744506180,0.8121867180,1,-504.8,437.3,2059.3,1,0.9375060201,0.1354166567,-0.3205387890,0.0316908918,0.8841121793,0.4661962092,0.3465222716,-0.4472212493,0.8245695233,1,-528.5,282.7,2137.5,1,-0.0000013113,-1.0000001192,0.0000000000,1.0000001192,-0.0000013113,0.0000000000,-0.0000000000,0.0000000000,1.0000000000,0,-619.9,433.4,2016.8,1,0.0000197291,-0.9999990463,0.0000003592,0.9999990463,0.0000197291,0.0000000734,-0.0000000734,0.0000003592,1.0000000000,0,-619.9,201.2,2016.8,0,0.1216084138,0.9925106168,0.0115783708,-0.9674947858,0.1159213707,0.2247576565,0.2217321396,-0.0385344326,0.9743459821,1,-389.7,441.2,2101.8,1,0.0785650685,0.9925105572,0.0935424715,-0.8472861052,0.1159213632,-0.5183323622,-0.5252939463,-0.0385344177,0.8500478268,1,-359.2,198.6,2157.4,1,0.9993759394,-0.0337215029,-0.0105159907,0.0330608822,0.9977871776,-0.0576863959,0.0124379927,0.0573027283,0.9982793927,0,-628.4,125.6,2187.5,1,0.9897986054,-0.0577989556,-0.1302229613,0.0791161209,0.9831163883,0.1649933159,0.1184878796,-0.1736128926,0.9776600599,0,-616.4,-228.8,2167.1,0,0.9250488281,-0.3408070207,-0.1677356362,0.1452676654,0.7254284620,-0.6727933288,0.3509728909,0.5980001092,0.7205649614,1,-475.9,130.7,2243.8,1,0.9250488281,-0.0355835073,-0.3781778514,0.1452676654,0.9530594349,0.2656593919,0.3509728909,-0.3006848991,0.8867957592,1,-354.9,-126.8,2031.5,1,-619.9,-31.1,2016.8,0,-340.0,-9.2,2028.6,1,-596.7,-564.5,2226.4,0,-346.1,-363.6,2106.3,1,
7,0.9372211099,0.1304298043,-0.3234269917,0.0505678207,0.8667952418,0.4960911572,0.3450493217,-0.4813034236,0.8057838082,1,-480.3,604.3,1965.7,1,0.9372211099,0.1304298043,-0.3234269917,0.0505678207,0.8667952418,0.4960911572,0.3450493217,-0.4813034236,0.8057838082,1,-505.6,436.0,2059.1,1,0.9353106022,0.1343081892,-0.3273465037,0.0379494242,0.8817403316,0.4702035785,0.3517860770,-0.4522103667,0.8196046352,1,-529.1,281.9,2138.1,1,-0.0000013113,-1.0000001192,0.0000000000,1.0000001192,-0.0000013113,0.0000000000,-0.0000000000,0.0000000000,1.0000000000,0,-620.4,431.4,2015.9,1,0.0000197291,-0.9999990463,0.0000003233,0.9999990463,0.0000197291,0.0000000661,-0.0000000661,0.0000003233,1.0000000000,0,-620.4,199.2,2015.9,0,0.1274544448,0.9915589690,0.0237976629,-0.9656634331,0.1185780317,0.2311567664,0.2263836712,-0.0524424911,0.9726254344,1,-390.7,440.7,2102.3,1,0.0744832978,0.9915588498,0.1061282307,-0.8520129323,0.1185780242,-0.5099148750,-0.5181950927,-0.0524424799,0.8536530733,1,-359.0,199.9,2158.7,1,0.9996005297,-0.0269317683,-0.0085690031,0.0265089143,0.9985836148,-0.0461311564,0.0097992597,0.0458855778,0.9988986254,0,-629.1,124.7,2188.4,1,0.9917303920,-0.0530687273,-0.1168528646,0.0703492090,0.9863135219,0.1491194814,0.1073399782,-0.1561068147,0.9818904400,0,-619.5,-230.0,2172.1,0,0.9324858785,-0.3345243633,-0.1362480968,0.1543377936,0.7100398540,-0.6870394945,0.3265730143,0.6196264029,0.7137318850,1,-476.0,130.9,2246.0,1,0.9324859381,-0.0457012951,-0.3583036065,0.1543377787,0.9472633004,0.2808418274,0.3265730143,-0.3171808124,0.8903630972,1,-357.2,-121.2,2026.0,1,-620.4,-33.1,2015.9,0,-340.7,-9.0,2031.6,1,-601.4,-566.8,2225.4,0,-345.2,-369.7,2109.3,1,
8,0.9356774688,0.1334978938,-0.3266284168,0.0507314019,0.8651548624,0.4989298284,0.3491895497,-0.4834091067,0.8027339578,1,-479.9,602.7,1966.7,1,0.9356774688,0.1334978938,-0.3266284168,0.0507314019,0.8651548624,0.4989298284,0.3491895497,-0.4834091067,0.8027339578,1,-505.8,435.0,2060.4,1,0.9338715672,0.1355712414,-0.3309148252,0.0390099511,0.8812103271,0.4711094797,0.3554737568,-0.4528661072,0.8176491261,1,-529.5,281.0,2139.6,1,-0.0000013113,-1.0000001192,0.0000000000,1.0000001192,-0.0000013113,0.0000000000,-0.0000000000,0.0000000000,1.0000000000,0,-620.4,430.2,2016.8,1,0.0000197291,-0.9999990463,0.0000002910,0.9999990463,0.0000197291,0.0000000594,-0.0000000595,0.0000002910,1.0000000000,0,-620.4,198.0,2016.8,0,0.1297189593,0.9913889170,0.0179282259,-0.9655091763,0.1221747845,0.2299250811,0.2257547677,-0.0471355096,0.9730432630,1,-391.1,439.8,2104.0,1,0.0819607973,0.9913887382,0.1021315604,-0.8596318364,0.1221747622,-0.4960911274,-0.5042970181,-0.0471355170,0.8622429371,1,-359.1,201.1,2159.9,1,0.9997443557,-0.0215153955,-0.0069548916,0.0212447420,0.9990934134,-0.0368918218,0.0077423286,0.0367346369,0.9992950559,0,-629.8,123.7,2189.6,1,0.9932973385,-0.0486059412,-0.1048707888,0.0626120418,0.9889069200,0.1346955448,0.0971604362,-0.1403589100,0.9853218794,0,-622.1,-231.1,2176.5,0,0.9351733923,-0.3298271000,-0.1290919334,0.1596209705,0.7178207040,-0.6776832342,0.3161831498,0.6131455302,0.7239342332,1,-476.6,130.1,2247.9,1,0.9351735115,-0.0604153797,-0.3489994705,0.1596210003,0.9514989257,0.2630036771,0.3161831498,-0.3016616702,0.8994601369,1,-359.5,-124.7,2030.2,1,-620.4,-34.2,2016.8,0,-339.0,-9.7,2036.2,1,-605.5,-568.8,2224.5,0,-343.8,-371.4,2108.4,1,
9,0.9339094758,0.1378107071,-0.3298809826,0.0509602576,0.8619803786,0.5043712854,0.3538580239,-0.4878493249,0.7979893684,1,-479.1,600.9,1965.8,1,0.9339094758,0.1378107071,-0.3298809826,0.0509602576,0.8619803786,0.5043712854,0.3538580239,-0.4878493249,0.7979893684,1,-505.8,433.5,2060.5,1,0.9322993755,0.1373286396,-0.3346028030,0.0407697968,0.8793160319,0.4744879007,0.3593816757,-0.4560078382,0.8141874075,1,-529.8,279.8,2140.2,1,-0.0000013113,-1.0000001192,0.0000000000,1.0000001192,-0.0000013113,0.0000000000,-0.0000000000,0.0000000000,1.0000000000,0,-620.3,428.5,2016.4,1,0.0000197291,-0.9999990463,0.0000002619,0.9999990463,0.0000197291,0.0000000535,-0.0000000535,0.0000002619,1.0000000000,0,-620.3,196.3,2016.4,0,0.1256535202,0.9919886589,0.0130350254,-0.9649513364,0.1191563383,0.2338176370,0.2303911895,-0.0419581756,0.9721931815,1,-391.4,438.5,2104.6,1,0.0811306983,0.9919886589,0.0968324766,-0.8555011153,0.1191563308,-0.5039044619,-0.5114056468,-0.0419581719,0.8583145142,1,-360.3,199.8,2161.6,1,0.9998363853,-0.0171925630,-0.0056275460,0.0170193370,0.9994197488,-0.0295041483,0.0061315321,0.0294035431,0.9995487928,0,-630.3,122.7,2190.5,1,0.9945680499,-0.0444244146,-0.0941322967,0.0557752103,0.9910099506,0.1216075644,0.0878837034,-0.1261972487,0.9881045818,0,-624.2,-232.2,2180.0,0,0.9360451102,-0.3296622336,-0.1230543032,0.1608435512,0.7118822932,-0.6836321950,0.3129678965,0.6201180816,0.7193779945,1,-477.3,129.4,2249.4,1,0.9360451698,-0.0616702102,-0.3464337587,0.1608435810,0.9506374598,0.2653633952,0.3129678965,-0.3041137159,0.8997589350,1,-360.3,-123.4,2029.2,1,-620.3,-35.9,2016.4,0,-340.4,-10.0,2036.2,1,-609.1,-570.7,2223.1,0,-344.0,-373.3,2109.2,1,
10,0.9333603978,0.1327489614,-0.3334913552,0.0474606901,0.8752961755,0.4812498987,0.3557884991,-0.4650087357,0.8106670380,1,-480.9,605.8,1974.8,1,0.9333603978,0.1327489614,-0.3334913552,0.0474606901,0.8752961755,0.4812498987,0.3557884991,-0.4650087357,0.8106670380,1,-506.5,436.8,2064.5,1,0.9318160415,0.1344400793,-0.3371129036,0.0372659601,0.8885079622,0.4573427737,0.3610120416,-0.4387235343,0.8229164481,1,-530.0,281.5,2141.2,1,-0.0000013113,-1.0000001192,0.0000000000,1.0000001192,-0.0000013113,0.0000000000,-0.0000000000,0.0000000000,1.0000000000,0,-620.9,432.3,2020.2,1,0.0000197291,-0.9999990463,0.0000002357,0.9999990463,0.0000197291,0.0000000482,-0.0000000482,0.0000002357,1.0000000000,0,-620.9,200.0,2020.2,0,0.1244051754,0.9921664596,0.0113666626,-0.9689021111,0.1190026775,0.2169494033,0.2138972133,-0.0380028114,0.9761167169,1,-392.1,441.4,2108.8,1,0.0818544328,0.9921664000,0.0943700224,-0.8490993381,0.1190026700,-0.5146539211,-0.5218526125,-0.0380028225,0.8521887660,1,-360.9,198.6,2162.4,1,0.9998952746,-0.0137413070,-0.0045427284,0.0136304349,0.9996286035,-0.0235971827,0.0048652976,0.0235327911,0.9997112155,0,-630.1,123.1,2188.2,1,0.9955982566,-0.0405285731,-0.0845074877,0.0497265607,0.9927150011,0.1097458974,0.0794440135,-0.1134650931,0.9903606772,0,-625.2,-231.9,2179.9,0,0.9342772961,-0.3342325985,-0.1241552308,0.1608321220,0.7058361173,-0.6898756623,0.3182121813,0.6245669723,0.7132020593,1,-476.9,129.3,2247.6,1,0.9342772365,-0.0591407605,-0.3516082168,0.1608321071,0.9500231743,0.2675611377,0.3182121813,-0.3065261841,0.8970968127,1,-358.2,-121.4,2025.8,1,-620.9,-32.2,2020.2,0,-340.9,-9.6,2034.5,1,-611.4,-570.9,2218.6,0,-342.5,-374.2,2107.4,1,
11,0.9358227849,0.1412053108,-0.3229507506,0.0402241200,0.8674751520,0.4958490729,0.3501676619,-0.4770185947,0.8061236739,1,-478.7,606.6,1969.3,1,0.9358227849,0.1412053108,-0.3229507506,0.0402241200,0.8674751520,0.4958490729,0.3501676619,-0.4770185947,0.8061236739,1,-506.0,438.9,2061.5,1,0.9341306090,0.1433905363,-0.3268631995,0.0298268329,0.8811944723,0.4718095064,0.3556824327,-0.4504823387,0.8188742995,1,-531.1,284.9,2140.2,1,-0.0000013113,-1.0000001192,0.0000000000,1.0000001192,-0.0000013113,0.0000000000,-0.0000000000,0.0000000000,1.0000000000,0,-620.7,435.3,2017.8,1,0.0000197291,-0.9999990463,0.0000002121,0.9999990463,0.0000197291,0.0000000433,-0.0000000433,0.0000002121,1.0000000000,0,-620.7,203.0,2017.8,0,0.1208378747,0.9926466346,0.0071419952,-0.9657223225,0.1158891395,0.2322717160,0.2297360301,-0.0349644050,0.9726247787,1,-391.3,442.6,2105.2,1,0.0815264210,0.9926464558,0.0894776061,-0.8535625339,0.1158891171,-0.5079375505,-0.5145719051,-0.0349644013,0.8567340374,1,-361.3,202.3,2162.3,1,0.9999329448,-0.0109847439,-0.0036601799,0.0109137846,0.9997622967,-0.0188735723,0.0038666313,0.0188323595,0.9998151660,0,-633.6,128.4,2189.5,1,0.9964333773,-0.0369158797,-0.0758795440,0.0443687625,0.9940971732,0.0990061909,0.0717767328,-0.1020197570,0.9921895266,0,-629.7,-226.7,2182.8,0,0.9332033396,-0.3351356089,-0.1296757311,0.1605357230,0.7116594911,-0.6839365363,0.3214964569,0.6174342036,0.7179241776,1,-478.7,133.3,2248.5,1,0.9332033396,-0.0577867180,-0.3546721935,0.1605357528,0.9500614405,0.2676036060,0.3214964271,-0.3066661358,0.8958771825,1,-359.6,-119.4,2029.2,1,-620.7,-29.2,2017.8,0,-341.3,-7.0,2036.2,1,-617.1,-566.2,2217.6,0,-344.3,-371.2,2110.5,1,
12,0.9360954165,0.1426022053,-0.3215435147,0.0417355113,0.8626462817,0.5040804148,0.3492606282,-0.4852885306,0.8015682101,1,-478.9,605.7,1966.6,1,0.9360954165,0.1426022053,-0.3215435147,0.0417355113,0.8626462817,0.5040804148,0.3492606282,-0.4852885306,0.8015682101,1,-506.5,438.6,2060.6,1,0.9341666698,0.1457702518,-0.3257053792,0.0300977677,0.8773143888,0.4789688587,0.3555647731,-0.4572411180,0.8151710033,1,-532.0,285.2,2140.5,1,-0.0000013113,-1.0000001192,0.0000000000,1.0000001192,-0.0000013113,0.0000000000,-0.0000000000,0.0000000000,1.0000000000,0,-621.2,434.9,2016.9,1,0.0000197291,-0.9999990463,0.0000001909,0.9999990463,0.0000197291,0.0000000390,-0.0000000390,0.0000001909,1.0000000000,0,-621.2,202.6,2016.9,0,0.1190129519,0.9928926229,0.0001262892,-0.9644896984,0.1155782267,0.2374893576,0.2357868403,-0.0283861142,0.9713901281,1,-391.8,442.3,2104.3,1,0.0849984288,0.9928927422,0.0833028704,-0.8555991054,0.1155782491,-0.5045710206,-0.5106128454,-0.0283861198,0.8593420982,1,-362.3,203.3,2162.7,1,0.9999570847,-0.0087824110,-0.0029447589,0.0087369960,0.9998478889,-0.0150960647,0.0030768907,0.0150696877,0.9998816848,0,-634.4,129.4,2191.2,1,0.9971102476,-0.0335789248,-0.0681438968,0.0396174192,0.9952173829,0.0892905146,0.0648197159,-0.0917321742,0.9936717749,0,-631.2,-225.7,2185.8,0,0.9291183949,-0.3413600326,-0.1421707422,0.1556804925,0.7098354697,-0.6869478226,0.3354143798,0.6161225438,0.7126642466,1,-480.6,134.3,2249.7,1,0.9291183949,-0.0528335869,-0.3659888208,0.1556805074,0.9536405206,0.2575525641,0.3354143500,-0.2962740958,0.8942701221,1,-359.3,-117.8,2030.9,1,-621.2,-29.6,2016.9,0,-341.5,-6.5,2037.5,1,-619.8,-565.6,2217.2,0,-345.2,-372.9,2110.2,1,
13,0.9370940924,0.1404531896,-0.3195745051,0.0437876694,0.8609552383,0.5067900419,0.3463190198,-0.4889047444,0.8006465435,1,-479.3,604.7,1966.2,1,0.9370940924,0.1404531896,-0.3195745051,0.0437876694,0.8609552383,0.5067900419,0.3463190198,-0.4889047444,0.8006465435,1,-506.5,437.7,2061.0,1,0.9352664351,0.1433891654,-0.3235993683,0.0326068513,0.8754705787,0.4821676910,0.3524387181,-0.4615081847,0.8141232729,1,-531.6,284.6,2141.7,1,-0.0000013113,-1.0000001192,0.0000000000,1.0000001192,-0.0000013113,0.0000000000,-0.0000000000,0.0000000000,1.0000000000,0,-621.3,433.7,2017.8,1,0.0000197291,-0.9999990463,0.0000001718,0.9999990463,0.0000197291,0.0000000351,-0.0000000351,0.0000001718,1.0000000000,0,-621.3,201.5,2017.8,0,0.1163810939,0.9931966662,-0.0039727655,-0.9638668299,0.1139074787,0.2408023328,0.2396165729,-0.0241956227,0.9705660939,1,-391.7,441.7,2104.3,1,0.0862910524,0.9931967854,0.0781933293,-0.8594370484,0.1139074937,-0.4983904660,-0.5039064884,-0.0241956115,0.8634193540,1,-362.9,203.6,2163.5,1,0.9999725223,-0.0070224451,-0.0023664280,0.0069933785,0.9999026656,-0.0120749976,0.0024509935,0.0120581165,0.9999243021,0,-632.6,129.0,2193.8,1,0.9976587892,-0.0305068735,-0.0612068400,0.0353991427,0.9961252213,0.0805073529,0.0585136488,-0.0824855417,0.9948729873,0,-630.1,-226.2,2189.5,0,0.9260741472,-0.3496338129,-0.1419258118,0.1534850895,0.6926244497,-0.7047792077,0.3447159231,0.6308942437,0.6950851679,1,-480.7,134.3,2251.0,1,0.9260741472,-0.0472273454,-0.3743745983,0.1534851193,0.9534996748,0.2593854666,0.3447159529,-0.2976711094,0.8902599812,1,-356.5,-111.7,2027.0,1,-621.3,-30.8,2017.8,0,-341.8,-7.2,2039.9,1,-619.7,-566.4,2217.6,0,-343.7,-371.3,2108.1,1,
14,0.9358337522,0.1398978680,-0.3234874904,0.0468520448,0.8603165150,0.5076000690,0.3493131995,-0.4901866615,0.7985593081,1,-479.1,602.5,1967.0,1,0.9358337522,0.1398978680,-0.3234874904,0.0468520448,0.8603165150,0.5076000690,0.3493131995,-0.4901866615,0.7985593081,1,-506.2,435.8,2062.0,1,0.9338914752,0.1437640190,-0.3273819685,0.0349737629,0.8744877577,0.4837825000,0.3558414280,-0.4632515013,0.8116492629,1,-531.3,282.9,2143.0,1,-0.0000013113,-1.0000001192,0.0000000000,1.0000001192,-0.0000013113,0.0000000000,-0.0000000000,0.0000000000,1.0000000000,0,-620.8,431.5,2018.3,1,0.0000197291,-0.9999990463,0.0000001546,0.9999990463,0.0000197291,0.0000000316,-0.0000000316,0.0000001546,1.0000000000,0,-620.8,199.2,2018.3,0,0.1156081855,0.9932339787,-0.0110032586,-0.9642204642,0.1148779318,0.2389181256,0.2385655940,-0.0170113239,0.9709774256,1,-391.5,440.1,2105.7,1,0.0903711542,0.9932339191,0.0729340836,-0.8565797806,0.1148779392,-0.5030646920,-0.5080394149,-0.0170113221,0.8611658216,1,-363.1,203.3,2164.3,1,0.9999824166,-0.0056157056,-0.0018999334,0.0055971034,0.9999377131,-0.0096587772,0.0019540559,0.0096479738,0.9999515414,0,-632.7,127.2,2194.9,1,0.9981032610,-0.0276866481,-0.0549845286,0.0316500962,0.9968608618,0.0725718662,0.0528026558,-0.0741744861,0.9958463907,0,-630.7,-228.0,2191.5,0,0.9291081429,-0.3439410627,-0.1358774900,0.1548712552,0.6955372095,-0.7016002536,0.3358169794,0.6308189631,0.6994958520,1,-480.2,132.9,2253.0,1,0.9291082025,-0.0538909063,-0.3658604920,0.1548712403,0.9550923705,0.2526135743,0.3358169794,-0.2913666070,0.8957301378,1,-358.1,-114.1,2029.0,1,-620.8,-33.0,2018.3,0,-341.0,-6.8,2039.7,1,-621.2,-568.4,2216.8,0,-343.5,-372.8,2107.9,1,
15,0.9347490668,0.1428583562,-0.3253244162,0.0482912846,0.8560316563,0.5146604180,0.3520109653,-0.4967900515,0.7932764888,1,-477.5,603.3,1965.9,1,0.9347490668,0.1428583562,-0.3253244162,0.0482912846,0.8560316563,0.5146604180,0.3520109653,-0.4967900515,0.7932764888,1,-505.3,436.9,2062.5,1,0.9325897098,0.1461341828,-0.3300326467,0.0353722200,0.8729673624,0.4864918888,0.3592002392,-0.4653727412,0.8089517951,1,-530.9,284.3,2143.8,1,-0.0000013113,-1.0000001192,0.0000000000,1.0000001192,-0.0000013113,0.0000000000,-0.0000000000,0.0000000000,1.0000000000,0,-619.8,432.6,2018.4,1,0.0000197291,-0.9999990463,0.0000001392,0.9999990463,0.0000197291,0.0000000284,-0.0000000284,0.0000001392,1.0000000000,0,-619.8,200.3,2018.4,0,0.1152307466,0.9933326244,0.0034737922,-0.9641461372,0.1110020429,0.2410408407,0.2390481532,-0.0311245583,0.9705087543,1,-390.8,441.3,2106.6,1,0.0793900415,0.9933326840,0.0835907608,-0.8544215560,0.1110020429,-0.5075848699,-0.5134793520,-0.0311245658,0.8575372696,1,-362.4,203.9,2165.4,1,0.9999887347,-0.0044911155,-0.0015242897,0.0044792094,0.9999601245,-0.0077262251,0.0015589284,0.0077193109,0.9999690056,0,-632.6,128.8,2195.8,1,0.9984634519,-0.0251038894,-0.0494021699,0.0283147544,0.9974569082,0.0654059574,0.0476345941,-0.0667042658,0.9966350794,0,-631.0,-226.3,2193.1,0,0.9331800342,-0.3376253843,-0.1232237518,0.1599553227,0.6971650124,-0.6988384724,0.3218528926,0.6324318051,0.7045854926,1,-480.2,134.6,2254.5,1,0.9331800342,-0.0652841702,-0.3534303308,0.1599553376,0.9560468197,0.2457412332,0.3218529224,-0.2858538926,0.9026063681,1,-360.3,-113.0,2029.9,1,-619.8,-31.9,2018.4,0,-343.0,-5.6,2039.5,1,-622.4,-567.0,2215.9,0,-342.7,-370.3,2106.9,1,
16,0.9334285855,0.1494897604,-0.3261353076,0.0482568517,0.8484748006,0.5270288587,0.3555024266,-0.5076834559,0.7847771645,1,-475.6,600.6,1961.8,1,0.9334285855,0.1494897604,-0.3261353076,0.0482568517,0.8484748006,0.5270288587,0.3555024266,-0.5076834559,0.7847771645,1,-504.8,434.7,2061.1,1,0.9311473370,0.1516753435,-0.3316015005,0.0352575593,0.8676733971,0.4958804250,0.3629340529,-0.4734306335,0.8025845289,1,-531.3,283.0,2143.8,1,-0.0000013113,-1.0000001192,0.0000000000,1.0000001192,-0.0000013113,0.0000000000,-0.0000000000,0.0000000000,1.0000000000,0,-619.1,430.4,2016.5,1,0.0000197291,-0.9999990463,0.0000001253,0.9999990463,0.0000197291,0.0000000256,-0.0000000256,0.0000001253,1.0000000000,0,-619.1,198.2,2016.5,0,0.1164574996,0.9931945205,0.0015672653,-0.9599473476,0.1121539474,0.2567540109,0.2548308671,-0.0314054228,0.9664756060,1,-390.5,439.0,2105.6,1,0.0798173845,0.9931944609,0.0848173872,-0.8518100381,0.1121539250,-0.5117041469,-0.5177342296,-0.0314054154,0.8549649119,1,-362.1,205.5,2167.6,1,0.9999927878,-0.0035919601,-0.0012222099,0.0035843404,0.9999744892,-0.0061804620,0.0012443786,0.0061760363,0.9999801517,0,-634.5,128.4,2196.7,1,0.9987552166,-0.0227434933,-0.0443927720,0.0253445953,0.9979398847,0.0589377172,0.0429608673,-0.0599894710,0.9972741008,0,-633.3,-226.7,2194.5,0,0.9352256060,-0.3353814781,-0.1134562492,0.1617735326,0.6898315549,-0.7056640387,0.3149323463,0.6416008472,0.6994040012,1,-481.1,134.3,2256.5,1,0.9352256656,-0.0686483756,-0.3473333716,0.1617735326,0.9554824829,0.2467440069,0.3149323761,-0.2869506478,0.9046971798,1,-362.0,-110.7,2028.6,1,-619.1,-34.1,2016.5,0,-342.6,-3.4,2040.7,1,-625.5,-567.5,2215.0,0,-343.2,-373.1,2107.5,1,
17,0.9310857058,0.1475546658,-0.3336275518,0.0421101451,0.8649592996,0.5000696778,0.3623613119,-0.4796582460,0.7991382480,1,-476.8,599.9,1972.8,1,0.9310857058,0.1475546658,-0.3336275518,0.0421101451,0.8649592996,0.5000696778,0.3623613119,-0.4796582460,0.7991382480,1,-505.4,432.0,2065.9,1,0.9290093184,0.1498850435,-0.3383437097,0.0299227182,0.8808813691,0.4723878801,0.3688439727,-0.4489783645,0.8138625026,1,-531.6,278.1,2144.4,1,-0.0000013113,-1.0000001192,0.0000000000,1.0000001192,-0.0000013113,0.0000000000,-0.0000000000,0.0000000000,1.0000000000,0,-619.5,428.4,2020.6,1,0.0000197291,-0.9999990463,0.0000001127,0.9999990463,0.0000197291,0.0000000230,-0.0000000230,0.0000001127,1.0000000000,0,-619.5,196.1,2020.6,0,0.1246248260,0.9921246767,-0.0125466604,-0.9628135562,0.1239785552,0.2400404960,0.2397055775,-0.0178349093,0.9706818461,1,-391.4,435.7,2111.2,1,0.0960981697,0.9921247363,0.0803362206,-0.8447492123,0.1239785701,-0.5206035972,-0.5264636278,-0.0178349018,0.8500106931,1,-361.4,204.1,2168.8,1,0.9999954104,-0.0028729690,-0.0009795449,0.0028680926,0.9999836683,-0.0049440335,0.0009937329,0.0049412013,0.9999873042,0,-634.8,121.6,2192.3,1,0.9989916682,-0.0205902085,-0.0398965888,0.0226972997,0.9983311296,0.0531014092,0.0387366377,-0.0539534055,0.9977918267,0,-633.8,-233.5,2190.5,0,0.9334183931,-0.3393811584,-0.1164065003,0.1577857286,0.6796706319,-0.7163459063,0.3222323954,0.6502831578,0.6879666448,1,-480.9,126.6,2253.4,1,0.9334184527,-0.0621458031,-0.3533665836,0.1577857137,0.9556354284,0.2487257570,0.3222323656,-0.2879213989,0.9018135071,1,-360.3,-114.8,2022.5,1,-619.5,-36.1,2020.6,0,-337.8,-3.0,2039.8,1,-626.8,-574.5,2208.9,0,-343.1,-379.4,2102.2,1,
18,0.9324435592,0.1498733461,-0.3287663162,0.0373101421,0.8651087284,0.5001923442,0.3593835235,-0.4786689878,0.8010737896,1,-475.8,599.5,1973.3,1,0.9324435592,0.1498733461,-0.3287663162,0.0373101421,0.8651087284,0.5001923442,0.3593835235,-0.4786689878,0.8010737896,1,-504.8,432.0,2066.0,1,0.9302576184,0.1529628038,-0.3335017860,0.0247079954,0.8807726502,0.4728918672,0.3660735190,-0.4481529295,0.8155665398,1,-531.5,278.0,2144.3,1,-0.0000013113,-1.0000001192,0.0000000000,1.0000001192,-0.0000013113,0.0000000000,-0.0000000000,0.0000000000,1.0000000000,0,-619.0,429.0,2021.1,1,0.0000197291,-0.9999990463,0.0000001015,0.9999990463,0.0000197291,0.0000000207,-0.0000000207,0.0000001015,1.0000000000,0,-619.0,196.7,2021.1,0,0.1224058047,0.9919509888,-0.0324082375,-0.9634182453,0.1266023219,0.2362143397,0.2384159714,0.0023086816,0.9711604714,1,-390.6,435.0,2110.9,1,0.1079996154,0.9919508696,0.0661026165,-0.8363960981,0.1266023070,-0.5333042741,-0.5373803973,0.0023086853,0.8433368206,1,-360.8,200.4,2169.0,1,0.9999970794,-0.0022979907,-0.0007847729,0.0022948699,0.9999895692,-0.0039550103,0.0007938533,0.0039531980,0.9999918938,0,-634.7,122.0,2192.6,1,0.9991831779,-0.0186289717,-0.0358602777,0.0203358475,0.9986481071,0.0478370748,0.0349206403,-0.0485272519,0.9982112050,0,-633.9,-233.1,2191.2,0,0.9307860732,-0.3428733945,-0.1267881393,0.1587560773,0.6915440559,-0.7046725154,0.3292930424,0.6357709765,0.6981127858,1,-481.8,126.1,2252.8,1,0.9307860136,-0.0570565611,-0.3610843718,0.1587560475,0.9528298974,0.2586728036,0.3292930126,-0.2980933487,0.8959389329,1,-360.1,-119.4,2027.0,1,-619.0,-35.5,2021.1,0,-334.3,-4.7,2037.3,1,-627.6,-574.2,2207.7,0,-344.8,-374.1,2106.7,1,
19,0.9318451285,0.1618902683,-0.3247406185,0.0354242548,0.8500916958,0.5254396200,0.3611222804,-0.5011335611,0.7864194512,1,-471.9,595.7,1965.0,1,0.9318451285,0.1618902683,-0.3247406185,0.0354242548,0.8500916958,0.5254396200,0.3611222804,-0.5011335611,0.7864194512,1,-503.4,430.2,2062.6,1,0.9292621017,0.1648618281,-0.3305946290,0.0218360238,0.8688199520,0.4946440458,0.3687745333,-0.4668743610,0.8037619591,1,-532.2,278.3,2144.2,1,-0.0000013113,-1.0000001192,0.0000000000,1.0000001192,-0.0000013113,0.0000000000,-0.0000000000,0.0000000000,1.0000000000,0,-617.5,427.5,2017.3,1,0.0000197291,-0.9999990463,0.0000000913,0.9999990463,0.0000197291,0.0000000187,-0.0000000187,0.0000000913,1.0000000000,0,-617.5,195.3,2017.3,0,0.1180172414,0.9924110174,-0.0345296636,-0.9602959752,0.1229121462,0.2504479885,0.2527914345,0.0036015157,0.9675140977,1,-389.3,432.9,2107.9,1,0.1041711867,0.9924110174,0.0653355345,-0.8248098493,0.1229121536,-0.5518888235,-0.5557310581,0.0036015213,0.8313543200,1,-360.6,199.3,2169.3,1,0.9999980927,-0.0018381457,-0.0006285456,0.0018361482,0.9999933243,-0.0031638676,0.0006343570,0.0031627077,0.9999948144,0,-637.8,124.7,2195.3,1,0.9993383288,-0.0168450437,-0.0322359949,0.0182277039,0.9989048839,0.0430898629,0.0314748436,-0.0436489396,0.9985510111,0,-637.2,-230.5,2194.2,0,0.9263752103,-0.3476645648,-0.1447703689,0.1506909430,0.6944885850,-0.7035466433,0.3451396227,0.6299325824,0.6957468390,1,-484.2,128.3,2256.3,1,0.9263750911,-0.0493247584,-0.3733579516,0.1506909430,0.9571107626,0.2474491000,0.3451395631,-0.2854923308,0.8940765262,1,-360.7,-118.3,2032.6,1,-617.5,-36.9,2017.3,0,-335.0,-2.8,2033.1,1,-631.4,-571.6,2209.1,0,-347.8,-369.4,2107.5,1,
20,0.9323086739,0.1690625846,-0.3197165728,0.0285471492,0.8468560576,0.5310531259,0.3605344892,-0.5042339563,0.7847054601,1,-468.5,592.0,1964.9,1,0.9323086739,0.1690625846,-0.3197165728,0.0285471492,0.8468560576,0.5310531259,0.3605344892,-0.5042339563,0.7847054601,1,-501.4,427.2,2063.0,1,0.9295459986,0.1721570939,-0.3260467052,0.0146765448,0.8663201332,0.4992710948,0.3684132695,-0.4688822329,0.8027581573,1,-531.5,275.7,2145.0,1,-0.0000013113,-1.0000001192,0.0000000000,1.0000001192,-0.0000013113,0.0000000000,-0.0000000000,0.0000000000,1.0000000000,0,-615.5,425.4,2017.8,1,0.0000197291,-0.9999990463,0.0000000822,0.9999990463,0.0000197291,0.0000000168,-0.0000000168,0.0000000822,1.0000000000,0,-615.5,193.1,2017.8,0,0.1124015674,0.9929246902,-0.0382946916,-0.9609336257,0.1184282601,0.2501626015,0.2529277802,0.0086799879,0.9674462080,1,-387.3,429.0,2108.3,1,0.1031091958,0.9929246306,0.0588989668,-0.8236108422,0.1184282601,-0.5546528697,-0.5577037930,0.0086799823,0.8299946785,1,-360.3,198.1,2169.0,1,0.9999988079,-0.0014703580,-0.0005033018,0.0014690795,0.9999957085,-0.0025310032,0.0005070211,0.0025302609,0.9999966621,0,-637.9,123.1,2196.7,1,0.9994640350,-0.0152243180,-0.0289810356,0.0163443256,0.9991129041,0.0388099402,0.0283644740,-0.0392628163,0.9988262653,0,-637.3,-232.1,2195.8,0,0.9208075404,-0.3632123172,-0.1420927793,0.1427868754,0.6529729366,-0.7437999249,0.3629400432,0.6646075249,0.6531243324,1,-485.3,125.5,2257.2,1,0.9208076596,-0.0323849544,-0.3886705637,0.1427868754,0.9553523660,0.2586771250,0.3629401028,-0.2936888635,0.8843198419,1,-356.5,-106.0,2021.5,1,-615.5,-39.1,2017.8,0,-335.0,-3.8,2032.3,1,-632.1,-573.3,2209.2,0,-347.6,-370.9,2103.0,1,
21,0.9318144321,0.1826356351,-0.3136340380,0.0222268738,0.8338194489,0.5515873432,0.3622530997,-0.5209496617,0.7729060650,1,-462.8,590.2,1958.8,1,0.9318144321,0.1826356351,-0.3136340380,0.0222268738,0.8338194489,0.5515873432,0.3622530997,-0.5209496617,0.7729060650,1,-498.4,427.4,2060.6,1,0.9290543795,0.1831301302,-0.3214368224,0.0094691897,0.8568230271,0.5155212879,0.3698213696,-0.4819926023,0.7943014503,1,-530.4,277.6,2144.8,1,-0.0000013113,-1.0000001192,0.0000000000,1.0000001192,-0.0000013113,0.0000000000,-0.0000000000,0.0000000000,1.0000000000,0,-612.5,426.2,2015.2,1,0.0000197291,-0.9999990463,0.0000000740,0.9999990463,0.0000197291,0.0000000151,-0.0000000151,0.0000000740,1.0000000000,0,-612.5,194.0,2015.2,0,0.0983182862,0.9914790392,-0.0854568332,-0.9580096006,0.1175415516,0.2615368366,0.2693530023,0.0561546162,0.9614030123,1,-384.4,428.6,2106.0,1,0.1286649555,0.9914790392,0.0203638114,-0.8162413239,0.1175415441,-0.5656271577,-0.5632010698,0.0561546087,0.8244096041,1,-360.5,195.8,2171.4,1,0.9999992251,-0.0011761847,-0.0004029392,0.0011753666,0.9999972582,-0.0020247442,0.0004053195,0.0020242692,0.9999978542,0,-638.6,127.1,2198.7,1,0.9995658398,-0.0137534207,-0.0260572918,0.0146606630,0.9992814660,0.0349521711,0.0255578570,-0.0353190154,0.9990492463,0,-638.2,-228.1,2198.0,0,0.9163837433,-0.3703502417,-0.1519258469,0.1378006041,0.6481882334,-0.7489078641,0.3758347631,0.6653515100,0.6450237036,1,-486.3,128.7,2259.4,1,0.9163838625,-0.0266587716,-0.3994122148,0.1378006488,0.9578049779,0.2522315383,0.3758348227,-0.2861801684,0.8813905120,1,-354.9,-101.4,2023.3,1,-612.5,-38.2,2015.2,0,-328.9,-4.2,2033.3,1,-633.5,-569.3,2210.1,0,-347.7,-359.7,2100.5,1,
22,0.9321717620,0.1890381575,-0.3087403476,0.0144286370,0.8327553868,0.5534507632,0.3617279828,-0.5203674436,0.7735439539,1,-460.9,587.1,1958.8,1,0.9321717620,0.1890381575,-0.3087403476,0.0144286370,0.8327553868,0.5534507632,0.3617279828,-0.5203674436,0.7735439539,1,-497.8,424.7,2060.3,1,0.9295413494,0.1886950135,-0.3167765141,0.0026709349,0.8556593657,0.5175301433,0.3687075973,-0.4819133580,0.7948670983,1,-530.8,275.1,2144.5,1,-0.0000013113,-1.0000001192,0.0000000000,1.0000001192,-0.0000013113,0.0000000000,-0.0000000000,0.0000000000,1.0000000000,0,-611.9,424.4,2015.0,1,0.0000197291,-0.9999990463,0.0000000666,0.9999990463,0.0000197291,0.0000000136,-0.0000000136,0.0000000666,1.0000000000,0,-611.9,192.1,2015.0,0,0.0935000479,0.9889905453,-0.1146976501,-0.9568724632,0.1210888773,0.2640691996,0.2750505209,0.0850605369,0.9576596618,1,-383.7,425.0,2105.6,1,0.1479755193,0.9889905453,0.0010279566,-0.8052622080,0.1210888773,-0.5804225206,-0.5741567612,0.0850605518,0.8143149018,1,-361.0,193.4,2172.1,1,0.9999995232,-0.0009408826,-0.0003225419,0.0009403590,0.9999982715,-0.0016197580,0.0003240653,0.0016194539,0.9999986291,0,-640.6,125.3,2198.3,1,0.9996483326,-0.0124197584,-0.0234306678,0.0131546501,0.9994179606,0.0314756036,0.0230261125,-0.0317727551,0.9992298484,0,-640.2,-229.8,2197.7,0,0.9113595486,-0.3811170161,-0.1554786265,0.1254365742,0.6169212461,-0.7769644856,0.3920324445,0.6885913014,0.6100431085,1,-486.9,125.8,2259.2,1,0.9113595486,-0.0122746164,-0.4114281535,0.1254365444,0.9602924585,0.2492065281,0.3920324445,-0.2787248492,0.8767115474,1,-351.7,-93.1,2015.0,1,-611.9,-40.1,2015.0,0,-324.8,-3.9,2031.4,1,-636.0,-571.1,2208.6,0,-348.3,-364.7,2093.8,1,
23,0.9275421500,0.1951239258,-0.3187359273,0.0170144271,0.8299421072,0.5575877428,0.3733305037,-0.5226107240,0.7664867640,1,-457.6,584.7,1958.8,1,0.9275421500,0.1951239258,-0.3187359273,0.0170144271,0.8299421072,0.5575877428,0.3733305037,-0.5226107240,0.7664867640,1,-495.6,423.0,2060.5,1,0.9248568416,0.1939856559,-0.3271233737,0.0053978972,0.8533529639,0.5213033557,0.3802765012,-0.4838983119,0.7881825566,1,-529.5,273.9,2145.1,1,-0.0000013113,-1.0000001192,0.0000000000,1.0000001192,-0.0000013113,0.0000000000,-0.0000000000,0.0000000000,1.0000000000,0,-609.1,422.4,2013.9,1,0.0000197291,-0.9999990463,0.0000000599,0.9999990463,0.0000197291,0.0000000122,-0.0000000122,0.0000000599,1.0000000000,0,-609.1,190.2,2013.9,0,0.0892278552,0.9879465699,-0.1264914423,-0.9593065381,0.1194025725,0.2558788657,0.2678980231,0.0985125452,0.9583976269,1,-382.0,423.7,2107.2,1,0.1545969993,0.9879465103,-0.0078396648,-0.7933114171,0.1194025651,-0.5969924927,-0.5888605118,0.0985125452,0.8022085428,1,-360.2,189.6,2172.6,1,0.8694368005,-0.4932399392,-0.0281814374,0.2974155247,0.5680980682,-0.7673387527,0.3944919407,0.6587707996,0.6406225562,1,-639.5,124.3,2198.4,1,0.8694367409,0.0454412736,-0.4919501841,0.2974155545,0.7469685078,0.5946276784,0.3944919407,-0.6633046865,0.6359269619,1,-443.3,-101.7,1936.4,1,0.9042375684,-0.3905893266,-0.1726111621,0.1146991849,0.6115094423,-0.7828795314,0.4113377333,0.6881107092,0.5977500081,1,-487.3,125.1,2261.0,1,0.9042375088,-0.0013739913,-0.4270277917,0.1146991700,0.9640290141,0.2397753149,0.4113377333,-0.2657935321,0.8718687892,1,-348.6,-91.9,2016.8,1,-609.1,-42.1,2013.9,0,-322.3,-4.8,2028.3,1,-458.8,-356.7,2162.9,1,-348.3,-365.8,2092.3,1,
