1,0.9042720199,0.1900830269,-0.3823081553,0.0783569068,0.8063338399,0.5862457752,0.4197035432,-0.5600825548,0.7142518759,1,-429.9,568.5,1891.5,1,0.9042720199,0.1900830269,-0.3823081553,0.0783569068,0.8063338399,0.5862457752,0.4197035432,-0.5600825548,0.7142518759,1,-465.8,416.2,1997.3,1,0.9036067724,0.1674433202,-0.3942798376,0.0752858892,0.8440299034,0.5309836864,0.4216938019,-0.5094845891,0.7500660419,1,-495.5,266.4,2087.7,1,0.0008100944,-0.2192782015,-0.9756621122,0.9983605742,-0.0556624606,0.0133389719,-0.0572326928,-0.9740733504,0.2188735902,1,-579.1,406.8,1944.5,1,-0.3764300048,-0.2020632476,-0.9041409492,0.9263072610,-0.0989183113,-0.3635518253,-0.0159756336,-0.9743641615,0.2244084924,1,-579.3,162.6,1958.5,1,0.1553848088,0.8682803512,0.4711105227,-0.9749634266,0.0580023974,0.2146676034,0.1590661108,-0.4926716089,0.8555541039,1,-352.6,425.6,2050.2,1,0.0249048360,0.8707997799,0.4910064042,-0.9506915808,0.1725126356,-0.2577301562,-0.3091362119,-0.4603769183,0.8321585059,1,-317.8,207.1,2085.8,1,0.5051024556,-0.7967109084,-0.3318483829,0.1304815412,0.4505760670,-0.8831509352,0.8531389832,0.4027817249,0.3315430880,1,-599.5,110.5,2143.5,1,0.4056117535,0.4526077211,-0.7941191792,-0.0954198092,0.8850162029,0.4556768537,0.9090511799,-0.1090531871,0.4021607041,1,-307.2,-54.8,1995.7,1,1.0000000000,0.0000001501,-0.0000008204,-0.0000001501,1.0000000000,-0.0000020453,0.0000008204,0.0000020453,1.0000000000,0,-451.0,122.9,2212.8,1,0.9999996424,0.0006366349,-0.0005339222,-0.0006363202,0.9999996424,0.0005896054,0.0005342974,-0.0005892654,0.9999997020,0,-451.0,-232.3,2212.8,0,-483.1,-74.0,1962.6,1,-312.0,-13.7,2014.1,1,-461.8,-357.0,2033.0,1,-451.2,-573.8,2213.0,0,
2,0.9070945978,0.1846517026,-0.3782619536,0.0668804422,0.8240004778,0.5626263618,0.4155780971,-0.5356541276,0.7350977063,1,-431.7,572.5,1898.6,1,0.9070945978,0.1846517026,-0.3782619536,0.0668804422,0.8240004778,0.5626263618,0.4155780971,-0.5356541276,0.7350977063,1,-466.5,417.1,1999.6,1,0.9064709544,0.1657696366,-0.3883681893,0.0638917759,0.8552889228,0.5141953230,0.4174050987,-0.4909171164,0.7647042274,1,-495.9,265.3,2086.8,1,0.0058494881,-0.2257719189,-0.9741626978,0.9986768961,-0.0484521501,0.0172259603,-0.0510894060,-0.9729745984,0.2251898050,1,-580.1,409.1,1947.3,1,-0.3806375265,-0.2055964768,-0.9015792012,0.9246280789,-0.0986855924,-0.3678641319,-0.0133412974,-0.9736483097,0.2276637107,1,-581.5,167.0,1959.7,1,0.1584970355,0.8664052486,0.4735195339,-0.9745061398,0.0601391196,0.2161505520,0.1587969065,-0.4957069159,0.8538491130,1,-352.9,425.1,2052.0,1,0.0276760440,0.8686963320,0.4945713878,-0.9504678249,0.1760996580,-0.2561246753,-0.3095883727,-0.4629856646,0.8305416107,1,-318.2,211.7,2086.7,1,0.5108752847,-0.7809408307,-0.3593575060,0.0978593379,0.4681387544,-0.8782196641,0.8540667295,0.4134941697,0.3155829310,1,-598.7,108.3,2140.1,1,0.4208113849,0.4517013133,-0.7866916656,-0.0948748887,0.8843727708,0.4570378959,0.9021732807,-0.1176894531,0.4150092006,1,-304.2,-68.2,1984.2,1,1.0000000000,0.0000001200,-0.0000006563,-0.0000001200,1.0000000000,-0.0000016363,0.0000006563,0.0000016363,1.0000000000,0,-452.0,118.7,2207.7,1,0.9999997020,0.0005729573,-0.0004805468,-0.0005727023,0.9999997020,0.0005306295,0.0004808507,-0.0005303542,0.9999997616,0,-452.0,-236.5,2207.7,0,-484.3,-69.1,1963.1,1,-311.8,-9.1,2014.8,1,-458.4,-370.2,2024.3,1,-452.2,-578.0,2207.8,0,
3,0.9076281190,0.1946794838,-0.3719006777,0.0723244622,0.8001803756,0.5953810215,0.4134962559,-0.5672825575,0.7121871114,1,-428.7,572.2,1887.6,1,0.9076281190,0.1946794838,-0.3719006777,0.0723244622,0.8001803756,0.5953810215,0.4134962559,-0.5672825575,0.7121871114,1,-465.6,420.3,1995.3,1,0.9064074755,0.1745311469,-0.3846600652,0.0669024885,0.8398330808,0.5387044549,0.4170711040,-0.5140209198,0.7495554686,1,-496.6,271.3,2086.5,1,0.0149174854,-0.2246514112,-0.9743251204,0.9973773360,-0.0656766668,0.0304135866,-0.0708228648,-0.9722235203,0.2230824977,1,-579.2,411.9,1943.0,1,-0.3780530691,-0.2127536535,-0.9010060430,0.9257498384,-0.0952249840,-0.3659500182,-0.0079410821,-0.9724547267,0.2329567671,1,-582.8,169.4,1960.2,1,0.1506964564,0.8668844104,0.4751862288,-0.9724222422,0.0434349924,0.2291469425,0.1780042052,-0.4966132939,0.8495232463,1,-352.0,428.7,2047.5,1,0.0295143258,0.8707733154,0.4907980859,-0.9478750229,0.1802343279,-0.2627707124,-0.3172723353,-0.4574597478,0.8307038546,1,-318.2,210.6,2087.4,1,0.5144717097,-0.7846944332,-0.3457941115,0.1172665209,0.4638478160,-0.8781195283,0.8494513631,0.4112175405,0.3306549788,1,-602.0,116.8,2143.4,1,0.4210599661,0.4511219561,-0.7868910432,-0.0880123377,0.8837708831,0.4595681131,0.9027526975,-0.1242496073,0.4118248522,1,-306.8,-57.7,1988.7,1,1.0000000000,0.0000000960,-0.0000005250,-0.0000000960,1.0000000000,-0.0000013090,0.0000005250,0.0000013090,1.0000000000,0,-453.1,127.8,2212.0,1,0.9999997616,0.0005156501,-0.0004325058,-0.0005154436,0.9999997616,0.0004775541,0.0004327520,-0.0004773311,0.9999998212,0,-453.1,-227.4,2212.0,0,-486.3,-67.1,1962.2,1,-311.4,-9.5,2013.8,1,-460.9,-359.5,2031.1,1,-453.2,-568.9,2212.1,0,
4,0.9095287919,0.1902833879,-0.3695248365,0.0610484704,0.8182488680,0.5716116428,0.4111316502,-0.5424566865,0.7326055169,1,-430.5,572.2,1896.1,1,0.9095287919,0.1902833879,-0.3695248365,0.0610484704,0.8182488680,0.5716116428,0.4111316502,-0.5424566865,0.7326055169,1,-466.4,417.8,1998.5,1,0.9083960652,0.1735664457,-0.3803817928,0.0558510087,0.8512391448,0.5217955709,0.4143622220,-0.4952422380,0.7635695338,1,-497.2,266.8,2086.4,1,0.0153983328,-0.2293342650,-0.9732259512,0.9981504083,-0.0537240207,0.0284523964,-0.0588107184,-0.9718639851,0.2280828208,1,-580.2,410.8,1946.6,1,-0.3800799549,-0.2130399793,-0.9000850320,0.9249317050,-0.0942389145,-0.3682666719,-0.0063675158,-0.9724879861,0.2328657657,1,-583.9,172.9,1960.6,1,0.1577215940,0.8650985956,0.4761599004,-0.9720290303,0.0510359854,0.2292482406,0.1740210354,-0.4989986420,0.8489505053,1,-352.5,424.8,2050.4,1,0.0299007948,0.8679642677,0.4957257211,-0.9506585598,0.1779088676,-0.2541588545,-0.3087948263,-0.4636663496,0.8304572701,1,-318.4,214.7,2088.0,1,0.5109879375,-0.7793906331,-0.3625486791,0.1069209352,0.4761247337,-0.8728533387,0.8529122472,0.4072535336,0.3266271949,1,-601.5,111.2,2140.7,1,0.4161867797,0.4462530017,-0.7922416329,-0.0924467444,0.8875371814,0.4513661265,0.9045673609,-0.1146124452,0.4106358588,1,-304.0,-70.6,1985.3,1,1.0000000000,0.0000000768,-0.0000004200,-0.0000000768,1.0000000000,-0.0000010472,0.0000004200,0.0000010472,1.0000000000,0,-454.5,120.2,2207.8,1,0.9999998212,0.0004640758,-0.0003892663,-0.0004639085,0.9999998212,0.0004297887,0.0003894657,-0.0004296080,0.9999998212,0,-454.5,-235.0,2207.8,0,-486.8,-63.4,1962.2,1,-311.5,-6.1,2016.3,1,-456.4,-373.6,2024.4,1,-454.6,-576.5,2207.9,0,
5,0.9074364901,0.1857963353,-0.3768790364,0.0600510389,0.8303773403,0.5539543033,0.4158746302,-0.5253107548,0.7423586249,1,-432.6,570.8,1901.4,1,0.9074364901,0.1857963353,-0.3768790364,0.0600510389,0.8303773403,0.5539543033,0.4158746302,-0.5253107548,0.7423586249,1,-467.5,414.6,2000.2,1,0.9066051841,0.1711705923,-0.3857028782,0.0561214834,0.8570032716,0.5122438669,0.4182298481,-0.4860496521,0.7673584223,1,-497.9,262.4,2086.5,1,0.0101882797,-0.2255745679,-0.9741727114,0.9986380935,-0.0475562848,0.0214560460,-0.0511679649,-0.9730646014,0.2247828394,1,-581.1,407.5,1947.8,1,-0.3658699393,-0.2066966444,-0.9074226022,0.9305380583,-0.0974148661,-0.3530004621,-0.0154324397,-0.9735435247,0.2279802561,1,-583.5,171.9,1959.9,1,0.1715825200,0.8645832539,0.4722873867,-0.9725754857,0.0722455680,0.2210828513,0.1570238471,-0.4972690940,0.8532684445,1,-353.9,421.6,2052.7,1,0.0232592858,0.8660662174,0.4993877113,-0.9517193437,0.1721206307,-0.2541744411,-0.3060868382,-0.4693650305,0.8282554746,1,-317.0,212.4,2086.4,1,0.5100338459,-0.7831562161,-0.3557133973,0.0962776542,0.4629253149,-0.8811531663,0.8547492623,0.4151706100,0.3115079999,1,-602.1,105.7,2138.8,1,0.4278867543,0.4412044883,-0.7888292074,-0.0832676217,0.8882917762,0.4516683221,0.8999885321,-0.1275789589,0.4168262780,1,-306.4,-69.1,1982.0,1,1.0000000000,0.0000000615,-0.0000003360,-0.0000000615,1.0000000000,-0.0000008378,0.0000003360,0.0000008378,1.0000000000,0,-454.5,114.9,2206.9,1,0.9999998808,0.0004176607,-0.0003503487,-0.0004175252,0.9999998212,0.0003868016,0.0003505101,-0.0003866553,0.9999998808,0,-454.5,-240.3,2206.9,0,-490.1,-65.8,1963.8,1,-311.6,-8.6,2015.3,1,-457.0,-372.4,2025.5,1,-454.6,-581.8,2207.0,0,
6,0.9071692824,0.1788786799,-0.3808484375,0.0573294088,0.8441447616,0.5330392718,0.4168407619,-0.5053910613,0.7555283308,1,-433.6,572.5,1907.5,1,0.9071692824,0.1788786799,-0.3808484375,0.0573294088,0.8441447616,0.5330392718,0.4168407619,-0.5053910613,0.7555283308,1,-467.1,414.1,2002.3,1,0.9066362977,0.1658083200,-0.3879655898,0.0546859950,0.8656017184,0.4977359474,0.4183526337,-0.4724822044,0.7757197022,1,-496.6,260.5,2086.2,1,0.0120885232,-0.2261709720,-0.9740126729,0.9991700649,-0.0351603962,0.0205651876,-0.0388979167,-0.9734529257,0.2255582362,1,-580.8,407.3,1949.9,1,-0.3648065627,-0.1994101852,-0.9094787836,0.9306977987,-0.1062061340,-0.3500313163,-0.0267924257,-0.9741436243,0.2243353128,1,-583.7,167.8,1959.2,1,0.1656484604,0.8659139276,0.4719681144,-0.9752102494,0.0726289228,0.2090219110,0.1467164308,-0.4948922992,0.8564788699,1,-353.5,421.0,2054.8,1,0.0241451189,0.8674781919,0.4968889654,-0.9504244924,0.1740522236,-0.2576801181,-0.3100164831,-0.4660337269,0.8286750913,1,-317.5,209.0,2086.7,1,0.5031715035,-0.7905626893,-0.3490399420,0.1021627784,0.4554784000,-0.8843654990,0.8581264615,0.4093285799,0.3099498749,1,-600.7,102.3,2135.6,1,0.4217261970,0.4395345449,-0.7930678129,-0.0797173455,0.8892387748,0.4504436553,0.9032121897,-0.1267426163,0.4100538790,1,-304.7,-68.2,1982.4,1,1.0000000000,0.0000000492,-0.0000002688,-0.0000000492,1.0000000000,-0.0000006702,0.0000002688,0.0000006702,1.0000000000,0,-451.3,111.3,2204.5,1,0.9999998808,0.0003758885,-0.0003153210,-0.0003757787,0.9999998808,0.0003481149,0.0003154518,-0.0003479964,0.9999998808,0,-451.3,-243.9,2204.5,0,-490.5,-69.9,1966.1,1,-311.9,-11.7,2014.7,1,-454.8,-371.9,2025.6,1,-451.5,-585.4,2204.7,0,
7,0.9074364901,0.1791903675,-0.3800641894,0.0587551743,0.8415107131,0.5370340347,0.4160595834,-0.5096554160,0.7530903220,1,-433.1,572.5,1906.5,1,0.9074364901,0.1791903675,-0.3800641894,0.0587551743,0.8415107131,0.5370340347,0.4160595834,-0.5096554160,0.7530903220,1,-466.7,414.4,2002.3,1,0.9067381620,0.1653762311,-0.3879118264,0.0552959144,0.8653188944,0.4981601834,0.4180514812,-0.4731512368,0.7754741907,1,-496.1,260.8,2086.3,1,0.0085424967,-0.2264002562,-0.9739969373,0.9993527532,-0.0321055204,0.0162276346,-0.0349446163,-0.9735051394,0.2259794623,1,-580.4,407.5,1949.9,1,-0.3536678255,-0.1971723884,-0.9143534303,0.9346671104,-0.1124139428,-0.3372840285,-0.0362829715,-0.9739025831,0.2240477502,1,-582.4,166.8,1958.3,1,0.1616571099,0.8661030531,0.4730037153,-0.9762920141,0.0704457909,0.2046733648,0.1439470798,-0.4948766530,0.8569576144,1,-353.1,421.3,2054.7,1,0.0250842441,0.8680353165,0.4958684444,-0.9482620955,0.1776996851,-0.2631003559,-0.3164960444,-0.4636135995,0.8275824785,1,-317.7,207.7,2086.2,1,0.5023261309,-0.7925314307,-0.3457781971,0.1064886078,0.4535499215,-0.8848460913,0.8580960035,0.4076598883,0.3122255206,1,-600.0,102.6,2135.9,1,0.4207917154,0.4412945211,-0.7925865650,-0.0771290511,0.8879438639,0.4534388185,0.9038724303,-0.1296718568,0.4076760709,1,-305.8,-65.8,1984.6,1,1.0000000000,0.0000000393,-0.0000002151,-0.0000000393,1.0000000000,-0.0000005362,0.0000002151,0.0000005362,1.0000000000,0,-450.9,111.7,2204.7,1,0.9999998808,0.0003382947,-0.0002837948,-0.0003382058,0.9999998808,0.0003132981,0.0002839007,-0.0003132021,0.9999999404,0,-450.9,-243.5,2204.7,0,-492.1,-71.9,1967.5,1,-311.9,-12.5,2012.7,1,-456.5,-369.0,2028.9,1,-451.0,-585.0,2204.8,0,
8,0.9074532986,0.1815020293,-0.3789253235,0.0586136170,0.8383691311,0.5419405699,0.4160427749,-0.5139964223,0.7501435876,1,-432.6,572.8,1905.6,1,0.9074532986,0.1815020293,-0.3789253235,0.0586136170,0.8383691311,0.5419405699,0.4160427749,-0.5139964223,0.7501435876,1,-466.7,415.3,2002.1,1,0.9069362879,0.1649368703,-0.3876355588,0.0560718961,0.8647148609,0.4991212785,0.4175179005,-0.4744071364,0.7749941945,1,-495.9,261.7,2086.4,1,0.0074665481,-0.2268834859,-0.9738933444,0.9993167520,-0.0335589163,0.0154795339,-0.0361948535,-0.9733434916,0.2264779359,1,-580.3,408.3,1949.8,1,-0.3477681875,-0.1989586949,-0.9162275195,0.9368650913,-0.1119115576,-0.3312999308,-0.0366214402,-0.9735971689,0.2253167182,1,-582.1,167.0,1958.5,1,0.1621049494,0.8655198812,0.4739170969,-0.9765869975,0.0718873069,0.2027563155,0.1414209902,-0.4956890643,0.8569086790,1,-353.0,422.3,2054.5,1,0.0216524117,0.8675431609,0.4968902469,-0.9476667047,0.1761564612,-0.2662642002,-0.3185261190,-0.4651210904,0.8259560466,1,-317.2,206.8,2085.7,1,0.4989769161,-0.7943329811,-0.3464926183,0.1157844216,0.4573438168,-0.8817202449,0.8588457704,0.3998395801,0.3201754093,1,-599.7,103.6,2136.3,1,0.4095370173,0.4510670006,-0.7929804921,-0.0829796866,0.8840310574,0.4600037932,0.9085119367,-0.1225873008,0.3994728625,1,-303.9,-66.8,1987.4,1,1.0000000000,0.0000000315,-0.0000001720,-0.0000000315,1.0000000000,-0.0000004289,0.0000001720,0.0000004289,1.0000000000,0,-450.7,112.8,2204.9,1,0.9999999404,0.0003044613,-0.0002554201,-0.0003043893,0.9999999404,0.0002819640,0.0002555059,-0.0002818862,0.9999999404,0,-450.7,-242.4,2204.9,0,-493.3,-72.2,1967.9,1,-312.2,-13.3,2011.7,1,-457.9,-368.6,2029.2,1,-450.8,-583.9,2205.0,0,
9,0.9065647125,0.1792762876,-0.3820986450,0.0616572201,0.8393401504,0.5400967598,0.4175374806,-0.5131922364,0.7498636842,1,-433.2,572.9,1906.1,1,0.9065647125,0.1792762876,-0.3820986450,0.0616572201,0.8393401504,0.5400967598,0.4175374806,-0.5131922364,0.7498636842,1,-466.8,415.5,2002.4,1,0.9059466720,0.1637866050,-0.3904273808,0.0585871972,0.8647767901,0.4987249672,0.4193171859,-0.4746927619,0.7738470435,1,-495.9,261.9,2086.7,1,0.0068828687,-0.2248050272,-0.9743794799,0.9993906617,-0.0318001062,0.0143963387,-0.0342217423,-0.9738848209,0.2244491279,1,-580.4,408.2,1949.8,1,-0.3461500406,-0.1951695979,-0.9176539779,0.9372742772,-0.1148898304,-0.3291158676,-0.0411957204,-0.9740169644,0.2226965576,1,-582.0,166.5,1958.1,1,0.1618450284,0.8667393923,0.4717722833,-0.9763782620,0.0712978840,0.2039656490,0.1431486607,-0.4936390519,0.8578048348,1,-353.3,422.8,2054.9,1,0.0246309340,0.8688277006,0.4945014417,-0.9472413063,0.1784087718,-0.2662783563,-0.3195734322,-0.4618535042,0.8273839355,1,-317.6,207.9,2086.4,1,0.4954819679,-0.7953598499,-0.3491423428,0.1192978472,0.4604536891,-0.8796309233,0.8603869677,0.3941892982,0.3230311871,1,-599.4,103.6,2136.5,1,0.4016734362,0.4552919567,-0.7945864797,-0.0866480768,0.8826600909,0.4619558454,0.9116745591,-0.1167059839,0.3939913213,1,-302.3,-68.4,1989.3,1,1.0000000000,0.0000000252,-0.0000001376,-0.0000000252,1.0000000000,-0.0000003432,0.0000001376,0.0000003432,1.0000000000,0,-450.6,113.2,2205.4,1,0.9999999404,0.0002740119,-0.0002298819,-0.0002739536,0.9999999404,0.0002537641,0.0002299514,-0.0002537011,0.9999999404,0,-450.6,-242.0,2205.4,0,-493.6,-72.9,1968.6,1,-311.9,-12.1,2012.2,1,-457.8,-369.8,2029.1,1,-450.6,-583.5,2205.5,0,
10,0.9064595103,0.1804744899,-0.3817840815,0.0595097281,0.8404622078,0.5385906100,0.4180771112,-0.5109308958,0.7511060834,1,-432.2,573.6,1905.9,1,0.9064595103,0.1804744899,-0.3817840815,0.0595097281,0.8404622078,0.5385906100,0.4180771112,-0.5109308958,0.7511060834,1,-466.0,416.0,2001.7,1,0.9063256383,0.1631193310,-0.3898267746,0.0588452555,0.8647882342,0.4986747801,0.4184612334,-0.4749016762,0.7741820812,1,-495.0,262.4,2086.0,1,0.0098432126,-0.2257315814,-0.9741398692,0.9992504716,-0.0342518725,0.0180339273,-0.0374369361,-0.9735872149,0.2252252549,1,-579.6,408.6,1949.2,1,-0.3418779075,-0.1957238615,-0.9191364050,0.9385752082,-0.1198880970,-0.3235789537,-0.0468613803,-0.9733031392,0.2246886790,1,-582.0,167.1,1958.3,1,0.1555619687,0.8672547340,0.4729373753,-0.9772819877,0.0653507560,0.2016168386,0.1439463496,-0.4935570955,0.8577184081,1,-352.4,423.4,2054.1,1,0.0287172701,0.8694899082,0.4931152165,-0.9483121037,0.1796697229,-0.2615779638,-0.3160372972,-0.4601153433,0.8297073841,1,-318.3,208.7,2085.8,1,0.4963148236,-0.7940812707,-0.3508652449,0.1184908003,0.4623359144,-0.8787522912,0.8600183129,0.3945634067,0.3235555291,1,-598.6,104.0,2135.9,1,0.4007377028,0.4569358826,-0.7941152453,-0.0898390263,0.8821762204,0.4622706175,0.9117776155,-0.1139066890,0.3945719302,1,-302.7,-68.2,1988.9,1,1.0000000000,0.0000000201,-0.0000001101,-0.0000000201,1.0000000000,-0.0000002745,0.0000001101,0.0000002745,1.0000000000,0,-449.4,113.7,2204.8,1,0.9999999404,0.0002466081,-0.0002068968,-0.0002465608,0.9999999404,0.0002283848,0.0002069531,-0.0002283338,0.9999999404,0,-449.4,-241.5,2204.8,0,-494.7,-72.6,1970.3,1,-311.6,-11.6,2012.4,1,-458.8,-369.5,2027.8,1,-449.4,-583.0,2204.9,0,
11,0.9065815806,0.1891694814,-0.3772582710,0.0752744302,0.8070989251,0.5855963230,0.4152618647,-0.5592892170,0.7174624205,1,-429.6,570.6,1891.2,1,0.9065815806,0.1891694814,-0.3772582710,0.0752744302,0.8070989251,0.5855963230,0.4152618647,-0.5592892170,0.7174624205,1,-465.3,418.5,1996.7,1,0.9057865143,0.1679813266,-0.3890143037,0.0715984181,0.8441879749,0.5312421918,0.4176401496,-0.5090453625,0.7526279688,1,-495.1,268.7,2087.0,1,0.0129617192,-0.2237520665,-0.9745599031,0.9983124733,-0.0522796549,0.0252806675,-0.0566062592,-0.9732429981,0.2226968259,1,-578.8,409.5,1944.3,1,-0.3412296474,-0.1989179254,-0.9186913967,0.9387076497,-0.1229459941,-0.3220436871,-0.0488891788,-0.9722735286,0.2286786288,1,-582.0,167.6,1958.1,1,0.1528643221,0.8664436936,0.4752976298,-0.9752663970,0.0545665473,0.2141912729,0.1596493274,-0.4962840080,0.8533547521,1,-351.8,427.4,2049.0,1,0.0225802809,0.8698828220,0.4927412271,-0.9483712912,0.1745994240,-0.2647770345,-0.3163573444,-0.4613229036,0.8289144635,1,-317.3,207.7,2085.0,1,0.5004789829,-0.7968961000,-0.3383452296,0.1456018388,0.4627222717,-0.8744645119,0.8534171581,0.3883874416,0.3476122618,1,-600.6,112.9,2142.5,1,0.3912430406,0.4622145295,-0.7957930565,-0.0945622697,0.8803364635,0.4648286700,0.9154161811,-0.1066089943,0.3881335557,1,-303.7,-59.5,1997.8,1,1.0000000000,0.0000000161,-0.0000000881,-0.0000000161,1.0000000000,-0.0000002196,0.0000000881,0.0000002196,1.0000000000,0,-449.3,124.9,2212.2,1,0.9999999404,0.0002219451,-0.0001862097,-0.0002219069,0.9999999404,0.0002055440,0.0001862553,-0.0002055027,0.9999999404,0,-449.3,-230.3,2212.2,0,-494.8,-72.2,1970.5,1,-312.1,-12.5,2011.5,1,-461.5,-360.1,2034.2,1,-449.3,-571.8,2212.3,0,
12,0.9057340622,0.1847665906,-0.3814526796,0.0702295899,0.8221164346,0.5649694204,0.4179861546,-0.5385018587,0.7316437364,1,-430.9,570.2,1898.4,1,0.9057340622,0.1847665906,-0.3814526796,0.0702295899,0.8221164346,0.5649694204,0.4179861546,-0.5385018587,0.7316437364,1,-465.7,415.4,1999.8,1,0.9048937559,0.1672158986,-0.3914143741,0.0662302151,0.8530794978,0.5175585747,0.4204517603,-0.4942595065,0.7608726025,1,-495.4,264.0,2087.5,1,0.0141839460,-0.2219914645,-0.9749454856,0.9987841845,-0.0428928696,0.0242973100,-0.0472120009,-0.9741047621,0.2211131752,1,-579.1,407.1,1947.1,1,-0.3583460748,-0.1962469816,-0.9127295017,0.9329193234,-0.1122928560,-0.3421284854,-0.0353513211,-0.9741033912,0.2233222872,1,-582.5,169.2,1958.4,1,0.1637412161,0.8671407104,0.4703783393,-0.9736093283,0.0652085617,0.2187068760,0.1589769423,-0.4937760830,0.8549336195,1,-352.3,423.7,2052.5,1,0.0224258117,0.8694014549,0.4935970008,-0.9508420229,0.1710786074,-0.2581308484,-0.3088632524,-0.4635439813,0.8305000663,1,-317.1,214.2,2086.7,1,0.5041373968,-0.7831763625,-0.3639784157,0.1085455716,0.4755735993,-0.8729533553,0.8567748666,0.4005801678,0.3247647882,1,-598.6,107.2,2141.1,1,0.4043213725,0.4572905898,-0.7920919061,-0.0999397561,0.8829401731,0.4587251246,0.9091404676,-0.1063108817,0.4026930630,1,-301.4,-73.3,1989.0,1,1.0000000000,0.0000000129,-0.0000000705,-0.0000000129,1.0000000000,-0.0000001757,0.0000000705,0.0000001757,1.0000000000,0,-451.5,118.0,2209.4,1,0.9999999404,0.0001997489,-0.0001675908,-0.0001997179,0.9999999404,0.0001849878,0.0001676277,-0.0001849543,0.9999999404,0,-451.5,-237.2,2209.4,0,-491.0,-69.0,1967.4,1,-311.8,-6.6,2015.0,1,-457.6,-374.8,2025.3,1,-451.5,-578.7,2209.5,0,
13,0.9042676091,0.1813598573,-0.3865330517,0.0708089918,0.8290656209,0.5546477437,0.4210522771,-0.5289204717,0.7368564010,1,-431.9,569.9,1902.0,1,0.9042676091,0.1813598573,-0.3865330517,0.0708089918,0.8290656209,0.5546477437,0.4210522771,-0.5289204717,0.7368564010,1,-466.1,413.8,2001.6,1,0.9035352468,0.1653687358,-0.3953180015,0.0672490150,0.8563812375,0.5119439363,0.4232026339,-0.4891446233,0.7626508474,1,-495.4,261.7,2088.5,1,0.0165946856,-0.2192234248,-0.9755336046,0.9990814924,-0.0349141695,0.0248412248,-0.0395057201,-0.9750497937,0.2184426934,1,-579.3,405.3,1948.6,1,-0.3732850850,-0.1906256229,-0.9079207778,0.9272333384,-0.1082461923,-0.3584981859,-0.0299400259,-0.9756764174,0.2171611637,1,-583.3,167.1,1958.0,1,0.1646074206,0.8676970601,0.4690482616,-0.9758383036,0.0739903003,0.2055845410,0.1436800659,-0.4915560186,0.8589113951,1,-352.8,422.2,2054.7,1,0.0186843313,0.8694521785,0.4936637580,-0.9512456059,0.1674948335,-0.2589927912,-0.3078679442,-0.4647563994,0.8301920891,1,-316.9,209.1,2086.0,1,0.5014391541,-0.7891083956,-0.3547770679,0.1087324321,0.4642805159,-0.8789886236,0.8583333492,0.4021834731,0.3186101019,1,-598.9,104.2,2140.6,1,0.4070360661,0.4522161782,-0.7936133742,-0.0951278880,0.8851073384,0.4555609822,0.9084451199,-0.1099350080,0.4032889307,1,-303.3,-69.7,1989.9,1,1.0000000000,0.0000000103,-0.0000000564,-0.0000000103,1.0000000000,-0.0000001406,0.0000000564,0.0000001406,1.0000000000,0,-450.7,115.2,2210.0,1,1.0000000000,0.0001797726,-0.0001508334,-0.0001797475,0.9999999404,0.0001664875,0.0001508633,-0.0001664604,1.0000000000,0,-450.7,-239.9,2210.0,0,-487.9,-69.7,1965.7,1,-312.6,-11.8,2014.6,1,-457.7,-372.0,2027.5,1,-450.8,-581.5,2210.1,0,
14,0.9051196575,0.1914071292,-0.3796327710,0.0734450072,0.8091071248,0.5830517411,0.4187640250,-0.5556142330,0.7182818651,1,-429.5,567.0,1893.8,1,0.9051196575,0.1914071292,-0.3796327710,0.0734450072,0.8091071248,0.5830517411,0.4187640250,-0.5556142330,0.7182818651,1,-465.6,414.3,1998.7,1,0.9044563174,0.1708319783,-0.3908637166,0.0704181492,0.8439357281,0.5318003297,0.4207125306,-0.5085145831,0.7512743473,1,-496.0,264.5,2089.0,1,0.0119717922,-0.2204148620,-0.9753327966,0.9985901117,-0.0478114188,0.0230621397,-0.0517152771,-0.9742337465,0.2195317149,1,-579.0,405.5,1946.0,1,-0.3740839958,-0.1985380054,-0.9058939815,0.9271274209,-0.1035199836,-0.3601645231,-0.0222717803,-0.9746109247,0.2227951735,1,-581.9,165.8,1958.4,1,0.1671931744,0.8656276464,0.4719481468,-0.9733933806,0.0688515902,0.2185513228,0.1566896886,-0.4959315062,0.8541078568,1,-352.3,423.2,2051.4,1,0.0100049730,0.8679731488,0.4965104163,-0.9521295428,0.1599837840,-0.2604891658,-0.3055312335,-0.4701360464,0.8280234337,1,-315.4,208.3,2086.0,1,0.5046412945,-0.7946368456,-0.3374754190,0.1308373064,0.4567781091,-0.8799064755,0.8533574939,0.3998827338,0.3344772160,1,-600.8,108.9,2144.6,1,0.4020678699,0.4538912773,-0.7951881289,-0.0975418836,0.8847702742,0.4557049572,0.9103993177,-0.1056601629,0.4000111818,1,-304.9,-61.1,1995.7,1,1.0000000000,0.0000000082,-0.0000000451,-0.0000000082,1.0000000000,-0.0000001124,0.0000000451,0.0000001124,1.0000000000,0,-451.8,120.5,2213.9,1,1.0000000000,0.0001617942,-0.0001357514,-0.0001617739,1.0000000000,0.0001498375,0.0001357756,-0.0001498155,1.0000000000,0,-451.8,-234.6,2213.9,0,-486.3,-71.0,1964.1,1,-313.1,-12.8,2015.1,1,-459.9,-363.3,2031.8,1,-451.9,-576.1,2213.9,0,
15,0.9039194584,0.1984363347,-0.3788823485,0.0811863840,0.7901421785,0.6075212359,0.4199253917,-0.5799107552,0.6981155276,1,-427.7,566.1,1885.7,1,0.9039194584,0.1984363347,-0.3788823485,0.0811863840,0.7901421785,0.6075212359,0.4199253917,-0.5799107552,0.6981155276,1,-465.2,416.7,1995.4,1,0.9028049111,0.1762729883,-0.3922631443,0.0763615295,0.8319313526,0.5495971441,0.4232153296,-0.5261332989,0.7376121879,1,-496.5,269.1,2088.8,1,0.0077980123,-0.2161015272,-0.9763398170,0.9979225397,-0.0607592799,0.0214187615,-0.0639503226,-0.9744785428,0.2151788175,1,-578.4,407.1,1942.3,1,-0.3712123930,-0.1988739222,-0.9070008397,0.9282352924,-0.1048271954,-0.3569181263,-0.0240966473,-0.9744026065,0.2235149443,1,-580.3,164.2,1957.9,1,0.1646979302,0.8672529459,0.4698373079,-0.9713476300,0.0598627776,0.2300004959,0.1713428050,-0.4942559600,0.8522633910,1,-352.1,426.3,2048.4,1,0.0124268457,0.8702018261,0.4925388396,-0.9511790872,0.1622047275,-0.2625796795,-0.3083894253,-0.4652296305,0.8297333717,1,-315.5,210.4,2086.5,1,0.5097297430,-0.7904826999,-0.3395774364,0.1296142936,0.4607576132,-0.8780106306,0.8505150676,0.4035340548,0.3373196423,1,-602.0,115.1,2147.4,1,0.4047445953,0.4508835375,-0.7955412865,-0.1015254706,0.8867649436,0.4509330094,0.9087764025,-0.1017450020,0.4046894610,1,-304.1,-58.5,1995.3,1,1.0000000000,0.0000000066,-0.0000000361,-0.0000000066,1.0000000000,-0.0000000900,0.0000000361,0.0000000900,1.0000000000,0,-453.6,127.7,2217.0,1,1.0000000000,0.0001456139,-0.0001221773,-0.0001455974,1.0000000000,0.0001348528,0.0001221969,-0.0001348350,1.0000000000,0,-453.6,-227.5,2217.0,0,-485.4,-72.9,1964.1,1,-312.6,-10.5,2014.9,1,-458.1,-361.3,2030.0,1,-453.6,-569.0,2217.0,0,
16,0.9065173268,0.2035419941,-0.3698598444,0.0790842548,0.7787115574,0.6223760247,0.4146939814,-0.5934451818,0.6898194551,1,-425.3,566.7,1881.2,1,0.9065173268,0.2035419941,-0.3698598444,0.0790842548,0.7787115574,0.6223760247,0.4146939814,-0.5934451818,0.6898194551,1,-463.8,419.1,1993.7,1,0.9053933620,0.1789614856,-0.3850128651,0.0743691549,0.8259555101,0.5588064194,0.4180085063,-0.5345731974,0.7345063686,1,-495.6,272.4,2088.6,1,0.0163513254,-0.2213484496,-0.9750577211,0.9973281026,-0.0658312738,0.0316691846,-0.0711992085,-0.9729703069,0.2196805924,1,-577.3,409.7,1941.3,1,-0.3771697879,-0.2069626302,-0.9027233124,0.9260011911,-0.1013995633,-0.3636481762,-0.0162741672,-0.9730799198,0.2298924625,1,-581.3,167.2,1958.6,1,0.1602003723,0.9563139677,0.2445394695,-0.9685981274,0.1045780852,0.2255682051,0.1901405156,-0.2729965746,0.9430374503,1,-350.4,428.4,2046.0,1,0.0161866099,0.9563139677,0.2918933034,-0.9513358474,0.1045781001,-0.2898682356,-0.3077306449,-0.2729965746,0.9114685059,1,-315.3,216.6,2087.6,1,0.5137977600,-0.7848619819,-0.3464151621,0.1351316571,0.4727869928,-0.8707536459,0.8472020030,0.4005796313,0.3489766419,1,-602.2,119.7,2148.9,1,0.4020285308,0.4504330456,-0.7971719503,-0.1034236103,0.8873969316,0.4492551982,0.9097673297,-0.0981670246,0.4033443034,1,-302.8,-60.7,1996.1,1,1.0000000000,0.0000000053,-0.0000000289,-0.0000000053,1.0000000000,-0.0000000720,0.0000000289,0.0000000720,1.0000000000,0,-452.6,131.9,2218.0,1,1.0000000000,0.0001310517,-0.0001099605,-0.0001310384,1.0000000000,0.0001213667,0.0001099764,-0.0001213523,1.0000000000,0,-452.6,-223.2,2218.0,0,-484.9,-69.3,1962.7,1,-311.6,-4.3,2016.2,1,-456.6,-363.7,2029.7,1,-452.6,-564.7,2218.0,0,
17,0.9050851464,0.2046033591,-0.3727700710,0.0684956238,0.7950356603,0.6026811004,0.4196763039,-0.5710113049,0.7055615187,1,-425.1,567.4,1888.4,1,0.9050851464,0.2046033591,-0.3727700710,0.0684956238,0.7950356603,0.6026811004,0.4196763039,-0.5710113049,0.7055615187,1,-463.8,417.0,1996.4,1,0.9047268629,0.1790787280,-0.3865220845,0.0669722930,0.8362693191,0.5442115068,0.4206934869,-0.5182495117,0.7446029782,1,-495.6,268.5,2088.4,1,0.0273895618,-0.2201137245,-0.9750896692,0.9974831343,-0.0578016005,0.0410665311,-0.0654010400,-0.9737603068,0.2179765403,1,-577.2,408.6,1943.7,1,-0.3819342852,-0.2041488588,-0.9013598561,0.9241139889,-0.0968226865,-0.3696466684,-0.0118091330,-0.9741399884,0.2256367356,1,-583.7,172.0,1959.2,1,0.1738831103,0.9483793974,0.2652192414,-0.9670629501,0.1136098430,0.2277764231,0.1858869493,-0.2960901856,0.9368973970,1,-350.5,425.4,2049.2,1,0.0164553095,0.9483793974,0.3167108893,-0.9500021338,0.1136098206,-0.2908413708,-0.3118094206,-0.2960901260,0.9028319716,1,-313.2,218.2,2089.0,1,0.5152381659,-0.7740428448,-0.3679499924,0.1024777740,0.4818837047,-0.8702221513,0.8508983254,0.4106649458,0.3276070952,1,-600.8,114.6,2146.3,1,0.4159328341,0.4487154782,-0.7909832001,-0.1019966826,0.8873203397,0.4497323930,0.9036573768,-0.1063807756,0.4148332179,1,-303.2,-70.7,1988.4,1,1.0000000000,0.0000000042,-0.0000000231,-0.0000000042,1.0000000000,-0.0000000576,0.0000000231,0.0000000576,1.0000000000,0,-454.0,125.5,2214.6,1,1.0000000000,0.0001179460,-0.0000989651,-0.0001179351,1.0000000000,0.0001092294,0.0000989780,-0.0001092177,1.0000000000,0,-454.0,-229.7,2214.6,0,-486.2,-64.1,1962.2,1,-309.4,-2.4,2016.6,1,-456.4,-373.7,2024.7,1,-454.1,-571.2,2214.6,0,
18,0.9036331177,0.2052336633,-0.3759328723,0.0657089204,0.8008989096,0.5951815844,0.4232357442,-0.5625284314,0.7102340460,1,-424.6,566.0,1892.0,1,0.9036331177,0.2052336633,-0.3759328723,0.0657089204,0.8008989096,0.5951815844,0.4232357442,-0.5625284314,0.7102340460,1,-463.4,414.6,1998.4,1,0.9033550620,0.1813214272,-0.3886789680,0.0645297691,0.8384607434,0.5411259532,0.4240100086,-0.5139107704,0.7457280755,1,-495.6,265.8,2089.6,1,0.0270705651,-0.2168967724,-0.9758192301,0.9977790713,-0.0535696521,0.0395867750,-0.0608605258,-0.9747236371,0.2149649262,1,-576.6,406.6,1945.2,1,-0.3842267394,-0.2019743025,-0.9008751512,0.9232215285,-0.0900233537,-0.3735744059,-0.0056473748,-0.9752446413,0.2210564017,1,-583.0,169.9,1959.7,1,0.1958235204,0.9443517327,0.2642971873,-0.9669238329,0.1410215795,0.2125352621,0.1634364277,-0.2971746325,0.9407315254,1,-350.2,422.7,2051.5,1,0.0048149941,0.9450881481,0.3267799020,-0.9484121203,0.1079087704,-0.2981110513,-0.3170036674,-0.3084866107,0.8968526125,1,-308.0,214.6,2086.7,1,0.5108649731,-0.7784115076,-0.3648185730,0.1044448167,0.4774326086,-0.8724387288,0.8532925844,0.4075949788,0.3252046108,1,-601.7,111.6,2146.2,1,0.4143831134,0.4516411722,-0.7901309729,-0.0969399661,0.8851425052,0.4551101625,0.9049249887,-0.1119946912,0.4105702639,1,-303.9,-71.0,1990.3,1,1.0000000000,0.0000000034,-0.0000000185,-0.0000000034,1.0000000000,-0.0000000461,0.0000000185,0.0000000461,1.0000000000,0,-453.9,122.2,2215.5,1,1.0000000000,0.0001061509,-0.0000890692,-0.0001061421,1.0000000000,0.0000983059,0.0000890796,-0.0000982965,1.0000000000,0,-453.9,-233.0,2215.5,0,-484.9,-65.9,1961.1,1,-306.9,-5.6,2013.1,1,-458.2,-373.3,2028.5,1,-453.9,-574.5,2215.6,0,
19,0.9024900794,0.2033346295,-0.3796916306,0.0665171519,0.8051729798,0.5892959237,0.4255419672,-0.5570902824,0.7131363153,1,-424.0,564.1,1895.3,1,0.9024900794,0.2033346295,-0.3796916306,0.0665171519,0.8051729798,0.5892959237,0.4255419672,-0.5570902824,0.7131363153,1,-462.3,412.4,2000.3,1,0.9020738602,0.1801043302,-0.3922044039,0.0647290349,0.8420222998,0.5355429649,0.4266987145,-0.5084868670,0.7479093075,1,-494.3,262.9,2090.6,1,0.0280781742,-0.2141939849,-0.9763875008,0.9981727600,-0.0462752618,0.0388562419,-0.0535053611,-0.9756944180,0.2125032693,1,-575.4,404.3,1946.8,1,-0.3854590654,-0.1973372400,-0.9013763666,0.9227147698,-0.0870280564,-0.3755311072,-0.0043387599,-0.9764651060,0.2156317234,1,-582.0,167.9,1959.5,1,0.2170202583,0.8944908381,0.3908817768,-0.9658977389,0.1388404071,0.2185518742,0.1412224472,-0.4249820113,0.8941178322,1,-349.3,420.5,2053.8,1,-0.0136653278,0.8944907784,0.4468775988,-0.9416241646,0.1388404071,-0.3067038357,-0.3363883793,-0.4249819517,0.8403769135,1,-301.8,209.0,2084.7,1,0.5057454109,-0.7821456790,-0.3639639020,0.1067003310,0.4753712416,-0.8732910156,0.8560587168,0.4028278589,0.3238720298,1,-600.8,108.0,2145.6,1,0.4087210298,0.4565764666,-0.7902436852,-0.0965598673,0.8826425672,0.4600198567,0.9075369835,-0.1117139682,0.4048415422,1,-301.5,-73.8,1991.5,1,1.0000000000,0.0000000027,-0.0000000148,-0.0000000027,1.0000000000,-0.0000000368,0.0000000148,0.0000000368,1.0000000000,0,-451.8,118.7,2216.1,1,1.0000000000,0.0000955354,-0.0000801627,-0.0000955283,1.0000000000,0.0000884749,0.0000801712,-0.0000884672,1.0000000000,0,-451.8,-236.5,2216.1,0,-483.6,-67.8,1960.6,1,-304.9,-9.5,2006.6,1,-457.5,-375.3,2029.7,1,-451.9,-578.0,2216.1,0,
20,0.9005718231,0.2053984702,-0.3831202090,0.0673194006,0.8048008084,0.5897129774,0.4294618964,-0.5568707585,0.7109546065,1,-423.2,562.2,1896.0,1,0.9005718231,0.2053984702,-0.3831202090,0.0673194006,0.8048008084,0.5897129774,0.4294618964,-0.5568707585,0.7109546065,1,-461.9,410.6,2000.9,1,0.9004033208,0.1810254604,-0.3956043720,0.0666017458,0.8412448764,0.5365341306,0.4299267828,-0.5094455481,0.7454040647,1,-494.0,261.2,2091.4,1,0.0319952033,-0.2102046013,-0.9771338105,0.9984294176,-0.0382615998,0.0409234874,-0.0459890030,-0.9769085050,0.2086502761,1,-574.7,402.2,1947.1,1,-0.3940205872,-0.1873635203,-0.8998015523,0.9190352559,-0.0920776129,-0.3832699955,-0.0110407649,-0.9779655933,0.2084741592,1,-582.3,165.3,1958.0,1,0.2362312824,0.8725430965,0.4276251495,-0.9626947641,0.1503956318,0.2249444723,0.1319608092,-0.4648114145,0.8755207658,1,-349.0,418.9,2054.8,1,-0.0275507830,0.8725430369,0.4877596200,-0.9347728491,0.1503956318,-0.3218396902,-0.3541759253,-0.4648113847,0.8114861250,1,-296.6,205.1,2084.1,1,0.5025963187,-0.7853861451,-0.3613386154,0.1098506749,0.4725928307,-0.8744076490,0.8575137258,0.3997808099,0.3237985969,1,-600.2,106.3,2146.5,1,0.4027928114,0.4654093981,-0.7881320715,-0.1002289429,0.8783221841,0.4674444497,0.9097868800,-0.1092896163,0.4004293680,1,-300.3,-74.1,1993.9,1,1.0000000000,0.0000000022,-0.0000000118,-0.0000000022,1.0000000000,-0.0000000295,0.0000000118,0.0000000295,1.0000000000,0,-452.2,117.3,2217.2,1,1.0000000000,0.0000859815,-0.0000721468,-0.0000859758,1.0000000000,0.0000796271,0.0000721537,-0.0000796209,1.0000000000,0,-452.2,-237.9,2217.2,0,-481.7,-69.4,1960.8,1,-303.0,-11.9,2001.9,1,-459.2,-374.1,2031.2,1,-452.2,-579.4,2217.2,0,
21,0.8982020020,0.2049476504,-0.3888814151,0.0710547566,0.8053359389,0.5885428786,0.4338010252,-0.5562628508,0.7087929845,1,-422.4,560.9,1896.3,1,0.8982020020,0.2049476504,-0.3888814151,0.0710547566,0.8053359389,0.5885428786,0.4338010252,-0.5562628508,0.7087929845,1,-460.9,409.4,2001.0,1,0.8979189396,0.1819787621,-0.4007798135,0.0698509961,0.8400797844,0.5379445553,0.4345818162,-0.5110259652,0.7416132092,1,-493.2,260.3,2091.7,1,0.0249021631,-0.2047918588,-0.9784886837,0.9986183643,-0.0402088165,0.0338299237,-0.0462719686,-0.9779792428,0.2035076469,1,-573.4,400.7,1946.5,1,-0.3850844204,-0.1822017431,-0.9047167301,0.9227117896,-0.0948030651,-0.3736512959,-0.0176900011,-0.9786800742,0.2046268731,1,-579.4,161.9,1957.5,1,0.2468495965,0.8734674454,0.4196665883,-0.9600455761,0.1615198106,0.2285256088,0.1318252087,-0.4593105018,0.8784395456,1,-348.4,418.2,2055.4,1,-0.0154164089,0.8734673262,0.4866386056,-0.9337217808,0.1615198106,-0.3194915652,-0.3576672077,-0.4593104720,0.8130855560,1,-293.8,206.0,2084.6,1,0.5034328699,-0.7861424088,-0.3585183918,0.1014354527,0.4658397734,-0.8790359497,0.8580595851,0.4061690271,0.3142617941,1,-599.2,105.3,2146.8,1,0.4091373384,0.4587898254,-0.7887449861,-0.1003165841,0.8817800283,0.4608694315,0.9069417715,-0.1094346717,0.4067933261,1,-300.7,-71.5,1992.6,1,0.9992835522,-0.0246722531,0.0287045389,0.0367609896,0.4519580007,-0.8912814856,0.0090166768,0.8916980624,0.4525410831,1,-451.8,116.8,2218.1,1,0.9992833734,-0.0325679220,-0.0192873143,0.0367609784,0.9564506412,0.2895698249,0.0090166759,-0.2900713086,0.9569625854,1,-443.1,-43.4,1902.0,1,-481.0,-73.7,1962.1,1,-297.4,-10.8,2001.5,1,-457.4,-372.6,2029.9,1,-439.3,-155.9,1936.1,1,
22,0.8938826919,0.2065262049,-0.3978943527,0.0758545995,0.8050845861,0.5882875919,0.4418357909,-0.5560426712,0.7039862275,1,-421.3,558.8,1897.5,1,0.8938826919,0.2065262049,-0.3978943527,0.0758545995,0.8050845861,0.5882875919,0.4418357909,-0.5560426712,0.7039862275,1,-460.2,407.1,2002.2,1,0.8937947154,0.1818593293,-0.4099480212,0.0754821226,0.8400497437,0.5372303128,0.4420773983,-0.5111178160,0.7371059060,1,-492.5,258.0,2093.0,1,0.0337272249,-0.1961215436,-0.9799994230,0.9983321428,-0.0393596217,0.0422349684,-0.0468555912,-0.9797894359,0.1944669336,1,-572.2,397.7,1946.8,1,-0.3922097385,-0.1795158088,-0.9021893740,0.9198744297,-0.0782232583,-0.3843333423,-0.0015782809,-0.9806401730,0.1958119273,1,-580.3,160.6,1957.9,1,0.2572582364,0.8957533240,0.3625523746,-0.9570065141,0.1841361672,0.2241255939,0.1340022236,-0.4046231508,0.9046124220,1,-348.2,416.6,2057.6,1,0.0180772599,0.8957532644,0.4441837668,-0.9245174527,0.1841361672,-0.3337083757,-0.3807106614,-0.4046231210,0.8314682841,1,-292.2,208.2,2086.8,1,0.5007349849,-0.7876521945,-0.3589825630,0.0926015377,0.4610853195,-0.8825108409,0.8606331348,0.4086616933,0.3038193583,1,-598.1,102.6,2147.5,1,0.4100971222,0.4622732103,-0.7862085700,-0.1026580855,0.8799495101,0.4638429284,0.9062460065,-0.1095099896,0.4083208144,1,-299.7,-72.1,1992.6,1,0.9945387244,-0.0256153606,0.1011774838,0.1015393436,0.4616985321,-0.8812062144,-0.0241410825,0.8866670132,0.4617780149,1,-451.5,115.0,2220.0,1,0.9945386648,-0.1042741537,-0.0044642617,0.1015393436,0.9567891359,0.2724782228,-0.0241410770,-0.2714433968,0.9621517062,1,-442.4,-48.8,1905.4,1,-480.1,-74.3,1958.3,1,-288.0,-6.3,1998.5,1,-457.6,-372.6,2030.0,1,-433.0,-135.6,1930.0,1,
23,0.8922439218,0.2098809183,-0.3998124301,0.0777512863,0.8007831573,0.5938844085,0.4448083937,-0.5609760880,0.6981763840,1,-419.7,555.8,1896.6,1,0.8922439218,0.2098809183,-0.3998124301,0.0777512863,0.8007831573,0.5938844085,0.4448083937,-0.5609760880,0.6981763840,1,-459.2,405.1,2002.1,1,0.8923354149,0.1839325130,-0.4121960402,0.0781316087,0.8364778161,0.5424001217,0.4445581734,-0.5162087679,0.7320488095,1,-491.9,256.6,2093.8,1,0.0320328288,-0.1926082522,-0.9807527661,0.9984331131,-0.0388797186,0.0402458124,-0.0458830632,-0.9805052280,0.1910610199,1,-571.1,395.3,1946.4,1,-0.3902094960,-0.1754222065,-0.9038602710,0.9207152724,-0.0790913180,-0.3821358979,-0.0044523887,-0.9813110232,0.1923761070,1,-578.6,158.9,1957.3,1,0.2644506693,0.9043541551,0.3349765241,-0.9551144242,0.1975161582,0.2207798958,0.1334999502,-0.3783263266,0.9159950614,1,-347.4,414.9,2057.9,1,0.0396922715,0.9043542147,0.4249328673,-0.9215446711,0.1975161731,-0.3342795670,-0.3862382770,-0.3783262968,0.8412426114,1,-290.5,209.5,2086.6,1,0.5053194165,-0.7898144722,-0.3476284146,0.0873728916,0.4476040602,-0.8899530768,0.8584977984,0.4193373024,0.2951914072,1,-597.7,101.6,2149.0,1,0.4196293056,0.4624437392,-0.7810615301,-0.1042900756,0.8793532848,0.4646089673,0.9016845226,-0.1135065630,0.4172306359,1,-300.0,-67.1,1991.0,1,0.9950473905,0.0510102957,0.0853155702,0.0570037439,0.4103053212,-0.9101648331,-0.0814332068,0.9105204940,0.4053654373,1,-451.4,114.4,2221.9,1,0.9273190498,-0.3617382348,0.0960468948,0.3190239370,0.8981544971,0.3025594950,-0.1957122982,-0.2499278933,0.9482789040,1,-469.4,-30.6,1900.2,1,-479.0,-76.3,1958.4,1,-281.3,-4.4,1996.9,1,-457.9,-367.4,2029.7,1,-432.0,-123.4,1926.0,1,
