1,0.8892968297,0.1182983220,-0.4417618215,0.1159514114,0.8760745525,0.4680217803,0.4423827231,-0.4674344063,0.7653777599,1,-461.0,600.7,1963.9,1,0.8892968297,0.1182983220,-0.4417618215,0.1159514114,0.8760745525,0.4680217803,0.4423827231,-0.4674344063,0.7653777599,1,-483.4,434.8,2052.4,1,0.8898651600,0.1026432887,-0.4445235729,0.1204862371,0.8868914843,0.4459846616,0.4400217533,-0.4504263997,0.7768510580,1,-501.7,277.3,2132.4,1,0.1095060334,-0.2628676891,-0.9585974216,0.9751653671,-0.1583700925,0.1548271179,-0.1925121993,-0.9517455101,0.2389969826,1,-594.7,419.8,1997.4,1,-0.2893865407,-0.2547558248,-0.9226889014,0.9512970448,-0.1835392714,-0.2476835698,-0.1062508300,-0.9494275451,0.2954623103,1,-621.1,185.4,2043.6,1,-0.0000013113,1.0000001192,0.0000000000,-1.0000001192,-0.0000013113,0.0000000000,0.0000000000,-0.0000000000,1.0000000000,0,-372.1,449.9,2107.5,1,0.0000170469,0.9999990463,-0.0000000248,-0.9999990463,0.0000170469,-0.0000000990,-0.0000000990,0.0000000248,1.0000000000,0,-372.1,217.7,2107.5,0,0.4554150999,-0.8329918981,-0.3141997457,0.1492496431,0.4193627536,-0.8954660296,0.8776797056,0.3609145880,0.3153078556,1,-592.3,110.0,2176.6,1,0.3898802102,0.2788229287,-0.8776395917,-0.0179408267,0.9551783204,0.2954867482,0.9206907749,-0.0994588509,0.3774074614,1,-270.6,-52.0,2037.1,1,0.9994083643,-0.0160693228,-0.0304094478,0.0111002270,0.9875309467,-0.1570332050,0.0325536877,0.1566027403,0.9871250391,0,-447.4,129.7,2248.2,1,0.9955914617,0.0313410498,-0.0884048790,-0.0234365053,0.9957491755,0.0890747309,0.0908207744,-0.0866101384,0.9920938611,0,-441.7,-221.1,2192.6,0,-553.9,-35.5,2068.3,1,-372.1,-14.6,2107.5,0,-365.8,-378.1,2071.1,1,-452.4,-561.1,2222.2,0,
2,0.8913006186,0.1101640239,-0.4398226142,0.1048377752,0.8936719894,0.4362969398,0.4411216676,-0.4349828064,0.7849854231,1,-463.7,603.8,1974.8,1,0.8913006186,0.1101640239,-0.4398226142,0.1048377752,0.8936719894,0.4362969398,0.4411216676,-0.4349828064,0.7849854231,1,-484.4,435.7,2056.6,1,0.8918252587,0.0980304778,-0.4416272640,0.1093587652,0.9005613327,0.4207441807,0.4389584363,-0.4235271811,0.7924271822,1,-501.8,275.9,2131.8,1,0.1072532833,-0.2680642307,-0.9574123025,0.9796211720,-0.1359877735,0.1478162110,-0.1698205918,-0.9537551403,0.2480162829,1,-596.0,422.0,2001.7,1,-0.2956382930,-0.2501176894,-0.9219756126,0.9481909275,-0.1943500638,-0.2513202727,-0.1163263768,-0.9485087991,0.2946166992,1,-621.8,186.0,2042.7,1,-0.0000013113,1.0000001192,0.0000000000,-1.0000001192,-0.0000013113,0.0000000000,0.0000000000,-0.0000000000,1.0000000000,0,-372.9,449.4,2111.5,1,0.0000170469,0.9999990463,-0.0000000223,-0.9999990463,0.0000170469,-0.0000000891,-0.0000000891,0.0000000223,1.0000000000,0,-372.9,217.2,2111.5,0,0.4468590915,-0.8359631300,-0.3185633719,0.1450106800,0.4190703332,-0.8962990642,0.8827733994,0.3543242812,0.3084889650,1,-591.3,107.1,2171.5,1,0.3807457983,0.2872432768,-0.8789334893,-0.0220812112,0.9530805945,0.3019099534,0.9244160652,-0.0955430120,0.3692241907,1,-267.0,-55.5,2034.0,1,0.9996210337,-0.0124761565,-0.0245379247,0.0092934547,0.9920135736,-0.1257883161,0.0259113088,0.1255126148,0.9917535782,0,-447.1,124.8,2242.5,1,0.9964281321,0.0278650485,-0.0797152594,-0.0214606822,0.9965559244,0.0800981894,0.0816726610,-0.0781013444,0.9935943484,0,-442.6,-227.5,2197.9,0,-553.2,-34.2,2069.7,1,-372.9,-15.0,2111.5,0,-365.1,-380.9,2066.6,1,-452.2,-567.8,2224.6,0,
3,0.8962733746,0.1139334291,-0.4286141098,0.1027817577,0.8867635727,0.4506463110,0.4314232171,-0.4479571283,0.7830766439,1,-463.1,602.6,1969.8,1,0.8962733746,0.1139334291,-0.4286141098,0.1027817577,0.8867635727,0.4506463110,0.4314232171,-0.4479571283,0.7830766439,1,-484.6,435.5,2054.2,1,0.8968393207,0.1004007310,-0.4308082461,0.1074871272,0.8952482939,0.4324035347,0.4290941060,-0.4341039956,0.7921064496,1,-502.4,276.5,2131.3,1,0.1072962061,-0.2779240906,-0.9545919299,0.9785255194,-0.1404434890,0.1508756727,-0.1759981960,-0.9502809644,0.2568867505,1,-596.8,422.0,2000.5,1,-0.2996113300,-0.2584932446,-0.9183759093,0.9463588595,-0.2025910616,-0.2517176569,-0.1209874377,-0.9445306659,0.3053259552,1,-622.6,186.6,2042.9,1,-0.0000013113,1.0000001192,0.0000000000,-1.0000001192,-0.0000013113,0.0000000000,0.0000000000,-0.0000000000,1.0000000000,0,-372.4,448.9,2107.9,1,0.0000170469,0.9999990463,-0.0000000201,-0.9999990463,0.0000170469,-0.0000000802,-0.0000000802,0.0000000201,1.0000000000,0,-372.4,216.7,2107.9,0,0.4454403818,-0.8451591730,-0.2954467833,0.1790308952,0.4074112475,-0.8955245018,0.8772290349,0.3460085988,0.3327870369,1,-593.7,108.8,2173.2,1,0.3704047501,0.2792738974,-0.8858931065,-0.0202975571,0.9559373260,0.2928683758,0.9286487699,-0.0904983506,0.3597522974,1,-270.8,-46.9,2041.0,1,0.9997573495,-0.0097355302,-0.0197601784,0.0076975804,0.9948861003,-0.1007092074,0.0206395853,0.1005326584,0.9947196841,0,-446.8,126.4,2243.5,1,0.9971061945,0.0248003621,-0.0718626082,-0.0196117219,0.9972097278,0.0720290393,0.0734484345,-0.0704112500,0.9948103428,0,-443.4,-227.0,2207.8,0,-553.0,-33.2,2071.0,1,-372.4,-15.5,2107.9,0,-366.1,-373.3,2071.9,1,-451.8,-567.5,2231.8,0,
4,0.8912880421,0.1200615764,-0.4372501671,0.1035204381,0.8849589825,0.4540121257,0.4414580762,-0.4499210417,0.7763288021,1,-462.0,603.4,1966.8,1,0.8912880421,0.1200615764,-0.4372501671,0.1035204381,0.8849589825,0.4540121257,0.4414580762,-0.4499210417,0.7763288021,1,-484.7,436.3,2051.7,1,0.8919436932,0.1056952178,-0.4396154881,0.1086862013,0.8936610818,0.4353768528,0.4388847053,-0.4361129701,0.7856120467,1,-503.4,277.6,2129.2,1,0.1193209738,-0.2687822282,-0.9557816982,0.9734708071,-0.1576268524,0.1658566892,-0.1952361912,-0.9502157569,0.2428434491,1,-596.2,422.7,1996.8,1,-0.2895546257,-0.2575506866,-0.9218599200,0.9501186013,-0.1939608604,-0.2442414910,-0.1159001812,-0.9465975165,0.3008659482,1,-624.6,191.6,2043.2,1,-0.0000013113,1.0000001192,0.0000000000,-1.0000001192,-0.0000013113,0.0000000000,0.0000000000,-0.0000000000,1.0000000000,0,-373.1,449.9,2106.6,1,0.0000170469,0.9999990463,-0.0000000181,-0.9999990463,0.0000170469,-0.0000000722,-0.0000000722,0.0000000181,1.0000000000,0,-373.1,217.7,2106.6,0,0.4499540627,-0.8384064436,-0.3075970411,0.1529206187,0.4116794467,-0.8984071612,0.8798617125,0.3572039902,0.3134464622,1,-594.2,110.2,2171.1,1,0.3873361647,0.2658294737,-0.8827827573,-0.0110555217,0.9587991834,0.2838692963,0.9218722582,-0.1001932099,0.3743165135,1,-272.6,-47.7,2034.1,1,0.9998446703,-0.0076300474,-0.0158887208,0.0063253446,0.9967260957,-0.0806046501,0.0164517201,0.0804916248,0.9966195226,0,-450.2,127.7,2242.0,1,0.9976555705,0.0220940933,-0.0647701547,-0.0178905688,0.9977394938,0.0647755563,0.0660549030,-0.0634649247,0.9957956672,0,-447.4,-226.3,2213.5,0,-557.3,-29.0,2070.1,1,-373.1,-14.5,2106.6,0,-363.4,-375.1,2068.3,1,-455.0,-567.0,2235.1,0,
5,0.8938199878,0.1222854480,-0.4314265549,0.1059563756,0.8772584200,0.4681738615,0.4357236624,-0.4641767740,0.7711584568,1,-460.8,602.0,1961.3,1,0.8938199878,0.1222854480,-0.4314265549,0.1059563756,0.8772584200,0.4681738615,0.4357236624,-0.4641767740,0.7711584568,1,-484.1,435.2,2049.5,1,0.8941295147,0.1089698002,-0.4343441129,0.1083196625,0.8885036707,0.4458966851,0.4345058203,-0.4457386434,0.7826380730,1,-503.4,277.5,2128.6,1,0.1319873929,-0.2722907960,-0.9531196952,0.9706190228,-0.1596580595,0.1800224036,-0.2011916637,-0.9488767982,0.2432177663,1,-595.9,421.7,1995.1,1,-0.2962490022,-0.2604617774,-0.9189103246,0.9480997920,-0.1965535879,-0.2499470264,-0.1155134812,-0.9452652335,0.3051725626,1,-627.1,192.2,2042.7,1,-0.0000013113,1.0000001192,0.0000000000,-1.0000001192,-0.0000013113,0.0000000000,0.0000000000,-0.0000000000,1.0000000000,0,-372.2,448.8,2103.8,1,0.0000170469,0.9999990463,-0.0000000163,-0.9999990463,0.0000170469,-0.0000000650,-0.0000000650,0.0000000163,1.0000000000,0,-372.2,216.6,2103.8,0,0.4506991804,-0.8389059305,-0.3051349223,0.1675878763,0.4152587652,-0.8941333890,0.8768036962,0.3518482745,0.3277472258,1,-596.1,110.8,2172.2,1,0.3840308189,0.2722207904,-0.8822790384,-0.0064896420,0.9563224316,0.2922416627,0.9232975245,-0.1065041199,0.3690239489,1,-272.3,-49.5,2036.3,1,0.9999005795,-0.0060020345,-0.0127612771,0.0051668533,0.9979042411,-0.0645010769,0.0131216710,0.0644287318,0.9978360534,0,-449.5,128.6,2243.4,1,0.9981007576,0.0197007973,-0.0583673492,-0.0162954647,0.9981687069,0.0582552403,0.0594081357,-0.0571934730,0.9965940118,0,-447.3,-225.8,2220.5,0,-558.3,-27.9,2069.5,1,-372.2,-15.6,2103.8,0,-365.2,-376.0,2072.7,1,-454.1,-566.7,2240.1,0,
6,0.8927943110,0.1247181445,-0.4328516722,0.1083652899,0.8732218146,0.4751173556,0.4372314811,-0.4710893631,0.7660965919,1,-460.9,601.0,1958.5,1,0.8927943110,0.1247181445,-0.4328516722,0.1083652899,0.8732218146,0.4751173556,0.4372314811,-0.4710893631,0.7660965919,1,-484.7,434.9,2048.1,1,0.8932673931,0.1091386080,-0.4360722601,0.1119230166,0.8855289817,0.4508962035,0.4353650212,-0.4515786469,0.7788033485,1,-504.0,277.7,2128.3,1,0.1300811023,-0.2706961632,-0.9538357258,0.9692341089,-0.1680272818,0.1798668206,-0.2089596689,-0.9478873610,0.2405107915,1,-596.4,420.9,1993.7,1,-0.2877996564,-0.2631568909,-0.9208256602,0.9508393407,-0.1933226734,-0.2419318110,-0.1143504307,-0.9451851249,0.3058581054,1,-626.9,193.6,2042.7,1,-0.0000013113,1.0000001192,0.0000000000,-1.0000001192,-0.0000013113,0.0000000000,0.0000000000,-0.0000000000,1.0000000000,0,-372.9,448.9,2102.6,1,0.0000170469,0.9999990463,-0.0000000146,-0.9999990463,0.0000170469,-0.0000000585,-0.0000000585,0.0000000146,1.0000000000,0,-372.9,216.7,2102.6,0,0.4486360848,-0.8442569971,-0.2931821346,0.1777829528,0.4057992399,-0.8965044618,0.8758531809,0.3500814140,0.3321507275,1,-596.5,111.3,2172.8,1,0.3759717941,0.2837454975,-0.8821190000,-0.0170639902,0.9539219737,0.2995690703,0.9264740348,-0.0975770205,0.3634895980,1,-268.8,-46.2,2037.0,1,0.9999363422,-0.0047360160,-0.0102405455,0.0042014304,0.9986585379,-0.0516085625,0.0104712266,0.0515622497,0.9986149073,0,-450.3,129.6,2244.1,1,0.9984614253,0.0175813083,-0.0525894202,-0.0148226740,0.9985165000,0.0523937643,0.0534325577,-0.0515336394,0.9972408414,0,-448.6,-225.1,2225.8,0,-560.1,-27.2,2069.2,1,-372.9,-15.5,2102.6,0,-365.7,-371.9,2070.3,1,-454.6,-566.1,2243.4,0,
7,0.8927490711,0.1248779148,-0.4328989685,0.1093806177,0.8720031381,0.4771186411,0.4370710552,-0.4732992053,0.7648250461,1,-461.0,600.4,1956.6,1,0.8927490711,0.1248779148,-0.4328989685,0.1093806177,0.8720031381,0.4771186411,0.4370710552,-0.4732992053,0.7648250461,1,-484.9,434.1,2046.9,1,0.8931040168,0.1116954759,-0.4357593060,0.1120139807,0.8829517961,0.4558998942,0.4356766343,-0.4559784234,0.7760607004,1,-504.7,277.3,2127.9,1,0.1225831881,-0.2700543404,-0.9550099373,0.9699022174,-0.1713899374,0.1729597747,-0.2103876323,-0.9474682212,0.2409167886,1,-596.6,420.1,1992.4,1,-0.2819981575,-0.2624740899,-0.9228132963,0.9518174529,-0.1973438114,-0.2347313166,-0.1205006018,-0.9445436001,0.3054780662,1,-625.5,191.7,2041.9,1,-0.0000013113,1.0000001192,0.0000000000,-1.0000001192,-0.0000013113,0.0000000000,0.0000000000,-0.0000000000,1.0000000000,0,-373.1,448.1,2101.4,1,0.0000170469,0.9999990463,-0.0000000132,-0.9999990463,0.0000170469,-0.0000000526,-0.0000000526,0.0000000132,1.0000000000,0,-373.1,215.9,2101.4,0,0.4487946033,-0.8427688479,-0.2971934378,0.1796474010,0.4108633399,-0.8938221931,0.8753914237,0.3477525413,0.3357945085,1,-597.7,111.4,2173.1,1,0.3736240864,0.2846674323,-0.8828191161,-0.0185585842,0.9538477659,0.2997165024,0.9273945689,-0.0955974385,0.3616635203,1,-269.0,-48.9,2037.5,1,0.9818322659,-0.1470121443,-0.1199708581,-0.0136235133,0.5760065913,-0.8173315525,0.1892616749,0.8041168451,0.5635389686,1,-451.4,129.7,2244.5,1,0.9818322659,0.0721567795,-0.1754963845,-0.0136234984,0.9492947459,0.3140922785,0.1892616898,-0.3059950173,0.9330311418,1,-398.8,-76.4,1956.8,1,-560.0,-29.3,2069.9,1,-373.1,-16.3,2101.4,0,-366.2,-374.6,2070.1,1,-415.3,-293.8,2026.9,1,
8,0.8953995705,0.1249428764,-0.4273705184,0.1075376049,0.8707237244,0.4798662066,0.4320777357,-0.4756316841,0.7662140131,1,-461.3,599.4,1956.7,1,0.8953995705,0.1249428764,-0.4273705184,0.1075376049,0.8707237244,0.4798662066,0.4320777357,-0.4756316841,0.7662140131,1,-485.1,433.6,2047.3,1,0.8957178593,0.1118165851,-0.4303292632,0.1098940000,0.8821513057,0.4579607844,0.4308233261,-0.4574955702,0.7778751254,1,-504.9,277.0,2128.5,1,0.1091343090,-0.2745780349,-0.9553515911,0.9737862349,-0.1634300500,0.1582117081,-0.1995746046,-0.9475745559,0.2495444864,1,-597.1,419.9,1993.4,1,-0.2937180996,-0.2630778253,-0.9189774990,0.9482854009,-0.2012356669,-0.2454770803,-0.1203514859,-0.9435539842,0.3085794151,1,-623.5,185.1,2041.5,1,-0.0000013113,1.0000001192,0.0000000000,-1.0000001192,-0.0000013113,0.0000000000,0.0000000000,-0.0000000000,1.0000000000,0,-373.0,447.4,2101.2,1,0.0000170469,0.9999990463,-0.0000000119,-0.9999990463,0.0000170469,-0.0000000474,-0.0000000474,0.0000000119,1.0000000000,0,-373.0,215.1,2101.2,0,0.6227449775,-0.7015384436,-0.3464568853,0.2476859689,0.5967841744,-0.7632169724,0.7421860695,0.3894769847,0.5454056263,0,-597.9,111.3,2174.6,1,0.4802734256,0.2541210651,-0.8394998312,-0.0333209857,0.9617058635,0.2720507085,0.8764857054,-0.1026857719,0.4703493118,0,-348.8,-100.6,2036.3,0,0.9804308414,-0.1716531664,-0.0963883102,0.0175410062,0.5638418794,-0.8256964684,0.1960811764,0.8078475595,0.5558188558,1,-451.7,129.3,2245.0,1,0.9804308414,0.0625334829,-0.1866683513,0.0175409950,0.9166880846,0.3992183506,0.1960811615,-0.3946802914,0.8976523280,1,-389.3,-75.5,1951.5,1,-555.3,-35.1,2069.5,1,-373.0,-17.1,2101.2,0,-435.6,-429.0,2071.3,0,-407.1,-336.3,2063.7,1,
9,0.8967702389,0.1204835996,-0.4257738590,0.1050137877,0.8767755628,0.4692893326,0.4298499227,-0.4655581117,0.7736182213,1,-462.4,600.6,1960.7,1,0.8967702389,0.1204835996,-0.4257738590,0.1050137877,0.8767755628,0.4692893326,0.4298499227,-0.4655581117,0.7736182213,1,-485.3,434.0,2049.2,1,0.8970313668,0.1087340564,-0.4283786118,0.1070227548,0.8869720697,0.4492464960,0.4288084209,-0.4488357306,0.7840092182,1,-504.6,276.5,2128.9,1,0.1102275774,-0.2779297233,-0.9542563558,0.9748056531,-0.1570913941,0.1583545804,-0.1939168572,-0.9476695061,0.2536116838,1,-597.5,420.6,1995.6,1,-0.3140844703,-0.2685544491,-0.9106203318,0.9444492459,-0.1861580610,-0.2708519101,-0.0967808366,-0.9451050758,0.3121054173,1,-624.0,185.8,2042.3,1,-0.0000013113,1.0000001192,0.0000000000,-1.0000001192,-0.0000013113,0.0000000000,0.0000000000,-0.0000000000,1.0000000000,0,-373.0,447.4,2102.9,1,0.0000170469,0.9999990463,-0.0000000107,-0.9999990463,0.0000170469,-0.0000000426,-0.0000000426,0.0000000107,1.0000000000,0,-373.0,215.2,2102.9,0,0.4618553221,-0.8291746974,-0.3148952127,0.1556982994,0.4253100455,-0.8915544748,0.8731825352,0.3627404869,0.3255327940,1,-597.3,110.2,2173.5,1,0.4112908542,0.1946766824,-0.8904722333,0.0247211307,0.9741843939,0.2243961692,0.9111688733,-0.1143055707,0.3958604932,1,-279.2,-52.9,2034.4,1,0.9762005210,-0.1892651469,-0.1058830917,0.0152845830,0.5470626950,-0.8369520903,0.2163305432,0.8154147267,0.5369356871,1,-450.5,127.8,2243.7,1,0.9762005210,0.0880761668,-0.1981794983,0.0152845904,0.8836036921,0.4679860473,0.2163305581,-0.4598773420,0.8612281084,1,-380.1,-75.7,1940.5,1,-551.1,-33.4,2064.8,1,-373.0,-17.1,2102.9,0,-345.4,-384.0,2073.3,1,-407.6,-351.5,2084.1,1,
10,0.8945091963,0.1243206412,-0.4294115901,0.1059358343,0.8742441535,0.4737831950,0.4343118370,-0.4692946970,0.7688539028,1,-461.8,602.6,1957.8,1,0.8945091963,0.1243206412,-0.4294115901,0.1059358343,0.8742441535,0.4737831950,0.4343118370,-0.4692946970,0.7688539028,1,-485.5,435.5,2047.4,1,0.8951330185,0.1080156043,-0.4325114787,0.1106618941,0.8859919906,0.4502974749,0.4318410754,-0.4509399235,0.7811319232,1,-504.7,278.2,2127.5,1,0.1086505949,-0.2752037644,-0.9552266598,0.9720766544,-0.1716425717,0.1600179523,-0.2079950869,-0.9459395409,0.2488701046,1,-597.5,421.7,1993.4,1,-0.3201512098,-0.2769198418,-0.9059904218,0.9445124865,-0.1674754322,-0.2825742066,-0.0734807327,-0.9461857677,0.3151716888,1,-623.5,188.5,2043.3,1,-0.0000013113,1.0000001192,0.0000000000,-1.0000001192,-0.0000013113,0.0000000000,0.0000000000,-0.0000000000,1.0000000000,0,-373.5,449.4,2101.5,1,0.0000170469,0.9999990463,-0.0000000096,-0.9999990463,0.0000170469,-0.0000000384,-0.0000000384,0.0000000096,1.0000000000,0,-373.5,217.1,2101.5,0,0.4657026529,-0.8233131170,-0.3244637251,0.1414723396,0.4311997592,-0.8910961747,0.8735598922,0.3690831661,0.3172868490,1,-597.2,111.8,2172.2,1,0.4367569685,0.1489327699,-0.8871653676,0.0660091564,0.9782356024,0.1967178881,0.8971544504,-0.1444789469,0.4174202979,1,-284.8,-51.8,2032.2,1,0.9750200510,-0.1947415322,-0.1068259105,0.0158878788,0.5408588648,-0.8409633040,0.2215482295,0.8182588220,0.5304421782,1,-450.6,129.9,2242.9,1,0.9750199914,0.0931457505,-0.2016430050,0.0158878863,0.8762505651,0.4815937281,0.2215482146,-0.4727672338,0.8528819084,1,-378.6,-70.1,1940.4,1,-549.2,-30.7,2060.4,1,-373.5,-15.1,2101.5,0,-335.5,-384.6,2081.4,1,-409.0,-356.4,2094.9,1,
11,0.8955981731,0.1231939644,-0.4274621904,0.1077645272,0.8721880317,0.4771482348,0.4316093922,-0.4733995795,0.7678584456,1,-462.1,603.4,1956.3,1,0.8955981731,0.1231939644,-0.4274621904,0.1077645272,0.8721880317,0.4771482348,0.4316093922,-0.4733995795,0.7678584456,1,-485.6,436.7,2046.8,1,0.8960137963,0.1088485867,-0.4304741025,0.1109101996,0.8838873506,0.4543541968,0.4299466014,-0.4548528790,0.7799072862,1,-505.0,279.7,2127.5,1,0.1093024611,-0.2762446404,-0.9548517466,0.9726455808,-0.1683613360,0.1600473225,-0.2049723268,-0.9462258816,0.2502858043,1,-597.7,422.8,1993.0,1,-0.3228070736,-0.2738436460,-0.9059830308,0.9429379106,-0.1756106615,-0.2828940153,-0.0816315636,-0.9456058741,0.3149059117,1,-624.2,187.5,2042.6,1,-0.0000013113,1.0000001192,0.0000000000,-1.0000001192,-0.0000013113,0.0000000000,0.0000000000,-0.0000000000,1.0000000000,0,-373.6,450.6,2100.6,1,0.0000170469,0.9999990463,-0.0000000086,-0.9999990463,0.0000170469,-0.0000000345,-0.0000000345,0.0000000086,1.0000000000,0,-373.6,218.4,2100.6,0,0.6346393824,-0.6800097823,-0.3671777844,0.2137568593,0.6110458374,-0.7621883154,0.7426579595,0.4052279294,0.5331504941,0,-597.6,113.7,2173.1,1,0.5340680480,0.1279334873,-0.8357058764,0.0498730727,0.9819958210,0.1822001785,0.8439692259,-0.1389865130,0.5180721283,0,-356.1,-103.3,2029.2,0,0.9768435955,-0.1921596825,-0.0940815583,0.0240555406,0.5355791450,-0.8441423774,0.2125982642,0.8223318458,0.5277996063,1,-451.0,131.9,2243.5,1,0.9768436551,0.0770640373,-0.1995941401,0.0240555257,0.8874053955,0.4603618681,0.2125982642,-0.4545028508,0.8650024533,1,-381.1,-63.1,1944.2,1,-549.2,-31.4,2061.5,1,-373.6,-13.9,2100.6,0,-399.8,-438.7,2076.7,0,-406.8,-359.5,2096.0,1,
12,0.8928724527,0.1248793826,-0.4326436520,0.1100931689,0.8710799813,0.4786385298,0.4366395175,-0.4749956131,0.7640194297,1,-461.7,601.4,1957.5,1,0.8928724527,0.1248793826,-0.4326436520,0.1100931689,0.8710799813,0.4786385298,0.4366395175,-0.4749956131,0.7640194297,1,-485.6,435.1,2048.2,1,0.8932424188,0.1089663878,-0.4361661375,0.1128709689,0.8847487569,0.4521895647,0.4351711273,-0.4531467259,0.7780004740,1,-504.9,278.0,2128.7,1,0.1159478948,-0.2700493038,-0.9558396935,0.9724621773,-0.1650124788,0.1645845920,-0.2021714151,-0.9486011863,0.2434799224,1,-597.3,421.0,1993.8,1,-0.3188733459,-0.2652470767,-0.9099252224,0.9435821772,-0.1792841554,-0.2784059942,-0.0892887935,-0.9473654628,0.3074513376,1,-625.0,188.7,2042.1,1,-0.0000013113,1.0000001192,0.0000000000,-1.0000001192,-0.0000013113,0.0000000000,0.0000000000,-0.0000000000,1.0000000000,0,-373.8,449.2,2102.7,1,0.0000170469,0.9999990463,-0.0000000078,-0.9999990463,0.0000170469,-0.0000000311,-0.0000000311,0.0000000078,1.0000000000,0,-373.8,217.0,2102.7,0,0.7561599016,-0.5464367867,-0.3600403965,0.2352615744,0.7404136658,-0.6296345592,0.6106343269,0.3914007545,0.6884266734,0,-597.4,111.7,2173.5,1,0.6161303520,0.1096515208,-0.7799743414,0.0368388295,0.9851667881,0.1675985605,0.7867822647,-0.1319959015,0.6029517651,0,-403.3,-151.3,2034.5,0,0.9768829346,-0.1929310262,-0.0920727849,0.0263491124,0.5360819697,-0.8437546492,0.2121450156,0.8218234777,0.5287728310,1,-451.2,130.1,2244.8,1,0.9768830538,0.0731244162,-0.2008795887,0.0263491198,0.8913254142,0.4525978267,0.2121450454,-0.4474280477,0.8687938452,1,-380.4,-66.7,1943.0,1,-551.0,-30.4,2062.8,1,-373.8,-15.2,2102.7,0,-440.8,-487.7,2079.6,0,-405.1,-367.7,2094.2,1,
13,0.8932408094,0.1217462569,-0.4327761531,0.1076191068,0.8767399192,0.4687652588,0.4365027845,-0.4652965367,0.7700422406,1,-463.1,602.8,1961.2,1,0.8932408094,0.1217462569,-0.4327761531,0.1076191068,0.8767399192,0.4687652588,0.4365027845,-0.4652965367,0.7700422406,1,-486.3,435.6,2049.9,1,0.8937232494,0.1059991345,-0.4359123111,0.1113587990,0.8888515234,0.4444522858,0.4345730543,-0.4457612932,0.7825878859,1,-505.2,277.8,2129.0,1,0.1046605632,-0.2715560496,-0.9567149282,0.9753565788,-0.1598542184,0.1520732343,-0.1942313313,-0.9490542412,0.2481335104,1,-598.2,421.7,1995.5,1,-0.3206300735,-0.2654317021,-0.9092537165,0.9431505203,-0.1781821251,-0.2805677056,-0.0875412002,-0.9475215673,0.3074725866,1,-623.6,184.6,2042.7,1,-0.0000013113,1.0000001192,0.0000000000,-1.0000001192,-0.0000013113,0.0000000000,0.0000000000,-0.0000000000,1.0000000000,0,-374.5,449.5,2104.3,1,0.0000170469,0.9999990463,-0.0000000070,-0.9999990463,0.0000170469,-0.0000000280,-0.0000000280,0.0000000070,1.0000000000,0,-374.5,217.3,2104.3,0,0.8397290707,-0.4327390790,-0.3280122280,0.2282102108,0.8293793797,-0.5099509358,0.4927222729,0.3533649147,0.7952094078,0,-597.3,110.8,2172.5,1,0.6847718358,0.0938636065,-0.7226874232,0.0264321379,0.9878191948,0.1533446461,0.7282779813,-0.1241082698,0.6739497185,0,-443.6,-183.8,2047.0,0,0.9748753309,-0.1961520463,-0.1055586487,0.0140155628,0.5269607902,-0.8497740626,0.2223101854,0.8269442916,0.5164701939,1,-450.6,129.1,2243.9,1,0.9748752713,0.0874772668,-0.2048559785,0.0140155554,0.8937504888,0.4483455122,0.2223101705,-0.4399521351,0.8700691462,1,-378.2,-65.7,1938.3,1,-549.1,-34.4,2063.1,1,-374.5,-14.9,2104.3,0,-475.7,-521.1,2089.4,0,-407.9,-369.2,2087.7,1,
14,0.8948510289,0.1206090227,-0.4297578037,0.1110750511,0.8723438978,0.4761030674,0.4323191047,-0.4737779796,0.7672256827,1,-463.9,601.6,1958.0,1,0.8948510289,0.1206090227,-0.4297578037,0.1110750511,0.8723438978,0.4761030674,0.4323191047,-0.4737779796,0.7672256827,1,-486.9,434.9,2048.5,1,0.8952223063,0.1056829840,-0.4329027534,0.1139581576,0.8848688006,0.4516817033,0.4307973683,-0.4536896348,0.7801153660,1,-505.7,277.8,2129.0,1,0.1066274717,-0.2744021416,-0.9556851387,0.9739618301,-0.1645806283,0.1559220105,-0.2000725865,-0.9474264383,0.2497083545,1,-598.9,420.7,1994.6,1,-0.3223639727,-0.2706454396,-0.9071011543,0.9431087375,-0.1742345691,-0.2831751704,-0.0814083219,-0.9467805028,0.3114150465,1,-624.5,187.2,2042.5,1,-0.0000013113,1.0000001192,0.0000000000,-1.0000001192,-0.0000013113,0.0000000000,0.0000000000,-0.0000000000,1.0000000000,0,-375.0,449.2,2102.4,1,0.0000170469,0.9999990463,-0.0000000063,-0.9999990463,0.0000170469,-0.0000000252,-0.0000000252,0.0000000063,1.0000000000,0,-375.0,217.0,2102.4,0,0.4728718102,-0.8158376813,-0.3328679800,0.1281869113,0.4374500215,-0.8900594115,0.8717570901,0.3782146275,0.3114375174,1,-597.9,111.3,2174.2,1,0.4600116014,0.1069520712,-0.8814480305,0.0946045518,0.9811643362,0.1684237123,0.8828586340,-0.1608658582,0.4412288070,1,-290.2,-53.6,2031.6,1,0.9660178423,-0.2076505572,-0.1539184898,-0.0190247223,0.5367490649,-0.8435274363,0.2577745616,0.8177907467,0.5145586729,1,-451.1,130.0,2244.9,1,0.9660179019,0.1193468571,-0.2292727530,-0.0190246925,0.9174430966,0.3974120617,0.2577745914,-0.3795452714,0.8885368705,1,-375.8,-64.4,1948.6,1,-549.6,-31.8,2061.4,1,-374.9,-15.2,2102.4,0,-326.7,-388.6,2086.5,1,-414.0,-357.6,2069.9,1,
15,0.8962799907,0.1232188642,-0.4260234237,0.1081809178,0.8708595634,0.4794749618,0.4300870299,-0.4758327007,0.7672085762,1,-463.4,601.8,1956.4,1,0.8962799907,0.1232188642,-0.4260234237,0.1081809178,0.8708595634,0.4794749618,0.4300870299,-0.4758327007,0.7672085762,1,-487.0,434.9,2047.5,1,0.8969755173,0.1055281535,-0.4292963445,0.1135155410,0.8835469484,0.4543727338,0.4272527099,-0.4562943280,0.7805455327,1,-505.7,278.0,2128.6,1,0.1028936580,-0.2785143852,-0.9549046159,0.9732418656,-0.1701033264,0.1544831395,-0.2054581940,-0.9452484846,0.2535593510,1,-599.2,420.7,1994.1,1,-0.3007505238,-0.2774585485,-0.9124505520,0.9498758912,-0.1727689803,-0.2605505586,-0.0853511468,-0.9450755119,0.3155115843,1,-623.7,188.6,2043.1,1,-0.0000013113,1.0000001192,0.0000000000,-1.0000001192,-0.0000013113,0.0000000000,0.0000000000,-0.0000000000,1.0000000000,0,-374.8,449.1,2101.0,1,0.0000170469,0.9999990463,-0.0000000057,-0.9999990463,0.0000170469,-0.0000000226,-0.0000000226,0.0000000057,1.0000000000,0,-374.8,216.9,2101.0,0,0.6396696568,-0.6719138026,-0.3733024001,0.2018546015,0.6154563427,-0.7618846893,0.7416720986,0.4120018184,0.5293176174,0,-598.0,111.8,2174.5,1,0.5537636876,0.0890794173,-0.8278952837,0.0774831846,0.9844345450,0.1577496827,0.8290610313,-0.1515040100,0.5382419825,0,-359.4,-106.7,2028.2,0,0.9561514854,-0.2279658765,-0.1838636249,-0.0459651500,0.5032072663,-0.8629423976,0.2892429233,0.8335550427,0.4706638753,1,-450.9,130.5,2244.6,1,0.9561514854,0.1509313434,-0.2509860694,-0.0459651574,0.9236956239,0.3803597093,0.2892429531,-0.3521448672,0.8901306391,1,-368.8,-50.8,1944.4,1,-553.9,-31.9,2062.9,1,-374.8,-15.3,2101.0,0,-389.8,-442.9,2079.9,0,-418.6,-355.8,2060.6,1,
16,0.8942478895,0.1190003976,-0.4314582646,0.1122008637,0.8736141920,0.4735027850,0.4332752526,-0.4718400538,0.7678802609,1,-464.3,600.3,1958.1,1,0.8942478895,0.1190003976,-0.4314582646,0.1122008637,0.8736141920,0.4735027850,0.4332752526,-0.4718400538,0.7678802609,1,-487.1,433.0,2048.4,1,0.8948073387,0.1027430668,-0.4344655573,0.1166391224,0.8855565786,0.4496447444,0.4309418797,-0.4530223608,0.7804232836,1,-505.4,275.7,2128.9,1,0.1016597226,-0.2742415965,-0.9562724233,0.9737768173,-0.1692297161,0.1520526111,-0.2035288364,-0.9466535449,0.2498462498,1,-599.1,418.4,1994.5,1,-0.3052580953,-0.2755430043,-0.9115336537,0.9491957426,-0.1648930609,-0.2680258155,-0.0764529333,-0.9470409155,0.3118791580,1,-623.0,189.1,2042.5,1,-0.0000013113,1.0000001192,0.0000000000,-1.0000001192,-0.0000013113,0.0000000000,0.0000000000,-0.0000000000,1.0000000000,0,-375.2,447.6,2102.3,1,0.0000170469,0.9999990463,-0.0000000051,-0.9999990463,0.0000170469,-0.0000000204,-0.0000000204,0.0000000051,1.0000000000,0,-375.2,215.4,2102.3,0,0.4720010459,-0.8156957626,-0.3344478011,0.1282948703,0.4388803542,-0.8893393874,0.8722129464,0.3768611550,0.3118015826,1,-597.0,108.9,2174.0,1,0.4532425404,0.1019898504,-0.8855334520,0.0800591782,0.9847602248,0.1543948501,0.8877848387,-0.1408733577,0.4381700158,1,-289.6,-56.4,2032.0,1,0.9495128989,-0.2391701937,-0.2030341178,-0.0625669882,0.4898059070,-0.8695835471,0.3074257970,0.8383840322,0.4501128495,1,-450.2,128.1,2244.6,1,0.9495130181,0.1712494344,-0.2628666461,-0.0625669956,0.9244132638,0.3762253821,0.3074257970,-0.3407840431,0.8884569407,1,-364.2,-48.1,1943.1,1,-552.1,-31.3,2060.2,1,-375.2,-16.9,2102.3,0,-324.5,-392.6,2080.1,1,-421.7,-358.5,2057.5,1,
17,0.8947783709,0.1207003370,-0.4298832417,0.1114709675,0.8718966246,0.4768292606,0.4323673844,-0.4745772779,0.7667042613,1,-464.6,601.5,1956.4,1,0.8947783709,0.1207003370,-0.4298832417,0.1114709675,0.8718966246,0.4768292606,0.4323673844,-0.4745772779,0.7667042613,1,-487.7,434.8,2047.2,1,0.8953905702,0.1041978151,-0.4329147339,0.1162497550,0.8838124871,0.4531633258,0.4298342466,-0.4560856521,0.7792490125,1,-506.2,277.8,2128.2,1,0.0874694362,-0.2753020525,-0.9573702812,0.9754287601,-0.1714098454,0.1384100765,-0.2022072822,-0.9459531903,0.2535444498,1,-599.7,420.2,1993.4,1,-0.3224142194,-0.2803940177,-0.9041173458,0.9446656704,-0.1563153267,-0.2883959115,-0.0604629181,-0.9470715523,0.3152768910,1,-620.8,184.9,2042.2,1,-0.0000013113,1.0000001192,0.0000000000,-1.0000001192,-0.0000013113,0.0000000000,0.0000000000,-0.0000000000,1.0000000000,0,-375.7,449.3,2100.9,1,0.0000170469,0.9999990463,-0.0000000046,-0.9999990463,0.0000170469,-0.0000000183,-0.0000000183,0.0000000046,1.0000000000,0,-375.7,217.1,2100.9,0,0.4702998698,-0.8472655416,-0.2468991876,0.1631122828,0.3584036529,-0.9192069769,0.8673020005,0.3920305073,0.3067566156,1,-598.1,111.3,2173.9,1,0.4436947107,0.1029026881,-0.8902506232,0.0717818439,0.9861133695,0.1497589052,0.8932986259,-0.1303510517,0.4301467538,1,-289.3,-19.3,2031.0,1,0.9508824348,-0.2274396867,-0.2099853158,-0.0634215102,0.5208213925,-0.8513065577,0.3029857278,0.8228099346,0.4808153808,1,-451.3,130.4,2244.4,1,0.9508824944,0.1660074890,-0.2612740993,-0.0634215176,0.9306112528,0.3604723215,0.3029857278,-0.3261963427,0.8954305053,1,-370.1,-55.6,1950.5,1,-546.0,-34.4,2056.2,1,-375.7,-15.2,2100.9,0,-324.4,-356.0,2075.5,1,-423.2,-353.7,2055.0,1,
18,0.8960670829,0.1197406501,-0.4274604619,0.1108989492,0.8720158339,0.4767447412,0.4298381507,-0.4746014178,0.7681101561,1,-464.6,600.0,1957.1,1,0.8960670829,0.1197406501,-0.4274604619,0.1108989492,0.8720158339,0.4767447412,0.4298381507,-0.4746014178,0.7681101561,1,-487.6,433.0,2048.0,1,0.8966715336,0.1027179584,-0.4306108952,0.1156713739,0.8845512271,0.4518681169,0.4273125231,-0.4549878836,0.7812750340,1,-505.8,275.9,2128.8,1,0.0912632868,-0.2781085968,-0.9562042952,0.9751627445,-0.1696372926,0.1424111277,-0.2018136680,-0.9454517365,0.2557194531,1,-599.8,418.5,1994.6,1,-0.3422441185,-0.2863057256,-0.8949291110,0.9386587143,-0.1470509171,-0.3119229376,-0.0422948226,-0.9467867613,0.3190706372,1,-621.4,186.8,2042.5,1,-0.0000013113,1.0000001192,0.0000000000,-1.0000001192,-0.0000013113,0.0000000000,0.0000000000,-0.0000000000,1.0000000000,0,-375.4,447.4,2101.5,1,0.0000170469,0.9999990463,-0.0000000041,-0.9999990463,0.0000170469,-0.0000000165,-0.0000000165,0.0000000041,1.0000000000,0,-375.4,215.2,2101.5,0,0.4815906882,-0.8450257182,-0.2323831171,0.1503275782,0.3408776522,-0.9280109406,0.8634073138,0.4119877815,0.2911942005,1,-597.6,109.4,2174.6,1,0.4657091796,0.0717995912,-0.8820204139,0.0905491710,0.9876054525,0.1282047927,0.8802931905,-0.1395723373,0.4534354508,1,-293.6,-13.3,2026.4,1,0.9569385052,-0.2219301760,-0.1871242970,-0.0489460453,0.5120277405,-0.8575732112,0.2861341834,0.8298038244,0.4791165292,1,-450.6,128.3,2244.6,1,0.9569386840,0.1450831443,-0.2514347434,-0.0489460230,0.9343884587,0.3528775573,0.2861343026,-0.3253754079,0.9012536407,1,-371.5,-54.0,1949.1,1,-542.0,-31.0,2052.3,1,-375.4,-17.0,2101.5,0,-318.1,-350.3,2074.0,1,-419.4,-362.1,2056.4,1,
19,0.8999381661,0.1200314462,-0.4191660583,0.1080898270,0.8699302077,0.4811792970,0.4224020243,-0.4783404469,0.7699139118,1,-464.7,599.5,1955.9,1,0.8999381661,0.1200314462,-0.4191660583,0.1080898270,0.8699302077,0.4811792970,0.4224020243,-0.4783404469,0.7699139118,1,-487.6,433.7,2047.1,1,0.9002550840,0.1055443510,-0.4223714173,0.1105524674,0.8829439878,0.4562713802,0.4210872948,-0.4574561119,0.7832113504,1,-506.3,276.9,2128.4,1,0.0871525854,-0.2854522765,-0.9544221163,0.9757269621,-0.1687522531,0.1395691186,-0.2009011656,-0.9434192181,0.2638162971,1,-600.2,419.9,1994.5,1,-0.3548019826,-0.2955796123,-0.8869882226,0.9344763756,-0.1420334876,-0.3264664114,-0.0294852275,-0.9447004795,0.3266059458,1,-621.1,185.9,2042.6,1,-0.0000013113,1.0000001192,0.0000000000,-1.0000001192,-0.0000013113,0.0000000000,0.0000000000,-0.0000000000,1.0000000000,0,-375.0,447.5,2099.8,1,0.0000170469,0.9999990463,-0.0000000037,-0.9999990463,0.0000170469,-0.0000000149,-0.0000000149,0.0000000037,1.0000000000,0,-375.0,215.3,2099.8,0,0.4884411097,-0.8433252573,-0.2241153866,0.1522618383,0.3352673352,-0.9297378063,0.8592099547,0.4199978709,0.2921646237,1,-598.9,111.1,2175.1,1,0.4756299853,0.0709644035,-0.8767783046,0.1018480510,0.9855942726,0.1350217164,0.8737294078,-0.1535185277,0.4615506530,1,-297.4,-8.8,2025.0,1,0.9598265886,-0.2023716718,-0.1943672597,-0.0451560691,0.5722663999,-0.8188235760,0.2769365311,0.7947055697,0.5401381850,1,-451.3,129.2,2244.1,1,0.9598266482,0.1325534731,-0.2473105192,-0.0451560840,0.9428642988,0.3301028609,0.2769365311,-0.3056739569,0.9109717607,1,-379.5,-73.8,1962.2,1,-538.7,-31.0,2049.5,1,-375.0,-16.9,2099.8,0,-321.7,-345.2,2077.4,1,-419.7,-360.1,2055.0,1,
20,0.9004217386,0.1192696393,-0.4183440804,0.1078549773,0.8704418540,0.4803059995,0.4214302599,-0.4775997102,0.7709056735,1,-466.4,599.3,1956.9,1,0.9004217386,0.1192696393,-0.4183440804,0.1078549773,0.8704418540,0.4803059995,0.4214302599,-0.4775997102,0.7709056735,1,-489.1,433.5,2047.8,1,0.9009173512,0.1026071087,-0.4216824770,0.1117735356,0.8840077519,0.4539079666,0.4193449020,-0.4560677707,0.7849538922,1,-507.3,276.5,2128.8,1,0.0841718912,-0.2873984575,-0.9541055560,0.9756326675,-0.1709330082,0.1375599951,-0.2026226223,-0.9424352050,0.2660075724,1,-601.8,419.5,1995.4,1,-0.3620895147,-0.3017244935,-0.8819600344,0.9319638610,-0.1357463598,-0.3361788988,-0.0182894506,-0.9436817765,0.3303486705,1,-621.8,187.3,2043.6,1,-0.0000013113,1.0000001192,0.0000000000,-1.0000001192,-0.0000013113,0.0000000000,0.0000000000,-0.0000000000,1.0000000000,0,-376.4,447.5,2100.3,1,0.0000170469,0.9999990463,-0.0000000033,-0.9999990463,0.0000170469,-0.0000000134,-0.0000000134,0.0000000033,1.0000000000,0,-376.4,215.2,2100.3,0,0.4931847155,-0.8518611789,-0.1763558090,0.1587314904,0.2874428630,-0.9445531964,0.8553204536,0.4378460646,0.2769796252,1,-599.4,110.4,2175.4,1,0.4828104377,0.0687798858,-0.8730196953,0.1068771183,0.9848307967,0.1366955787,0.8691785932,-0.1593038887,0.4681355357,1,-296.3,8.1,2019.7,1,0.9593480825,-0.2151248902,-0.1826819032,-0.0419993922,0.5312603712,-0.8461669683,0.2790832222,0.8194410801,0.5006285310,1,-451.7,128.7,2244.2,1,0.9593480825,0.1346855909,-0.2480145097,-0.0419994071,0.9371265769,0.3464531898,0.2790832520,-0.3219527006,0.9046872854,1,-375.0,-60.7,1952.0,1,-537.8,-29.1,2047.9,1,-376.4,-17.0,2100.3,0,-319.8,-328.1,2074.1,1,-418.4,-363.0,2055.9,1,
21,0.8991333842,0.1178902984,-0.4214943051,0.1100193039,0.8712334037,0.4783762693,0.4236159325,-0.4764977992,0.7703893781,1,-466.0,597.8,1957.3,1,0.8991333842,0.1178902984,-0.4214943051,0.1100193039,0.8712334037,0.4783762693,0.4236159325,-0.4764977992,0.7703893781,1,-488.4,432.3,2047.8,1,0.8994086981,0.1052016616,-0.4242559075,0.1121833250,0.8825339079,0.4566666186,0.4224624038,-0.4583256245,0.7819614410,1,-507.1,275.6,2129.2,1,0.0876915976,-0.2842622399,-0.9547278285,0.9738717079,-0.1770870984,0.1421761662,-0.2094852924,-0.9422501326,0.2613058984,1,-600.9,418.3,1995.0,1,-0.3523665667,-0.2994747758,-0.8866525888,0.9354911447,-0.1393870860,-0.3246963620,-0.0263495389,-0.9438678026,0.3292712867,1,-621.8,186.0,2044.9,1,-0.0000013113,1.0000001192,0.0000000000,-1.0000001192,-0.0000013113,0.0000000000,0.0000000000,-0.0000000000,1.0000000000,0,-375.9,446.4,2100.7,1,0.0000170469,0.9999990463,-0.0000000030,-0.9999990463,0.0000170469,-0.0000000120,-0.0000000120,0.0000000030,1.0000000000,0,-375.9,214.1,2100.7,0,0.4892864227,-0.8461798429,-0.2111361921,0.1530998349,0.3216732442,-0.9343912601,0.8585798740,0.4248599112,0.2869403660,1,-599.4,109.7,2176.0,1,0.4769508243,0.0659800395,-0.8764499426,0.1015462279,0.9863641858,0.1295144260,0.8730441928,-0.1507721990,0.4637472332,1,-298.9,-4.6,2025.0,1,0.9667868614,-0.2074772120,-0.1492527276,-0.0157164335,0.5346023440,-0.8449575901,0.2551003098,0.8192396760,0.5135856867,1,-452.0,128.1,2245.2,1,0.9667869806,0.1124446690,-0.2295198739,-0.0157164335,0.9224770665,0.3857320845,0.2551003397,-0.3693134785,0.8936058879,1,-376.8,-65.6,1948.3,1,-540.0,-31.2,2051.1,1,-375.9,-18.1,2100.7,0,-321.4,-341.4,2076.5,1,-414.1,-371.5,2070.8,1,
22,0.8965584040,0.1126753688,-0.4283500910,0.1162136048,0.8733729720,0.4729794264,0.4274026752,-0.4738349617,0.7699401975,1,-467.9,597.1,1958.0,1,0.8965584040,0.1126753688,-0.4283500910,0.1162136048,0.8733729720,0.4729794264,0.4274026752,-0.4738349617,0.7699401975,1,-489.3,431.3,2048.0,1,0.8967009783,0.1019162685,-0.4307399392,0.1173810437,0.8835348487,0.4534130096,0.4267840385,-0.4571378231,0.7803082466,1,-507.4,274.5,2129.2,1,0.0860949606,-0.2789934874,-0.9564257860,0.9733646512,-0.1811868548,0.1404727399,-0.2124827504,-0.9430450797,0.2559631169,1,-601.4,416.7,1994.6,1,-0.3331033587,-0.2912685573,-0.8967745900,0.9417495131,-0.1495447755,-0.3012376428,-0.0463669151,-0.9448803067,0.3241159320,1,-621.8,186.4,2044.9,1,-0.0000013113,1.0000001192,0.0000000000,-1.0000001192,-0.0000013113,0.0000000000,0.0000000000,-0.0000000000,1.0000000000,0,-377.1,446.0,2101.4,1,0.0000170469,0.9999990463,-0.0000000027,-0.9999990463,0.0000170469,-0.0000000108,-0.0000000108,0.0000000027,1.0000000000,0,-377.1,213.8,2101.4,0,0.4920352399,-0.8576768637,-0.1493045837,0.1583470851,0.2568095624,-0.9534019232,0.8560535908,0.4454653859,0.2621699572,1,-598.9,108.0,2175.3,1,0.4824443460,0.0700190887,-0.8731235266,0.1022271514,0.9854872227,0.1355155706,0.8699407578,-0.1546356678,0.4682849348,1,-295.0,17.0,2017.5,1,0.9709579349,-0.1990581900,-0.1327279210,-0.0048114136,0.5384069681,-0.8426712751,0.2392022610,0.8188368678,0.5218127370,1,-452.0,127.2,2245.3,1,0.9709578156,0.1012328267,-0.2167781591,-0.0048114136,0.9141503572,0.4053467810,0.2392022312,-0.3925316632,0.8880884647,1,-379.6,-68.6,1947.5,1,-544.5,-32.2,2055.6,1,-377.1,-18.4,2101.4,0,-318.9,-319.6,2070.3,1,-413.6,-376.2,2079.5,1,
23,0.8911953568,0.1103704497,-0.4399839938,0.1252476126,0.8723681569,0.4725276828,0.4359812438,-0.4762226045,0.7636314034,1,-467.5,595.3,1957.4,1,0.8911953568,0.1103704497,-0.4399839938,0.1252476126,0.8723681569,0.4725276828,0.4359812438,-0.4762226045,0.7636314034,1,-488.5,429.1,2048.2,1,0.8915634155,0.0969770551,-0.4423875213,0.1283632815,0.8826372027,0.4521835744,0.4343192875,-0.4599378705,0.7744833827,1,-505.7,272.4,2129.8,1,0.0842577815,-0.2687435448,-0.9595194459,0.9720321298,-0.1896751672,0.1384810209,-0.2192128897,-0.9443517923,0.2452457249,1,-600.0,413.1,1993.8,1,-0.3115195930,-0.2836903334,-0.9069042206,0.9486573935,-0.1479023248,-0.2795961201,-0.0548145249,-0.9474410415,0.3151994348,1,-619.8,184.7,2045.3,1,-0.0000013113,1.0000001192,0.0000000000,-1.0000001192,-0.0000013113,0.0000000000,0.0000000000,-0.0000000000,1.0000000000,0,-377.0,445.2,2102.5,1,0.0000170469,0.9999990463,-0.0000000024,-0.9999990463,0.0000170469,-0.0000000097,-0.0000000097,0.0000000024,1.0000000000,0,-377.0,213.0,2102.5,0,0.4858536720,-0.8459651470,-0.2197485566,0.1396308392,0.3233115971,-0.9359343052,0.8628150821,0.4240433276,0.2752048969,1,-596.0,105.2,2175.9,1,0.4750776887,0.0533744656,-0.8783236146,0.0958343148,0.9890829921,0.1119410843,0.8747097254,-0.1373542547,0.4647760689,1,-296.7,-9.3,2025.8,1,0.9739018083,-0.1944907308,-0.1169980988,0.0063602105,0.5386623740,-0.8424977064,0.2268804610,0.8197658658,0.5258412957,1,-449.9,126.2,2247.1,1,0.9739019275,0.0851628482,-0.2103865296,0.0063601807,0.9163329601,0.4003666043,0.2268804759,-0.3912558258,0.8918768167,1,-379.5,-68.8,1950.3,1,-547.5,-35.5,2058.1,1,-377.0,-19.3,2102.5,0,-314.9,-346.9,2072.7,1,-408.3,-379.4,2082.9,1,
