1,0.9805686474,0.0413798504,0.1917629242,-0.0991925150,0.9479213357,0.3026662469,-0.1692523211,-0.3158062100,0.9336063862,1,-185.1,215.7,1991.1,1,0.9805686474,0.0413798504,0.1917629242,-0.0991925150,0.9479213357,0.3026662469,-0.1692523211,-0.3158062100,0.9336063862,1,-194.0,12.2,2058.9,1,0.9807242751,0.0542665422,0.1877103299,-0.0960704908,0.9704434276,0.2213838249,-0.1701489687,-0.2351496518,0.9569507837,1,-205.2,-187.6,2107.3,1,-0.0000026226,-1.0000003576,-0.0000000015,1.0000003576,-0.0000026226,-0.0000000011,0.0000000011,-0.0000000015,1.0000000000,0,-335.0,26.0,2083.4,1,0.0000591874,-0.9999990463,-0.0000710061,0.9999990463,0.0000591874,-0.0001438956,0.0001438997,-0.0000709977,1.0000000000,0,-335.0,-243.3,2083.4,0,0.3109746277,0.5225493908,0.7938747406,-0.8830800056,0.4676747918,0.0380819887,-0.3513754606,-0.7128974795,0.6068877578,1,-53.0,-1.6,2034.4,1,-0.4519202411,0.5225493312,0.7229871154,-0.5570922494,0.4676747322,-0.6862424016,-0.6967182755,-0.7128973603,0.0797565058,1,27.9,-231.4,1943.0,1,1.0000000000,0.0000000002,0.0000000007,-0.0000000002,1.0000000000,-0.0000000026,-0.0000000007,0.0000000026,1.0000000000,0,-309.6,-378.3,2171.9,1,1.0000000000,-0.0000144910,0.0000204275,0.0000144898,1.0000000000,0.0000598203,-0.0000204284,-0.0000598200,1.0000000000,0,-309.6,-790.1,2171.9,0,0.9999953508,-0.0006101776,-0.0029852670,0.0005337489,0.9996737838,-0.0255361311,0.0029998748,0.0255344175,0.9996694326,0,-123.2,-396.6,2139.6,1,0.9997461438,-0.0063008284,-0.0216326565,0.0021210511,0.9821582437,-0.1880443096,0.0224315263,0.1879507005,0.9819222689,0,-122.9,-808.2,2129.0,0,-335.0,-512.5,2083.3,0,-93.8,-381.4,1755.4,1,-309.6,-1186.1,2171.9,0,-120.4,-1197.1,2054.6,0,
2,0.9806475639,0.0422134586,0.1911763251,-0.1005044580,0.9465380311,0.3065376878,-0.1680161208,-0.3198192716,0.9324628711,1,-185.3,215.4,1991.0,1,0.9806475639,0.0422134586,0.1911763251,-0.1005044580,0.9465380311,0.3065376878,-0.1680161208,-0.3198192716,0.9324628711,1,-194.3,12.6,2059.5,1,0.9808845520,0.0535607450,0.1870743334,-0.0957631841,0.9697662592,0.2244627029,-0.1693964601,-0.2380865812,0.9563578963,1,-205.3,-187.1,2108.6,1,-0.0000026226,-1.0000003576,-0.0000000012,1.0000003576,-0.0000026226,-0.0000000009,0.0000000009,-0.0000000012,1.0000000000,0,-335.3,26.3,2083.9,1,0.0000550151,-0.9999990463,-0.0000639052,0.9999990463,0.0000550151,-0.0001295061,0.0001295095,-0.0000638982,1.0000000000,0,-335.3,-242.9,2083.9,0,0.3096016347,0.5166369081,0.7982689142,-0.8814496398,0.4708145261,0.0371530205,-0.3566419184,-0.7151364684,0.6011543274,1,-53.3,-1.2,2035.2,1,-0.4527361691,0.5166368484,0.7267161608,-0.5587029457,0.4708145559,-0.6827771664,-0.6948963404,-0.7151364088,0.0754917860,1,27.7,-231.7,1941.9,1,1.0000000000,0.0000000002,0.0000000006,-0.0000000002,1.0000000000,-0.0000000021,-0.0000000006,0.0000000021,1.0000000000,0,-309.6,-377.7,2173.7,1,1.0000000000,-0.0000130419,0.0000183848,0.0000130409,1.0000000000,0.0000538383,-0.0000183855,-0.0000538380,1.0000000000,0,-309.6,-789.5,2173.7,0,0.9999970198,-0.0004820491,-0.0023894897,0.0004331333,0.9997912049,-0.0204296838,0.0023988388,0.0204285886,0.9997884631,0,-123.1,-395.9,2141.5,1,0.9997942448,-0.0054879943,-0.0195279978,0.0021004288,0.9855398536,-0.1694306135,0.0201754533,0.1693547368,0.9853486419,0,-122.9,-807.6,2133.1,0,-335.3,-512.2,2083.9,0,-94.2,-382.1,1754.8,1,-309.6,-1185.4,2173.7,0,-120.8,-1197.8,2066.0,0,
3,0.9812414050,0.0394798853,0.1886973828,-0.0970795974,0.9468360543,0.3067211807,-0.1665566266,-0.3192859292,0.9329073429,1,-185.6,214.7,1991.0,1,0.9812414050,0.0394798853,0.1886973828,-0.0970795974,0.9468360543,0.3067211807,-0.1665566266,-0.3192859292,0.9329073429,1,-194.0,11.9,2059.3,1,0.9813598990,0.0535512194,0.1845671237,-0.0946368203,0.9705358148,0.2215963304,-0.1672627181,-0.2349323481,0.9575127959,1,-205.1,-187.9,2107.7,1,-0.0000026226,-1.0000003576,-0.0000000009,1.0000003576,-0.0000026226,-0.0000000007,0.0000000007,-0.0000000009,1.0000000000,0,-335.1,25.5,2083.4,1,0.0000514388,-0.9999990463,-0.0000575144,0.9999990463,0.0000514388,-0.0001165554,0.0001165583,-0.0000575085,1.0000000000,0,-335.1,-243.7,2083.4,0,0.3023210764,0.5212196708,0.7980802059,-0.8819534183,0.4705761373,0.0267636776,-0.3616077304,-0.7119607925,0.6019565463,1,-53.0,-1.7,2035.3,1,-0.4493633509,0.5212196708,0.7255361080,-0.5579013824,0.4705761373,-0.6835964918,-0.6977239251,-0.7119607925,0.0793295354,1,26.1,-232.2,1940.8,1,1.0000000000,0.0000000001,0.0000000004,-0.0000000001,1.0000000000,-0.0000000017,-0.0000000004,0.0000000017,1.0000000000,0,-309.3,-378.7,2172.0,1,1.0000000000,-0.0000117376,0.0000165464,0.0000117368,1.0000000000,0.0000484544,-0.0000165470,-0.0000484542,1.0000000000,0,-309.3,-790.5,2172.0,0,0.9999980927,-0.0003817369,-0.0019123949,0.0003504301,0.9998663664,-0.0163441300,0.0019183784,0.0163434297,0.9998645782,0,-122.8,-396.7,2140.2,1,0.9998332858,-0.0047905780,-0.0176208746,0.0020453725,0.9882818460,-0.1526263505,0.0181455594,0.1525648683,0.9881268740,0,-122.7,-808.5,2133.4,0,-335.1,-513.0,2083.3,0,-94.9,-382.4,1752.9,1,-309.3,-1186.5,2172.0,0,-120.8,-1199.8,2073.0,0,
4,0.9808797240,0.0435229912,0.1896857768,-0.1007564440,0.9474483728,0.3036290407,-0.1665031016,-0.3169353902,0.9337180853,1,-185.6,214.1,1991.4,1,0.9808797240,0.0435229912,0.1896857768,-0.1007564440,0.9474483728,0.3036290407,-0.1665031016,-0.3169353902,0.9337180853,1,-194.9,11.4,2059.2,1,0.9811021090,0.0563044213,0.1851176471,-0.0964822099,0.9716573358,0.2158102244,-0.1677203178,-0.2295921743,0.9587273598,1,-206.5,-188.7,2106.5,1,-0.0000026226,-1.0000003576,-0.0000000008,1.0000003576,-0.0000026226,-0.0000000006,0.0000000006,-0.0000000008,1.0000000000,0,-335.9,25.3,2083.3,1,0.0000482202,-0.9999990463,-0.0000517627,0.9999990463,0.0000482202,-0.0001048998,0.0001049023,-0.0000517578,1.0000000000,0,-335.9,-244.0,2083.3,0,0.3031584620,0.5167835951,0.8006432652,-0.8811147809,0.4720147252,0.0289616585,-0.3629485071,-0.7142385840,0.5984409451,1,-53.8,-2.5,2035.1,1,-0.4530055523,0.5167836547,0.7264438868,-0.5571476221,0.4720147550,-0.6832193136,-0.6959687471,-0.7142386436,0.0740994364,1,25.5,-233.0,1940.2,1,1.0000000000,0.0000000001,0.0000000004,-0.0000000001,1.0000000000,-0.0000000013,-0.0000000004,0.0000000013,1.0000000000,0,-311.3,-379.5,2169.7,1,1.0000000000,-0.0000105638,0.0000148918,0.0000105632,1.0000000000,0.0000436090,-0.0000148922,-0.0000436088,1.0000000000,0,-311.3,-791.3,2169.7,0,0.9999988079,-0.0003028905,-0.0015304226,0.0002828539,0.9999144673,-0.0130754877,0.0015342522,0.0130750388,0.9999133348,0,-124.8,-397.9,2137.8,1,0.9998648763,-0.0041907290,-0.0158944745,0.0019662734,0.9905047417,-0.1374647021,0.0163196307,0.1374148726,0.9903791547,0,-124.7,-809.6,2132.4,0,-335.9,-513.2,2083.3,0,-96.5,-383.0,1752.8,1,-311.3,-1187.3,2169.7,0,-123.0,-1201.8,2078.0,0,
5,0.9800496101,0.0441943109,0.1937776208,-0.1026315540,0.9474529028,0.3029861152,-0.1702053547,-0.3168288767,0.9330864549,1,-185.8,213.2,1991.2,1,0.9800496101,0.0441943109,0.1937776208,-0.1026315540,0.9474529028,0.3029861152,-0.1702053547,-0.3168288767,0.9330864549,1,-195.3,10.6,2058.9,1,0.9802972078,0.0560911745,0.1893972158,-0.0978955626,0.9707567692,0.2191998810,-0.1715639085,-0.2334219366,0.9571210742,1,-206.8,-189.3,2107.0,1,-0.0000026226,-1.0000003576,-0.0000000006,1.0000003576,-0.0000026226,-0.0000000004,0.0000000004,-0.0000000006,1.0000000000,0,-336.2,24.6,2083.6,1,0.0000452399,-0.9999990463,-0.0000465863,0.9999990463,0.0000452399,-0.0000944098,0.0000944119,-0.0000465821,1.0000000000,0,-336.2,-244.6,2083.6,0,0.3145380914,0.5001304746,0.8068056703,-0.8772383332,0.4778679311,0.0457713492,-0.3626548648,-0.7221577168,0.5890413523,1,-54.3,-3.5,2034.2,1,-0.4638170898,0.5001305342,0.7312614322,-0.5564107895,0.4778680205,-0.6797420979,-0.6894061565,-0.7221577168,0.0566346645,1,27.9,-232.8,1939.5,1,1.0000000000,0.0000000001,0.0000000003,-0.0000000001,1.0000000000,-0.0000000011,-0.0000000003,0.0000000011,1.0000000000,0,-311.5,-379.9,2171.3,1,1.0000000000,-0.0000095074,0.0000134026,0.0000095069,1.0000000000,0.0000392481,-0.0000134030,-0.0000392479,1.0000000000,0,-311.5,-791.7,2171.3,0,0.9999992251,-0.0002407123,-0.0012246589,0.0002278888,0.9999452829,-0.0104604773,0.0012271099,0.0104601905,0.9999445081,0,-125.2,-398.5,2138.7,1,0.9998905063,-0.0036735267,-0.0143329753,0.0018711661,0.9923064709,-0.1237916648,0.0146774566,0.1237512976,0.9922047257,0,-125.1,-810.2,2134.4,0,-336.2,-513.9,2083.5,0,-97.0,-382.6,1753.8,1,-311.5,-1187.6,2171.4,0,-123.7,-1203.2,2085.4,0,
6,0.9793362021,0.0445852652,0.1972634643,-0.1039355099,0.9476881623,0.3018036783,-0.1734886616,-0.3160696924,0.9327391386,1,-185.4,213.7,1991.5,1,0.9793362021,0.0445852652,0.1972634643,-0.1039355099,0.9476881623,0.3018036783,-0.1734886616,-0.3160696924,0.9327391386,1,-194.9,10.9,2059.2,1,0.9795990586,0.0561681166,0.1929533780,-0.0989316404,0.9705284238,0.2197452337,-0.1749245077,-0.2343511581,0.9562853575,1,-206.5,-189.0,2107.4,1,-0.0000026226,-1.0000003576,-0.0000000005,1.0000003576,-0.0000026226,-0.0000000004,0.0000000004,-0.0000000005,1.0000000000,0,-335.7,25.1,2084.3,1,0.0000426769,-0.9999990463,-0.0000419275,0.9999990463,0.0000426769,-0.0000849688,0.0000849706,-0.0000419239,1.0000000000,0,-335.7,-244.2,2084.3,0,0.3143835962,0.4977134466,0.8083590269,-0.8774748445,0.4772746563,0.0474018082,-0.3622167408,-0.7242170572,0.5867782831,1,-54.1,-3.4,2034.0,1,-0.4633783996,0.4977134466,0.7331860662,-0.5595142245,0.4772745669,-0.6776081920,-0.6871857047,-0.7242170572,0.0573190078,1,28.1,-232.8,1939.3,1,1.0000000000,0.0000000001,0.0000000002,-0.0000000001,1.0000000000,-0.0000000009,-0.0000000002,0.0000000009,1.0000000000,0,-311.1,-379.4,2172.3,1,1.0000000000,-0.0000085567,0.0000120624,0.0000085562,1.0000000000,0.0000353233,-0.0000120627,-0.0000353232,1.0000000000,0,-311.1,-791.2,2172.3,0,0.9914856553,-0.0919488743,-0.0922044963,-0.0444769077,0.4263708889,-0.9034543633,0.1223849207,0.8998628259,0.4186510742,1,-124.9,-398.2,2139.1,1,0.9914857149,-0.0919486508,-0.0922044441,-0.0444770381,0.4263704121,-0.9034545422,0.1223846674,0.8998632431,0.4186505079,1,-87.1,-573.7,1768.7,1,-335.7,-513.4,2084.3,0,-96.6,-383.5,1754.3,1,-311.1,-1187.1,2172.3,0,-50.7,-742.4,1412.6,1,
7,0.9802777767,0.0417733975,0.1931597292,-0.0995119587,0.9487887025,0.2998305559,-0.1707432568,-0.3131386638,0.9342331290,1,-185.7,213.4,1991.7,1,0.9802777767,0.0417733975,0.1931597292,-0.0995119587,0.9487887025,0.2998305559,-0.1707432568,-0.3131386638,0.9342331290,1,-194.6,10.7,2058.6,1,0.9803466201,0.0567692220,0.1889389008,-0.0981698930,0.9710897207,0.2175969183,-0.1711242348,-0.2318682671,0.9575772882,1,-206.3,-189.2,2106.4,1,-0.0000026226,-1.0000003576,-0.0000000004,1.0000003576,-0.0000026226,-0.0000000003,0.0000000003,-0.0000000004,1.0000000000,0,-335.5,24.8,2083.2,1,0.0000401735,-0.9999990463,-0.0000377346,0.9999990463,0.0000401735,-0.0000764719,0.0000764734,-0.0000377316,1.0000000000,0,-335.5,-244.4,2083.2,0,0.3141813874,0.5020829439,0.8057312965,-0.8790996075,0.4742914438,0.0472404212,-0.3584327996,-0.7231600881,0.5903943777,1,-53.7,-3.4,2034.0,1,-0.4659422040,0.5020829439,0.7285675406,-0.5561001301,0.4742914438,-0.6824956536,-0.6882227063,-0.7231600285,0.0582159832,1,28.1,-232.2,1940.7,1,1.0000000000,0.0000000001,0.0000000002,-0.0000000001,1.0000000000,-0.0000000007,-0.0000000002,0.0000000007,1.0000000000,0,-311.1,-379.8,2170.4,1,1.0000000000,-0.0000077010,0.0000108561,0.0000077006,1.0000000000,0.0000317909,-0.0000108564,-0.0000317908,1.0000000000,0,-311.1,-791.6,2170.4,0,0.9924278855,-0.0807997063,-0.0925101340,-0.0512097552,0.4123995602,-0.9095625877,0.1116435304,0.9074127674,0.4051391482,1,-124.8,-398.5,2137.8,1,0.9924280047,-0.0807996020,-0.0925101489,-0.0512098148,0.4123995006,-0.9095627069,0.1116434410,0.9074128270,0.4051391184,1,-91.5,-568.2,1764.3,1,-335.5,-513.7,2083.2,0,-97.4,-381.9,1755.4,1,-311.1,-1187.6,2170.4,0,-59.6,-731.5,1405.2,1,
8,0.9803670645,0.0444556214,0.1921048015,-0.1016322672,0.9487960935,0.2990949154,-0.1689722538,-0.3127465844,0.9346863031,1,-184.9,214.6,1992.3,1,0.9803670645,0.0444556214,0.1921048015,-0.1016322672,0.9487960935,0.2990949154,-0.1689722538,-0.3127465844,0.9346863031,1,-194.4,12.0,2059.1,1,0.9806056023,0.0559234135,0.1878440380,-0.0970697924,0.9712001681,0.2175973058,-0.1702658087,-0.2316108644,0.9577925801,1,-206.0,-187.9,2106.8,1,-0.0000026226,-1.0000003576,-0.0000000003,1.0000003576,-0.0000026226,-0.0000000002,0.0000000002,-0.0000000003,1.0000000000,0,-335.4,26.0,2083.6,1,0.0000379682,-0.9999990463,-0.0000339610,0.9999990463,0.0000379682,-0.0000688247,0.0000688259,-0.0000339585,1.0000000000,0,-335.4,-243.3,2083.6,0,0.3140892684,0.5062953234,0.8031270504,-0.8800956607,0.4725333452,0.0463030189,-0.3560612500,-0.7213719487,0.5940059423,1,-53.5,-1.9,2034.6,1,-0.4672481716,0.5062953234,0.7248063684,-0.5527620316,0.4725333452,-0.6864156723,-0.6900241971,-0.7213718891,0.0590704903,1,28.7,-232.2,1941.5,1,1.0000000000,0.0000000000,0.0000000001,-0.0000000000,1.0000000000,-0.0000000005,-0.0000000001,0.0000000005,1.0000000000,0,-310.7,-378.7,2170.6,1,1.0000000000,-0.0000069309,0.0000097705,0.0000069306,1.0000000000,0.0000286118,-0.0000097707,-0.0000286118,1.0000000000,0,-310.7,-790.5,2170.6,0,0.9927461147,-0.0775741115,-0.0918561220,-0.0520330332,0.4115393460,-0.9099054933,0.1083875149,0.9080846310,0.4045176506,1,-124.3,-397.1,2138.3,1,0.9927460551,-0.0775740594,-0.0918561220,-0.0520330444,0.4115394056,-0.9099054337,0.1083874702,0.9080845714,0.4045177102,1,-92.3,-566.5,1764.4,1,-335.4,-512.5,2083.5,0,-97.1,-381.0,1755.7,1,-310.6,-1186.4,2170.6,0,-61.6,-729.5,1404.9,1,
9,0.9800801873,0.0431952924,0.1938480288,-0.1009839848,0.9488531947,0.2991332412,-0.1710126102,-0.3127498627,0.9343140721,1,-185.6,214.7,1992.1,1,0.9800801873,0.0431952924,0.1938480288,-0.1009839848,0.9488531947,0.2991332412,-0.1710126102,-0.3127498627,0.9343140721,1,-194.8,11.5,2059.1,1,0.9802715182,0.0555506870,0.1896890998,-0.0972641036,0.9710291624,0.2182724476,-0.1720688939,-0.2324159741,0.9572751522,1,-206.2,-188.4,2106.9,1,-0.0000026226,-1.0000003576,-0.0000000002,1.0000003576,-0.0000026226,-0.0000000002,0.0000000002,-0.0000000002,1.0000000000,0,-335.7,25.5,2083.8,1,0.0000359416,-0.9999990463,-0.0000305648,0.9999990463,0.0000359416,-0.0000619422,0.0000619433,-0.0000305627,1.0000000000,0,-335.7,-243.7,2083.8,0,0.3092015088,0.5021002293,0.8076446056,-0.8807777166,0.4714728594,0.0440925770,-0.3586436212,-0.7249888778,0.5880187154,1,-53.9,-2.4,2034.3,1,-0.4688837826,0.5021002293,0.7266660333,-0.5559968352,0.4714729190,-0.6845297217,-0.6863058209,-0.7249888778,0.0581001416,1,26.7,-232.0,1940.9,1,1.0000000000,0.0000000000,0.0000000001,-0.0000000000,1.0000000000,-0.0000000004,-0.0000000001,0.0000000004,1.0000000000,0,-310.8,-379.1,2171.1,1,1.0000000000,-0.0000062378,0.0000087935,0.0000062375,1.0000000000,0.0000257506,-0.0000087937,-0.0000257506,1.0000000000,0,-310.8,-790.9,2171.1,0,0.9951644540,-0.0543378815,-0.0818234831,-0.0320591182,0.6077281237,-0.7934977412,0.0928434283,0.7922839522,0.6030474305,0,-124.5,-397.6,2138.4,1,0.9939963818,-0.0656688213,-0.0875147358,-0.0415987298,0.5129686594,-0.8573988080,0.1011966839,0.8558917642,0.5071572065,0,-102.1,-647.8,1812.2,0,-335.7,-513.0,2083.8,0,-99.5,-381.7,1756.1,1,-310.8,-1186.8,2171.1,0,-76.1,-850.9,1473.3,0,
10,0.9801304340,0.0438492522,0.1934466660,-0.1019411460,0.9479619265,0.3016240895,-0.1701544672,-0.3153509200,0.9335961938,1,-185.8,214.2,1991.5,1,0.9801304340,0.0438492522,0.1934466660,-0.1019411460,0.9479619265,0.3016240895,-0.1701544672,-0.3153509200,0.9335961938,1,-195.2,11.4,2059.0,1,0.9803790450,0.0547499433,0.1893659830,-0.0971053839,0.9701446891,0.2222401947,-0.1715451628,-0.2362678647,0.9564258456,1,-206.4,-188.4,2107.6,1,-0.0000026226,-1.0000003576,-0.0000000002,1.0000003576,-0.0000026226,-0.0000000001,0.0000000001,-0.0000000002,1.0000000000,0,-336.1,25.3,2083.6,1,0.0000342727,-0.9999990463,-0.0000275083,0.9999990463,0.0000342727,-0.0000557479,0.0000557488,-0.0000275064,1.0000000000,0,-336.1,-243.9,2083.6,0,0.2987092435,0.5070669055,0.8084899187,-0.8820009828,0.4702301621,0.0309511982,-0.3644820452,-0.7223343253,0.5876955390,1,-54.2,-2.6,2034.3,1,-0.4639704227,0.5070668459,0.7263709307,-0.5573613644,0.4702301323,-0.6842747927,-0.6885344982,-0.7223343849,0.0644465834,1,24.2,-234.3,1938.6,1,1.0000000000,0.0000000000,0.0000000001,-0.0000000000,1.0000000000,-0.0000000004,-0.0000000001,0.0000000004,1.0000000000,0,-310.9,-378.9,2172.6,1,1.0000000000,-0.0000056140,0.0000079142,0.0000056138,1.0000000000,0.0000231756,-0.0000079143,-0.0000231755,1.0000000000,0,-310.9,-790.7,2172.6,0,0.9939497709,-0.0638961643,-0.0893370882,-0.0564431362,0.4006143510,-0.9145066142,0.0942231864,0.9140161276,0.3945840001,1,-124.5,-397.4,2140.0,1,0.9939497709,-0.0638961494,-0.0893370882,-0.0564431399,0.4006143212,-0.9145066142,0.0942231715,0.9140161276,0.3945840001,1,-98.2,-562.3,1763.7,1,-336.1,-513.2,2083.6,0,-100.7,-384.4,1753.2,1,-310.9,-1186.7,2172.6,0,-72.9,-720.9,1401.8,1,
11,0.9792995453,0.0459566079,0.1971308440,-0.1078351736,0.9426293373,0.3159467280,-0.1713018864,-0.3306639194,0.9280719757,1,-184.7,213.8,1987.2,1,0.9792995453,0.0459566079,0.1971308440,-0.1078351736,0.9426293373,0.3159467280,-0.1713018864,-0.3306639194,0.9280719757,1,-194.5,12.0,2058.0,1,0.9796952605,0.0554322712,0.1926774383,-0.1003795043,0.9675120711,0.2320455164,-0.1735553443,-0.2466745377,0.9534310699,1,-205.9,-187.2,2108.8,1,-0.0000026226,-1.0000003576,-0.0000000002,1.0000003576,-0.0000026226,-0.0000000001,0.0000000001,-0.0000000002,1.0000000000,0,-335.4,26.4,2082.9,1,0.0000327229,-0.9999990463,-0.0000247574,0.9999990463,0.0000327229,-0.0000501731,0.0000501739,-0.0000247558,1.0000000000,0,-335.4,-242.8,2082.9,0,0.3035913110,0.5121869445,0.8034281731,-0.8823919296,0.4692653418,0.0342717916,-0.3594674468,-0.7193431854,0.5944144726,1,-53.7,-2.4,2033.1,1,-0.4596299231,0.5121868849,0.7255376577,-0.5577572584,0.4692653418,-0.6846143603,-0.6911202073,-0.7193431854,0.0699875802,1,25.8,-233.4,1938.9,1,1.0000000000,0.0000000000,0.0000000001,-0.0000000000,1.0000000000,-0.0000000003,-0.0000000001,0.0000000003,1.0000000000,0,-310.4,-376.9,2176.1,1,1.0000000000,-0.0000050526,0.0000071227,0.0000050524,1.0000000000,0.0000208580,-0.0000071228,-0.0000208580,1.0000000000,0,-310.4,-788.6,2176.1,0,0.9943079948,-0.0591346510,-0.0886265486,-0.0579641610,0.3977175653,-0.9156751633,0.0893964618,0.9156002402,0.3920260668,1,-124.2,-395.9,2143.1,1,0.9943081141,-0.0591346659,-0.0886265635,-0.0579641648,0.3977176547,-0.9156751633,0.0893964916,0.9156002402,0.3920261562,1,-99.9,-559.7,1766.1,1,-335.4,-512.1,2082.9,0,-98.0,-383.6,1752.9,1,-310.4,-1184.6,2176.1,0,-76.5,-717.2,1403.6,1,
12,0.9778119326,0.0469293185,0.2041606456,-0.1132419184,0.9383286834,0.3266748190,-0.1762395501,-0.3425458670,0.9228230715,1,-184.2,213.4,1984.1,1,0.9778119326,0.0469293185,0.2041606456,-0.1132419184,0.9383286834,0.3266748190,-0.1762395501,-0.3425458670,0.9228230715,1,-194.3,12.3,2057.5,1,0.9782252312,0.0568688363,0.1996032745,-0.1056666523,0.9642187357,0.2431413084,-0.1786344349,-0.2589381337,0.9492319822,1,-206.0,-186.2,2110.8,1,-0.0000026226,-1.0000003576,-0.0000000001,1.0000003576,-0.0000026226,-0.0000000001,0.0000000001,-0.0000000001,1.0000000000,0,-334.9,27.5,2083.2,1,0.0000312328,-0.9999990463,-0.0000222816,0.9999990463,0.0000312328,-0.0000451558,0.0000451564,-0.0000222802,1.0000000000,0,-334.9,-241.8,2083.2,0,0.3117151558,0.5188595057,0.7960015535,-0.8832928538,0.4669809937,0.0415052287,-0.3501822650,-0.7160402536,0.6038698554,1,-53.7,-2.9,2031.8,1,-0.4616301060,0.5188594460,0.7195016742,-0.5519275069,0.4669810534,-0.6908724904,-0.6944592595,-0.7160402536,0.0708003268,1,27.8,-233.7,1940.3,1,1.0000000000,0.0000000000,0.0000000001,-0.0000000000,1.0000000000,-0.0000000002,-0.0000000001,0.0000000002,1.0000000000,0,-310.7,-374.7,2181.1,1,1.0000000000,-0.0000045473,0.0000064105,0.0000045472,1.0000000000,0.0000187722,-0.0000064106,-0.0000187722,1.0000000000,0,-310.7,-786.5,2181.1,0,0.9962019920,-0.0395791754,-0.0775571316,-0.0385559350,0.5981222391,-0.8004768491,0.0780708641,0.8004269004,0.5943245888,0,-124.7,-394.8,2147.1,1,0.9952866435,-0.0490349010,-0.0836661905,-0.0479305014,0.5012712479,-0.8639618158,0.0843037367,0.8638998270,0.4965583086,0,-108.4,-641.1,1817.5,0,-334.9,-511.0,2083.1,0,-96.5,-382.3,1753.3,1,-310.7,-1182.4,2181.1,0,-89.0,-839.6,1475.4,0,
13,0.9780573845,0.0477554575,0.2027884424,-0.1137733757,0.9378449917,0.3278769851,-0.1745266020,-0.3437542021,0.9226993918,1,-184.1,212.6,1983.0,1,0.9780573845,0.0477554575,0.2027884424,-0.1137733757,0.9378449917,0.3278769851,-0.1745266020,-0.3437542021,0.9226993918,1,-194.4,11.4,2056.7,1,0.9783704877,0.0591215342,0.1982319504,-0.1082055047,0.9629970789,0.2468382716,-0.1763037145,-0.2629488409,0.9485650063,1,-206.5,-186.9,2110.9,1,-0.0000026226,-1.0000003576,-0.0000000001,1.0000003576,-0.0000026226,-0.0000000001,0.0000000001,-0.0000000001,1.0000000000,0,-335.0,26.9,2082.1,1,0.0000298619,-0.9999990463,-0.0000200534,0.9999990463,0.0000298619,-0.0000406402,0.0000406407,-0.0000200522,1.0000000000,0,-335.0,-242.3,2082.1,0,0.3147108853,0.5189841390,0.7947405577,-0.8825786710,0.4681200385,0.0438008010,-0.3493020236,-0.7152056694,0.6053668261,1,-53.7,-4.2,2031.4,1,-0.4621373117,0.5189841986,0.7190859914,-0.5502176881,0.4681200683,-0.6914652586,-0.6954780817,-0.7152057290,0.0692185238,1,27.9,-233.2,1940.8,1,1.0000000000,0.0000000000,0.0000000000,-0.0000000000,1.0000000000,-0.0000000002,-0.0000000000,0.0000000002,1.0000000000,0,-311.7,-374.9,2181.7,1,1.0000000000,-0.0000040926,0.0000057694,0.0000040925,1.0000000000,0.0000168950,-0.0000057695,-0.0000168950,1.0000000000,0,-311.7,-786.7,2181.7,0,0.9943322539,-0.0564419106,-0.0900999829,-0.0609846339,0.3913920522,-0.9182011485,0.0870894492,0.9184914827,0.3857316077,1,-125.7,-395.4,2148.2,1,0.9943321943,-0.0564419404,-0.0900999829,-0.0609846190,0.3913921416,-0.9182010889,0.0870894790,0.9184914231,0.3857316971,1,-102.5,-556.6,1770.1,1,-335.0,-511.6,2082.1,0,-96.5,-381.3,1753.5,1,-311.7,-1182.6,2181.8,0,-80.1,-711.5,1406.4,1,
14,0.9783079028,0.0476876162,0.2015924305,-0.1129354537,0.9385874271,0.3260372281,-0.1736645550,-0.3417315483,0.9236128926,1,-183.4,211.9,1982.9,1,0.9783079028,0.0476876162,0.2015924305,-0.1129354537,0.9385874271,0.3260372281,-0.1736645550,-0.3417315483,0.9236128926,1,-193.7,10.6,2056.2,1,0.9785025716,0.0614190809,0.1968768537,-0.1095424518,0.9636136293,0.2438241839,-0.1747381389,-0.2601487637,0.9496261477,1,-206.3,-187.8,2109.8,1,-0.0000026226,-1.0000003576,-0.0000000001,1.0000003576,-0.0000026226,-0.0000000001,0.0000000001,-0.0000000001,1.0000000000,0,-334.3,26.4,2081.3,1,0.0000286698,-0.9999990463,-0.0000180480,0.9999990463,0.0000286698,-0.0000365761,0.0000365766,-0.0000180470,1.0000000000,0,-334.3,-242.9,2081.3,0,0.3126792312,0.5233653784,0.7926667333,-0.8817182183,0.4703008533,0.0372865647,-0.3532772958,-0.7105674148,0.6085140109,1,-53.0,-5.1,2031.1,1,-0.4539527297,0.5233653784,0.7211211920,-0.5518190861,0.4703008235,-0.6887038350,-0.6995875239,-0.7105674744,0.0753086507,1,28.0,-233.6,1939.5,1,1.0000000000,0.0000000000,0.0000000000,-0.0000000000,1.0000000000,-0.0000000001,-0.0000000000,0.0000000001,1.0000000000,0,-311.9,-375.8,2179.9,1,1.0000000000,-0.0000036833,0.0000051925,0.0000036832,1.0000000000,0.0000152055,-0.0000051925,-0.0000152055,1.0000000000,0,-311.9,-787.6,2179.9,0,0.9962161779,-0.0372085832,-0.0785423368,-0.0411843397,0.5936987400,-0.8036328554,0.0765325278,0.8038266897,0.5899198651,0,-126.0,-396.6,2146.7,1,0.9953053594,-0.0464868695,-0.0848893896,-0.0507756323,0.4959000349,-0.8668938279,0.0823958293,0.8671343923,0.4912115932,0,-110.6,-641.1,1815.7,0,-334.3,-512.1,2081.3,0,-94.2,-382.2,1751.2,1,-311.9,-1183.5,2179.9,0,-92.2,-837.4,1472.4,0,
15,0.9786344171,0.0472257808,0.2001109868,-0.1120669395,0.9385051131,0.3265734017,-0.1723828614,-0.3420216143,0.9237456322,1,-183.6,212.7,1982.4,1,0.9786344171,0.0472257808,0.2001109868,-0.1120669395,0.9385051131,0.3265734017,-0.1723828614,-0.3420216143,0.9237456322,1,-193.7,11.4,2055.8,1,0.9787742496,0.0618487857,0.1953857988,-0.1096277460,0.9635146856,0.2441766262,-0.1731554419,-0.2604133189,0.9498435259,1,-206.4,-187.0,2109.4,1,-0.0000026226,-1.0000003576,-0.0000000001,1.0000003576,-0.0000026226,-0.0000000000,0.0000000000,-0.0000000001,1.0000000000,0,-334.4,27.1,2080.7,1,0.0000275373,-0.9999990463,-0.0000162432,0.9999990463,0.0000275373,-0.0000329185,0.0000329189,-0.0000162423,1.0000000000,0,-334.4,-242.1,2080.7,0,0.3147431314,0.5230765939,0.7920402288,-0.8812562227,0.4710163772,0.0391289741,-0.3525964320,-0.7103059292,0.6092136502,1,-53.0,-4.4,2030.9,1,-0.4531591535,0.5230765939,0.7218294144,-0.5521426797,0.4710163176,-0.6879550219,-0.6998465657,-0.7103059292,0.0753675401,1,28.9,-233.7,1939.1,1,1.0000000000,0.0000000000,0.0000000000,-0.0000000000,1.0000000000,-0.0000000001,-0.0000000000,0.0000000001,1.0000000000,0,-312.2,-375.0,2179.5,1,1.0000000000,-0.0000033150,0.0000046732,0.0000033149,1.0000000000,0.0000136849,-0.0000046733,-0.0000136849,1.0000000000,0,-312.2,-786.8,2179.5,0,0.9975125194,-0.0240862742,-0.0662470162,-0.0274492390,0.7328975201,-0.6797851324,0.0649257600,0.6799125671,0.7304132581,0,-126.2,-395.8,2146.6,1,0.9961282611,-0.0381022319,-0.0792257860,-0.0421117991,0.5842602253,-0.8104730248,0.0771693066,0.8106713891,0.5803935528,0,-116.3,-697.6,1866.6,0,-334.4,-511.4,2080.7,0,-93.1,-382.4,1750.7,1,-312.2,-1182.7,2179.5,0,-101.2,-929.0,1545.6,0,
16,0.9787585139,0.0488626696,0.1991081089,-0.1132974774,0.9383252859,0.3266657591,-0.1708667874,-0.3422851861,0.9239296317,1,-183.9,212.8,1981.7,1,0.9787585139,0.0488626696,0.1991081089,-0.1132974774,0.9383252859,0.3266657591,-0.1708667874,-0.3422851861,0.9239296317,1,-194.4,11.0,2055.3,1,0.9790157676,0.0622631498,0.1940394044,-0.1088922694,0.9646804333,0.2398649901,-0.1722516418,-0.2559608221,0.9512171149,1,-207.2,-187.7,2108.0,1,-0.0000026226,-1.0000003576,-0.0000000001,1.0000003576,-0.0000026226,-0.0000000000,0.0000000000,-0.0000000001,1.0000000000,0,-335.1,26.6,2080.0,1,0.0000266433,-0.9999990463,-0.0000146188,0.9999990463,0.0000266433,-0.0000296266,0.0000296270,-0.0000146181,1.0000000000,0,-335.1,-242.6,2080.0,0,0.3183144927,0.5257422924,0.7888416052,-0.8809953332,0.4713115096,0.0413837768,-0.3500328660,-0.7081388235,0.6132017970,1,-53.6,-4.7,2030.5,1,-0.4528180063,0.5257422924,0.7201048732,-0.5496598482,0.4713115692,-0.6897388101,-0.7020184994,-0.7081389427,0.0755610541,1,29.0,-233.3,1939.7,1,1.0000000000,0.0000000000,0.0000000000,-0.0000000000,1.0000000000,-0.0000000001,-0.0000000000,0.0000000001,1.0000000000,0,-313.0,-375.9,2177.0,1,1.0000000000,-0.0000029835,0.0000042059,0.0000029834,1.0000000000,0.0000123164,-0.0000042060,-0.0000123164,1.0000000000,0,-313.0,-787.7,2177.0,0,0.9938873053,-0.0585824475,-0.0935750157,-0.0642500594,0.3823435009,-0.9217838645,0.0897781551,0.9221613407,0.3762424290,1,-127.0,-396.6,2144.3,1,0.9938873649,-0.0585823990,-0.0935749859,-0.0642501041,0.3823430538,-0.9217840433,0.0897780657,0.9221616387,0.3762419224,1,-102.8,-554.1,1764.6,1,-335.1,-511.9,2080.0,0,-93.0,-381.3,1750.7,1,-313.0,-1183.7,2177.1,0,-79.6,-705.4,1399.5,1,
17,0.9789172411,0.0492516495,0.1982300133,-0.1134881079,0.9380566478,0.3273703754,-0.1698278040,-0.3429651260,0.9238690734,1,-183.7,212.8,1981.8,1,0.9789172411,0.0492516495,0.1982300133,-0.1134881079,0.9380566478,0.3273703754,-0.1698278040,-0.3429651260,0.9238690734,1,-194.3,11.4,2055.4,1,0.9791426659,0.0623843782,0.1933588833,-0.1096483916,0.9634557962,0.2443998456,-0.1710463762,-0.2605036497,0.9502007961,1,-207.1,-186.9,2109.0,1,-0.0000026226,-1.0000003576,-0.0000000000,1.0000003576,-0.0000026226,-0.0000000000,0.0000000000,-0.0000000000,1.0000000000,0,-335.0,27.2,2080.0,1,0.0000259876,-0.9999990463,-0.0000131569,0.9999990463,0.0000259876,-0.0000266639,0.0000266643,-0.0000131563,1.0000000000,0,-335.0,-242.1,2080.0,0,0.3164491951,0.5268694758,0.7888399363,-0.8815449476,0.4704511166,0.0394222327,-0.3503402770,-0.7078729868,0.6133330464,1,-53.5,-4.3,2030.8,1,-0.4523805380,0.5268695354,0.7195557356,-0.5498608351,0.4704512358,-0.6901658177,-0.7021431327,-0.7078731060,0.0768819526,1,28.8,-233.5,1939.7,1,1.0000000000,0.0000000000,0.0000000000,-0.0000000000,1.0000000000,-0.0000000001,-0.0000000000,0.0000000001,1.0000000000,0,-313.0,-374.9,2178.9,1,1.0000000000,-0.0000026851,0.0000037853,0.0000026851,1.0000000000,0.0000110848,-0.0000037854,-0.0000110848,1.0000000000,0,-313.0,-786.7,2178.9,0,0.9928925037,-0.0721341744,-0.0946642458,-0.0581572391,0.3999013901,-0.9147112966,0.1038383096,0.9137151837,0.3928639889,1,-126.9,-395.7,2146.4,1,0.9928924441,-0.0721341074,-0.0946642160,-0.0581572801,0.3999011219,-0.9147113562,0.1038382128,0.9137153625,0.3928636611,1,-97.2,-560.4,1770.3,1,-335.0,-511.3,2080.0,0,-93.0,-381.5,1750.7,1,-313.0,-1182.6,2178.9,0,-68.6,-718.7,1408.6,1,
18,0.9790087938,0.0517359376,0.1971421540,-0.1154189557,0.9379405975,0.3270276785,-0.1679889113,-0.3429168165,0.9242231250,1,-183.5,212.8,1981.3,1,0.9790087938,0.0517359376,0.1971421540,-0.1154189557,0.9379405975,0.3270276785,-0.1679889113,-0.3429168165,0.9242231250,1,-194.6,11.3,2055.0,1,0.9794107676,0.0625666529,0.1919368804,-0.1087278053,0.9645687342,0.2403884232,-0.1700963825,-0.2563077509,0.9515115023,1,-207.5,-187.3,2107.8,1,-0.0000026226,-1.0000003576,-0.0000000000,1.0000003576,-0.0000026226,-0.0000000000,0.0000000000,-0.0000000000,1.0000000000,0,-335.4,26.9,2079.5,1,0.0000251532,-0.9999990463,-0.0000118412,0.9999990463,0.0000251532,-0.0000239975,0.0000239978,-0.0000118406,1.0000000000,0,-335.4,-242.3,2079.5,0,0.3145456612,0.5195258260,0.7944518924,-0.8823744059,0.4685854614,0.0429286659,-0.3499660790,-0.7145070434,0.6058079600,1,-53.8,-4.4,2030.6,1,-0.4607195854,0.5195259452,0.7196042538,-0.5506200194,0.4685854912,-0.6908293962,-0.6960998774,-0.7145071626,0.0701748431,1,27.9,-233.6,1939.6,1,1.0000000000,0.0000000000,0.0000000000,-0.0000000000,1.0000000000,-0.0000000001,-0.0000000000,0.0000000001,1.0000000000,0,-313.4,-375.6,2176.7,1,1.0000000000,-0.0000024166,0.0000034068,0.0000024166,1.0000000000,0.0000099763,-0.0000034068,-0.0000099763,1.0000000000,0,-313.4,-787.4,2176.7,0,0.9952577353,-0.0495746732,-0.0836925805,-0.0373577774,0.5996049643,-0.7994237542,0.0898136646,0.7987591624,0.5949094296,0,-127.3,-396.3,2144.4,1,0.9941146374,-0.0605362803,-0.0898409486,-0.0473497584,0.5030961633,-0.8629323244,0.0974373519,0.8621076345,0.4972689152,0,-106.9,-643.2,1815.5,0,-335.4,-511.6,2079.5,0,-96.1,-381.9,1752.2,1,-313.4,-1183.3,2176.7,0,-82.9,-842.4,1474.1,0,
19,0.9799606800,0.0501109548,0.1927839071,-0.1116987169,0.9395934939,0.3235562444,-0.1649251729,-0.3386059999,0.9263618588,1,-183.1,212.2,1982.1,1,0.9799606800,0.0501109548,0.1927839071,-0.1116987169,0.9395934939,0.3235562444,-0.1649251729,-0.3386059999,0.9263618588,1,-193.8,11.2,2054.5,1,0.9801717997,0.0631025359,0.1878327131,-0.1081487834,0.9646615982,0.2402768433,-0.1660333127,-0.2558263242,0.9523583651,1,-206.8,-187.4,2107.2,1,-0.0000026226,-1.0000003576,-0.0000000000,1.0000003576,-0.0000026226,-0.0000000000,0.0000000000,-0.0000000000,1.0000000000,0,-334.7,26.8,2078.4,1,0.0000244975,-0.9999990463,-0.0000106571,0.9999990463,0.0000244975,-0.0000215977,0.0000215980,-0.0000106566,1.0000000000,0,-334.7,-242.5,2078.4,0,0.3057067990,0.5114873648,0.8030716181,-0.8843046427,0.4651625752,0.0403615087,-0.3529144526,-0.7224987745,0.5945140123,1,-52.9,-4.3,2030.7,1,-0.4689316750,0.5114873648,0.7200582027,-0.5534688234,0.4651626050,-0.6908661723,-0.6883134246,-0.7224987745,0.0649628341,1,26.8,-234.8,1938.7,1,1.0000000000,0.0000000000,0.0000000000,-0.0000000000,1.0000000000,-0.0000000000,-0.0000000000,0.0000000000,1.0000000000,0,-312.9,-375.7,2175.6,1,1.0000000000,-0.0000021749,0.0000030661,0.0000021749,1.0000000000,0.0000089787,-0.0000030661,-0.0000089787,1.0000000000,0,-312.9,-787.5,2175.6,0,0.9968835115,-0.0337275229,-0.0713140592,-0.0234015770,0.7368737459,-0.6756252050,0.0753366277,0.6751885414,0.7337880135,0,-126.6,-396.3,2144.1,1,0.9951474071,-0.0506378300,-0.0843647718,-0.0383163355,0.5902930498,-0.8062790632,0.0906281620,0.8055990934,0.5854883194,0,-112.7,-699.7,1866.1,0,-334.7,-511.7,2078.4,0,-99.4,-383.8,1753.3,1,-312.9,-1183.5,2175.7,0,-92.7,-933.4,1547.1,0,
20,0.9792273045,0.0493529253,0.1966674179,-0.1117865145,0.9406116009,0.3205537498,-0.1691677570,-0.3358796239,0.9265893698,1,-184.5,210.0,1982.5,1,0.9792273045,0.0493529253,0.1966674179,-0.1117865145,0.9406116009,0.3205537498,-0.1691677570,-0.3358796239,0.9265893698,1,-195.1,9.0,2054.2,1,0.9794479609,0.0626861528,0.1917081326,-0.1080318466,0.9656874537,0.2361735851,-0.1703257114,-0.2520301938,0.9526125193,1,-208.0,-189.8,2106.1,1,-0.0000026226,-1.0000003576,-0.0000000000,1.0000003576,-0.0000026226,-0.0000000000,0.0000000000,-0.0000000000,1.0000000000,0,-335.9,24.6,2078.7,1,0.0000239611,-0.9999990463,-0.0000095913,0.9999990463,0.0000239611,-0.0000194380,0.0000194382,-0.0000095909,1.0000000000,0,-335.9,-244.7,2078.7,0,0.3009686470,0.5082889795,0.8068830967,-0.8834809065,0.4671375751,0.0352705307,-0.3589977622,-0.7234811783,0.5896573663,1,-54.3,-6.5,2029.8,1,-0.4679142833,0.5082889795,0.7229789495,-0.5554693937,0.4671376050,-0.6879217029,-0.6873936653,-0.7234810591,0.0637586117,1,24.4,-237.5,1935.9,1,1.0000000000,0.0000000000,0.0000000000,-0.0000000000,1.0000000000,-0.0000000000,-0.0000000000,0.0000000000,1.0000000000,0,-314.0,-378.4,2174.2,1,1.0000000000,-0.0000019575,0.0000027595,0.0000019574,1.0000000000,0.0000080808,-0.0000027595,-0.0000080808,1.0000000000,0,-314.0,-790.2,2174.2,0,0.9979715347,-0.0228678212,-0.0594128892,-0.0143167228,0.8287347555,-0.5594583750,0.0620311201,0.5591741800,0.8267263174,0,-127.8,-398.9,2141.8,1,0.9960126281,-0.0422602035,-0.0785679743,-0.0308336653,0.6633427143,-0.7476802468,0.0837146118,0.7471215129,0.6593946815,0,-118.4,-740.2,1911.6,0,-335.9,-513.9,2078.7,0,-101.6,-387.0,1750.8,1,-314.0,-1186.1,2174.2,0,-101.7,-1002.8,1615.8,0,
21,0.9795208573,0.0495094918,0.1951606274,-0.1112612784,0.9409582019,0.3197180927,-0.1678092778,-0.3348842263,0.9271964431,1,-184.9,208.2,1982.2,1,0.9795208573,0.0495094918,0.1951606274,-0.1112612784,0.9409582019,0.3197180927,-0.1678092778,-0.3348842263,0.9271964431,1,-195.4,7.3,2053.7,1,0.9797570705,0.0626601353,0.1901305765,-0.1072438359,0.9662575722,0.2341923714,-0.1690409631,-0.2498418391,0.9534174800,1,-208.3,-191.7,2105.2,1,-0.0000026226,-1.0000003576,-0.0000000000,1.0000003576,-0.0000026226,-0.0000000000,0.0000000000,-0.0000000000,1.0000000000,0,-336.3,22.7,2078.0,1,0.0000233054,-0.9999990463,-0.0000086322,0.9999990463,0.0000233054,-0.0000174941,0.0000174943,-0.0000086318,1.0000000000,0,-336.3,-246.6,2078.0,0,0.3032753766,0.5074343681,0.8065571189,-0.8812794685,0.4713082910,0.0348547287,-0.3624505401,-0.7213728428,0.5901277661,1,-54.6,-8.2,2029.4,1,-0.4665028453,0.5074344873,0.7244897485,-0.5536075830,0.4713082910,-0.6865764260,-0.6898505688,-0.7213728428,0.0610528961,1,24.9,-239.2,1934.4,1,1.0000000000,0.0000000000,0.0000000000,-0.0000000000,1.0000000000,-0.0000000000,-0.0000000000,0.0000000000,1.0000000000,0,-314.3,-380.4,2172.7,1,1.0000000000,-0.0000017617,0.0000024836,0.0000017617,1.0000000000,0.0000072727,-0.0000024836,-0.0000072727,1.0000000000,0,-314.3,-792.2,2172.7,0,0.9921623468,-0.0794101134,-0.0964780599,-0.0566299818,0.4025006592,-0.9136664271,0.1113868356,0.9119688272,0.3948490322,1,-128.1,-400.8,2140.5,1,0.9921623468,-0.0794101134,-0.0964780599,-0.0566300005,0.4025005102,-0.9136665463,0.1113868356,0.9119689465,0.3948488832,1,-95.4,-566.6,1765.0,1,-336.3,-515.8,2078.0,0,-100.7,-388.2,1748.7,1,-314.3,-1188.2,2172.7,0,-64.0,-725.9,1403.9,1,
22,0.9786127806,0.0492427312,0.1997300535,-0.1157556772,0.9344406128,0.3367824852,-0.1700521410,-0.3526994288,0.9201554060,1,-184.0,208.1,1976.5,1,0.9786127806,0.0492427312,0.1997300535,-0.1157556772,0.9344406128,0.3367824852,-0.1700521410,-0.3526994288,0.9201554060,1,-194.6,8.2,2052.0,1,0.9789257050,0.0615130067,0.1947316676,-0.1103977039,0.9616158009,0.2512139976,-0.1718045026,-0.2674176693,0.9481411576,1,-207.2,-189.7,2107.0,1,-0.0000026226,-1.0000003576,-0.0000000000,1.0000003576,-0.0000026226,-0.0000000000,0.0000000000,-0.0000000000,1.0000000000,0,-335.3,24.1,2076.7,1,0.0000229478,-0.9999990463,-0.0000077690,0.9999990463,0.0000229478,-0.0000157447,0.0000157449,-0.0000077686,1.0000000000,0,-335.3,-245.1,2076.7,0,0.2917838395,0.5121873021,0.8077909946,-0.8840675354,0.4667744040,0.0233732443,-0.3650846779,-0.7209617496,0.5890054107,1,-53.9,-7.6,2027.3,1,-0.4636587799,0.5121873617,0.7229694128,-0.5563285351,0.4667743742,-0.6874738932,-0.6895788908,-0.7209618092,0.0685203969,1,23.3,-241.3,1930.8,1,1.0000000000,0.0000000000,0.0000000000,-0.0000000000,1.0000000000,-0.0000000000,-0.0000000000,0.0000000000,1.0000000000,0,-312.9,-377.2,2178.4,1,1.0000000000,-0.0000015855,0.0000022352,0.0000015855,1.0000000000,0.0000065455,-0.0000022352,-0.0000065455,1.0000000000,0,-312.9,-789.0,2178.4,0,0.9926820397,-0.0764398128,-0.0934846997,-0.0547595024,0.4050363898,-0.9126592875,0.1076282114,0.9110996127,0.3978865147,1,-126.9,-398.2,2145.7,1,0.9926819801,-0.0764397979,-0.0934846997,-0.0547595173,0.4050363302,-0.9126592875,0.1076281890,0.9110996127,0.3978864551,1,-95.4,-565.0,1770.6,1,-335.3,-514.4,2076.7,0,-101.6,-391.1,1745.1,1,-312.9,-1184.9,2178.4,0,-65.1,-725.3,1409.8,1,
23,0.9793021679,0.0446519740,0.1974162310,-0.1122023538,0.9315416813,0.3458927274,-0.1684570462,-0.3608840108,0.9172707200,1,-183.7,208.0,1973.7,1,0.9793021679,0.0446519740,0.1974162310,-0.1122023538,0.9315416813,0.3458927274,-0.1684570462,-0.3608840108,0.9172707200,1,-193.3,7.9,2051.2,1,0.9794428349,0.0602402464,0.1925164014,-0.1096657291,0.9600270391,0.2575318813,-0.1693075448,-0.2733501196,0.9468977451,1,-205.7,-189.8,2107.5,1,-0.0000026226,-1.0000003576,-0.0000000000,1.0000003576,-0.0000026226,-0.0000000000,0.0000000000,-0.0000000000,1.0000000000,0,-334.1,23.7,2075.6,1,0.0000224710,-0.9999990463,-0.0000069921,0.9999990463,0.0000224710,-0.0000141702,0.0000141704,-0.0000069918,1.0000000000,0,-334.1,-245.6,2075.6,0,0.2788324058,0.5204946399,0.8070551157,-0.8861234188,0.4633920491,0.0072942525,-0.3701862693,-0.7171843052,0.5904311538,1,-52.5,-7.9,2026.9,1,-0.4563978314,0.5204946399,0.7216553092,-0.5588917732,0.4633920491,-0.6876829267,-0.6923446059,-0.7171841860,0.0794090331,1,21.4,-242.6,1928.9,1,1.0000000000,0.0000000000,0.0000000000,-0.0000000000,1.0000000000,-0.0000000000,-0.0000000000,0.0000000000,1.0000000000,0,-311.2,-377.0,2179.9,1,1.0000000000,-0.0000014270,0.0000020117,0.0000014270,1.0000000000,0.0000058909,-0.0000020117,-0.0000058909,1.0000000000,0,-311.2,-788.8,2179.9,0,0.9951192141,-0.0532185994,-0.0830992162,-0.0342852287,0.6031869650,-0.7968626022,0.0925322771,0.7958223820,0.5984183550,0,-125.0,-397.8,2147.7,1,0.9939417243,-0.0645299181,-0.0889707655,-0.0440853089,0.5074508190,-0.8605521917,0.1006796509,0.8592610359,0.5015317202,0,-103.1,-646.2,1820.0,0,-334.1,-514.9,2075.6,0,-101.5,-393.0,1742.5,1,-311.2,-1184.7,2179.9,0,-77.6,-847.1,1479.8,0,
