1,0.9472926259,0.0324774049,0.3187204301,-0.1655335724,0.9013771415,0.4001460075,-0.2742917836,-0.4318138361,0.8592437506,1,-193.9,215.9,1974.6,1,0.9472926259,0.0324774049,0.3187204301,-0.1655335724,0.9013771415,0.4001460075,-0.2742917836,-0.4318138361,0.8592437506,1,-201.2,11.6,2072.4,1,0.9391667247,0.2074742317,0.2737171650,-0.2289821357,0.9722083807,0.0487521142,-0.2559953034,-0.1084623784,0.9605735540,1,-240.6,-172.8,2093.0,1,0.6573554277,-0.4910655618,0.5716104507,0.7477536201,0.5191955566,-0.4138846397,-0.0935330912,0.6994930506,0.7084920406,1,-333.8,43.9,2108.6,1,0.8400075436,-0.4910655916,-0.2307421714,0.0695324019,0.5191955566,-0.8518223166,0.5381008983,0.6994931102,0.4702731371,1,-506.7,-152.8,2133.2,1,0.4494706690,0.5278657675,0.7206482291,-0.8479130268,0.5059715509,0.1582283825,-0.2811041474,-0.6821660399,0.6750037074,1,-68.7,-20.7,2036.3,1,-0.4613128006,0.5278658271,0.7131256461,-0.5035786033,0.5059715509,-0.7002866864,-0.7304786444,-0.6821660399,0.0324107595,1,37.2,-220.6,1970.1,1,0.8439449072,0.1988924444,0.4981957078,0.3095872402,0.5778599381,-0.7551382184,-0.4380786419,0.7915298939,0.4261074066,1,-364.0,-336.7,2136.5,1,0.8439448476,-0.2599735260,0.4692237675,0.3095872700,0.9503893852,-0.0302594490,-0.4380786419,0.1708029807,0.8825608492,1,-442.8,-565.7,1822.9,1,0.9688575268,-0.1823138744,0.1675616503,0.2157320082,0.2893010676,-0.9326117039,0.1215522811,0.9397162795,0.3196224272,1,-195.9,-377.7,2090.7,1,0.9688574672,-0.2432405204,-0.0463605486,0.2157319784,0.9210726023,-0.3241682649,0.1215522885,0.3040713966,0.9448627234,1,-120.5,-497.3,1702.1,1,-740.3,-172.1,1983.5,1,-79.7,-348.2,1785.0,1,-355.9,-883.6,1765.7,1,-45.3,-782.0,1608.1,1,
2,0.9462924004,0.0493391789,0.3195262849,-0.1700246036,0.9165360928,0.3620113730,-0.2749961019,-0.3968955278,0.8756998777,1,-194.7,214.2,1982.4,1,0.9462924004,0.0493391789,0.3195262849,-0.1700246036,0.9165360928,0.3620113730,-0.2749961019,-0.3968955278,0.8756998777,1,-205.3,16.5,2068.0,1,0.9419106841,0.1668075323,0.2915136814,-0.2082887590,0.9709968567,0.1173870116,-0.2634778023,-0.1712867767,0.9493363500,1,-237.2,-169.2,2100.8,1,0.6512824297,-0.4937805235,0.5762048364,0.7530421615,0.5142078400,-0.4105091691,-0.0935875550,0.7012639046,0.7067321539,1,-338.3,45.9,2105.2,1,0.8389510512,-0.4937805235,-0.2287833393,0.0695297495,0.5142077804,-0.8548427224,0.5397467613,0.7012639642,0.4657276869,1,-509.6,-152.2,2129.8,1,0.3758569658,0.5197452307,0.7672004700,-0.8676908016,0.4880478680,0.0944565833,-0.3253371716,-0.7011950016,0.6344143152,1,-72.4,-12.9,2030.8,1,-0.4613810480,0.5197451711,0.7190219164,-0.5304273963,0.4880478084,-0.6931494474,-0.7111781240,-0.7011949420,0.0505110472,1,24.4,-236.3,1947.0,1,0.8208075762,0.1660823375,0.5465269685,0.3104889691,0.6733754277,-0.6709412932,-0.4794493318,0.7204041481,0.5011449456,1,-352.7,-336.5,2156.9,1,0.8221800327,-0.0573758744,0.5663286448,0.2918866277,0.8966448307,-0.3329118788,-0.4886945188,0.4390172362,0.7539506555,1,-417.3,-598.4,1876.6,1,0.9817113280,-0.1890241951,0.0226464681,0.0880905986,0.3455755413,-0.9342471361,0.1687692553,0.9191558361,0.3559066355,1,-185.6,-373.4,2110.2,1,0.9817112684,-0.1124278307,-0.1536326259,0.0880905986,0.9836702943,-0.1569483727,0.1687692106,0.1405443847,0.9755840898,0,-112.3,-507.5,1753.6,1,-743.3,-171.6,1979.4,1,-92.5,-370.7,1766.8,1,-398.1,-899.2,1729.4,1,-70.3,-874.4,1701.2,0,
3,0.9453200102,0.0584543794,0.3208640218,-0.1738318205,0.9227235913,0.3440389633,-0.2759581804,-0.3810029030,0.8824300766,1,-195.9,214.4,1985.7,1,0.9453200102,0.0584543794,0.3208640218,-0.1738318205,0.9227235913,0.3440389633,-0.2759581804,-0.3810029030,0.8824300766,1,-208.2,20.2,2065.9,1,0.9428704381,0.1432986557,0.3007680774,-0.1967883408,0.9680018425,0.1557102203,-0.2688309252,-0.2060018927,0.9408997297,1,-235.7,-166.1,2105.5,1,0.6490204334,-0.5055735111,0.5684785843,0.7553417087,0.5173443556,-0.4022607803,-0.0907268003,0.6904710531,0.7176478505,1,-341.3,47.9,2103.8,1,0.8356086612,-0.5055735111,-0.2148337215,0.0943338424,0.5173443556,-0.8505620956,0.5411646962,0.6904709339,0.4799901247,1,-510.8,-149.4,2127.5,1,0.3658368886,0.5241108537,0.7690716386,-0.8753501773,0.4744485021,0.0930625647,-0.3161097765,-0.7072526813,0.6323513389,1,-75.1,-7.6,2027.9,1,-0.4630316198,0.5241109133,0.7147793770,-0.5382412076,0.4744485319,-0.6965594888,-0.7042003870,-0.7072528005,0.0624134243,1,20.7,-236.9,1945.2,1,0.9886745214,0.1052463129,0.1069860756,0.0584515482,0.3865433335,-0.9204171300,-0.1382252574,0.9162464142,0.3760137260,1,-347.1,-334.9,2169.1,1,0.9886744618,-0.0278947186,0.1474608034,0.0584515482,0.9765582681,-0.2071651518,-0.1382252425,0.2134381980,0.9671286941,0,-388.0,-484.9,1813.6,1,0.9881709814,-0.1533393711,-0.0022892880,0.0430622846,0.2917733788,-0.9555177093,0.1471864432,0.9441161156,0.2949251533,1,-179.5,-369.9,2121.3,1,0.9881709218,-0.0533527136,-0.1437765509,0.0430622883,0.9963458776,-0.0737593099,0.1471864432,0.0666954592,0.9868575931,0,-120.0,-483.1,1755.0,1,-743.7,-175.7,1976.7,1,-96.6,-373.3,1766.6,1,-377.6,-849.2,1734.0,0,-100.1,-854.8,1730.2,0,
4,0.9447249174,0.0617136434,0.3220045865,-0.1752395481,0.9251132607,0.3368314505,-0.2771036029,-0.3746406436,0.8847920299,1,-196.6,214.4,1987.3,1,0.9447249174,0.0617136434,0.3220045865,-0.1752395481,0.9251132607,0.3368314505,-0.2771036029,-0.3746406436,0.8847920299,1,-209.4,21.6,2065.4,1,0.9431459308,0.1312969178,0.3053481579,-0.1907116175,0.9661701918,0.1736175865,-0.2722227871,-0.2219798565,0.9362792373,1,-234.8,-165.0,2108.3,1,0.6494972110,-0.5010675192,0.5719131231,0.7557002306,0.5085613132,-0.4126529694,-0.0840858966,0.7002118826,0.7089660764,1,-342.6,48.6,2103.8,1,0.8406558633,-0.5010675788,-0.2054971159,0.0939036906,0.5085613728,-0.8558898568,0.5333665609,0.7002118826,0.4745771289,1,-512.1,-148.7,2125.8,1,0.3701281548,0.5499695539,0.7486912608,-0.8775455356,0.4714376032,0.0875234008,-0.3048260212,-0.6894055605,0.6571156979,1,-76.3,-5.3,2027.0,1,-0.4642092884,0.5499695539,0.6942933798,-0.5136544704,0.4714376926,-0.7168720961,-0.7215738297,-0.6894055605,0.0636485815,1,20.4,-234.6,1947.3,1,0.9942033291,0.1003920883,-0.0384866707,-0.0741448849,0.3809585571,-0.9216144085,-0.0778609663,0.9191256762,0.3861938119,1,-344.4,-334.6,2175.5,1,0.9942032695,0.0482527390,0.0960805267,-0.0741448849,0.9548506737,0.2876850367,-0.0778609589,-0.2931412756,0.9528934360,1,-386.6,-495.0,1788.6,1,0.9920394421,-0.1246528327,-0.0178735070,0.0504398905,0.5233862996,-0.8506013751,0.1153846085,0.8429285884,0.5255073309,0,-175.9,-368.7,2126.9,1,0.9904140830,-0.0475957617,-0.1296709180,0.0392567292,0.9970388412,-0.0661243424,0.1324341893,0.0604000278,0.9893497825,0,-127.6,-571.7,1799.9,0,-746.5,-174.9,1977.1,1,-97.2,-364.8,1764.4,1,-401.9,-796.3,1881.1,1,-109.8,-943.6,1777.3,0,
5,0.9460598826,0.0646012425,0.3174870908,-0.1741580516,0.9277057648,0.3301966786,-0.2732034922,-0.3676783741,0.8889159560,1,-197.0,213.6,1988.6,1,0.9460598826,0.0646012425,0.3174870908,-0.1741580516,0.9277057648,0.3301966786,-0.2732034922,-0.3676783741,0.8889159560,1,-210.4,21.4,2064.8,1,0.9447275996,0.1259428263,0.3027024865,-0.1873918921,0.9650236368,0.1833370179,-0.2690250576,-0.2299272418,0.9352850914,1,-234.7,-165.3,2109.3,1,0.6508196592,-0.5012544394,0.5702436566,0.7544549704,0.5111005306,-0.4117937088,-0.0850384235,0.6982265711,0.7108080983,1,-343.7,47.9,2102.8,1,0.8398275375,-0.5012544394,-0.2084079534,0.0930098593,0.5111005306,-0.8544738293,0.5348261595,0.6982266903,0.4758578539,1,-513.2,-148.5,2124.9,1,0.3920317590,0.5583913922,0.7311019897,-0.8748570085,0.4720556140,0.1085757166,-0.2844930887,-0.6821748018,0.6735734344,1,-77.0,-5.0,2026.8,1,-0.4734818041,0.5583913922,0.6811857820,-0.4938714802,0.4720556736,-0.7302427292,-0.7293188572,-0.6821749210,0.0522638261,1,24.2,-230.8,1953.4,1,0.9906824827,0.1015102565,-0.0907972828,-0.1223660037,0.3707445860,-0.9206384420,-0.0597916394,0.9231706858,0.3797115684,1,-343.4,-335.4,2177.8,1,0.9906824231,0.0732668042,0.1148061603,-0.1223660111,0.8489255905,0.5141516328,-0.0597916394,-0.5234093070,0.8499810696,1,-389.4,-503.3,1759.8,1,0.9947401881,-0.0993902907,-0.0247692838,0.0503554568,0.6850862503,-0.7267193794,0.0891979560,0.7216496468,0.6864876747,0,-174.8,-368.9,2129.8,1,0.9922325611,-0.0424909964,-0.1169147566,0.0357338935,0.9976006150,-0.0592971630,0.1191538200,0.0546587594,0.9913701415,0,-136.2,-634.6,1849.8,0,-747.4,-174.4,1975.7,1,-95.8,-355.9,1768.5,1,-413.9,-787.5,1935.1,1,-120.4,-1006.8,1829.4,0,
6,0.9467433095,0.0652726591,0.3153050244,-0.1776629239,0.9225776196,0.3424692154,-0.2685395777,-0.3802480698,0.8850407004,1,-196.3,213.5,1983.8,1,0.9467433095,0.0652726591,0.3153050244,-0.1776629239,0.9225776196,0.3424692154,-0.2685395777,-0.3802480698,0.8850407004,1,-209.7,23.1,2062.3,1,0.9458295703,0.1212553680,0.3011713326,-0.1868939549,0.9618718028,0.1996797025,-0.2654759884,-0.2451497912,0.9324287176,1,-233.2,-163.3,2109.8,1,0.6500102282,-0.5023328662,0.5702178478,0.7539608479,0.5201317668,-0.4012554884,-0.0950245857,0.6907421350,0.7168303728,1,-343.3,49.5,2099.8,1,0.8359209299,-0.5023329854,-0.2211283892,0.0878287628,0.5201317668,-0.8495582342,0.5417768955,0.6907420754,0.4789083600,1,-514.4,-149.0,2124.8,1,0.4057784677,0.5622121096,0.7205978632,-0.8749034405,0.4669863880,0.1283261776,-0.2643628418,-0.6825255156,0.6813744307,1,-76.2,-3.3,2024.8,1,-0.4887977242,0.5622122288,0.6670789123,-0.4780793786,0.4669863880,-0.7438843250,-0.7297375798,-0.6825256348,0.0405201614,1,28.0,-228.0,1956.9,1,0.9856285453,0.0954518467,-0.1393754184,-0.1645328701,0.3554640114,-0.9200947881,-0.0382818021,0.9298033714,0.3660604358,1,-341.6,-332.9,2181.1,1,0.9856284857,0.1058913842,0.1316190511,-0.1645328701,0.7783291340,0.6059147120,-0.0382817984,-0.6188623309,0.7845661044,1,-386.5,-500.0,1743.8,1,0.9965646863,-0.0784664005,-0.0264917370,0.0464406833,0.7943229675,-0.6057179570,0.0685715005,0.6024067998,0.7952383161,0,-171.9,-366.4,2133.4,1,0.9937065244,-0.0379596613,-0.1053871885,0.0324847735,0.9980558753,-0.0531898960,0.1072013751,0.0494316667,0.9930077195,0,-141.4,-674.5,1899.8,0,-747.5,-173.5,1973.6,1,-95.9,-349.2,1771.9,1,-423.7,-773.6,1961.3,1,-127.3,-1046.8,1881.3,0,
7,0.9442709684,0.0679868981,0.3220725358,-0.1804398894,0.9252434969,0.3337134123,-0.2753074467,-0.3732302785,0.8859481812,1,-196.9,213.7,1986.9,1,0.9442709684,0.0679868981,0.3220725358,-0.1804398894,0.9252434969,0.3337134123,-0.2753074467,-0.3732302785,0.8859481812,1,-210.9,23.1,2063.8,1,0.9433888793,0.1221572831,0.3083757758,-0.1891941726,0.9618141651,0.1977819949,-0.2724396884,-0.2449279875,0.9304763079,1,-234.6,-163.4,2111.3,1,0.6483174562,-0.5084209442,0.5667386651,0.7564408183,0.5146906972,-0.4035973847,-0.0864977539,0.6903635263,0.7182732821,1,-344.1,49.8,2102.3,1,0.8365582228,-0.5084208846,-0.2041532397,0.1051508263,0.5146906972,-0.8509035110,0.5376929045,0.6903634071,0.4840295911,1,-513.5,-147.9,2124.9,1,0.4307956696,0.5597773194,0.7078590393,-0.8679726720,0.4717431068,0.1551831514,-0.2470596135,-0.6812545061,0.6890963912,1,-77.7,-3.7,2025.3,1,-0.5018516779,0.5597773194,0.6593893170,-0.4612069130,0.4717431664,-0.7514961958,-0.7317329645,-0.6812545061,0.0214280915,1,33.1,-226.8,1961.8,1,0.9869839549,0.1020142511,-0.1243216693,-0.1528362632,0.3544726968,-0.9224913120,-0.0500386246,0.9294849634,0.3654502928,1,-341.8,-333.1,2182.9,1,0.9869840145,0.0825383216,0.1380225122,-0.1528362632,0.7484541535,0.6453351974,-0.0500386395,-0.6580302715,0.7513270974,1,-390.9,-503.9,1735.0,1,0.9977727532,-0.0616793707,-0.0254001655,0.0409158394,0.8666514754,-0.4972334504,0.0526821353,0.4950867295,0.8672448993,0,-174.8,-366.6,2134.6,1,0.9949010611,-0.0339331850,-0.0949761719,0.0294974539,0.9984248877,-0.0477244817,0.0964460224,0.0446795784,0.9943348765,0,-150.9,-702.8,1942.6,0,-746.9,-177.2,1974.9,1,-94.2,-343.8,1776.3,1,-420.8,-774.6,1973.1,1,-138.2,-1075.2,1925.9,0,
8,0.9465774894,0.0677927434,0.3152708113,-0.1805939078,0.9214044213,0.3440909088,-0.2671650946,-0.3826444149,0.8844236732,1,-196.2,213.0,1983.4,1,0.9465774894,0.0677927434,0.3152708113,-0.1805939078,0.9214044213,0.3440909088,-0.2671650946,-0.3826444149,0.8844236732,1,-210.1,23.2,2062.2,1,0.9456720948,0.1214434430,0.3015896976,-0.1895938069,0.9595548511,0.2081040740,-0.2641189694,-0.2539775372,0.9304492474,1,-233.7,-162.9,2111.5,1,0.6492581367,-0.5042365193,0.5693939328,0.7540745139,0.5243848562,-0.3954645395,-0.0991738588,0.6861240268,0.7206930518,1,-343.7,49.9,2099.5,1,0.8367807865,-0.5042365789,-0.2134090662,0.1003445238,0.5243848562,-0.8455481529,0.5382646918,0.6861239672,0.4893925488,1,-514.0,-147.9,2125.6,1,0.4464083314,0.5694191456,0.6902765036,-0.8664435744,0.4678135514,0.1744310707,-0.2235962749,-0.6759531498,0.7022053003,1,-76.6,-3.6,2024.9,1,-0.5052471757,0.5694190264,0.6484498978,-0.4494673014,0.4678135514,-0.7610056996,-0.7366847396,-0.6759530306,0.0195737928,1,37.4,-224.9,1967.8,1,0.9859410524,0.0985048488,-0.1349710524,-0.1615882963,0.3564362824,-0.9202404618,-0.0425395630,0.9291124940,0.3673423827,1,-342.0,-332.0,2184.4,1,0.9859409928,0.0925760418,0.1391045153,-0.1615882814,0.7401880026,0.6526951790,-0.0425395556,-0.6659965515,0.7447409034,1,-389.6,-504.2,1735.5,1,0.9985627532,-0.0484297462,-0.0229570009,0.0350307636,0.9139484763,-0.4043155611,0.0405624174,0.4029302299,0.9143313766,0,-172.5,-365.9,2137.1,1,0.9958690405,-0.0303517859,-0.0855783075,0.0267581400,0.9987239242,-0.0428315364,0.0867691189,0.0403646864,0.9954103827,0,-153.7,-720.5,1980.8,0,-747.5,-175.9,1975.4,1,-90.7,-338.9,1781.0,1,-423.6,-776.1,1980.1,1,-142.4,-1093.0,1965.7,0,
9,0.9471637011,0.0646723583,0.3141640425,-0.1793482453,0.9188214540,0.3515679538,-0.2659240067,-0.3893368840,0.8818732500,1,-195.9,213.0,1981.2,1,0.9471637011,0.0646723583,0.3141640425,-0.1793482453,0.9188214540,0.3515679538,-0.2659240067,-0.3893368840,0.8818732500,1,-209.2,23.6,2061.4,1,0.9459852576,0.1217808351,0.3004693985,-0.1912099570,0.9579987526,0.2137190551,-0.2618224323,-0.2596276104,0.9295384884,1,-232.8,-162.1,2111.8,1,0.6494300961,-0.5165433884,0.5580533147,0.7539451718,0.5329656601,-0.3840759099,-0.0990313441,0.6701720357,0.7355693579,1,-342.8,50.6,2098.4,1,0.8268007636,-0.5165435076,-0.2226734161,0.1069155857,0.5329657197,-0.8393549919,0.5522405505,0.6701720357,0.4958829582,1,-513.7,-147.8,2124.5,1,0.4570566118,0.5685619712,0.6839858294,-0.8635652661,0.4677993953,0.1881988049,-0.2129654884,-0.6766839027,0.7048011422,1,-75.6,-3.4,2024.5,1,-0.5050278306,0.5685620308,0.6493721604,-0.4508335590,0.4677993953,-0.7602058649,-0.7359999418,-0.6766839027,0.0200750995,1,40.1,-222.1,1970.5,1,0.9865328670,0.0974383280,-0.1313727796,-0.1580068767,0.3601569533,-0.9194133282,-0.0422712751,0.9277891517,0.3707026243,1,-341.2,-330.8,2185.6,1,0.9865329266,0.0860505030,0.1390983313,-0.1580068767,0.7211641669,0.6745043397,-0.0422712937,-0.6873991489,0.7250487208,1,-388.9,-507.2,1731.2,1,0.9939667583,-0.1079482809,-0.0194188636,0.0018434767,0.1934658140,-0.9811052680,0.1096655130,0.9751502872,0.1924976110,1,-171.7,-365.1,2138.7,1,0.9939668179,-0.0010621877,-0.1096758619,0.0018434739,0.9999735951,0.0070224395,0.1096655056,-0.0071822563,0.9939426184,0,-129.9,-440.1,1760.4,1,-744.3,-177.6,1970.4,1,-87.9,-336.5,1783.9,1,-420.7,-774.0,1985.6,1,-129.5,-813.1,1763.1,0,
10,0.9456397295,0.0662731305,0.3183926940,-0.1830631346,0.9176555276,0.3526968360,-0.2688005269,-0.3918098211,0.8799037337,1,-195.7,212.8,1980.6,1,0.9456397295,0.0662731305,0.3183926940,-0.1830631346,0.9176555276,0.3526968360,-0.2688005269,-0.3918098211,0.8799037337,1,-209.4,23.8,2061.3,1,0.9445676804,0.1220753044,0.3047788143,-0.1937321573,0.9567043185,0.2172174603,-0.2650662959,-0.2642218173,0.9273219109,1,-233.1,-161.8,2112.5,1,0.6477608681,-0.5169049501,0.5596562624,0.7555668950,0.5299839377,-0.3850138485,-0.0975932628,0.6722546220,0.7338591814,1,-342.7,51.1,2098.7,1,0.8296372890,-0.5169050097,-0.2109770477,0.1166059673,0.5299839973,-0.8399524689,0.5459900498,0.6722547412,0.4999686480,1,-512.7,-147.2,2124.3,1,0.4631966054,0.5616357923,0.6855757833,-0.8603577614,0.4705962539,0.1957641095,-0.2126812786,-0.6805177331,0.7011863589,1,-76.0,-3.6,2023.8,1,-0.5049335361,0.5616357923,0.6554443836,-0.4566192627,0.4705962539,-0.7550086379,-0.7324894667,-0.6805177331,0.0188338775,1,40.8,-220.6,1970.2,1,0.9833502769,0.0914154872,-0.1570517570,-0.1796578914,0.3592492342,-0.9157854319,-0.0272962488,0.9287534952,0.3696914315,1,-340.9,-330.1,2187.4,1,0.9833504558,0.1109683737,0.1439029723,-0.1796579063,0.7126277685,0.6781480312,-0.0272962674,-0.6927103996,0.7206991911,1,-385.8,-506.6,1730.9,1,0.9959055185,-0.0859298259,-0.0280750021,0.0139209740,0.4526392817,-0.8915851712,0.0893215984,0.8875437379,0.4519822001,0,-172.6,-364.6,2140.1,1,0.9951121807,-0.0009915684,-0.0987457037,0.0016245309,0.9999786615,0.0063298293,0.0987373143,-0.0064593055,0.9950925708,0,-139.2,-540.2,1795.8,0,-744.2,-179.7,1972.0,1,-87.2,-336.4,1784.4,1,-427.0,-771.3,1988.2,1,-138.9,-913.2,1798.2,0,
11,0.9469195604,0.0637042299,0.3150963187,-0.1800067276,0.9171686769,0.3555248976,-0.2663480639,-0.3933726847,0.8799521327,1,-195.4,212.9,1980.2,1,0.9469195604,0.0637042299,0.3150963187,-0.1800067276,0.9171686769,0.3555248976,-0.2663480639,-0.3933726847,0.8799521327,1,-208.5,24.3,2061.1,1,0.9456393719,0.1216019765,0.3016284406,-0.1929502189,0.9563739896,0.2193575799,-0.2617952526,-0.2656322420,0.9278480411,1,-232.0,-161.2,2112.7,1,0.6485815644,-0.5122362971,0.5629884601,0.7542260885,0.5320212245,-0.3848330677,-0.1023963243,0.6742162108,0.7314010859,1,-342.0,51.6,2098.1,1,0.8336988688,-0.5122362971,-0.2063010335,0.1194508299,0.5320211649,-0.8382631540,0.5391452312,0.6742162108,0.5047325492,1,-513.0,-147.4,2125.1,1,0.4606969655,0.5667278171,0.6830651760,-0.8621237874,0.4686539769,0.1926296353,-0.2109526247,-0.6776306033,0.7044968605,1,-74.9,-2.9,2024.2,1,-0.5047613382,0.5667277575,0.6511802077,-0.4525434673,0.4686538875,-0.7586619854,-0.7351328731,-0.6776306033,0.0199105609,1,41.7,-221.1,1970.8,1,0.9873679280,0.1115873531,-0.1124843508,-0.1465386301,0.3731344640,-0.9161315560,-0.0602569059,0.9210422635,0.3847728968,1,-340.1,-329.4,2187.6,1,0.9873678684,0.0587988682,0.1471297443,-0.1465386301,0.6920300722,0.7068385482,-0.0602568984,-0.7194699049,0.6919047236,1,-395.7,-515.5,1728.4,1,0.9942751527,-0.0747895464,0.0763126314,0.0819502622,0.0754579008,-0.9937758446,0.0685656518,0.9943403006,0.0811549425,1,-171.2,-363.9,2140.8,1,0.9942751527,-0.0758209229,-0.0752879903,0.0819502622,0.9932599664,0.0819680616,0.0685656518,-0.0876686573,0.9937872291,1,-139.8,-395.6,1723.0,1,-745.6,-180.7,1974.7,1,-86.4,-335.9,1784.3,1,-417.6,-772.6,1995.6,1,-111.7,-763.6,1755.5,1,
12,0.9458159208,0.0633766353,0.3184590638,-0.1810257733,0.9171226621,0.3551261127,-0.2695593536,-0.3935329914,0.8789020181,1,-195.6,213.2,1979.6,1,0.9458159208,0.0633766353,0.3184590638,-0.1810257733,0.9171226621,0.3551261127,-0.2695593536,-0.3935329914,0.8789020181,1,-208.7,24.0,2060.7,1,0.9445879459,0.1218094528,0.3048222959,-0.1934519112,0.9567797184,0.2171352655,-0.2651986480,-0.2640716136,0.9273268580,1,-232.3,-161.5,2112.0,1,0.6479979753,-0.4983541071,0.5759704709,0.7546730638,0.5221813917,-0.3972346187,-0.1027975604,0.6920766234,0.7144668102,1,-342.1,51.4,2098.2,1,0.8454687595,-0.4983540177,-0.1919006109,0.1160223335,0.5221813321,-0.8449056149,0.5212690234,0.6920765042,0.4993081987,1,-512.2,-146.7,2125.2,1,0.4656003118,0.5655678511,0.6806976795,-0.8607925773,0.4680589437,0.1998922974,-0.2055539936,-0.6790094376,0.7047650218,1,-75.3,-3.3,2023.3,1,-0.5055473447,0.5655679107,0.6515788436,-0.4537349641,0.4680589437,-0.7583175898,-0.7338572145,-0.6790095568,0.0199919511,1,42.1,-220.4,1971.4,1,0.9915581942,0.1015445888,-0.0806292892,-0.1249021143,0.5810734034,-0.8042096496,-0.0348116122,0.8074913621,0.5888512135,0,-340.4,-329.8,2186.9,1,0.9896587133,0.0585376397,0.1309541613,-0.1303664446,0.7478781939,0.6509091258,-0.0598350763,-0.6612499356,0.7477755547,0,-379.8,-555.2,1873.6,0,0.9960734248,-0.0706888884,0.0532991141,0.0756002069,0.3658835292,-0.9275851846,0.0460686684,0.9279723763,0.3697909117,0,-171.5,-364.4,2139.5,1,0.9953614473,-0.0685560256,-0.0674958751,0.0735222548,0.9945389628,0.0740723684,0.0620491728,-0.0786912218,0.9949661493,0,-144.1,-506.3,1779.5,0,-748.0,-179.1,1979.8,1,-86.1,-335.5,1785.3,1,-401.7,-834.2,2120.3,0,-118.5,-877.3,1808.8,0,
13,0.9469738007,0.0657499209,0.3145123720,-0.1818444729,0.9166647196,0.3558891714,-0.2649027705,-0.3942098022,0.8800137639,1,-195.4,213.1,1979.8,1,0.9469738007,0.0657499209,0.3145123720,-0.1818444729,0.9166647196,0.3558891714,-0.2649027705,-0.3942098022,0.8800137639,1,-208.9,24.4,2060.9,1,0.9458352923,0.1217988133,0.3009337187,-0.1932130754,0.9561043978,0.2202993482,-0.2608918548,-0.2665110230,0.9278504848,1,-232.6,-161.0,2112.6,1,0.6503705382,-0.5050299764,0.5674177408,0.7530142069,0.5269148946,-0.3941196203,-0.0999386683,0.6835974455,0.7229846716,1,-342.5,51.7,2097.8,1,0.8409191370,-0.5050299168,-0.1944213212,0.1219811961,0.5269148946,-0.8411190510,0.5272337794,0.6835973859,0.5046970248,1,-513.6,-146.4,2124.0,1,0.4672393203,0.5633941293,0.6813770533,-0.8592050672,0.4710509479,0.1996942908,-0.2084566802,-0.6787476540,0.7041645050,1,-75.4,-2.9,2024.1,1,-0.5050630569,0.5633941293,0.6538336873,-0.4537892342,0.4710508883,-0.7564301491,-0.7341570854,-0.6787475944,0.0177517552,1,42.9,-220.4,1971.3,1,0.9944466949,0.0882258043,-0.0573758781,-0.1035911515,0.7244162560,-0.6815350056,-0.0185649451,0.6836938858,0.7295327783,0,-340.8,-329.2,2187.6,1,0.9915512204,0.0571770817,0.1164341196,-0.1158606261,0.7940186262,0.5967501402,-0.0583304241,-0.6051985025,0.7939347029,0,-375.0,-610.2,1922.4,0,0.9973744750,-0.0626050457,0.0363966078,0.0658890083,0.5759977102,-0.8147916198,0.0300456956,0.8150505424,0.5786104202,0,-171.6,-363.8,2141.0,1,0.9962418675,-0.0619541481,-0.0605297349,0.0659777597,0.9955754876,0.0669055656,0.0561168455,-0.0706477389,0.9959216118,0,-147.3,-587.2,1824.8,0,-748.2,-180.4,1977.0,1,-85.2,-335.5,1785.1,1,-396.4,-906.4,2148.2,0,-124.2,-958.6,1851.1,0,
14,0.9484948516,0.0653464496,0.3099801838,-0.1794115007,0.9172525406,0.3556096554,-0.2610923350,-0.3929076791,0.8817332983,1,-195.2,213.8,1979.9,1,0.9484948516,0.0653464496,0.3099801838,-0.1794115007,0.9172525406,0.3556096554,-0.2610923350,-0.3929076791,0.8817332983,1,-208.6,24.8,2060.8,1,0.9473267198,0.1217058897,0.2962434888,-0.1911170483,0.9570603967,0.2179644555,-0.2569953501,-0.2631005347,0.9299089909,1,-232.3,-160.8,2111.9,1,0.6478281617,-0.5140117407,0.5622372031,0.7553458214,0.5291941762,-0.3865311742,-0.0988510624,0.6750892997,0.7310833931,1,-342.4,51.8,2097.1,1,0.8330479860,-0.5140117407,-0.2045064420,0.1203315333,0.5291941762,-0.8399249911,0.5399548411,0.6750892401,0.5026960373,1,-512.9,-147.0,2123.1,1,0.4643000066,0.5698614717,0.6779996157,-0.8613594174,0.4686914086,0.1959293783,-0.2061199844,-0.6749713421,0.7084689736,1,-74.9,-2.2,2024.5,1,-0.5010238886,0.5698613524,0.6513317227,-0.4528819919,0.4686913788,-0.7584366798,-0.7374773622,-0.6749713421,0.0232543945,1,43.1,-221.0,1972.2,1,0.9963831306,0.0745270103,-0.0408220217,-0.0845345408,0.8205110431,-0.5653455257,-0.0086385924,0.5667515993,0.8238434196,0,-340.6,-329.4,2185.9,1,0.9931087494,0.0550469980,0.1034639254,-0.1029122248,0.8319913149,0.5451600552,-0.0560716614,-0.5520509481,0.8319228888,0,-369.6,-647.7,1966.0,0,0.9982722402,-0.0533817559,0.0245532785,0.0555427894,0.7209819555,-0.6907242537,0.0191696044,0.6908946037,0.7227013111,0,-171.1,-363.6,2139.9,1,0.9969553351,-0.0559618995,-0.0542989783,0.0592216626,0.9964154363,0.0604072176,0.0507238396,-0.0634389743,0.9966958165,0,-150.4,-643.3,1871.9,0,-745.3,-180.6,1972.5,1,-84.0,-335.8,1785.1,1,-390.1,-958.0,2172.0,0,-129.5,-1014.9,1895.5,0,
15,0.9465897083,0.0704111904,0.3146595061,-0.1818398088,0.9224511981,0.3406127393,-0.2662751675,-0.3796378970,0.8859863281,1,-196.2,214.6,1984.9,1,0.9465897083,0.0704111904,0.3146595061,-0.1818398088,0.9224511981,0.3406127393,-0.2662751675,-0.3796378970,0.8859863281,1,-210.7,24.7,2063.0,1,0.9453756213,0.1259207875,0.3006814420,-0.1934751570,0.9590935111,0.2066540420,-0.2623595893,-0.2535398901,0.9310661554,1,-235.1,-161.3,2112.2,1,0.6438904405,-0.5133513212,0.5673408508,0.7592804432,0.5201392174,-0.3910863400,-0.0943315476,0.6825875640,0.7246901989,1,-344.2,52.0,2100.1,1,0.8361731768,-0.5133512616,-0.1930928230,0.1241968051,0.5201391578,-0.8450032473,0.5342185497,0.6825875640,0.4986830652,1,-513.0,-147.0,2124.8,1,0.4712727368,0.5665042996,0.6759992242,-0.8566328883,0.4764523506,0.1979224682,-0.2099574953,-0.6723586321,0.7098251581,1,-77.2,-2.6,2026.0,1,-0.5002301931,0.5665043592,0.6548608541,-0.4495586157,0.4764523804,-0.7555728555,-0.7400452495,-0.6723586917,0.0163410157,1,43.4,-221.8,1972.3,1,0.9976591468,0.0618468933,-0.0291741509,-0.0683236718,0.8838363290,-0.4627799392,-0.0028363224,0.4636899233,0.8859930038,0,-344.2,-330.0,2184.9,1,0.9943866134,0.0524042249,0.0919185728,-0.0913936794,0.8631455898,0.4966155589,-0.0533143692,-0.5022286773,0.8630897999,0,-368.2,-672.9,2005.0,0,0.9988744855,-0.0444787741,0.0164747275,0.0458865687,0.8182349205,-0.5730497837,0.0120083559,0.5731607676,0.8193549514,0,-174.9,-364.6,2137.9,1,0.9975334406,-0.0505285114,-0.0487233065,0.0531693324,0.9970960617,0.0545202792,0.0458269902,-0.0569763854,0.9973232150,0,-157.7,-682.0,1915.6,0,-746.3,-181.7,1975.8,1,-83.5,-335.8,1784.6,1,-387.7,-994.8,2192.3,0,-138.8,-1054.0,1936.8,0,
16,0.9463956952,0.0671805665,0.3159467578,-0.1830141842,0.9175044894,0.3531150818,-0.2661601603,-0.3920091391,0.8806172609,1,-196.7,213.4,1981.9,1,0.9463956952,0.0671805665,0.3159467578,-0.1830141842,0.9175044894,0.3531150818,-0.2661601603,-0.3920091391,0.8806172609,1,-210.5,25.0,2062.4,1,0.9452834129,0.1221794486,0.3025091887,-0.1940185875,0.9559718370,0.2201671749,-0.2622903585,-0.2668126225,0.9273694158,1,-234.2,-160.4,2114.2,1,0.6482225657,-0.5234063864,0.5530401468,0.7548013330,0.5374603868,-0.3760470152,-0.1004117504,0.6611976027,0.7434617281,1,-344.0,52.4,2099.5,1,0.8241420388,-0.5234063864,-0.2164154947,0.1222321317,0.5374603868,-0.8343834877,0.5530362725,0.6611976027,0.5069208145,1,-515.0,-146.8,2126.0,1,0.4709950984,0.5477672815,0.6914584041,-0.8547822833,0.4770813584,0.2043054998,-0.2179700434,-0.6872732639,0.6929246783,1,-77.0,-2.4,2025.4,1,-0.4931915700,0.5477672219,0.6758055687,-0.4794299603,0.4770812988,-0.7365733981,-0.7258848548,-0.6872732639,0.0273235179,1,42.4,-219.2,1970.1,1,0.9984911680,0.0507369563,-0.0210048594,-0.0549117923,0.9251226187,-0.3756763935,0.0003713919,0.3762629628,0.9265128374,0,-342.5,-328.5,2189.4,1,0.9954324365,0.0494457670,0.0816662833,-0.0811712742,0.8886423111,0.4513602257,-0.0502542630,-0.4559275508,0.8885969520,0,-362.2,-687.4,2043.4,0,0.9992714524,-0.0365308784,0.0110463575,0.0374421142,0.8823469877,-0.4691075385,0.0073901899,0.4691793621,0.8830719590,0,-173.3,-363.2,2142.4,1,0.9980018139,-0.0456062667,-0.0437316485,0.0477456041,0.9976475239,0.0491914451,0.0413853340,-0.0511811450,0.9978315234,0,-159.1,-705.5,1960.4,0,-744.9,-180.9,1971.7,1,-82.6,-340.7,1786.1,1,-380.6,-1018.8,2213.5,0,-142.1,-1077.6,1979.5,0,
17,0.9472134113,0.0678715929,0.3133376539,-0.1823388040,0.9179224968,0.3523774743,-0.2637033463,-0.3909100592,0.8818441629,1,-196.1,213.7,1981.4,1,0.9472134113,0.0678715929,0.3133376539,-0.1823388040,0.9179224968,0.3523774743,-0.2637033463,-0.3909100592,0.8818441629,1,-210.1,24.5,2062.0,1,0.9459420443,0.1238926724,0.2997407615,-0.1947623938,0.9559715986,0.2195104510,-0.2593479455,-0.2660222352,0.9284234643,1,-234.1,-160.9,2113.6,1,0.6471709609,-0.5138453245,0.5631453991,0.7556331158,0.5301806331,-0.3846129179,-0.1009372175,0.6744415760,0.7313960195,1,-343.6,52.1,2098.6,1,0.8303219080,-0.5138452649,-0.2157047391,0.1096862257,0.5301805735,-0.8407599926,0.5463830829,0.6744416356,0.4965822995,1,-514.0,-146.9,2125.2,1,0.4591865838,0.5453935862,0.7012085915,-0.8593841791,0.4726176262,0.1951702237,-0.2249589562,-0.6922271252,0.6857222915,1,-76.5,-3.0,2025.3,1,-0.4742175341,0.5453936458,0.6911321282,-0.5069916844,0.4726176262,-0.7208274007,-0.7197758555,-0.6922272444,0.0523864552,1,39.3,-219.7,1968.6,1,0.9990299344,0.0413073152,-0.0152622908,-0.0439914316,0.9518593550,-0.3033620715,0.0019964804,0.3037391901,0.9527531266,0,-342.8,-328.8,2188.4,1,0.9962866306,0.0463206135,0.0725766122,-0.0721130818,0.9094675183,0.4094735086,-0.0470390059,-0.4131866992,0.9094306231,0,-358.8,-698.1,2070.5,0,0.9995303750,-0.0297305789,0.0074264538,0.0303180013,0.9241560102,-0.3808103800,0.0044585103,0.3808566928,0.9246233106,0,-173.4,-363.7,2141.9,1,0.9983813167,-0.0411505140,-0.0392609276,0.0428835563,0.9980942607,0.0443711057,0.0373602174,-0.0459829271,0.9982433319,0,-161.9,-722.2,1994.2,0,-745.6,-177.5,1972.7,1,-80.9,-348.2,1786.2,1,-376.1,-1037.3,2224.7,0,-146.6,-1094.5,2011.3,0,
18,0.9456453919,0.0710799471,0.3173368573,-0.1883978844,0.9151271582,0.3564370573,-0.2650681436,-0.3968484402,0.8787772059,1,-195.8,213.6,1980.2,1,0.9456453919,0.0710799471,0.3173368573,-0.1883978844,0.9151271582,0.3564370573,-0.2650681436,-0.3968484402,0.8787772059,1,-210.4,25.5,2061.8,1,0.9448804855,0.1225046813,0.3036342263,-0.1957861781,0.9547005892,0.2240834683,-0.2624285221,-0.2711792886,0.9260628223,1,-234.1,-159.7,2114.4,1,0.6431853771,-0.5069093704,0.5738950372,0.7597061396,0.5161341429,-0.3955403864,-0.0957036689,0.6903973818,0.7170720696,1,-343.8,53.1,2098.8,1,0.8373084664,-0.5069094896,-0.2048352212,0.1045028195,0.5161342025,-0.8501087427,0.5366505384,0.6903973818,0.4851369560,1,-513.3,-147.0,2124.0,1,0.4387119710,0.5504459739,0.7103105783,-0.8662046194,0.4694437385,0.1712081432,-0.2392100245,-0.6903853416,0.6827493906,1,-77.0,-2.2,2024.7,1,-0.4508898556,0.5504459143,0.7026433349,-0.5288067460,0.4694436789,-0.7070969343,-0.7190700769,-0.6903853416,0.0794121176,1,34.6,-222.5,1963.9,1,0.9993773103,0.0334585905,-0.0112015437,-0.0351814404,0.9690999389,-0.2441466302,0.0026866142,0.2443886846,0.9696736336,0,-342.5,-327.4,2190.5,1,0.9969831705,0.0431394801,0.0645252839,-0.0640937462,0.9264497757,0.3709215820,-0.0437780693,-0.3739382327,0.9264197946,0,-355.5,-703.3,2095.7,0,0.9996980429,-0.0240549445,0.0050190636,0.0244326368,0.9512351155,-0.3074977398,0.0026225308,0.3075275421,0.9515355825,0,-173.3,-362.4,2143.5,1,0.9986887574,-0.0371197537,-0.0352551676,0.0385236368,0.9984562397,0.0400133096,0.0337154604,-0.0413190015,0.9985769987,0,-164.0,-731.4,2024.2,0,-746.8,-176.2,1974.3,1,-79.6,-356.5,1781.7,1,-371.6,-1048.9,2235.1,0,-150.1,-1103.9,2039.6,0,
19,0.9471298456,0.0675078630,0.3136686683,-0.1837547421,0.9155350924,0.3578107655,-0.2630197108,-0.3965311646,0.8795356154,1,-195.8,213.5,1979.6,1,0.9471298456,0.0675078630,0.3136686683,-0.1837547421,0.9155350924,0.3578107655,-0.2630197108,-0.3965311646,0.8795356154,1,-209.7,24.9,2061.3,1,0.9459686279,0.1234763041,0.2998286486,-0.1951294988,0.9552658200,0.2222397625,-0.2589747310,-0.2687370777,0.9277455211,1,-233.6,-160.4,2113.4,1,0.6439741254,-0.5080487132,0.5719999075,0.7593753338,0.5153501034,-0.3971944451,-0.0929860771,0.6901455522,0.7176718116,1,-343.3,52.4,2097.8,1,0.8386982679,-0.5080487132,-0.1961422563,0.1135264859,0.5153501630,-0.8494268656,0.5326321721,0.6901454926,0.4899002314,1,-512.3,-146.8,2122.2,1,0.4113986790,0.5574659705,0.7210984230,-0.8743196726,0.4648974538,0.1394115537,-0.2575196028,-0.6878242493,0.6786615849,1,-76.1,-2.7,2024.7,1,-0.4271273613,0.5574659109,0.7118946314,-0.5498326421,0.4648973644,-0.6939412355,-0.7178065181,-0.6878241897,0.1079425663,1,28.5,-225.1,1959.2,1,0.9996007681,0.0270066261,-0.0083059631,-0.0281113125,0.9801869988,-0.1960693002,0.0028462275,0.1962245107,0.9805548787,0,-342.3,-328.2,2188.7,1,0.9975504875,0.0399830714,0.0573968850,-0.0569970384,0.9402803779,0.3355952799,-0.0405510329,-0.3380446732,0.9402559996,0,-352.7,-708.5,2112.6,0,0.9998061657,-0.0193892103,0.0034168619,0.0196316484,0.9686981440,-0.2474642694,0.0014882283,0.2474833727,0.9688910246,0,-172.9,-363.1,2142.3,1,0.9989377856,-0.0334755071,-0.0316645950,0.0346127339,0.9987494946,0.0360756405,0.0304173473,-0.0371333174,0.9988473058,0,-165.4,-738.9,2046.3,0,-746.2,-178.5,1973.6,1,-79.7,-364.4,1777.3,1,-367.7,-1059.2,2238.7,0,-152.9,-1111.5,2060.2,0,
20,0.9460907578,0.0687034726,0.3165316582,-0.1862412691,0.9149284959,0.3580767810,-0.2650027871,-0.3977241516,0.8784009814,1,-195.9,212.8,1979.7,1,0.9460907578,0.0687034726,0.3165316582,-0.1862412691,0.9149284959,0.3580767810,-0.2650027871,-0.3977241516,0.8784009814,1,-210.0,25.0,2061.4,1,0.9453819394,0.1203970760,0.3029154539,-0.1932522357,0.9553755522,0.2234053463,-0.2625006735,-0.2697422802,0.9264619946,1,-233.4,-160.3,2113.7,1,0.6436979771,-0.5036844015,0.5761554241,0.7600910664,0.5083113909,-0.4048224092,-0.0889636055,0.6985139847,0.7100449800,1,-343.5,52.3,2098.4,1,0.8422181010,-0.5036843419,-0.1922778487,0.1089680120,0.5083113313,-0.8542515039,0.5280100703,0.6985139847,0.4829944670,1,-512.0,-146.6,2121.7,1,0.3952296078,0.5571265817,0.7303448319,-0.8781051636,0.4625642300,0.1223344207,-0.2696756124,-0.6896697283,0.6720348001,1,-76.5,-2.2,2024.3,1,-0.4157660007,0.5571265817,0.7188523412,-0.5635430813,0.4625642598,-0.6844366789,-0.7138332129,-0.6896697283,0.1216463447,1,25.3,-228.4,1954.9,1,0.9997441769,0.0217460673,-0.0062207673,-0.0224539135,0.9873045087,-0.1572436988,0.0027223590,0.1573431492,0.9875402451,0,-341.2,-328.3,2189.5,1,0.9980120063,0.0369087495,0.0510860160,-0.0507170074,0.9515324831,0.3033376038,-0.0374141932,-0.3053254783,0.9515127540,0,-349.7,-711.3,2128.5,0,0.9870393872,-0.0636470616,0.1473172754,0.1478109062,0.0030919786,-0.9890108109,0.0624921285,0.9979677200,0.0124596339,1,-172.2,-362.8,2142.6,1,0.9870393872,-0.1340475380,-0.0882302746,0.1478108913,0.9734892845,0.1745582074,0.0624921247,-0.1853372157,0.9806859493,1,-142.9,-364.3,1683.5,1,-746.9,-177.0,1974.4,1,-80.1,-371.2,1773.9,1,-363.4,-1066.2,2242.3,0,-92.9,-727.3,1752.6,1,
21,0.9452359676,0.0688349977,0.3190470934,-0.1875548214,0.9145530462,0.3583500981,-0.2671185136,-0.3985639811,0.8773787618,1,-196.0,213.3,1979.8,1,0.9452359676,0.0688349977,0.3190470934,-0.1875548214,0.9145530462,0.3583500981,-0.2671185136,-0.3985639811,0.8773787618,1,-210.1,25.2,2061.8,1,0.9447559714,0.1189751178,0.3054199815,-0.1923346519,0.9557379484,0.2226457149,-0.2654121816,-0.2690885365,0.9258223176,1,-233.2,-160.2,2114.0,1,0.6433638334,-0.5106936693,0.5703288913,0.7605695724,0.5113088489,-0.4001214802,-0.0872746781,0.6911984682,0.7173756957,1,-343.5,52.3,2099.3,1,0.8380495906,-0.5106936097,-0.1920024455,0.1165076867,0.5113089085,-0.8514629602,0.5330092907,0.6911984682,0.4880019128,1,-511.9,-146.7,2122.1,1,0.3877660930,0.5539749265,0.7367151380,-0.8784068823,0.4643126130,0.1132037193,-0.2793541253,-0.6910322309,0.6666601300,1,-76.7,-2.0,2024.4,1,-0.4154795706,0.5539749861,0.7214488983,-0.5650976896,0.4643126428,-0.6819666028,-0.7127702832,-0.6910322905,0.1201375276,1,23.9,-229.8,1951.9,1,0.9998361468,0.0174803771,-0.0047030733,-0.0179337449,0.9918686748,-0.1259955615,0.0024623815,0.1260592490,0.9920196533,0,-340.8,-328.4,2190.0,1,0.9983871579,0.0339559242,0.0454977341,-0.0451583192,0.9606791735,0.2739639878,-0.0344060250,-0.2755767107,0.9606631398,0,-347.6,-713.1,2141.1,0,0.9910455942,-0.0714462996,0.1128010452,0.1295944750,0.3112436533,-0.9414522648,0.0321546905,0.9476405382,0.3177157044,0,-171.8,-362.8,2142.5,1,0.9894920588,-0.1214952543,-0.0783862323,0.1326539963,0.9785062075,0.1578876525,0.0575188100,-0.1666268259,0.9843409657,0,-144.0,-483.5,1774.8,0,-745.7,-179.2,1973.4,1,-81.5,-373.1,1771.2,1,-360.3,-1071.5,2243.9,0,-98.7,-848.5,1837.0,0,
22,0.9448633194,0.0675780177,0.3204163909,-0.1832318157,0.9200631976,0.3462783098,-0.2714026272,-0.3858959675,0.8817165494,1,-196.7,213.3,1984.4,1,0.9448633194,0.0675780177,0.3204163909,-0.1832318157,0.9200631976,0.3462783098,-0.2714026272,-0.3858959675,0.8817165494,1,-210.6,24.2,2063.7,1,0.9438999891,0.1221537739,0.3068085611,-0.1927686334,0.9581636190,0.2115690261,-0.2681288719,-0.2588429153,0.9279581904,1,-234.3,-161.6,2113.9,1,0.6446148157,-0.5094069242,0.5700670481,0.7604257464,0.5041777492,-0.4093379974,-0.0788954645,0.6973590255,0.7123665214,1,-343.8,51.5,2101.6,1,0.8383847475,-0.5094069839,-0.1939472854,0.1081328839,0.5041777492,-0.8568034768,0.5342454910,0.6973589063,0.4777785838,1,-511.9,-146.7,2122.1,1,0.3855557740,0.5580230951,0.7348177433,-0.8769873381,0.4691514671,0.1038763523,-0.2867753804,-0.6844760180,0.6702631712,1,-77.3,-3.0,2025.8,1,-0.4096933901,0.5580230951,0.7216381431,-0.5615473390,0.4691514671,-0.6815875173,-0.7188991308,-0.6844758987,0.1211481243,1,22.9,-230.8,1951.3,1,0.9998950958,0.0140343588,-0.0035863570,-0.0143246539,0.9947934151,-0.1009001732,0.0021516150,0.1009409577,0.9948900938,0,-342.4,-330.2,2188.1,1,0.9986919165,0.0311502926,0.0405471809,-0.0402358659,0.9681093097,0.2472760677,-0.0315513797,-0.2485840619,0.9680963159,0,-347.9,-716.1,2148.9,0,0.9939852953,-0.0696938485,0.0844748765,0.1087521315,0.5373604298,-0.8363113403,0.0128923021,0.8404680490,0.5417077541,0,-173.5,-364.7,2140.1,1,0.9914820790,-0.1100183725,-0.0697079897,0.1190638095,0.9825768471,0.1427115351,0.0527925603,-0.1497956365,0.9873065352,0,-146.4,-573.1,1814.1,0,-745.8,-176.9,1973.1,1,-81.0,-373.2,1769.0,1,-359.5,-1077.2,2241.7,0,-105.4,-939.7,1869.9,0,
23,0.9435452819,0.0687420517,0.3240324855,-0.1824981868,0.9242516756,0.3353386521,-0.2764357924,-0.3755423427,0.8846187592,1,-196.4,212.9,1987.2,1,0.9435452819,0.0687420517,0.3240324855,-0.1824981868,0.9242516756,0.3353386521,-0.2764357924,-0.3755423427,0.8846187592,1,-210.5,23.1,2064.3,1,0.9426623583,0.1211197525,0.3109950125,-0.1912592351,0.9596843719,0.2059722096,-0.2735098004,-0.2536427677,0.9278237820,1,-234.0,-163.0,2113.5,1,0.6520397067,-0.5206447244,0.5511561632,0.7539912462,0.5216290355,-0.3992495537,-0.0796319097,0.6758934855,0.7326845527,1,-343.6,50.1,2102.9,1,0.8268786669,-0.5206447840,-0.2126044631,0.1109416783,0.5216291547,-0.8459285498,0.5513288975,0.6758936048,0.4890852571,1,-514.0,-146.9,2123.7,1,0.3856053650,0.5539559126,0.7378627062,-0.8761299849,0.4705996513,0.1045573503,-0.2893177569,-0.6867815256,0.6668031216,1,-77.4,-3.9,2025.6,1,-0.3989178538,0.5539559126,0.7307512760,-0.5740197897,0.4705996215,-0.6701024175,-0.7150984406,-0.6867815256,0.1302510798,1,22.7,-231.4,1950.5,1,0.9999328256,0.0112577705,-0.0027558831,-0.0114436178,0.9966667295,-0.0807738602,0.0018373635,0.0807999671,0.9967286587,0,-341.2,-332.2,2186.9,1,0.9989393950,0.0285072178,0.0361590274,-0.0358741730,0.9741417170,0.2230716497,-0.0288648643,-0.2241322249,0.9741311669,0,-345.6,-718.8,2155.6,0,0.9890587926,-0.0849443376,0.1206118539,0.1236646175,0.0316245258,-0.9918200374,0.0804352015,0.9958837032,0.0417831242,1,-173.8,-366.1,2138.4,1,0.9890587330,-0.0902434289,-0.1166999713,0.1236646175,0.9385115504,0.3223399818,0.0804352090,-0.3332448006,0.9394030571,1,-132.3,-381.6,1652.2,1,-744.7,-177.8,1969.9,1,-78.4,-377.0,1769.2,1,-356.2,-1082.2,2239.2,0,-99.1,-727.3,1775.0,1,
