1,0.8778705001,0.0180527791,0.4785560369,-0.2114607096,0.9112075567,0.3535327315,-0.4296818972,-0.4115524888,0.8037394285,1,118.6,182.6,2139.3,1,0.8778705001,0.0180527791,0.4785560369,-0.2114607096,0.9112075567,0.3535327315,-0.4296818972,-0.4115524888,0.8037394285,1,114.7,-13.3,2227.8,1,0.8776816130,0.0883488506,0.4710285664,-0.2147669941,0.9511518478,0.2217784673,-0.4284260869,-0.2958128154,0.8537825942,1,96.7,-206.6,2287.9,1,0.6965389848,-0.6966931820,0.1716163158,0.7150287628,0.6938847303,-0.0851942599,-0.0597276762,0.1820517182,0.9814733267,1,-9.0,16.9,2288.2,1,0.1221290454,-0.6966932416,-0.7068969011,-0.1353460550,0.6938847303,-0.7072522044,0.9832426906,0.1820517480,-0.0095512113,1,-195.1,-174.0,2304.1,1,-0.2559198141,0.6231452227,0.7390500903,-0.8502377272,0.2186954021,-0.4788195789,-0.4600010216,-0.7509076595,0.4738530815,1,238.4,-43.6,2167.4,1,-0.7794595957,0.6231452823,-0.0642858297,0.2525735199,0.2186954468,-0.9425386190,-0.5732793808,-0.7509076595,-0.3278543055,1,180.8,-235.0,2063.8,1,1.0000000000,0.0000000000,0.0000000000,-0.0000000000,1.0000000000,-0.0000000000,-0.0000000000,0.0000000000,1.0000000000,0,-2.9,-379.9,2387.9,1,1.0000000000,0.0000000001,0.0000000011,-0.0000000001,1.0000000000,0.0000000006,-0.0000000011,-0.0000000006,1.0000000000,0,-2.9,-786.3,2387.9,0,0.9400075078,0.3397826850,0.0305598937,-0.0033592489,0.0987923816,-0.9951025248,-0.3411377072,0.9353009462,0.0940069929,1,160.5,-419.9,2308.1,1,0.9400074482,-0.1428555846,0.3098039031,-0.0033592358,0.9041854143,0.4271270633,-0.3411376476,-0.4025433064,0.8494610190,1,4.6,-465.2,1879.2,1,-226.9,-138.8,2048.1,1,-20.5,-169.8,1915.8,1,-2.9,-1177.0,2387.9,0,60.5,-818.4,2036.4,1,
2,0.8753564358,0.0188136920,0.4831103683,-0.2144682705,0.9106586576,0.3531351089,-0.4333051145,-0.4127316773,0.8011854887,1,118.9,183.5,2138.9,1,0.8753564358,0.0188136920,0.4831103683,-0.2144682705,0.9106586576,0.3531351089,-0.4333051145,-0.4127316773,0.8011854887,1,114.9,-12.3,2227.6,1,0.8753079176,0.0877826065,0.4755299091,-0.2153150290,0.9512727261,0.2207260877,-0.4329829812,-0.2955925763,0.8515571356,1,97.1,-205.6,2287.7,1,0.7107920647,-0.6847118735,0.1610718518,0.6997147202,0.7116946578,-0.0623691902,-0.0719290525,0.1570358723,0.9849700332,1,-8.5,18.1,2288.7,1,0.1019551903,-0.6847119927,-0.7216472626,-0.1198132634,0.7116947174,-0.6921961904,0.9875474572,0.1570359170,-0.0094765956,1,-200.0,-170.5,2308.1,1,-0.2542973161,0.6182396412,0.7437154055,-0.8522249460,0.2203000188,-0.4745319188,-0.4572149813,-0.7544850111,0.4708575606,1,238.3,-42.6,2166.6,1,-0.7833127379,0.6182396412,-0.0648147464,0.2518495321,0.2203000188,-0.9423586130,-0.5683247447,-0.7544850707,-0.3282671571,1,180.9,-235.0,2063.4,1,1.0000000000,0.0000000000,0.0000000000,-0.0000000000,1.0000000000,-0.0000000000,-0.0000000000,0.0000000000,1.0000000000,0,-2.7,-378.7,2388.3,1,1.0000000000,0.0000000001,0.0000000010,-0.0000000001,1.0000000000,0.0000000005,-0.0000000010,-0.0000000005,1.0000000000,0,-2.7,-785.1,2388.3,0,0.9382166862,0.3453152776,0.0225199461,-0.0114871338,0.0961196944,-0.9953035712,-0.3458581269,0.9335515499,0.0941477716,1,161.2,-419.0,2307.2,1,0.9382165670,-0.1339046359,0.3190913796,-0.0114871114,0.9095398784,0.4154578745,-0.3458580673,-0.3934548497,0.8518072367,1,2.5,-463.2,1878.2,1,-226.6,-139.3,2050.3,1,-20.5,-170.3,1917.3,1,-2.7,-1175.8,2388.3,0,54.8,-818.5,2031.9,1,
3,0.8788484335,0.0220205933,0.4765909314,-0.2099385709,0.9148750305,0.3448618352,-0.4284273386,-0.4031368792,0.8086591959,1,118.9,182.2,2140.7,1,0.8788484335,0.0220205933,0.4765909314,-0.2099385709,0.9148750305,0.3448618352,-0.4284273386,-0.4031368792,0.8086591959,1,114.2,-14.8,2227.5,1,0.8786553741,0.0928291455,0.4683437645,-0.2130800188,0.9540550113,0.2106570601,-0.4272708297,-0.2848902345,0.8580652475,1,95.3,-208.6,2285.4,1,0.7284307480,-0.6680862904,0.1518205553,0.6804428697,0.7313196659,-0.0465736538,-0.0799141452,0.1372309029,0.9873101711,1,-9.7,15.3,2287.7,1,0.0829223916,-0.6680862904,-0.7394489050,-0.1101046428,0.7313196659,-0.6730888486,0.9904548526,0.1372308880,-0.0129166264,1,-204.0,-166.3,2309.0,1,-0.2582573891,0.6187310219,0.7419401407,-0.8503900766,0.2188222408,-0.4784909785,-0.4584101439,-0.7545123696,0.4696502686,1,238.0,-44.8,2167.3,1,-0.7832010984,0.6187309027,-0.0613848567,0.2468596399,0.2188222706,-0.9440218210,-0.5706630945,-0.7545123696,-0.3241215348,1,180.0,-236.0,2064.2,1,1.0000000000,0.0000000000,0.0000000000,-0.0000000000,1.0000000000,-0.0000000000,-0.0000000000,0.0000000000,1.0000000000,0,-5.9,-382.5,2383.3,1,1.0000000000,0.0000000001,0.0000000009,-0.0000000001,1.0000000000,0.0000000005,-0.0000000009,-0.0000000005,1.0000000000,0,-5.9,-788.9,2383.3,0,0.9368670583,0.3478796780,0.0354977213,0.0008602291,0.0992200077,-0.9950652122,-0.3496850729,0.9322742224,0.0926566944,1,158.8,-422.4,2303.2,1,0.9368669391,-0.1447347850,0.3183272183,0.0008602142,0.9112738967,0.4117999375,-0.3496850729,-0.3855279088,0.8538668752,1,-0.9,-468.0,1875.5,1,-225.7,-137.5,2050.4,1,-22.0,-172.4,1917.1,1,-5.9,-1179.6,2383.3,0,55.7,-824.0,2026.1,1,
4,0.8773737550,0.0216706228,0.4793162048,-0.2125381529,0.9131768346,0.3477583826,-0.4301645160,-0.4069878757,0.8058028817,1,119.3,183.3,2139.6,1,0.8773737550,0.0216706228,0.4793162048,-0.2125381529,0.9131768346,0.3477583826,-0.4301645160,-0.4069878757,0.8058028817,1,114.7,-13.0,2227.0,1,0.8772760034,0.0914592370,0.4711904228,-0.2141510099,0.9531365633,0.2137066722,-0.4295635819,-0.2883862257,0.8557495475,1,96.1,-206.6,2285.6,1,0.7299284935,-0.6686839461,0.1416550875,0.6795701385,0.7322086096,-0.0453319959,-0.0734082907,0.1293536872,0.9888775945,1,-9.0,17.2,2287.6,1,0.0798503906,-0.6686838865,-0.7392467856,-0.1022466123,0.7322086692,-0.6733618379,0.9915490150,0.1293536872,-0.0099035203,1,-207.0,-167.1,2307.5,1,-0.2537901402,0.6123577356,0.7487379909,-0.8533648252,0.2226708978,-0.4713662267,-0.4553669393,-0.7585747242,0.4660528600,1,238.3,-43.2,2166.5,1,-0.7884585261,0.6123576760,-0.0578894764,0.2422700524,0.2226708829,-0.9443107843,-0.5653656721,-0.7585747838,-0.3239226937,1,181.0,-236.0,2063.6,1,1.0000000000,0.0000000000,0.0000000000,-0.0000000000,1.0000000000,-0.0000000000,-0.0000000000,0.0000000000,1.0000000000,0,-4.8,-380.2,2384.5,1,1.0000000000,0.0000000000,0.0000000008,-0.0000000000,1.0000000000,0.0000000004,-0.0000000008,-0.0000000004,1.0000000000,0,-4.8,-786.6,2384.5,0,0.9367207885,0.3472709656,0.0442392901,0.0135360099,0.0903468356,-0.9958184361,-0.3498156965,0.9334025383,0.0799290985,1,159.8,-420.4,2304.0,1,0.9367207885,-0.1493738294,0.3166097105,0.0135359913,0.9191768765,0.3936124146,-0.3498157263,-0.3644193113,0.8630339503,1,2.8,-461.2,1882.0,1,-227.8,-140.5,2049.5,1,-22.9,-173.4,1917.4,1,-4.8,-1177.3,2384.5,0,61.1,-820.2,2024.3,1,
5,0.8799426556,0.0210597347,0.4746112227,-0.2105729282,0.9128124118,0.3499042392,-0.4258622527,-0.4078367054,0.8076567650,1,119.6,184.3,2139.0,1,0.8799426556,0.0210597347,0.4746112227,-0.2105729282,0.9128124118,0.3499042392,-0.4258622527,-0.4078367054,0.8076567650,1,115.1,-12.0,2226.7,1,0.8798412681,0.0896426737,0.4667353332,-0.2122808993,0.9527701735,0.2171782851,-0.4252232313,-0.2901619971,0.8573155999,1,96.9,-205.5,2285.7,1,0.7318352461,-0.6669533253,0.1399658918,0.6771384478,0.7348195910,-0.0390339456,-0.0768158734,0.1233427078,0.9893866181,1,-8.9,18.0,2286.6,1,0.0721902773,-0.6669533253,-0.7415941358,-0.1010323688,0.7348195910,-0.6706956625,0.9922605157,0.1233427227,-0.0143370498,1,-210.0,-168.1,2307.8,1,-0.2480776906,0.6090886593,0.7533050776,-0.8572329879,0.2241819501,-0.4635666609,-0.4512305558,-0.7607585192,0.4665163755,1,239.1,-41.9,2166.8,1,-0.7908886075,0.6090885401,-0.0592121854,0.2433015853,0.2241819203,-0.9436878562,-0.5615152121,-0.7607584000,-0.3254952133,1,182.5,-237.5,2063.8,1,1.0000000000,0.0000000000,0.0000000000,-0.0000000000,1.0000000000,-0.0000000000,-0.0000000000,0.0000000000,1.0000000000,0,-3.6,-379.3,2384.4,1,1.0000000000,0.0000000000,0.0000000007,-0.0000000000,1.0000000000,0.0000000004,-0.0000000007,-0.0000000004,1.0000000000,0,-3.6,-785.7,2384.4,0,0.9367574453,0.3471634388,0.0443062484,0.0116951633,0.0954745635,-0.9953631759,-0.3497838080,0.9329320192,0.0853763744,1,160.9,-419.0,2304.9,1,0.9367574453,-0.1437542289,0.3190928102,0.0116951540,0.9240963459,0.3819805682,-0.3497838080,-0.3540912569,0.8673353791,1,3.6,-462.2,1882.0,1,-228.9,-141.6,2048.0,1,-23.3,-174.2,1917.7,1,-3.6,-1176.4,2384.4,0,59.7,-823.2,2020.3,1,
6,0.8722510934,0.0226446670,0.4885321259,-0.2189809382,0.9112783074,0.3487400413,-0.4372918308,-0.4111688733,0.7998217940,1,119.3,184.6,2138.8,1,0.8722510934,0.0226446670,0.4885321259,-0.2189809382,0.9112783074,0.3487400413,-0.4372918308,-0.4111688733,0.7998217940,1,114.4,-11.4,2227.2,1,0.8724479675,0.0868280008,0.4809302390,-0.2156309932,0.9515113235,0.2193855196,-0.4385619462,-0.2951064706,0.8488665223,1,96.8,-204.7,2287.1,1,0.7344068289,-0.6666494012,0.1273786575,0.6754847765,0.7362030745,-0.0415402800,-0.0660837367,0.1165498123,0.9909839630,1,-8.5,19.0,2289.0,1,0.0628482476,-0.6666492820,-0.7427171469,-0.1002887413,0.7362029552,-0.6692886949,0.9929714203,0.1165497899,-0.0205883533,1,-213.0,-169.0,2307.4,1,-0.2419345975,0.6049064398,0.7586541176,-0.8565638065,0.2341542095,-0.4598589540,-0.4558135867,-0.7610914111,0.4614909589,1,237.4,-41.8,2165.4,1,-0.7949373722,0.6049063802,-0.0465053059,0.2333914787,0.2341541946,-0.9437692165,-0.5600025058,-0.7610913515,-0.3273179531,1,182.8,-235.2,2062.4,1,1.0000000000,0.0000000000,0.0000000000,-0.0000000000,1.0000000000,-0.0000000000,-0.0000000000,0.0000000000,1.0000000000,0,-3.0,-377.7,2388.4,1,1.0000000000,0.0000000000,0.0000000007,-0.0000000000,1.0000000000,0.0000000003,-0.0000000007,-0.0000000003,1.0000000000,0,-3.0,-784.1,2388.4,0,0.9370145202,0.3473486900,0.0367767289,0.0010223947,0.1025619730,-0.9947260618,-0.3492887020,0.9321104288,0.0957469493,1,161.3,-418.3,2305.8,1,0.9370145798,-0.1427286863,0.3187980056,0.0010223985,0.9138191938,0.4061199427,-0.3492887020,-0.3802143335,0.8564078808,1,2.9,-465.1,1880.6,1,-229.4,-142.9,2048.3,1,-23.9,-174.6,1916.8,1,-3.0,-1174.9,2388.4,0,58.6,-822.0,2029.1,1,
7,0.8721254468,0.0225303769,0.4887616634,-0.2179775834,0.9122209549,0.3468992710,-0.4380429983,-0.4090795517,0.8004818559,1,119.5,185.2,2138.6,1,0.8721254468,0.0225303769,0.4887616634,-0.2179775834,0.9122209549,0.3468992710,-0.4380429983,-0.4090795517,0.8004818559,1,114.7,-11.1,2226.7,1,0.8723324537,0.0886250734,0.4808119237,-0.2145040631,0.9531050920,0.2134930193,-0.4393436313,-0.2893735766,0.8504345417,1,96.7,-204.8,2285.5,1,0.7371634245,-0.6642552614,0.1239157245,0.6726315618,0.7388536334,-0.0407698415,-0.0644739941,0.1134036630,0.9914548993,1,-8.3,19.1,2288.6,1,0.0558228679,-0.6642552018,-0.7454186082,-0.1022541225,0.7388536334,-0.6660627127,0.9931907058,0.1134036630,-0.0266779084,1,-215.0,-169.5,2306.7,1,-0.2425696254,0.6052436233,0.7581821680,-0.8583302498,0.2303419709,-0.4584885836,-0.4521384537,-0.7619860768,0.4636249244,1,237.6,-41.4,2164.8,1,-0.7946259379,0.6052435040,-0.0474310294,0.2318566591,0.2303419560,-0.9450846910,-0.5610810518,-0.7619859576,-0.3233654797,1,182.9,-235.1,2062.7,1,1.0000000000,0.0000000000,0.0000000000,-0.0000000000,1.0000000000,-0.0000000000,-0.0000000000,0.0000000000,1.0000000000,0,-2.8,-378.4,2385.3,1,1.0000000000,0.0000000000,0.0000000006,-0.0000000000,1.0000000000,0.0000000003,-0.0000000006,-0.0000000003,1.0000000000,0,-2.8,-784.8,2385.3,0,0.9366164207,0.3469316363,0.0488705225,0.0136931129,0.1031330973,-0.9945732951,-0.3500891030,0.9322028756,0.0918455571,1,160.1,-418.5,2303.3,1,0.9366164207,-0.1525762826,0.3153891861,0.0136931315,0.9154481888,0.4022029638,-0.3500890732,-0.3723911941,0.8595129848,1,1.5,-465.6,1877.1,1,-229.5,-142.9,2048.4,1,-24.1,-174.7,1916.5,1,-2.8,-1175.6,2385.3,0,61.1,-823.2,2022.6,1,
8,0.8713257313,0.0211752616,0.4902463853,-0.2157981247,0.9138082862,0.3440724909,-0.4407055676,-0.4055942893,0.8007939458,1,119.1,185.0,2139.1,1,0.8713257313,0.0211752616,0.4902463853,-0.2157981247,0.9138082862,0.3440724909,-0.4407055676,-0.4055942893,0.8007939458,1,114.5,-11.1,2226.1,1,0.8714681864,0.0890821293,0.4822925329,-0.2133850157,0.9542832971,0.2093103379,-0.4415980577,-0.2853218913,0.8506359458,1,96.4,-205.0,2284.1,1,0.7430284023,-0.6589456797,0.1170442998,0.6663392782,0.7447052598,-0.0374965109,-0.0624553412,0.1058521867,0.9924186468,1,-8.3,19.0,2288.4,1,0.0498338901,-0.6589456201,-0.7505379915,-0.0971942320,0.7447052598,-0.6602782011,0.9940170050,0.1058521941,-0.0269341581,1,-216.5,-167.8,2305.9,1,-0.2372791618,0.5965723991,0.7666812539,-0.8606018424,0.2370079011,-0.4507679343,-0.4506251216,-0.7667651772,0.4571743011,1,237.4,-41.2,2163.9,1,-0.8016133308,0.5965723991,-0.0389553905,0.2223432660,0.2370079011,-0.9457223415,-0.5549590588,-0.7667650580,-0.3226325512,1,183.9,-235.1,2062.4,1,1.0000000000,0.0000000000,0.0000000000,-0.0000000000,1.0000000000,-0.0000000000,-0.0000000000,0.0000000000,1.0000000000,0,-3.0,-379.0,2383.3,1,1.0000000000,0.0000000000,0.0000000005,-0.0000000000,1.0000000000,0.0000000003,-0.0000000005,-0.0000000003,1.0000000000,0,-3.0,-785.4,2383.3,0,0.9364250302,0.3479078114,0.0454788692,0.0105122961,0.1017406359,-0.9947555065,-0.3507102728,0.9319918752,0.0916151851,1,159.7,-418.8,2300.8,1,0.9364249706,-0.1518071592,0.3163270354,0.0105122849,0.9132902622,0.4071736336,-0.3507102728,-0.3779622614,0.8568236828,1,1.9,-465.0,1878.1,1,-229.4,-142.6,2048.2,1,-23.9,-177.4,1918.5,1,-3.0,-1176.1,2383.3,0,61.2,-821.8,2025.8,1,
9,0.8714593649,0.0202753786,0.4900469780,-0.2165827155,0.9123608470,0.3474044800,-0.4400561154,-0.4088854194,0.7994763255,1,119.3,185.3,2138.8,1,0.8714593649,0.0202753786,0.4900469780,-0.2165827155,0.9123608470,0.3474044800,-0.4400561154,-0.4088854194,0.7994763255,1,115.0,-10.2,2226.4,1,0.8716478944,0.0859334543,0.4825389981,-0.2132710665,0.9529194832,0.2155468315,-0.4412983358,-0.2907931507,0.8489369750,1,97.5,-203.9,2285.5,1,0.7426155210,-0.6600975394,0.1131080985,0.6671828628,0.7438583374,-0.0392664708,-0.0582166947,0.1046236753,0.9928065538,1,-7.9,19.8,2288.6,1,0.0425899327,-0.6600975394,-0.7499716282,-0.1019940451,0.7438583970,-0.6605089307,0.9938729405,0.1046236679,-0.0356451347,1,-216.3,-167.4,2304.9,1,-0.2364706248,0.5995263457,0.7646239400,-0.8634650111,0.2311876714,-0.4483082891,-0.4455442429,-0.7662377954,0.4630010128,1,237.8,-40.3,2164.2,1,-0.7991575599,0.5995264053,-0.0437644124,0.2252682447,0.2311876863,-0.9464706182,-0.5573162436,-0.7662378550,-0.3198096454,1,184.0,-237.0,2062.7,1,1.0000000000,0.0000000000,0.0000000000,-0.0000000000,1.0000000000,-0.0000000000,-0.0000000000,0.0000000000,1.0000000000,0,-1.7,-377.5,2385.9,1,1.0000000000,0.0000000000,0.0000000005,-0.0000000000,1.0000000000,0.0000000002,-0.0000000005,-0.0000000002,1.0000000000,0,-1.7,-783.9,2385.9,0,0.9362376928,0.3484916985,0.0448626280,0.0101906657,0.1006950289,-0.9948651791,-0.3512196839,0.9318873882,0.0907231122,1,161.8,-417.5,2303.2,1,0.9362377524,-0.1500249952,0.3177288175,0.0101906806,0.9154771566,0.4022409916,-0.3512196541,-0.3733552694,0.8586330414,1,4.5,-462.9,1882.7,1,-227.2,-141.1,2048.4,1,-23.3,-178.6,1918.1,1,-1.7,-1174.6,2385.9,0,63.2,-820.6,2028.6,1,
10,0.8750428557,0.0191168264,0.4836662412,-0.2126780450,0.9127863646,0.3486965597,-0.4348182380,-0.4079904258,0.8027926087,1,119.2,184.5,2139.1,1,0.8750428557,0.0191168264,0.4836662412,-0.2126780450,0.9127863646,0.3486965597,-0.4348182380,-0.4079904258,0.8027926087,1,115.2,-10.9,2226.4,1,0.8752099276,0.0854635388,0.4761323929,-0.2096955776,0.9540127516,0.2142145187,-0.4359290898,-0.2873261273,0.8528823853,1,97.8,-204.7,2284.8,1,0.7445623875,-0.6578243971,0.1135518327,0.6644538641,0.7466769814,-0.0312205143,-0.0642489046,0.0986955762,0.9930415154,1,-8.2,18.7,2287.9,1,0.0390158072,-0.6578243375,-0.7521601915,-0.0970812365,0.7466768622,-0.6580645442,0.9945114255,0.0986955613,-0.0347301960,1,-217.6,-168.2,2306.0,1,-0.2408493310,0.6031277776,0.7604135275,-0.8603188396,0.2300001532,-0.4549192190,-0.4492695332,-0.7637650967,0.4634867907,1,238.5,-40.4,2165.0,1,-0.7962533832,0.6031277180,-0.0470906794,0.2301375568,0.2300000787,-0.9455879927,-0.5594794750,-0.7637649775,-0.3219406605,1,183.5,-237.0,2062.3,1,1.0000000000,0.0000000000,0.0000000000,-0.0000000000,1.0000000000,-0.0000000000,-0.0000000000,0.0000000000,1.0000000000,0,-1.1,-379.0,2383.8,1,1.0000000000,0.0000000000,0.0000000004,-0.0000000000,1.0000000000,0.0000000002,-0.0000000004,-0.0000000002,1.0000000000,0,-1.1,-785.4,2383.8,0,0.9353396297,0.3508668244,0.0450812280,0.0090842806,0.1035721228,-0.9945805073,-0.3536344767,0.9306799769,0.0936877355,1,162.0,-418.1,2302.6,1,0.9353396893,-0.1565708220,0.3172151446,0.0090842843,0.9070536494,0.4209170938,-0.3536344767,-0.3908186853,0.8498256207,1,2.1,-465.3,1878.5,1,-227.8,-143.0,2047.7,1,-23.6,-177.2,1916.8,1,-1.1,-1176.1,2383.8,0,63.3,-819.6,2031.2,1,
11,0.8717062473,0.0264306944,0.4893138409,-0.2141062319,0.9187309742,0.3318013251,-0.4407782555,-0.3939992487,0.8065221906,1,120.5,186.2,2144.8,1,0.8717062473,0.0264306944,0.4893138409,-0.2141062319,0.9187309742,0.3318013251,-0.4407782555,-0.3939992487,0.8065221906,1,114.9,-9.9,2228.9,1,0.8719258308,0.0900805444,0.4812787771,-0.2105723619,0.9563779831,0.2024867386,-0.4420445263,-0.2778980434,0.8528587818,1,96.5,-204.2,2285.4,1,0.7412787080,-0.6627368927,0.1062338948,0.6691612005,0.7420334816,-0.0401191227,-0.0522406772,0.1008270532,0.9935315251,1,-8.1,19.8,2291.2,1,0.0405564792,-0.6627367735,-0.7477533221,-0.0988786817,0.7420334220,-0.6630303264,0.9942725897,0.1008270383,-0.0354362838,1,-217.8,-169.6,2306.0,1,-0.2371181548,0.6027283072,0.7619013786,-0.8564831614,0.2404346168,-0.4567579031,-0.4584883153,-0.7608612776,0.4592152536,1,237.8,-39.6,2166.6,1,-0.7968385816,0.6027283072,-0.0420341529,0.2315895855,0.2404345870,-0.9426332712,-0.5580452681,-0.7608612776,-0.3311731517,1,183.2,-236.5,2061.2,1,1.0000000000,0.0000000000,0.0000000000,-0.0000000000,1.0000000000,-0.0000000000,-0.0000000000,0.0000000000,1.0000000000,0,-4.1,-378.7,2383.6,1,1.0000000000,0.0000000000,0.0000000004,-0.0000000000,1.0000000000,0.0000000002,-0.0000000004,-0.0000000002,1.0000000000,0,-4.1,-785.0,2383.6,0,0.9343234897,0.3548091948,0.0339120887,0.0016431417,0.0908560306,-0.9958627224,-0.3564223647,0.9305136204,0.0843059272,1,160.6,-418.4,2300.1,1,0.9343234897,-0.1531454921,0.3218478560,0.0016431510,0.9048272967,0.4257755876,-0.3564223349,-0.3972833455,0.8456529975,1,-2.0,-460.0,1873.8,1,-228.4,-143.9,2047.3,1,-24.2,-176.2,1915.9,1,-4.1,-1175.8,2383.6,0,57.9,-813.6,2029.0,1,
12,0.8728039861,0.0311754160,0.4870724082,-0.2135486007,0.9217571020,0.3236683309,-0.4388721585,-0.3865135014,0.8111704588,1,121.1,187.9,2147.7,1,0.8728039861,0.0311754160,0.4870724082,-0.2135486007,0.9217571020,0.3236683309,-0.4388721585,-0.3865135014,0.8111704588,1,114.4,-8.8,2230.1,1,0.8730641007,0.0918920487,0.4788666666,-0.2095777094,0.9574589133,0.1983685344,-0.4402668774,-0.2735488713,0.8551812172,1,95.8,-203.4,2285.7,1,0.7385687828,-0.6658439040,0.1056798249,0.6722892523,0.7391207814,-0.0415670946,-0.0504329503,0.1017475724,0.9935311079,1,-8.6,20.7,2292.2,1,0.0415102467,-0.6658439040,-0.7449355721,-0.0994635075,0.7391208410,-0.6661888957,0.9941750765,0.1017475724,-0.0355460793,1,-217.9,-169.8,2306.5,1,-0.2410328388,0.6068782806,0.7573652267,-0.8526296020,0.2403587252,-0.4639508724,-0.4636009932,-0.7575793862,0.4595080614,1,237.5,-38.4,2168.1,1,-0.7942665219,0.6068783998,-0.0289751440,0.2181568444,0.2403587550,-0.9458516836,-0.5670524240,-0.7575794458,-0.3233035207,1,182.1,-234.3,2061.6,1,1.0000000000,0.0000000000,0.0000000000,-0.0000000000,1.0000000000,-0.0000000000,-0.0000000000,0.0000000000,1.0000000000,0,-5.2,-378.2,2382.8,1,1.0000000000,0.0000000000,0.0000000003,-0.0000000000,1.0000000000,0.0000000002,-0.0000000003,-0.0000000002,1.0000000000,0,-5.2,-784.6,2382.8,0,0.9374510646,0.3471508622,0.0259169452,-0.0090340581,0.0986843631,-0.9950777888,-0.3479997218,0.9326025844,0.0956479460,1,159.4,-417.7,2299.8,1,0.9374511242,-0.1359205693,0.3204856217,-0.0090340748,0.9108173847,0.4127106071,-0.3479997516,-0.3897913098,0.8526188731,1,2.3,-462.3,1878.0,1,-228.7,-143.9,2047.9,1,-24.6,-177.5,1914.0,1,-5.2,-1175.3,2382.8,0,55.4,-818.1,2030.2,1,
13,0.8741946816,0.0340163931,0.4843809903,-0.2121552080,0.9240496159,0.3179978132,-0.4367751777,-0.3807568252,0.8150157332,1,122.5,189.8,2150.1,1,0.8741946816,0.0340163931,0.4843809903,-0.2121552080,0.9240496159,0.3179978132,-0.4367751777,-0.3807568252,0.8150157332,1,115.2,-7.8,2231.5,1,0.8744323850,0.0931536406,0.4761184454,-0.2086365819,0.9582126737,0.1957028508,-0.4379925132,-0.2704652846,0.8573271036,1,96.3,-202.5,2286.4,1,0.7395558357,-0.6658197641,0.0986976922,0.6715323925,0.7398498654,-0.0408227406,-0.0458408780,0.0964693949,0.9942798615,1,-8.1,21.6,2293.2,1,0.0381903797,-0.6658197641,-0.7451346517,-0.0953320563,0.7398498058,-0.6659836173,0.9947125912,0.0964693874,-0.0352188274,1,-218.5,-169.4,2306.2,1,-0.2502632439,0.6116500497,0.7505015135,-0.8494365811,0.2332430631,-0.4733446538,-0.4645705521,-0.7559642196,0.4611857831,1,238.4,-37.2,2169.7,1,-0.7907174230,0.6116501093,-0.0255009085,0.2110358179,0.2332431078,-0.9492426515,-0.5746563673,-0.7559642792,-0.3135094345,1,180.6,-233.6,2062.3,1,1.0000000000,0.0000000000,0.0000000000,-0.0000000000,1.0000000000,-0.0000000000,-0.0000000000,0.0000000000,1.0000000000,0,-4.7,-377.6,2382.4,1,1.0000000000,0.0000000000,0.0000000003,-0.0000000000,1.0000000000,0.0000000002,-0.0000000003,-0.0000000002,1.0000000000,0,-4.7,-784.0,2382.4,0,0.9367138147,0.3470622599,0.0459900796,0.0107138641,0.1028851122,-0.9946355820,-0.3499321640,0.9321815372,0.0926555321,1,159.3,-416.7,2300.3,1,0.9367136955,-0.1520897001,0.3153347969,0.0107138827,0.9127402902,0.4083996117,-0.3499321342,-0.3791750073,0.8566060066,1,2.8,-463.1,1880.0,1,-228.3,-144.7,2048.5,1,-24.8,-178.8,1913.0,1,-4.7,-1174.7,2382.4,0,62.3,-819.7,2028.2,1,
14,0.8767262697,0.0335585587,0.4798156917,-0.2101625949,0.9240264893,0.3193852901,-0.4326445162,-0.3808536530,0.8171707988,1,122.4,190.2,2150.8,1,0.8767262697,0.0335585587,0.4798156917,-0.2101625949,0.9240264893,0.3193852901,-0.4326445162,-0.3808536530,0.8171707988,1,115.2,-7.5,2232.3,1,0.8769735694,0.0914509743,0.4717545211,-0.2064391375,0.9582146406,0.1980101317,-0.4339340925,-0.2710388899,0.8592076302,1,96.6,-202.2,2287.3,1,0.7434100509,-0.6621896625,0.0940547436,0.6673284769,0.7437999845,-0.0378719643,-0.0448794849,0.0909198076,0.9948464632,1,-8.4,21.6,2293.4,1,0.0371939614,-0.6621897221,-0.7484126687,-0.0885586888,0.7438000441,-0.6625096798,0.9953762293,0.0909198001,-0.0309777893,1,-218.7,-167.2,2306.1,1,-0.2492311895,0.6199067235,0.7440426946,-0.8513868451,0.2259025276,-0.4734010696,-0.4615456462,-0.7514544725,0.4714784026,1,238.8,-36.6,2171.1,1,-0.7838103175,0.6199067831,-0.0368395932,0.2232310772,0.2259025574,-0.9482278824,-0.5794906020,-0.7514545918,-0.3154471815,1,180.8,-234.8,2063.7,1,1.0000000000,0.0000000000,0.0000000000,-0.0000000000,1.0000000000,-0.0000000000,-0.0000000000,0.0000000000,1.0000000000,0,-4.2,-377.6,2383.1,1,1.0000000000,0.0000000000,0.0000000003,-0.0000000000,1.0000000000,0.0000000001,-0.0000000003,-0.0000000001,1.0000000000,0,-4.2,-784.0,2383.1,0,0.9359741807,0.3490056396,0.0463414267,0.0098046809,0.1057360694,-0.9943459034,-0.3519322872,0.9311364293,0.0955443308,1,160.2,-416.3,2301.7,1,0.9359741211,-0.1552386731,0.3159958720,0.0098046809,0.9086852074,0.4173667729,-0.3519322574,-0.3875462115,0.8520279527,1,2.6,-464.0,1881.3,1,-228.3,-144.3,2048.8,1,-22.7,-176.9,1913.2,1,-4.2,-1174.7,2383.1,0,63.3,-819.0,2032.7,1,
15,0.8788462877,0.0304404814,0.4761309922,-0.2078320235,0.9227266908,0.3246253133,-0.4294572175,-0.3842518628,0.8172612190,1,122.3,190.3,2150.1,1,0.8788462877,0.0304404814,0.4761309922,-0.2078320235,0.9227266908,0.3246253133,-0.4294572175,-0.3842518628,0.8172612190,1,115.8,-7.1,2232.4,1,0.8790321350,0.0905435607,0.4680840075,-0.2049435824,0.9582228065,0.1995181441,-0.4304639101,-0.2713143229,0.8608646989,1,97.4,-201.8,2287.5,1,0.7422302365,-0.6626041532,0.1002499610,0.6683073044,0.7429366112,-0.0375574976,-0.0495936014,0.0948740914,0.9942532778,1,-8.1,21.8,2293.0,1,0.0411176346,-0.6626041532,-0.7478403449,-0.0903985202,0.7429366112,-0.6632295847,0.9950565100,0.0948740989,-0.0293506384,1,-217.9,-167.1,2307.1,1,-0.2495139688,0.6206282377,0.7433460355,-0.8512479663,0.2253757268,-0.4739015102,-0.4616488218,-0.7510168552,0.4720741808,1,239.7,-36.0,2171.7,1,-0.7826166749,0.6206283569,-0.0482881144,0.2370339483,0.2253757268,-0.9449977875,-0.5756093860,-0.7510169744,-0.3234927356,1,181.4,-234.9,2063.8,1,1.0000000000,0.0000000000,0.0000000000,-0.0000000000,1.0000000000,-0.0000000000,-0.0000000000,0.0000000000,1.0000000000,0,-3.2,-377.4,2382.8,1,1.0000000000,0.0000000000,0.0000000003,-0.0000000000,1.0000000000,0.0000000001,-0.0000000003,-0.0000000001,1.0000000000,0,-3.2,-783.8,2382.8,0,0.9345369935,0.3509442806,0.0589804351,0.0209825113,0.1111094803,-0.9935866594,-0.3552468419,0.9297810197,0.0964722335,1,161.1,-415.7,2302.4,1,0.9345370531,-0.1658770442,0.3148418367,0.0209825337,0.9088653326,0.4165615141,-0.3552468121,-0.3826858997,0.8528489470,1,1.7,-466.1,1880.1,1,-228.5,-143.7,2049.0,1,-21.1,-173.6,1914.9,1,-3.2,-1174.5,2382.8,0,66.5,-821.2,2029.6,1,
16,0.8799794316,0.0296659358,0.4740827382,-0.2061432898,0.9230159521,0.3248794079,-0.4279482961,-0.3836169541,0.8183502555,1,122.2,190.0,2150.3,1,0.8799794316,0.0296659358,0.4740827382,-0.2061432898,0.9230159521,0.3248794079,-0.4279482961,-0.3836169541,0.8183502555,1,115.8,-7.6,2232.4,1,0.8801357746,0.0886486471,0.4663698375,-0.2036581784,0.9579216838,0.2022612393,-0.4288158119,-0.2729980052,0.8611549139,1,97.8,-202.2,2287.9,1,0.7390670180,-0.6649509668,0.1077971756,0.6717619300,0.7394329309,-0.0444405414,-0.0501579903,0.1052585840,0.9931792021,1,-8.2,21.1,2292.9,1,0.0477470160,-0.6649508476,-0.7453593016,-0.0985566750,0.7394327521,-0.6659771800,0.9939852357,0.1052585542,-0.0302296393,1,-216.9,-168.6,2307.0,1,-0.2377235144,0.6117005944,0.7545263767,-0.8514133692,0.2426674366,-0.4649814963,-0.4675283730,-0.7529509068,0.4631223083,1,239.9,-36.3,2172.0,1,-0.7902528644,0.6117006540,-0.0363715738,0.2312013507,0.2426674366,-0.9421563148,-0.5674913526,-0.7529508471,-0.3331946135,1,184.7,-233.9,2063.4,1,1.0000000000,0.0000000000,0.0000000000,-0.0000000000,1.0000000000,-0.0000000000,-0.0000000000,0.0000000000,1.0000000000,0,-2.5,-377.8,2383.5,1,1.0000000000,0.0000000000,0.0000000002,-0.0000000000,1.0000000000,0.0000000001,-0.0000000002,-0.0000000001,1.0000000000,0,-2.5,-784.2,2383.5,0,0.9349493384,0.3505229056,0.0548058227,0.0161218457,0.1123424470,-0.9935388565,-0.3544151485,0.9297918677,0.0993834138,1,162.1,-415.9,2303.2,1,0.9349491596,-0.1609070003,0.3161944747,0.0161218196,0.9095850587,0.4152049422,-0.3544151485,-0.3830979168,0.8530098796,1,2.7,-467.0,1880.2,1,-229.3,-143.1,2050.1,1,-19.8,-174.1,1916.6,1,-2.5,-1174.9,2383.5,0,65.5,-822.4,2029.9,1,
17,0.8788552284,0.0313871503,0.4760532975,-0.2079596221,0.9232512116,0.3230482340,-0.4293774366,-0.3829133213,0.8179311156,1,122.5,191.4,2150.9,1,0.8788552284,0.0313871503,0.4760532975,-0.2079596221,0.9232512116,0.3230482340,-0.4293774366,-0.3829133213,0.8179311156,1,115.8,-6.2,2232.8,1,0.8791301250,0.0886155739,0.4682690501,-0.2036495656,0.9581879973,0.2010045946,-0.4308778942,-0.2720726132,0.8604182005,1,97.8,-200.9,2288.1,1,0.7372177839,-0.6666616797,0.1098735034,0.6737367511,0.7375851274,-0.0452429987,-0.0508792885,0.1073797643,0.9929153919,1,-8.1,22.5,2293.6,1,0.0452161059,-0.6666616201,-0.7439877391,-0.1037787646,0.7375850677,-0.6672317386,0.9935719967,0.1073797494,-0.0358345993,1,-217.5,-168.8,2308.0,1,-0.2343857437,0.6152162552,0.7527099848,-0.8570232987,0.2347201109,-0.4587128162,-0.4588837326,-0.7526057363,0.4722396731,1,239.7,-34.9,2172.1,1,-0.7871858478,0.6152162552,-0.0429817401,0.2349456102,0.2347200662,-0.9432427883,-0.5702096820,-0.7526057959,-0.3293106556,1,184.8,-235.5,2064.7,1,1.0000000000,0.0000000000,0.0000000000,-0.0000000000,1.0000000000,-0.0000000000,-0.0000000000,0.0000000000,1.0000000000,0,-2.8,-376.4,2383.9,1,1.0000000000,0.0000000000,0.0000000002,-0.0000000000,1.0000000000,0.0000000001,-0.0000000002,-0.0000000001,1.0000000000,0,-2.8,-782.8,2383.9,0,0.9360758662,0.3499700725,0.0358173996,-0.0024700798,0.1083481535,-0.9941099882,-0.3517894745,0.9304738641,0.1022865549,1,162.3,-414.7,2302.9,1,0.9360758662,-0.1482657641,0.3190285563,-0.0024700910,0.9040586948,0.4274011254,-0.3517894745,-0.4008679092,0.8459013700,1,2.5,-464.2,1877.9,1,-229.2,-142.0,2051.2,1,-19.3,-174.6,1916.9,1,-2.8,-1173.6,2383.9,0,60.4,-817.3,2034.5,1,
18,0.8797110915,0.0273722261,0.4747184515,-0.2029857039,0.9244250059,0.3228548765,-0.4300046265,-0.3803808689,0.8187827468,1,122.8,191.1,2150.7,1,0.8797110915,0.0273722261,0.4747184515,-0.2029857039,0.9244250059,0.3228548765,-0.4300046265,-0.3803808689,0.8187827468,1,116.9,-7.1,2232.3,1,0.8797153831,0.0905125514,0.4668048620,-0.2029170543,0.9592974186,0.1964010000,-0.4300282300,-0.2675002813,0.8622748852,1,98.5,-202.0,2286.6,1,0.7416806817,-0.6609022617,0.1145349964,0.6683306694,0.7426481843,-0.0425215140,-0.0569566377,0.1080846339,0.9925088286,1,-7.1,21.5,2292.9,1,0.0470119566,-0.6609020829,-0.7489981651,-0.1027699187,0.7426479459,-0.6617494226,0.9935935140,0.1080846190,-0.0330075249,1,-217.2,-167.9,2309.0,1,-0.2411408126,0.6166688800,0.7493802905,-0.8546758294,0.2308669984,-0.4650051594,-0.4597613215,-0.7526089549,0.4713804722,1,240.9,-35.7,2171.6,1,-0.7861656547,0.6166688800,-0.0407812148,0.2301322818,0.2308669090,-0.9453780651,-0.5735701323,-0.7526088357,-0.3234150410,1,184.9,-234.2,2064.9,1,1.0000000000,0.0000000000,0.0000000000,-0.0000000000,1.0000000000,-0.0000000000,-0.0000000000,0.0000000000,1.0000000000,0,-1.6,-378.1,2380.9,1,1.0000000000,0.0000000000,0.0000000002,-0.0000000000,1.0000000000,0.0000000001,-0.0000000002,-0.0000000001,1.0000000000,0,-1.6,-784.5,2380.9,0,0.9362138510,0.3491042554,0.0403722823,0.0007683747,0.1128460318,-0.9936122298,-0.3514301181,0.9302645326,0.1053797677,1,161.9,-415.8,2301.0,1,0.9362137914,-0.1495066136,0.3180431426,0.0007683784,0.9058635235,0.4235689938,-0.3514300287,-0.3963067830,0.8481968045,1,2.4,-467.4,1876.0,1,-229.4,-141.3,2051.8,1,-18.8,-174.6,1916.2,1,-1.6,-1175.2,2380.9,0,60.9,-821.3,2030.9,1,
19,0.8762251735,0.0294916593,0.4809969664,-0.2073493153,0.9240793586,0.3210665584,-0.4350108504,-0.3810618222,0.8158163428,1,122.7,191.9,2150.6,1,0.8762251735,0.0294916593,0.4809969664,-0.2073493153,0.9240793586,0.3210665584,-0.4350108504,-0.3810618222,0.8158163428,1,116.4,-6.3,2232.3,1,0.8764036894,0.0907591879,0.4729458392,-0.2045535147,0.9592411518,0.1949729919,-0.4359737933,-0.2676184177,0.8592472672,1,98.0,-201.2,2286.7,1,0.7387096882,-0.6645958424,0.1123405993,0.6719007492,0.7393009067,-0.0445368588,-0.0534545034,0.1083815396,0.9926711917,1,-7.1,22.5,2293.8,1,0.0478089526,-0.6645957828,-0.7456719875,-0.1026787162,0.7393008471,-0.6655007601,0.9935649037,0.1083815396,-0.0328946486,1,-217.6,-168.9,2309.0,1,-0.2340509742,0.6159201860,0.7522383332,-0.8568322062,0.2349385321,-0.4589579999,-0.4594112337,-0.7519615889,0.4727526605,1,239.9,-35.2,2170.9,1,-0.7867934108,0.6159201860,-0.0399801880,0.2318810970,0.2349384725,-0.9439465404,-0.5720028281,-0.7519615889,-0.3276683092,1,185.5,-234.6,2063.9,1,1.0000000000,0.0000000000,0.0000000000,-0.0000000000,1.0000000000,-0.0000000000,-0.0000000000,0.0000000000,1.0000000000,0,-3.0,-376.9,2382.1,1,1.0000000000,0.0000000000,0.0000000002,-0.0000000000,1.0000000000,0.0000000001,-0.0000000002,-0.0000000001,1.0000000000,0,-3.0,-783.3,2382.1,0,0.9349550605,0.3528494537,0.0368303657,-0.0020738319,0.1092499346,-0.9940121174,-0.3547603190,0.9292802811,0.1028755009,1,162.0,-415.4,2300.0,1,0.9349550605,-0.1504876316,0.3212673366,-0.0020738542,0.9032403231,0.4291301072,-0.3547603786,-0.4018835425,0.8441770077,1,1.8,-465.0,1877.9,1,-230.0,-142.3,2051.4,1,-18.6,-174.5,1915.6,1,-3.0,-1174.0,2382.1,0,60.6,-817.9,2034.9,1,
20,0.8744810224,0.0282010008,0.4842374325,-0.2080354542,0.9236354232,0.3218991458,-0.4381811917,-0.3822340965,0.8135681152,1,122.4,193.7,2151.0,1,0.8744810224,0.0282010008,0.4842374325,-0.2080354542,0.9236354232,0.3218991458,-0.4381811917,-0.3822340965,0.8135681152,1,116.4,-4.1,2232.9,1,0.8746204972,0.0907653272,0.4762341976,-0.2058293372,0.9589109421,0.1952544749,-0.4389441013,-0.2687971592,0.8573650122,1,97.9,-199.0,2287.5,1,0.7336977124,-0.6705228090,0.1099401414,0.6777872443,0.7336310148,-0.0488867052,-0.0478758402,0.1103840917,0.9927352667,1,-6.9,24.9,2294.8,1,0.0485661365,-0.6705229282,-0.7402976155,-0.1050630137,0.7336311340,-0.6713771820,0.9932789803,0.1103840917,-0.0348175280,1,-217.3,-169.5,2308.5,1,-0.2271307111,0.6138788462,0.7560189366,-0.8632097840,0.2324998081,-0.4481213391,-0.4508663416,-0.7543851137,0.4770983756,1,239.7,-33.1,2171.0,1,-0.7883360982,0.6138788462,-0.0409761406,0.2301656604,0.2324998379,-0.9449697137,-0.5705698729,-0.7543850541,-0.3245818317,1,186.7,-234.3,2066.0,1,1.0000000000,0.0000000000,0.0000000000,-0.0000000000,1.0000000000,-0.0000000000,-0.0000000000,0.0000000000,1.0000000000,0,-3.0,-374.4,2383.5,1,1.0000000000,0.0000000000,0.0000000001,-0.0000000000,1.0000000000,0.0000000001,-0.0000000001,-0.0000000001,1.0000000000,0,-3.0,-780.8,2383.5,0,0.9347572923,0.3523055911,0.0459321924,0.0066774078,0.1118382514,-0.9937040806,-0.3552244604,0.9291786551,0.1021891385,1,161.9,-413.2,2300.8,1,0.9347572327,-0.1548365951,0.3197727203,0.0066774264,0.9075376391,0.4199177325,-0.3552244008,-0.3903859258,0.8493611813,1,2.9,-463.7,1881.3,1,-229.9,-142.2,2050.9,1,-18.1,-174.5,1917.7,1,-3.0,-1171.5,2383.5,0,63.4,-818.3,2033.8,1,
21,0.8752534389,0.0284518711,0.4828252196,-0.2090353966,0.9224725366,0.3245747387,-0.4361584783,-0.3850135505,0.8133443594,1,122.2,194.7,2150.3,1,0.8752534389,0.0284518711,0.4828252196,-0.2090353966,0.9224725366,0.3245747387,-0.4361584783,-0.3850135505,0.8133443594,1,116.1,-2.6,2232.6,1,0.8754663467,0.0888293684,0.4750435948,-0.2056225687,0.9580177069,0.1998041570,-0.4373519421,-0.2726021111,0.8569772243,1,98.0,-197.3,2288.0,1,0.7280892134,-0.6756912470,0.1154452190,0.6837481260,0.7278462648,-0.0522352494,-0.0487314686,0.1169673726,0.9919394255,1,-7.3,26.4,2294.3,1,0.0541589037,-0.6756911874,-0.7351925969,-0.1092265770,0.7278460860,-0.6769856215,0.9925403595,0.1169673726,-0.0343840867,1,-216.2,-169.7,2308.2,1,-0.2175804675,0.6089693904,0.7627680898,-0.8643721342,0.2427586913,-0.4403738379,-0.4533427358,-0.7551321983,0.4735565782,1,239.5,-31.6,2171.0,1,-0.7923228741,0.6089693904,-0.0371587165,0.2307707667,0.2427586913,-0.9422384501,-0.5647736788,-0.7551321983,-0.3328755796,1,188.4,-234.7,2064.5,1,1.0000000000,0.0000000000,0.0000000000,-0.0000000000,1.0000000000,-0.0000000000,-0.0000000000,0.0000000000,1.0000000000,0,-2.4,-372.6,2384.5,1,1.0000000000,0.0000000000,0.0000000001,-0.0000000000,1.0000000000,0.0000000001,-0.0000000001,-0.0000000001,1.0000000000,0,-2.4,-779.0,2384.5,0,0.9342308640,0.3514414430,0.0608423017,0.0223534629,0.1125566587,-0.9933938980,-0.3559679985,0.9294191599,0.0972979665,1,162.3,-411.3,2302.3,1,0.9342308044,-0.1722120345,0.3123393953,0.0223534629,0.9022606611,0.4306112528,-0.3559679687,-0.3953084052,0.8467692137,1,2.1,-462.6,1878.7,1,-230.2,-141.4,2050.8,1,-17.9,-174.6,1917.5,1,-2.4,-1169.7,2384.5,0,69.4,-815.0,2033.1,1,
22,0.8717225194,0.0290475339,0.4891363680,-0.2126875520,0.9217314124,0.3243073225,-0.4414322674,-0.3867399991,0.8096718192,1,122.0,194.0,2150.4,1,0.8717225194,0.0290475339,0.4891363680,-0.2126875520,0.9217314124,0.3243073225,-0.4414322674,-0.3867399991,0.8096718192,1,115.8,-3.1,2233.1,1,0.8720683455,0.0884704441,0.4813190997,-0.2071565092,0.9577959776,0.1992818415,-0.4433752000,-0.2734963894,0.8535904884,1,97.9,-197.7,2288.6,1,0.7312610149,-0.6727629900,0.1124602705,0.6804465652,0.7309725881,-0.0516873561,-0.0474320315,0.1143201590,0.9923110604,1,-7.1,26.1,2295.6,1,0.0537240468,-0.6727629304,-0.7379049659,-0.1058430895,0.7309725285,-0.6741486192,0.9929304719,0.1143201292,-0.0319365077,1,-216.1,-168.4,2309.1,1,-0.2203180939,0.6121510267,0.7594281435,-0.8609085083,0.2439937890,-0.4464343190,-0.4585809410,-0.7521557212,0.4732497931,1,238.8,-32.3,2170.6,1,-0.7900358438,0.6121510267,-0.0333840139,0.2288776040,0.2439937741,-0.9423810840,-0.5687340498,-0.7521556616,-0.3328714669,1,187.2,-233.8,2063.2,1,1.0000000000,0.0000000000,0.0000000000,-0.0000000000,1.0000000000,-0.0000000000,-0.0000000000,0.0000000000,1.0000000000,0,-2.1,-372.9,2385.9,1,1.0000000000,0.0000000000,0.0000000001,-0.0000000000,1.0000000000,0.0000000001,-0.0000000001,-0.0000000001,1.0000000000,0,-2.1,-779.3,2385.9,0,0.9359419346,0.3501080275,0.0379110016,-0.0042770244,0.1189477071,-0.9928913713,-0.3521286547,0.9291263819,0.1128255576,1,161.8,-411.8,2302.6,1,0.9359418154,-0.1407482773,0.3228045702,-0.0042770132,0.9120449424,0.4100679159,-0.3521286249,-0.3851803541,0.8530190587,1,2.9,-465.8,1880.9,1,-230.0,-140.8,2051.0,1,-18.4,-174.3,1915.2,1,-2.1,-1170.0,2385.9,0,57.9,-821.9,2031.3,1,
23,0.8741827011,0.0257659219,0.4849114716,-0.2098155320,0.9206074476,0.3293318450,-0.4379277825,-0.3896389306,0.8101848364,1,121.7,194.3,2150.4,1,0.8741827011,0.0257659219,0.4849114716,-0.2098155320,0.9206074476,0.3293318450,-0.4379277825,-0.3896389306,0.8101848364,1,116.1,-2.4,2233.6,1,0.8743771315,0.0869137943,0.4773981571,-0.2065755427,0.9568972588,0.2041430026,-0.4390784204,-0.2771173418,0.8546430469,1,98.5,-196.8,2289.9,1,0.7287914753,-0.6759453416,0.1093650386,0.6832121611,0.7284832597,-0.0503299125,-0.0456503257,0.1113995388,0.9927266836,1,-7.1,26.8,2295.5,1,0.0466227420,-0.6759454608,-0.7354754806,-0.1085879579,0.7284833193,-0.6764028072,0.9929929376,0.1113995314,-0.0394356363,1,-215.0,-168.2,2308.6,1,-0.2214169800,0.6226577759,0.7505143881,-0.8610938191,0.2363850772,-0.4501550198,-0.4577029347,-0.7459352612,0.4838271141,1,239.4,-31.5,2171.7,1,-0.7814718485,0.6226578355,-0.0399863757,0.2365677059,0.2363850772,-0.9424213171,-0.5773537755,-0.7459352016,-0.3320290446,1,187.1,-234.9,2063.6,1,1.0000000000,0.0000000000,0.0000000000,-0.0000000000,1.0000000000,-0.0000000000,-0.0000000000,0.0000000000,1.0000000000,0,-1.3,-371.8,2387.5,1,1.0000000000,0.0000000000,0.0000000001,-0.0000000000,1.0000000000,0.0000000001,-0.0000000001,-0.0000000001,1.0000000000,0,-1.3,-778.2,2387.5,0,0.9356796145,0.3498173654,0.0461690202,0.0050090924,0.1176637262,-0.9930409193,-0.3528153896,0.9293993115,0.1083432883,1,163.0,-410.6,2305.0,1,0.9356796741,-0.1471512914,0.3207027912,0.0050090998,0.9143381119,0.4049206078,-0.3528153598,-0.3772694468,0.8562647104,1,4.4,-464.0,1883.7,1,-227.2,-140.0,2050.4,1,-16.4,-173.3,1913.3,1,-1.3,-1169.0,2387.5,0,61.9,-821.1,2031.1,1,
