1,0.9957488775,-0.0439409241,-0.0803229138,0.0633654967,0.9639970660,0.2581882179,0.0660888925,-0.2621893287,0.9627433419,1,-8.4,446.4,1792.5,1,0.9957488775,-0.0439409241,-0.0803229138,0.0633654967,0.9639970660,0.2581882179,0.0660888925,-0.2621893287,0.9627433419,1,0.4,253.8,1844.9,1,0.9961596727,-0.0388711318,-0.0778025985,0.0537289307,0.9784938097,0.1990703344,0.0683942884,-0.2024927437,0.9768855572,1,7.8,67.3,1883.5,1,0.2250215709,-0.6624493003,-0.7145112157,0.9549729824,0.0044113547,0.2966603637,-0.1933705211,-0.7490938902,0.6336137056,1,-133.6,246.6,1835.7,1,0.0543146878,-0.6417834163,-0.7649601102,0.9959262609,-0.0204041824,0.0878326669,-0.0719779357,-0.7666144371,0.6380606890,1,-194.8,-12.9,1888.3,1,0.2629677355,0.5992552042,0.7561357021,-0.9492420554,0.0205020905,0.3138776124,0.1725904197,-0.8002954721,0.5742296576,1,134.4,261.0,1854.1,1,-0.0757120550,0.6116780639,0.7874754667,-0.9966166019,-0.0717543513,-0.0400841981,0.0319861658,-0.7878459692,0.6150411367,1,205.2,5.2,1900.6,1,1.0000000000,0.0000000000,-0.0000000000,-0.0000000000,1.0000000000,0.0000000000,0.0000000000,-0.0000000000,1.0000000000,0,-72.2,-123.9,1916.1,1,1.0000000000,0.0000000000,-0.0000000000,-0.0000000000,1.0000000000,0.0000000000,0.0000000000,-0.0000000000,1.0000000000,0,-72.2,-505.1,1916.1,0,0.8629220128,0.1633496583,-0.4782077074,-0.1289078891,0.9861619473,0.1042471081,0.4886189699,-0.0283123795,0.8720378280,1,102.6,-114.5,1928.1,1,0.8684503436,-0.0000021647,-0.4957760870,-0.0000068710,1.0000000000,-0.0000164022,0.4957760870,0.0000176510,0.8684503436,0,40.3,-490.4,1938.9,1,-208.9,-272.1,1907.0,1,186.0,-248.5,1908.8,1,-72.2,-871.6,1916.1,0,40.3,-856.9,1938.9,0,
2,0.9960749745,-0.0445340574,-0.0758275613,0.0629278794,0.9632979631,0.2608902156,0.0614286475,-0.2646469474,0.9623793960,1,-8.1,442.6,1792.0,1,0.9960749745,-0.0445340574,-0.0758275613,0.0629278794,0.9632979631,0.2608902156,0.0614286475,-0.2646469474,0.9623793960,1,0.8,250.3,1844.8,1,0.9965578914,-0.0376044512,-0.0731890723,0.0515096635,0.9787273407,0.1985078454,0.0641701147,-0.2016010880,0.9773564935,1,7.9,63.8,1883.2,1,0.2268382013,-0.6655120254,-0.7110823989,0.9546883106,0.0075191706,0.2975122631,-0.1926512271,-0.7463491559,0.6370622516,1,-133.3,243.4,1836.2,1,0.0582435504,-0.6450664401,-0.7619034648,0.9950670600,-0.0238811374,0.0962866843,-0.0803064406,-0.7637531161,0.6404935122,1,-193.8,-11.4,1887.6,1,0.2650281489,0.5966286659,0.7574920654,-0.9480145574,0.0177162588,0.3177333772,0.1761489213,-0.8023217916,0.5703079700,1,134.8,257.3,1853.4,1,-0.0757902786,0.6098874807,0.7888555527,-0.9967027903,-0.0693227425,-0.0421640202,0.0289703254,-0.7894501686,0.6131305695,1,205.4,4.6,1900.4,1,1.0000000000,0.0000000000,-0.0000000000,-0.0000000000,1.0000000000,0.0000000000,0.0000000000,-0.0000000000,1.0000000000,0,-72.7,-127.3,1916.0,1,1.0000000000,0.0000000000,-0.0000000000,-0.0000000000,1.0000000000,0.0000000000,0.0000000000,-0.0000000000,1.0000000000,0,-72.7,-508.5,1916.0,0,0.8636702299,0.1578664184,-0.4786980450,-0.1375831515,0.9874599576,0.0774188861,0.4849169850,-0.0010036000,0.8745595217,1,102.9,-118.2,1927.3,1,0.8706703782,-0.0000010824,-0.4918669462,-0.0000033167,1.0000000000,-0.0000080715,0.4918669462,0.0000086590,0.8706703782,0,42.7,-494.6,1927.7,1,-209.0,-270.3,1908.5,1,186.1,-249.1,1907.8,1,-72.7,-875.0,1916.0,0,42.7,-861.2,1927.7,0,
3,0.9961935282,-0.0457477346,-0.0735116526,0.0635036752,0.9631814957,0.2611807883,0.0588590726,-0.2648639679,0.9624803066,1,-8.9,443.7,1791.3,1,0.9961935282,-0.0457477346,-0.0735116526,0.0635036752,0.9631814957,0.2611807883,0.0588590726,-0.2648639679,0.9624803066,1,0.3,251.0,1844.3,1,0.9966237545,-0.0402487628,-0.0708484203,0.0537924059,0.9780830741,0.2010616362,0.0612057410,-0.2042006552,0.9770068526,1,7.9,64.5,1883.2,1,0.2210275978,-0.6677906513,-0.7107758522,0.9563277960,0.0054718554,0.2922450602,-0.1912692934,-0.7443289161,0.6398361921,1,-133.8,243.7,1836.0,1,0.0682925507,-0.6480591893,-0.7585218549,0.9945361018,-0.0159484446,0.1031676978,-0.0789560154,-0.7614229321,0.6434291601,1,-193.7,-15.4,1887.8,1,0.2603999376,0.5941609740,0.7610287666,-0.9498977661,0.0165243596,0.3121238053,0.1728762388,-0.8041765094,0.5686950684,1,134.3,258.2,1852.5,1,-0.0825184286,0.6069588065,0.7904376388,-0.9962619543,-0.0705742911,-0.0498132706,0.0255499724,-0.7915934324,0.6105136871,1,205.4,-0.9,1899.7,1,1.0000000000,0.0000000000,-0.0000000000,-0.0000000000,1.0000000000,0.0000000000,0.0000000000,-0.0000000000,1.0000000000,0,-72.0,-126.6,1916.7,1,1.0000000000,0.0000000000,-0.0000000000,-0.0000000000,1.0000000000,0.0000000000,0.0000000000,-0.0000000000,1.0000000000,0,-72.0,-507.8,1916.7,0,0.8630582690,0.1771944761,-0.4730037749,-0.1476280689,0.9840483069,0.0992725044,0.4830491245,-0.0158493277,0.8754497766,1,103.2,-117.2,1927.5,1,0.8709210157,-0.0000005412,-0.4914229512,-0.0000016563,1.0000000000,-0.0000040366,0.4914229512,0.0000043295,0.8709210157,0,35.7,-492.3,1933.5,1,-211.4,-274.2,1908.4,1,184.4,-254.6,1906.2,1,-72.0,-874.4,1916.7,0,35.7,-858.8,1933.5,0,
4,0.9955940843,-0.0466965102,-0.0806860030,0.0663680658,0.9628479481,0.2616978288,0.0654708371,-0.2659089565,0.9617648125,1,-8.9,444.2,1790.8,1,0.9955940843,-0.0466965102,-0.0806860030,0.0663680658,0.9628479481,0.2616978288,0.0654708371,-0.2659089565,0.9617648125,1,0.5,251.3,1844.1,1,0.9961111546,-0.0399070457,-0.0778994188,0.0547777675,0.9784018993,0.1992358714,0.0682690442,-0.2027349025,0.9768440723,1,8.1,64.9,1882.7,1,0.2222281992,-0.6628786325,-0.7149870992,0.9556423426,0.0027074665,0.2945171893,-0.1932933331,-0.7487219572,0.6340765953,1,-133.5,244.0,1834.9,1,0.0681162775,-0.6433626413,-0.7625252008,0.9943403602,-0.0186812617,0.1045861691,-0.0815317705,-0.7653335929,0.6384489536,1,-193.5,-14.0,1887.1,1,0.2611449361,0.6001840830,0.7560307384,-0.9494298100,0.0182656199,0.3134476542,0.1743168980,-0.7996534109,0.5746026039,1,134.5,258.7,1853.3,1,-0.0849695653,0.6133757234,0.7852072120,-0.9960838556,-0.0716167688,-0.0518447012,0.0244337209,-0.7865374088,0.6170589924,1,205.7,-0.3,1900.8,1,1.0000000000,0.0000000000,-0.0000000000,-0.0000000000,1.0000000000,0.0000000000,0.0000000000,-0.0000000000,1.0000000000,0,-71.8,-126.4,1915.4,1,1.0000000000,0.0000000000,-0.0000000000,-0.0000000000,1.0000000000,0.0000000000,0.0000000000,-0.0000000000,1.0000000000,0,-71.8,-507.6,1915.4,0,0.8591890335,0.1757964045,-0.4805098474,-0.1513018757,0.9844172001,0.0896132663,0.4887758493,-0.0042926837,0.8723987341,1,103.2,-116.8,1927.4,1,0.8675685525,-0.0000002706,-0.4973174930,-0.0000007590,0.9999999404,-0.0000018682,0.4973174632,0.0000019982,0.8675686121,0,36.2,-492.1,1929.0,1,-211.2,-272.8,1908.3,1,184.1,-253.9,1907.0,1,-71.8,-874.2,1915.4,0,36.2,-858.6,1929.0,0,
5,0.9958747029,-0.0447343588,-0.0782991499,0.0639477819,0.9625386596,0.2634324729,0.0635841712,-0.2673620880,0.9614885449,1,-8.8,445.4,1790.2,1,0.9958747029,-0.0447343588,-0.0782991499,0.0639477819,0.9625386596,0.2634324729,0.0635841712,-0.2673620880,0.9614885449,1,0.2,252.6,1843.7,1,0.9962185025,-0.0415701754,-0.0756237730,0.0562198721,0.9774850607,0.2032931447,0.0654730350,-0.2067828625,0.9761867523,1,8.1,66.3,1883.2,1,0.2195717543,-0.6640066504,-0.7147611380,0.9568372369,0.0035890937,0.2906022966,-0.1903965175,-0.7477180958,0.6361342669,1,-133.8,245.0,1834.9,1,0.0667617470,-0.6446243525,-0.7615789175,0.9943997264,-0.0196865164,0.1038346440,-0.0819271654,-0.7642460465,0.6396999359,1,-193.3,-14.2,1886.5,1,0.2624779344,0.5981441736,0.7571848631,-0.9483922124,0.0152234286,0.3167340755,0.1779256910,-0.8012439609,0.5712711215,1,134.2,260.2,1852.6,1,-0.0836633295,0.6145141125,0.7844570279,-0.9963164330,-0.0664489195,-0.0542048104,0.0188167021,-0.7861024141,0.6178098321,1,206.5,-1.1,1901.6,1,1.0000000000,0.0000000000,-0.0000000000,-0.0000000000,1.0000000000,0.0000000000,0.0000000000,-0.0000000000,1.0000000000,0,-71.4,-124.9,1916.8,1,1.0000000000,0.0000000000,-0.0000000000,-0.0000000000,1.0000000000,0.0000000000,0.0000000000,-0.0000000000,1.0000000000,0,-71.4,-506.1,1916.8,0,0.8624494076,0.1540805250,-0.4821204543,-0.1372628808,0.9880423546,0.0702226758,0.4871753752,0.0056137331,0.8732860684,1,103.5,-115.1,1928.3,1,0.8694506884,-0.0000001353,-0.4940198064,-0.0000003759,1.0000000000,-0.0000009355,0.4940198064,0.0000009991,0.8694506884,0,44.7,-491.7,1926.2,1,-210.7,-273.0,1907.8,1,185.2,-254.8,1906.4,1,-71.4,-872.7,1916.8,0,44.7,-858.2,1926.2,0,
6,0.9954838157,-0.0462629907,-0.0822803378,0.0664469525,0.9625635147,0.2627221048,0.0670486242,-0.2670121193,0.9613503814,1,-9.5,446.7,1790.9,1,0.9954838157,-0.0462629907,-0.0822803378,0.0664469525,0.9625635147,0.2627221048,0.0670486242,-0.2670121193,0.9613503814,1,-0.3,253.9,1844.4,1,0.9958252311,-0.0438673496,-0.0794110224,0.0590971187,0.9777997732,0.2009502351,0.0688359961,-0.2048110515,0.9763710499,1,8.1,67.5,1883.4,1,0.2233353555,-0.6615558267,-0.7158666849,0.9550216794,0.0015308559,0.2965319455,-0.1950765699,-0.7498942614,0.6321420670,1,-134.2,245.9,1835.1,1,0.0580008365,-0.6406036019,-0.7656780481,0.9951164126,-0.0242623761,0.0956800878,-0.0798701867,-0.7674883604,0.6360679269,1,-194.8,-13.1,1888.1,1,0.2642212510,0.6000798941,0.7550439239,-0.9484369755,0.0195468664,0.3163624406,0.1750839800,-0.7997012734,0.5743026733,1,133.7,261.8,1853.7,1,-0.0788889527,0.6149687767,0.7845953703,-0.9965242147,-0.0697737709,-0.0455088839,0.0267576296,-0.7854584455,0.6183357239,1,206.1,2.0,1901.6,1,1.0000000000,0.0000000000,-0.0000000000,-0.0000000000,1.0000000000,0.0000000000,0.0000000000,-0.0000000000,1.0000000000,0,-71.0,-124.1,1916.4,1,1.0000000000,0.0000000000,-0.0000000000,-0.0000000000,1.0000000000,0.0000000000,0.0000000000,-0.0000000000,1.0000000000,0,-71.0,-505.2,1916.4,0,0.8626138568,0.1559265405,-0.4812320769,-0.1268406212,0.9875885248,0.0926305354,0.4897028208,-0.0188645981,0.8716853261,1,103.9,-113.7,1928.5,1,0.8680186272,-0.0000000624,-0.4965316057,-0.0000001112,1.0000000000,-0.0000003201,0.4965316057,0.0000003330,0.8680186272,0,44.4,-490.1,1935.7,1,-209.9,-272.1,1908.8,1,186.0,-251.7,1908.4,1,-71.0,-871.8,1916.4,0,44.4,-856.7,1935.7,0,
7,0.9954225421,-0.0481645577,-0.0819304958,0.0678148791,0.9639413953,0.2572638392,0.0665880591,-0.2616511583,0.9628552794,1,-10.2,446.0,1792.4,1,0.9954225421,-0.0481645577,-0.0819304958,0.0678148791,0.9639413953,0.2572638392,0.0665880591,-0.2616511583,0.9628552794,1,-0.5,253.2,1844.7,1,0.9958071113,-0.0451322049,-0.0789284408,0.0598058552,0.9790115356,0.1947446316,0.0684856549,-0.1986548454,0.9776667953,1,8.1,66.6,1882.6,1,0.2265237868,-0.6619690657,-0.7144815326,0.9542793036,0.0039510280,0.2988902032,-0.1950331181,-0.7495207191,0.6325984597,1,-134.5,245.2,1835.5,1,0.0462035201,-0.6397271156,-0.7672122121,0.9960649014,-0.0286450256,0.0838707834,-0.0756312311,-0.7680683136,0.6358861327,1,-195.6,-12.2,1888.1,1,0.2676988542,0.6008982062,0.7531657219,-0.9471496940,0.0207117349,0.3201224506,0.1767616272,-0.7990570664,0.5746850967,1,133.4,261.3,1853.9,1,-0.0753676072,0.6165841222,0.7836732268,-0.9966731668,-0.0710310638,-0.0399659425,0.0310227778,-0.7840781808,0.6198862195,1,205.8,5.2,1901.7,1,1.0000000000,0.0000000000,-0.0000000000,-0.0000000000,1.0000000000,0.0000000000,0.0000000000,-0.0000000000,1.0000000000,0,-70.9,-125.2,1914.4,1,1.0000000000,0.0000000000,-0.0000000000,-0.0000000000,1.0000000000,0.0000000000,0.0000000000,-0.0000000000,1.0000000000,0,-70.9,-506.4,1914.4,0,0.8614112735,0.1629955769,-0.4810437560,-0.1394518167,0.9866099358,0.0845820606,0.4883890450,-0.0057775150,0.8726068139,1,104.2,-114.7,1926.5,1,0.8683035970,-0.0000000312,-0.4960331917,-0.0000001381,1.0000000000,-0.0000003047,0.4960331917,0.0000003330,0.8683035970,0,42.1,-490.8,1928.7,1,-207.6,-271.4,1907.8,1,186.6,-248.6,1909.6,1,-70.9,-873.0,1914.4,0,42.1,-857.4,1928.7,0,
8,0.9955468774,-0.0488914885,-0.0799655020,0.0679983497,0.9639418721,0.2572133839,0.0645093247,-0.2615144253,0.9630338550,1,-9.7,444.4,1791.4,1,0.9955468774,-0.0488914885,-0.0799655020,0.0679983497,0.9639418721,0.2572133839,0.0645093247,-0.2615144253,0.9630338550,1,0.0,251.5,1843.7,1,0.9959889650,-0.0441221446,-0.0771854669,0.0587673187,0.9781845212,0.1991662979,0.0667169169,-0.2029100507,0.9769148827,1,8.5,65.0,1882.4,1,0.2233401090,-0.6631474495,-0.7143910527,0.9552668929,0.0031419247,0.2957285345,-0.1938670874,-0.7484821677,0.6341844797,1,-133.9,243.6,1834.8,1,0.0563922413,-0.6428616047,-0.7639036775,0.9948521256,-0.0283431262,0.0972932130,-0.0841974914,-0.7654578090,0.6379538774,1,-194.1,-13.7,1887.0,1,0.2616351843,0.5992796421,0.7565784454,-0.9490088820,0.0168973356,0.3147960305,0.1758667082,-0.8003613353,0.5731426477,1,134.0,259.4,1852.7,1,-0.0719852597,0.6146167517,0.7855345011,-0.9967378974,-0.0731443241,-0.0341101699,0.0364927053,-0.7854273915,0.6178771257,1,205.1,1.7,1900.5,1,1.0000000000,0.0000000000,-0.0000000000,-0.0000000000,1.0000000000,0.0000000000,0.0000000000,-0.0000000000,1.0000000000,0,-70.6,-126.6,1915.2,1,1.0000000000,0.0000000000,-0.0000000000,-0.0000000000,1.0000000000,0.0000000000,0.0000000000,-0.0000000000,1.0000000000,0,-70.6,-507.8,1915.2,0,0.8629698753,0.1518224180,-0.4819056690,-0.1322790533,0.9884076118,0.0745158866,0.4876323938,-0.0005589476,0.8730489612,1,104.3,-116.3,1926.9,1,0.8692421913,-0.0000000208,-0.4943866134,0.0000000181,1.0000000000,-0.0000000103,0.4943866134,0.0000000000,0.8692421913,0,46.4,-493.0,1927.2,1,-208.8,-272.6,1908.9,1,186.7,-252.1,1909.7,1,-70.6,-874.3,1915.2,0,46.4,-859.6,1927.2,0,
9,0.9960359931,-0.0475992411,-0.0744648650,0.0653969422,0.9637142420,0.2587364316,0.0594496205,-0.2625895441,0.9630669355,1,-9.5,444.9,1790.9,1,0.9960359931,-0.0475992411,-0.0744648650,0.0653969422,0.9637142420,0.2587364316,0.0594496205,-0.2625895441,0.9630669355,1,0.0,252.1,1843.4,1,0.9964079261,-0.0439862348,-0.0716576651,0.0575105101,0.9782496691,0.1992131770,0.0613390468,-0.2026252747,0.9773263931,1,8.4,65.7,1882.0,1,0.2187076509,-0.6678864956,-0.7114033103,0.9566580057,0.0030986965,0.2911974490,-0.1922824234,-0.7442567348,0.6396166086,1,-134.0,244.4,1835.1,1,0.0561260432,-0.6476651430,-0.7598551512,0.9953029156,-0.0238327570,0.0938311070,-0.0788805783,-0.7615523934,0.6432852149,1,-193.5,-15.9,1887.4,1,0.2614731491,0.5959451199,0.7592636347,-0.9485970736,0.0133400261,0.3162048459,0.1783121079,-0.8029143810,0.5687999725,1,134.1,259.8,1851.6,1,-0.0738054514,0.6127809882,0.7867987156,-0.9967162609,-0.0716751516,-0.0376740880,0.0333079509,-0.7869956493,0.6160588264,1,206.2,-1.8,1900.8,1,1.0000000000,0.0000000000,-0.0000000000,-0.0000000000,1.0000000000,0.0000000000,0.0000000000,-0.0000000000,1.0000000000,0,-70.9,-125.9,1915.2,1,1.0000000000,0.0000000000,-0.0000000000,-0.0000000000,1.0000000000,0.0000000000,0.0000000000,-0.0000000000,1.0000000000,0,-70.9,-507.1,1915.2,0,0.8662030697,0.1514682025,-0.4761824310,-0.1279183924,0.9884129167,0.0817120001,0.4830416143,-0.0098666893,0.8755418062,1,104.5,-115.7,1926.0,1,0.8719730377,-0.0000000000,-0.4895539880,0.0000000000,1.0000000000,0.0000000000,0.4895539880,0.0000000000,0.8719730377,0,46.7,-492.5,1929.8,1,-208.1,-274.9,1908.0,1,187.4,-255.5,1909.3,1,-70.9,-873.6,1915.2,0,46.7,-859.1,1929.8,0,
10,0.9957552552,-0.0463144630,-0.0788978338,0.0652914420,0.9638532996,0.2582448423,0.0640881360,-0.2623088956,0.9628459215,1,-8.9,444.6,1791.8,1,0.9957552552,-0.0463144630,-0.0788978338,0.0652914420,0.9638532996,0.2582448423,0.0640881360,-0.2623088956,0.9628459215,1,0.3,252.1,1844.2,1,0.9960575700,-0.0446200445,-0.0760048628,0.0588329174,0.9787309170,0.1964439154,0.0656258389,-0.2001474947,0.9775584936,1,8.9,65.5,1882.3,1,0.2191953361,-0.6643355489,-0.7145708799,0.9568003416,0.0029785335,0.2907303572,-0.1910141557,-0.7474283576,0.6362894773,1,-133.6,244.2,1835.3,1,0.0594522879,-0.6450951099,-0.7617857456,0.9948163033,-0.0247791931,0.0986222848,-0.0824972019,-0.7637001872,0.6402781010,1,-193.0,-15.1,1887.1,1,0.2631189227,0.5996816754,0.7557448745,-0.9482553601,0.0164602995,0.3170818388,0.1777083725,-0.8000693321,0.5729823709,1,134.3,260.0,1853.0,1,-0.0750154406,0.6170917153,0.7833074927,-0.9969254136,-0.0642428398,-0.0448624380,0.0226376578,-0.7842645645,0.6200135946,1,206.8,-1.1,1901.9,1,1.0000000000,0.0000000000,-0.0000000000,-0.0000000000,1.0000000000,0.0000000000,0.0000000000,-0.0000000000,1.0000000000,0,-70.0,-126.2,1914.7,1,1.0000000000,0.0000000000,-0.0000000000,-0.0000000000,1.0000000000,0.0000000000,0.0000000000,-0.0000000000,1.0000000000,0,-70.0,-507.4,1914.7,0,0.8670274615,0.1449808329,-0.4767009914,-0.1100104377,0.9888214469,0.1006461233,0.4859639108,-0.0348208658,0.8732849360,1,104.7,-115.8,1926.2,1,0.8706309199,-0.0000000000,-0.4919367433,0.0000000000,1.0000000000,0.0000000000,0.4919367433,0.0000000000,0.8706309199,0,49.5,-492.8,1939.5,1,-208.5,-274.0,1908.6,1,187.7,-254.9,1907.7,1,-70.0,-873.9,1914.7,0,49.5,-859.3,1939.5,0,
11,0.9953381419,-0.0471647941,-0.0835224614,0.0682469234,0.9600973129,0.2711496055,0.0674038902,-0.2755953074,0.9589001536,1,-8.8,443.3,1787.4,1,0.9953381419,-0.0471647941,-0.0835224614,0.0682469234,0.9600973129,0.2711496055,0.0674038902,-0.2755953074,0.9589001536,1,0.6,251.6,1842.4,1,0.9957298040,-0.0440899357,-0.0804776624,0.0599338599,0.9765852690,0.2065304667,0.0694904998,-0.2104789764,0.9751185179,1,9.0,65.5,1882.5,1,0.2306537628,-0.6605632901,-0.7144613266,0.9503635764,-0.0046459585,0.3111069202,-0.2088251561,-0.7507559657,0.6267036200,1,-133.3,243.6,1833.0,1,0.0399458706,-0.6353102326,-0.7712231874,0.9969934225,-0.0259451456,0.0730125755,-0.0663951337,-0.7718210220,0.6323637962,1,-196.1,-15.0,1889.9,1,0.2631380260,0.6015601158,0.7542438507,-0.9474960566,0.0139100105,0.3194649518,0.1816858351,-0.7987064123,0.5736359954,1,134.6,259.7,1851.7,1,-0.0742132515,0.6179849505,0.7826792598,-0.9969012737,-0.0664988458,-0.0420197621,0.0260796901,-0.7833723426,0.6210051775,1,207.1,-1.4,1901.8,1,1.0000000000,0.0000000000,-0.0000000000,-0.0000000000,1.0000000000,0.0000000000,0.0000000000,-0.0000000000,1.0000000000,0,-70.1,-125.9,1916.5,1,1.0000000000,0.0000000000,-0.0000000000,-0.0000000000,1.0000000000,0.0000000000,0.0000000000,-0.0000000000,1.0000000000,0,-70.1,-507.1,1916.5,0,0.8616137505,0.1468857974,-0.4858459532,-0.1266670972,0.9891501069,0.0744145066,0.4915050268,-0.0025758767,0.8708709478,1,104.9,-115.3,1928.7,1,0.8673201203,-0.0000000000,-0.4977505803,0.0000000000,1.0000000000,0.0000000000,0.4977505803,0.0000000000,0.8673201203,0,48.9,-492.4,1929.7,1,-206.5,-274.4,1907.1,1,188.2,-255.2,1908.4,1,-70.1,-873.6,1916.5,0,48.9,-858.9,1929.7,0,
12,0.9945010543,-0.0506626368,-0.0911011621,0.0743155852,0.9574438930,0.2788279951,0.0731014013,-0.2840750813,0.9560036659,1,-9.4,445.0,1784.7,1,0.9945010543,-0.0506626368,-0.0911011621,0.0743155852,0.9574438930,0.2788279951,0.0731014013,-0.2840750813,0.9560036659,1,0.7,253.1,1841.6,1,0.9950469136,-0.0454858914,-0.0878133178,0.0633452833,0.9750344157,0.2127461880,0.0759475902,-0.2172625065,0.9731471539,1,9.4,67.3,1883.0,1,0.2302427292,-0.6550403237,-0.7196599841,0.9498333335,-0.0095877051,0.3126095235,-0.2116717249,-0.7555330992,0.6199716330,1,-133.1,244.6,1831.4,1,0.0390044600,-0.6276955605,-0.7774811983,0.9971190691,-0.0262065139,0.0711808950,-0.0650549978,-0.7780176997,0.6248650551,1,-196.0,-14.8,1889.2,1,0.2616533637,0.6052613258,0.7517954111,-0.9482493401,0.0160289854,0.3171220124,0.1798911691,-0.7958655357,0.5781326294,1,134.6,261.6,1851.9,1,-0.0728348717,0.6206114888,0.7807281613,-0.9967687726,-0.0718812346,-0.0358501226,0.0338707119,-0.7808166146,0.6238415241,1,206.8,-0.2,1901.5,1,1.0000000000,0.0000000000,-0.0000000000,-0.0000000000,1.0000000000,0.0000000000,0.0000000000,-0.0000000000,1.0000000000,0,-69.0,-124.1,1917.8,1,1.0000000000,0.0000000000,-0.0000000000,-0.0000000000,1.0000000000,0.0000000000,0.0000000000,-0.0000000000,1.0000000000,0,-69.0,-505.3,1917.8,0,0.8575140834,0.1427304149,-0.4942646325,-0.1281934828,0.9897207618,0.0633982569,0.4982328117,0.0089966105,0.8669965267,1,105.2,-113.0,1931.1,1,0.8635051847,-0.0000000000,-0.5043399930,0.0000000000,1.0000000000,0.0000000000,0.5043399930,0.0000000000,0.8635051847,0,50.8,-490.3,1927.7,1,-206.2,-274.3,1906.2,1,188.3,-254.0,1910.1,1,-69.0,-871.8,1917.8,0,50.8,-856.8,1927.7,0,
13,0.9942798615,-0.0524769127,-0.0924784094,0.0757207796,0.9600446224,0.2693458200,0.0746523663,-0.2748172283,0.9585864544,1,-9.2,445.4,1787.7,1,0.9942798615,-0.0524769127,-0.0924784094,0.0757207796,0.9600446224,0.2693458200,0.0746523663,-0.2748172283,0.9585864544,1,1.3,253.0,1842.8,1,0.9948153496,-0.0479432233,-0.0891195908,0.0653929859,0.9766479731,0.2045680732,0.0772344470,-0.2093422711,0.9747804999,1,10.5,66.8,1882.7,1,0.2389053106,-0.6533180475,-0.7184008956,0.9483423829,-0.0020556897,0.3172421753,-0.2087368220,-0.7570808530,0.6190780401,1,-132.5,244.2,1832.4,1,0.0399871804,-0.6257767677,-0.7789764404,0.9970070124,-0.0266363975,0.0725772157,-0.0661662668,-0.7795470953,0.6228387356,1,-197.5,-13.9,1889.2,1,0.2555411756,0.6071966290,0.7523369789,-0.9511319995,0.0183709711,0.3082376420,0.1733397096,-0.7943391800,0.5822186470,1,135.1,261.7,1853.2,1,-0.0690127015,0.6228848696,0.7792635560,-0.9970479012,-0.0694188774,-0.0328117423,0.0336576700,-0.7792275548,0.6258367300,1,205.7,-0.9,1901.0,1,1.0000000000,0.0000000000,-0.0000000000,-0.0000000000,1.0000000000,0.0000000000,0.0000000000,-0.0000000000,1.0000000000,0,-67.3,-125.0,1915.8,1,1.0000000000,0.0000000000,-0.0000000000,-0.0000000000,1.0000000000,0.0000000000,0.0000000000,-0.0000000000,1.0000000000,0,-67.3,-506.2,1915.8,0,0.8525657654,0.1669197381,-0.4952468574,-0.1614559591,0.9853919148,0.0541740619,0.4970549643,0.0337736160,0.8670614958,1,106.5,-113.6,1929.3,1,0.8628787398,-0.0000000000,-0.5054109693,0.0000000000,1.0000000000,0.0000000000,0.5054109693,0.0000000000,0.8628787398,0,42.8,-489.2,1916.4,1,-207.9,-273.3,1906.4,1,188.1,-254.7,1909.6,1,-67.3,-872.8,1915.8,0,42.8,-855.8,1916.4,0,
14,0.9944093227,-0.0524798930,-0.0910732970,0.0746934637,0.9624323249,0.2609813809,0.0739588961,-0.2663340569,0.9610316753,1,-9.9,445.5,1790.2,1,0.9944093227,-0.0524798930,-0.0910732970,0.0746934637,0.9624323249,0.2609813809,0.0739588961,-0.2663340569,0.9610316753,1,0.6,252.8,1843.5,1,0.9947049022,-0.0525251776,-0.0877594650,0.0692339242,0.9773775339,0.1997633576,0.0752850622,-0.2047882527,0.9758997560,1,10.6,66.5,1882.5,1,0.2441838235,-0.6534394026,-0.7165132165,0.9474826455,0.0034077615,0.3197891414,-0.2065211236,-0.7569711804,0.6199545860,1,-133.2,243.5,1833.4,1,0.0325474851,-0.6247434616,-0.7801514268,0.9973711371,-0.0302587580,0.0658409223,-0.0647400990,-0.7802434564,0.6221163273,1,-199.3,-13.0,1889.3,1,0.2547093034,0.6059423089,0.7536292076,-0.9521795511,0.0211548358,0.3048055768,0.1687517017,-0.7952271700,0.5823542476,1,134.4,262.1,1853.6,1,-0.0692663863,0.6222335100,0.7797613144,-0.9970148802,-0.0699025467,-0.0327842906,0.0341078117,-0.7797045112,0.6252180338,1,204.7,-0.6,1900.2,1,1.0000000000,0.0000000000,-0.0000000000,-0.0000000000,1.0000000000,0.0000000000,0.0000000000,-0.0000000000,1.0000000000,0,-66.5,-125.8,1915.0,1,1.0000000000,0.0000000000,-0.0000000000,-0.0000000000,1.0000000000,0.0000000000,0.0000000000,-0.0000000000,1.0000000000,0,-66.5,-507.0,1915.0,0,0.8543300033,0.1727625728,-0.4901767075,-0.1600418389,0.9847555757,0.0681394264,0.4944761992,0.0202352181,0.8689555526,1,107.8,-113.7,1928.2,1,0.8642079234,-0.0000000000,-0.5031347871,0.0000000000,1.0000000000,0.0000000000,0.5031347871,0.0000000000,0.8642079234,0,41.9,-489.1,1920.4,1,-207.8,-272.6,1906.1,1,187.1,-254.4,1908.9,1,-66.5,-873.5,1915.0,0,41.9,-855.6,1920.4,0,
15,0.9939801097,-0.0528540201,-0.0954385027,0.0773177892,0.9584667087,0.2744631767,0.0769715905,-0.2801999450,0.9568431973,1,-10.6,443.6,1786.1,1,0.9939801097,-0.0528540201,-0.0954385027,0.0773177892,0.9584667087,0.2744631767,0.0769715905,-0.2801999450,0.9568431973,1,-0.0,251.8,1842.2,1,0.9942299128,-0.0543922856,-0.0919070467,0.0728150979,0.9747950435,0.2108037174,0.0781281665,-0.2162870169,0.9731918573,1,10.4,66.0,1883.4,1,0.2452861369,-0.6497252584,-0.7195080519,0.9446655512,-0.0065617114,0.3279694617,-0.2178112417,-0.7601408362,0.6121635437,1,-133.8,242.0,1831.7,1,0.0291317794,-0.6179292798,-0.7856938243,0.9979599118,-0.0266922023,0.0579949208,-0.0568086542,-0.7857804298,0.6158911586,1,-200.1,-13.7,1890.6,1,0.2614964843,0.6066550016,0.7507259250,-0.9493803978,0.0214009434,0.3133988976,0.1740587503,-0.7946771979,0.5815426707,1,133.7,261.6,1852.7,1,-0.0762903541,0.6220940948,0.7792167664,-0.9966090322,-0.0717353821,-0.0403039455,0.0308245700,-0.7796493173,0.6254573464,1,206.0,-0.8,1900.8,1,1.0000000000,0.0000000000,-0.0000000000,-0.0000000000,1.0000000000,0.0000000000,0.0000000000,-0.0000000000,1.0000000000,0,-66.6,-126.1,1917.7,1,1.0000000000,0.0000000000,-0.0000000000,-0.0000000000,1.0000000000,0.0000000000,0.0000000000,-0.0000000000,1.0000000000,0,-66.6,-507.3,1917.7,0,0.8533285260,0.1537108570,-0.4982000887,-0.1495202482,0.9875638485,0.0485936962,0.4994737804,0.0330246165,0.8656992912,1,108.0,-113.4,1931.5,1,0.8621174097,-0.0000000000,-0.5067086220,0.0000000000,1.0000000000,0.0000000000,0.5067086220,0.0000000000,0.8621174097,0,49.4,-489.8,1918.9,1,-207.7,-273.4,1905.4,1,186.6,-254.5,1908.6,1,-66.6,-873.9,1917.7,0,49.4,-856.3,1918.9,0,
16,0.9931375980,-0.0549349785,-0.1027542800,0.0816239342,0.9573522806,0.2770937085,0.0831537470,-0.2835894823,0.9553260803,1,-11.2,445.1,1784.6,1,0.9931375980,-0.0549349785,-0.1027542800,0.0816239342,0.9573522806,0.2770937085,0.0831537470,-0.2835894823,0.9553260803,1,-0.2,253.2,1841.4,1,0.9934836030,-0.0554659255,-0.0990575403,0.0755698904,0.9742354751,0.2124149948,0.0847277194,-0.2185241580,0.9721392989,1,10.3,67.5,1883.1,1,0.2498738766,-0.6454888582,-0.7217389941,0.9407345057,-0.0146847367,0.3388258219,-0.2293068469,-0.7636284828,0.6035643220,1,-133.9,243.0,1830.1,1,0.0182076916,-0.6099596620,-0.7922232151,0.9989058375,-0.0230408981,0.0406978540,-0.0430775844,-0.7920973897,0.6088727117,1,-202.2,-14.2,1892.7,1,0.2579586506,0.6111651659,0.7482877374,-0.9509002566,0.0235105902,0.3086033165,0.1710149199,-0.7911539078,0.5872218609,1,133.4,263.3,1852.8,1,-0.0746669471,0.6260645986,0.7761880755,-0.9967489839,-0.0704815835,-0.0390345827,0.0302687939,-0.7765792608,0.6292919517,1,204.9,-0.2,1900.2,1,1.0000000000,0.0000000000,-0.0000000000,-0.0000000000,1.0000000000,0.0000000000,0.0000000000,-0.0000000000,1.0000000000,0,-66.3,-124.8,1917.3,1,1.0000000000,0.0000000000,-0.0000000000,-0.0000000000,1.0000000000,0.0000000000,0.0000000000,-0.0000000000,1.0000000000,0,-66.3,-506.0,1917.3,0,0.8441433311,0.1795616597,-0.5051533580,-0.1829841882,0.9821601510,0.0433401912,0.5039237142,0.0558497347,0.8619407415,1,108.1,-111.6,1932.2,1,0.8577820063,-0.0000000000,-0.5140135288,0.0000000000,1.0000000000,0.0000000000,0.5140135288,0.0000000000,0.8577820063,0,39.7,-485.9,1910.9,1,-206.9,-274.1,1903.9,1,185.9,-253.9,1907.9,1,-66.3,-872.6,1917.3,0,39.7,-852.5,1910.9,0,
17,0.9926746488,-0.0546599887,-0.1072750464,0.0825942010,0.9574573636,0.2764421105,0.0876050591,-0.2832874656,0.9550178647,1,-12.3,444.4,1785.0,1,0.9926746488,-0.0546599887,-0.1072750464,0.0825942010,0.9574573636,0.2764421105,0.0876050591,-0.2832874656,0.9550178647,1,-1.4,252.7,1841.7,1,0.9929584861,-0.0566725023,-0.1035387143,0.0776693076,0.9742447138,0.2116139084,0.0888837725,-0.2181731761,0.9718469381,1,9.4,67.0,1883.3,1,0.2604074776,-0.6417841911,-0.7213190198,0.9361424446,-0.0149925053,0.3513014317,-0.2362740785,-0.7667388320,0.5968971848,1,-135.0,242.2,1829.7,1,0.0130808689,-0.6038572788,-0.7969850302,0.9990920424,-0.0244273823,0.0349061042,-0.0405465700,-0.7967180610,0.6029894352,1,-205.5,-11.2,1893.7,1,0.2596358955,0.6134119630,0.7458653450,-0.9509803653,0.0280376226,0.3079778552,0.1680049896,-0.7892653942,0.5906221867,1,132.2,263.1,1853.7,1,-0.0707736239,0.6269937158,0.7758028507,-0.9969654679,-0.0697379708,-0.0345881768,0.0324163437,-0.7758965492,0.6300267577,1,203.1,3.4,1899.5,1,1.0000000000,0.0000000000,-0.0000000000,-0.0000000000,1.0000000000,0.0000000000,0.0000000000,-0.0000000000,1.0000000000,0,-67.5,-125.5,1917.0,1,1.0000000000,0.0000000000,-0.0000000000,-0.0000000000,1.0000000000,0.0000000000,0.0000000000,-0.0000000000,1.0000000000,0,-67.5,-506.7,1917.0,0,0.8389605880,0.1906340122,-0.5097095966,-0.1999915838,0.9790983796,0.0370101072,0.5061112046,0.0708876103,0.8595501184,1,108.0,-111.8,1932.7,1,0.8554798961,-0.0000000000,-0.5178360939,0.0000000000,1.0000000000,0.0000000000,0.5178360939,0.0000000000,0.8554798961,0,35.3,-485.0,1905.7,1,-208.9,-271.2,1904.3,1,185.1,-250.5,1907.8,1,-67.5,-873.3,1917.0,0,35.3,-851.6,1905.7,0,
18,0.9924105406,-0.0554843433,-0.1092770547,0.0842374414,0.9564587474,0.2793874741,0.0890216380,-0.2864826024,0.9539330602,1,-12.7,443.1,1784.2,1,0.9924105406,-0.0554843433,-0.1092770547,0.0842374414,0.9564587474,0.2793874741,0.0890216380,-0.2864826024,0.9539330602,1,-1.6,252.1,1841.4,1,0.9928923845,-0.0539418012,-0.1056108177,0.0757382587,0.9737173319,0.2147184163,0.0912573412,-0.2211988121,0.9709425569,1,8.7,66.5,1883.6,1,0.2579748929,-0.6402641535,-0.7235404253,0.9373482466,-0.0156352520,0.3480427861,-0.2341520339,-0.7679956555,0.5961170197,1,-135.1,241.9,1829.2,1,0.0192385186,-0.6034854650,-0.7971418500,0.9988512993,-0.0233953819,0.0418183915,-0.0438862331,-0.7970306873,0.6023421288,1,-204.8,-11.0,1892.3,1,0.2631463110,0.6141080856,0.7440599203,-0.9498502016,0.0298672616,0.3112757504,0.1689339280,-0.7886565328,0.5911701322,1,132.0,262.3,1853.7,1,-0.0758266672,0.6266545057,0.7755993605,-0.9967660308,-0.0683912411,-0.0421915725,0.0266046654,-0.7762902975,0.6298137903,1,203.9,2.6,1899.9,1,1.0000000000,0.0000000000,-0.0000000000,-0.0000000000,1.0000000000,0.0000000000,0.0000000000,-0.0000000000,1.0000000000,0,-68.7,-125.8,1917.7,1,1.0000000000,0.0000000000,-0.0000000000,-0.0000000000,1.0000000000,0.0000000000,0.0000000000,-0.0000000000,1.0000000000,0,-68.7,-507.0,1917.7,0,0.8352385163,0.2015068233,-0.5116362572,-0.2098799646,0.9768205881,0.0420928262,0.5082588196,0.0722246468,0.8581705093,1,106.7,-112.4,1933.8,1,0.8532957435,-0.0000000000,-0.5214272738,0.0000000000,1.0000000000,0.0000000000,0.5214272738,0.0000000000,0.8532957435,0,29.9,-484.8,1906.3,1,-209.8,-271.0,1903.8,1,184.6,-251.2,1906.7,1,-68.7,-873.5,1917.7,0,29.9,-851.3,1906.3,0,
19,0.9918606877,-0.0550745353,-0.1143581942,0.0856252611,0.9554094672,0.2825379372,0.0937027857,-0.2900407314,0.9524083138,1,-12.7,443.0,1783.0,1,0.9918606877,-0.0550745353,-0.1143581942,0.0856252611,0.9554094672,0.2825379372,0.0937027857,-0.2900407314,0.9524083138,1,-1.7,252.5,1840.9,1,0.9923017621,-0.0545928292,-0.1107044816,0.0778707191,0.9727525711,0.2182986587,0.0957753658,-0.2252467871,0.9695758224,1,8.7,67.1,1883.8,1,0.2637485862,-0.6348620057,-0.7262141109,0.9354155660,-0.0154268891,0.3532133698,-0.2354449332,-0.7724715471,0.5897909999,1,-135.2,242.0,1828.0,1,0.0126654208,-0.5957822204,-0.8030461669,0.9989430308,-0.0279508643,0.0364918709,-0.0441870429,-0.8026595712,0.5947984457,1,-206.7,-11.4,1891.8,1,0.2598510683,0.6181408167,0.7418754697,-0.9499979615,0.0258844495,0.3111812472,0.1731508374,-0.7856409550,0.5939586759,1,131.7,262.9,1853.8,1,-0.0746599287,0.6315149069,0.7717608809,-0.9969024062,-0.0664592162,-0.0420579314,0.0247304123,-0.7725102901,0.6345204711,1,201.9,6.6,1900.5,1,1.0000000000,0.0000000000,-0.0000000000,-0.0000000000,1.0000000000,0.0000000000,0.0000000000,-0.0000000000,1.0000000000,0,-68.4,-125.2,1918.3,1,1.0000000000,0.0000000000,-0.0000000000,-0.0000000000,1.0000000000,0.0000000000,0.0000000000,-0.0000000000,1.0000000000,0,-68.4,-506.4,1918.3,0,0.8934689164,0.1652967930,-0.4176005721,-0.1707106829,0.9850127697,0.0246522091,0.4154168367,0.0492629074,0.9082962275,0,106.5,-111.5,1935.2,1,0.8805994987,-0.0000000000,-0.4738612771,0.0000000000,1.0000000000,-0.0000000000,0.4738612771,0.0000000000,0.8805994987,0,43.5,-487.0,1916.4,0,-210.0,-271.4,1903.3,1,182.8,-247.2,1906.8,1,-68.4,-872.9,1918.3,0,43.5,-853.5,1916.4,0,
20,0.9912085533,-0.0569218881,-0.1190133765,0.0884821415,0.9559820890,0.2797064185,0.0978580117,-0.2877883315,0.9526736736,1,-14.3,444.9,1783.8,1,0.9912085533,-0.0569218881,-0.1190133765,0.0884821415,0.9559820890,0.2797064185,0.0978580117,-0.2877883315,0.9526736736,1,-2.9,253.6,1841.4,1,0.9916196465,-0.0575785041,-0.1152119115,0.0815557167,0.9730386734,0.2156621367,0.0996932387,-0.2232588828,0.9696406722,1,8.1,68.1,1883.9,1,0.2727605999,-0.6315884590,-0.7257393599,0.9311882854,-0.0163137615,0.3641734421,-0.2418473065,-0.7751321197,0.5836779475,1,-136.2,242.6,1828.0,1,0.0012004308,-0.5891368389,-0.8080323339,0.9993564487,-0.0282608755,0.0220896881,-0.0358495526,-0.8075388670,0.5887237787,1,-209.3,-6.8,1892.7,1,0.2584575713,0.6210138202,0.7399604917,-0.9509755969,0.0288936198,0.3079131246,0.1698381603,-0.7832668424,0.5980368257,1,130.5,264.5,1854.8,1,-0.0746417716,0.6347642541,0.7690922618,-0.9970690012,-0.0604919940,-0.0468407273,0.0167911090,-0.7703343630,0.6374189854,1,200.6,6.7,1900.9,1,1.0000000000,0.0000000000,-0.0000000000,-0.0000000000,1.0000000000,0.0000000000,0.0000000000,-0.0000000000,1.0000000000,0,-68.3,-124.5,1917.7,1,1.0000000000,0.0000000000,-0.0000000000,-0.0000000000,1.0000000000,0.0000000000,0.0000000000,-0.0000000000,1.0000000000,0,-68.3,-505.7,1917.7,0,0.8297953010,0.2047470510,-0.5191516280,-0.2147904187,0.9757772088,0.0415204950,0.5150774717,0.0770552829,0.8536730409,1,106.5,-110.2,1935.3,1,0.8486130238,-0.0004305563,-0.5290139318,0.0012880405,0.9999983311,0.0012523155,0.5290125012,-0.0017441226,0.8486122489,0,28.4,-482.1,1905.9,1,-209.6,-266.8,1902.1,1,181.6,-247.1,1905.1,1,-68.3,-872.3,1917.7,0,28.6,-848.7,1906.6,0,
21,0.9907731414,-0.0574380122,-0.1223436594,0.0900473967,0.9555702806,0.2806128263,0.1007950157,-0.2890508175,0.9519850016,1,-15.4,444.3,1784.0,1,0.9907731414,-0.0574380122,-0.1223436594,0.0900473967,0.9555702806,0.2806128263,0.1007950157,-0.2890508175,0.9519850016,1,-4.0,253.3,1841.8,1,0.9910619855,-0.0607475154,-0.1183400825,0.0853343084,0.9727972746,0.2152886838,0.1020479202,-0.2234707922,0.9693468809,1,7.6,67.9,1884.4,1,0.2757007480,-0.6280113459,-0.7277299762,0.9307934046,-0.0146257132,0.3652530015,-0.2400265932,-0.7780667543,0.5805164576,1,-137.3,241.8,1828.0,1,0.0065667117,-0.5855107903,-0.8106380105,0.9989889264,-0.0322140530,0.0313601717,-0.0444756560,-0.8100243211,0.5847072005,1,-210.5,-5.3,1891.8,1,0.2642900646,0.6239507198,0.7354157567,-0.9479119778,0.0274752975,0.3173450828,0.1778018773,-0.7809805870,0.5987118483,1,129.4,264.8,1855.5,1,-0.0829093978,0.6385482550,0.7651026845,-0.9965208173,-0.0596708283,-0.0581859648,0.0084997658,-0.7672649026,0.6412739158,1,200.6,9.1,1903.5,1,1.0000000000,0.0000000000,-0.0000000000,-0.0000000000,1.0000000000,0.0000000000,0.0000000000,-0.0000000000,1.0000000000,0,-68.2,-125.1,1918.0,1,1.0000000000,0.0000000000,-0.0000000000,-0.0000000000,1.0000000000,0.0000000000,0.0000000000,-0.0000000000,1.0000000000,0,-68.2,-506.3,1918.0,0,0.8262619972,0.2271039039,-0.5154752135,-0.2255667746,0.9719452262,0.0666477755,0.5161496401,0.0612055659,0.8543086648,1,106.5,-110.0,1935.9,1,0.8462558389,-0.0002152777,-0.5327768922,0.0006467045,0.9999996424,0.0006231496,0.5327765942,-0.0008718930,0.8462556005,0,20.0,-480.5,1912.6,1,-212.2,-265.2,1903.3,1,179.5,-244.6,1905.6,1,-68.2,-872.8,1918.0,0,20.1,-847.1,1912.9,0,
22,0.9911049604,-0.0576061122,-0.1195448637,0.0889404491,0.9569439888,0.2762505710,0.0984888002,-0.2844358683,0.9536150098,1,-17.8,444.0,1786.0,1,0.9911049604,-0.0576061122,-0.1195448637,0.0889404491,0.9569439888,0.2762505710,0.0984888002,-0.2844358683,0.9536150098,1,-6.3,253.3,1842.7,1,0.9915005565,-0.0587668493,-0.1156356037,0.0823769197,0.9739068747,0.2113884538,0.1002008021,-0.2191250920,0.9705309272,1,4.9,67.6,1884.4,1,0.2696985602,-0.6314959526,-0.7269631624,0.9333740473,-0.0142145753,0.3586235046,-0.2368027568,-0.7752487659,0.5855882764,1,-139.7,242.2,1829.2,1,0.0111075826,-0.5914325118,-0.8062781096,0.9988086224,-0.0317552164,0.0370534882,-0.0475181639,-0.8057290912,0.5903751254,1,-210.8,-3.8,1891.6,1,0.2710944712,0.6200867891,0.7362067103,-0.9475252032,0.0372920111,0.3174985945,0.1694220155,-0.7836465836,0.5976575017,1,127.1,264.3,1856.1,1,-0.0832934603,0.6331225038,0.7695571780,-0.9963271618,-0.0683001503,-0.0516468100,0.0198621098,-0.7710325718,0.6364859939,1,200.2,8.8,1901.8,1,1.0000000000,0.0000000000,-0.0000000000,-0.0000000000,1.0000000000,0.0000000000,0.0000000000,-0.0000000000,1.0000000000,0,-72.5,-125.4,1917.2,1,1.0000000000,0.0000000000,-0.0000000000,-0.0000000000,1.0000000000,0.0000000000,0.0000000000,-0.0000000000,1.0000000000,0,-72.5,-506.6,1917.2,0,0.8250652552,0.2449221015,-0.5091959834,-0.2368385345,0.9680914879,0.0818933025,0.5130057931,0.0530299060,0.8567455411,1,104.7,-110.6,1935.1,1,0.8468268514,-0.0001076387,-0.5318683982,0.0003228401,0.9999998212,0.0003116391,0.5318682194,-0.0004356129,0.8468269110,0,11.3,-479.7,1914.9,1,-213.6,-263.7,1903.9,1,179.0,-244.8,1906.9,1,-72.5,-873.1,1917.2,0,11.4,-846.2,1915.1,0,
23,0.9914237857,-0.0568006225,-0.1172647178,0.0876078978,0.9567769170,0.2772531509,0.0964527279,-0.2851588428,0.9536071420,1,-19.8,444.3,1785.4,1,0.9914237857,-0.0568006225,-0.1172647178,0.0876078978,0.9567769170,0.2772531509,0.0964527279,-0.2851588428,0.9536071420,1,-8.5,253.2,1842.4,1,0.9919492006,-0.0555661321,-0.1133474857,0.0785776675,0.9745370746,0.2099253088,0.0988016129,-0.2171493322,0.9711182714,1,2.1,67.5,1883.7,1,0.2600978017,-0.6347700357,-0.7276098728,0.9368649721,-0.0165078938,0.3493015170,-0.2337374389,-0.7725247741,0.5904000998,1,-141.9,242.7,1829.1,1,0.0181497168,-0.5973137021,-0.8018022180,0.9985509515,-0.0298039746,0.0448062383,-0.0506602786,-0.8014535904,0.5959072709,1,-210.5,-4.3,1890.7,1,0.2704879940,0.6194824576,0.7369381785,-0.9475064874,0.0357385874,0.3177331686,0.1704929769,-0.7841966748,0.5966303945,1,125.0,263.8,1855.7,1,-0.0782414600,0.6330448389,0.7701510191,-0.9965990782,-0.0697026849,-0.0439529866,0.0258573778,-0.7709707618,0.6363455057,1,198.1,7.5,1901.8,1,1.0000000000,0.0000000000,-0.0000000000,-0.0000000000,1.0000000000,0.0000000000,0.0000000000,-0.0000000000,1.0000000000,0,-76.0,-125.3,1916.3,1,1.0000000000,0.0000000000,-0.0000000000,-0.0000000000,1.0000000000,0.0000000000,0.0000000000,-0.0000000000,1.0000000000,0,-76.0,-506.5,1916.3,0,0.8253657222,0.2536739707,-0.5044015050,-0.2390716821,0.9663627148,0.0948043540,0.5114842057,0.0423398614,0.8582488894,1,101.4,-111.2,1934.0,1,0.8472239375,-0.0000538193,-0.5312361121,0.0001613036,1.0000000000,0.0001559399,0.5312361121,-0.0002178063,0.8472238779,0,4.7,-479.6,1917.8,1,-215.2,-264.1,1903.9,1,178.2,-246.2,1908.4,1,-76.0,-873.0,1916.3,0,4.8,-846.1,1917.9,0,
