1,0.9989642501,-0.0022207461,-0.0445358939,0.0161372647,0.9490402937,0.3146978617,0.0415680557,-0.3150972724,0.9481462240,1,-51.6,448.9,1808.2,1,0.9989642501,-0.0022207461,-0.0445358939,0.0161372647,0.9490402937,0.3146978617,0.0415680557,-0.3150972724,0.9481462240,1,-51.2,257.9,1871.6,1,0.9989716411,-0.0019254382,-0.0443834811,0.0127148218,0.9696349502,0.2441673428,0.0425660983,-0.2444854081,0.9687165618,1,-50.8,73.1,1918.2,1,0.3076623380,-0.3895999193,-0.8680759668,0.9226738214,-0.1006885171,0.3722027242,-0.2324154079,-0.9154636860,0.3284955621,1,-185.6,256.2,1865.9,1,-0.0958398655,-0.3902136981,-0.9157226682,0.9946479797,-0.0732181370,-0.0729000419,-0.0386009142,-0.9178084135,0.3951424956,1,-263.4,22.9,1924.6,1,0.2399986535,0.4418256879,0.8644018769,-0.9542453885,-0.0562379360,0.2936885655,0.1783713549,-0.8953363895,0.4081131220,1,83.2,259.6,1877.3,1,-0.0392633118,0.4432015419,0.8955617547,-0.9988291860,-0.0427552648,-0.0226317681,0.0282595437,-0.8954017758,0.4443613589,1,147.2,5.3,1924.8,1,1.0000000000,-0.0000000000,-0.0000000000,0.0000000000,1.0000000000,-0.0000000000,0.0000000000,0.0000000000,1.0000000000,0,-138.3,-112.8,1961.0,1,1.0000000000,-0.0000000025,-0.0000000108,0.0000000025,1.0000000000,-0.0000000032,0.0000000108,0.0000000032,1.0000000000,0,-138.3,-494.0,1961.0,0,1.0000000000,0.0000000000,0.0000000000,-0.0000000000,1.0000000000,0.0000000000,-0.0000000000,-0.0000000000,1.0000000000,0,37.4,-110.6,1968.5,1,1.0000000000,-0.0000000000,0.0000000000,0.0000000000,1.0000000000,0.0000000000,-0.0000000000,-0.0000000000,1.0000000000,0,37.4,-491.8,1968.5,0,-239.5,-225.0,1934.2,1,137.1,-251.1,1932.1,1,-138.3,-860.6,1961.0,0,37.4,-858.3,1968.5,0,
2,0.9987756014,-0.0055199545,-0.0483191274,0.0204419754,0.9491330385,0.3141674995,0.0441278741,-0.3147771657,0.9481368661,1,-51.8,448.6,1808.9,1,0.9987756014,-0.0055199545,-0.0483191274,0.0204419754,0.9491330385,0.3141674995,0.0441278741,-0.3147771657,0.9481368661,1,-50.7,258.3,1872.1,1,0.9988024831,-0.0023928923,-0.0480188392,0.0139245121,0.9703295231,0.2413253933,0.0460172854,-0.2417097092,0.9692552090,1,-50.2,73.3,1918.1,1,0.3153870702,-0.3874614835,-0.8662589192,0.9192143679,-0.1020378172,0.3803066909,-0.2357453704,-0.9162214398,0.3239787519,1,-185.0,256.4,1865.9,1,-0.0958115309,-0.3883493245,-0.9165178537,0.9945634007,-0.0750805363,-0.0721569955,-0.0407905318,-0.9184485674,0.3934316039,1,-264.5,24.9,1925.3,1,0.2431405038,0.4472077489,0.8607485294,-0.9515919089,-0.0620440915,0.3010370433,0.1880304366,-0.8922755718,0.4104738832,1,83.7,260.1,1878.3,1,-0.0479371063,0.4502770901,0.8916010857,-0.9987807274,-0.0321462937,-0.0374650918,0.0117919995,-0.8923099041,0.4512690902,1,148.8,5.3,1928.6,1,1.0000000000,-0.0000000000,-0.0000000000,0.0000000000,1.0000000000,-0.0000000000,0.0000000000,0.0000000000,1.0000000000,0,-137.6,-112.8,1960.2,1,1.0000000000,-0.0000000023,-0.0000000097,0.0000000023,1.0000000000,-0.0000000029,0.0000000097,0.0000000029,1.0000000000,0,-137.6,-494.0,1960.2,0,1.0000000000,0.0000000000,0.0000000000,-0.0000000000,1.0000000000,0.0000000000,-0.0000000000,-0.0000000000,1.0000000000,0,38.1,-110.4,1968.3,1,1.0000000000,-0.0000000000,0.0000000000,0.0000000000,1.0000000000,0.0000000000,-0.0000000000,-0.0000000000,1.0000000000,0,38.1,-491.6,1968.3,0,-240.6,-223.0,1935.4,1,136.5,-251.0,1931.6,1,-137.6,-860.6,1960.2,0,38.1,-858.1,1968.3,0,
3,0.9989724755,-0.0056467201,-0.0440473780,0.0192245841,0.9490846992,0.3143903017,0.0400299467,-0.3149205744,0.9482710361,1,-52.8,449.1,1809.2,1,0.9989724755,-0.0056467201,-0.0440473780,0.0192245841,0.9490846992,0.3143903017,0.0400299467,-0.3149205744,0.9482710361,1,-51.6,258.7,1872.3,1,0.9989967942,-0.0039915857,-0.0436748601,0.0143769495,0.9706032276,0.2401954532,0.0414326116,-0.2405869812,0.9697412252,1,-50.9,73.7,1918.2,1,0.3132406175,-0.3924007714,-0.8648132682,0.9192023873,-0.1035519540,0.3799263835,-0.2386365086,-0.9139468074,0.3282590210,1,-186.0,256.8,1866.8,1,-0.0931593999,-0.3963074088,-0.9133792520,0.9949295521,-0.0719740912,-0.0702481195,-0.0378997959,-0.9152923226,0.4010030627,1,-264.6,26.1,1926.7,1,0.2453909516,0.4434405565,0.8620579243,-0.9510857463,-0.0620217994,0.3026372194,0.1876679808,-0.8941553831,0.4065303504,1,82.8,260.7,1877.9,1,-0.0471120290,0.4476825297,0.8929505944,-0.9988260269,-0.0311949737,-0.0370583534,0.0112651950,-0.8936481476,0.4486266673,1,148.3,6.5,1928.1,1,1.0000000000,-0.0000000000,-0.0000000000,0.0000000000,1.0000000000,-0.0000000000,0.0000000000,0.0000000000,1.0000000000,0,-138.0,-112.5,1960.4,1,1.0000000000,-0.0000000020,-0.0000000088,0.0000000020,1.0000000000,-0.0000000026,0.0000000088,0.0000000026,1.0000000000,0,-138.0,-493.7,1960.4,0,1.0000000000,0.0000000000,0.0000000000,-0.0000000000,1.0000000000,0.0000000000,-0.0000000000,-0.0000000000,1.0000000000,0,37.8,-110.0,1967.7,1,1.0000000000,-0.0000000000,0.0000000000,0.0000000000,1.0000000000,0.0000000000,-0.0000000000,-0.0000000000,1.0000000000,0,37.8,-491.2,1967.7,0,-241.4,-221.9,1936.1,1,136.2,-249.9,1931.0,1,-138.0,-860.3,1960.4,0,37.8,-857.7,1967.7,0,
4,0.9988436699,-0.0056715338,-0.0468744226,0.0200887267,0.9494450688,0.3132461905,0.0427288152,-0.3138321340,0.9485141039,1,-51.7,449.5,1809.0,1,0.9988436699,-0.0056715338,-0.0468744226,0.0200887267,0.9494450688,0.3132461905,0.0427288152,-0.3138321340,0.9485141039,1,-50.6,259.4,1871.9,1,0.9988711476,-0.0019802086,-0.0465889238,0.0131907761,0.9702666402,0.2416191995,0.0447258018,-0.2419656515,0.9692518115,1,-50.2,74.4,1918.0,1,0.3200079203,-0.3889124990,-0.8639108539,0.9168206453,-0.1027363986,0.3858562410,-0.2388194054,-0.9155283570,0.3236865997,1,-185.0,257.6,1865.8,1,-0.0984817371,-0.3917640746,-0.9147799015,0.9943296909,-0.0758018792,-0.0745828077,-0.0401231647,-0.9169378281,0.3970077336,1,-265.3,27.5,1925.8,1,0.2424206138,0.4451762140,0.8620036840,-0.9525158405,-0.0595212206,0.2986146808,0.1842436492,-0.8934625387,0.4096082747,1,83.8,261.1,1877.9,1,-0.0453154780,0.4479968250,0.8928859830,-0.9988453984,-0.0345906392,-0.0333375819,0.0159503650,-0.8933657408,0.4490470290,1,148.4,7.3,1927.0,1,1.0000000000,-0.0000000000,-0.0000000000,0.0000000000,1.0000000000,-0.0000000000,0.0000000000,0.0000000000,1.0000000000,0,-137.7,-111.7,1960.2,1,1.0000000000,-0.0000000018,-0.0000000079,0.0000000018,1.0000000000,-0.0000000024,0.0000000079,0.0000000024,1.0000000000,0,-137.7,-492.9,1960.2,0,1.0000000000,0.0000000000,0.0000000000,-0.0000000000,1.0000000000,0.0000000000,-0.0000000000,-0.0000000000,1.0000000000,0,38.0,-109.3,1968.0,1,1.0000000000,-0.0000000000,0.0000000000,0.0000000000,1.0000000000,0.0000000000,-0.0000000000,-0.0000000000,1.0000000000,0,38.0,-490.5,1968.0,0,-240.7,-220.3,1935.8,1,136.7,-249.0,1931.1,1,-137.7,-859.4,1960.2,0,38.0,-857.1,1968.0,0,
5,0.9988870621,-0.0042252466,-0.0460958742,0.0183940362,0.9500325322,0.3115645349,0.0424767807,-0.3120720685,0.9491059780,1,-52.7,449.5,1810.1,1,0.9988870621,-0.0042252466,-0.0460958742,0.0183940362,0.9500325322,0.3115645349,0.0424767807,-0.3120720685,0.9491059780,1,-51.9,259.5,1872.5,1,0.9989030957,-0.0036940614,-0.0457931198,0.0145052914,0.9711126089,0.2381198853,0.0435911790,-0.2385273874,0.9701553583,1,-51.2,74.4,1918.0,1,0.3145475686,-0.3899737895,-0.8654364347,0.9196873903,-0.1005283520,0.3795644045,-0.2350210696,-0.9153220654,0.3270330429,1,-186.2,257.5,1866.6,1,-0.0926931798,-0.3923405707,-0.9151376486,0.9946213961,-0.0791493282,-0.0668108612,-0.0462199189,-0.9164084196,0.3975669146,1,-264.8,27.9,1925.3,1,0.2458100319,0.4443277717,0.8614813685,-0.9520825744,-0.0561790690,0.3006371558,0.1819787025,-0.8941010237,0.4092273414,1,82.5,261.4,1878.4,1,-0.0467446074,0.4475640655,0.8930292726,-0.9988340139,-0.0317499228,-0.0363705494,0.0120754605,-0.8936881423,0.4485262334,1,147.8,8.7,1926.7,1,1.0000000000,-0.0000000000,-0.0000000000,0.0000000000,1.0000000000,-0.0000000000,0.0000000000,0.0000000000,1.0000000000,0,-138.3,-112.0,1959.6,1,1.0000000000,-0.0000000016,-0.0000000071,0.0000000016,1.0000000000,-0.0000000021,0.0000000071,0.0000000021,1.0000000000,0,-138.3,-493.2,1959.6,0,1.0000000000,0.0000000000,0.0000000000,-0.0000000000,1.0000000000,0.0000000000,-0.0000000000,-0.0000000000,1.0000000000,0,37.4,-109.4,1967.3,1,1.0000000000,-0.0000000000,0.0000000000,0.0000000000,1.0000000000,0.0000000000,-0.0000000000,-0.0000000000,1.0000000000,0,37.4,-490.6,1967.3,0,-241.7,-220.0,1936.8,1,135.8,-247.7,1929.8,1,-138.3,-859.7,1959.6,0,37.4,-857.1,1967.3,0,
6,0.9988607168,-0.0021256835,-0.0468072034,0.0167678967,0.9490027428,0.3147780895,0.0437517352,-0.3152108788,0.9480102062,1,-52.2,449.3,1808.3,1,0.9988607168,-0.0021256835,-0.0468072034,0.0167678967,0.9490027428,0.3147780895,0.0437517352,-0.3152108788,0.9480102062,1,-51.8,259.0,1871.5,1,0.9988682866,-0.0020908923,-0.0466468185,0.0133196414,0.9702253938,0.2417774945,0.0447529852,-0.2421298474,0.9692096114,1,-51.4,74.1,1917.6,1,0.3179084063,-0.3898992538,-0.8642411828,0.9167691469,-0.1060592607,0.3850789070,-0.2418027520,-0.9147294760,0.3237304688,1,-186.2,257.2,1865.5,1,-0.0985261351,-0.3947561085,-0.9134879708,0.9943231344,-0.0761116445,-0.0743537843,-0.0401754566,-0.9156280160,0.4000141323,1,-265.5,28.4,1925.8,1,0.2413033843,0.4449375868,0.8624401689,-0.9530775547,-0.0587473139,0.2969710231,0.1827996373,-0.8936324716,0.4098841548,1,82.5,260.8,1877.5,1,-0.0440369137,0.4478048682,0.8930461407,-0.9989531636,-0.0308163725,-0.0338068604,0.0123815658,-0.8935999870,0.4486931562,1,146.9,6.8,1926.2,1,1.0000000000,-0.0000000000,-0.0000000000,0.0000000000,1.0000000000,-0.0000000000,0.0000000000,0.0000000000,1.0000000000,0,-138.9,-112.0,1959.9,1,1.0000000000,-0.0000000015,-0.0000000064,0.0000000015,1.0000000000,-0.0000000019,0.0000000064,0.0000000019,1.0000000000,0,-138.9,-493.2,1959.9,0,1.0000000000,0.0000000000,0.0000000000,-0.0000000000,1.0000000000,0.0000000000,-0.0000000000,-0.0000000000,1.0000000000,0,36.8,-109.7,1967.7,1,1.0000000000,-0.0000000000,0.0000000000,0.0000000000,1.0000000000,0.0000000000,-0.0000000000,-0.0000000000,1.0000000000,0,36.8,-490.9,1967.7,0,-241.0,-219.4,1935.8,1,135.6,-249.6,1929.4,1,-138.9,-859.8,1959.9,0,36.8,-857.4,1967.7,0,
7,0.9990032911,-0.0029221287,-0.0436120071,0.0165907741,0.9484182000,0.3165442348,0.0404379182,-0.3169589639,0.9475744367,1,-52.4,449.8,1807.6,1,0.9990032911,-0.0029221287,-0.0436120071,0.0165907741,0.9484182000,0.3165442348,0.0404379182,-0.3169589639,0.9475744367,1,-51.8,259.6,1871.2,1,0.9990096688,-0.0045023309,-0.0433312878,0.0149520272,0.9696394801,0.2440222949,0.0409174524,-0.2444333136,0.9688008428,1,-50.9,74.8,1917.7,1,0.3200717866,-0.3919284046,-0.8625231385,0.9157865644,-0.1052055806,0.3876423836,-0.2426703125,-0.9139605165,0.3252494633,1,-186.2,257.6,1865.7,1,-0.1014376730,-0.3952089846,-0.9129733443,0.9940795898,-0.0761829913,-0.0774709880,-0.0389358103,-0.9154266119,0.4005970657,1,-266.3,28.4,1926.4,1,0.2414245307,0.4419590235,0.8639365435,-0.9526301026,-0.0617467538,0.2977971435,0.1849594116,-0.8949074745,0.4061163366,1,82.6,261.6,1876.7,1,-0.0466315784,0.4462616146,0.8936867714,-0.9988089204,-0.0336947590,-0.0352912806,0.0143634165,-0.8942679763,0.4473012984,1,147.2,6.7,1926.2,1,1.0000000000,-0.0000000000,-0.0000000000,0.0000000000,1.0000000000,-0.0000000000,0.0000000000,0.0000000000,1.0000000000,0,-137.9,-111.3,1960.7,1,1.0000000000,-0.0000000013,-0.0000000057,0.0000000013,1.0000000000,-0.0000000017,0.0000000057,0.0000000017,1.0000000000,0,-137.9,-492.5,1960.7,0,1.0000000000,0.0000000000,0.0000000000,-0.0000000000,1.0000000000,0.0000000000,-0.0000000000,-0.0000000000,1.0000000000,0,37.8,-108.7,1967.9,1,1.0000000000,-0.0000000000,0.0000000000,0.0000000000,1.0000000000,0.0000000000,-0.0000000000,-0.0000000000,1.0000000000,0,37.8,-489.9,1967.9,0,-241.0,-219.3,1936.1,1,135.2,-249.6,1929.8,1,-137.9,-859.0,1960.7,0,37.8,-856.4,1967.9,0,
8,0.9991398454,-0.0051465631,-0.0401411355,0.0175476074,0.9488571882,0.3151744306,0.0364664122,-0.3156142831,0.9481843114,1,-53.2,449.1,1808.6,1,0.9991398454,-0.0051465631,-0.0401411355,0.0175476074,0.9488571882,0.3151744306,0.0364664122,-0.3156142831,0.9481843114,1,-52.1,258.7,1871.9,1,0.9991489053,-0.0066606887,-0.0396891721,0.0160671510,0.9701992869,0.2417157888,0.0368965976,-0.2421524227,0.9695348740,1,-50.9,73.8,1918.1,1,0.3224619031,-0.3955458999,-0.8599776626,0.9146628976,-0.1037351340,0.3906798363,-0.2437417507,-0.9125690460,0.3283405602,1,-186.5,256.6,1867.0,1,-0.1021719575,-0.3987191021,-0.9113638401,0.9940195680,-0.0764230937,-0.0780035257,-0.0385477431,-0.9138832688,0.4041428864,1,-266.6,29.4,1927.5,1,0.2452816516,0.4385684431,0.8645777106,-0.9519556165,-0.0597090274,0.3003589809,0.1833510697,-0.8967121243,0.4028520882,1,82.3,260.9,1876.9,1,-0.0414109901,0.4430325031,0.8955485821,-0.9990079403,-0.0330511630,-0.0298444647,0.0163768567,-0.8958960176,0.4439617097,1,147.4,8.3,1925.5,1,1.0000000000,-0.0000000000,-0.0000000000,0.0000000000,1.0000000000,-0.0000000000,0.0000000000,0.0000000000,1.0000000000,0,-137.5,-112.5,1961.0,1,1.0000000000,-0.0000000012,-0.0000000052,0.0000000012,1.0000000000,-0.0000000016,0.0000000052,0.0000000016,1.0000000000,0,-137.5,-493.7,1961.0,0,1.0000000000,0.0000000000,0.0000000000,-0.0000000000,1.0000000000,0.0000000000,-0.0000000000,-0.0000000000,1.0000000000,0,38.3,-109.7,1967.5,1,1.0000000000,-0.0000000000,0.0000000000,0.0000000000,1.0000000000,0.0000000000,-0.0000000000,-0.0000000000,1.0000000000,0,38.3,-490.9,1967.5,0,-241.1,-218.3,1937.1,1,136.7,-248.1,1929.7,1,-137.5,-860.3,1961.0,0,38.3,-857.4,1967.5,0,
9,0.9991088510,-0.0054067252,-0.0408702418,0.0180180930,0.9489091039,0.3149914443,0.0370793492,-0.3154538274,0.9482139349,1,-53.9,448.3,1808.0,1,0.9991088510,-0.0054067252,-0.0408702418,0.0180180930,0.9489091039,0.3149914443,0.0370793492,-0.3154538274,0.9482139349,1,-52.8,257.7,1871.4,1,0.9991096854,-0.0082317917,-0.0403748602,0.0178971738,0.9692625403,0.2453183681,0.0371146388,-0.2458274215,0.9686012864,1,-51.2,73.0,1918.3,1,0.3213827014,-0.3944296241,-0.8608940244,0.9146820307,-0.1059986427,0.3900271058,-0.2450918257,-0.9127922654,0.3267115653,1,-187.2,255.3,1866.4,1,-0.1019258946,-0.3945499063,-0.9132038951,0.9938395023,-0.0805474669,-0.0761253685,-0.0435210094,-0.9153372645,0.4003292024,1,-266.9,28.5,1927.2,1,0.2480234206,0.4381679595,0.8639984131,-0.9510548711,-0.0595716611,0.3032254577,0.1843335032,-0.8969168663,0.4019466639,1,81.6,260.1,1876.4,1,-0.0401695669,0.4409665763,0.8966240883,-0.9990683794,-0.0318870991,-0.0290768445,0.0157688260,-0.8969568014,0.4418367147,1,147.3,8.3,1925.2,1,1.0000000000,-0.0000000000,-0.0000000000,0.0000000000,1.0000000000,-0.0000000000,0.0000000000,0.0000000000,1.0000000000,0,-137.5,-113.3,1961.9,1,1.0000000000,-0.0000000011,-0.0000000047,0.0000000011,1.0000000000,-0.0000000014,0.0000000047,0.0000000014,1.0000000000,0,-137.5,-494.5,1961.9,0,1.0000000000,0.0000000000,0.0000000000,-0.0000000000,1.0000000000,0.0000000000,-0.0000000000,-0.0000000000,1.0000000000,0,38.2,-110.2,1968.4,1,1.0000000000,-0.0000000000,0.0000000000,0.0000000000,1.0000000000,0.0000000000,-0.0000000000,-0.0000000000,1.0000000000,0,38.2,-491.4,1968.4,0,-241.5,-219.2,1938.0,1,137.0,-248.1,1929.3,1,-137.5,-861.1,1961.9,0,38.2,-857.9,1968.4,0,
10,0.9989958405,-0.0056484328,-0.0435150117,0.0189881902,0.9496457577,0.3127060533,0.0395579897,-0.3132247329,0.9488524795,1,-53.5,451.5,1808.9,1,0.9989958405,-0.0056484328,-0.0435150117,0.0189881902,0.9496457577,0.3127060533,0.0395579897,-0.3132247329,0.9488524795,1,-52.3,260.2,1871.9,1,0.9990063906,-0.0073056668,-0.0430225320,0.0174190346,0.9706758857,0.2397003025,0.0400101244,-0.2402161062,0.9698930383,1,-50.9,75.2,1917.7,1,0.3137608171,-0.3944514692,-0.8636910319,0.9175573587,-0.1080017760,0.3826541603,-0.2442186624,-0.9125479460,0.3280450702,1,-186.7,257.9,1866.6,1,-0.0972016454,-0.3965704143,-0.9128437638,0.9945584536,-0.0732509792,-0.0740800798,-0.0374887288,-0.9150772095,0.4015325308,1,-265.8,26.6,1928.1,1,0.2446961552,0.4411348999,0.8634372950,-0.9526231885,-0.0565316379,0.2988535166,0.1806462109,-0.8956586719,0.4064021707,1,82.1,262.6,1877.3,1,-0.0425292701,0.4450481534,0.8944960833,-0.9989742041,-0.0328748897,-0.0311401393,0.0155476015,-0.8949028850,0.4459898174,1,147.6,7.3,1925.7,1,1.0000000000,-0.0000000000,-0.0000000000,0.0000000000,1.0000000000,-0.0000000000,0.0000000000,0.0000000000,1.0000000000,0,-137.4,-111.3,1960.0,1,1.0000000000,-0.0000000010,-0.0000000042,0.0000000010,1.0000000000,-0.0000000013,0.0000000042,0.0000000013,1.0000000000,0,-137.4,-492.5,1960.0,0,1.0000000000,0.0000000000,0.0000000000,-0.0000000000,1.0000000000,0.0000000000,-0.0000000000,-0.0000000000,1.0000000000,0,38.3,-108.3,1967.0,1,1.0000000000,-0.0000000000,0.0000000000,0.0000000000,1.0000000000,0.0000000000,-0.0000000000,-0.0000000000,1.0000000000,0,38.3,-489.5,1967.0,0,-241.6,-221.3,1937.5,1,136.7,-249.1,1929.7,1,-137.4,-859.1,1960.0,0,38.3,-856.0,1967.0,0,
11,0.9990623593,-0.0049538384,-0.0420471802,0.0179270338,0.9491789341,0.3141830266,0.0383542813,-0.3146486580,0.9484306574,1,-52.6,450.8,1809.5,1,0.9990623593,-0.0049538384,-0.0420471802,0.0179270338,0.9491789341,0.3141830266,0.0383542813,-0.3146486580,0.9484306574,1,-51.6,260.3,1872.6,1,0.9990777969,-0.0053321887,-0.0416317731,0.0150424782,0.9714720249,0.2366162986,0.0391827114,-0.2370287329,0.9707106352,1,-50.6,75.1,1917.8,1,0.3189657629,-0.3935015202,-0.8622165918,0.9178645611,-0.0984592140,0.3844872415,-0.2361894548,-0.9140363336,0.3297759891,1,-186.0,258.2,1867.4,1,-0.1042305604,-0.3923606575,-0.9138867259,0.9937531948,-0.0779340118,-0.0798799247,-0.0398811288,-0.9165037870,0.3980327845,1,-265.6,29.2,1926.3,1,0.2452281266,0.4402989447,0.8637129068,-0.9528422952,-0.0548105463,0.2984750271,0.1787588298,-0.8961766958,0.4060943723,1,82.7,262.3,1877.9,1,-0.0425617807,0.4442189634,0.8949066997,-0.9989629388,-0.0334209837,-0.0309209991,0.0161729716,-0.8952947259,0.4451807141,1,147.9,9.2,1925.4,1,1.0000000000,-0.0000000000,-0.0000000000,0.0000000000,1.0000000000,-0.0000000000,0.0000000000,0.0000000000,1.0000000000,0,-137.5,-111.4,1959.5,1,1.0000000000,-0.0000000009,-0.0000000038,0.0000000009,1.0000000000,-0.0000000011,0.0000000038,0.0000000011,1.0000000000,0,-137.5,-492.6,1959.5,0,1.0000000000,0.0000000000,0.0000000000,-0.0000000000,1.0000000000,0.0000000000,-0.0000000000,-0.0000000000,1.0000000000,0,38.3,-108.7,1966.4,1,1.0000000000,-0.0000000000,0.0000000000,0.0000000000,1.0000000000,0.0000000000,-0.0000000000,-0.0000000000,1.0000000000,0,38.3,-489.9,1966.4,0,-239.7,-218.5,1936.2,1,137.0,-247.2,1929.5,1,-137.5,-859.1,1959.5,0,38.3,-856.5,1966.4,0,
12,0.9988772273,-0.0044275438,-0.0462892912,0.0189278778,0.9479461312,0.3178252578,0.0424731933,-0.3183512092,0.9470184445,1,-52.1,451.6,1808.2,1,0.9988772273,-0.0044275438,-0.0462892912,0.0189278778,0.9479461312,0.3178252578,0.0424731933,-0.3183512092,0.9470184445,1,-51.2,260.8,1872.3,1,0.9988920093,-0.0050578197,-0.0459041968,0.0159386713,0.9706441164,0.2399321198,0.0433436297,-0.2404025197,0.9697035551,1,-50.2,75.8,1918.1,1,0.3120404482,-0.3881383538,-0.8671674132,0.9216842055,-0.0977700055,0.3754188716,-0.2304974347,-0.9164004326,0.3272327781,1,-185.5,258.6,1866.4,1,-0.1009771973,-0.3862302899,-0.9168586135,0.9939132333,-0.0799621642,-0.0757791474,-0.0440458022,-0.9189298749,0.3919537663,1,-264.1,26.5,1924.5,1,0.2429194599,0.4425886869,0.8631948233,-0.9540786743,-0.0517825931,0.2950465381,0.1752827466,-0.8952283263,0.4096854329,1,83.2,262.9,1878.1,1,-0.0451586284,0.4456882477,0.8940483928,-0.9988701344,-0.0334013104,-0.0338024609,0.0147970319,-0.8945646882,0.4466931224,1,147.6,9.9,1924.6,1,1.0000000000,-0.0000000000,-0.0000000000,0.0000000000,1.0000000000,-0.0000000000,0.0000000000,0.0000000000,1.0000000000,0,-137.1,-110.6,1960.1,1,1.0000000000,-0.0000000008,-0.0000000034,0.0000000008,1.0000000000,-0.0000000010,0.0000000034,0.0000000010,1.0000000000,0,-137.1,-491.8,1960.1,0,1.0000000000,0.0000000000,0.0000000000,-0.0000000000,1.0000000000,0.0000000000,-0.0000000000,-0.0000000000,1.0000000000,0,38.6,-107.8,1967.7,1,1.0000000000,-0.0000000000,0.0000000000,0.0000000000,1.0000000000,0.0000000000,-0.0000000000,-0.0000000000,1.0000000000,0,38.6,-489.0,1967.7,0,-239.0,-221.2,1935.5,1,136.0,-246.5,1928.4,1,-137.1,-858.4,1960.1,0,38.6,-855.5,1967.7,0,
13,0.9988072515,-0.0030213268,-0.0478850678,0.0180943925,0.9480195045,0.3176546991,0.0444369800,-0.3181490004,0.9469963908,1,-51.5,450.5,1807.9,1,0.9988072515,-0.0030213268,-0.0478850678,0.0180943925,0.9480195045,0.3176546991,0.0444369800,-0.3181490004,0.9469963908,1,-50.9,260.2,1871.8,1,0.9988187551,-0.0027728416,-0.0476603284,0.0142979836,0.9698396921,0.2432652861,0.0455489717,-0.2436641455,0.9687879682,1,-50.4,75.3,1918.3,1,0.3162885308,-0.3865440786,-0.8663401008,0.9191266298,-0.1012401283,0.3807315528,-0.2348779291,-0.9166972637,0.3232619166,1,-185.2,258.2,1865.7,1,-0.1148966625,-0.3855504692,-0.9155051112,0.9924458265,-0.0844572410,-0.0889849514,-0.0430128500,-0.9188133478,0.3923417628,1,-264.6,27.7,1924.6,1,0.2411449403,0.4440369606,0.8629485965,-0.9541825652,-0.0538374782,0.2943420708,0.1771577448,-0.8943896294,0.4107096493,1,83.5,262.1,1878.0,1,-0.0409113429,0.4455245733,0.8943344355,-0.9990785122,-0.0298680440,-0.0308236945,0.0129793063,-0.8947713971,0.4463359416,1,147.5,8.6,1925.0,1,1.0000000000,-0.0000000000,-0.0000000000,0.0000000000,1.0000000000,-0.0000000000,0.0000000000,0.0000000000,1.0000000000,0,-137.7,-110.8,1960.7,1,1.0000000000,-0.0000000007,-0.0000000031,0.0000000007,1.0000000000,-0.0000000009,0.0000000031,0.0000000009,1.0000000000,0,-137.7,-492.0,1960.7,0,1.0000000000,0.0000000000,0.0000000000,-0.0000000000,1.0000000000,0.0000000000,-0.0000000000,-0.0000000000,1.0000000000,0,38.0,-108.3,1968.7,1,1.0000000000,-0.0000000000,0.0000000000,0.0000000000,1.0000000000,0.0000000000,-0.0000000000,-0.0000000000,1.0000000000,0,38.0,-489.5,1968.7,0,-236.0,-219.7,1935.3,1,137.0,-247.8,1928.3,1,-137.7,-858.5,1960.7,0,38.0,-856.0,1968.7,0,
14,0.9989539385,-0.0058060605,-0.0444465876,0.0195170678,0.9489603639,0.3147479892,0.0403511859,-0.3152927756,0.9481338263,1,-52.6,451.0,1808.8,1,0.9989539385,-0.0058060605,-0.0444465876,0.0195170678,0.9489603639,0.3147479892,0.0403511859,-0.3152927756,0.9481338263,1,-51.4,260.2,1872.2,1,0.9989820123,-0.0022639486,-0.0441364050,0.0128436219,0.9704317451,0.2409747541,0.0422862582,-0.2413009405,0.9695270658,1,-51.0,75.2,1918.2,1,0.3190382719,-0.3917941749,-0.8629670143,0.9164112210,-0.1046580896,0.3863122463,-0.2416713387,-0.9140810370,0.3256546557,1,-185.8,258.4,1866.6,1,-0.1145157963,-0.3930698335,-0.9123498797,0.9927670956,-0.0786080435,-0.0907426775,-0.0360498279,-0.9161424041,0.3992286623,1,-265.7,29.0,1927.0,1,0.2435348332,0.4409007430,0.8638850451,-0.9539546371,-0.0519181639,0.2954235077,0.1751037687,-0.8960530758,0.4079554379,1,83.0,261.9,1877.9,1,-0.0411702879,0.4418028295,0.8961670399,-0.9989467263,-0.0363889374,-0.0279525910,0.0202610306,-0.8963739276,0.4428355992,1,147.7,8.3,1924.5,1,1.0000000000,-0.0000000000,-0.0000000000,0.0000000000,1.0000000000,-0.0000000000,0.0000000000,0.0000000000,1.0000000000,0,-138.4,-110.9,1960.5,1,1.0000000000,-0.0000000006,-0.0000000027,0.0000000006,1.0000000000,-0.0000000008,0.0000000027,0.0000000008,1.0000000000,0,-138.4,-492.1,1960.5,0,1.0000000000,0.0000000000,0.0000000000,-0.0000000000,1.0000000000,0.0000000000,-0.0000000000,-0.0000000000,1.0000000000,0,37.3,-108.6,1967.9,1,1.0000000000,-0.0000000000,0.0000000000,0.0000000000,1.0000000000,0.0000000000,-0.0000000000,-0.0000000000,1.0000000000,0,37.3,-489.8,1967.9,0,-237.1,-218.4,1936.0,1,137.1,-248.1,1929.7,1,-138.4,-858.6,1960.5,0,37.3,-856.4,1967.9,0,
15,0.9986267686,-0.0076291189,-0.0510334112,0.0233710203,0.9486009479,0.3155678511,0.0460037515,-0.3163338900,0.9475294352,1,-52.2,450.8,1808.5,1,0.9986267686,-0.0076291189,-0.0510334112,0.0233710203,0.9486009479,0.3155678511,0.0460037515,-0.3163338900,0.9475294352,1,-50.7,259.7,1872.2,1,0.9986709952,-0.0036194748,-0.0506085940,0.0158329438,0.9698533416,0.2431160510,0.0482037514,-0.2435989827,0.9686758518,1,-50.0,74.9,1918.7,1,0.3184998035,-0.3862422109,-0.8656644225,0.9162501097,-0.1086538434,0.3855906725,-0.2429891527,-0.9159756899,0.3192881942,1,-185.0,257.6,1865.7,1,-0.1062141061,-0.3900872767,-0.9146313071,0.9937223196,-0.0741466507,-0.0837754533,-0.0351371095,-0.9177876711,0.3955138326,1,-265.1,27.3,1926.8,1,0.2380406708,0.4456534982,0.8629772067,-0.9558790326,-0.0499814227,0.2894774973,0.1721394807,-0.8938092589,0.4140931964,1,83.6,261.8,1878.7,1,-0.0374747813,0.4460547566,0.8942208290,-0.9989772439,-0.0393760577,-0.0222233515,0.0252980571,-0.8941390514,0.4470742345,1,147.1,6.9,1924.6,1,1.0000000000,-0.0000000000,-0.0000000000,0.0000000000,1.0000000000,-0.0000000000,0.0000000000,0.0000000000,1.0000000000,0,-137.2,-111.4,1960.9,1,1.0000000000,-0.0000000006,-0.0000000025,0.0000000006,1.0000000000,-0.0000000007,0.0000000025,0.0000000007,1.0000000000,0,-137.2,-492.6,1960.9,0,1.0000000000,0.0000000000,0.0000000000,-0.0000000000,1.0000000000,0.0000000000,-0.0000000000,-0.0000000000,1.0000000000,0,38.5,-108.6,1969.3,1,1.0000000000,-0.0000000000,0.0000000000,0.0000000000,1.0000000000,0.0000000000,-0.0000000000,-0.0000000000,1.0000000000,0,38.5,-489.8,1969.3,0,-238.6,-220.3,1935.6,1,137.5,-249.4,1931.1,1,-137.2,-859.1,1960.9,0,38.5,-856.3,1969.3,0,
16,0.9983514547,-0.0079468768,-0.0561186001,0.0253821891,0.9479521513,0.3173571229,0.0506769195,-0.3182650805,0.9466438890,1,-52.0,451.1,1807.8,1,0.9983514547,-0.0079468768,-0.0561186001,0.0253821891,0.9479521513,0.3173571229,0.0506769195,-0.3182650805,0.9466438890,1,-50.4,259.8,1872.0,1,0.9983997345,-0.0043567782,-0.0556510203,0.0178562216,0.9694728851,0.2444895059,0.0528880283,-0.2450968027,0.9680534005,1,-49.6,75.0,1918.7,1,0.3238575459,-0.3821852505,-0.8654772043,0.9133696556,-0.1122556329,0.3913496137,-0.2467227131,-0.9172421694,0.3127215803,1,-184.7,257.4,1864.9,1,-0.1140483469,-0.3872710168,-0.9148847461,0.9930015802,-0.0728678331,-0.0929413140,-0.0306721926,-0.9190818071,0.3928712010,1,-265.9,28.5,1926.7,1,0.2378908545,0.4493376017,0.8611060977,-0.9560610652,-0.0480598286,0.2892015576,0.1713337600,-0.8920684457,0.4181611538,1,83.9,262.2,1879.1,1,-0.0431603827,0.4487663805,0.8926062584,-0.9988512993,-0.0379969627,-0.0291943364,0.0208148900,-0.8928409815,0.4498908520,1,147.3,7.5,1924.8,1,1.0000000000,-0.0000000000,-0.0000000000,0.0000000000,1.0000000000,-0.0000000000,0.0000000000,0.0000000000,1.0000000000,0,-136.6,-111.3,1960.8,1,1.0000000000,-0.0000000005,-0.0000000022,0.0000000005,1.0000000000,-0.0000000007,0.0000000022,0.0000000007,1.0000000000,0,-136.6,-492.5,1960.8,0,1.0000000000,0.0000000000,0.0000000000,-0.0000000000,1.0000000000,0.0000000000,-0.0000000000,-0.0000000000,1.0000000000,0,39.1,-108.2,1970.1,1,1.0000000000,-0.0000000000,0.0000000000,0.0000000000,1.0000000000,0.0000000000,-0.0000000000,-0.0000000000,1.0000000000,0,39.1,-489.4,1970.1,0,-237.5,-219.0,1934.4,1,136.2,-248.9,1930.1,1,-136.6,-859.0,1960.8,0,39.1,-855.9,1970.1,0,
17,0.9984116554,-0.0077922358,-0.0550581478,0.0244843662,0.9505671859,0.3095088303,0.0499258153,-0.3103716969,0.9493010044,1,-53.7,450.4,1810.3,1,0.9984116554,-0.0077922358,-0.0550581478,0.0244843662,0.9505671859,0.3095088303,0.0499258153,-0.3103716969,0.9493010044,1,-52.2,259.3,1872.7,1,0.9984575510,-0.0041690711,-0.0546182171,0.0171168987,0.9708936214,0.2388396263,0.0520337448,-0.2394106388,0.9695215225,1,-51.4,74.2,1918.3,1,0.3244380355,-0.3830608726,-0.8648724556,0.9144915342,-0.1066615805,0.3902930021,-0.2417546511,-0.9175444245,0.3157008290,1,-186.5,257.0,1865.7,1,-0.1122708023,-0.3866231740,-0.9153785110,0.9931458831,-0.0737906173,-0.0906424448,-0.0325018726,-0.9192808867,0.3922578096,1,-266.6,31.0,1925.4,1,0.2434296310,0.4497755468,0.8593277335,-0.9540864229,-0.0483851805,0.2955978215,0.1745313555,-0.8918302059,0.4173462987,1,82.1,261.6,1879.7,1,-0.0584273003,0.4498084188,0.8912118077,-0.9982294440,-0.0362900048,-0.0471271761,0.0111438809,-0.8923873901,0.4511323571,1,147.0,7.5,1926.2,1,1.0000000000,-0.0000000000,-0.0000000000,0.0000000000,1.0000000000,-0.0000000000,0.0000000000,0.0000000000,1.0000000000,0,-138.4,-112.3,1959.4,1,1.0000000000,-0.0000000005,-0.0000000020,0.0000000005,1.0000000000,-0.0000000006,0.0000000020,0.0000000006,1.0000000000,0,-138.4,-493.5,1959.4,0,1.0000000000,0.0000000000,0.0000000000,-0.0000000000,1.0000000000,0.0000000000,-0.0000000000,-0.0000000000,1.0000000000,0,37.3,-109.3,1968.5,1,1.0000000000,-0.0000000000,0.0000000000,0.0000000000,1.0000000000,0.0000000000,-0.0000000000,-0.0000000000,1.0000000000,0,37.3,-490.5,1968.5,0,-238.7,-216.5,1933.5,1,132.0,-248.7,1929.0,1,-138.4,-860.1,1959.4,0,37.3,-857.1,1968.5,0,
18,0.9989089966,-0.0046869665,-0.0455726907,0.0178732127,0.9557720423,0.2935189903,0.0421819910,-0.2940189540,0.9548660517,1,-55.9,453.0,1814.9,1,0.9989089966,-0.0046869665,-0.0455726907,0.0178732127,0.9557720423,0.2935189903,0.0421819910,-0.2940189540,0.9548660517,1,-55.0,261.3,1873.8,1,0.9989260435,-0.0036082263,-0.0452957861,0.0139029594,0.9732830524,0.2291256636,0.0432593897,-0.2295133024,0.9723421335,1,-54.3,75.8,1917.6,1,0.3134579957,-0.3918648958,-0.8649774790,0.9207665920,-0.0973410010,0.3777743280,-0.2322342396,-0.9148587584,0.3303038478,1,-189.3,259.4,1868.0,1,-0.1079929098,-0.3945839107,-0.9124916792,0.9936777353,-0.0711794570,-0.0868214890,-0.0306923017,-0.9160987735,0.3997761607,1,-267.2,30.7,1925.7,1,0.2431055754,0.4439156950,0.8624607325,-0.9543634057,-0.0495412499,0.2945098877,0.1734649390,-0.8946979642,0.4116131663,1,79.4,263.1,1879.6,1,-0.0509525202,0.4443207681,0.8944175243,-0.9984810948,-0.0414630845,-0.0362830572,0.0209639985,-0.8949077129,0.4457584918,1,145.6,3.4,1926.9,1,1.0000000000,-0.0000000000,-0.0000000000,0.0000000000,1.0000000000,-0.0000000000,0.0000000000,0.0000000000,1.0000000000,0,-141.5,-110.9,1957.5,1,1.0000000000,-0.0000000004,-0.0000000018,0.0000000004,1.0000000000,-0.0000000005,0.0000000018,0.0000000005,1.0000000000,0,-141.5,-492.1,1957.5,0,1.0000000000,0.0000000000,0.0000000000,-0.0000000000,1.0000000000,0.0000000000,-0.0000000000,-0.0000000000,1.0000000000,0,34.3,-108.5,1965.1,1,1.0000000000,-0.0000000000,0.0000000000,0.0000000000,1.0000000000,0.0000000000,-0.0000000000,-0.0000000000,1.0000000000,0,34.3,-489.7,1965.1,0,-240.3,-217.0,1933.3,1,132.5,-252.8,1932.2,1,-141.5,-858.7,1957.5,0,34.3,-856.2,1965.1,0,
19,0.9989781380,0.0011894444,-0.0442615077,0.0124761146,0.9515469074,0.3072063625,0.0424828567,-0.3074510098,0.9506127238,1,-56.3,452.9,1811.0,1,0.9989781380,0.0011894444,-0.0442615077,0.0124761146,0.9515469074,0.3072063625,0.0424828567,-0.3074510098,0.9506127238,1,-56.6,262.0,1872.6,1,0.9989781380,-0.0011523740,-0.0442628115,0.0117433695,0.9707326889,0.2398163527,0.0426914580,-0.2400956750,0.9698083997,1,-56.3,77.0,1918.4,1,0.3079503179,-0.3904638886,-0.8675854206,0.9225635529,-0.1002652273,0.3725900352,-0.2324716300,-0.9151419401,0.3293510675,1,-190.9,260.4,1866.9,1,-0.1010887399,-0.3927090168,-0.9140900970,0.9942564964,-0.0723321661,-0.0788791552,-0.0351415612,-0.9168137908,0.3977655172,1,-267.4,31.5,1924.6,1,0.2504912019,0.4414697289,0.8616023660,-0.9512591362,-0.0531328917,0.3037811816,0.1798896194,-0.8957016468,0.4066427648,1,77.8,263.6,1878.4,1,-0.0591726229,0.4417018592,0.8952082992,-0.9981413484,-0.0392663628,-0.0466021411,0.0145673249,-0.8963019848,0.4432044923,1,145.8,5.3,1927.2,1,1.0000000000,-0.0000000000,-0.0000000000,0.0000000000,1.0000000000,-0.0000000000,0.0000000000,0.0000000000,1.0000000000,0,-144.0,-109.0,1960.4,1,1.0000000000,-0.0000000004,-0.0000000016,0.0000000004,1.0000000000,-0.0000000005,0.0000000016,0.0000000005,1.0000000000,0,-144.0,-490.2,1960.4,0,1.0000000000,0.0000000000,0.0000000000,-0.0000000000,1.0000000000,0.0000000000,-0.0000000000,-0.0000000000,1.0000000000,0,31.7,-107.0,1967.9,1,1.0000000000,-0.0000000000,0.0000000000,0.0000000000,1.0000000000,0.0000000000,-0.0000000000,-0.0000000000,1.0000000000,0,31.7,-488.2,1967.9,0,-242.2,-216.3,1933.3,1,130.6,-250.8,1930.9,1,-144.0,-856.8,1960.4,0,31.7,-854.7,1967.9,0,
20,0.9987809062,0.0032113513,-0.0484161824,0.0118944366,0.9511342049,0.3085046709,0.0470418036,-0.3087109029,0.9499895573,1,-58.3,452.3,1810.5,1,0.9987809062,0.0032113513,-0.0484161824,0.0118944366,0.9511342049,0.3085046709,0.0470418036,-0.3087109029,0.9499895573,1,-59.0,261.7,1872.4,1,0.9987775683,0.0012988806,-0.0485746190,0.0104566868,0.9704534411,0.2410030365,0.0474531464,-0.2412209958,0.9693077207,1,-59.2,76.7,1918.4,1,0.2998399138,-0.3881168664,-0.8714708090,0.9246361256,-0.1066294014,0.3656203747,-0.2348278314,-0.9154210091,0.3268951178,1,-193.3,260.3,1866.0,1,-0.0950807780,-0.3918786645,-0.9150905609,0.9948673248,-0.0693789572,-0.0736589655,-0.0346226506,-0.9173972607,0.3964638710,1,-267.4,31.9,1924.0,1,0.2501034737,0.4451818764,0.8598029613,-0.9511470199,-0.0530564860,0.3041451871,0.1810180843,-0.8938667774,0.4101638496,1,75.4,263.1,1878.8,1,-0.0585148446,0.4439806044,0.8941238523,-0.9982321858,-0.0353664383,-0.0477667674,0.0104144569,-0.8953382373,0.4452652037,1,144.1,1.7,1928.5,1,1.0000000000,-0.0000000000,-0.0000000000,0.0000000000,1.0000000000,-0.0000000000,0.0000000000,0.0000000000,1.0000000000,0,-147.3,-109.1,1960.2,1,1.0000000000,-0.0000000003,-0.0000000015,0.0000000003,1.0000000000,-0.0000000004,0.0000000015,0.0000000004,1.0000000000,0,-147.3,-490.3,1960.2,0,1.0000000000,0.0000000000,0.0000000000,-0.0000000000,1.0000000000,0.0000000000,-0.0000000000,-0.0000000000,1.0000000000,0,28.4,-107.3,1968.5,1,1.0000000000,-0.0000000000,0.0000000000,0.0000000000,1.0000000000,0.0000000000,-0.0000000000,-0.0000000000,1.0000000000,0,28.4,-488.5,1968.5,0,-243.7,-216.0,1932.7,1,129.1,-254.5,1931.2,1,-147.3,-856.9,1960.2,0,28.4,-855.0,1968.5,0,
21,0.9987025857,0.0027879262,-0.0500321798,0.0129039157,0.9504430294,0.3105871379,0.0484195761,-0.3108363450,0.9492270350,1,-60.2,453.0,1809.6,1,0.9987025857,0.0027879262,-0.0500321798,0.0129039157,0.9504430294,0.3105871379,0.0484195761,-0.3108363450,0.9492270350,1,-60.7,262.5,1871.9,1,0.9986857176,0.0041336636,-0.0502754040,0.0082213245,0.9699505568,0.2431048006,0.0497703850,-0.2432033718,0.9686959982,1,-61.5,77.6,1918.3,1,0.2926582396,-0.3866503835,-0.8745585084,0.9271590710,-0.1090160757,0.3584572673,-0.2339385748,-0.9157603383,0.3265819550,1,-195.1,261.4,1865.2,1,-0.0905379057,-0.3907894194,-0.9160166979,0.9952664375,-0.0681256503,-0.0693072155,-0.0353197046,-0.9179556370,0.3951075971,1,-267.4,32.1,1923.1,1,0.2458364069,0.4470195174,0.8600802422,-0.9520430565,-0.0553868115,0.3009089828,0.1821492761,-0.8928077817,0.4119657874,1,73.6,263.6,1878.6,1,-0.0664599538,0.4461401999,0.8924920559,-0.9977873564,-0.0280274376,-0.0602904335,-0.0018837205,-0.8945242167,0.4470157027,1,142.0,-1.0,1929.3,1,1.0000000000,-0.0000000000,-0.0000000000,0.0000000000,1.0000000000,-0.0000000000,0.0000000000,0.0000000000,1.0000000000,0,-150.1,-108.0,1960.3,1,1.0000000000,-0.0000000003,-0.0000000013,0.0000000003,1.0000000000,-0.0000000004,0.0000000013,0.0000000004,1.0000000000,0,-150.1,-489.2,1960.3,0,1.0000000000,0.0000000000,0.0000000000,-0.0000000000,1.0000000000,0.0000000000,-0.0000000000,-0.0000000000,1.0000000000,0,25.6,-106.5,1969.0,1,1.0000000000,-0.0000000000,0.0000000000,0.0000000000,1.0000000000,0.0000000000,-0.0000000000,-0.0000000000,1.0000000000,0,25.6,-487.7,1969.0,0,-244.9,-216.0,1931.9,1,124.9,-257.1,1928.8,1,-150.1,-855.7,1960.3,0,25.6,-854.3,1969.0,0,
22,0.9985306859,0.0045728758,-0.0532292761,0.0121993069,0.9504666328,0.3105436265,0.0520138144,-0.3107431829,0.9490673542,1,-63.0,453.6,1810.2,1,0.9985306859,0.0045728758,-0.0532292761,0.0121993069,0.9504666328,0.3105436265,0.0520138144,-0.3107431829,0.9490673542,1,-63.9,263.3,1872.4,1,0.9985229969,0.0027601137,-0.0534984432,0.0101745445,0.9706987143,0.2400252819,0.0525943525,-0.2402196676,0.9692910910,1,-64.4,78.3,1918.2,1,0.2825888097,-0.3853859305,-0.8784196973,0.9305691719,-0.1120811552,0.3485382497,-0.2327760607,-0.9159233570,0.3269553483,1,-198.2,262.0,1865.3,1,-0.0825238749,-0.3905861378,-0.9168599844,0.9959815741,-0.0644434765,-0.0621921793,-0.0347942486,-0.9183079600,0.3943346739,1,-268.1,32.0,1922.9,1,0.2482907176,0.4494395554,0.8581117988,-0.9518322349,-0.0513297692,0.3022924662,0.1799088567,-0.8918349147,0.4150463045,1,70.4,264.7,1879.5,1,-0.0793403238,0.4472450018,0.8908855915,-0.9968261719,-0.0297391303,-0.0738454461,-0.0065328446,-0.8939169645,0.4481850564,1,140.9,-5.3,1930.5,1,1.0000000000,-0.0000000000,-0.0000000000,0.0000000000,1.0000000000,-0.0000000000,0.0000000000,0.0000000000,1.0000000000,0,-152.8,-107.6,1959.3,1,1.0000000000,-0.0000000003,-0.0000000012,0.0000000003,1.0000000000,-0.0000000004,0.0000000012,0.0000000004,1.0000000000,0,-152.8,-488.8,1959.3,0,1.0000000000,0.0000000000,0.0000000000,-0.0000000000,1.0000000000,0.0000000000,-0.0000000000,-0.0000000000,1.0000000000,0,22.9,-105.8,1968.6,1,1.0000000000,-0.0000000000,0.0000000000,0.0000000000,1.0000000000,0.0000000000,-0.0000000000,-0.0000000000,1.0000000000,0,22.9,-487.0,1968.6,0,-247.5,-216.3,1931.5,1,120.6,-259.6,1928.9,1,-152.8,-855.3,1959.3,0,22.9,-853.5,1968.6,0,
23,0.9985784292,0.0043088719,-0.0523490570,0.0119284615,0.9519621730,0.3059388697,0.0511536002,-0.3061346412,0.9506105185,1,-66.6,453.8,1812.1,1,0.9985784292,0.0043088719,-0.0523490570,0.0119284615,0.9519621730,0.3059388697,0.0511536002,-0.3061346412,0.9506105185,1,-67.4,263.1,1873.4,1,0.9985746741,0.0017089639,-0.0525695309,0.0107302787,0.9718102813,0.2354595065,0.0514909364,-0.2356923372,0.9704610705,1,-67.8,77.8,1918.3,1,0.2802794278,-0.3864798844,-0.8786789179,0.9322216511,-0.1087101400,0.3451736569,-0.2289240062,-0.9158685803,0.3298157156,1,-201.8,261.6,1866.5,1,-0.0849395022,-0.3936563432,-0.9153249860,0.9961062670,-0.0553194322,-0.0686443746,-0.0236129668,-0.9175915718,0.3968223631,1,-272.0,28.2,1923.8,1,0.2409125119,0.4502438307,0.8597915769,-0.9538394213,-0.0538297221,0.2954533696,0.1793084294,-0.8912815452,0.4164920747,1,66.9,264.5,1880.3,1,-0.0892422870,0.4493820369,0.8888710141,-0.9959245920,-0.0285801739,-0.0855413005,-0.0130366366,-0.8928824067,0.4501011968,1,136.4,-10.6,1932.0,1,1.0000000000,-0.0000000000,-0.0000000000,0.0000000000,1.0000000000,-0.0000000000,0.0000000000,0.0000000000,1.0000000000,0,-155.9,-108.3,1958.7,1,1.0000000000,-0.0000000002,-0.0000000011,0.0000000002,1.0000000000,-0.0000000003,0.0000000011,0.0000000003,1.0000000000,0,-155.9,-489.5,1958.7,0,1.0000000000,0.0000000000,0.0000000000,-0.0000000000,1.0000000000,0.0000000000,-0.0000000000,-0.0000000000,1.0000000000,0,19.7,-106.4,1967.8,1,1.0000000000,-0.0000000000,0.0000000000,0.0000000000,1.0000000000,0.0000000000,-0.0000000000,-0.0000000000,1.0000000000,0,19.7,-487.6,1967.8,0,-250.8,-220.1,1929.7,1,113.9,-260.7,1928.7,1,-155.9,-856.1,1958.7,0,19.7,-854.2,1967.8,0,
