1,0.9994460344,-0.0151569014,-0.0280379709,0.0228455104,0.9540678859,0.2986665368,0.0222241618,-0.2991498113,0.9539416432,1,-60.7,444.7,1759.3,1,0.9994460344,-0.0151569014,-0.0280379709,0.0228455104,0.9540678859,0.2986665368,0.0222241618,-0.2991498113,0.9539416432,1,-57.7,253.8,1819.2,1,0.9994782805,-0.0150301112,-0.0269335825,0.0207841005,0.9733874798,0.2281509489,0.0227885358,-0.2285975367,0.9732493162,1,-54.8,68.3,1862.8,1,0.2382208556,-0.2626819909,-0.9350128174,0.9607222676,-0.0773712248,0.2665076852,-0.1423498690,-0.9617753625,0.2339330018,1,-192.1,251.0,1816.1,1,-0.2268482149,-0.2518731654,-0.9407973886,0.9725503922,-0.1099829227,-0.2050596327,-0.0518226251,-0.9614902735,0.2699087858,1,-253.7,2.8,1852.9,1,0.2461864501,0.2516031861,0.9359957576,-0.9555031657,-0.0989076868,0.2779045105,0.1624988317,-0.9627631903,0.2160579413,1,76.8,256.6,1822.3,1,-0.2936345637,0.2516031861,0.9222117662,-0.9556771517,-0.0989076644,-0.2773055136,0.0214428734,-0.9627631903,0.2694941461,1,140.4,9.7,1864.2,1,1.0000000000,0.0000000000,0.0000000000,-0.0000000000,1.0000000000,-0.0000000000,-0.0000000000,0.0000000000,1.0000000000,0,-137.6,-119.0,1904.4,1,1.0000000000,-0.0000000000,0.0000000000,0.0000000000,1.0000000000,-0.0000000000,-0.0000000000,0.0000000000,1.0000000000,0,-137.6,-500.2,1904.4,0,1.0000000000,0.0000000000,0.0000000000,-0.0000000000,1.0000000000,-0.0000000000,-0.0000000000,0.0000000000,1.0000000000,0,33.8,-115.5,1908.3,1,1.0000000000,0.0000000000,0.0000000000,-0.0000000000,1.0000000000,0.0000000000,-0.0000000000,-0.0000000000,1.0000000000,0,33.8,-496.7,1908.3,0,-197.1,-239.6,1865.8,1,67.2,-228.5,1869.6,1,-137.6,-866.8,1904.4,0,33.8,-863.2,1908.3,0,
2,0.9994102716,-0.0130533939,-0.0302800965,0.0214713011,0.9545464516,0.2972362041,0.0250248443,-0.2977190614,0.9543197155,1,-59.8,445.0,1760.2,1,0.9994102716,-0.0130533939,-0.0302800965,0.0214713011,0.9545464516,0.2972362041,0.0250248443,-0.2977190614,0.9543197155,1,-57.2,254.1,1819.7,1,0.9994205236,-0.0145672178,-0.0292326696,0.0207542609,0.9743312001,0.2240892947,0.0252189431,-0.2245717198,0.9741262197,1,-54.5,68.4,1862.5,1,0.2370243669,-0.2617442906,-0.9355797172,0.9608870149,-0.0788206905,0.2654872537,-0.1432328075,-0.9619133472,0.2328242511,1,-191.7,251.3,1816.3,1,-0.2264214903,-0.2541248202,-0.9402946234,0.9728356004,-0.1067835093,-0.2053979039,-0.0482112505,-0.9612585902,0.2713997066,1,-253.3,1.3,1853.6,1,0.2442556471,0.2540873289,0.9358305335,-0.9561731219,-0.0975868702,0.2760609686,0.1614683717,-0.9622454643,0.2191153467,1,77.2,256.8,1823.1,1,-0.2943867743,0.2540873587,0.9212905169,-0.9554941654,-0.0975868851,-0.2784021497,0.0191673934,-0.9622456431,0.2715072632,1,140.3,9.8,1864.8,1,1.0000000000,0.0000000000,0.0000000000,-0.0000000000,1.0000000000,-0.0000000000,-0.0000000000,0.0000000000,1.0000000000,0,-137.4,-119.1,1903.2,1,1.0000000000,-0.0000000000,0.0000000000,0.0000000000,1.0000000000,-0.0000000000,-0.0000000000,0.0000000000,1.0000000000,0,-137.4,-500.3,1903.2,0,1.0000000000,0.0000000000,0.0000000000,-0.0000000000,1.0000000000,-0.0000000000,-0.0000000000,0.0000000000,1.0000000000,0,34.0,-115.6,1907.5,1,1.0000000000,0.0000000000,0.0000000000,-0.0000000000,1.0000000000,0.0000000000,-0.0000000000,-0.0000000000,1.0000000000,0,34.0,-496.8,1907.5,0,-196.9,-241.1,1865.6,1,66.9,-228.3,1869.6,1,-137.4,-866.9,1903.2,0,34.0,-863.3,1907.5,0,
3,0.9996219873,-0.0124358693,-0.0225658808,0.0183554795,0.9583168030,0.2850635648,0.0180808306,-0.2853774726,0.9582390189,1,-62.2,444.7,1763.3,1,0.9996219873,-0.0124358693,-0.0225658808,0.0183554795,0.9583168030,0.2850635648,0.0180808306,-0.2853774726,0.9582390189,1,-59.7,253.1,1820.4,1,0.9995992184,-0.0156253371,-0.0215712134,0.0199276116,0.9760636687,0.2164963484,0.0176726095,-0.2168445885,0.9760411978,1,-56.7,67.1,1861.7,1,0.2260087132,-0.2687531114,-0.9363182783,0.9650217295,-0.0693294704,0.2528369427,-0.1328651458,-0.9607108235,0.2436835170,1,-194.2,250.4,1818.0,1,-0.2260905653,-0.2568047345,-0.9396458268,0.9724216461,-0.1162084192,-0.2022171170,-0.0572644621,-0.9594513178,0.2759960890,1,-252.7,0.5,1852.4,1,0.2534797192,0.2471844554,0.9352262020,-0.9539025426,-0.0967180356,0.2841047347,0.1606794894,-0.9641294479,0.2112738341,1,74.8,255.8,1822.8,1,-0.2964835763,0.2471844554,0.9224951863,-0.9548332691,-0.0967180282,-0.2809610069,0.0197727196,-0.9641294479,0.2646952271,1,140.2,9.6,1864.2,1,1.0000000000,0.0000000000,0.0000000000,-0.0000000000,1.0000000000,-0.0000000000,-0.0000000000,0.0000000000,1.0000000000,0,-139.4,-120.7,1901.5,1,1.0000000000,-0.0000000000,0.0000000000,0.0000000000,1.0000000000,-0.0000000000,-0.0000000000,0.0000000000,1.0000000000,0,-139.4,-501.9,1901.5,0,1.0000000000,0.0000000000,0.0000000000,-0.0000000000,1.0000000000,-0.0000000000,-0.0000000000,0.0000000000,1.0000000000,0,31.9,-117.3,1904.6,1,1.0000000000,0.0000000000,0.0000000000,-0.0000000000,1.0000000000,0.0000000000,-0.0000000000,-0.0000000000,1.0000000000,0,31.9,-498.5,1904.6,0,-196.4,-241.9,1866.7,1,66.3,-228.4,1869.2,1,-139.4,-868.4,1901.5,0,31.9,-865.0,1904.6,0,
4,0.9995503426,-0.0145110721,-0.0244264361,0.0211007595,0.9548511505,0.2962826490,0.0190249067,-0.2966728210,0.9547839761,1,-63.7,442.7,1760.1,1,0.9995503426,-0.0145110721,-0.0244264361,0.0211007595,0.9548511505,0.2962826490,0.0190249067,-0.2966728210,0.9547839761,1,-60.8,251.7,1819.5,1,0.9995539784,-0.0160359964,-0.0232968684,0.0208693594,0.9741297364,0.2249528170,0.0190874785,-0.2253443301,0.9740872383,1,-57.7,66.1,1862.4,1,0.2283955067,-0.2662827969,-0.9364448190,0.9637681842,-0.0742946565,0.2561856508,-0.1377906799,-0.9610273838,0.2396663427,1,-195.2,248.9,1816.9,1,-0.2349748462,-0.2532652020,-0.9384260178,0.9705166817,-0.1144741029,-0.2121154666,-0.0537040159,-0.9605998993,0.2726966739,1,-254.5,-1.1,1852.6,1,0.2578266561,0.2531939149,0.9324260950,-0.9521596432,-0.0972892791,0.2897014320,0.1640656739,-0.9625112414,0.2159972340,1,73.7,254.5,1822.0,1,-0.2958745658,0.2531939149,0.9210598469,-0.9550437331,-0.0972892791,-0.2800470591,0.0187030304,-0.9625112414,0.2705966532,1,140.0,9.6,1864.2,1,1.0000000000,0.0000000000,0.0000000000,-0.0000000000,1.0000000000,-0.0000000000,-0.0000000000,0.0000000000,1.0000000000,0,-140.3,-121.4,1903.7,1,1.0000000000,-0.0000000000,0.0000000000,0.0000000000,1.0000000000,-0.0000000000,-0.0000000000,0.0000000000,1.0000000000,0,-140.3,-502.6,1903.7,0,1.0000000000,0.0000000000,0.0000000000,-0.0000000000,1.0000000000,-0.0000000000,-0.0000000000,0.0000000000,1.0000000000,0,31.0,-117.8,1907.0,1,1.0000000000,0.0000000000,0.0000000000,-0.0000000000,1.0000000000,0.0000000000,-0.0000000000,-0.0000000000,1.0000000000,0,31.0,-499.0,1907.0,0,-195.9,-243.0,1866.0,1,66.3,-228.5,1868.9,1,-140.3,-869.1,1903.7,0,31.0,-865.5,1907.0,0,
5,0.9994332194,-0.0131347571,-0.0294776186,0.0213956553,0.9534907341,0.3006110489,0.0241591129,-0.3010796607,0.9532872438,1,-64.0,441.9,1758.5,1,0.9994332194,-0.0131347571,-0.0294776186,0.0213956553,0.9534907341,0.3006110489,0.0241591129,-0.3010796607,0.9532872438,1,-61.4,250.9,1818.8,1,0.9994077086,-0.0169631634,-0.0283652656,0.0230249930,0.9730409980,0.2294103354,0.0237099715,-0.2299335003,0.9729124904,1,-58.2,65.5,1862.7,1,0.2224208564,-0.2612565458,-0.9392944574,0.9650677443,-0.0778330937,0.2501724660,-0.1384673864,-0.9621263146,0.2348185778,1,-195.9,247.8,1815.7,1,-0.2304342687,-0.2483017743,-0.9408752918,0.9713525176,-0.1164152026,-0.2071759850,-0.0580900125,-0.9616620541,0.2680145800,1,-254.2,-5.4,1852.0,1,0.2594012320,0.2614171803,0.9297161698,-0.9514008164,-0.0962709934,0.2925209105,0.1659746915,-0.9604130387,0.2237396836,1,73.0,254.0,1822.0,1,-0.2989261746,0.2614171803,0.9177713394,-0.9541694522,-0.0962709859,-0.2833595872,0.0142796813,-0.9604129791,0.2782141864,1,139.9,8.9,1864.8,1,1.0000000000,0.0000000000,0.0000000000,-0.0000000000,1.0000000000,-0.0000000000,-0.0000000000,0.0000000000,1.0000000000,0,-140.6,-121.9,1904.5,1,1.0000000000,-0.0000000000,0.0000000000,0.0000000000,1.0000000000,-0.0000000000,-0.0000000000,0.0000000000,1.0000000000,0,-140.6,-503.1,1904.5,0,1.0000000000,0.0000000000,0.0000000000,-0.0000000000,1.0000000000,-0.0000000000,-0.0000000000,0.0000000000,1.0000000000,0,30.7,-118.0,1908.5,1,1.0000000000,0.0000000000,0.0000000000,-0.0000000000,1.0000000000,0.0000000000,-0.0000000000,-0.0000000000,1.0000000000,0,30.7,-499.2,1908.5,0,-196.8,-247.5,1866.5,1,65.4,-229.0,1868.4,1,-140.6,-869.7,1904.5,0,30.7,-865.7,1908.5,0,
6,0.9995185137,-0.0136919599,-0.0261422414,0.0209121294,0.9536497593,0.3001398742,0.0208217707,-0.3005502224,0.9535329938,1,-64.2,439.9,1759.2,1,0.9995185137,-0.0136919599,-0.0261422414,0.0209121294,0.9536497593,0.3001398742,0.0208217707,-0.3005502224,0.9535329938,1,-61.5,249.2,1819.3,1,0.9994779825,-0.0181991644,-0.0249145050,0.0233626571,0.9738456607,0.2259352356,0.0201517828,-0.2264050841,0.9738197923,1,-58.0,63.6,1862.4,1,0.2179255038,-0.2652972937,-0.9392155409,0.9662239552,-0.0769817978,0.2459370792,-0.1375489384,-0.9610885382,0.2395603210,1,-195.9,246.1,1816.6,1,-0.2271388620,-0.2539755106,-0.9401619434,0.9721709490,-0.1160063744,-0.2035341561,-0.0573720820,-0.9602286220,0.2732571661,1,-253.3,-8.3,1852.8,1,0.2604327500,0.2660317421,0.9281174541,-0.9505284429,-0.0979389027,0.2947942019,0.1693233997,-0.9589760900,0.2273642421,1,73.0,252.3,1822.0,1,-0.2948806882,0.2660317719,0.9177540541,-0.9554039836,-0.0979389027,-0.2785880268,0.0157705639,-0.9589760900,0.2830480635,1,139.7,8.9,1865.4,1,1.0000000000,0.0000000000,0.0000000000,-0.0000000000,1.0000000000,-0.0000000000,-0.0000000000,0.0000000000,1.0000000000,0,-140.2,-124.0,1903.9,1,1.0000000000,-0.0000000000,0.0000000000,0.0000000000,1.0000000000,-0.0000000000,-0.0000000000,0.0000000000,1.0000000000,0,-140.2,-505.2,1903.9,0,1.0000000000,0.0000000000,0.0000000000,-0.0000000000,1.0000000000,-0.0000000000,-0.0000000000,0.0000000000,1.0000000000,0,31.1,-120.0,1907.3,1,1.0000000000,0.0000000000,0.0000000000,-0.0000000000,1.0000000000,0.0000000000,-0.0000000000,-0.0000000000,1.0000000000,0,31.1,-501.2,1907.3,0,-196.7,-250.6,1867.1,1,66.2,-229.2,1869.3,1,-140.2,-871.8,1903.9,0,31.1,-867.7,1907.3,0,
7,0.9994047284,-0.0158418715,-0.0291096177,0.0241444428,0.9497097731,0.3121498525,0.0227015242,-0.3126757145,0.9495828748,1,-64.7,440.8,1755.1,1,0.9994047284,-0.0158418715,-0.0291096177,0.0241444428,0.9497097731,0.3121498525,0.0227015242,-0.3126757145,0.9495828748,1,-61.5,250.4,1817.8,1,0.9993844628,-0.0192101505,-0.0277460739,0.0252557304,0.9710596204,0.2374305129,0.0223828927,-0.2379914969,0.9710043669,1,-57.8,65.4,1863.1,1,0.2197191566,-0.2614699006,-0.9398708344,0.9649688601,-0.0833480060,0.2487736940,-0.1433831751,-0.9616063833,0.2339971215,1,-195.9,247.0,1814.8,1,-0.2344187796,-0.2484131753,-0.9398609996,0.9702532887,-0.1199233159,-0.2103023827,-0.0604693666,-0.9612020254,0.2691359520,1,-253.9,-7.5,1852.6,1,0.2573486865,0.2866854668,0.9228126407,-0.9501519799,-0.0988818333,0.2956919968,0.1760199964,-0.9529082179,0.2469476163,1,72.9,253.8,1820.8,1,-0.2917206287,0.2866854370,0.9125297666,-0.9564346075,-0.0988818333,-0.2746910155,0.0114826979,-0.9529080987,0.3030417562,1,139.6,7.5,1866.4,1,1.0000000000,0.0000000000,0.0000000000,-0.0000000000,1.0000000000,-0.0000000000,-0.0000000000,0.0000000000,1.0000000000,0,-139.8,-121.9,1906.6,1,1.0000000000,-0.0000000000,0.0000000000,0.0000000000,1.0000000000,-0.0000000000,-0.0000000000,0.0000000000,1.0000000000,0,-139.8,-503.1,1906.6,0,1.0000000000,0.0000000000,0.0000000000,-0.0000000000,1.0000000000,-0.0000000000,-0.0000000000,0.0000000000,1.0000000000,0,31.4,-117.6,1910.4,1,1.0000000000,0.0000000000,0.0000000000,-0.0000000000,1.0000000000,0.0000000000,-0.0000000000,-0.0000000000,1.0000000000,0,31.4,-498.7,1910.4,0,-195.5,-249.3,1867.7,1,66.9,-230.9,1869.3,1,-139.8,-869.6,1906.6,0,31.4,-865.3,1910.4,0,
8,0.9993620515,-0.0197470244,-0.0281758979,0.0277743526,0.9463325739,0.3219508529,0.0203070212,-0.3225373626,0.9463331699,1,-65.3,440.4,1752.5,1,0.9993620515,-0.0197470244,-0.0281758979,0.0277743526,0.9463325739,0.3219508529,0.0203070212,-0.3225373626,0.9463331699,1,-61.3,250.9,1817.1,1,0.9994081259,-0.0196083263,-0.0265922081,0.0255293772,0.9692035913,0.2448682040,0.0209726095,-0.2454089820,0.9691878557,1,-57.6,66.2,1863.8,1,0.2138131559,-0.2607932687,-0.9414194822,0.9666520953,-0.0825685859,0.2424171716,-0.1409524530,-0.9618570805,0.2344421148,1,-195.7,247.5,1814.2,1,-0.2234333307,-0.2485671043,-0.9424923062,0.9730079174,-0.1141515747,-0.2005618811,-0.0577339083,-0.9618646502,0.2673630118,1,-252.3,-8.0,1851.5,1,0.2577743530,0.2786417305,0.9251546264,-0.9503257275,-0.0997653306,0.2948354185,0.1744518280,-0.9551992416,0.2390834540,1,73.1,254.4,1819.9,1,-0.2922879457,0.2786417902,0.9148369431,-0.9562188387,-0.0997653380,-0.2751227617,0.0146083245,-0.9551993608,0.2956027091,1,139.6,9.2,1864.9,1,1.0000000000,0.0000000000,0.0000000000,-0.0000000000,1.0000000000,-0.0000000000,-0.0000000000,0.0000000000,1.0000000000,0,-139.5,-120.7,1908.8,1,1.0000000000,-0.0000000000,0.0000000000,0.0000000000,1.0000000000,-0.0000000000,-0.0000000000,0.0000000000,1.0000000000,0,-139.5,-501.9,1908.8,0,1.0000000000,0.0000000000,0.0000000000,-0.0000000000,1.0000000000,-0.0000000000,-0.0000000000,0.0000000000,1.0000000000,0,31.8,-116.3,1912.4,1,1.0000000000,0.0000000000,0.0000000000,-0.0000000000,1.0000000000,0.0000000000,-0.0000000000,-0.0000000000,1.0000000000,0,31.8,-497.5,1912.4,0,-196.6,-250.5,1865.9,1,66.8,-229.1,1868.5,1,-139.5,-868.4,1908.8,0,31.8,-864.1,1912.4,0,
9,0.9994828701,-0.0179139860,-0.0249264352,0.0250893719,0.9445951581,0.3272306323,0.0176840015,-0.3276964426,0.9446118474,1,-64.8,439.8,1751.1,1,0.9994828701,-0.0179139860,-0.0249264352,0.0250893719,0.9445951581,0.3272306323,0.0176840015,-0.3276964426,0.9446118474,1,-61.3,251.0,1816.6,1,0.9994828105,-0.0199031346,-0.0233720895,0.0250931643,0.9682622552,0.2486090064,0.0176828224,-0.2490739524,0.9683181643,1,-57.5,66.4,1864.1,1,0.2156933844,-0.2630952001,-0.9403495789,0.9660612345,-0.0826808363,0.2447237968,-0.1421345472,-0.9612205625,0.2363323271,1,-195.7,247.6,1814.2,1,-0.2179149240,-0.2500058711,-0.9434034824,0.9745127559,-0.1085009947,-0.1963475943,-0.0532721654,-0.9621458054,0.2672779262,1,-252.2,-5.3,1851.4,1,0.2583446205,0.2957268357,0.9196758866,-0.9487821460,-0.1015363485,0.2991703749,0.1818532348,-0.9498611093,0.2543489337,1,73.2,254.3,1819.0,1,-0.2910610437,0.2957268059,0.9098512530,-0.9566336274,-0.1015363410,-0.2730246782,0.0116422474,-0.9498611689,0.3124555051,1,139.9,9.5,1865.9,1,1.0000000000,0.0000000000,0.0000000000,-0.0000000000,1.0000000000,-0.0000000000,-0.0000000000,0.0000000000,1.0000000000,0,-139.3,-120.3,1910.0,1,1.0000000000,-0.0000000000,0.0000000000,0.0000000000,1.0000000000,-0.0000000000,-0.0000000000,0.0000000000,1.0000000000,0,-139.3,-501.5,1910.0,0,1.0000000000,0.0000000000,0.0000000000,-0.0000000000,1.0000000000,-0.0000000000,-0.0000000000,0.0000000000,1.0000000000,0,32.0,-116.0,1913.1,1,1.0000000000,0.0000000000,0.0000000000,-0.0000000000,1.0000000000,0.0000000000,-0.0000000000,-0.0000000000,1.0000000000,0,32.0,-497.2,1913.1,0,-197.9,-248.2,1864.7,1,67.3,-228.9,1868.8,1,-139.3,-868.0,1910.0,0,32.0,-863.7,1913.1,0,
10,0.9993746281,-0.0171726700,-0.0293852389,0.0258786287,0.9441668391,0.3284032047,0.0221058354,-0.3289678991,0.9440765977,1,-65.1,440.1,1750.8,1,0.9993746281,-0.0171726700,-0.0293852389,0.0258786287,0.9441668391,0.3284032047,0.0221058354,-0.3289678991,0.9440765977,1,-61.7,251.2,1816.6,1,0.9993340969,-0.0216859952,-0.0277360417,0.0278776046,0.9685401917,0.2472258508,0.0215029828,-0.2478414029,0.9685571194,1,-57.5,66.6,1863.9,1,0.2104595900,-0.2595031261,-0.9425310493,0.9674839377,-0.0830691308,0.2389024198,-0.1402911842,-0.9621629715,0.2335824072,1,-196.1,247.4,1813.7,1,-0.2214235067,-0.2462283969,-0.9435800910,0.9734591246,-0.1132304147,-0.1988874376,-0.0578702241,-0.9625750184,0.2647651434,1,-251.3,-6.4,1850.5,1,0.2591368258,0.3001419902,0.9180212021,-0.9480785728,-0.1023994461,0.3011002839,0.1843777001,-0.9483823776,0.2580227256,1,72.7,254.9,1819.5,1,-0.2913436890,0.3001419902,0.9083136320,-0.9565542936,-0.1023994312,-0.2729802728,0.0110779628,-0.9483823776,0.3169355392,1,139.7,9.8,1867.2,1,1.0000000000,0.0000000000,0.0000000000,-0.0000000000,1.0000000000,-0.0000000000,-0.0000000000,0.0000000000,1.0000000000,0,-139.0,-120.4,1909.3,1,1.0000000000,-0.0000000000,0.0000000000,0.0000000000,1.0000000000,-0.0000000000,-0.0000000000,0.0000000000,1.0000000000,0,-139.0,-501.6,1909.3,0,1.0000000000,0.0000000000,0.0000000000,-0.0000000000,1.0000000000,-0.0000000000,-0.0000000000,0.0000000000,1.0000000000,0,32.2,-115.7,1912.9,1,1.0000000000,0.0000000000,0.0000000000,-0.0000000000,1.0000000000,0.0000000000,-0.0000000000,-0.0000000000,1.0000000000,0,32.2,-496.9,1912.9,0,-196.1,-249.0,1865.0,1,67.1,-228.6,1869.9,1,-139.0,-868.2,1909.3,0,32.2,-863.4,1912.9,0,
11,0.9992436767,-0.0185965057,-0.0327800512,0.0283219144,0.9443578720,0.3276514411,0.0248639453,-0.3283415139,0.9442260265,1,-65.5,441.7,1750.8,1,0.9992436767,-0.0185965057,-0.0327800512,0.0283219144,0.9443578720,0.3276514411,0.0248639453,-0.3283415139,0.9442260265,1,-61.7,252.2,1816.7,1,0.9992317557,-0.0219882261,-0.0309948362,0.0288833976,0.9694623947,0.2434674501,0.0246959515,-0.2441823930,0.9694100022,1,-57.5,67.5,1863.2,1,0.2066982388,-0.2576652765,-0.9438667297,0.9681624174,-0.0853570551,0.2353203148,-0.1411995590,-0.9624565840,0.2318187058,1,-196.1,248.4,1813.4,1,-0.2305942923,-0.2448799461,-0.9417324662,0.9710648656,-0.1197010875,-0.2066506743,-0.0621217899,-0.9621357918,0.2653967440,1,-250.7,-7.2,1850.7,1,0.2591014504,0.2981435657,0.9186822176,-0.9491301179,-0.0976198614,0.2993698716,0.1789368093,-0.9495161176,0.2576836348,1,72.7,256.1,1820.0,1,-0.2795699537,0.2981435657,0.9126615524,-0.9600632191,-0.0976198465,-0.2622002661,0.0109205544,-0.9495161176,0.3135282397,1,139.7,10.7,1866.3,1,1.0000000000,0.0000000000,0.0000000000,-0.0000000000,1.0000000000,-0.0000000000,-0.0000000000,0.0000000000,1.0000000000,0,-138.9,-119.8,1907.7,1,1.0000000000,-0.0000000000,0.0000000000,0.0000000000,1.0000000000,-0.0000000000,-0.0000000000,0.0000000000,1.0000000000,0,-138.9,-501.0,1907.7,0,1.0000000000,0.0000000000,0.0000000000,-0.0000000000,1.0000000000,-0.0000000000,-0.0000000000,0.0000000000,1.0000000000,0,32.2,-114.8,1911.9,1,1.0000000000,0.0000000000,0.0000000000,-0.0000000000,1.0000000000,0.0000000000,-0.0000000000,-0.0000000000,1.0000000000,0,32.2,-496.0,1911.9,0,-193.2,-249.2,1866.1,1,70.0,-228.6,1869.0,1,-138.9,-867.5,1907.7,0,32.2,-862.6,1911.9,0,
12,0.9993677735,-0.0184948612,-0.0288144015,0.0269098040,0.9446037412,0.3270611763,0.0211700015,-0.3276392817,0.9445599318,1,-64.9,441.7,1750.5,1,0.9993677735,-0.0184948612,-0.0288144015,0.0269098040,0.9446037412,0.3270611763,0.0211700015,-0.3276392817,0.9445599318,1,-61.2,251.9,1816.3,1,0.9993088841,-0.0236963909,-0.0269905683,0.0295803938,0.9692242146,0.2443304360,0.0203709621,-0.2449667752,0.9693126082,1,-56.6,67.1,1863.0,1,0.2103438377,-0.2605525851,-0.9422672987,0.9677595496,-0.0811034739,0.2384609431,-0.1385527998,-0.9620469809,0.2350926399,1,-195.6,247.9,1813.6,1,-0.2426903248,-0.2434280068,-0.9390656352,0.9679934382,-0.1245820969,-0.2178717554,-0.0639546737,-0.9618847370,0.2658715546,1,-251.0,-7.0,1850.1,1,0.2585232258,0.3164472282,0.9127030969,-0.9483905435,-0.0964622274,0.3020766079,0.1836326718,-0.9436928034,0.2751778960,1,73.3,255.8,1819.1,1,-0.2708416581,0.3164473176,0.9091237783,-0.9625942111,-0.0964622572,-0.2531947792,0.0075733257,-0.9436929822,0.3307363093,1,139.7,12.0,1866.3,1,1.0000000000,0.0000000000,0.0000000000,-0.0000000000,1.0000000000,-0.0000000000,-0.0000000000,0.0000000000,1.0000000000,0,-137.7,-120.1,1908.0,1,1.0000000000,-0.0000000000,0.0000000000,0.0000000000,1.0000000000,-0.0000000000,-0.0000000000,0.0000000000,1.0000000000,0,-137.7,-501.3,1908.0,0,1.0000000000,0.0000000000,0.0000000000,-0.0000000000,1.0000000000,-0.0000000000,-0.0000000000,0.0000000000,1.0000000000,0,33.5,-115.1,1911.5,1,1.0000000000,0.0000000000,0.0000000000,-0.0000000000,1.0000000000,0.0000000000,-0.0000000000,-0.0000000000,1.0000000000,0,33.5,-496.3,1911.5,0,-190.5,-248.3,1866.0,1,72.2,-227.9,1868.2,1,-137.7,-867.9,1908.0,0,33.5,-862.8,1911.5,0,
13,0.9992142916,-0.0211652592,-0.0321093947,0.0304536168,0.9453425407,0.3246065676,0.0234849229,-0.3253387213,0.9453001022,1,-65.7,442.1,1751.2,1,0.9992142916,-0.0211652592,-0.0321093947,0.0304536168,0.9453425407,0.3246065676,0.0234849229,-0.3253387213,0.9453001022,1,-61.5,252.1,1816.6,1,0.9991774559,-0.0254510287,-0.0300800651,0.0319662988,0.9699248672,0.2412296832,0.0230368320,-0.2419994324,0.9699980021,1,-56.6,67.2,1862.7,1,0.2081637830,-0.2587803602,-0.9432392716,0.9680871964,-0.0830826908,0.2364413738,-0.1395532787,-0.9623563886,0.2332271188,1,-195.9,247.8,1813.5,1,-0.2503074408,-0.2437644601,-0.9369764924,0.9661553502,-0.1252361238,-0.2255208790,-0.0623693354,-0.9617143869,0.2668618858,1,-250.7,-7.4,1850.3,1,0.2594280541,0.3193944097,0.9114189148,-0.9481163621,-0.0953508168,0.3032881021,0.1837730408,-0.9428126812,0.2780863643,1,72.9,256.4,1819.7,1,-0.2644690573,0.3193943799,0.9099688530,-0.9643615484,-0.0953508019,-0.2468098402,0.0079365885,-0.9428125620,0.3332289755,1,139.9,11.7,1867.1,1,1.0000000000,0.0000000000,0.0000000000,-0.0000000000,1.0000000000,-0.0000000000,-0.0000000000,0.0000000000,1.0000000000,0,-137.3,-120.4,1906.8,1,1.0000000000,-0.0000000000,0.0000000000,0.0000000000,1.0000000000,-0.0000000000,-0.0000000000,0.0000000000,1.0000000000,0,-137.3,-501.6,1906.8,0,1.0000000000,0.0000000000,0.0000000000,-0.0000000000,1.0000000000,-0.0000000000,-0.0000000000,0.0000000000,1.0000000000,0,33.8,-114.9,1910.8,1,1.0000000000,0.0000000000,0.0000000000,-0.0000000000,1.0000000000,0.0000000000,-0.0000000000,-0.0000000000,1.0000000000,0,33.8,-496.1,1910.8,0,-188.4,-248.2,1865.8,1,74.0,-228.7,1869.1,1,-137.3,-868.1,1906.8,0,33.8,-862.7,1910.8,0,
14,0.9990054369,-0.0224081334,-0.0373381935,0.0333164074,0.9454370737,0.3240493238,0.0280407704,-0.3249804080,0.9452992082,1,-64.9,443.2,1751.1,1,0.9990054369,-0.0224081334,-0.0373381935,0.0333164074,0.9454370737,0.3240493238,0.0280407704,-0.3249804080,0.9452992082,1,-60.4,253.3,1816.4,1,0.9989633560,-0.0271663480,-0.0352481864,0.0349435285,0.9692983031,0.2433258444,0.0275569912,-0.2443120480,0.9693001509,1,-55.3,68.6,1862.9,1,0.2185857594,-0.2538706362,-0.9422155023,0.9652957916,-0.0851576775,0.2468850762,-0.1429137439,-0.9634822011,0.2264459878,1,-194.8,248.6,1812.7,1,-0.2581918538,-0.2389897108,-0.9360666871,0.9642053843,-0.1242972314,-0.2342185378,-0.0603746735,-0.9630338550,0.2625276744,1,-252.4,-5.7,1850.3,1,0.2554062903,0.3220693469,0.9116134644,-0.9494502544,-0.0944442451,0.2993737757,0.1825157404,-0.9419935942,0.2816671431,1,73.9,258.0,1820.1,1,-0.2612854838,0.3220693171,0.9099458456,-0.9652328491,-0.0944442451,-0.2437329739,0.0074402280,-0.9419934750,0.3355488479,1,140.0,12.5,1867.3,1,1.0000000000,0.0000000000,0.0000000000,-0.0000000000,1.0000000000,-0.0000000000,-0.0000000000,0.0000000000,1.0000000000,0,-135.6,-119.2,1907.1,1,1.0000000000,-0.0000000000,0.0000000000,0.0000000000,1.0000000000,-0.0000000000,-0.0000000000,0.0000000000,1.0000000000,0,-135.6,-500.4,1907.1,0,1.0000000000,0.0000000000,0.0000000000,-0.0000000000,1.0000000000,-0.0000000000,-0.0000000000,0.0000000000,1.0000000000,0,35.5,-113.2,1911.9,1,1.0000000000,0.0000000000,0.0000000000,-0.0000000000,1.0000000000,0.0000000000,-0.0000000000,-0.0000000000,1.0000000000,0,35.5,-494.4,1911.9,0,-188.1,-246.0,1865.4,1,74.9,-228.1,1869.1,1,-135.6,-866.9,1907.1,0,35.5,-860.9,1911.9,0,
15,0.9987961650,-0.0268555228,-0.0399158113,0.0382420905,0.9466009140,0.3200833201,0.0291896816,-0.3212335706,0.9465442896,1,-65.4,443.3,1752.0,1,0.9987961650,-0.0268555228,-0.0399158113,0.0382420905,0.9466009140,0.3200833201,0.0291896816,-0.3212335706,0.9465442896,1,-60.0,253.3,1816.5,1,0.9988408685,-0.0285424478,-0.0375567377,0.0366949476,0.9704452157,0.2384475023,0.0296422727,-0.2395557165,0.9704251289,1,-54.6,68.3,1862.1,1,0.2259040475,-0.2537242174,-0.9405272603,0.9627543092,-0.0890935138,0.2552773654,-0.1485649049,-0.9631648660,0.2241474837,1,-194.4,248.3,1812.5,1,-0.2592803538,-0.2405922562,-0.9353550076,0.9640055895,-0.1235139221,-0.2354519814,-0.0588814467,-0.9627355337,0.2639569938,1,-253.1,-2.0,1851.1,1,0.2556096613,0.3232552409,0.9111365080,-0.9493178725,-0.0943915397,0.2998095155,0.1829185784,-0.9415923953,0.2827446163,1,74.3,258.2,1820.4,1,-0.2579732835,0.3232552409,0.9104701281,-0.9661164880,-0.0943915471,-0.2402272075,0.0082859714,-0.9415923953,0.3366527557,1,140.2,13.5,1867.6,1,1.0000000000,0.0000000000,0.0000000000,-0.0000000000,1.0000000000,-0.0000000000,-0.0000000000,0.0000000000,1.0000000000,0,-134.7,-119.8,1905.2,1,1.0000000000,-0.0000000000,0.0000000000,0.0000000000,1.0000000000,-0.0000000000,-0.0000000000,0.0000000000,1.0000000000,0,-134.7,-501.0,1905.2,0,1.0000000000,0.0000000000,0.0000000000,-0.0000000000,1.0000000000,-0.0000000000,-0.0000000000,0.0000000000,1.0000000000,0,36.4,-113.5,1910.3,1,1.0000000000,0.0000000000,0.0000000000,-0.0000000000,1.0000000000,0.0000000000,-0.0000000000,-0.0000000000,1.0000000000,0,36.4,-494.7,1910.3,0,-188.5,-242.3,1865.8,1,75.9,-227.3,1869.7,1,-134.7,-867.5,1905.2,0,36.4,-861.2,1910.3,0,
16,0.9986771941,-0.0249344260,-0.0439359285,0.0376936160,0.9468242526,0.3194872141,0.0336349495,-0.3207298219,0.9465674758,1,-64.3,443.4,1751.8,1,0.9986771941,-0.0249344260,-0.0439359285,0.0376936160,0.9468242526,0.3194872141,0.0336349495,-0.3207298219,0.9465674758,1,-59.3,253.4,1816.1,1,0.9987007380,-0.0277281515,-0.0416686013,0.0368372649,0.9708126187,0.2369253188,0.0338845365,-0.2381588370,0.9706300497,1,-54.0,68.4,1861.5,1,0.2264241874,-0.2497377992,-0.9414685965,0.9629313946,-0.0880967230,0.2549549043,-0.1466121823,-0.9642975926,0.2205331624,1,-193.6,248.5,1811.6,1,-0.2520481944,-0.2394752800,-0.9376158118,0.9656109214,-0.1260913759,-0.2273689508,-0.0637760088,-0.9626800418,0.2630210221,1,-252.6,-2.5,1849.8,1,0.2573411763,0.3292957544,0.9084822536,-0.9484756589,-0.0937670395,0.3026575446,0.1848495007,-0.9395595193,0.2881989479,1,75.1,258.4,1820.7,1,-0.2627392411,0.3292957842,0.9069357514,-0.9648576975,-0.0937670097,-0.2454737425,0.0042071785,-0.9395595193,0.3423598409,1,141.3,14.3,1868.3,1,1.0000000000,0.0000000000,0.0000000000,-0.0000000000,1.0000000000,-0.0000000000,-0.0000000000,0.0000000000,1.0000000000,0,-134.2,-119.8,1904.0,1,1.0000000000,-0.0000000000,0.0000000000,0.0000000000,1.0000000000,-0.0000000000,-0.0000000000,0.0000000000,1.0000000000,0,-134.2,-501.0,1904.0,0,1.0000000000,0.0000000000,0.0000000000,-0.0000000000,1.0000000000,-0.0000000000,-0.0000000000,0.0000000000,1.0000000000,0,36.8,-113.5,1909.8,1,1.0000000000,0.0000000000,0.0000000000,-0.0000000000,1.0000000000,0.0000000000,-0.0000000000,-0.0000000000,1.0000000000,0,36.8,-494.7,1909.8,0,-189.8,-243.2,1865.7,1,75.8,-226.1,1869.3,1,-134.2,-867.5,1904.0,0,36.8,-861.2,1909.8,0,
17,0.9988552332,-0.0249583777,-0.0396666005,0.0362098776,0.9483315349,0.3151589930,0.0297525581,-0.3162434399,0.9482056499,1,-64.9,442.9,1752.7,1,0.9988552332,-0.0249583777,-0.0396666005,0.0362098776,0.9483315349,0.3151589930,0.0297525581,-0.3162434399,0.9482056499,1,-59.9,253.0,1816.1,1,0.9988366961,-0.0288907234,-0.0374011956,0.0368729569,0.9714251757,0.2343955040,0.0295619927,-0.2355081588,0.9714177251,1,-54.4,67.8,1861.0,1,0.2235898525,-0.2542755008,-0.9409312010,0.9636837840,-0.0869502574,0.2524937689,-0.1460171938,-0.9632152319,0.2256000191,1,-194.3,248.0,1812.1,1,-0.2469987273,-0.2458379865,-0.9373128414,0.9669292569,-0.1259716749,-0.2217634022,-0.0635569915,-0.9610905051,0.2688227892,1,-252.6,-3.4,1850.2,1,0.2616185248,0.3250653744,0.9087839127,-0.9470984936,-0.0948972926,0.3065924644,0.1859037429,-0.9409181476,0.2830420136,1,74.4,257.9,1820.1,1,-0.2645647228,0.3250654042,0.9079306722,-0.9643501639,-0.0948973298,-0.2470290065,0.0058596055,-0.9409182668,0.3385833502,1,141.6,15.0,1867.8,1,1.0000000000,0.0000000000,0.0000000000,-0.0000000000,1.0000000000,-0.0000000000,-0.0000000000,0.0000000000,1.0000000000,0,-134.4,-120.5,1903.3,1,1.0000000000,-0.0000000000,0.0000000000,0.0000000000,1.0000000000,-0.0000000000,-0.0000000000,0.0000000000,1.0000000000,0,-134.4,-501.7,1903.3,0,1.0000000000,0.0000000000,0.0000000000,-0.0000000000,1.0000000000,-0.0000000000,-0.0000000000,0.0000000000,1.0000000000,0,36.6,-114.2,1908.4,1,1.0000000000,0.0000000000,0.0000000000,-0.0000000000,1.0000000000,0.0000000000,-0.0000000000,-0.0000000000,1.0000000000,0,36.6,-495.4,1908.4,0,-191.1,-244.4,1866.0,1,75.6,-225.4,1869.2,1,-134.4,-868.2,1903.3,0,36.6,-861.9,1908.4,0,
18,0.9989698529,-0.0245082583,-0.0369709171,0.0350298919,0.9472059011,0.3186579943,0.0272104740,-0.3196339607,0.9471445084,1,-65.3,441.7,1751.3,1,0.9989698529,-0.0245082583,-0.0369709171,0.0350298919,0.9472059011,0.3186579943,0.0272104740,-0.3196339607,0.9471445084,1,-60.4,251.7,1815.3,1,0.9989259243,-0.0290968250,-0.0347652547,0.0366005860,0.9701237679,0.2397664487,0.0267513804,-0.2407878935,0.9702040553,1,-54.8,66.8,1861.2,1,0.2233335525,-0.2556214035,-0.9406273365,0.9636822939,-0.0870519131,0.2524644136,-0.1464187205,-0.9628496766,0.2268962562,1,-194.7,246.8,1811.7,1,-0.2466409653,-0.2455784380,-0.9374750257,0.9671236873,-0.1242277771,-0.2218988985,-0.0619668663,-0.9613836408,0.2681443989,1,-252.9,-4.0,1849.8,1,0.2648262978,0.3254313767,0.9077232480,-0.9459581375,-0.0950327963,0.3100517690,0.1871640533,-0.9407780766,0.2826772332,1,74.0,256.7,1818.9,1,-0.2660402954,0.3254313767,0.9073681831,-0.9639471173,-0.0950328112,-0.2485453188,0.0053453012,-0.9407780170,0.3389811814,1,141.8,14.7,1866.8,1,1.0000000000,0.0000000000,0.0000000000,-0.0000000000,1.0000000000,-0.0000000000,-0.0000000000,0.0000000000,1.0000000000,0,-134.8,-121.2,1904.8,1,1.0000000000,-0.0000000000,0.0000000000,0.0000000000,1.0000000000,-0.0000000000,-0.0000000000,0.0000000000,1.0000000000,0,-134.8,-502.4,1904.8,0,1.0000000000,0.0000000000,0.0000000000,-0.0000000000,1.0000000000,-0.0000000000,-0.0000000000,0.0000000000,1.0000000000,0,36.2,-114.9,1909.4,1,1.0000000000,0.0000000000,0.0000000000,-0.0000000000,1.0000000000,0.0000000000,-0.0000000000,-0.0000000000,1.0000000000,0,36.2,-496.1,1909.4,0,-191.4,-245.0,1865.3,1,75.4,-225.6,1868.1,1,-134.8,-868.9,1904.8,0,36.2,-862.7,1909.4,0,
19,0.9989809394,-0.0249949377,-0.0363413021,0.0353776254,0.9461284876,0.3218049407,0.0263411589,-0.3227719665,0.9461043477,1,-65.4,440.6,1749.9,1,0.9989809394,-0.0249949377,-0.0363413021,0.0353776254,0.9461284876,0.3218049407,0.0263411589,-0.3227719665,0.9461043477,1,-60.4,251.1,1814.5,1,0.9989442825,-0.0291942693,-0.0341521986,0.0366730094,0.9689539075,0.2444404364,0.0259568244,-0.2454416454,0.9690588713,1,-54.9,66.5,1861.3,1,0.2157118022,-0.2549452782,-0.9425875545,0.9658577442,-0.0861354545,0.2443346083,-0.1434821635,-0.9631114006,0.2276604623,1,-194.8,246.2,1811.0,1,-0.2440275550,-0.2440000623,-0.9385704398,0.9676827192,-0.1247077808,-0.2191763818,-0.0635679886,-0.9617235065,0.2665467262,1,-251.3,-6.7,1848.6,1,0.2652024329,0.3285699189,0.9064819217,-0.9451848269,-0.0971650630,0.3117445707,0.1905082613,-0.9394683838,0.2847908735,1,74.0,256.1,1818.0,1,-0.2671580315,0.3285698891,0.9059075713,-0.9636325240,-0.0971650407,-0.2489401102,0.0062283198,-0.9394683242,0.3425790966,1,141.9,14.0,1866.8,1,1.0000000000,0.0000000000,0.0000000000,-0.0000000000,1.0000000000,-0.0000000000,-0.0000000000,0.0000000000,1.0000000000,0,-134.8,-121.4,1905.8,1,1.0000000000,-0.0000000000,0.0000000000,0.0000000000,1.0000000000,-0.0000000000,-0.0000000000,0.0000000000,1.0000000000,0,-134.8,-502.6,1905.8,0,1.0000000000,0.0000000000,0.0000000000,-0.0000000000,1.0000000000,-0.0000000000,-0.0000000000,0.0000000000,1.0000000000,0,36.2,-115.1,1910.3,1,1.0000000000,0.0000000000,0.0000000000,-0.0000000000,1.0000000000,0.0000000000,-0.0000000000,-0.0000000000,1.0000000000,0,36.2,-496.3,1910.3,0,-190.4,-247.8,1864.4,1,75.3,-226.2,1868.3,1,-134.8,-869.1,1905.8,0,36.2,-862.8,1910.3,0,
20,0.9985983968,-0.0287922285,-0.0433655307,0.0412250385,0.9461003542,0.3211907744,0.0317818075,-0.3225377202,0.9460170865,1,-65.8,440.6,1749.5,1,0.9985983968,-0.0287922285,-0.0433655307,0.0412250385,0.9461003542,0.3211907744,0.0317818075,-0.3225377202,0.9460170865,1,-60.0,251.0,1814.2,1,0.9985839128,-0.0326139927,-0.0409244299,0.0416764207,0.9685911536,0.2450752705,0.0316477008,-0.2464406788,0.9686360359,1,-53.8,66.4,1861.1,1,0.2227619141,-0.2498415112,-0.9423143268,0.9632930160,-0.0921295881,0.2521481216,-0.1498121172,-0.9638937712,0.2201476246,1,-194.4,245.4,1809.9,1,-0.2521331012,-0.2405044287,-0.9373294711,0.9657341838,-0.1241287887,-0.2279241979,-0.0615327954,-0.9626783133,0.2635603547,1,-252.5,-5.9,1849.0,1,0.2621764839,0.3244057298,0.9088588953,-0.9468209743,-0.0955700502,0.3072398901,0.1865300536,-0.9410777688,0.2820979357,1,74.3,256.6,1818.4,1,-0.2627673149,0.3244057298,0.9086882472,-0.9648308754,-0.0955700502,-0.2448832542,0.0074018501,-0.9410778284,0.3381093144,1,141.6,13.5,1866.3,1,1.0000000000,0.0000000000,0.0000000000,-0.0000000000,1.0000000000,-0.0000000000,-0.0000000000,0.0000000000,1.0000000000,0,-133.1,-121.7,1905.4,1,1.0000000000,-0.0000000000,0.0000000000,0.0000000000,1.0000000000,-0.0000000000,-0.0000000000,0.0000000000,1.0000000000,0,-133.1,-502.9,1905.4,0,1.0000000000,0.0000000000,0.0000000000,-0.0000000000,1.0000000000,-0.0000000000,-0.0000000000,0.0000000000,1.0000000000,0,37.9,-114.6,1910.8,1,1.0000000000,0.0000000000,0.0000000000,-0.0000000000,1.0000000000,0.0000000000,-0.0000000000,-0.0000000000,1.0000000000,0,37.9,-495.8,1910.8,0,-189.6,-246.6,1864.3,1,76.1,-227.0,1868.2,1,-133.1,-869.5,1905.4,0,37.9,-862.3,1910.8,0,
21,0.9982915521,-0.0295027159,-0.0495150648,0.0438761562,0.9460664988,0.3209392130,0.0373777486,-0.3225727081,0.9458005428,1,-65.7,442.2,1750.0,1,0.9982915521,-0.0295027159,-0.0495150648,0.0438761562,0.9460664988,0.3209392130,0.0373777486,-0.3225727081,0.9458005428,1,-59.8,252.5,1814.7,1,0.9982784390,-0.0339001119,-0.0468952470,0.0442728810,0.9692999125,0.2417957038,0.0372605436,-0.2434623092,0.9691894054,1,-53.3,67.8,1861.1,1,0.2195676416,-0.2451962084,-0.9442822337,0.9640979171,-0.0936378837,0.2484896779,-0.1493493021,-0.9649408460,0.2158333212,1,-194.1,246.6,1809.7,1,-0.2522271872,-0.2382549196,-0.9378785491,0.9655449390,-0.1261336356,-0.2276251912,-0.0640652031,-0.9629771709,0.2618601918,1,-251.6,-5.9,1848.8,1,0.2598005533,0.3073077500,0.9154593349,-0.9491715431,-0.0931852907,0.3006489873,0.1776990741,-0.9470367432,0.2674781978,1,74.5,258.5,1819.7,1,-0.2603736520,0.3073077202,0.9152964950,-0.9654507041,-0.0931852907,-0.2433544099,0.0105074709,-0.9470367432,0.3209534883,1,141.6,13.5,1865.6,1,1.0000000000,0.0000000000,0.0000000000,-0.0000000000,1.0000000000,-0.0000000000,-0.0000000000,0.0000000000,1.0000000000,0,-132.3,-120.7,1904.3,1,1.0000000000,-0.0000000000,0.0000000000,0.0000000000,1.0000000000,-0.0000000000,-0.0000000000,0.0000000000,1.0000000000,0,-132.3,-501.9,1904.3,0,1.0000000000,0.0000000000,0.0000000000,-0.0000000000,1.0000000000,-0.0000000000,-0.0000000000,0.0000000000,1.0000000000,0,38.6,-113.2,1910.7,1,1.0000000000,0.0000000000,0.0000000000,-0.0000000000,1.0000000000,0.0000000000,-0.0000000000,-0.0000000000,1.0000000000,0,38.6,-494.4,1910.7,0,-188.7,-246.6,1864.8,1,76.7,-227.2,1868.2,1,-132.3,-868.5,1904.3,0,38.6,-860.9,1910.7,0,
22,0.9981889129,-0.0320564359,-0.0499944352,0.0463166498,0.9471085072,0.3175045848,0.0371738523,-0.3192542493,0.9469338655,1,-66.7,442.5,1751.0,1,0.9981889129,-0.0320564359,-0.0499944352,0.0463166498,0.9471085072,0.3175045848,0.0371738523,-0.3192542493,0.9469338655,1,-60.3,252.7,1815.0,1,0.9981484413,-0.0372071080,-0.0471539870,0.0474367626,0.9698704481,0.2388904691,0.0368467197,-0.2406915128,0.9698969722,1,-53.2,67.8,1860.9,1,0.2159096748,-0.2458350658,-0.9449592829,0.9650259018,-0.0936473608,0.2448573411,-0.1486874819,-0.9647772312,0.2170178592,1,-194.5,246.3,1810.0,1,-0.2483738065,-0.2421514392,-0.9379088879,0.9665368795,-0.1260887235,-0.2234010994,-0.0641628355,-0.9620105028,0.2653654516,1,-251.1,-6.3,1849.0,1,0.2586812377,0.2960421443,0.9194798470,-0.9500318170,-0.0941912383,0.2976030409,0.1747099757,-0.9505194426,0.2568839490,1,74.0,259.0,1820.0,1,-0.2570247054,0.2960421443,0.9199442267,-0.9662773013,-0.0941912383,-0.2396586090,0.0157016423,-0.9505193830,0.3102682531,1,140.6,14.3,1865.0,1,1.0000000000,0.0000000000,0.0000000000,-0.0000000000,1.0000000000,-0.0000000000,-0.0000000000,0.0000000000,1.0000000000,0,-131.5,-121.1,1903.6,1,1.0000000000,-0.0000000000,0.0000000000,0.0000000000,1.0000000000,-0.0000000000,-0.0000000000,0.0000000000,1.0000000000,0,-131.5,-502.3,1903.6,0,1.0000000000,0.0000000000,0.0000000000,-0.0000000000,1.0000000000,-0.0000000000,-0.0000000000,0.0000000000,1.0000000000,0,39.3,-113.0,1909.9,1,1.0000000000,0.0000000000,0.0000000000,-0.0000000000,1.0000000000,0.0000000000,-0.0000000000,-0.0000000000,1.0000000000,0,39.3,-494.2,1909.9,0,-189.1,-247.2,1865.0,1,76.6,-226.5,1868.9,1,-131.5,-868.8,1903.6,0,39.3,-860.7,1909.9,0,
23,0.9979480505,-0.0327374414,-0.0541862175,0.0482957549,0.9470780492,0.3173006773,0.0409329273,-0.3192757070,0.9467715025,1,-66.0,442.0,1751.0,1,0.9979480505,-0.0327374414,-0.0541862175,0.0482957549,0.9470780492,0.3173006773,0.0409329273,-0.3192757070,0.9467715025,1,-59.4,252.3,1815.0,1,0.9978876114,-0.0387039967,-0.0512877367,0.0499159060,0.9695861340,0.2395386696,0.0404588804,-0.2415993363,0.9695271850,1,-52.0,67.5,1861.0,1,0.2168481648,-0.2414915711,-0.9458639622,0.9651496410,-0.0923731625,0.2448536754,-0.1465025544,-0.9659963250,0.2130445689,1,-193.6,245.6,1809.5,1,-0.2482105643,-0.2356377542,-0.9396097660,0.9665215611,-0.1253462434,-0.2238850445,-0.0650207698,-0.9637237787,0.2588612139,1,-250.5,-7.5,1848.0,1,0.2547484338,0.2902228832,0.9224283099,-0.9517945051,-0.0932827517,0.2922080457,0.1708520949,-0.9524016976,0.2524689138,1,74.8,259.0,1820.4,1,-0.2578722537,0.2902228832,0.9215599298,-0.9660459161,-0.0932827592,-0.2409432828,0.0160383992,-0.9524018168,0.3044236600,1,140.4,14.2,1864.4,1,1.0000000000,0.0000000000,0.0000000000,-0.0000000000,1.0000000000,-0.0000000000,-0.0000000000,0.0000000000,1.0000000000,0,-130.0,-121.6,1903.6,1,1.0000000000,-0.0000000000,0.0000000000,0.0000000000,1.0000000000,-0.0000000000,-0.0000000000,0.0000000000,1.0000000000,0,-130.0,-502.8,1903.6,0,1.0000000000,0.0000000000,0.0000000000,-0.0000000000,1.0000000000,-0.0000000000,-0.0000000000,0.0000000000,1.0000000000,0,40.7,-113.0,1910.5,1,1.0000000000,0.0000000000,0.0000000000,-0.0000000000,1.0000000000,0.0000000000,-0.0000000000,-0.0000000000,1.0000000000,0,40.7,-494.2,1910.5,0,-188.6,-248.4,1864.2,1,76.1,-226.6,1868.4,1,-130.0,-869.3,1903.6,0,40.7,-860.8,1910.5,0,
