1,0.9937980771,-0.1071833447,-0.0292254798,0.1108876839,0.9406479597,0.3207395077,-0.0068861619,-0.3219808340,0.9467286468,1,23.4,492.7,2293.0,1,0.9937980771,-0.1071833447,-0.0292254798,0.1108876839,0.9406479597,0.3207395077,-0.0068861619,-0.3219808340,0.9467286468,1,43.9,312.8,2354.6,1,0.9939514995,-0.1068988219,-0.0247011892,0.1095306054,0.9535157084,0.2807094157,-0.0064534284,-0.2817072272,0.9594869018,1,63.2,139.9,2405.7,1,0.2654488385,-0.8642646074,-0.4272982180,0.8868919015,0.0450842679,0.4597719312,-0.3781000972,-0.5010132194,0.7784768343,1,-83.3,298.8,2355.4,1,0.0156433061,-0.8648222685,-0.5018345714,0.9992942810,0.0306651071,-0.0216955952,0.0341516398,-0.5011410117,0.8646915555,1,-149.5,77.9,2449.6,1,0.4053052664,0.3739554882,0.8341971636,-0.8908309937,-0.0433635414,0.4522606432,0.2052990943,-0.9264323711,0.3155556917,1,171.0,326.8,2353.8,1,0.0045418935,0.3764984012,0.9264061451,-0.9988211989,0.0464802682,-0.0139930081,-0.0483279489,-0.9252505302,0.3762657046,1,263.4,123.9,2400.6,1,0.6780539751,0.1432153285,-0.7209247351,-0.1155212149,0.9894083738,0.0878993645,0.7258775234,0.0236815978,0.6874164939,1,0.7,-42.0,2457.3,1,-0.6684896350,0.0000152835,-0.7437215447,0.0001560224,1.0000000000,-0.0001196898,0.7437215447,-0.0001960487,-0.6684896350,0,-51.2,-400.7,2448.7,1,1.0000000000,0.0000000008,0.0000000087,-0.0000000008,1.0000000000,-0.0000000031,-0.0000000087,0.0000000031,1.0000000000,0,164.5,-23.9,2456.2,1,1.0000000000,0.0000022619,0.0002347320,-0.0000022568,1.0000000000,-0.0000216670,-0.0002347321,0.0000216665,1.0000000000,0,164.5,-386.5,2456.2,0,-153.5,-181.8,2440.7,1,264.5,-124.2,2388.5,1,-51.2,-749.4,2448.8,0,164.5,-735.2,2456.2,0,
2,0.9937584400,-0.1063890159,-0.0332074426,0.1114202440,0.9407573342,0.3202337921,-0.0028282311,-0.3219246864,0.9467685223,1,19.3,495.1,2292.2,1,0.9937584400,-0.1063890159,-0.0332074426,0.1114202440,0.9407573342,0.3202337921,-0.0028282311,-0.3219246864,0.9467685223,1,39.7,315.0,2353.9,1,0.9939039946,-0.1064157411,-0.0284203608,0.1101239994,0.9543564320,0.2776029706,-0.0024169490,-0.2790305018,0.9602873921,1,58.9,142.0,2404.5,1,0.2402633429,-0.8684256673,-0.4337169230,0.8948929906,0.0250518173,0.4455771148,-0.3760851920,-0.4951860905,0.7831670642,1,-87.5,301.0,2354.2,1,0.0328660160,-0.8681976199,-0.4951291084,0.9971471429,0.0621650890,-0.0428157486,0.0679522753,-0.4923093915,0.8677638173,1,-150.2,67.5,2452.3,1,0.4028354883,0.3746389151,0.8350864053,-0.8940886855,-0.0340894610,0.4465908110,0.1957779378,-0.9265438914,0.3212279677,1,166.8,329.1,2353.6,1,0.0115131019,0.3753772974,0.9268006682,-0.9993969202,0.0346876383,-0.0016344314,-0.0327620506,-0.9262229204,0.3755502403,1,259.0,124.6,2398.3,1,0.6761919260,0.1384477764,-0.7235997319,-0.1212667972,0.9897031188,0.0760400370,0.7266765237,0.0363309458,0.6860184669,1,-2.9,-40.0,2455.2,1,-0.6721057892,0.0000076472,-0.7404551506,0.0000777223,1.0000000000,-0.0000602202,0.7404551506,-0.0000980242,-0.6721057892,0,-53.1,-398.9,2442.1,1,1.0000000000,0.0000000006,0.0000000070,-0.0000000006,1.0000000000,-0.0000000025,-0.0000000070,0.0000000025,1.0000000000,0,159.4,-22.0,2454.9,1,1.0000000000,0.0000020354,0.0002112588,-0.0000020313,1.0000000000,-0.0000195003,-0.0002112589,0.0000194999,1.0000000000,0,159.4,-384.7,2454.9,0,-158.8,-192.4,2434.6,1,261.8,-123.7,2390.2,1,-53.1,-747.6,2442.1,0,159.4,-733.4,2454.8,0,
3,0.9935113192,-0.1074465886,-0.0369813740,0.1136369407,0.9406362176,0.3198106289,0.0004245597,-0.3219276965,0.9467716813,1,16.8,496.2,2291.8,1,0.9935113192,-0.1074465886,-0.0369813740,0.1136369407,0.9406362176,0.3198106289,0.0004245597,-0.3219276965,0.9467716813,1,37.4,316.3,2353.4,1,0.9937990308,-0.1062785462,-0.0323357545,0.1110870466,0.9539456367,0.2786293924,0.0012355605,-0.2804837823,0.9598662257,1,56.6,143.4,2404.2,1,0.2296240479,-0.8679922819,-0.4402979016,0.9007501006,0.0181605220,0.4339579046,-0.3686760068,-0.4962455332,0.7860143185,1,-89.8,302.1,2353.2,1,0.0492331460,-0.8671134114,-0.4956716895,0.9960284233,0.0794855952,-0.0401181020,0.0741857067,-0.4917279482,0.8675829172,1,-151.1,61.7,2451.6,1,0.4145016670,0.3777964115,0.8279240131,-0.8873964548,-0.0339251161,0.4597572088,0.2017820626,-0.9252669215,0.3211931586,1,164.5,330.6,2353.5,1,0.0049483366,0.3785976470,0.9255481362,-0.9999153614,0.0130073056,0.0000252633,-0.0120293228,-0.9254699349,0.3786299825,1,257.2,132.2,2398.6,1,0.6768578887,0.1215751022,-0.7260047793,-0.1068843305,0.9920467138,0.0664770827,0.7283126116,0.0326029882,0.6844691634,1,-6.2,-38.8,2455.0,1,-0.6757029891,0.0000038181,-0.7371739745,0.0000387104,1.0000000000,-0.0000303030,0.7371739745,-0.0000490121,-0.6757029891,0,-50.3,-398.5,2443.1,1,1.0000000000,0.0000000005,0.0000000056,-0.0000000005,1.0000000000,-0.0000000020,-0.0000000056,0.0000000020,1.0000000000,0,158.0,-20.4,2455.2,1,1.0000000000,0.0000018317,0.0001901329,-0.0000018284,1.0000000000,-0.0000175502,-0.0001901330,0.0000175499,1.0000000000,0,158.0,-383.0,2455.2,0,-164.0,-198.5,2432.2,1,258.4,-116.1,2395.6,1,-50.3,-747.2,2443.2,0,158.0,-731.7,2455.2,0,
4,0.9941183925,-0.1050232723,-0.0259994734,0.1080291942,0.9500380754,0.2928231955,-0.0060518580,-0.2938988209,0.9558250904,1,14.6,495.7,2299.1,1,0.9941183925,-0.1050232723,-0.0259994734,0.1080291942,0.9500380754,0.2928231955,-0.0060518580,-0.2938988209,0.9558250904,1,34.6,314.6,2355.1,1,0.9942309856,-0.1047740132,-0.0224575959,0.1070042029,0.9594957232,0.2605858445,-0.0057535749,-0.2614750564,0.9652013183,1,53.6,140.7,2402.5,1,0.2173092514,-0.8734182119,-0.4357951581,0.9149555564,0.0267310590,0.4026683569,-0.3400485814,-0.4862367511,0.8049477339,1,-92.6,301.0,2355.8,1,0.0591755919,-0.8720417619,-0.4858409464,0.9969539046,0.0763970837,-0.0156967174,0.0508050211,-0.4834321737,0.8739063144,1,-151.1,54.9,2447.3,1,0.4326425791,0.3757227659,0.8195442557,-0.8778469563,-0.0315802842,0.4778989851,0.2054389864,-0.9261938930,0.3161641061,1,161.8,328.3,2354.4,1,0.0038501373,0.3765584826,0.9263847470,-0.9999912381,-0.0000395259,0.0041721188,0.0016076632,-0.9263926744,0.3765550852,1,256.3,136.7,2399.2,1,0.6850645542,0.1157583892,-0.7192262411,-0.1115109175,0.9923219085,0.0534983650,0.7198969126,0.0435517319,0.6927130818,1,-8.8,-42.0,2450.4,1,-0.6685329080,0.0000019036,-0.7436825037,0.0000189766,1.0000000000,-0.0000144993,0.7436825037,-0.0000238059,-0.6685329080,0,-50.8,-401.8,2434.6,1,1.0000000000,0.0000000004,0.0000000044,-0.0000000004,1.0000000000,-0.0000000016,-0.0000000044,0.0000000016,1.0000000000,0,154.0,-24.5,2449.4,1,1.0000000000,0.0000016484,0.0001711196,-0.0000016457,1.0000000000,-0.0000157952,-0.0001711197,0.0000157949,1.0000000000,0,154.0,-387.1,2449.4,0,-166.6,-206.8,2434.0,1,257.2,-111.7,2399.6,1,-50.8,-750.5,2434.6,0,154.0,-735.8,2449.4,0,
5,0.9929525852,-0.1143766046,-0.0306637455,0.1182903647,0.9458847046,0.3021551669,-0.0055540279,-0.3036423922,0.9527775645,1,8.6,494.2,2295.2,1,0.9929525852,-0.1143766046,-0.0306637455,0.1182903647,0.9458847046,0.3021551669,-0.0055540279,-0.3036423922,0.9527775645,1,30.4,314.0,2353.1,1,0.9932609797,-0.1126892716,-0.0266627558,0.1157071218,0.9562593699,0.2686388195,-0.0047749346,-0.2699032724,0.9628838897,1,50.8,140.6,2402.0,1,0.2075816095,-0.8738120794,-0.4397297800,0.9116119146,0.0097655207,0.4109357893,-0.3547864258,-0.4861656129,0.7986047864,1,-96.7,299.1,2353.7,1,0.0620747842,-0.8725658655,-0.4845364690,0.9944109917,0.0956107304,-0.0447826199,0.0854026675,-0.4790485203,0.8736240268,1,-151.0,60.4,2446.6,1,0.4341199696,0.3789884448,0.8172562122,-0.8749554157,-0.0385875851,0.4826636016,0.2144598514,-0.9245966673,0.3148463070,1,157.5,328.8,2352.5,1,0.0140733318,0.3800390661,0.9248633981,-0.9998191595,-0.0064829490,0.0178778414,0.0127901193,-0.9249477386,0.3798790872,1,254.1,134.0,2400.2,1,0.6838309765,0.1109157875,-0.7211607695,-0.0972850472,0.9934135079,0.0605395250,0.7231256962,0.0287593398,0.6901175976,1,-11.2,-42.4,2451.4,1,-0.6696770191,0.0000009518,-0.7426525354,0.0000094771,1.0000000000,-0.0000072643,0.7426525354,-0.0000119029,-0.6696770191,0,-51.4,-402.6,2440.9,1,1.0000000000,0.0000000003,0.0000000036,-0.0000000003,1.0000000000,-0.0000000013,-0.0000000036,0.0000000013,1.0000000000,0,153.8,-23.1,2450.6,1,1.0000000000,0.0000014834,0.0001540077,-0.0000014812,1.0000000000,-0.0000142157,-0.0001540077,0.0000142154,1.0000000000,0,153.8,-385.8,2450.6,0,-167.2,-198.2,2424.4,1,257.6,-114.4,2403.4,1,-51.4,-751.3,2440.9,0,153.8,-734.5,2450.6,0,
6,0.9942235351,-0.1038260385,-0.0267738029,0.1071639135,0.9535571933,0.2814829946,-0.0036939485,-0.2827152014,0.9592044950,1,9.4,493.8,2300.3,1,0.9942235351,-0.1038260385,-0.0267738029,0.1071639135,0.9535571933,0.2814829946,-0.0036939485,-0.2827152014,0.9592044950,1,29.2,312.1,2354.2,1,0.9945709109,-0.1011745557,-0.0238637608,0.1039185748,0.9615198374,0.2542981505,-0.0027819166,-0.2553867102,0.9668432474,1,47.5,137.8,2400.5,1,0.2010744959,-0.8774161339,-0.4355570078,0.9154826999,0.0101276785,0.4022298455,-0.3485117853,-0.4796230793,0.8052957058,1,-98.1,298.8,2354.5,1,0.0745583475,-0.8754538298,-0.4775161743,0.9922323227,0.1129440814,-0.0521408953,0.0995795652,-0.4699194431,0.8770744801,1,-151.0,57.7,2446.3,1,0.4425806105,0.3782137930,0.8130663037,-0.8724970222,-0.0277337581,0.4878317714,0.2070540637,-0.9253028035,0.3177159727,1,156.5,325.4,2353.8,1,0.0185062736,0.3793744147,0.9250581264,-0.9993567467,-0.0214058068,0.0287713688,0.0307167377,-0.9249955416,0.3787342906,1,252.7,135.7,2398.9,1,0.6841619611,0.1131409109,-0.7205009460,-0.1123099774,0.9924544096,0.0492004752,0.7206308246,0.0472583547,0.6917064190,1,-14.5,-44.9,2447.0,1,-0.6700620055,0.0000004814,-0.7423052192,0.0000044805,1.0000000000,-0.0000033959,0.7423052192,-0.0000056014,-0.6700620055,0,-55.6,-404.8,2429.9,1,1.0000000000,0.0000000003,0.0000000028,-0.0000000003,1.0000000000,-0.0000000010,-0.0000000028,0.0000000010,1.0000000000,0,146.3,-28.1,2446.5,1,1.0000000000,0.0000013350,0.0001386069,-0.0000013332,1.0000000000,-0.0000127941,-0.0001386069,0.0000127939,1.0000000000,0,146.3,-390.7,2446.5,0,-170.4,-199.8,2420.5,1,257.3,-112.6,2406.5,1,-55.6,-753.5,2429.9,0,146.3,-739.4,2446.5,0,
7,0.9941203594,-0.1033438891,-0.0319647714,0.1081767529,0.9517900944,0.2870218754,0.0007628731,-0.2887813151,0.9574025273,1,5.9,495.4,2297.8,1,0.9941203594,-0.1033438891,-0.0319647714,0.1081767529,0.9517900944,0.2870218754,0.0007628731,-0.2887813151,0.9574025273,1,25.6,314.0,2352.9,1,0.9944705963,-0.1008729711,-0.0288091823,0.1048975140,0.9605683684,0.2574720979,0.0017024516,-0.2590598762,0.9658679962,1,43.9,139.9,2399.8,1,0.1845315099,-0.8772356510,-0.4431769550,0.9213241339,-0.0026081055,0.3887866139,-0.3422133029,-0.4800530076,0.8077371120,1,-101.7,300.6,2352.6,1,0.0924254060,-0.8734690547,-0.4780264497,0.9933656454,0.1138775945,-0.0160165485,0.0684264600,-0.4733747244,0.8781993985,1,-151.0,54.3,2444.1,1,0.4422180355,0.3841925859,0.8104562163,-0.8706138134,-0.0333194733,0.4908374250,0.2155800611,-0.9226515293,0.3197489083,1,152.8,327.4,2353.1,1,0.0374229103,0.3866050839,0.9214859009,-0.9985577464,-0.0210577529,0.0493875965,0.0384979099,-0.9220051169,0.3852593899,1,250.9,134.3,2400.9,1,0.6840192676,0.0939357281,-0.7233904004,-0.0782892853,0.9953993559,0.0552291609,0.7252504826,0.0188558977,0.6882268190,1,-19.4,-42.9,2446.7,1,-0.6731739044,0.0000002407,-0.7394841909,0.0000022331,1.0000000000,-0.0000017074,0.7394841909,-0.0000028007,-0.6731739044,0,-53.4,-403.8,2439.8,1,1.0000000000,0.0000000002,0.0000000023,-0.0000000002,1.0000000000,-0.0000000008,-0.0000000023,0.0000000008,1.0000000000,0,143.6,-25.7,2446.9,1,1.0000000000,0.0000012014,0.0001247462,-0.0000012000,1.0000000000,-0.0000115147,-0.0001247462,0.0000115145,1.0000000000,0,143.6,-388.3,2446.9,0,-175.0,-203.6,2426.3,1,260.2,-113.8,2410.5,1,-53.4,-752.5,2439.8,0,143.6,-737.0,2446.9,0,
8,0.9944730401,-0.1007093638,-0.0292948037,0.1048478484,0.9623105526,0.2509044409,0.0029234057,-0.2525776327,0.9675800204,1,4.6,499.1,2308.1,1,0.9944730401,-0.1007093638,-0.0292948037,0.1048478484,0.9623105526,0.2509044409,0.0029234057,-0.2525776327,0.9675800204,1,23.7,315.9,2356.2,1,0.9948436618,-0.0975470990,-0.0273468476,0.1012404338,0.9674395323,0.2319441289,0.0038321740,-0.2335053533,0.9723560810,1,41.4,140.6,2398.5,1,0.1997331679,-0.8768277168,-0.4373552501,0.9215511680,0.0164345950,0.3879089057,-0.3329415917,-0.4805235267,0.8113241792,1,-103.6,303.0,2355.7,1,0.0762942433,-0.8745562434,-0.4788848460,0.9946030378,0.1006213576,-0.0253015906,0.0703136995,-0.4743699729,0.8775131106,1,-157.5,54.2,2445.6,1,0.4399197996,0.3868216872,0.8104563951,-0.8753622770,-0.0168116689,0.4831750989,0.2005277276,-0.9220012426,0.3312133551,1,151.0,328.9,2356.7,1,0.0445158668,0.3917049766,0.9190133810,-0.9967554212,-0.0443360806,0.0671786740,0.0670596659,-0.9190221429,0.3884603977,1,249.5,132.9,2401.5,1,0.6860408783,0.0856402069,-0.7225051522,-0.0793837085,0.9959302545,0.0426726528,0.7232192755,0.0280799568,0.6900474429,1,-22.7,-43.1,2440.5,1,-0.6717761159,0.0000001203,-0.7407543659,0.0000011182,1.0000000000,-0.0000008516,0.7407543659,-0.0000014003,-0.6717761159,0,-53.7,-404.2,2430.3,1,1.0000000000,0.0000000002,0.0000000018,-0.0000000002,1.0000000000,-0.0000000006,-0.0000000018,0.0000000006,1.0000000000,0,140.8,-26.4,2441.1,1,1.0000000000,0.0000010812,0.0001122716,-0.0000010800,1.0000000000,-0.0000103632,-0.0001122716,0.0000103631,1.0000000000,0,140.8,-389.1,2441.1,0,-177.4,-204.9,2427.2,1,260.6,-114.6,2418.2,1,-53.7,-752.9,2430.3,0,140.8,-737.8,2441.1,0,
9,0.9945925474,-0.0978344455,-0.0345133357,0.1033990830,0.9620726109,0.2524136007,0.0085108662,-0.2546058595,0.9670152664,1,3.2,497.1,2306.7,1,0.9945925474,-0.0978344455,-0.0345133357,0.1033990830,0.9620726109,0.2524136007,0.0085108662,-0.2546058595,0.9670152664,1,21.8,314.8,2354.9,1,0.9946447015,-0.0979624465,-0.0325946771,0.1028855443,0.9668887854,0.2335112840,0.0086414758,-0.2356029600,0.9718191028,1,39.5,139.6,2397.7,1,0.1934893429,-0.8751217127,-0.4435357451,0.9242326617,0.0109049380,0.3816739917,-0.3291744292,-0.4837800860,0.8109260798,1,-105.5,301.7,2353.8,1,0.0811804682,-0.8725658059,-0.4817040563,0.9958998561,0.0903678611,0.0041430364,0.0399154909,-0.4800653160,0.8763241768,1,-157.8,52.1,2442.7,1,0.4376624823,0.3907247186,0.8098059297,-0.8763024211,-0.0163389593,0.4814842045,0.2013591677,-0.9203624725,0.3352420926,1,149.1,328.0,2356.1,1,0.0644228905,0.3926405609,0.9174329042,-0.9975541830,0.0003559180,0.0698967502,0.0271177646,-0.9196919799,0.3917031288,1,248.7,128.5,2401.9,1,0.6837678552,0.0740479827,-0.7259327173,-0.0486757420,0.9972504377,0.0558749996,0.7280742526,-0.0028702188,0.6854923368,1,-25.0,-44.2,2439.6,1,-0.6747116446,0.0000000547,-0.7380813956,0.0000005537,1.0000000000,-0.0000004320,0.7380813956,-0.0000007002,-0.6747116446,0,-51.9,-405.9,2440.7,1,1.0000000000,0.0000000001,0.0000000015,-0.0000000001,1.0000000000,-0.0000000005,-0.0000000015,0.0000000005,1.0000000000,0,139.6,-27.2,2441.1,1,1.0000000000,0.0000009730,0.0001010444,-0.0000009721,1.0000000000,-0.0000093269,-0.0001010444,0.0000093268,1.0000000000,0,139.6,-389.8,2441.1,0,-178.8,-206.1,2432.4,1,264.7,-119.1,2408.6,1,-51.9,-754.5,2440.7,0,139.6,-738.5,2441.1,0,
10,0.9935498834,-0.1021930873,-0.0489112288,0.1121723503,0.9480332136,0.2977221608,0.0159458332,-0.3012777269,0.9534107447,1,1.2,492.7,2293.6,1,0.9935498834,-0.1021930873,-0.0489112288,0.1121723503,0.9480332136,0.2977221608,0.0159458332,-0.3012777269,0.9534107447,1,20.6,312.8,2350.7,1,0.9940595031,-0.0987600386,-0.0454889536,0.1073381305,0.9581768513,0.2652593255,0.0173911322,-0.2685559690,0.9631152749,1,38.5,139.2,2399.4,1,0.2036249787,-0.8647770286,-0.4590177834,0.9217005372,0.0112187862,0.3877398372,-0.3301589489,-0.5020304322,0.7993499637,1,-106.6,299.1,2348.5,1,0.0697188079,-0.8632774949,-0.4998914003,0.9974605441,0.0676370040,0.0223093759,0.0145519748,-0.5001773238,0.8658007979,1,-161.4,51.0,2437.4,1,0.4127332568,0.3895059824,0.8233690262,-0.8901813030,-0.0189951360,0.4552104473,0.1929471642,-0.9208282232,0.3388909996,1,147.8,326.6,2353.0,1,0.0780125707,0.3891582191,0.9178616405,-0.9969261885,0.0237803645,0.0746500939,0.0072236140,-0.9208639860,0.3898172081,1,248.3,109.7,2400.0,1,0.6760812998,0.0641714334,-0.7340273857,-0.0381939337,0.9979131818,0.0520625263,0.7358366251,-0.0071631093,0.6771214604,1,-26.5,-43.4,2446.6,1,-0.6854860187,0.0000000219,-0.7280858755,0.0000005248,1.0000000000,-0.0000004640,0.7280858755,-0.0000007002,-0.6854860187,0,-49.8,-405.2,2449.2,1,1.0000000000,0.0000000001,0.0000000012,-0.0000000001,1.0000000000,-0.0000000004,-0.0000000012,0.0000000004,1.0000000000,0,139.3,-25.5,2449.5,1,1.0000000000,0.0000008757,0.0000909400,-0.0000008749,1.0000000000,-0.0000083942,-0.0000909400,0.0000083941,1.0000000000,0,139.3,-388.1,2449.5,0,-179.4,-206.8,2433.6,1,267.9,-140.4,2401.8,1,-49.8,-753.9,2449.2,0,139.3,-736.8,2449.5,0,
11,0.9903118610,-0.1182077229,-0.0727066398,0.1355693787,0.9360876679,0.3245756328,0.0296946429,-0.3312779367,0.9430733919,1,-7.8,496.3,2284.5,1,0.9903118610,-0.1182077229,-0.0727066398,0.1355693787,0.9360876679,0.3245756328,0.0296946429,-0.3312779367,0.9430733919,1,14.8,317.7,2347.7,1,0.9913224578,-0.1125500649,-0.0677449107,0.1273088008,0.9503236413,0.2840145826,0.0324161686,-0.2901649475,0.9564357400,1,35.1,145.5,2400.3,1,0.1753459424,-0.8567221761,-0.4850575924,0.9277666211,-0.0210525841,0.3725666702,-0.3293978870,-0.5153483152,0.7911466956,1,-112.1,301.4,2343.6,1,0.0777648315,-0.8542190790,-0.5140646696,0.9969142675,0.0610848516,0.0493031628,-0.0107141351,-0.5163124800,0.8563332558,1,-159.7,49.0,2433.2,1,0.4153616726,0.3991054296,0.8174286485,-0.8883173466,-0.0155344158,0.4589672089,0.1958745420,-0.9167734385,0.3480799198,1,141.6,333.9,2351.9,1,0.0610988475,0.3991822004,0.9148336053,-0.9980813265,0.0336513184,0.0519751422,-0.0100378050,-0.9162539840,0.4004722834,1,248.9,104.5,2402.5,1,0.6609113216,0.0705511570,-0.7471405268,-0.0725309849,0.9969156981,0.0299769733,0.7469509244,0.0343787298,0.6639898419,1,-27.6,-37.4,2450.2,1,-0.7000622153,0.0000000109,-0.7140820026,0.0000000077,1.0000000000,0.0000000078,0.7140820026,-0.0000000000,-0.7000622153,0,-53.2,-398.9,2437.7,1,1.0000000000,0.0000000001,0.0000000009,-0.0000000001,1.0000000000,-0.0000000003,-0.0000000009,0.0000000003,1.0000000000,0,138.7,-16.0,2455.6,1,1.0000000000,0.0000007881,0.0000818460,-0.0000007875,1.0000000000,-0.0000075548,-0.0000818460,0.0000075547,1.0000000000,0,138.7,-378.7,2455.6,0,-179.8,-207.7,2435.9,1,264.3,-147.3,2399.9,1,-53.2,-747.6,2437.7,0,138.7,-727.4,2455.6,0,
12,0.9868353605,-0.1269336343,-0.1001032963,0.1547486186,0.9208848476,0.3577888906,0.0467710420,-0.3685602844,0.9284338355,1,-12.4,497.3,2273.5,1,0.9868353605,-0.1269336343,-0.1001032963,0.1547486186,0.9208848476,0.3577888906,0.0467710420,-0.3685602844,0.9284338355,1,12.0,320.6,2344.2,1,0.9883597493,-0.1202725917,-0.0930404067,0.1432641000,0.9416454434,0.3045752048,0.0509822369,-0.3143504262,0.9479453564,1,33.8,150.0,2401.2,1,0.1640309691,-0.8451099992,-0.5088055134,0.9245729446,-0.0480979830,0.3779570758,-0.3438878357,-0.5324244499,0.7734761834,1,-114.4,302.3,2337.7,1,0.0779570341,-0.8433539271,-0.5316736698,0.9966905713,0.0782515928,0.0220158473,0.0230371635,-0.5316304564,0.8466630578,1,-159.4,48.5,2432.1,1,0.3808683157,0.4181550741,0.8246730566,-0.9021371603,-0.0274712145,0.4305738807,0.2027014196,-0.9079601169,0.3667702973,1,138.4,338.9,2350.7,1,0.0909724087,0.4143095613,0.9055780768,-0.9956736565,0.0551179498,0.0748062953,-0.0189206488,-0.9084655643,0.4175313115,1,240.9,96.2,2405.3,1,0.6446805596,0.0627382770,-0.7618733048,-0.0738451108,0.9970768094,0.0196205117,0.7608771324,0.0436116457,0.6474288702,1,-27.7,-32.7,2453.8,1,-0.7167090774,0.0000000109,-0.6973723769,0.0000000078,1.0000000000,0.0000000076,0.6973723769,-0.0000000000,-0.7167090774,0,-50.5,-394.3,2438.0,1,1.0000000000,0.0000000001,0.0000000007,-0.0000000001,1.0000000000,-0.0000000003,-0.0000000007,0.0000000003,1.0000000000,0,138.9,-8.6,2462.4,1,1.0000000000,0.0000007092,0.0000736614,-0.0000007087,1.0000000000,-0.0000067993,-0.0000736614,0.0000067992,1.0000000000,0,138.9,-371.2,2462.4,0,-179.4,-206.6,2426.2,1,264.1,-157.9,2400.5,1,-50.5,-743.0,2438.0,0,138.9,-719.9,2462.4,0,
13,0.9859660864,-0.1314005256,-0.1028673947,0.1595838517,0.9227129221,0.3508884311,0.0488132164,-0.3623707592,0.9307622910,1,-14.7,489.6,2276.0,1,0.9859660864,-0.1314005256,-0.1028673947,0.1595838517,0.9227129221,0.3508884311,0.0488132164,-0.3623707592,0.9307622910,1,10.4,313.7,2345.1,1,0.9872537851,-0.1267220974,-0.0961689875,0.1502856165,0.9412137866,0.3025188148,0.0521831363,-0.3131068349,0.9482914805,1,33.3,143.1,2401.8,1,0.1724218875,-0.8422576189,-0.5107570887,0.9232853651,-0.0424935371,0.3817570210,-0.3432416320,-0.5373978019,0.7703173161,1,-116.0,294.4,2338.4,1,0.0663044006,-0.8419821262,-0.5354157090,0.9962315559,0.0859324709,-0.0117648104,0.0559153520,-0.5326179862,0.8445067406,1,-161.7,49.2,2429.5,1,0.3886000812,0.4167191684,0.8217877746,-0.9004597068,-0.0173380226,0.4345937371,0.1953517050,-0.9088699222,0.3685012758,1,136.7,332.9,2351.7,1,0.0947430804,0.4124909937,0.9060215950,-0.9954101443,0.0516064838,0.0805952251,-0.0135117844,-0.9094989300,0.4154869914,1,239.9,93.6,2403.7,1,0.6422815919,0.0688519031,-0.7633699179,-0.0877058730,0.9960169792,0.0160417780,0.7614340782,0.0566486903,0.6457622647,1,-26.2,-40.1,2454.2,1,-0.7173649073,0.0000000109,-0.6966977119,0.0000000078,1.0000000000,0.0000000076,0.6966977119,-0.0000000000,-0.7173649073,0,-51.2,-401.3,2433.7,1,1.0000000000,0.0000000001,0.0000000006,-0.0000000001,1.0000000000,-0.0000000002,-0.0000000006,0.0000000002,1.0000000000,0,138.8,-15.0,2462.9,1,1.0000000000,0.0000006383,0.0000662952,-0.0000006379,1.0000000000,-0.0000061194,-0.0000662952,0.0000061193,1.0000000000,0,138.8,-377.6,2462.9,0,-178.7,-205.3,2415.3,1,264.5,-165.2,2400.1,1,-51.2,-750.0,2433.7,0,138.8,-726.3,2462.9,0,
14,0.9848547578,-0.1381288320,-0.1046827734,0.1646752805,0.9341413379,0.3166233897,0.0540570393,-0.3290567994,0.9427691698,1,-14.4,485.4,2286.2,1,0.9848547578,-0.1381288320,-0.1046827734,0.1646752805,0.9341413379,0.3166233897,0.0540570393,-0.3290567994,0.9427691698,1,11.7,308.7,2348.4,1,0.9860261083,-0.1338074952,-0.0991216451,0.1565697640,0.9476870298,0.2781400979,0.0567226820,-0.2897633016,0.9554242492,1,36.0,137.0,2400.9,1,0.1914047152,-0.8398014307,-0.5080332160,0.9201588035,-0.0265965760,0.3906409740,-0.3415727913,-0.5422417521,0.7676600218,1,-114.4,288.7,2341.2,1,0.0553085506,-0.8401494622,-0.5395274758,0.9961189628,0.0834838599,-0.0278855506,0.0684698671,-0.5358912349,0.8415060639,1,-164.4,48.6,2430.3,1,0.3844934702,0.4234139919,0.8202959299,-0.9043658972,-0.0054704994,0.4267229140,0.1851678640,-0.9059198499,0.3808177710,1,137.9,328.7,2355.7,1,0.1051463857,0.4188822806,0.9019322991,-0.9942505956,0.0627468824,0.0867673829,-0.0202481281,-0.9058700204,0.4230715632,1,241.0,86.3,2405.3,1,0.6391066909,0.0757290125,-0.7653808594,-0.0929456130,0.9954522848,0.0208817050,0.7634814382,0.0577931516,0.6432388425,1,-23.6,-48.1,2448.6,1,-0.7160344720,0.0000000000,-0.6980648637,-0.0000000000,1.0000000000,0.0000000000,0.6980648637,-0.0000000000,-0.7160344720,0,-51.1,-409.1,2427.7,1,1.0000000000,0.0000000000,0.0000000005,-0.0000000000,1.0000000000,-0.0000000002,-0.0000000005,0.0000000002,1.0000000000,0,144.1,-21.5,2458.3,1,1.0000000000,0.0000005745,0.0000596657,-0.0000005741,1.0000000000,-0.0000055074,-0.0000596657,0.0000055074,1.0000000000,0,144.1,-384.1,2458.3,0,-178.4,-204.9,2412.9,1,268.0,-169.7,2400.1,1,-51.1,-757.8,2427.7,0,144.1,-732.8,2458.3,0,
15,0.9818467498,-0.1491545588,-0.1170765013,0.1784260571,0.9357537031,0.3041663468,0.0641908571,-0.3195241988,0.9454089403,1,-18.0,481.7,2288.3,1,0.9818467498,-0.1491545588,-0.1170765013,0.1784260571,0.9357537031,0.3041663468,0.0641908571,-0.3195241988,0.9454089403,1,10.3,304.6,2348.8,1,0.9832965732,-0.1435262263,-0.1118262783,0.1690959036,0.9477807879,0.2703790963,0.0671844259,-0.2847625017,0.9562490582,1,36.3,132.8,2400.4,1,0.1980284154,-0.8328652978,-0.5168367028,0.9178258777,-0.0275268704,0.3960278630,-0.3440647721,-0.5527908802,0.7589740753,1,-115.5,283.0,2340.2,1,0.0460098274,-0.8339471221,-0.5499229431,0.9964478612,0.0771846175,-0.0336801782,0.0705330893,-0.5464199185,0.8345359564,1,-166.2,48.3,2428.2,1,0.4698837698,0.4324057400,0.7695676684,-0.8548047543,0.0053494424,0.5189221501,0.2202681750,-0.9016631842,0.3721360862,1,136.1,326.3,2357.4,1,0.1054847687,0.4316340387,0.8958598971,-0.9943361282,0.0340167917,0.1006904095,0.0129871322,-0.9014071822,0.4327775836,1,237.0,142.7,2404.7,1,0.6253216863,0.0981879011,-0.7741652727,-0.0789374635,0.9949228764,0.0624260865,0.7763643265,0.0220742635,0.6298976541,1,-20.6,-53.2,2446.3,1,-0.7192556858,0.0000000000,-0.6947453618,-0.0000000000,1.0000000000,0.0000000000,0.6947453618,-0.0000000000,-0.7192556858,0,-56.2,-414.0,2438.3,1,1.0000000000,0.0000000000,0.0000000004,-0.0000000000,1.0000000000,-0.0000000001,-0.0000000004,0.0000000001,1.0000000000,0,145.2,-24.7,2457.7,1,1.0000000000,0.0000005170,0.0000536991,-0.0000005167,1.0000000000,-0.0000049567,-0.0000536991,0.0000049566,1.0000000000,0,145.2,-387.3,2457.7,0,-177.8,-204.1,2410.3,1,262.6,-98.9,2407.8,1,-56.2,-762.7,2438.3,0,145.2,-736.0,2457.7,0,
16,0.9785101414,-0.1518324763,-0.1394332200,0.1932148784,0.9113069773,0.3635608554,0.0718703493,-0.3826797307,0.9210887551,1,-20.6,475.3,2270.4,1,0.9785101414,-0.1518324763,-0.1394332200,0.1932148784,0.9113069773,0.3635608554,0.0718703493,-0.3826797307,0.9210887551,1,8.2,302.6,2342.9,1,0.9801121354,-0.1490824968,-0.1308875382,0.1833994985,0.9324731827,0.3111994267,0.0756593347,-0.3290067911,0.9413000941,1,35.2,133.7,2402.5,1,0.1954350322,-0.8202120662,-0.5376405120,0.9127136469,-0.0484663248,0.4057151675,-0.3588299155,-0.5700027943,0.7391467690,1,-117.2,279.1,2333.2,1,0.0428477600,-0.8223655820,-0.5673436522,0.9968378544,0.0732268244,-0.0308577549,0.0669211373,-0.5642274022,0.8229026794,1,-166.6,48.2,2424.0,1,0.4670224190,0.4413596690,0.7662191391,-0.8489114046,-0.0187129080,0.5282037854,0.2474660128,-0.8971351385,0.3659359217,1,133.6,326.0,2352.6,1,0.0981001034,0.4391644001,0.8930346966,-0.9950277209,0.0277616233,0.0956518129,0.0172147788,-0.8979777098,0.4397040904,1,238.0,136.3,2407.9,1,0.6118864417,0.0960795656,-0.7850884199,-0.0645470470,0.9953496456,0.0715044439,0.7883075476,0.0069225281,0.6152426004,1,-20.6,-50.6,2455.7,1,-0.7329643965,0.0000000000,-0.6802669764,-0.0000000000,1.0000000000,0.0000000000,0.6802669764,-0.0000000000,-0.7329643965,0,-55.4,-411.6,2453.2,1,1.0000000000,0.0000000000,0.0000000003,-0.0000000000,1.0000000000,-0.0000000001,-0.0000000003,0.0000000001,1.0000000000,0,145.0,-19.6,2468.5,1,1.0000000000,0.0000004653,0.0000483292,-0.0000004651,1.0000000000,-0.0000044610,-0.0000483292,0.0000044610,1.0000000000,0,145.0,-382.3,2468.5,0,-177.4,-203.3,2407.2,1,261.5,-102.5,2412.1,1,-55.4,-760.3,2453.2,0,145.0,-731.0,2468.5,0,
17,0.9770424366,-0.1452754140,-0.1557560116,0.1957210898,0.9008606672,0.3874691725,0.0840292573,-0.4090503752,0.9086419940,1,-15.9,466.8,2263.4,1,0.9770424366,-0.1452754140,-0.1557560116,0.1957210898,0.9008606672,0.3874691725,0.0840292573,-0.4090503752,0.9086419940,1,11.7,295.5,2341.2,1,0.9779993892,-0.1484546959,-0.1464761794,0.1897735596,0.9247757196,0.3297916651,0.0865034908,-0.3503257930,0.9326332211,1,38.6,128.0,2404.6,1,0.2048115134,-0.8071717024,-0.5536479950,0.9134944677,-0.0455216616,0.4042965174,-0.3515397012,-0.5885589123,0.7280234694,1,-113.5,271.3,2330.1,1,0.0386170857,-0.8086444736,-0.5870289803,0.9981731176,0.0585358366,-0.0149705354,0.0464680716,-0.5853784680,0.8094275594,1,-165.8,37.6,2420.0,1,0.4250112176,0.4619068205,0.7784649134,-0.8643242121,-0.0483932346,0.5006014109,0.2689036429,-0.8856073022,0.3786695600,1,136.8,319.8,2352.2,1,0.0841588005,0.4570990503,0.8854252100,-0.9957888126,0.0710004866,0.0579949133,-0.0363561958,-0.8865773082,0.4611495137,1,236.0,118.1,2415.0,1,0.6009126306,0.0947637707,-0.7936775088,-0.0949055552,0.9943824410,0.0468722694,0.7936606407,0.0471582673,0.6065303683,1,-17.8,-55.7,2460.7,1,-0.7458526492,0.0000000000,-0.6661108732,-0.0000000000,1.0000000000,0.0000000000,0.6661108732,-0.0000000000,-0.7458526492,0,-52.2,-416.3,2443.6,1,1.0000000000,0.0000000000,0.0000000002,-0.0000000000,1.0000000000,-0.0000000001,-0.0000000002,0.0000000001,1.0000000000,0,148.8,-23.4,2475.4,1,1.0000000000,0.0000004187,0.0000434963,-0.0000004186,1.0000000000,-0.0000040149,-0.0000434963,0.0000040149,1.0000000000,0,148.8,-386.0,2475.4,0,-175.6,-214.8,2408.3,1,256.2,-121.3,2406.2,1,-52.2,-765.0,2443.6,0,148.8,-734.7,2475.4,0,
18,0.9734216928,-0.1604698598,-0.1633299142,0.2112056315,0.9047881961,0.3697829843,0.0884448886,-0.3944425583,0.9146618247,1,-24.6,465.0,2266.9,1,0.9734216928,-0.1604698598,-0.1633299142,0.2112056315,0.9047881961,0.3697829843,0.0884448886,-0.3944425583,0.9146618247,1,5.7,293.8,2341.6,1,0.9745142460,-0.1627964526,-0.1542604715,0.2050196975,0.9255020618,0.3184330761,0.0909339786,-0.3419361711,0.9353215694,1,35.2,126.1,2403.5,1,0.1878716946,-0.8063779473,-0.5607663393,0.9168211222,-0.0608330667,0.3946370482,-0.3523397446,-0.5882635713,0.7278754711,1,-118.9,267.5,2329.9,1,0.0421167202,-0.8078676462,-0.5878568888,0.9988692999,0.0470306762,0.0069311545,0.0220478531,-0.5874841213,0.8089351654,1,-165.9,38.3,2418.0,1,0.4364483953,0.5861212611,0.6826234460,-0.8616092801,0.0537724942,0.5047158003,0.2591182590,-0.8084371090,0.5284764171,1,130.4,320.0,2353.2,1,-0.0583426058,0.5861212611,0.8081201315,-0.9924038649,0.0537725203,-0.1106477454,-0.1083076298,-0.8084370494,0.5785318613,1,235.6,112.4,2415.6,1,0.5922664404,0.1162295192,-0.7973151207,-0.1339960247,0.9899696112,0.0447782688,0.7945222855,0.0803163797,0.6019001603,1,-16.2,-58.7,2457.9,1,-0.7467230558,0.0000000000,-0.6651350856,-0.0000000000,1.0000000000,0.0000000000,0.6651350856,-0.0000000000,-0.7467230558,0,-58.3,-417.7,2428.8,1,1.0000000000,0.0000000000,0.0000000002,-0.0000000000,1.0000000000,-0.0000000001,-0.0000000002,0.0000000001,1.0000000000,0,145.6,-24.6,2473.0,1,1.0000000000,0.0000003769,0.0000391467,-0.0000003767,1.0000000000,-0.0000036134,-0.0000391467,0.0000036134,1.0000000000,0,145.6,-387.3,2473.0,0,-176.5,-213.0,2412.5,1,221.7,-123.8,2389.8,1,-58.3,-766.4,2428.8,0,145.6,-735.9,2473.0,0,
19,0.9703772068,-0.1532825530,-0.1866803467,0.2191543281,0.8837077022,0.4135475457,0.1015865430,-0.4422014356,0.8911516070,1,-23.9,460.7,2252.7,1,0.9703772068,-0.1532825530,-0.1866803467,0.2191543281,0.8837077022,0.4135475457,0.1015865430,-0.4422014356,0.8911516070,1,5.2,293.0,2336.6,1,0.9713289738,-0.1604338735,-0.1753795743,0.2137050033,0.9124825597,0.3488447070,0.1040701568,-0.3763157427,0.9206365347,1,34.2,127.7,2404.7,1,0.1925681531,-0.7901213765,-0.5819156170,0.9154720306,-0.0688593984,0.3964459300,-0.3533107042,-0.6090703607,0.7100738883,1,-119.1,265.7,2323.3,1,0.0262028184,-0.7916635275,-0.6103952527,0.9994533658,0.0084342984,0.0319651440,-0.0201573819,-0.6108991504,0.7914518118,1,-168.0,33.2,2413.0,1,0.4344292283,0.5794810057,0.6895456314,-0.8569332957,0.0301563740,0.5145444274,0.2773744762,-0.8144277930,0.5096773505,1,129.4,320.3,2349.9,1,-0.1988447011,0.5794809461,0.7903560400,-0.9638832211,0.0301563516,-0.2646124959,-0.1771721691,-0.8144276738,0.5525555015,1,231.0,120.0,2414.7,1,0.5770042539,0.1078494340,-0.8095890880,-0.1158121154,0.9920312166,0.0496127345,0.8084883690,0.0651334673,0.5848965645,1,-18.1,-55.5,2464.2,1,-0.7620161176,0.0000000000,-0.6475581527,-0.0000000000,1.0000000000,0.0000000000,0.6475581527,-0.0000000000,-0.7620161176,0,-57.3,-415.2,2440.6,1,1.0000000000,0.0000000000,0.0000000002,-0.0000000000,1.0000000000,-0.0000000001,-0.0000000002,0.0000000001,1.0000000000,0,144.7,-19.7,2481.6,1,1.0000000000,0.0000003392,0.0000352320,-0.0000003391,1.0000000000,-0.0000032521,-0.0000352320,0.0000032521,1.0000000000,0,144.7,-382.3,2481.6,0,-174.7,-220.9,2418.1,1,183.9,-108.2,2372.8,1,-57.3,-763.9,2440.6,0,144.7,-731.0,2481.6,0,
20,0.9678589702,-0.1663415283,-0.1885645241,0.2288371921,0.8935133815,0.3863373399,0.1042265892,-0.4170627296,0.9028892517,1,-29.5,463.4,2259.1,1,0.9678589702,-0.1663415283,-0.1885645241,0.2288371921,0.8935133815,0.3863373399,0.1042265892,-0.4170627296,0.9028892517,1,2.1,293.8,2338.2,1,0.9687857628,-0.1721723378,-0.1782914549,0.2238814980,0.9165333509,0.3314068615,0.1063570678,-0.3609711528,0.9265008569,1,33.3,127.7,2403.6,1,0.1970374733,-0.7891231775,-0.5817739964,0.9157700539,-0.0637398213,0.3966138065,-0.3500592709,-0.6109189987,0.7100961804,1,-121.9,265.1,2324.6,1,0.0127128316,-0.7916238308,-0.6108765602,0.9999175668,0.0111869033,0.0063121817,0.0018369431,-0.6109064221,0.7917007208,1,-170.5,39.1,2411.0,1,0.4505572617,0.5621439219,0.6935361624,-0.8487442136,0.0288342088,0.5280169845,0.2768239677,-0.8265366554,0.4901078045,1,126.0,322.4,2351.8,1,-0.2720138133,0.5621439219,0.7810267210,-0.9373443723,0.0288342088,-0.3472090960,-0.2177017629,-0.8265366554,0.5190790892,1,228.6,129.2,2414.8,1,0.5782784224,0.1025658324,-0.8093667626,-0.1363776028,0.9902598262,0.0280498322,0.8043602705,0.0941588804,0.5866334438,1,-16.9,-57.2,2460.1,1,-0.7613345981,0.0000000000,-0.6483592987,-0.0000000000,1.0000000000,0.0000000000,0.6483592987,-0.0000000000,-0.7613345981,0,-54.1,-416.3,2425.9,1,1.0000000000,0.0000000000,0.0000000001,-0.0000000000,1.0000000000,-0.0000000000,-0.0000000001,0.0000000000,1.0000000000,0,145.9,-19.6,2478.0,1,1.0000000000,0.0000003052,0.0000317088,-0.0000003052,1.0000000000,-0.0000029269,-0.0000317088,0.0000029269,1.0000000000,0,145.9,-382.2,2478.0,0,-173.7,-214.2,2410.6,1,163.8,-94.2,2363.0,1,-54.1,-765.0,2425.9,0,145.9,-730.9,2478.0,0,
21,0.9675697088,-0.1762411594,-0.1809004843,0.2356966436,0.8874725103,0.3960162401,0.0907552093,-0.4258033037,0.9002602100,1,-35.7,461.0,2254.7,1,0.9675697088,-0.1762411594,-0.1809004843,0.2356966436,0.8874725103,0.3960162401,0.0907552093,-0.4258033037,0.9002602100,1,-2.2,292.4,2335.6,1,0.9687348008,-0.1810032278,-0.1696107686,0.2298273593,0.9122219682,0.3391419351,0.0933427513,-0.3675128222,0.9253308773,1,30.6,127.1,2402.2,1,0.2039628327,-0.7923614979,-0.5749455690,0.9126795530,-0.0585465431,0.4044604897,-0.3541399837,-0.6072359681,0.7112308741,1,-126.1,263.0,2323.7,1,-0.0049481336,-0.7943255305,-0.6074722409,0.9998360276,-0.0145102181,0.0108293230,-0.0174165610,-0.6073190570,0.7942671776,1,-174.8,45.4,2408.1,1,0.4648556709,0.5690557361,0.6782954931,-0.8334986567,0.0228528827,0.5520486236,0.2986454070,-0.8219813108,0.4849305451,1,121.8,321.8,2347.6,1,-0.3220200241,0.5690557957,0.7566232681,-0.9135828614,0.0228529125,-0.4060100317,-0.2483333498,-0.8219814301,0.5125205517,1,228.6,130.2,2416.2,1,0.5860893726,0.1027957723,-0.8036990762,-0.1097231358,0.9928515553,0.0469744988,0.8027825952,0.0606531203,0.5931788087,1,-17.1,-57.4,2461.1,1,-0.7525660992,0.0000000000,-0.6585168242,-0.0000000000,1.0000000000,0.0000000000,0.6585168242,-0.0000000000,-0.7525660992,0,-54.4,-417.4,2439.1,1,1.0000000000,0.0000000000,0.0000000001,-0.0000000000,1.0000000000,-0.0000000000,-0.0000000001,0.0000000000,1.0000000000,0,144.0,-19.1,2476.6,1,1.0000000000,0.0000002747,0.0000285379,-0.0000002746,1.0000000000,-0.0000026342,-0.0000285379,0.0000026342,1.0000000000,0,144.0,-381.8,2476.6,0,-173.5,-207.4,2412.5,1,151.5,-88.6,2356.7,1,-54.4,-766.1,2439.1,0,144.0,-730.5,2476.6,0,
22,0.9641724229,-0.1867865324,-0.1883064657,0.2507549226,0.8733295798,0.4176204503,0.0864532441,-0.4498698115,0.8889072537,1,-42.8,459.2,2245.6,1,0.9641724229,-0.1867865324,-0.1883064657,0.2507549226,0.8733295798,0.4176204503,0.0864532441,-0.4498698115,0.8889072537,1,-7.2,293.1,2331.1,1,0.9660317898,-0.1898408532,-0.1752715707,0.2419879436,0.9025407434,0.3561584055,0.0905823484,-0.3864676356,0.9178525805,1,27.2,129.5,2401.2,1,0.1936193705,-0.7908833027,-0.5805298090,0.9065515399,-0.0819910467,0.4140550494,-0.3750675619,-0.6064492464,0.7011016011,1,-130.8,262.1,2319.5,1,-0.0208611544,-0.7947215438,-0.6066155434,0.9994060397,-0.0332239419,0.0091573978,-0.0274317432,-0.6060642004,0.7949425578,1,-176.8,47.1,2408.5,1,0.4738148451,0.5918976068,0.6520404220,-0.8202208877,0.0271240324,0.5714035034,0.3205264211,-0.8055566549,0.4983385503,1,116.4,324.1,2342.7,1,-0.3192832172,0.5918976068,0.7400780320,-0.9097856879,0.0271240473,-0.4141913056,-0.2652327716,-0.8055567741,0.5298396349,1,226.5,133.3,2417.3,1,0.5854362249,0.0979754552,-0.8047766685,-0.1191424504,0.9922903776,0.0341334566,0.8019163609,0.0759001002,0.5925957561,1,-19.0,-54.2,2463.7,1,-0.7558792233,0.0000000000,-0.6547110677,-0.0000000000,1.0000000000,0.0000000000,0.6547110677,-0.0000000000,-0.7558792233,0,-54.5,-414.1,2436.1,1,1.0000000000,0.0000000000,0.0000000001,-0.0000000000,1.0000000000,-0.0000000000,-0.0000000001,0.0000000000,1.0000000000,0,142.1,-13.9,2478.8,1,1.0000000000,0.0000002472,0.0000256841,-0.0000002472,1.0000000000,-0.0000023708,-0.0000256841,0.0000023707,1.0000000000,0,142.1,-376.5,2478.8,0,-171.5,-205.4,2415.4,1,149.7,-85.5,2353.5,1,-54.5,-762.8,2436.1,0,142.1,-725.2,2478.8,0,
23,0.9630917907,-0.1927484274,-0.1878284216,0.2564955354,0.8687381744,0.4236666262,0.0815180987,-0.4561999440,0.8861429691,1,-47.2,459.4,2241.5,1,0.9630917907,-0.1927484274,-0.1878284216,0.2564955354,0.8687381744,0.4236666262,0.0815180987,-0.4561999440,0.8861429691,1,-10.5,294.1,2328.3,1,0.9651006460,-0.1958945692,-0.1737335026,0.2473544925,0.8997451067,0.3595290780,0.0858920813,-0.3899492919,0.9168303013,1,25.0,131.0,2399.0,1,0.1850794554,-0.7930864692,-0.5803098083,0.9060097337,-0.0910233110,0.4133535624,-0.3806468546,-0.6022695899,0.7016974688,1,-134.0,262.4,2317.3,1,-0.0308537893,-0.7988875508,-0.6006885171,0.9993454814,-0.0360094830,-0.0034394998,-0.0188827086,-0.6004014611,0.7994757891,1,-177.9,47.5,2407.6,1,0.4812058210,0.6166165471,0.6230770350,-0.8058353066,0.0313679278,0.5913083553,0.3450658619,-0.7866384983,0.5119857788,1,113.0,325.7,2339.3,1,-0.3141616285,0.6166165471,0.7218632698,-0.9063946009,0.0313679129,-0.4212659001,-0.2824028432,-0.7866384983,0.5490432978,1,225.2,137.8,2419.8,1,0.5918944478,0.0868794173,-0.8013194799,-0.1313520968,0.9912806749,0.0104519231,0.7952405810,0.0990685523,0.5981453061,1,-19.9,-52.7,2462.5,1,-0.7554788589,0.0000000000,-0.6551730633,-0.0000000000,1.0000000000,0.0000000000,0.6551730633,-0.0000000000,-0.7554788589,0,-51.4,-412.2,2426.6,1,1.0000000000,0.0000000000,0.0000000001,-0.0000000000,1.0000000000,-0.0000000000,-0.0000000001,0.0000000000,1.0000000000,0,141.0,-11.5,2476.8,1,1.0000000000,0.0000002225,0.0000231157,-0.0000002225,1.0000000000,-0.0000021337,-0.0000231157,0.0000021337,1.0000000000,0,141.0,-374.1,2476.8,0,-170.1,-204.9,2412.4,1,149.5,-80.7,2351.7,1,-51.4,-760.9,2426.6,0,141.0,-722.8,2476.8,0,
