1,0.9959102273,-0.0104538696,-0.0897204354,0.0369319245,0.9535866976,0.2988469005,0.0824322402,-0.3009389937,0.9500757456,1,-23.1,436.6,1887.1,1,0.9959102273,-0.0104538696,-0.0897204354,0.0369319245,0.9535866976,0.2988469005,0.0824322402,-0.3009389937,0.9500757456,1,-21.1,253.9,1944.8,1,0.9959866405,-0.0048979009,-0.0893466100,0.0273688920,0.9673222899,0.2520703673,0.0851924568,-0.2535047531,0.9635770917,1,-20.2,78.5,1990.8,1,0.3490009904,-0.8460943103,-0.4028928280,0.8742790222,0.1391831040,0.4650422037,-0.3373937309,-0.5145409107,0.7882975340,1,-148.5,250.4,1933.9,1,0.1330485940,-0.8467593193,-0.5150696039,0.9902574420,0.1351171732,0.0336665958,0.0410872512,-0.5145307779,0.8564869165,1,-235.1,33.4,2017.6,1,0.2402119190,0.4863169193,0.8401154876,-0.9556137919,-0.0336199701,0.2926976085,0.1705884635,-0.8731353879,0.4566552639,1,106.4,257.4,1955.7,1,-0.0912979022,0.4870757461,0.8685746193,-0.9955815077,-0.0254117902,-0.0903975666,-0.0219584294,-0.8729899526,0.4872436523,1,175.2,-16.5,2004.6,1,0.6581951380,0.3881965578,-0.6450446844,-0.3906034529,0.9085496664,0.1482107490,0.6435900927,0.1544051021,0.7496339083,0,-102.6,-99.2,2029.6,1,0.3319875002,0.4277743995,-0.8407100439,-0.3443573415,0.8847087622,0.3141790032,0.8781812191,0.1852011532,0.4410195351,0,-243.3,-428.7,1973.6,0,0.7775784731,0.2197007835,0.5891547203,-0.0679516718,0.9608455300,-0.2686234415,-0.6251033545,0.1688417494,0.7620618343,1,64.0,-94.6,2043.9,1,0.3488824666,0.0002683820,0.9371664524,-0.0001608920,1.0000000000,-0.0002264801,-0.9371665120,-0.0000717676,0.3488824964,0,-15.7,-443.0,1982.6,1,-268.3,-213.6,2007.4,1,150.7,-284.3,1998.7,1,-392.5,-737.1,1909.0,0,-15.8,-791.7,1982.7,0,
2,0.9961300492,-0.0101863928,-0.0872771665,0.0357769355,0.9542160630,0.2969725728,0.0802563131,-0.2989465892,0.9508906007,1,-21.9,439.3,1887.8,1,0.9961300492,-0.0101863928,-0.0872771665,0.0357769355,0.9542160630,0.2969725728,0.0802563131,-0.2989465892,0.9508906007,1,-19.9,256.0,1945.2,1,0.9962016940,-0.0047057043,-0.0869259611,0.0265280847,0.9674542546,0.2516532540,0.0829127878,-0.2530041039,0.9639074206,1,-19.0,80.6,1991.1,1,0.3433216810,-0.8476394415,-0.4045215547,0.8794344068,0.1389157772,0.4552994072,-0.3297352791,-0.5120643377,0.7931360602,1,-147.4,252.6,1934.6,1,0.1401931942,-0.8470424414,-0.5127037168,0.9890462756,0.1439591348,0.0326076746,0.0461883023,-0.5116590858,0.8579462171,1,-233.7,31.4,2017.5,1,0.2278042883,0.4869110882,0.8432216644,-0.9576969743,-0.0443499088,0.2843404114,0.1758452803,-0.8723248243,0.4562102258,1,107.6,259.4,1955.8,1,-0.0826289654,0.4898099303,0.8679047227,-0.9960496426,-0.0121716112,-0.0879598558,-0.0325198136,-0.8717442155,0.4888807535,1,173.6,-18.2,2006.8,1,0.4850189388,0.4467141926,-0.7517998815,-0.4571310878,0.8623920083,0.2175119072,0.7455117702,0.2381737381,0.6224832535,1,-100.8,-97.1,2030.1,1,0.1972981989,0.4467153251,-0.8726504445,-0.3546146750,0.8623914123,0.3612885475,0.9139593840,0.2381730676,0.3285600841,1,-262.8,-409.7,1943.7,1,0.7756959200,0.2096991986,0.5952495933,-0.0667259172,0.9651477933,-0.2530564070,-0.6275695562,0.1565762162,0.7626535892,1,64.4,-92.7,2043.8,1,0.3448569179,0.0001341923,0.9386552572,-0.0000801240,1.0000000000,-0.0001135252,-0.9386552572,-0.0000360589,0.3448569179,0,-11.6,-442.6,1987.1,1,-268.7,-215.2,2006.0,1,151.5,-284.5,1998.1,1,-418.5,-710.3,1860.7,1,-11.6,-791.3,1987.1,0,
3,0.9960337281,-0.0092863860,-0.0884686559,0.0355580002,0.9531872272,0.3002843857,0.0815387592,-0.3022399545,0.9497396946,1,-22.1,442.3,1887.1,1,0.9960337281,-0.0092863860,-0.0884686559,0.0355580002,0.9531872272,0.3002843857,0.0815387592,-0.3022399545,0.9497396946,1,-20.3,259.4,1945.1,1,0.9960929155,-0.0056828428,-0.0881061032,0.0279629864,0.9668579102,0.2537810802,0.0837439895,-0.2552540004,0.9632421732,1,-19.2,84.1,1991.4,1,0.3325442076,-0.8494091630,-0.4097782075,0.8852280974,0.1312862933,0.4462454617,-0.3252467513,-0.5111435652,0.7955794334,1,-147.7,255.8,1934.4,1,0.1420086473,-0.8472232819,-0.5119046569,0.9885448813,0.1480867714,0.0291448198,0.0511141382,-0.5101795793,0.8585477471,1,-231.2,33.6,2016.0,1,0.2289982587,0.4872662723,0.8426929116,-0.9573894739,-0.0437539816,0.2854662240,0.1759692281,-0.8721566200,0.4564840198,1,107.2,263.0,1955.8,1,-0.0830640867,0.4898092151,0.8678635955,-0.9961554408,-0.0164877195,-0.0860376060,-0.0278329216,-0.8716737032,0.4892956614,1,174.3,-17.6,2007.4,1,0.6588317156,0.3853190541,-0.6461191773,-0.3922201395,0.9088363647,0.1420556605,0.6419534087,0.1598301530,0.7499001026,0,-101.5,-93.5,2030.7,1,0.3294441104,0.4244791865,-0.8433765173,-0.3475407362,0.8850454688,0.3096933663,0.8778849840,0.1910810322,0.4390968084,0,-241.2,-423.1,1972.7,0,0.7778104544,0.2134991884,0.5911252499,-0.0561412275,0.9603768587,-0.2729919553,-0.6259865761,0.1791495085,0.7589771748,1,65.0,-88.9,2044.7,1,0.3507843316,0.0000670962,0.9364563227,-0.0000405840,1.0000000000,-0.0000564468,-0.9364563227,-0.0000182045,0.3507843316,0,-12.4,-437.1,1979.7,1,-266.6,-212.9,2003.3,1,152.0,-284.9,1999.9,1,-389.2,-731.7,1906.1,0,-12.4,-785.8,1979.7,0,
4,0.9961749911,-0.0094224531,-0.0868479460,0.0351298265,0.9534457326,0.2995132506,0.0799827725,-0.3014193773,0.9501327276,1,-22.4,442.5,1887.3,1,0.9961749911,-0.0094224531,-0.0868479460,0.0351298265,0.9534457326,0.2995132506,0.0799827725,-0.3014193773,0.9501327276,1,-20.6,259.6,1945.1,1,0.9962306023,-0.0068729650,-0.0864485055,0.0285772253,0.9671927691,0.2524330616,0.0818774998,-0.2539527416,0.9637464285,1,-19.4,84.3,1991.1,1,0.3315336704,-0.8501925468,-0.4089717865,0.8863114715,0.1321137547,0.4438444972,-0.3233225644,-0.5096257925,0.7973355055,1,-148.1,256.0,1934.6,1,0.1397333294,-0.8495734334,-0.5086251497,0.9896012545,0.1375165880,0.0421721749,0.0341160409,-0.5092289448,0.8599545956,1,-230.3,36.1,2014.8,1,0.2381446362,0.4839717448,0.8420560360,-0.9561281800,-0.0354716182,0.2907930613,0.1706047356,-0.8743643165,0.4542916715,1,106.9,263.3,1955.6,1,-0.0998491198,0.4852958918,0.8686301112,-0.9945976734,-0.0237775985,-0.1010448039,-0.0283826813,-0.8740267158,0.4850483537,1,176.2,-14.8,2005.2,1,0.4907453060,0.4362884164,-0.7542024851,-0.4530318975,0.8671638370,0.2068546116,0.7442653775,0.2401648760,0.6232092381,1,-101.4,-93.5,2030.3,1,0.1989375055,0.4362875521,-0.8775404096,-0.3532642126,0.8671635985,0.3510439098,0.9141272306,0.2401677817,0.3266361058,1,-259.6,-407.9,1943.3,1,0.7782670259,0.2257148921,0.5859634876,-0.0469815508,0.9514771700,-0.3041117191,-0.6261734962,0.2091506422,0.7511076927,1,65.2,-88.7,2044.0,1,0.3550953567,0.0000335481,0.9348301291,-0.0000204218,1.0000000000,-0.0000281296,-0.9348301291,-0.0000091022,0.3550953567,0,-16.7,-433.7,1968.2,1,-265.2,-210.7,2006.3,1,149.1,-284.0,1997.5,1,-411.7,-710.2,1859.5,1,-16.7,-782.4,1968.2,0,
5,0.9964351654,-0.0081174616,-0.0839467570,0.0332303122,0.9526252151,0.3023273647,0.0775157735,-0.3040400147,0.9495020509,1,-22.4,443.7,1886.4,1,0.9964351654,-0.0081174616,-0.0839467570,0.0332303122,0.9526252151,0.3023273647,0.0775157735,-0.3040400147,0.9495020509,1,-20.8,261.1,1944.6,1,0.9964773655,-0.0064702523,-0.0835883766,0.0276806019,0.9664978385,0.2551795244,0.0791369975,-0.2565951645,0.9632753134,1,-19.7,85.9,1991.2,1,0.3185046911,-0.8530665636,-0.4133184850,0.8950827718,0.1271139979,0.4273976982,-0.3120601177,-0.5060824156,0.8040516376,1,-148.4,257.6,1934.5,1,0.1325336099,-0.8538082242,-0.5034343004,0.9910435081,0.1225325316,0.0530898646,0.0163585208,-0.5059614778,0.8624008298,1,-228.2,33.1,2012.8,1,0.2337312549,0.4818822443,0.8444874883,-0.9569713473,-0.0396105275,0.2874662876,0.1719755083,-0.8753402233,0.4518892765,1,106.7,264.7,1954.8,1,-0.0901397169,0.4835126400,0.8706839085,-0.9956563115,-0.0232899114,-0.0901443437,-0.0233077761,-0.8750275373,0.4835118055,1,175.1,-15.4,2005.1,1,0.6627678275,0.3766206801,-0.6472215056,-0.3877083361,0.9120349288,0.1336954981,0.6406411529,0.1623241156,0.7504863739,0,-101.9,-91.7,2031.1,1,0.3308838010,0.4149119258,-0.8475636840,-0.3455637097,0.8890436292,0.3003118336,0.8781240582,0.1935188323,0.4375486374,0,-238.4,-422.4,1972.2,0,0.7638276815,0.3654467463,0.5319923162,-0.1603212655,0.9058535695,-0.3920796812,-0.6251913905,0.2141915709,0.7505049109,1,64.8,-87.0,2044.3,1,0.3235372603,0.2591070831,0.9100479484,0.0228877664,0.9593521953,-0.2812819183,-0.9459385872,0.1118341312,0.3044558167,1,-66.2,-411.8,1967.5,1,-261.3,-214.0,2008.7,1,150.7,-284.5,1998.8,1,-383.1,-732.4,1904.7,0,-152.8,-732.7,1930.1,1,
6,0.9959852099,-0.0128710410,-0.0885659829,0.0389108025,0.9534532428,0.2990212440,0.0805949271,-0.3012677133,0.9501290321,1,-23.1,443.3,1886.9,1,0.9959852099,-0.0128710410,-0.0885659829,0.0389108025,0.9534532428,0.2990212440,0.0805949271,-0.3012677133,0.9501290321,1,-20.7,260.7,1944.6,1,0.9960787892,-0.0084290272,-0.0880458504,0.0304698367,0.9672166705,0.2521197498,0.0830343887,-0.2538146377,0.9636837840,1,-19.1,85.4,1990.6,1,0.3145428002,-0.8528007269,-0.4168857634,0.8963757753,0.1223272830,0.4260826409,-0.3123670518,-0.5077075362,0.8029071689,1,-148.1,256.8,1934.0,1,0.1406306773,-0.8524269462,-0.5035782456,0.9900203943,0.1257401705,0.0636304542,0.0090797124,-0.5075011253,0.8616031408,1,-227.4,31.0,2012.7,1,0.2392434925,0.4844226837,0.8414852023,-0.9564083219,-0.0319058746,0.2902847826,0.1674688607,-0.8742522001,0.4556725323,1,106.8,264.6,1955.2,1,-0.0919392109,0.4847977459,0.8697806597,-0.9956141710,-0.0295738094,-0.0887564942,-0.0173062161,-0.8741261363,0.4853905439,1,176.5,-14.2,2004.0,1,0.4893437922,0.4383509755,-0.7539171576,-0.4517565966,0.8668770790,0.2108084112,0.7459615469,0.2374292612,0.6222288609,1,-101.0,-92.6,2029.7,1,0.1993813962,0.4383486211,-0.8764117956,-0.3513646424,0.8668780923,0.3536457121,0.9147623181,0.2374297231,0.3268595636,1,-259.9,-406.9,1943.6,1,0.8460334539,0.2852933407,0.4503721595,-0.1515669674,0.9386236072,-0.3098599613,-0.5111309290,0.1938903481,0.8373479843,0,65.7,-87.5,2043.6,1,0.4374650121,0.2297997028,0.8693769574,0.0047024339,0.9661979675,-0.2577582896,-0.8992230296,0.1168484017,0.4215971828,0,-37.7,-427.8,1973.3,0,-262.5,-215.9,2010.4,1,151.5,-284.9,1999.3,1,-412.7,-709.1,1860.8,1,-117.9,-764.7,1932.5,0,
7,0.9961584210,-0.0149279563,-0.0862650201,0.0403647944,0.9526865482,0.3012638688,0.0776863843,-0.3035894334,0.9496321678,1,-22.9,442.7,1887.2,1,0.9961584210,-0.0149279563,-0.0862650201,0.0403647944,0.9526865482,0.3012638688,0.0776863843,-0.3035894334,0.9496321678,1,-20.0,260.8,1945.2,1,0.9962831736,-0.0089290282,-0.0856516808,0.0303250402,0.9672777057,0.2519029379,0.0805998072,-0.2535648048,0.9639562368,1,-18.4,85.4,1991.1,1,0.3139823973,-0.8538119197,-0.4152350724,0.8968284726,0.1231657416,0.4248869419,-0.3116307855,-0.5058016777,0.8043947220,1,-147.5,256.9,1934.8,1,0.1449790001,-0.8530697227,-0.5012516379,0.9893989563,0.1293037534,0.0661084056,0.0084186522,-0.5055221915,0.8627725244,1,-226.6,31.1,2013.3,1,0.2397477180,0.4829968810,0.8421608806,-0.9557986259,-0.0346536785,0.2919728756,0.1702059656,-0.8749360442,0.4533396065,1,107.5,264.6,1955.5,1,-0.0933852345,0.4840273857,0.8700554967,-0.9953570366,-0.0249231029,-0.0929689780,-0.0233150516,-0.8746978045,0.4841074944,1,177.3,-13.6,2005.0,1,0.6618057489,0.3781486452,-0.6473150849,-0.3870268762,0.9118361473,0.1369858235,0.6420462728,0.1598702818,0.7498120070,0,-99.9,-92.5,2030.4,1,0.3312606812,0.4166351855,-0.8465705514,-0.3439793289,0.8888061643,0.3028230965,0.8786038756,0.1908893287,0.4377403855,0,-237.0,-423.2,1972.4,0,0.7610877752,0.3624849916,0.5379126072,-0.1777361631,0.9140841365,-0.3644996583,-0.6238231659,0.1818096936,0.7601250410,1,66.3,-87.5,2043.8,1,0.3201383948,0.1915747672,0.9277988076,0.0213806964,0.9776302576,-0.2092415392,-0.9471295476,0.0868232325,0.3088809550,0,-65.1,-418.9,1977.9,1,-262.7,-215.7,2011.2,1,151.8,-284.9,1998.7,1,-382.3,-733.1,1905.9,0,-131.9,-759.8,1947.6,0,
8,0.9955936670,-0.0167473871,-0.0922433287,0.0437878855,0.9530670047,0.2995775938,0.0828970820,-0.3022975028,0.9496037364,1,-21.9,442.2,1887.3,1,0.9955936670,-0.0167473871,-0.0922433287,0.0437878855,0.9530670047,0.2995775938,0.0828970820,-0.3022975028,0.9496037364,1,-18.7,260.0,1945.1,1,0.9957527518,-0.0092210844,-0.0915832445,0.0320223980,0.9675204158,0.2507580519,0.0862965137,-0.2526264787,0.9637093544,1,-17.1,84.5,1990.9,1,0.3123213351,-0.8527722359,-0.4186106622,0.8956729174,0.1174873412,0.4289135337,-0.3165841401,-0.5088970661,0.8004987240,1,-146.2,255.9,1934.1,1,0.1560852826,-0.8499348760,-0.5032377243,0.9877253771,0.1374060810,0.0742853135,0.0060102427,-0.5086554885,0.8609492183,1,-224.2,32.0,2013.2,1,0.2299822867,0.4893458486,0.8412186503,-0.9580085874,-0.0382703170,0.2841739953,0.1712530553,-0.8712496758,0.4599960744,1,108.7,264.1,1956.2,1,-0.0975277126,0.4902380109,0.8661150336,-0.9950228930,-0.0301561113,-0.0949742794,-0.0204413310,-0.8710669279,0.4907390475,1,175.6,-14.8,2006.0,1,0.4836252332,0.4451309443,-0.7536346316,-0.4541954398,0.8636552691,0.2186461836,0.7482066751,0.2365545481,0.6198619008,1,-98.1,-93.6,2029.6,1,0.1970171630,0.4451325238,-0.8735224009,-0.3521544635,0.8636543155,0.3606778383,0.9149708748,0.2365550548,0.3269101083,1,-259.5,-406.7,1943.8,1,0.7753711939,0.3000239134,0.5556845069,-0.1121801287,0.9313784242,-0.3463377953,-0.6214622259,0.2062035799,0.7558206320,1,67.4,-88.2,2043.9,1,0.3382819593,0.0944695622,0.9362909794,0.0083764754,0.9946066737,-0.1033799052,-0.9410075545,0.0428143740,0.3356661797,0,-41.4,-426.0,1969.1,1,-263.1,-214.3,2011.7,1,149.2,-284.6,2000.5,1,-414.7,-707.8,1861.3,1,-74.4,-772.8,1954.2,0,
9,0.9952467680,-0.0155206928,-0.0961197019,0.0437097438,0.9533634782,0.2986442149,0.0870019868,-0.3014267981,0.9495132565,1,-20.9,445.0,1887.9,1,0.9952467680,-0.0155206928,-0.0961197019,0.0437097438,0.9533634782,0.2986442149,0.0870019868,-0.3014267981,0.9495132565,1,-18.0,262.2,1945.7,1,0.9953833222,-0.0095741227,-0.0954799354,0.0332567953,0.9677608013,0.2496674508,0.0900115073,-0.2516908944,0.9636143446,1,-16.2,86.7,1991.3,1,0.3167161345,-0.8496508002,-0.4216449559,0.8952051997,0.1208206415,0.4289640784,-0.3135262430,-0.5133185983,0.7988775373,1,-145.3,257.9,1934.2,1,0.1501408517,-0.8479372859,-0.5083899498,0.9886208773,0.1336037666,0.0691295937,0.0093052518,-0.5129840970,0.8583477736,1,-225.0,32.8,2013.0,1,0.2307877392,0.4924631417,0.8391763568,-0.9579498172,-0.0361255556,0.2846524417,0.1704965532,-0.8695831299,0.4634176791,1,109.4,266.4,1957.2,1,-0.1018254906,0.4928433597,0.8641394377,-0.9946509004,-0.0352831185,-0.0970812738,-0.0173563287,-0.8694024682,0.4937997758,1,176.8,-13.4,2007.0,1,0.6578728557,0.3839119673,-0.6479313374,-0.3899176717,0.9096639752,0.1430933028,0.6443350315,0.1585026532,0.7481372952,0,-97.4,-91.6,2029.5,1,0.3291984797,0.4229135811,-0.8442585468,-0.3452409208,0.8860985637,0.3092540205,0.8788839579,0.1896666139,0.4377093911,0,-236.6,-421.4,1972.0,0,0.7817460299,0.2659671903,0.5640343428,-0.0758020133,0.9383071065,-0.3373925686,-0.6189727783,0.2210003436,0.7536786795,1,68.4,-86.0,2044.5,1,0.3518868089,0.0467138886,0.9348761439,0.0033837184,0.9986839294,-0.0511758588,-0.9360364079,0.0211714692,0.3512656391,0,-28.1,-426.3,1964.3,1,-262.4,-213.7,2010.7,1,149.1,-283.7,2002.3,1,-384.0,-730.4,1905.9,0,-44.4,-774.5,1956.9,0,
10,0.9952015877,-0.0191095956,-0.0959407464,0.0466390811,0.9547839165,0.2936210930,0.0859918445,-0.2966875434,0.9510967135,1,-22.2,446.0,1889.2,1,0.9952015877,-0.0191095956,-0.0959407464,0.0466390811,0.9547839165,0.2936210930,0.0859918445,-0.2966875434,0.9510967135,1,-18.6,263.2,1946.0,1,0.9953884482,-0.0117189037,-0.0951867327,0.0349817537,0.9684911966,0.2465806901,0.0892979652,-0.2487741113,0.9644378424,1,-16.5,87.6,1991.1,1,0.3118415177,-0.8510446548,-0.4224663973,0.8978948593,0.1185585856,0.4239442945,-0.3107085228,-0.5115338564,0.8011200428,1,-146.0,258.7,1934.5,1,0.1543065608,-0.8484467864,-0.5062878728,0.9879855514,0.1369658411,0.0715885162,0.0086051039,-0.5112516880,0.8593878746,1,-224.0,33.9,2012.3,1,0.2327016443,0.4919060171,0.8389745951,-0.9579649568,-0.0328964442,0.2849930823,0.1677891016,-0.8700265884,0.4635736346,1,108.8,267.7,1957.4,1,-0.0959504619,0.4923078716,0.8651164770,-0.9951959252,-0.0304582324,-0.0930449218,-0.0194568224,-0.8698880672,0.4928652644,1,176.9,-12.7,2006.5,1,0.4823232889,0.4444664717,-0.7548601627,-0.4538813829,0.8638278246,0.2186166495,0.7492370605,0.2371730804,0.6183792353,1,-97.6,-90.9,2028.7,1,0.1969262511,0.4444699585,-0.8738802075,-0.3525103331,0.8638257384,0.3599189818,0.9148533344,0.2371742725,0.3267901838,1,-258.7,-404.1,1942.7,1,0.7817381620,0.2505524158,0.5710594654,-0.0648981035,0.9434506893,-0.3250984251,-0.6202206612,0.2170811296,0.7537918687,1,68.9,-85.1,2043.6,1,0.3531867564,0.0232053306,0.9352650642,0.0016439324,0.9996753931,-0.0254242513,-0.9355514646,0.0105170216,0.3530339599,0,-21.9,-427.2,1964.9,1,-262.5,-212.5,2010.2,1,150.7,-284.3,2001.2,1,-413.7,-705.3,1860.0,1,-30.0,-775.8,1961.3,0,
11,0.9947256446,-0.0215443335,-0.1002634466,0.0519730002,0.9487344027,0.3117737174,0.0884065703,-0.3153411150,0.9448530078,1,-22.6,434.8,1883.8,1,0.9947256446,-0.0215443335,-0.1002634466,0.0519730002,0.9487344027,0.3117737174,0.0884065703,-0.3153411150,0.9448530078,1,-18.5,253.0,1944.2,1,0.9949733615,-0.0128279189,-0.0992951393,0.0381791219,0.9654310346,0.2578491569,0.0925550610,-0.2603448033,0.9610708356,1,-16.1,78.0,1991.4,1,0.3323633373,-0.8453589678,-0.4182137549,0.8821376562,0.1217328310,0.4549881220,-0.3337179422,-0.5201435089,0.7861825824,1,-145.8,248.1,1932.4,1,0.1461704671,-0.8446562886,-0.5149658322,0.9892457128,0.1275416464,0.0715962946,0.0052053225,-0.5198929906,0.8542155027,1,-225.7,36.0,2012.6,1,0.2338747382,0.4944520891,0.8371498585,-0.9561581612,-0.0391176194,0.2902264893,0.1762503684,-0.8683242798,0.4636257589,1,108.9,257.9,1956.1,1,-0.0980627239,0.4945577979,0.8635950089,-0.9951341748,-0.0403766036,-0.0898766220,-0.0095801502,-0.8682064414,0.4961107671,1,175.5,-14.4,2006.3,1,0.6569763422,0.3834589422,-0.6491079926,-0.3896974623,0.9097694159,0.1430227309,0.6453819871,0.1589931995,0.7471300364,0,-97.0,-100.2,2030.9,1,0.3291220665,0.4223413467,-0.8445746899,-0.3455193639,0.8862416744,0.3085321188,0.8788031340,0.1902721822,0.4376088381,0,-236.1,-430.1,1973.2,0,0.7851210237,0.2450354397,0.5688081980,-0.0619188249,0.9448599219,-0.3215677738,-0.6162395477,0.2172496915,0.7570016980,1,69.4,-93.8,2046.4,1,0.3605175018,0.0115622738,0.9326807857,0.0007194686,0.9999194145,-0.0126739210,-0.9327521920,0.0052402052,0.3604801595,0,-19.5,-436.5,1967.6,1,-262.2,-210.8,2011.3,1,148.8,-284.5,2003.7,1,-383.3,-739.2,1906.9,0,-23.5,-785.1,1965.8,0,
12,0.9949820638,-0.0184085052,-0.0983250663,0.0478958264,0.9505990744,0.3067056835,0.0878218710,-0.3098767996,0.9467136264,1,-21.5,431.8,1885.6,1,0.9949820638,-0.0184085052,-0.0983250663,0.0478958264,0.9505990744,0.3067056835,0.0878218710,-0.3098767996,0.9467136264,1,-18.0,250.0,1944.9,1,0.9951686263,-0.0110512190,-0.0975365639,0.0357607827,0.9661738276,0.2554020584,0.0914148912,-0.2576568425,0.9619039893,1,-16.0,74.8,1991.6,1,0.3246847391,-0.8477998972,-0.4193031490,0.8872753382,0.1194685251,0.4454995096,-0.3276009262,-0.5166842341,0.7910215259,1,-145.4,245.4,1933.2,1,0.1564450562,-0.8443479538,-0.5124468207,0.9875014424,0.1437623799,0.0646004453,0.0191253163,-0.5161484480,0.8562857509,1,-225.0,27.8,2013.5,1,0.2387068123,0.4947671592,0.8355982304,-0.9534587860,-0.0438194200,0.2983222306,0.1842154860,-0.8679200411,0.4612801373,1,109.3,254.5,1956.6,1,-0.1075627655,0.4962173402,0.8615095615,-0.9939110875,-0.0328399725,-0.1051782295,-0.0238993112,-0.8675771356,0.4967282116,1,176.7,-14.7,2008.6,1,0.4737928212,0.4516445696,-0.7560010552,-0.4606840611,0.8587511182,0.2243138105,0.7505269647,0.2419993728,0.6149355173,1,-97.5,-103.4,2030.7,1,0.1880776435,0.4516438544,-0.8721494675,-0.3567863107,0.8587506413,0.3677648604,0.9150576591,0.2420026213,0.3226521015,1,-261.2,-414.7,1943.0,1,0.7861382961,0.2548151016,0.5630773902,-0.0502302051,0.9343813062,-0.3527162373,-0.6160064340,0.2490002215,0.7473521233,1,69.5,-97.4,2046.0,1,0.3679810464,0.0057707415,0.9298154712,0.0003083604,0.9999799132,-0.0063282419,-0.9298333526,0.0026153910,0.3679718971,0,-22.9,-436.2,1955.7,1,-264.0,-218.4,2008.8,1,147.5,-284.3,2002.1,1,-418.6,-714.0,1858.6,1,-25.0,-784.9,1954.8,0,
13,0.9944330454,-0.0249496419,-0.1023546234,0.0531701371,0.9575977921,0.2831615806,0.0909499303,-0.2870282233,0.9535962939,1,-22.7,429.7,1892.0,1,0.9944330454,-0.0249496419,-0.1023546234,0.0531701371,0.9575977921,0.2831615806,0.0909499303,-0.2870282233,0.9535962939,1,-18.0,247.5,1946.7,1,0.9946994781,-0.0169994198,-0.1013904810,0.0409266911,0.9701933265,0.2388534248,0.0943081230,-0.2417376935,0.9657493830,1,-14.9,71.6,1990.5,1,0.3247717023,-0.8464693427,-0.4219157994,0.8914686441,0.1249607354,0.4355094731,-0.3159225583,-0.5175658464,0.7951845527,1,-145.3,242.3,1934.6,1,0.1584316045,-0.8442608118,-0.5119797587,0.9873285890,0.1402067840,0.0743251815,0.0090331957,-0.5172677040,0.8557760715,1,-224.9,23.8,2012.0,1,0.2442096472,0.4993975759,0.8312422633,-0.9528459907,-0.0356495306,0.3013530970,0.1801284105,-0.8656391501,0.4671429992,1,109.3,252.8,1958.7,1,-0.1027506292,0.5007206202,0.8594889045,-0.9942367077,-0.0251272731,-0.1042208970,-0.0305889416,-0.8652441502,0.5004166961,1,177.9,-14.8,2009.3,1,0.6510989666,0.3901597559,-0.6510342360,-0.3961534202,0.9063451290,0.1469728202,0.6474045515,0.1622155756,0.7446835041,0,-94.3,-107.6,2026.5,1,0.3214405179,0.4294929206,-0.8439264894,-0.3502162397,0.8819515705,0.3154519796,0.8797866702,0.1941577047,0.4339103699,0,-235.8,-436.3,1967.7,0,0.7858297825,0.2525238395,0.5645380020,-0.0527042598,0.9368620515,-0.3457046747,-0.6161929369,0.2419114858,0.7495232821,1,70.6,-100.9,2042.1,1,0.3632804155,0.0028827298,0.9316753745,0.0001698391,0.9999949932,-0.0031603437,-0.9316798449,0.0013063259,0.3632780910,0,-20.9,-440.6,1954.4,1,-264.4,-222.4,2009.7,1,150.0,-284.5,2001.0,1,-385.5,-743.8,1900.0,0,-21.9,-789.3,1953.9,0,
14,0.9940472841,-0.0256241318,-0.1058752611,0.0555693321,0.9552465081,0.2905461490,0.0936921462,-0.2947008014,0.9509869218,1,-22.2,430.2,1889.8,1,0.9940472841,-0.0256241318,-0.1058752611,0.0555693321,0.9552465081,0.2905461490,0.0936921462,-0.2947008014,0.9509869218,1,-17.3,248.4,1945.9,1,0.9943265915,-0.0179722272,-0.1048224643,0.0432416163,0.9687902331,0.2440831363,0.0971644074,-0.2472317815,0.9640738964,1,-14.0,72.7,1990.7,1,0.3184718192,-0.8457167745,-0.4281806052,0.8945854306,0.1187470853,0.4308317304,-0.3135164678,-0.5202518702,0.7943835258,1,-144.5,242.9,1933.4,1,0.1592027694,-0.8419181108,-0.5155854821,0.9870903492,0.1450164616,0.0679917112,0.0175249260,-0.5197538733,0.8541362882,1,-224.0,19.6,2011.7,1,0.2412399650,0.5010512471,0.8311142921,-0.9538658857,-0.0352991670,0.2981506586,0.1787263900,-0.8646974564,0.4694201350,1,109.9,253.9,1958.3,1,-0.0988268927,0.5026731491,0.8588091135,-0.9945729971,-0.0216872934,-0.1017559543,-0.0325247385,-0.8642045259,0.5020883679,1,177.9,-14.9,2008.7,1,0.4603390694,0.4646217823,-0.7564485669,-0.4821440578,0.8463287950,0.2264172435,0.7454025745,0.2604885697,0.6136128306,1,-93.6,-106.5,2027.4,1,0.1794530898,0.4646160007,-0.8671380877,-0.3780634701,0.8463290334,0.3752266765,0.9082204700,0.2604976594,0.3275307417,1,-262.0,-413.3,1933.0,1,0.8606214523,0.1913606524,0.4719235599,-0.0613212064,0.9589108229,-0.2770013213,-0.5055397749,0.2094543427,0.8369936943,0,72.0,-99.3,2043.6,1,0.4721139669,0.0025488413,0.8815338612,-0.0000180440,0.9999958277,-0.0028816955,-0.8815375566,0.0013445825,0.4721120596,0,2.6,-447.0,1967.6,0,-263.7,-226.6,2007.3,1,151.1,-284.7,1999.8,1,-423.9,-708.2,1842.2,1,1.8,-795.7,1967.2,0,
15,0.9942064285,-0.0263640825,-0.1041849479,0.0560985953,0.9541960955,0.2938769460,0.0916652456,-0.2980198264,0.9501497746,1,-22.0,427.9,1888.6,1,0.9942064285,-0.0263640825,-0.1041849479,0.0560985953,0.9541960955,0.2938769460,0.0916652456,-0.2980198264,0.9501497746,1,-16.9,246.1,1945.4,1,0.9945045710,-0.0180843119,-0.1031004190,0.0432068557,0.9680587649,0.2469743937,0.0953410417,-0.2500725687,0.9635230899,1,-13.7,70.6,1990.7,1,0.3301456869,-0.8443091512,-0.4220733047,0.8864489794,0.1236671358,0.4459983706,-0.3243639171,-0.5213909149,0.7892652154,1,-144.2,240.6,1933.2,1,0.1540091932,-0.8409618735,-0.5187141299,0.9875703454,0.1476965696,0.0537632219,0.0313994847,-0.5205467343,0.8532556891,1,-225.4,22.5,2013.0,1,0.2375539094,0.4983479679,0.8337969184,-0.9557978511,-0.0331835002,0.2921459675,0.1732586771,-0.8663417101,0.4684370756,1,110.3,251.7,1957.6,1,-0.1006067842,0.4985128045,0.8610246181,-0.9947450161,-0.0338779129,-0.0966168866,-0.0189950373,-0.8662202954,0.4993014038,1,176.5,-14.5,2005.8,1,0.6418082714,0.4031218588,-0.6523609757,-0.4147520363,0.8980030417,0.1468716860,0.6450293660,0.1763045788,0.7435414195,0,-93.5,-108.5,2028.1,1,0.3139694333,0.4429373741,-0.8397796154,-0.3705738187,0.8715211153,0.3211323619,0.8741271496,0.2103745341,0.4377719760,0,-239.7,-434.1,1964.2,0,0.7830328345,0.2583306134,0.5657958388,-0.0890294313,0.9468528032,-0.3091011345,-0.6155756116,0.1916638017,0.7644158602,1,72.8,-101.3,2044.0,1,0.3516723812,0.0015380923,0.9361218810,-0.0067151361,0.9999770522,0.0008796623,-0.9360990524,-0.0065955389,0.3516746461,0,-20.9,-444.6,1974.5,1,-263.8,-223.8,2005.2,1,149.4,-281.7,2000.7,1,-394.2,-738.0,1890.8,0,-21.4,-793.3,1976.8,0,
16,0.9950971603,-0.0253547691,-0.0955766588,0.0530898571,0.9524339437,0.3000867963,0.0834219605,-0.3036904633,0.9491132498,1,-24.3,430.7,1887.0,1,0.9950971603,-0.0253547691,-0.0955766588,0.0530898571,0.9524339437,0.3000867963,0.0834219605,-0.3036904633,0.9491132498,1,-19.5,248.8,1945.0,1,0.9953575134,-0.0188175142,-0.0943686590,0.0417709909,0.9679700732,0.2475684881,0.0866875276,-0.2503617704,0.9642651677,1,-16.0,73.3,1990.4,1,0.3270377517,-0.8477588296,-0.4175540805,0.8895403743,0.1270060837,0.4388478994,-0.3190052807,-0.5149510503,0.7956513762,1,-146.8,243.4,1933.9,1,0.1436240226,-0.8460108042,-0.5134567022,0.9890432358,0.1406062841,0.0449812561,0.0341406129,-0.5142912269,0.8569357395,1,-227.5,24.1,2012.6,1,0.2590794563,0.4901825488,0.8322253823,-0.9487870932,-0.0321113914,0.3142799437,0.1807784289,-0.8710281849,0.4567595124,1,107.9,254.1,1956.1,1,-0.1040691510,0.4890835881,0.8660063148,-0.9945482016,-0.0454099774,-0.0938705951,-0.0065852455,-0.8710540533,0.4911430478,1,177.3,0.2,2004.5,1,0.4665441513,0.4673743546,-0.7509313822,-0.4848240912,0.8452171087,0.2248420417,0.7397854328,0.2591708302,0.6209253073,1,-97.0,-105.8,2028.5,1,0.1853649318,0.4673691690,-0.8644106984,-0.3803420365,0.8452169299,0.3754307032,0.9060792923,0.2591800392,0.3344337642,1,-266.5,-412.2,1934.5,1,0.7786660194,0.2654174268,0.5685355067,-0.0827046633,0.9416329861,-0.3263235092,-0.6219637394,0.2070764899,0.7551689744,1,71.8,-98.7,2043.2,1,0.3483801484,0.0007689330,0.9373529553,-0.0033586007,0.9999942780,0.0004279512,-0.9373472333,-0.0032972842,0.3483807445,0,-24.5,-440.2,1968.1,1,-263.3,-222.6,2004.1,1,149.7,-263.1,2002.8,1,-429.4,-706.8,1844.2,1,-24.7,-788.9,1969.2,0,
17,0.9958710670,-0.0224940013,-0.0879252627,0.0476617850,0.9540740252,0.2957569957,0.0772345588,-0.2987273037,0.9512097239,1,-27.2,431.5,1887.7,1,0.9958710670,-0.0224940013,-0.0879252627,0.0476617850,0.9540740252,0.2957569957,0.0772345588,-0.2987273037,0.9512097239,1,-23.0,249.6,1944.7,1,0.9960330129,-0.0195146352,-0.0867955685,0.0402494483,0.9689291716,0.2440437078,0.0793364197,-0.2465698123,0.9658737779,1,-19.4,74.0,1989.4,1,0.3182393909,-0.8536924124,-0.4122294188,0.8928716779,0.1237745285,0.4329665899,-0.3185967505,-0.5058550239,0.8016276360,1,-150.4,244.5,1934.5,1,0.1408368498,-0.8508632779,-0.5061588287,0.9888279438,0.1461080760,0.0295271277,0.0488303378,-0.5046625137,0.8619347215,1,-229.0,24.1,2013.2,1,0.2827057838,0.4839044809,0.8281992674,-0.9403362870,-0.0306072980,0.3388671577,0.1893282533,-0.8745855093,0.4463800490,1,104.5,254.8,1954.8,1,-0.0999735817,0.4825218618,0.8701597452,-0.9949897528,-0.0476639681,-0.0878847539,-0.0009310445,-0.8745861650,0.4848693311,1,177.7,11.2,2003.9,1,0.6460940838,0.4050624669,-0.6469056606,-0.4166389406,0.8973136544,0.1457401365,0.6395111084,0.1753642410,0.7485138178,0,-100.9,-105.2,2027.3,1,0.3191015124,0.4452738762,-0.8366035223,-0.3725337386,0.8706273437,0.3212890625,0.8714314699,0.2091392279,0.4436980486,0,-247.8,-430.6,1963.7,0,0.7728399038,0.2536846697,0.5816893578,-0.0854104459,0.9498631358,-0.3007741272,-0.6288270950,0.1827678680,0.7557594776,1,69.2,-98.3,2040.9,1,0.3355322778,0.0003844365,0.9420286417,-0.0016821027,0.9999985695,0.0001910385,-0.9420272112,-0.0016486886,0.3355324268,0,-22.8,-442.7,1974.6,1,-264.1,-222.5,2001.0,1,151.5,-250.2,2003.6,1,-403.1,-734.1,1890.8,0,-23.0,-791.4,1975.2,0,
18,0.9957585335,-0.0206008740,-0.0896469727,0.0476799086,0.9490423799,0.3115222454,0.0786612481,-0.3144761324,0.9460022449,1,-27.9,428.1,1882.6,1,0.9957585335,-0.0206008740,-0.0896469727,0.0476799086,0.9490423799,0.3115222454,0.0786612481,-0.3144761324,0.9460022449,1,-24.0,247.2,1942.5,1,0.9958981872,-0.0186283253,-0.0885200724,0.0408632867,0.9656751752,0.2565203011,0.0807031766,-0.2590861022,0.9624783397,1,-20.6,72.1,1989.5,1,0.3256596923,-0.8522015810,-0.4095094800,0.8827385306,0.1188922822,0.4545736015,-0.3387008309,-0.5095261335,0.7909897566,1,-151.4,242.0,1932.2,1,0.1286887228,-0.8491714001,-0.5121983886,0.9892973304,0.1457494944,0.0069213547,0.0687752366,-0.5076071620,0.8588392735,1,-232.4,22.6,2016.4,1,0.2826448083,0.4843892753,0.8279365897,-0.9386267662,-0.0382443070,0.3428077996,0.1977162808,-0.8740162849,0.4438511729,1,103.4,252.4,1952.9,1,-0.0848804265,0.4847406149,0.8705297112,-0.9963842034,-0.0380427614,-0.0759683028,-0.0037075668,-0.8738302588,0.4862170219,1,175.0,14.7,2002.9,1,0.4726762772,0.4571765661,-0.7533702850,-0.4882173836,0.8475670815,0.2080238461,0.7336355448,0.2694805264,0.6238263845,1,-101.4,-106.4,2029.7,1,0.1824529469,0.4571712911,-0.8704627752,-0.3859404325,0.8475675583,0.3642517626,0.9043014050,0.2694879472,0.3310820460,1,-267.2,-413.7,1932.0,1,0.8521986604,0.1950415075,0.4855062366,-0.0855541527,0.9673785567,-0.2384518087,-0.5161762834,0.1616712511,0.8410853148,0,66.9,-99.5,2043.3,1,0.4484520555,0.0004418069,0.8938067555,-0.0015189473,0.9999988079,0.0002678082,-0.8938055634,-0.0014777447,0.4484521747,0,-3.8,-450.3,1984.7,0,-264.5,-224.1,1999.2,1,152.8,-246.1,2002.0,1,-426.5,-709.1,1838.0,1,-3.9,-799.0,1985.2,0,
19,0.9956356287,-0.0231611803,-0.0903842449,0.0507215559,0.9474179745,0.3159548044,0.0783138797,-0.3191611171,0.9444609284,1,-27.9,421.2,1880.5,1,0.9956356287,-0.0231611803,-0.0903842449,0.0507215559,0.9474179745,0.3159548044,0.0783138797,-0.3191611171,0.9444609284,1,-23.5,241.5,1941.1,1,0.9958376884,-0.0184936039,-0.0892258957,0.0414479896,0.9639593959,0.2628028691,0.0811500549,-0.2654080093,0.9607166648,1,-20.1,66.7,1989.2,1,0.3522806764,-0.8440277576,-0.4043706954,0.8697311282,0.1356722265,0.4745111763,-0.3456386626,-0.5188549161,0.7818719149,1,-150.9,236.2,1930.7,1,0.1031770036,-0.8449535966,-0.5247932076,0.9916307330,0.1285466999,-0.0120095061,0.0776079074,-0.5191619396,0.8511450291,1,-238.4,20.1,2016.6,1,0.2868881822,0.4825985432,0.8275227547,-0.9375426769,-0.0359673649,0.3460058868,0.1967457384,-0.8751028776,0.4421381354,1,103.9,246.8,1951.5,1,-0.0742767900,0.4816679358,0.8732004166,-0.9970142245,-0.0544053167,-0.0547980890,0.0211122595,-0.8746634722,0.4842707813,1,174.2,17.1,1999.7,1,0.6503136158,0.3972305059,-0.6475338936,-0.4178147316,0.8989164829,0.1318331659,0.6344470978,0.1848163307,0.7505463362,0,-100.1,-111.5,2030.5,1,0.3166040182,0.4365495741,-0.8421319723,-0.3770069778,0.8725801110,0.3105956614,0.8704180717,0.2191537917,0.4408445954,0,-244.2,-437.5,1963.5,0,0.7765405178,0.2250878513,0.5884897709,-0.0701107830,0.9590798616,-0.2743180394,-0.6261542439,0.1717595607,0.7605454922,1,66.5,-104.6,2044.1,1,0.3415691257,0.0000216637,0.9398566484,-0.0073448555,0.9999695420,0.0026462683,-0.9398279786,-0.0078069950,0.3415588737,0,-15.1,-452.4,1981.8,1,-264.2,-227.1,1997.2,1,154.8,-243.3,2005.2,1,-396.4,-741.8,1887.1,0,-15.1,-801.1,1984.6,0,
20,0.9956925511,-0.0262679793,-0.0888953060,0.0537646711,0.9448689222,0.3230062723,0.0755097866,-0.3263952136,0.9422141910,1,-32.2,428.5,1877.5,1,0.9956925511,-0.0262679793,-0.0888953060,0.0537646711,0.9448689222,0.3230062723,0.0755097866,-0.3263952136,0.9422141910,1,-27.2,247.9,1939.8,1,0.9958931804,-0.0235430021,-0.0873986781,0.0460801311,0.9629589319,0.2656833827,0.0779064372,-0.2686204016,0.9600921273,1,-22.9,73.4,1988.6,1,0.3251273632,-0.8500307798,-0.4144154489,0.8857731223,0.1202539057,0.4482689798,-0.3312072754,-0.5128225684,0.7920321226,1,-154.6,242.0,1929.9,1,0.1101722270,-0.8487343788,-0.5172156692,0.9909434319,0.1339916587,-0.0087949252,0.0767671391,-0.5115625262,0.8558099270,1,-238.0,15.0,2014.8,1,0.2781440318,0.4806602895,0.8316258788,-0.9406655431,-0.0389019921,0.3370977342,0.1943813860,-0.8760435581,0.4413202703,1,100.2,253.8,1949.8,1,-0.0707302988,0.4800046980,0.8744099736,-0.9972419739,-0.0537912659,-0.0511375256,0.0224893652,-0.8756152987,0.4824854434,1,172.2,10.5,2000.1,1,0.4808764458,0.4411501884,-0.7577230930,-0.4826006889,0.8546869159,0.1913285851,0.7320206761,0.2736722827,0.6238983274,1,-102.0,-105.1,2030.7,1,0.1821798086,0.4411449730,-0.8787500858,-0.3838950694,0.8546872735,0.3494771719,0.9052265882,0.2736801207,0.3250601292,1,-261.9,-414.9,1931.5,1,0.8546923399,0.1723731160,0.4896821380,-0.0715970695,0.9733910561,-0.2176779509,-0.5141740441,0.1509878635,0.8442912698,0,64.7,-97.4,2043.8,1,0.4536051154,0.0004540402,0.8912027478,-0.0065311464,0.9999747276,0.0028147730,-0.8911789060,-0.0070973705,0.4535965919,0,2.2,-450.4,1989.0,0,-265.4,-232.1,1995.6,1,153.7,-249.8,2006.0,1,-415.7,-712.9,1836.1,1,2.0,-799.0,1991.5,0,
21,0.9959890246,-0.0239164606,-0.0861966982,0.0514814109,0.9412747622,0.3336949348,0.0731540695,-0.3367948830,0.9387336373,1,-33.7,429.5,1874.5,1,0.9959890246,-0.0239164606,-0.0861966982,0.0514814109,0.9412747622,0.3336949348,0.0731540695,-0.3367948830,0.9387336373,1,-29.2,249.6,1938.8,1,0.9960849881,-0.0253884103,-0.0846533477,0.0477810986,0.9604952335,0.2741654515,0.0743485913,-0.2771377265,0.9579510093,1,-24.6,75.5,1989.1,1,0.3291072249,-0.8470535874,-0.4173591733,0.8881853819,0.1275953650,0.4414138496,-0.3206480742,-0.5159648061,0.7943331599,1,-156.6,243.5,1929.3,1,0.1157361865,-0.8455585837,-0.5211870074,0.9897298813,0.1424948275,-0.0113973608,0.0839035884,-0.5145152211,0.8533664346,1,-241.1,15.6,2011.6,1,0.2826869488,0.4757158160,0.8329362273,-0.9392795563,-0.0388209596,0.3409502208,0.1945307702,-0.8787421584,0.4358558655,1,98.3,255.8,1948.3,1,-0.0602342673,0.4747731686,0.8780446053,-0.9974309206,-0.0627961159,-0.0344693363,0.0387726761,-0.8778650761,0.4773359299,1,168.6,22.3,1996.7,1,0.6559519768,0.3839427829,-0.6498576403,-0.4114139676,0.9036941528,0.1186398864,0.6328234673,0.1895384490,0.7507393956,0,-103.3,-102.6,2033.1,1,0.3163890839,0.4219674468,-0.8496125937,-0.3741125464,0.8785339594,0.2970148921,0.8717441559,0.2238784283,0.4358218312,0,-242.5,-430.3,1964.4,0,0.9060537219,0.1321969479,0.4019833207,-0.0670418590,0.9827964306,-0.1720945835,-0.4178181291,0.1289772093,0.8993291259,0,63.4,-94.6,2045.5,1,0.5486969948,0.0007666047,0.8360209465,-0.0057860804,0.9999791384,0.0028805698,-0.8360012770,-0.0064178444,0.5486900210,0,15.5,-451.0,1998.8,0,-270.0,-231.3,1990.7,1,152.9,-237.9,2006.8,1,-389.7,-736.7,1886.3,0,15.2,-799.7,2001.0,0,
22,0.9962283373,-0.0292856283,-0.0816550925,0.0553647839,0.9393007159,0.3385998309,0.0667826608,-0.3418444395,0.9373823404,1,-38.6,422.6,1872.5,1,0.9962283373,-0.0292856283,-0.0816550925,0.0553647839,0.9393007159,0.3385998309,0.0667826608,-0.3418444395,0.9373823404,1,-33.0,243.2,1937.8,1,0.9964177608,-0.0276677739,-0.0798891336,0.0490522757,0.9588210583,0.2797445059,0.0688595325,-0.2826619446,0.9567464590,1,-28.0,69.3,1989.0,1,0.3286461234,-0.8492020369,-0.4133372307,0.8859611154,0.1255765855,0.4464341104,-0.3272072375,-0.5129195452,0.7936303020,1,-160.5,236.9,1928.9,1,0.1243735775,-0.8455002308,-0.5192886591,0.9866265655,0.1609499156,-0.0257523283,0.1053530499,-0.5091410875,0.8542108536,1,-242.8,15.1,2010.9,1,0.2858043313,0.4681109190,0.8361746073,-0.9398125410,-0.0335946009,0.3400348425,0.1872649938,-0.8830307722,0.4303350747,1,94.5,249.4,1946.6,1,-0.0480348431,0.4683001637,0.8822627664,-0.9986960292,-0.0378082469,-0.0343056470,0.0172914732,-0.8827602267,0.4695055783,1,163.9,21.2,1992.0,1,0.5211721659,0.3520974815,-0.7774363160,-0.4838179946,0.8723062277,0.0707252771,0.7030646801,0.3392775059,0.6249728203,1,-106.4,-108.6,2034.5,1,0.2303554118,0.2264111936,-0.9464007020,-0.1911563128,0.9641352892,0.1841261536,0.9541465044,0.1384960115,0.2653737068,0,-234.1,-424.9,1911.5,1,0.7732604742,0.2257293314,0.5925492048,-0.0454811454,0.9518271685,-0.3032432199,-0.6324554086,0.2075361907,0.7462767363,1,60.4,-100.4,2046.0,1,0.3432005048,-0.0026808046,0.9392582774,-0.0034722185,0.9999854565,0.0041228621,-0.9392556548,-0.0046762787,0.3431861997,0,-21.5,-445.6,1970.8,1,-273.8,-231.0,1984.6,1,151.4,-239.2,1996.6,1,-313.0,-761.1,1863.2,0,-20.5,-794.3,1972.4,0,
23,0.9956914186,-0.0449714139,-0.0810700580,0.0720675364,0.9255494475,0.3717059493,0.0583182760,-0.3759478927,0.9248055816,1,-46.4,417.8,1862.0,1,0.9956914186,-0.0449714139,-0.0810700580,0.0720675364,0.9255494475,0.3717059493,0.0583182760,-0.3759478927,0.9248055816,1,-37.7,240.7,1933.9,1,0.9961885214,-0.0390600078,-0.0779681057,0.0609662682,0.9512215257,0.3024262190,0.0623522066,-0.3060278296,0.9499801993,1,-30.7,68.3,1989.4,1,0.3086971343,-0.9173895121,-0.2512022257,0.8923671246,0.1879207790,0.4103251398,-0.3292218745,-0.3508307934,0.8766587973,1,-165.2,232.9,1925.9,1,0.1398583055,-0.9173895717,-0.3726072013,0.9775039554,0.1879207939,-0.0957698226,0.1578788757,-0.3508307934,0.9230341315,1,-244.9,2.5,2010.9,1,0.2870384455,0.4631101191,0.8385332227,-0.9366403222,-0.0477926508,0.3470167816,0.2007827014,-0.8850111961,0.4200493395,1,89.7,248.5,1941.9,1,-0.0398043357,0.4645819962,0.8846350312,-0.9991874695,-0.0241161250,-0.0322936252,0.0063309348,-0.8852016926,0.4651643932,1,160.7,17.0,1991.5,1,0.5368476510,0.3133377433,-0.7833352089,-0.4902238548,0.8715050220,0.0126380976,0.6866405010,0.3772248924,0.6214709282,1,-107.0,-109.2,2039.6,1,0.2147345841,0.1121402308,-0.9702131152,-0.0915760845,0.9913219213,0.0943117514,0.9723696709,0.0685963333,0.2231404632,0,-220.6,-425.3,1902.8,1,0.7737795711,0.2293626964,0.5904728174,-0.0289766043,0.9439865947,-0.3287091255,-0.6327920556,0.2372385263,0.7370836735,1,59.8,-99.0,2050.1,1,0.3491154015,-0.0013403844,0.9370788336,-0.0017232071,0.9999964237,0.0020723736,-0.9370782971,-0.0023382783,0.3491117954,0,-23.4,-441.3,1964.0,1,-279.6,-240.0,1971.8,1,150.3,-243.6,1993.2,1,-259.7,-770.9,1878.9,0,-22.9,-790.0,1964.8,0,
