1,0.9873782396,-0.0616290160,-0.1458455473,0.1031213701,0.9492957592,0.2969901264,0.1201497018,-0.3082849681,0.9436732531,1,-79.4,446.0,1806.5,1,0.9873782396,-0.0616290160,-0.1458455473,0.1031213701,0.9492957592,0.2969901264,0.1201497018,-0.3082849681,0.9436732531,1,-66.8,251.7,1869.6,1,0.9879269600,-0.0634087473,-0.1412962377,0.0947028324,0.9692353606,0.2271871716,0.1225461438,-0.2378283143,0.9635426998,1,-54.3,60.5,1916.5,1,0.2507736087,-0.8671892881,-0.4302272201,0.9070520997,0.0552318394,0.4173800051,-0.3381852210,-0.4949063659,0.8004364371,1,-204.3,238.5,1852.5,1,-0.0003034393,-0.8652531505,-0.5013349652,0.9981998205,0.0298054572,-0.0520453639,0.0599749386,-0.5004482865,0.8636865020,1,-269.4,2.9,1940.3,1,0.2575250864,0.5019638538,0.8256590962,-0.9388982058,-0.0719544142,0.3365897238,0.2283657193,-0.8618901372,0.4527629316,1,70.7,264.8,1886.6,1,-0.1002611443,0.5069487691,0.8561254144,-0.9942052364,-0.0175099373,-0.1060633361,-0.0387779772,-0.8617983460,0.5057666898,1,143.0,1.3,1950.7,1,0.9999960661,0.0003934329,-0.0027867330,-0.0003938610,0.9999999404,-0.0001530646,0.0027866724,0.0001541616,0.9999961257,0,-131.6,-139.2,1952.2,1,0.9946181774,0.0096824644,-0.1031549200,-0.0097153606,0.9999527931,0.0001835490,0.1031518206,0.0008196258,0.9946652651,0,-131.8,-533.6,1952.1,0,0.9405295849,0.1674616337,0.2955684960,-0.1471663117,0.9850275517,-0.0897932574,-0.3061800301,0.0409554914,0.9510922432,0,48.1,-122.0,1974.5,1,0.4562464952,0.0000119673,0.8898534179,-0.0069261771,0.9999697804,0.0035377482,-0.8898264766,-0.0077773677,0.4562327862,0,-17.9,-510.5,1958.4,0,-269.3,-254.5,1924.9,1,117.4,-252.9,1940.8,1,-135.5,-912.8,1951.8,0,-17.9,-889.7,1961.3,0,
2,0.9878947735,-0.0649228767,-0.1408330947,0.1034645066,0.9524152875,0.2867052555,0.1155201942,-0.2978093326,0.9476072192,1,-80.9,446.3,1809.5,1,0.9878947735,-0.0649228767,-0.1408330947,0.1034645066,0.9524152875,0.2867052555,0.1155201942,-0.2978093326,0.9476072192,1,-67.6,251.4,1870.4,1,0.9885697365,-0.0640978292,-0.1364049166,0.0934023783,0.9708601236,0.2206954956,0.1182864457,-0.2309162319,0.9657538533,1,-55.0,60.0,1916.0,1,0.2502848208,-0.8704422712,-0.4238961637,0.9058221579,0.0559478402,0.4199476838,-0.3418240547,-0.4890810847,0.8024687767,1,-205.2,238.4,1854.0,1,0.0070467950,-0.8684923053,-0.4956523776,0.9977903962,0.0388534591,-0.0538940504,0.0660643801,-0.4941774011,0.8668472171,1,-269.5,5.8,1941.8,1,0.2719575763,0.4972275496,0.8238955736,-0.9352987409,-0.0648474172,0.3478663564,0.2263962179,-0.8651934266,0.4474205971,1,70.0,264.4,1886.9,1,-0.1103396043,0.4971050918,0.8606461287,-0.9938938022,-0.0546493940,-0.0958574638,-0.0006174395,-0.8659677505,0.5000995994,1,143.1,12.8,1947.8,1,0.9999974370,0.0003147808,-0.0022293830,-0.0003150548,0.9999999404,-0.0001225395,0.0022293443,0.0001232416,0.9999974966,0,-132.3,-139.9,1950.7,1,0.9956399798,0.0087186815,-0.0928710327,-0.0087453304,0.9999617338,0.0001200231,0.0928685293,0.0006926879,0.9956781268,0,-132.4,-534.3,1950.7,0,0.9617961049,0.1333212703,0.2391102612,-0.1202835217,0.9903816581,-0.0683815330,-0.2459271252,0.0370080620,0.9685815573,0,47.6,-122.9,1972.3,1,0.5509268641,0.0003983516,0.8345534801,-0.0061086342,0.9999750257,0.0035552776,-0.8345311880,-0.0070566796,0.5509155393,0,-5.0,-513.5,1957.7,0,-271.3,-251.5,1924.7,1,114.8,-242.3,1947.6,1,-135.7,-913.5,1950.4,0,-5.1,-892.8,1960.3,0,
3,0.9876839519,-0.0589687936,-0.1448723972,0.1006166413,0.9486781955,0.2998091578,0.1197602376,-0.3106968403,0.9429314137,1,-79.5,444.1,1805.5,1,0.9876839519,-0.0589687936,-0.1448723972,0.1006166413,0.9486781955,0.2998091578,0.1197602376,-0.3106968403,0.9429314137,1,-67.5,250.4,1868.9,1,0.9881674051,-0.0614893883,-0.1404603571,0.0929202512,0.9688450098,0.2295757085,0.1219703257,-0.2399137020,0.9630987048,1,-55.4,59.3,1916.2,1,0.2569577992,-0.8669825196,-0.4269825816,0.9022405744,0.0568842739,0.4274649024,-0.3463159800,-0.4950814247,0.7968435884,1,-205.0,237.5,1852.0,1,0.0004946993,-0.8649238348,-0.5019029379,0.9978381395,0.0334111787,-0.0565936007,0.0657183230,-0.5007898808,0.8630704880,1,-271.1,5.4,1941.0,1,0.2601041198,0.5011238456,0.8253610134,-0.9374943376,-0.0736002102,0.3401286602,0.2311933190,-0.8622401357,0.4506570101,1,70.0,263.3,1885.9,1,-0.1023279876,0.5041510463,0.8575317264,-0.9945722818,-0.0355211161,-0.0977976099,-0.0188442841,-0.8628847003,0.5050494075,1,142.6,1.9,1950.4,1,0.9999983907,0.0002518467,-0.0017835042,-0.0002520221,0.9999999404,-0.0000980878,0.0017834795,0.0000985372,0.9999983907,0,-133.2,-140.1,1952.5,1,0.9964678884,0.0078501813,-0.0836069137,-0.0078717712,0.9999690056,0.0000714230,0.0836048871,0.0005869637,0.9964988232,0,-133.3,-534.5,1952.4,0,0.9754908681,0.1061128005,0.1927631795,-0.0977486297,0.9938294888,-0.0524225496,-0.1971364319,0.0322953798,0.9798439741,0,46.7,-123.2,1974.7,1,0.6305069923,0.0006767598,0.7761833668,-0.0053751254,0.9999794364,0.0034944164,-0.7761650085,-0.0063753361,0.6304976344,0,4.8,-515.2,1961.9,0,-271.2,-251.9,1924.1,1,116.4,-252.3,1945.6,1,-136.2,-913.8,1952.2,0,4.6,-894.4,1964.3,0,
4,0.9883665442,-0.0635198653,-0.1381356418,0.1021696404,0.9503195882,0.2940297425,0.1125985980,-0.3047260344,0.9457580447,1,-80.7,446.0,1807.0,1,0.9883665442,-0.0635198653,-0.1381356418,0.1021696404,0.9503195882,0.2940297425,0.1125985980,-0.3047260344,0.9457580447,1,-67.7,251.7,1869.3,1,0.9891127944,-0.0614502504,-0.1336581260,0.0907027572,0.9700756073,0.2252244651,0.1158208475,-0.2348984033,0.9650920630,1,-55.5,60.4,1915.6,1,0.2510166168,-0.8706769347,-0.4229803085,0.9069419503,0.0588285923,0.4171276689,-0.3383001089,-0.4883245826,0.8044203520,1,-205.3,239.0,1853.2,1,0.0036707930,-0.8688417673,-0.4950760901,0.9981006384,0.0336277001,-0.0516149588,0.0614935048,-0.4939463139,0.8673151135,1,-270.1,5.0,1940.5,1,0.2661447525,0.4966617227,0.8261320591,-0.9350031018,-0.0753795132,0.3465358019,0.2343844771,-0.8646647334,0.4443184137,1,70.0,264.3,1885.4,1,-0.1172185317,0.4992920756,0.8584679961,-0.9929608703,-0.0441385880,-0.1099113524,-0.0169863012,-0.8653088212,0.5009513497,1,143.7,5.4,1950.3,1,0.9999989867,0.0002014914,-0.0014268016,-0.0002016037,1.0000000000,-0.0000785062,0.0014267857,0.0000787938,0.9999989867,0,-133.4,-139.2,1951.4,1,0.9971386790,0.0070677213,-0.0752630085,-0.0070852106,0.9999749064,0.0000346313,0.0752613693,0.0004987220,0.9971637130,0,-133.5,-533.6,1951.4,0,0.9842901230,0.0844760686,0.1550380290,-0.0791147947,0.9960448146,-0.0404419899,-0.1578412056,0.0275408477,0.9870803952,0,46.6,-122.7,1972.5,1,0.6968994141,0.0008688081,0.7171682715,-0.0047229459,0.9999831319,0.0033780416,-0.7171532512,-0.0057413024,0.6968917847,0,13.3,-515.5,1961.6,0,-271.0,-252.3,1924.6,1,113.6,-249.6,1946.0,1,-136.2,-912.8,1951.2,0,12.9,-894.7,1963.8,0,
5,0.9868483543,-0.0652005598,-0.1478646696,0.1044886410,0.9554468393,0.2760489881,0.1232806370,-0.2878721356,0.9496978521,1,-79.8,445.2,1812.3,1,0.9868483543,-0.0652005598,-0.1478646696,0.1044886410,0.9554468393,0.2760489881,0.1232806370,-0.2878721356,0.9496978521,1,-66.5,250.3,1871.0,1,0.9875783920,-0.0634874105,-0.1436766535,0.0935511962,0.9724959731,0.2133061141,0.1261852086,-0.2241004258,0.9663594961,1,-54.0,58.6,1915.2,1,0.2569568455,-0.8666777611,-0.4276014268,0.9042884111,0.0595308691,0.4227512181,-0.3409335613,-0.4953038096,0.7990234494,1,-203.9,237.3,1853.4,1,0.0025763982,-0.8651496172,-0.5015071034,0.9991133809,0.0233003255,-0.0350626335,0.0420196988,-0.5009720922,0.8644427657,1,-269.7,5.7,1940.7,1,0.2542738318,0.5054543018,0.8245366812,-0.9417800307,-0.0645192266,0.3299811780,0.2199888676,-0.8604377508,0.4596212506,1,71.0,263.3,1888.6,1,-0.1000838652,0.5076817870,0.8557116985,-0.9947564006,-0.0328637436,-0.0968489051,-0.0210465323,-0.8609176874,0.5083087683,1,143.4,-4.8,1951.2,1,0.9999993443,0.0001612021,-0.0011414401,-0.0001612740,1.0000000000,-0.0000628280,0.0011414299,0.0000630120,0.9999993443,0,-131.3,-141.7,1947.9,1,0.9976820946,0.0063628852,-0.0677488670,-0.0063770525,0.9999796748,0.0000071488,0.0677475408,0.0004249059,0.9977024198,0,-131.4,-536.1,1947.9,0,0.9899358153,0.0672822967,0.1244998872,-0.0638477132,0.9974662066,-0.0313790254,-0.1262956858,0.0231141876,0.9917232990,0,48.4,-124.7,1970.9,1,0.7519650459,0.0009929300,0.6592023373,-0.0041468698,0.9999862313,0.0032241775,-0.6591900587,-0.0051580947,0.7519587874,0,21.9,-518.1,1961.7,0,-270.4,-251.9,1929.9,1,117.6,-260.8,1945.8,1,-133.8,-915.3,1947.7,0,21.5,-897.3,1963.7,0,
6,0.9870114923,-0.0646850839,-0.1469999403,0.1021238789,0.9592090845,0.2636059225,0.1239547059,-0.2751976252,0.9533603787,1,-80.0,444.4,1815.4,1,0.9870114923,-0.0646850839,-0.1469999403,0.1021238789,0.9592090845,0.2636059225,0.1239547059,-0.2751976252,0.9533603787,1,-66.8,249.3,1871.4,1,0.9876408577,-0.0634221658,-0.1432754993,0.0926260799,0.9738597274,0.2074062079,0.1263785958,-0.2181166559,0.9677023888,1,-54.3,57.3,1914.4,1,0.2544080019,-0.8679265976,-0.4265910983,0.9055177569,0.0588953942,0.4202011228,-0.3395794928,-0.4931883216,0.8009063601,1,-204.3,236.4,1853.8,1,0.0043277228,-0.8662734628,-0.4995512664,0.9987038374,0.0290784650,-0.0417730734,0.0507130884,-0.4987230003,0.8652765155,1,-269.6,4.2,1940.9,1,0.2631321251,0.5044620633,0.8223622441,-0.9402158260,-0.0569594055,0.3357824981,0.2162307799,-0.8615531921,0.4593153298,1,70.6,262.2,1889.0,1,-0.0956769064,0.5062071681,0.8570882678,-0.9951301813,-0.0281367172,-0.0944686458,-0.0237050522,-0.8619528413,0.5064340234,1,143.1,3.1,1948.6,1,0.9999995828,0.0001289675,-0.0009131514,-0.0001290134,1.0000000000,-0.0000502771,0.0009131448,0.0000503949,0.9999995828,0,-131.7,-143.2,1945.9,1,0.9981223941,0.0057280697,-0.0609828196,-0.0057395464,0.9999835491,-0.0000130235,0.0609817393,0.0003630127,0.9981388450,0,-131.8,-537.6,1945.9,0,0.9935548902,0.0536176562,0.0998692364,-0.0514181405,0.9983773828,-0.0244710725,-0.1010192633,0.0191782620,0.9946995974,0,48.0,-126.3,1968.9,1,0.7974237204,0.0010644798,0.6034187675,-0.0036403802,0.9999887347,0.0030467357,-0.6034087539,-0.0046262131,0.7974185944,0,26.9,-520.1,1961.3,0,-270.7,-253.3,1927.8,1,118.5,-253.3,1942.5,1,-133.9,-916.8,1945.7,0,26.5,-899.3,1963.1,0,
7,0.9875372648,-0.0640426800,-0.1437132210,0.1018308699,0.9564647079,0.2735053301,0.1199429855,-0.2847346067,0.9510701895,1,-80.2,444.4,1812.4,1,0.9875372648,-0.0640426800,-0.1437132210,0.1018308699,0.9564647079,0.2735053301,0.1199429855,-0.2847346067,0.9510701895,1,-67.1,249.4,1870.5,1,0.9882249236,-0.0620442294,-0.1398099512,0.0913099647,0.9726033211,0.2137871534,0.1227178499,-0.2240386307,0.9668202400,1,-54.9,57.7,1914.7,1,0.2517085075,-0.8693590760,-0.4252736270,0.9062855244,0.0575666279,0.4187273681,-0.3395428658,-0.4908165932,0.8023775816,1,-204.6,236.7,1853.4,1,0.0042865202,-0.8675291538,-0.4973679483,0.9982006550,0.0334596299,-0.0497587286,0.0598088913,-0.4962597191,0.8661115766,1,-269.5,3.2,1940.9,1,0.2618401647,0.5004038215,0.8252487779,-0.9406410456,-0.0590092912,0.3342338204,0.2159492671,-0.8637787104,0.4552493989,1,70.4,262.1,1887.6,1,-0.0938194618,0.5023392439,0.8595657945,-0.9953225255,-0.0273403302,-0.0926589966,-0.0230454355,-0.8642384410,0.5025545359,1,142.3,4.1,1946.8,1,0.9999997020,0.0001031777,-0.0007305206,-0.0001032071,1.0000000000,-0.0000402311,0.0007305164,0.0000403065,0.9999997616,0,-132.6,-142.4,1947.7,1,0.9984790683,0.0051563876,-0.0548909605,-0.0051656840,0.9999866486,-0.0000274825,0.0548900887,0.0003109900,0.9984923601,0,-132.6,-536.8,1947.7,0,0.9958734512,0.0427522175,0.0800518319,-0.0413439609,0.9989610910,-0.0191681478,-0.0807881430,0.0157793891,0.9966064095,0,47.3,-125.8,1970.0,1,0.8348124027,0.0010960195,0.5505334735,-0.0031964970,0.9999908209,0.0028562581,-0.5505252481,-0.0041442183,0.8348082304,0,30.4,-519.8,1963.8,0,-270.6,-254.2,1925.5,1,118.1,-252.5,1940.9,1,-134.6,-916.1,1947.5,0,30.0,-899.0,1965.4,0,
8,0.9876797795,-0.0599905550,-0.1444803923,0.1004865170,0.9511224627,0.2920066118,0.1199032813,-0.3029308915,0.9454367757,1,-78.6,442.2,1807.5,1,0.9876797795,-0.0599905550,-0.1444803923,0.1004865170,0.9511224627,0.2920066118,0.1199032813,-0.3029308915,0.9454367757,1,-66.3,248.7,1869.1,1,0.9883366823,-0.0589278936,-0.1403670311,0.0898737460,0.9700764418,0.2255527526,0.1228778958,-0.2355402112,0.9640623331,1,-54.7,57.4,1915.6,1,0.2553686202,-0.8677917719,-0.4262913764,0.9034281373,0.0571202785,0.4249175787,-0.3443900645,-0.4936342239,0.7985742092,1,-203.9,236.2,1852.0,1,0.0062716077,-0.8658915758,-0.5001925230,0.9981966019,0.0352841169,-0.0485651493,0.0597009920,-0.4989858866,0.8645513058,1,-269.5,4.0,1940.5,1,0.2523669899,0.5011050701,0.8277708292,-0.9415853024,-0.0699725375,0.3294252455,0.2229979187,-0.8625529408,0.4541744292,1,71.2,261.2,1886.2,1,-0.0955487862,0.5058008432,0.8573423624,-0.9946838617,-0.0152918249,-0.1018335670,-0.0383971743,-0.8625147343,0.5045731068,1,142.1,-3.4,1948.9,1,0.9999998212,0.0000825445,-0.0005844161,-0.0000825633,1.0000000000,-0.0000321909,0.0005844135,0.0000322392,0.9999998212,0,-133.1,-142.1,1950.8,1,0.9987679720,0.0046416232,-0.0494066812,-0.0046491539,0.9999892116,-0.0000375011,0.0494059734,0.0002671541,0.9987787604,0,-133.1,-536.5,1950.8,0,0.9973583221,0.0341065563,0.0641334578,-0.0332050435,0.9993349314,-0.0150709013,-0.0646048263,0.0129015343,0.9978275299,0,46.8,-125.7,1973.2,1,0.8654722571,0.0010976726,0.5009555817,-0.0028082880,0.9999924898,0.0026605765,-0.5009489059,-0.0037094827,0.8654688597,0,33.4,-519.8,1968.1,0,-271.1,-253.4,1925.1,1,117.6,-258.7,1939.0,1,-134.8,-915.7,1950.7,0,33.0,-899.1,1969.5,0,
9,0.9872499704,-0.0604712889,-0.1471918821,0.1015714556,0.9515166283,0.2903425992,0.1225005090,-0.3015948236,0.9455309510,1,-78.6,443.8,1807.5,1,0.9872499704,-0.0604712889,-0.1471918821,0.1015714556,0.9515166283,0.2903425992,0.1225005090,-0.3015948236,0.9455309510,1,-66.3,249.9,1869.0,1,0.9880077839,-0.0581206605,-0.1429944932,0.0892877579,0.9708806276,0.2223021090,0.1259127408,-0.2324067056,0.9644311070,1,-54.8,58.4,1914.8,1,0.2548059523,-0.8671999574,-0.4278297722,0.9037266374,0.0561570227,0.4244108498,-0.3440233469,-0.4947835803,0.7980208397,1,-203.8,237.5,1851.5,1,0.0050529302,-0.8653026223,-0.5012242794,0.9981926084,0.0343803130,-0.0492904671,0.0598834231,-0.5000692606,0.8639123440,1,-269.5,4.3,1940.2,1,0.2468196899,0.5034512281,0.8280197382,-0.9442795515,-0.0670503676,0.3222427070,0.2177525610,-0.8614179492,0.4588493705,1,71.2,262.3,1886.5,1,-0.0969578326,0.5074316859,0.8562197089,-0.9946655631,-0.0189692248,-0.1013933867,-0.0352083966,-0.8614831567,0.5065640211,1,142.1,-8.7,1949.0,1,0.9999998808,0.0000660371,-0.0004675327,-0.0000660491,1.0000000000,-0.0000257566,0.0004675310,0.0000257875,0.9999998808,0,-133.3,-141.1,1949.2,1,0.9990020394,0.0041781175,-0.0444693603,-0.0041842177,0.9999912381,-0.0000440926,0.0444687866,0.0002301180,0.9990107417,0,-133.3,-535.5,1949.2,0,0.9983090758,0.0272220112,0.0513613597,-0.0266449489,0.9995743036,-0.0118869580,-0.0516630784,0.0104983374,0.9986093640,0,46.6,-124.9,1972.1,1,0.8905545473,0.0010774985,0.4548752606,-0.0024691753,0.9999939203,0.0024653864,-0.4548698366,-0.0033187279,0.8905517459,0,35.8,-519.1,1968.0,0,-270.8,-253.1,1924.8,1,117.3,-263.2,1940.0,1,-134.9,-914.7,1949.1,0,35.4,-898.3,1969.2,0,
10,0.9880440831,-0.0593843684,-0.1422223747,0.0994172469,0.9507148266,0.2936957479,0.1177743152,-0.3043273091,0.9452558160,1,-79.1,443.4,1806.0,1,0.9880440831,-0.0593843684,-0.1422223747,0.0994172469,0.9507148266,0.2936957479,0.1177743152,-0.3043273091,0.9452558160,1,-66.9,249.5,1868.1,1,0.9886626601,-0.0589212142,-0.1380551606,0.0893741623,0.9700092673,0.2260399759,0.1205987111,-0.2358187139,0.9642819762,1,-55.3,58.2,1914.6,1,0.2527771592,-0.8698522449,-0.4236281216,0.9023066163,0.0539081395,0.4277109504,-0.3492083251,-0.4903580248,0.7985001802,1,-204.5,237.0,1851.3,1,0.0063972990,-0.8680413365,-0.4964508414,0.9979633093,0.0370531902,-0.0519274510,0.0634702593,-0.4951075315,0.8665103316,1,-269.5,5.1,1941.0,1,0.2458998561,0.5016828775,0.8293657899,-0.9413211942,-0.0804803222,0.3277762234,0.2311873287,-0.8612997532,0.4524546564,1,70.6,261.9,1884.8,1,-0.0971562862,0.5079829097,0.8558703065,-0.9944296479,-0.0142331496,-0.1044374108,-0.0408706963,-0.8612495661,0.5065360665,1,142.0,-11.4,1952.0,1,0.9999999404,0.0000528306,-0.0003740261,-0.0000528384,1.0000000000,-0.0000206078,0.0003740250,0.0000206275,0.9999999404,0,-133.7,-141.2,1950.1,1,0.9991915822,0.0037608189,-0.0400249362,-0.0037657600,0.9999929070,-0.0000480598,0.0400244743,0.0001987453,0.9991986752,0,-133.7,-535.6,1950.1,0,0.9989176989,0.0217360426,0.0411219671,-0.0213666800,0.9997274876,-0.0094004273,-0.0413150936,0.0085116141,0.9991099238,0,46.3,-124.9,1972.0,1,0.9110345244,0.0010418405,0.4123288095,-0.0021730997,0.9999950528,0.0022747223,-0.4123243988,-0.0029683821,0.9110322595,0,37.7,-519.2,1968.7,0,-271.2,-252.3,1924.7,1,117.2,-265.8,1941.5,1,-135.1,-914.8,1950.0,0,37.3,-898.5,1969.8,0,
11,0.9877596498,-0.0610846728,-0.1434723139,0.1010377333,0.9515309334,0.2904819846,0.1187766939,-0.3014261127,0.9460596442,1,-79.2,445.8,1807.3,1,0.9877596498,-0.0610846728,-0.1434723139,0.1010377333,0.9515309334,0.2904819846,0.1187766939,-0.3014261127,0.9460596442,1,-66.8,251.3,1868.9,1,0.9884126782,-0.0606716201,-0.1390832961,0.0907267630,0.9710037112,0.2211791873,0.1216335744,-0.2312377393,0.9652609229,1,-54.8,59.8,1914.5,1,0.2525933981,-0.8691853285,-0.4251039028,0.9046019316,0.0562326461,0.4225317836,-0.3433537185,-0.4912785590,0.8004708290,1,-204.3,238.7,1852.0,1,0.0100632524,-0.8673511744,-0.4975948930,0.9979669452,0.0400306061,-0.0495941639,0.0629345849,-0.4960841835,0.8659905791,1,-269.6,5.1,1940.6,1,0.2429368347,0.5023375750,0.8298425674,-0.9437784553,-0.0753172040,0.3218842447,0.2241959572,-0.8613850474,0.4557980895,1,70.8,263.9,1885.8,1,-0.0978233740,0.5079953671,0.8557868600,-0.9943562746,-0.0144088008,-0.1051098853,-0.0410644785,-0.8612392545,0.5065378547,1,142.0,-12.7,1951.5,1,0.9999999404,0.0000422651,-0.0002992208,-0.0000422701,1.0000000000,-0.0000164878,0.0002992201,0.0000165004,0.9999999404,0,-132.8,-139.9,1949.0,1,0.9993451834,0.0033851243,-0.0360241756,-0.0033891266,0.9999942780,-0.0000500388,0.0360237956,0.0001720966,0.9993509054,0,-132.8,-534.3,1949.0,0,0.9993072748,0.0173616912,0.0329176039,-0.0171252806,0.9998255968,-0.0074502546,-0.0330412090,0.0068813702,0.9994302988,0,47.1,-123.4,1971.2,1,0.9277309775,0.0009956388,0.3732482195,-0.0019145906,0.9999960065,0.0020913433,-0.3732446432,-0.0026548214,0.9277291298,0,40.3,-517.7,1968.5,0,-272.1,-252.3,1924.4,1,117.0,-267.0,1941.0,1,-134.1,-913.5,1949.0,0,39.9,-896.9,1969.5,0,
12,0.9882362485,-0.0610041544,-0.1401872039,0.0992671102,0.9534091353,0.2848799229,0.1162792295,-0.2954481840,0.9482530951,1,-79.8,445.3,1808.9,1,0.9882362485,-0.0610041544,-0.1401872039,0.0992671102,0.9534091353,0.2848799229,0.1162792295,-0.2954481840,0.9482530951,1,-67.3,251.0,1869.1,1,0.9888005257,-0.0615021363,-0.1359258294,0.0903992429,0.9717725515,0.2179125696,0.1186893582,-0.2277624905,0.9664529562,1,-55.2,59.4,1914.1,1,0.2571282387,-0.8694700599,-0.4217898548,0.9042758942,0.0625377148,0.4223434925,-0.3408372700,-0.4900108278,0.8023211360,1,-205.0,238.4,1852.6,1,0.0102818096,-0.8678447604,-0.4967290759,0.9981859922,0.0383774117,-0.0463884138,0.0593211204,-0.4953510463,0.8666650653,1,-271.1,5.9,1940.3,1,0.2593765855,0.4985704422,0.8271343708,-0.9393157363,-0.0688727722,0.3360692263,0.2245212346,-0.8641088009,0.4504510462,1,70.3,263.6,1885.7,1,-0.0993387103,0.5032318234,0.8584226370,-0.9942686558,-0.0159376115,-0.1057160348,-0.0395184718,-0.8640044332,0.5019308329,1,143.3,-0.8,1948.9,1,1.0000000000,0.0000338125,-0.0002393765,-0.0000338157,1.0000000000,-0.0000131912,0.0002393761,0.0000131993,1.0000000000,0,-133.1,-140.5,1948.2,1,0.9994695783,0.0030469319,-0.0324232318,-0.0030501739,0.9999953508,-0.0000505307,0.0324229263,0.0001494004,0.9994742274,0,-133.1,-534.9,1948.2,0,0.9995566607,0.0138715003,0.0263459943,-0.0137201939,0.9998883605,-0.0059151375,-0.0264251046,0.0055510425,0.9996353984,0,46.9,-124.0,1969.8,1,0.9413260221,0.0009426990,0.3374973536,-0.0016887804,0.9999967217,0.0019170427,-0.3374944329,-0.0023745210,0.9413245320,0,41.4,-518.4,1967.6,0,-273.7,-251.5,1925.0,1,117.8,-256.1,1938.7,1,-134.3,-914.1,1948.1,0,41.1,-897.6,1968.5,0,
13,0.9877343178,-0.0628469810,-0.1428845823,0.1016936004,0.9535434246,0.2835717499,0.1184273511,-0.2946275473,0.9482426047,1,-80.1,445.6,1808.8,1,0.9877343178,-0.0628469810,-0.1428845823,0.1016936004,0.9535434246,0.2835717499,0.1184273511,-0.2946275473,0.9482426047,1,-67.2,251.3,1868.8,1,0.9883993268,-0.0621049516,-0.1385443658,0.0914455205,0.9719481468,0.2166895866,0.1212029010,-0.2268479466,0.9663560987,1,-55.0,59.6,1913.5,1,0.2627036273,-0.8676737547,-0.4220534563,0.9011921287,0.0643658787,0.4286137521,-0.3447309732,-0.4929496348,0.7988499403,1,-204.8,238.5,1851.9,1,0.0085740499,-0.8660182953,-0.4999387562,0.9981002212,0.0379163325,-0.0485628992,0.0610122047,-0.4985726178,0.8646981120,1,-272.4,6.5,1940.7,1,0.2524807453,0.5009717941,0.8278167248,-0.9420298338,-0.0681222752,0.3285409510,0.2209825516,-0.8627783060,0.4547308087,1,70.3,264.0,1885.7,1,-0.1038121283,0.5068095326,0.8557845950,-0.9932594299,-0.0082203522,-0.1156204939,-0.0515627116,-0.8620189428,0.5042467117,1,142.1,-3.9,1948.5,1,1.0000000000,0.0000270503,-0.0001915012,-0.0000270523,1.0000000000,-0.0000105536,0.0001915009,0.0000105588,1.0000000000,0,-132.7,-140.4,1947.3,1,0.9995703697,0.0027424865,-0.0291819833,-0.0027451129,0.9999962449,-0.0000499292,0.0291817375,0.0001300155,0.9995741248,0,-132.7,-534.8,1947.2,0,0.9997162223,0.0110857869,0.0210844427,-0.0109889479,0.9999285340,-0.0047032735,-0.0211350769,0.0044702427,0.9997666478,0,47.2,-123.7,1969.3,1,0.9523846507,0.0008859190,0.3048978150,-0.0014913818,0.9999973774,0.0017528901,-0.3048954308,-0.0021241447,0.9523834586,0,42.8,-518.1,1967.6,0,-274.7,-250.9,1925.0,1,115.5,-258.0,1935.3,1,-133.8,-914.0,1947.2,0,42.5,-897.3,1968.4,0,
14,0.9866550565,-0.0584206656,-0.1519331336,0.0995888263,0.9549585581,0.2795280516,0.1287620068,-0.2909321189,0.9480364919,1,-76.8,443.3,1809.6,1,0.9866550565,-0.0584206656,-0.1519331336,0.0995888263,0.9549585581,0.2795280516,0.1287620068,-0.2909321189,0.9480364919,1,-64.9,248.8,1868.9,1,0.9871466160,-0.0600243136,-0.1480657160,0.0915915221,0.9719518423,0.2166114748,0.1309133023,-0.2273916900,0.9649605751,1,-53.1,57.1,1913.7,1,0.2750123739,-0.8620886207,-0.4256421030,0.8941388726,0.0666074157,0.4428081214,-0.3533889353,-0.5023608208,0.7891449332,1,-202.3,236.0,1850.7,1,0.0017622131,-0.8602204919,-0.5099194050,0.9977396727,0.0357662886,-0.0568887182,0.0671747550,-0.5086665750,0.8583391309,1,-272.9,6.4,1941.4,1,0.2358219475,0.5082026720,0.8283224702,-0.9489729404,-0.0632167310,0.3089563847,0.2093763053,-0.8589143157,0.4673626423,1,72.5,261.5,1887.1,1,-0.1041763872,0.5126776099,0.8522375822,-0.9935095310,-0.0142919309,-0.1128477231,-0.0456743799,-0.8584622145,0.5108389258,1,138.6,-4.4,1945.8,1,1.0000000000,0.0000216404,-0.0001532009,-0.0000216417,1.0000000000,-0.0000084433,0.0001532008,0.0000084466,1.0000000000,0,-131.1,-142.9,1946.6,1,0.9996519685,0.0024684307,-0.0262645651,-0.0024705578,0.9999969602,-0.0000485419,0.0262643639,0.0001134132,0.9996550083,0,-131.1,-537.3,1946.6,0,0.9998183846,0.0088612372,0.0168722793,-0.0087992577,0.9999542832,-0.0037441251,-0.0169046856,0.0035949817,0.9998506308,0,48.6,-126.2,1970.5,1,0.9613727927,0.0008274757,0.2752483189,-0.0013186478,0.9999978542,0.0015994218,-0.2752464116,-0.0019005962,0.9613718390,0,45.1,-520.6,1969.1,0,-273.4,-250.9,1924.1,1,111.7,-260.3,1934.0,1,-132.0,-916.5,1946.6,0,44.8,-899.8,1969.8,0,
15,0.9869080782,-0.0603148900,-0.1495309919,0.1002471521,0.9558993578,0.2760554850,0.1262886822,-0.2874349356,0.9494349957,1,-77.0,444.4,1810.6,1,0.9869080782,-0.0603148900,-0.1495309919,0.1002471521,0.9558993578,0.2760554850,0.1262886822,-0.2874349356,0.9494349957,1,-64.7,249.6,1869.2,1,0.9874544740,-0.0609697402,-0.1456064582,0.0915584117,0.9726096392,0.2136527896,0.1285943836,-0.2243067175,0.9659938812,1,-52.7,57.8,1913.4,1,0.2699380815,-0.8639361858,-0.4251441360,0.8977062702,0.0661286265,0.4356033802,-0.3482193053,-0.4992405176,0.7934116721,1,-202.1,236.9,1851.3,1,0.0062091844,-0.8623550534,-0.5062660575,0.9983705282,0.0340655223,-0.0457812734,0.0567259304,-0.5051568747,0.8611612916,1,-271.5,6.3,1940.7,1,0.2419508845,0.5064622760,0.8276205659,-0.9470163584,-0.0624299124,0.3150596321,0.2112340927,-0.8599991798,0.4645230472,1,72.7,262.4,1887.1,1,-0.1079542115,0.5104048252,0.8531311750,-0.9932512045,-0.0187719874,-0.1144540682,-0.0424029455,-0.8597293496,0.5089867115,1,139.9,-0.7,1945.8,1,1.0000000000,0.0000173124,-0.0001225608,-0.0000173132,1.0000000000,-0.0000067549,0.0001225606,0.0000067570,1.0000000000,0,-130.5,-142.3,1945.9,1,0.9997180700,0.0022217378,-0.0236386787,-0.0022234607,0.9999975562,-0.0000466083,0.0236385185,0.0000991548,0.9997205734,0,-130.5,-536.7,1945.9,0,0.9998837709,0.0070842109,0.0135007594,-0.0070445440,0.9999707341,-0.0029834444,-0.0135214999,0.0028879908,0.9999043941,0,49.2,-125.6,1969.4,1,0.9686733484,0.0007689779,0.2483370900,-0.0011673181,0.9999982715,0.0014567837,-0.2483355403,-0.0017010359,0.9686725736,0,46.4,-520.0,1968.2,0,-273.1,-251.1,1926.1,1,112.0,-257.3,1934.8,1,-131.4,-915.9,1945.9,0,46.1,-899.3,1968.9,0,
16,0.9870140553,-0.0629717186,-0.1477249712,0.1009950042,0.9586277008,0.2661443353,0.1248560548,-0.2776111364,0.9525426030,1,-79.0,444.7,1812.6,1,0.9870140553,-0.0629717186,-0.1477249712,0.1009950042,0.9586277008,0.2661443353,0.1248560548,-0.2776111364,0.9525426030,1,-66.2,249.5,1869.1,1,0.9875608087,-0.0630370602,-0.1439961493,0.0926117077,0.9735273123,0.2089682072,0.1270139217,-0.2197073549,0.9672591686,1,-53.7,57.5,1912.5,1,0.2688626349,-0.8654189110,-0.4228037894,0.8974877596,0.0657629520,0.4361087680,-0.3496119380,-0.4967145920,0.7943841219,1,-203.6,236.6,1851.5,1,0.0089765433,-0.8639040589,-0.5035764575,0.9984756708,0.0351699442,-0.0425369330,0.0544585772,-0.5024270415,0.8629029393,1,-272.4,6.8,1941.0,1,0.2527313828,0.5037518144,0.8260514736,-0.9452598095,-0.0535951927,0.3218873441,0.2064237148,-0.8621842861,0.4626311660,1,71.3,262.4,1886.8,1,-0.1064637527,0.5054566264,0.8562586904,-0.9938277006,-0.0270942394,-0.1075745821,-0.0311746076,-0.8624264002,0.5052214265,1,140.4,3.9,1943.3,1,1.0000000000,0.0000138500,-0.0000980486,-0.0000138505,1.0000000000,-0.0000054041,0.0000980485,0.0000054055,1.0000000000,0,-131.2,-142.9,1944.2,1,0.9997716546,0.0019996816,-0.0212752298,-0.0020010772,0.9999979734,-0.0000443131,0.0212750994,0.0000868764,0.9997736812,0,-131.2,-537.3,1944.2,0,0.9999256134,0.0056642871,0.0108024422,-0.0056389002,0.9999812841,-0.0023791578,-0.0108157154,0.0023180668,0.9999388456,0,48.6,-126.1,1967.4,1,0.9746000767,0.0007115905,0.2239512652,-0.0010345684,0.9999985695,0.0013248458,-0.2239500135,-0.0015228878,0.9745994210,0,46.4,-520.4,1966.4,0,-274.7,-250.6,1926.9,1,112.9,-253.3,1935.2,1,-131.9,-916.5,1944.2,0,46.1,-899.7,1967.0,0,
17,0.9877011180,-0.0561024062,-0.1458902806,0.0941141918,0.9586700797,0.2685034275,0.1247993112,-0.2789349258,0.9521631598,1,-77.4,445.4,1812.0,1,0.9877011180,-0.0561024062,-0.1458902806,0.0941141918,0.9586700797,0.2685034275,0.1247993112,-0.2789349258,0.9521631598,1,-66.0,250.4,1868.8,1,0.9880393147,-0.0589199774,-0.1424488723,0.0884326324,0.9735442400,0.2106926292,0.1262687445,-0.2207725346,0.9671141505,1,-54.4,58.4,1912.3,1,0.2737537622,-0.8654626608,-0.4195631742,0.8945966959,0.0689233392,0.4415273368,-0.3532077372,-0.4962096214,0.7931079865,1,-203.5,238.1,1851.2,1,0.0082834009,-0.8640513420,-0.5033354759,0.9985107183,0.0342904553,-0.0424322337,0.0539232343,-0.5022343993,0.8630485535,1,-274.1,7.4,1942.3,1,0.2605759799,0.5019414425,0.8247150779,-0.9424645901,-0.0530533791,0.3300695419,0.2094294876,-0.8632729650,0.4592375755,1,71.5,262.7,1886.4,1,-0.1078937799,0.5029650331,0.8575459719,-0.9938302040,-0.0322702713,-0.1061135978,-0.0256981850,-0.8637040854,0.5033436418,1,141.5,9.6,1942.6,1,1.0000000000,0.0000110800,-0.0000784389,-0.0000110804,1.0000000000,-0.0000043234,0.0000784388,0.0000043243,1.0000000000,0,-132.7,-141.6,1944.4,1,0.9998150468,0.0017998049,-0.0191480070,-0.0018009355,0.9999983907,-0.0000417979,0.0191478990,0.0000762745,0.9998166561,0,-132.7,-536.0,1944.4,0,0.9999523759,0.0045294468,0.0086431066,-0.0045131990,0.9999880195,-0.0018984592,-0.0086516021,0.0018593606,0.9999608397,0,47.1,-125.5,1967.4,1,0.9794093966,0.0006561341,0.2018830031,-0.0009179579,0.9999988675,0.0012032868,-0.2018819898,-0.0013638305,0.9794089198,0,45.3,-519.9,1966.6,0,-276.3,-250.1,1928.4,1,113.5,-247.8,1936.0,1,-133.4,-915.3,1944.3,0,45.1,-899.2,1967.1,0,
18,0.9878296852,-0.0575716086,-0.1444398463,0.0958926082,0.9568121433,0.2744355798,0.1224044636,-0.2849498093,0.9506919980,1,-77.6,447.4,1810.2,1,0.9878296852,-0.0575716086,-0.1444398463,0.0958926082,0.9568121433,0.2744355798,0.1224044636,-0.2849498093,0.9506919980,1,-65.8,252.2,1868.4,1,0.9883248210,-0.0580672473,-0.1408088505,0.0876301527,0.9729297757,0.2138424814,0.1245823428,-0.2236877382,0.9666629434,1,-54.4,60.3,1912.5,1,0.2722555697,-0.8663185835,-0.4187709689,0.8946476579,0.0676851869,0.4416157007,-0.3542352915,-0.4948848188,0.7934774160,1,-203.4,240.0,1851.0,1,0.0099763572,-0.8646721244,-0.5022376776,0.9979170561,0.0406220295,-0.0501140393,0.0637341216,-0.5006915927,0.8632763028,1,-273.9,8.3,1942.7,1,0.2492612302,0.5018140674,0.8282822371,-0.9450729489,-0.0606884137,0.3211759627,0.2114377618,-0.8628438711,0.4591236711,1,71.7,264.4,1885.7,1,-0.0981594250,0.5047845244,0.8576464057,-0.9946343303,-0.0214705057,-0.1012010872,-0.0326706357,-0.8629783988,0.5041834712,1,140.7,2.8,1944.2,1,1.0000000000,0.0000088641,-0.0000627511,-0.0000088643,1.0000000000,-0.0000034588,0.0000627511,0.0000034593,1.0000000000,0,-132.9,-139.5,1945.2,1,0.9998501539,0.0016198959,-0.0172334183,-0.0016208116,0.9999986887,-0.0000391701,0.0172333326,0.0000670964,0.9998514652,0,-132.9,-533.9,1945.2,0,0.9999695420,0.0036222811,0.0069152098,-0.0036118825,0.9999923110,-0.0015156493,-0.0069206469,0.0014906263,0.9999749660,0,47.0,-123.5,1967.9,1,0.9833106995,0.0006031633,0.1819331944,-0.0008153793,0.9999990463,0.0010916565,-0.1819323599,-0.0012217821,0.9833102822,0,45.6,-517.9,1967.3,0,-276.4,-249.0,1926.3,1,115.4,-253.8,1935.8,1,-133.5,-913.1,1945.2,0,45.4,-897.2,1967.8,0,
19,0.9875279665,-0.0556342565,-0.1472350657,0.0950298682,0.9564579129,0.2759661674,0.1254733503,-0.2865194976,0.9498196840,1,-77.0,447.1,1809.9,1,0.9875279665,-0.0556342565,-0.1472350657,0.0950298682,0.9564579129,0.2759661674,0.1254733503,-0.2865194976,0.9498196840,1,-65.6,252.4,1868.2,1,0.9879605174,-0.0575041063,-0.1435694396,0.0876535326,0.9730134010,0.2134519666,0.1274231076,-0.2234692872,0.9663431048,1,-54.3,60.5,1912.3,1,0.2719325721,-0.8649737239,-0.4217500985,0.8959410191,0.0676193833,0.4389957786,-0.3512013853,-0.4972404540,0.7933533192,1,-203.1,240.2,1850.5,1,0.0103413053,-0.8636486530,-0.5039882064,0.9987390041,0.0336829051,-0.0372269228,0.0491267629,-0.5029677153,0.8629079461,1,-273.3,8.8,1941.2,1,0.2448453158,0.5028612018,0.8289639950,-0.9480499029,-0.0549344122,0.3133427799,0.2031066120,-0.8626197577,0.4632870257,1,71.9,264.6,1885.9,1,-0.1035064384,0.5046376586,0.8571038842,-0.9942039847,-0.0273120776,-0.1039825082,-0.0290642008,-0.8628989458,0.5045397878,1,140.9,-2.6,1943.2,1,1.0000000000,0.0000070913,-0.0000502009,-0.0000070914,1.0000000000,-0.0000027671,0.0000502009,0.0000027674,1.0000000000,0,-132.9,-139.3,1944.7,1,0.9998786449,0.0014579630,-0.0155102359,-0.0014587048,0.9999989271,-0.0000365102,0.0155101670,0.0000591307,0.9998797178,0,-132.9,-533.7,1944.7,0,0.9999805093,0.0028970058,0.0055326275,-0.0028903505,0.9999951124,-0.0012105228,-0.0055361069,0.0011945080,0.9999839664,0,47.0,-123.4,1967.9,1,0.9864745140,0.0005530294,0.1639138162,-0.0007250156,0.9999992251,0.0009894248,-0.1639131606,-0.0010948824,0.9864741564,0,45.8,-517.8,1967.5,0,-276.0,-248.7,1928.5,1,114.3,-257.8,1935.7,1,-133.4,-913.0,1944.7,0,45.6,-897.0,1967.9,0,
20,0.9876322150,-0.0556622781,-0.1465237439,0.0952149183,0.9556313753,0.2787517309,0.1245091110,-0.2892589271,0.9491159320,1,-76.6,447.6,1809.1,1,0.9876322150,-0.0556622781,-0.1465237439,0.0952149183,0.9556313753,0.2787517309,0.1245091110,-0.2892589271,0.9491159320,1,-65.2,253.1,1867.9,1,0.9880456328,-0.0579646379,-0.1427962631,0.0881990567,0.9725126028,0.2154997885,0.1263822913,-0.2255209386,0.9660030603,1,-53.8,61.3,1912.4,1,0.2675726414,-0.8655956984,-0.4232594371,0.8986539245,0.0657170862,0.4337074757,-0.3475999832,-0.4964120090,0.7954552770,1,-202.8,240.8,1850.4,1,0.0209940057,-0.8642672300,-0.5025947690,0.9987415075,0.0410327017,-0.0288415868,0.0455496609,-0.5013567209,0.8640408516,1,-271.7,9.2,1940.0,1,0.2313094735,0.5009297132,0.8340054750,-0.9538683891,-0.0518730134,0.2957096696,0.1913921833,-0.8639318943,0.4658223391,1,72.3,265.4,1885.5,1,-0.0929298401,0.5019358993,0.8598979712,-0.9954729080,-0.0295368806,-0.0903403908,-0.0199463796,-0.8644004464,0.5024083853,1,137.4,-3.3,1939.4,1,1.0000000000,0.0000056730,-0.0000401607,-0.0000056731,1.0000000000,-0.0000022137,0.0000401607,0.0000022139,1.0000000000,0,-132.3,-138.5,1945.4,1,0.9999017119,0.0013122113,-0.0139593286,-0.0013128122,0.9999991655,-0.0000338774,0.0139592728,0.0000522001,0.9999025464,0,-132.3,-532.9,1945.4,0,0.9999875426,0.0023170786,0.0044263927,-0.0023128192,0.9999968410,-0.0009671398,-0.0044286195,0.0009568903,0.9999897480,0,47.5,-122.4,1968.4,1,0.9890396595,0.0005059309,0.1476493776,-0.0006452996,0.9999994040,0.0008960168,-0.1476488411,-0.0009814742,0.9890393615,0,46.6,-516.8,1968.0,0,-277.2,-248.3,1928.2,1,113.4,-260.2,1934.3,1,-132.8,-912.1,1945.4,0,46.4,-896.0,1968.4,0,
21,0.9874950051,-0.0572323129,-0.1468433589,0.0947930589,0.9600511193,0.2632791102,0.1259114444,-0.2739099562,0.9534747005,1,-76.9,451.4,1813.3,1,0.9874950051,-0.0572323129,-0.1468433589,0.0947930589,0.9600511193,0.2632791102,0.1259114444,-0.2739099562,0.9534747005,1,-65.3,256.1,1869.0,1,0.9878898859,-0.0593000948,-0.1433246434,0.0882363841,0.9748069048,0.2048558891,0.1275683641,-0.2150242925,0.9682380557,1,-53.6,63.9,1911.4,1,0.2595399022,-0.8669089675,-0.4255676568,0.9054915309,0.0652465671,0.4193184078,-0.3357440531,-0.4941777587,0.8019128442,1,-202.8,243.9,1851.3,1,0.0215419680,-0.8659128547,-0.4997307956,0.9991464019,0.0362692289,-0.0197754670,0.0352486856,-0.4988782406,0.8659549356,1,-270.2,8.5,1938.5,1,0.2331879586,0.5028359294,0.8323336840,-0.9537846446,-0.0485486537,0.2965433896,0.1895213723,-0.8630174398,0.4682761729,1,72.2,268.4,1886.8,1,-0.1013163626,0.5040917397,0.8576866984,-0.9944066405,-0.0254525095,-0.1025074199,-0.0298428666,-0.8632750511,0.5038508773,1,139.2,-5.6,1941.2,1,1.0000000000,0.0000045384,-0.0000321286,-0.0000045385,1.0000000000,-0.0000017710,0.0000321286,0.0000017711,1.0000000000,0,-131.8,-136.3,1942.2,1,0.9999203682,0.0011810255,-0.0125634819,-0.0011815121,0.9999992847,-0.0000313145,0.0125634354,0.0000461559,0.9999210835,0,-131.8,-530.7,1942.2,0,0.9999920130,0.0018533254,0.0035412984,-0.0018505994,0.9999979734,-0.0007728933,-0.0035427238,0.0007663336,0.9999934435,0,48.0,-120.3,1965.4,1,0.9911190271,0.0004619507,0.1329770088,-0.0005748786,0.9999995232,0.0008108373,-0.1329765618,-0.0008800820,0.9911187887,0,47.3,-514.7,1965.1,0,-275.8,-249.1,1929.4,1,113.2,-261.2,1933.6,1,-132.3,-910.0,1942.2,0,47.1,-893.9,1965.5,0,
22,0.9872287512,-0.0559966937,-0.1490930766,0.0947803035,0.9589014053,0.2674407661,0.1279921532,-0.2781597376,0.9519661069,1,-76.0,450.6,1811.9,1,0.9872287512,-0.0559966937,-0.1490930766,0.0947803035,0.9589014053,0.2674407661,0.1279921532,-0.2781597376,0.9519661069,1,-64.6,255.3,1868.5,1,0.9875727892,-0.0589761697,-0.1456251740,0.0889960304,0.9738266468,0.2091443837,0.1294816583,-0.2195081711,0.9669771194,1,-53.0,63.2,1911.8,1,0.2665826678,-0.8645752668,-0.4259618223,0.9012224078,0.0669370443,0.4281561673,-0.3416605592,-0.4980253577,0.7970187664,1,-202.1,242.9,1850.5,1,0.0152967898,-0.8634222746,-0.5042502284,0.9989649653,0.0348032378,-0.0292888898,0.0428382084,-0.5032802820,0.8630608916,1,-271.1,9.6,1938.9,1,0.2229481786,0.5035150647,0.8347255588,-0.9577025771,-0.0466751680,0.2839492857,0.1819336861,-0.8627247810,0.4718115330,1,72.8,267.6,1886.5,1,-0.0833955333,0.5033506155,0.8600483537,-0.9964882731,-0.0356327370,-0.0757712200,-0.0074936128,-0.8633471131,0.5045546889,1,136.6,-6.3,1938.6,1,1.0000000000,0.0000036307,-0.0000257028,-0.0000036308,1.0000000000,-0.0000014168,0.0000257028,0.0000014169,1.0000000000,0,-131.2,-136.9,1943.3,1,0.9999355078,0.0010629507,-0.0113071948,-0.0010633449,0.9999994636,-0.0000288510,0.0113071576,0.0000408726,0.9999360442,0,-131.2,-531.3,1943.3,0,0.9999948740,0.0014824438,0.0028331557,-0.0014806992,0.9999986887,-0.0006177904,-0.0028340679,0.0006135923,0.9999957681,0,48.5,-120.7,1966.9,1,0.9928043485,0.0004210877,0.1197467968,-0.0005125852,0.9999995828,0.0007332910,-0.1197464392,-0.0007893949,0.9928041697,0,47.9,-515.1,1966.6,0,-275.0,-248.0,1927.9,1,115.0,-264.3,1936.7,1,-131.6,-910.5,1943.3,0,47.8,-894.3,1966.9,0,
23,0.9872832894,-0.0552616715,-0.1490059346,0.0941518992,0.9587343335,0.2682604194,0.1280349940,-0.2788816690,0.9517491460,1,-76.4,448.0,1811.7,1,0.9872832894,-0.0552616715,-0.1490059346,0.0941518992,0.9587343335,0.2682604194,0.1280349940,-0.2788816690,0.9517491460,1,-65.1,253.0,1868.4,1,0.9877272844,-0.0562639832,-0.1456505805,0.0864579603,0.9738459587,0.2101167887,0.1300217360,-0.2201335430,0.9667624831,1,-54.0,61.0,1911.8,1,0.2702208459,-0.8645343781,-0.4237464666,0.8979125023,0.0674531460,0.4349749982,-0.3474678099,-0.4980265796,0.7945034504,1,-202.6,241.0,1850.3,1,0.0089986548,-0.8632460833,-0.5047032237,0.9987996817,0.0320620686,-0.0370308682,0.0481485799,-0.5037641525,0.8624983430,1,-272.2,9.8,1939.7,1,0.2410024852,0.5030677915,0.8299642205,-0.9517086148,-0.0450750887,0.3036757112,0.1901801825,-0.8630706668,0.4679107368,1,72.3,265.0,1886.5,1,-0.0963450819,0.5020636916,0.8594472408,-0.9953262806,-0.0428990684,-0.0865169168,-0.0065675168,-0.8637658954,0.5038503408,1,138.2,4.9,1938.5,1,1.0000000000,0.0000029046,-0.0000205623,-0.0000029046,1.0000000000,-0.0000011334,0.0000205623,0.0000011335,1.0000000000,0,-132.8,-139.0,1943.4,1,0.9999477863,0.0009566778,-0.0101765199,-0.0009569971,0.9999995232,-0.0000265070,0.0101764901,0.0000362446,0.9999482036,0,-132.8,-533.3,1943.4,0,0.9999967217,0.0011858164,0.0022665989,-0.0011846997,0.9999991655,-0.0004938968,-0.0022671828,0.0004912100,0.9999973178,0,46.9,-123.2,1967.0,1,0.9941701889,0.0003832799,0.1078213602,-0.0004574098,0.9999997020,0.0006627945,-0.1078210771,-0.0007082491,0.9941700697,0,46.5,-517.6,1966.8,0,-274.5,-247.7,1927.3,1,113.2,-253.8,1936.8,1,-133.2,-912.6,1943.3,0,46.3,-896.8,1967.1,0,
