1,0.8895305991,0.1276716590,-0.4386726618,0.0699381903,0.9107934833,0.4068947434,0.4514899850,-0.3926253617,0.8012498021,1,139.6,110.6,1543.0,1,0.8895305991,0.1276716590,-0.4386726618,0.0699381903,0.9107934833,0.4068947434,0.4514899850,-0.3926253617,0.8012498021,1,116.0,-57.5,1615.4,1,0.8880069852,0.1195258945,-0.4440221190,0.0586023778,0.9283351898,0.3670952022,0.4560796618,-0.3520038724,0.8173639178,1,95.4,-217.7,1676.2,1,-0.0000005960,-1.0000001192,-0.0000000381,1.0000001192,-0.0000005960,0.0000000043,-0.0000000043,-0.0000000381,1.0000000000,0,7.8,-64.6,1559.9,1,0.0000715256,-0.9999990463,-0.0003098586,0.9999990463,0.0000714660,0.0001164796,-0.0001164578,-0.0003098669,0.9999999404,0,7.8,-290.4,1559.9,0,0.3241961896,0.8445683718,-0.4261469543,-0.8795544505,0.4349490404,0.1928818226,0.3482540846,0.3122878969,0.8838526011,1,224.2,-50.3,1671.0,1,0.4795241356,0.8445683122,0.2382455319,-0.3548924923,0.4349490404,-0.8275691271,-0.8025633097,0.3122878373,0.5082995296,1,299.7,-255.1,1752.1,1,0.9967551827,-0.0625352636,0.0506784841,0.0784008652,0.6116908789,-0.7872023582,0.0182283409,0.7886212468,0.6146089435,1,4.2,-382.7,1700.7,1,0.9967553616,-0.0804528594,0.0025110508,0.0784008726,0.9633224010,-0.2566384375,0.0182283446,0.2560025752,0.9665043354,0,25.8,-593.9,1428.4,1,0.9438830614,-0.2801506817,-0.1749294847,-0.0346160606,0.4428113699,-0.8959463239,0.3284607530,0.8517239094,0.4082644582,1,145.3,-373.4,1773.2,1,0.9446657300,-0.2133467793,-0.2491780370,-0.0371008217,0.6852475405,-0.7273646593,0.3259295225,0.6963610649,0.6394146681,1,241.9,-526.0,1479.5,1,7.8,-516.2,1559.9,0,418.8,-343.3,1552.8,1,52.5,-913.7,1343.4,0,303.3,-723.3,1279.1,1,
2,0.8884988427,0.1288834065,-0.4404059052,0.0695156157,0.9108660817,0.4068043530,0.4535820484,-0.3920603395,0.8003444076,1,140.3,109.6,1543.2,1,0.8884988427,0.1288834065,-0.4404059052,0.0695156157,0.9108660817,0.4068043530,0.4535820484,-0.3920603395,0.8003444076,1,116.5,-58.5,1615.6,1,0.8867589235,0.1223682389,-0.4457388818,0.0567800365,0.9281815290,0.3677694499,0.4587308168,-0.3514319062,0.8161254525,1,95.4,-218.7,1676.3,1,-0.0000005960,-1.0000001192,-0.0000000305,1.0000001192,-0.0000005960,0.0000000034,-0.0000000034,-0.0000000305,1.0000000000,0,8.5,-65.4,1559.7,1,0.0000661016,-0.9999990463,-0.0002788728,0.9999990463,0.0000660419,0.0001048308,-0.0001048127,-0.0002788796,0.9999999404,0,8.5,-291.2,1559.7,0,0.3220601082,0.8425634503,-0.4316990972,-0.8794526458,0.4350765347,0.1930580437,0.3504858017,0.3174826205,0.8811154962,1,224.5,-51.6,1671.5,1,0.4853735864,0.8425634503,0.2334509343,-0.3578632772,0.4350765646,-0.8262216449,-0.7977132797,0.3174826503,0.5126971602,1,299.0,-254.9,1752.5,1,0.9860554934,-0.1597462893,0.0466455966,0.1352823079,0.6062037945,-0.7837191820,0.0969194919,0.7791007757,0.6193614006,1,3.5,-383.5,1700.3,1,0.9833964109,-0.1814157367,-0.0044663907,0.1477558315,0.8147406578,-0.5606834292,0.1053557470,0.5507141352,0.8280182481,1,58.1,-591.0,1433.7,1,0.9379925132,-0.2942447364,-0.1832762659,-0.0221818984,0.4766687751,-0.8788031340,0.3459452689,0.8283760548,0.4405848384,1,145.0,-374.4,1773.6,1,0.9379925728,-0.1078784838,-0.3294425905,-0.0221819058,0.9297193289,-0.3676002622,0.3459452987,0.3521139324,0.8696768284,0,246.6,-539.0,1487.5,1,8.4,-517.0,1559.7,0,419.5,-343.7,1554.4,1,112.6,-835.5,1268.4,1,282.5,-847.7,1370.6,0,
3,0.8880295157,0.1303201169,-0.4409294426,0.0679453760,0.9112669826,0.4061713219,0.4547375739,-0.3906512558,0.8003775477,1,139.9,108.4,1543.4,1,0.8880295157,0.1303201169,-0.4409294426,0.0679453760,0.9112669826,0.4061713219,0.4547375739,-0.3906512558,0.8003775477,1,115.9,-59.6,1615.4,1,0.8865006566,0.1231129616,-0.4460472763,0.0568522252,0.9276744127,0.3690355122,0.4592206180,-0.3525090218,0.8153850436,1,94.6,-219.8,1676.2,1,-0.0000005960,-1.0000001192,-0.0000000244,1.0000001192,-0.0000005960,0.0000000027,-0.0000000027,-0.0000000244,1.0000000000,0,7.9,-66.5,1559.4,1,0.0000612140,-0.9999990463,-0.0002509855,0.9999990463,0.0000611544,0.0000943470,-0.0000943319,-0.0002509912,0.9999999404,0,7.9,-292.3,1559.4,0,0.3310225904,0.8449316025,-0.4201363325,-0.8758472204,0.4408050776,0.1964242160,0.3511632681,0.3029543757,0.8859475255,1,223.9,-52.7,1671.3,1,0.4768755436,0.8449317217,0.2422399819,-0.3643068373,0.4408051372,-0.8203484416,-0.7999188900,0.3029544353,0.5180236101,1,299.6,-253.1,1751.7,1,0.9926269054,-0.1207834035,-0.0101600019,0.0642803833,0.5956234336,-0.8006877303,0.1027613208,0.7941310406,0.5989958644,1,2.9,-384.4,1700.6,1,0.9926268458,-0.0904072896,-0.0807364732,0.0642803907,0.9573435187,-0.2817114890,0.1027613133,0.2744446397,0.9560963511,0,44.6,-590.1,1426.4,1,0.9434211254,-0.2831401825,-0.1725923568,-0.0312931463,0.4421441853,-0.8963979483,0.3301169872,0.8510816693,0.4082678854,1,143.9,-375.4,1773.6,1,0.9442255497,-0.2115703821,-0.2523412406,-0.0339247882,0.6997218132,-0.7136095166,0.3275473118,0.6823688745,0.6535177827,1,241.5,-527.8,1480.2,1,7.9,-518.1,1559.4,0,418.1,-343.5,1553.0,1,74.6,-908.0,1335.2,0,301.9,-727.7,1285.3,1,
4,0.8868359327,0.1264341921,-0.4444488585,0.0690052807,0.9148165584,0.3979297280,0.4569020271,-0.3835677803,0.8025678992,1,139.5,108.5,1545.9,1,0.8868359327,0.1264341921,-0.4444488585,0.0690052807,0.9148165584,0.3979297280,0.4569020271,-0.3835677803,0.8025678992,1,116.2,-59.8,1616.5,1,0.8853038549,0.1201752797,-0.4492141306,0.0575424917,0.9302923679,0.3622765243,0.4614380598,-0.3465737402,0.8166765571,1,95.5,-220.4,1676.4,1,-0.0000005960,-1.0000001192,-0.0000000195,1.0000001192,-0.0000005960,0.0000000022,-0.0000000022,-0.0000000195,1.0000000000,0,8.3,-66.8,1560.3,1,0.0000568628,-0.9999990463,-0.0002258869,0.9999990463,0.0000568628,0.0000849118,-0.0000848991,-0.0002258917,1.0000000000,0,8.3,-292.6,1560.3,0,0.3350604773,0.8468413353,-0.4130304754,-0.8761532307,0.4412738681,0.1939920336,0.3465400338,0.2968789041,0.8898162246,1,224.1,-52.8,1672.7,1,0.4716675580,0.8468414545,0.2457425892,-0.3652028739,0.4412738681,-0.8196977377,-0.8025936484,0.2968789339,0.5174034834,1,300.6,-252.9,1751.9,1,0.9985338449,-0.0534910895,0.0083097043,0.0387929454,0.6000310183,-0.7990357280,0.0377552100,0.7981863618,0.6012263298,1,3.8,-385.6,1699.2,1,0.9985338449,-0.0434617922,-0.0322710499,0.0387929454,0.9903052449,-0.1333819181,0.0377552062,0.1319344491,0.9905391932,0,22.2,-592.8,1423.6,1,0.9467138648,-0.2756074369,-0.1666540504,-0.0355099961,0.4249634147,-0.9045138359,0.3201126158,0.8622335196,0.3925319314,1,145.7,-376.4,1773.2,1,0.9474612474,-0.2457237244,-0.2047857642,-0.0371625274,0.5513185263,-0.8334667683,0.3177047372,0.7972877026,0.5132212639,1,240.7,-523.0,1475.8,1,8.3,-518.4,1560.3,0,417.7,-343.6,1552.6,1,36.7,-921.7,1379.8,0,315.4,-690.6,1233.4,1,
5,0.8893040419,0.1244558841,-0.4400538206,0.0720756501,0.9120867848,0.4036113024,0.4515999258,-0.3906503618,0.8021525741,1,140.8,109.7,1543.7,1,0.8893040419,0.1244558841,-0.4400538206,0.0720756501,0.9120867848,0.4036113024,0.4515999258,-0.3906503618,0.8021525741,1,117.8,-59.0,1615.9,1,0.8873727322,0.1205910817,-0.4450007975,0.0575681143,0.9286544323,0.3664506078,0.4574435651,-0.3507961631,0.8171207905,1,96.9,-219.3,1676.5,1,-0.0000005960,-1.0000001192,-0.0000000156,1.0000001192,-0.0000005960,0.0000000018,-0.0000000018,-0.0000000156,1.0000000000,0,9.6,-66.0,1560.2,1,0.0000529885,-0.9999990463,-0.0002032982,0.9999990463,0.0000529885,0.0000764201,-0.0000764095,-0.0002033022,1.0000000000,0,9.6,-291.8,1560.2,0,0.3315440118,0.8494156599,-0.4105747044,-0.8790376782,0.4361573160,0.1925086528,0.3425950408,0.2970855236,0.8912737370,1,225.9,-51.9,1671.7,1,0.4703775644,0.8494156599,0.2392445505,-0.3705258369,0.4361573458,-0.8200472593,-0.8009091616,0.2970855534,0.5198891163,1,301.5,-252.4,1749.8,1,0.9978889227,0.0316523053,0.0567102544,0.0250079501,0.6185967326,-0.7853106260,-0.0599376708,0.7850708961,0.6164991856,1,4.6,-384.2,1700.2,1,0.9978888631,-0.0211476199,0.0614060201,0.0250079483,0.9977132082,-0.0627933592,-0.0599376671,0.0641964301,0.9961357117,0,-6.3,-597.8,1429.1,1,0.9495617747,-0.2671644390,-0.1641826034,-0.0386475548,0.4198753238,-0.9067586064,0.3111898899,0.8673684597,0.3883722425,1,147.7,-375.0,1773.9,1,0.9500722885,-0.2532706857,-0.1822545081,-0.0396032110,0.4814925790,-0.8755549788,0.3095065951,0.8390583992,0.4474223852,1,239.9,-519.9,1474.6,1,9.6,-517.5,1560.2,0,418.3,-344.4,1550.9,1,0.7,-929.1,1407.8,0,320.2,-672.5,1208.6,1,
6,0.8830460310,0.1236100197,-0.4527124166,0.0727379844,0.9169768095,0.3922522664,0.4636140466,-0.3793062568,0.8007419705,1,141.0,109.8,1543.1,1,0.8830460310,0.1236100197,-0.4527124166,0.0727379844,0.9169768095,0.3922522664,0.4636140466,-0.3793062568,0.8007419705,1,118.1,-59.7,1613.2,1,0.8817225695,0.1194517240,-0.4563933313,0.0626856312,0.9291713238,0.3642941713,0.4675841630,-0.3498157263,0.8117837906,1,97.5,-220.1,1673.6,1,-0.0000005960,-1.0000001192,-0.0000000125,1.0000001192,-0.0000005960,0.0000000014,-0.0000000014,-0.0000000125,1.0000000000,0,10.7,-67.4,1556.3,1,0.0000494123,-0.9999990463,-0.0001829683,0.9999990463,0.0000494123,0.0000687777,-0.0000687689,-0.0001829716,1.0000000000,0,10.7,-293.1,1556.3,0,0.3284116089,0.8463014364,-0.4194280505,-0.8786956072,0.4366312623,0.1929955631,0.3464677930,0.3051676154,0.8870360255,1,225.6,-52.1,1670.2,1,0.4757462442,0.8463014364,0.2396656275,-0.3617677987,0.4366312623,-0.8236973882,-0.8017416000,0.3051676452,0.5138902664,1,301.2,-254.4,1750.0,1,0.9927129745,-0.1079397723,0.0535717122,0.1091764122,0.6174688935,-0.7789818048,0.0510042533,0.7791541219,0.6247538924,1,5.5,-385.6,1696.1,1,0.9889919758,-0.1478762478,0.0052545364,0.1335434616,0.8767145276,-0.4621014297,0.0637270957,0.4577162564,0.8868115544,1,42.3,-596.1,1430.5,1,0.9439697266,-0.2804095447,-0.1740448922,-0.0242597014,0.4669754207,-0.8839374781,0.3291391730,0.8386324644,0.4340080023,1,148.3,-375.5,1771.9,1,0.9439697266,-0.1437263191,-0.2970924079,-0.0242597163,0.8675391078,-0.4967769682,0.3291392028,0.4761497378,0.8154439926,0,245.1,-536.7,1482.3,1,10.7,-518.9,1556.3,0,419.3,-344.2,1550.9,1,86.3,-857.0,1294.3,1,292.9,-824.8,1324.2,0,
7,0.8785338998,0.1238210574,-0.4613510668,0.0739535987,0.9189184904,0.3874514997,0.4719196558,-0.3745079041,0.7981444597,1,140.9,110.8,1542.8,1,0.8785338998,0.1238210574,-0.4613510668,0.0739535987,0.9189184904,0.3874514997,0.4719196558,-0.3745079041,0.7981444597,1,118.0,-59.2,1612.1,1,0.8778291941,0.1180088148,-0.4642069936,0.0685707256,0.9282275438,0.3656373322,0.4740391672,-0.3527981639,0.8067336679,1,97.7,-219.5,1673.0,1,-0.0000005960,-1.0000001192,-0.0000000100,1.0000001192,-0.0000005960,0.0000000011,-0.0000000011,-0.0000000100,1.0000000000,0,11.1,-67.6,1554.3,1,0.0000462532,-0.9999990463,-0.0001646714,0.9999990463,0.0000462532,0.0000618996,-0.0000618922,-0.0001646742,1.0000000000,0,11.1,-293.4,1554.3,0,0.3295099139,0.8460245132,-0.4191250801,-0.8775061369,0.4382461309,0.1947388351,0.3484337032,0.3036164641,0.8867982626,1,225.0,-50.9,1669.8,1,0.4765200615,0.8460245132,0.2391050160,-0.3661719859,0.4382461011,-0.8208888769,-0.7992788553,0.3036164641,0.5186235309,1,301.1,-253.6,1750.4,1,0.9837568402,-0.1716236174,0.0526107103,0.1481682807,0.6109023094,-0.7777175307,0.1013346910,0.7728800774,0.6264085770,1,7.1,-385.2,1696.0,1,0.9801225066,-0.1975790709,0.0179550741,0.1626550108,0.7484490871,-0.6429365277,0.1135923490,0.6330770850,0.7657089233,1,65.9,-594.4,1431.4,1,0.9412584305,-0.2890958488,-0.1745180935,-0.0123525113,0.4869809449,-0.8733253479,0.3374617100,0.8241804242,0.4548037648,1,147.5,-374.2,1771.8,1,0.9412583113,-0.0679415241,-0.3307822645,-0.0123525076,0.9719679952,-0.2347885519,0.3374616802,0.2250826359,0.9140336514,0,247.3,-542.4,1487.2,1,11.1,-519.1,1554.3,0,419.5,-344.6,1551.9,1,126.7,-824.7,1236.5,1,269.9,-865.1,1412.5,0,
8,0.8818792701,0.1284583658,-0.4536362290,0.0715627223,0.9145482779,0.3980943859,0.4660117924,-0.3835346103,0.7973286510,1,142.5,110.3,1543.7,1,0.8818792701,0.1284583658,-0.4536362290,0.0715627223,0.9145482779,0.3980943859,0.4660117924,-0.3835346103,0.7973286510,1,118.7,-58.8,1614.6,1,0.8805879354,0.1223286912,-0.4578197896,0.0620753691,0.9280053973,0.3673574328,0.4697986543,-0.3519098461,0.8095971346,1,97.6,-219.0,1675.3,1,-0.0000005960,-1.0000001192,-0.0000000080,1.0000001192,-0.0000005960,0.0000000009,-0.0000000009,-0.0000000080,1.0000000000,0,11.4,-66.4,1557.3,1,0.0000435114,-0.9999990463,-0.0001482042,0.9999990463,0.0000435114,0.0000557094,-0.0000557031,-0.0001482066,1.0000000000,0,11.4,-292.1,1557.3,0,0.3232420385,0.8462862968,-0.4234552085,-0.8821537495,0.4314383864,0.1888538003,0.3425191343,0.3125070930,0.8860136271,1,226.0,-51.2,1671.8,1,0.4795876741,0.8462862968,0.2319382727,-0.3616101444,0.4314383864,-0.8264981508,-0.7995210290,0.3125070930,0.5129382014,1,300.4,-254.3,1750.7,1,0.9928570986,-0.0519717000,0.1073956192,0.1164143458,0.6191043258,-0.7766322494,-0.0261261947,0.7835871577,0.6207323074,1,6.1,-384.2,1698.5,1,0.9928570390,-0.1016460508,0.0624736473,0.1164143384,0.9399964809,-0.3207090795,-0.0261261947,0.3256911039,0.9451152086,0,24.1,-598.0,1427.9,1,0.9463875294,-0.2770711184,-0.1660794169,-0.0250348747,0.4496692121,-0.8928443193,0.3220621645,0.8491343856,0.4186248779,1,146.9,-374.2,1773.6,1,0.9470653534,-0.1912970990,-0.2578230798,-0.0276701897,0.7514577508,-0.6592007875,0.3198463321,0.6314401627,0.7063863873,1,242.4,-529.3,1480.9,1,11.4,-517.9,1557.3,0,419.5,-344.1,1552.1,1,57.8,-910.1,1319.8,0,296.3,-741.2,1302.9,1,
9,0.8846014738,0.1291285306,-0.4481120408,0.0693242624,0.9138129354,0.4001736343,0.4611654580,-0.3850592971,0.7994089127,1,142.9,112.1,1543.6,1,0.8846014738,0.1291285306,-0.4481120408,0.0693242624,0.9138129354,0.4001736343,0.4611654580,-0.3850592971,0.7994089127,1,118.9,-57.1,1614.9,1,0.8830047846,0.1239276230,-0.4527060986,0.0576998629,0.9285368919,0.3667271733,0.4658029974,-0.3499429524,0.8127523065,1,97.6,-217.4,1675.3,1,-0.0000005960,-1.0000001192,-0.0000000064,1.0000001192,-0.0000005960,0.0000000007,-0.0000000007,-0.0000000064,1.0000000000,0,11.4,-64.2,1558.1,1,0.0000410080,-0.9999990463,-0.0001333837,0.9999990463,0.0000410080,0.0000501382,-0.0000501329,-0.0001333857,1.0000000000,0,11.4,-290.0,1558.1,0,0.3181914985,0.8463811874,-0.4270751774,-0.8836367726,0.4279716611,0.1898059696,0.3434242308,0.3169846833,0.8840704560,1,226.5,-50.1,1671.6,1,0.4808902740,0.8463810682,0.2288745940,-0.3583489954,0.4279716611,-0.8297145367,-0.8002066016,0.3169846833,0.5091071725,1,300.2,-254.8,1751.2,1,0.9818890095,0.0925124809,0.1653342843,0.0592414178,0.6789915562,-0.7317519784,-0.1799567640,0.7282937765,0.6612137556,1,5.9,-382.3,1698.7,1,0.9767975807,-0.0489130095,0.2085046470,0.0799991414,0.9864302874,-0.1433717906,-0.1986625642,0.1567253768,0.9674556851,0,-26.0,-616.8,1447.2,1,0.9486190081,-0.2710861266,-0.1632004231,-0.0305638760,0.4348571599,-0.8999806643,0.3149411380,0.8587267399,0.4042283297,1,146.4,-373.2,1772.8,1,0.9491980076,-0.2362417430,-0.2078777403,-0.0319840610,0.5847513676,-0.8105818629,0.3130500615,0.7760512829,0.5474888682,1,239.9,-523.2,1476.5,1,11.4,-515.7,1558.1,0,419.7,-343.8,1552.5,1,-9.8,-944.3,1395.1,0,310.9,-698.8,1243.4,1,
10,0.8868686557,0.1316623390,-0.4428626597,0.0636381283,0.9145891666,0.3993440866,0.4576169848,-0.3823487163,0.8027422428,1,141.5,109.6,1544.0,1,0.8868686557,0.1316623390,-0.4428626597,0.0636381283,0.9145891666,0.3993440866,0.4576169848,-0.3823487163,0.8027422428,1,117.2,-59.3,1614.7,1,0.8852455616,0.1251661330,-0.4479643404,0.0519777760,0.9304571748,0.3626936376,0.4622096419,-0.3443571329,0.8171776533,1,95.6,-220.0,1674.1,1,-0.0000005960,-1.0000001192,-0.0000000051,1.0000001192,-0.0000005960,0.0000000006,-0.0000000006,-0.0000000051,1.0000000000,0,9.3,-65.7,1558.4,1,0.0000386238,-0.9999990463,-0.0001200453,0.9999990463,0.0000386238,0.0000451242,-0.0000451197,-0.0001200470,1.0000000000,0,9.3,-291.5,1558.4,0,0.3352391124,0.8464969397,-0.4135911465,-0.8749659061,0.4425199926,0.1964960247,0.3493556082,0.2960050106,0.8890060186,1,225.1,-53.0,1671.0,1,0.4715586007,0.8464970589,0.2471344471,-0.3651139736,0.4425200522,-0.8190653324,-0.8026981950,0.2960050702,0.5177419782,1,301.9,-253.6,1751.1,1,0.9763081074,-0.0960979760,0.1938757747,0.2094072998,0.6453033686,-0.7346646786,-0.0545089021,0.7578579783,0.6501384974,1,2.2,-384.8,1696.1,1,0.9717875719,-0.1804328263,0.1518977433,0.2322910428,0.8437605500,-0.4838481247,-0.0408632383,0.5054820180,0.8618689775,1,34.5,-601.5,1441.7,1,0.9411005378,-0.2858609259,-0.1805913895,-0.0233431309,0.4778917730,-0.8781085014,0.3373200595,0.8306039572,0.4430713356,1,145.7,-376.4,1771.0,1,0.9411005974,-0.1260200739,-0.3137652874,-0.0233431384,0.9015231133,-0.4321008921,0.3373200297,0.4139746428,0.8454822302,0,244.5,-541.4,1484.2,1,9.3,-517.2,1558.4,0,419.0,-344.3,1551.7,1,88.2,-852.5,1291.3,1,286.3,-840.8,1346.8,0,
11,0.8820587993,0.1327318698,-0.4520540535,0.0631957799,0.9174920321,0.3927003145,0.4668809175,-0.3749527633,0.8008941412,1,141.8,109.0,1543.3,1,0.8820587993,0.1327318698,-0.4520540535,0.0631957799,0.9174920321,0.3927003145,0.4668809175,-0.3749527633,0.8008941412,1,117.2,-60.9,1612.7,1,0.8806545734,0.1277612299,-0.4562048614,0.0532359108,0.9301654696,0.3632589877,0.4707575142,-0.3441922069,0.8123533130,1,95.2,-221.5,1672.1,1,-0.0000005960,-1.0000001192,-0.0000000041,1.0000001192,-0.0000005960,0.0000000005,-0.0000000005,-0.0000000041,1.0000000000,0,9.9,-67.4,1555.3,1,0.0000365973,-0.9999990463,-0.0001080407,0.9999990463,0.0000365973,0.0000406117,-0.0000406078,-0.0001080421,1.0000000000,0,9.9,-293.2,1555.3,0,0.3350960314,0.8433592319,-0.4200667441,-0.8740809560,0.4446926713,0.1955273598,0.3517003357,0.3016518950,0.8861789703,1,224.5,-54.4,1670.1,1,0.4764764905,0.8433591127,0.2484260648,-0.3593389392,0.4446926117,-0.8204413652,-0.8023999333,0.3016518652,0.5149373412,1,301.5,-255.1,1750.8,1,0.9648000002,-0.1833527982,0.1885277182,0.2624274492,0.6245899200,-0.7355400920,0.0171108171,0.7591239810,0.6507211328,1,2.2,-386.3,1693.7,1,0.9604417086,-0.2296881676,0.1574634910,0.2768670619,0.7267954350,-0.6285800338,0.0299336463,0.6473110318,0.7616378665,1,64.4,-598.2,1436.2,1,0.9343547225,-0.3044870794,-0.1851190180,-0.0142508596,0.4871501327,-0.8732020259,0.3560594916,0.8185184002,0.4508318007,1,144.0,-377.8,1769.4,1,0.9343547225,-0.0592970178,-0.3513762653,-0.0142508782,0.9790509939,-0.2031160891,0.3560594618,0.1947898865,0.9139357805,0,249.1,-546.0,1486.8,1,9.9,-518.9,1555.4,0,419.8,-344.3,1551.5,1,135.6,-823.3,1235.7,1,268.8,-871.1,1422.1,0,
12,0.8833342195,0.1346114576,-0.4489974380,0.0580452792,0.9190927744,0.3897411227,0.4651349783,-0.3703339398,0.8040528893,1,141.9,109.6,1545.9,1,0.8833342195,0.1346114576,-0.4489974380,0.0580452792,0.9190927744,0.3897411227,0.4651349783,-0.3703339398,0.8040528893,1,117.1,-59.9,1614.2,1,0.8821356297,0.1285032928,-0.4531246424,0.0496156476,0.9313548207,0.3607150614,0.4683739841,-0.3406817019,0.8152058721,1,94.9,-220.7,1673.0,1,-0.0000005960,-1.0000001192,-0.0000000033,1.0000001192,-0.0000005960,0.0000000004,-0.0000000004,-0.0000000033,1.0000000000,0,9.6,-65.9,1557.1,1,0.0000347495,-0.9999990463,-0.0000972365,0.9999990463,0.0000347495,0.0000365504,-0.0000365471,-0.0000972378,1.0000000000,0,9.6,-291.7,1557.1,0,0.3347202539,0.8437629342,-0.4195552468,-0.8754198551,0.4432006180,0.1929077804,0.3487155437,0.3027168512,0.8869949579,1,224.6,-53.8,1671.2,1,0.4787073731,0.8437629342,0.2427003980,-0.3663977683,0.4432005882,-0.8181234598,-0.7978671193,0.3027168512,0.5213162303,1,301.0,-253.7,1750.8,1,0.9926517010,-0.0928388983,0.0776111111,0.1191588193,0.6383062005,-0.7605040073,0.0210647024,0.7641637325,0.6446782947,1,1.8,-385.5,1694.1,1,0.9926518798,-0.1192784458,0.0203764178,0.1191588268,0.9342237711,-0.3361952007,0.0210647080,0.3361527622,0.9415719509,0,33.8,-605.9,1430.2,1,0.9405646324,-0.2917200625,-0.1738899797,-0.0256721228,0.4494838119,-0.8929196000,0.3386432827,0.8443125486,0.4152795076,1,143.7,-377.5,1769.5,1,0.9415264130,-0.1957728714,-0.2742276788,-0.0293690115,0.7630978823,-0.6456152201,0.3356565237,0.6159176230,0.7127272487,1,244.2,-532.4,1478.4,1,9.6,-517.5,1557.1,0,419.9,-344.7,1552.7,1,73.4,-916.1,1318.6,0,299.3,-747.1,1305.2,1,
13,0.8801380396,0.1331563443,-0.4556585848,0.0610570796,0.9201301336,0.3868220448,0.4707741439,-0.3682779968,0.8017117977,1,141.9,111.1,1543.7,1,0.8801380396,0.1331563443,-0.4556585848,0.0610570796,0.9201301336,0.3868220448,0.4707741439,-0.3682779968,0.8017117977,1,117.3,-58.7,1611.6,1,0.8794181943,0.1266903430,-0.4588807225,0.0559324771,0.9297630787,0.3638832867,0.4727519453,-0.3456719220,0.8105648160,1,95.4,-219.2,1671.3,1,-0.0000005960,-1.0000001192,-0.0000000026,1.0000001192,-0.0000005960,0.0000000003,-0.0000000003,-0.0000000026,1.0000000000,0,10.1,-65.5,1554.0,1,0.0000332594,-0.9999990463,-0.0000875128,0.9999990463,0.0000332594,0.0000328952,-0.0000328924,-0.0000875139,1.0000000000,0,10.1,-291.3,1554.0,0,0.3451479375,0.8477782607,-0.4026723504,-0.8726570010,0.4477994740,0.1947956830,0.3454599380,0.2841615081,0.8943767548,1,224.4,-51.9,1669.2,1,0.4669292867,0.8477783203,0.2514937818,-0.3761399388,0.4477994442,-0.8111686110,-0.8003097773,0.2841615081,0.5279739499,1,303.9,-252.7,1748.7,1,0.9982950687,-0.0499653295,0.0301732086,0.0548880324,0.6277461052,-0.7764806747,0.0198560003,0.7768128514,0.6294183731,1,2.9,-384.2,1693.0,1,0.9982950687,-0.0573827848,-0.0106851356,0.0548880287,0.9851673245,-0.1625809520,0.0198559947,0.1617172658,0.9866374135,0,20.2,-601.0,1424.8,1,0.9451241493,-0.2810791433,-0.1665381938,-0.0295546353,0.4340955019,-0.9003819227,0.3253720701,0.8558946848,0.4019669294,1,144.2,-375.2,1769.0,1,0.9462312460,-0.2418198884,-0.2148708999,-0.0322224349,0.5904651880,-0.8064196110,0.3218820989,0.7699831128,0.5509245992,1,241.1,-525.0,1473.7,1,10.1,-517.1,1554.0,0,419.8,-346.1,1550.0,1,39.2,-928.1,1371.1,0,313.6,-701.8,1243.2,1,
14,0.8761978149,0.1274499893,-0.4647926688,0.0685677305,0.9216250777,0.3819745481,0.4770483375,-0.3665550947,0.7987872362,1,141.1,111.6,1543.6,1,0.8761978149,0.1274499893,-0.4647926688,0.0685677305,0.9216250777,0.3819745481,0.4770483375,-0.3665550947,0.7987872362,1,117.5,-58.6,1611.3,1,0.8753497601,0.1241291165,-0.4672827125,0.0623277575,0.9294463396,0.3636533320,0.4794552624,-0.3474485576,0.8058542013,1,96.1,-219.1,1671.3,1,-0.0000005960,-1.0000001192,-0.0000000021,1.0000001192,-0.0000005960,0.0000000002,-0.0000000002,-0.0000000021,1.0000000000,0,10.9,-66.2,1552.9,1,0.0000317097,-0.9999990463,-0.0000787615,0.9999990463,0.0000317097,0.0000296056,-0.0000296032,-0.0000787624,1.0000000000,0,10.9,-292.0,1552.9,0,0.3418273330,0.8485611081,-0.4038543999,-0.8742765188,0.4447567463,0.1945047081,0.3446660340,0.2865933776,0.8939070106,1,224.2,-51.0,1669.7,1,0.4648794234,0.8485609889,0.2526487410,-0.3680715263,0.4447566867,-0.8165261149,-0.8052393794,0.2865933776,0.5190894008,1,303.4,-253.5,1749.5,1,0.9877771139,-0.1530083269,0.0297471453,0.1194477305,0.6204253435,-0.7751159072,0.1001433060,0.7691949010,0.6311184764,1,5.0,-384.5,1693.1,1,0.9850187898,-0.1706414968,-0.0248897225,0.1338724345,0.8476532698,-0.5133830309,0.1087023020,0.5023598671,0.8577985764,1,57.4,-596.8,1429.9,1,0.9348451495,-0.2979197800,-0.1931535453,-0.0273706615,0.4819216430,-0.8757867217,0.3539990485,0.8240117431,0.4423678517,1,144.3,-374.6,1769.4,1,0.9348452687,-0.1285487115,-0.3309678435,-0.0273706466,0.9032924175,-0.4281515181,0.3539990783,0.4093142152,0.8409200907,0,247.2,-541.0,1484.8,1,10.9,-517.8,1552.9,0,418.8,-344.9,1549.6,1,108.4,-850.1,1279.7,1,289.9,-840.9,1348.9,0,
15,0.8759803176,0.1273865253,-0.4652198255,0.0691172481,0.9213923216,0.3824369311,0.4773684442,-0.3671619892,0.7983171344,1,140.9,110.5,1543.1,1,0.8759803176,0.1273865253,-0.4652198255,0.0691172481,0.9213923216,0.3824369311,0.4773684442,-0.3671619892,0.7983171344,1,117.3,-59.7,1610.9,1,0.8752884269,0.1218057126,-0.4680084288,0.0639765263,0.9300892353,0.3617179692,0.4793500900,-0.3465491235,0.8063039184,1,96.3,-220.3,1670.7,1,-0.0000005960,-1.0000001192,-0.0000000017,1.0000001192,-0.0000005960,0.0000000002,-0.0000000002,-0.0000000017,1.0000000000,0,10.7,-67.5,1552.5,1,0.0000303984,-0.9999990463,-0.0000708853,0.9999990463,0.0000303984,0.0000266450,-0.0000266429,-0.0000708861,1.0000000000,0,10.7,-293.3,1552.5,0,0.3335173428,0.8450660706,-0.4178869724,-0.8735880852,0.4436725974,0.1999964416,0.3544152677,0.2983587980,0.8862120509,1,224.0,-51.9,1669.3,1,0.4741843939,0.8450661302,0.2470071167,-0.3641267419,0.4436726570,-0.8188812137,-0.8015989661,0.2983587980,0.5180938244,1,301.0,-253.7,1751.2,1,0.9767695665,-0.2118307948,0.0323921517,0.1577318311,0.6083742380,-0.7778185010,0.1450593621,0.7648585439,0.6276538372,1,5.4,-385.9,1692.2,1,0.9739912748,-0.2265621871,-0.0032347175,0.1669033021,0.7270265818,-0.6660146713,0.1532454789,0.6481526494,0.7459316254,1,78.0,-594.7,1429.8,1,0.9336081743,-0.3038528860,-0.1898665726,-0.0127506703,0.5014041662,-0.8651192784,0.3580688834,0.8101033568,0.4642406702,1,145.2,-375.7,1768.8,1,0.9336081743,-0.0604693778,-0.3531562388,-0.0127506666,0.9794239402,-0.2014102936,0.3580688536,0.1925412267,0.9136272073,0,250.1,-548.9,1489.1,1,10.7,-519.1,1552.5,0,418.8,-344.2,1552.1,1,148.3,-820.0,1228.9,1,270.2,-874.1,1425.1,0,
16,0.8766989112,0.1277102083,-0.4637753963,0.0672834292,0.9220811725,0.3811013699,0.4763101339,-0.3653155565,0.7997949719,1,140.5,110.8,1542.8,1,0.8766989112,0.1277102083,-0.4637753963,0.0672834292,0.9220811725,0.3811013699,0.4763101339,-0.3653155565,0.7997949719,1,116.8,-59.8,1610.3,1,0.8759403825,0.1232013032,-0.4664207697,0.0616836026,0.9303011298,0.3615714610,0.4784589410,-0.3454855382,0.8072890639,1,95.6,-220.4,1670.0,1,-0.0000005960,-1.0000001192,-0.0000000013,1.0000001192,-0.0000005960,0.0000000002,-0.0000000002,-0.0000000013,1.0000000000,0,10.1,-67.3,1552.1,1,0.0000292063,-0.9999990463,-0.0000637967,0.9999990463,0.0000292063,0.0000239804,-0.0000239786,-0.0000637974,1.0000000000,0,10.1,-293.1,1552.1,0,0.3292127550,0.8433223963,-0.4247663319,-0.8731338382,0.4431526363,0.2031086534,0.3595223725,0.3040119112,0.8822247386,1,223.6,-52.3,1668.6,1,0.4788058996,0.8433223963,0.2440335155,-0.3627001047,0.4431526065,-0.8197953701,-0.7994958162,0.3040118814,0.5180571675,1,299.4,-253.5,1751.5,1,0.9923509359,-0.1187878996,0.0336048231,0.0979317203,0.5917601585,-0.8001433611,0.0751613528,0.7973138690,0.5988668203,1,5.0,-385.9,1691.8,1,0.9923508167,-0.1176980659,-0.0372426361,0.0979317129,0.9342226982,-0.3429830074,0.0751613528,0.3367122412,0.9386030436,0,46.0,-590.2,1416.5,1,0.9397124052,-0.2926444113,-0.1769179702,-0.0242542326,0.4590155184,-0.8880971670,0.3411047459,0.8388468027,0.4242447019,1,143.6,-376.1,1767.5,1,0.9406433105,-0.1975775063,-0.2759589553,-0.0278149694,0.7654740214,-0.6428653598,0.3382551670,0.6123827100,0.7145424485,1,244.5,-534.3,1478.4,1,10.1,-518.9,1552.1,0,418.3,-343.6,1552.9,1,85.1,-900.4,1304.7,0,300.1,-749.9,1306.0,1,
17,0.8775795698,0.1295524091,-0.4615936577,0.0652089342,0.9215966463,0.3826309741,0.4749749899,-0.3658891618,0.8003265858,1,140.6,110.8,1542.1,1,0.8775795698,0.1295524091,-0.4615936577,0.0652089342,0.9215966463,0.3826309741,0.4749749899,-0.3658891618,0.8003265858,1,116.7,-59.4,1609.7,1,0.8768423796,0.1247023791,-0.4643222392,0.0598406568,0.9299584627,0.3627606630,0.4770386219,-0.3458692431,0.8079649806,1,95.1,-220.0,1669.4,1,-0.0000005960,-1.0000001192,-0.0000000011,1.0000001192,-0.0000005960,0.0000000001,-0.0000000001,-0.0000000011,1.0000000000,0,9.8,-66.7,1551.6,1,0.0000280142,-0.9999990463,-0.0000574170,0.9999990463,0.0000280142,0.0000215823,-0.0000215808,-0.0000574176,1.0000000000,0,9.8,-292.5,1551.6,0,0.3308106363,0.8442518115,-0.4216670692,-0.8697178364,0.4461734295,0.2109978497,0.3662719727,0.2969310284,0.8818598390,1,223.5,-52.1,1667.9,1,0.4747549891,0.8442519903,0.2486896515,-0.3655088544,0.4461734891,-0.8169043064,-0.8006317019,0.2969311178,0.5204045773,1,299.8,-252.7,1752.3,1,0.9803656340,-0.1950108260,0.0292232130,0.1429807842,0.6009541154,-0.7863909006,0.1357929260,0.7751289606,0.6170376539,1,3.9,-385.3,1691.2,1,0.9783469439,-0.2054283768,-0.0252327658,0.1509563029,0.7916452289,-0.5920389891,0.1415970027,0.5754103661,0.8055143356,1,70.7,-591.3,1425.5,1,0.9308302402,-0.3098965883,-0.1936988384,-0.0203343779,0.4852848053,-0.8741196394,0.3648858070,0.8175957203,0.4454161823,1,143.3,-375.8,1767.1,1,0.9308302402,-0.0964671820,-0.3524900079,-0.0203343704,0.9493659735,-0.3135137856,0.3648858070,0.2989958227,0.8817368150,0,250.3,-543.3,1484.8,1,9.8,-518.3,1551.6,0,417.7,-343.5,1553.5,1,133.0,-831.3,1251.1,1,282.3,-858.6,1385.5,0,
18,0.8843035698,0.1322284639,-0.4477958381,0.0633020997,0.9162535667,0.3955642581,0.4626005292,-0.3781453073,0.8018763661,1,141.4,110.5,1542.3,1,0.8843035698,0.1322284639,-0.4477958381,0.0633020997,0.9162535667,0.3955642581,0.4626005292,-0.3781453073,0.8018763661,1,117.1,-58.1,1611.9,1,0.8828898072,0.1279442310,-0.4518120587,0.0532770939,0.9286597371,0.3670850694,0.4665472209,-0.3481668830,0.8130881190,1,95.0,-218.4,1672.0,1,-0.0000005960,-1.0000001192,-0.0000000009,1.0000001192,-0.0000005960,0.0000000001,-0.0000000001,-0.0000000009,1.0000000000,0,9.5,-64.6,1555.1,1,0.0000270009,-0.9999990463,-0.0000516752,0.9999990463,0.0000270009,0.0000194240,-0.0000194227,-0.0000516757,1.0000000000,0,9.5,-290.4,1555.1,0,0.3280159235,0.8469852209,-0.4183558524,-0.8713536263,0.4423319101,0.2123329043,0.3648949265,0.2948873341,0.8831156492,1,224.7,-51.6,1668.7,1,0.4701311886,0.8469852209,0.2481787503,-0.3642723858,0.4423319101,-0.8195414543,-0.8039167523,0.2948873341,0.5164874196,1,300.4,-252.7,1752.9,1,0.9722352028,-0.2322263420,0.0288050864,0.1667102724,0.6009880900,-0.7816783190,0.1642147899,0.7647772431,0.6230162978,1,3.2,-383.0,1695.3,1,0.9705837965,-0.2407538891,-0.0021510324,0.1715648770,0.6978654861,-0.6953770518,0.1689158529,0.6745525599,0.7186419964,1,83.1,-589.6,1432.3,1,0.9293996692,-0.3149128258,-0.1924743801,-0.0098333359,0.5001912117,-0.8658592105,0.3689441681,0.8066218495,0.4617808163,1,142.6,-374.5,1768.9,1,0.9293996692,-0.0454181917,-0.3662699461,-0.0098333433,0.9889997840,-0.1475897580,0.3689441681,0.1407715082,0.9187294245,0,251.4,-547.3,1490.4,1,9.5,-516.2,1555.1,0,417.1,-343.2,1553.3,1,158.9,-809.2,1220.0,1,266.5,-875.6,1443.7,0,
19,0.8846903443,0.1341585815,-0.4464557767,0.0593050160,0.9175252318,0.3932292163,0.4623906016,-0.3743631244,0.8037698269,1,142.0,110.3,1545.4,1,0.8846903443,0.1341585815,-0.4464557767,0.0593050160,0.9175252318,0.3932292163,0.4623906016,-0.3743631244,0.8037698269,1,117.3,-58.6,1614.3,1,0.8831146955,0.1289655715,-0.4510816038,0.0482329763,0.9314240217,0.3607238233,0.4666703343,-0.3403174877,0.8163342476,1,95.1,-219.4,1673.1,1,-0.0000005960,-1.0000001192,-0.0000000007,1.0000001192,-0.0000005960,0.0000000001,-0.0000000001,-0.0000000007,1.0000000000,0,9.7,-64.4,1557.5,1,0.0000259876,-0.9999990463,-0.0000465077,0.9999990463,0.0000259876,0.0000174816,-0.0000174804,-0.0000465081,1.0000000000,0,9.7,-290.2,1557.5,0,0.3314253390,0.8468914032,-0.4158512950,-0.8754326701,0.4403951764,0.1991728097,0.3518166244,0.2980388999,0.8873544931,1,224.9,-52.7,1671.2,1,0.4724781513,0.8468913436,0.2440070510,-0.3659979701,0.4403951168,-0.8198155761,-0.8017542362,0.2980388701,0.5180376172,1,300.8,-253.0,1751.7,1,0.9665247202,-0.2552953660,0.0255826470,0.1787638366,0.5985308886,-0.7808997035,0.1840480715,0.7593320012,0.6241324544,1,2.4,-384.0,1694.6,1,0.9654245377,-0.2605255544,0.0090514934,0.1815138310,0.6468995214,-0.7406576872,0.1871048361,0.7166920304,0.6718215942,1,90.4,-590.2,1433.1,1,0.9312710762,-0.3123638630,-0.1875180751,-0.0043349713,0.5051602125,-0.8630147576,0.3643012941,0.8045134544,0.4690870345,1,143.2,-376.3,1769.0,1,0.9312710762,-0.0218533315,-0.3636710942,-0.0043349639,0.9974640012,-0.0710393265,0.3643012643,0.0677333549,0.9288148284,0,251.0,-550.8,1491.2,1,9.7,-516.0,1557.5,0,418.1,-343.9,1552.6,1,174.4,-798.9,1201.8,1,258.3,-881.9,1468.7,0,
20,0.8862937689,0.1343862712,-0.4431950748,0.0562583208,0.9186456203,0.3910551667,0.4596927464,-0.3715231419,0.8066298962,1,142.1,110.7,1547.0,1,0.8862937689,0.1343862712,-0.4431950748,0.0562583208,0.9186456203,0.3910551667,0.4596927464,-0.3715231419,0.8066298962,1,117.3,-58.8,1615.5,1,0.8845774531,0.1294159442,-0.4480763972,0.0442103669,0.9331371784,0.3567903042,0.4642922282,-0.3354182541,0.8197109699,1,95.0,-219.9,1673.4,1,-0.0000005960,-1.0000001192,-0.0000000005,1.0000001192,-0.0000005960,0.0000000001,-0.0000000001,-0.0000000005,1.0000000000,0,9.5,-64.2,1559.0,1,0.0000251532,-0.9999990463,-0.0000418569,0.9999990463,0.0000251532,0.0000157334,-0.0000157324,-0.0000418573,1.0000000000,0,9.5,-290.0,1559.0,0,0.3362761140,0.8473280668,-0.4110394716,-0.8762440681,0.4414562583,0.1931647360,0.3451298773,0.2952142060,0.8909174800,1,225.1,-53.4,1672.1,1,0.4699590802,0.8473280668,0.2473328561,-0.3644082546,0.4414562583,-0.8199530244,-0.8039558530,0.2952142358,0.5162397623,1,302.0,-253.9,1751.1,1,0.9666650295,-0.2549456060,0.0236940440,0.1778271794,0.6019053459,-0.7785161734,0.1842177063,0.7567778230,0.6271771193,1,2.0,-384.5,1694.3,1,0.9661215544,-0.2576187253,0.0155531531,0.1791503727,0.6260302067,-0.7589409947,0.1857806593,0.7360154986,0.6509737372,1,89.9,-592.1,1433.3,1,0.9266508818,-0.3233276904,-0.1917743981,-0.0025538057,0.5047163963,-0.8632814884,0.3759144843,0.8004502058,0.4668701887,1,143.2,-377.5,1768.4,1,0.9266508222,-0.0107024852,-0.3757707775,-0.0025538057,0.9993923306,-0.0347618014,0.3759144843,0.0331716947,0.9260604382,0,254.9,-551.8,1492.0,1,9.5,-515.8,1559.0,0,418.7,-344.4,1551.4,1,174.2,-797.0,1192.5,1,258.4,-883.6,1481.0,0,
21,0.8859089017,0.1361472756,-0.4434269071,0.0556234121,0.9178771973,0.3929457068,0.4605110288,-0.3727790415,0.8055830002,1,142.7,111.1,1547.2,1,0.8859089017,0.1361472756,-0.4434269071,0.0556234121,0.9178771973,0.3929457068,0.4605110288,-0.3727790415,0.8055830002,1,117.7,-57.8,1615.8,1,0.8842235208,0.1309005469,-0.4483436346,0.0439459123,0.9323477149,0.3588805497,0.4649909735,-0.3370334804,0.8186516166,1,95.1,-218.7,1674.0,1,-0.0000005960,-1.0000001192,-0.0000000004,1.0000001192,-0.0000005960,0.0000000000,-0.0000000000,-0.0000000004,1.0000000000,0,10.0,-63.1,1559.2,1,0.0000244975,-0.9999990463,-0.0000376712,0.9999990463,0.0000244975,0.0000141600,-0.0000141592,-0.0000376715,1.0000000000,0,10.0,-288.9,1559.2,0,0.3293187916,0.8474256396,-0.4164361954,-0.8795720339,0.4357092679,0.1910774410,0.3433689773,0.3033602238,0.8888590932,1,225.4,-52.4,1672.5,1,0.4724173546,0.8474255800,0.2422637939,-0.3581014276,0.4357092381,-0.8257850409,-0.8053478599,0.3033601642,0.5093009472,1,301.2,-254.8,1751.5,1,0.9893650413,-0.1436264962,0.0229846872,0.1076217741,0.6165337563,-0.7799382806,0.0978489667,0.7741172910,0.6254342794,1,1.7,-383.2,1695.0,1,0.9888781309,-0.1418095976,-0.0448341854,0.1107178703,0.9031854868,-0.4147258103,0.0993056893,0.4051493108,0.9088412523,0,51.3,-596.1,1427.7,1,0.9376151562,-0.2994318008,-0.1766878068,-0.0205641985,0.4595458210,-0.8879159689,0.3470664024,0.8361569047,0.4247194827,1,143.3,-376.2,1769.4,1,0.9393830299,-0.1694165021,-0.2980899811,-0.0289480090,0.8271047473,-0.5613018870,0.3416454196,0.5359065533,0.7720639110,1,246.4,-534.5,1481.3,1,9.9,-514.7,1559.2,0,418.5,-343.7,1551.5,1,98.4,-896.0,1293.1,0,293.7,-765.4,1331.7,1,
22,0.8812223077,0.1338005811,-0.4533682466,0.0532355793,0.9249104261,0.3764376640,0.4696937799,-0.3558606505,0.8079292178,1,142.1,109.7,1549.4,1,0.8812223077,0.1338005811,-0.4533682466,0.0532355793,0.9249104261,0.3764376640,0.4696937799,-0.3558606505,0.8079292178,1,117.5,-60.3,1614.8,1,0.8801146150,0.1298115700,-0.4566676915,0.0454223864,0.9344569445,0.3531653583,0.4725824296,-0.3315689266,0.8165332675,1,95.1,-221.7,1672.0,1,-0.0000005960,-1.0000001192,-0.0000000004,1.0000001192,-0.0000005960,0.0000000000,-0.0000000000,-0.0000000004,1.0000000000,0,10.3,-65.9,1557.2,1,0.0000239611,-0.9999990463,-0.0000339040,0.9999990463,0.0000239611,0.0000127440,-0.0000127432,-0.0000339043,1.0000000000,0,10.3,-291.7,1557.2,0,0.3372900784,0.8456941843,-0.4135661125,-0.8743042946,0.4442843497,0.1954571754,0.3490378559,0.2956568599,0.8892467618,1,224.7,-54.8,1672.4,1,0.4716933072,0.8456941843,0.2496135235,-0.3631608486,0.4442843199,-0.8189784288,-0.8035046458,0.2956568003,0.5166888833,1,301.6,-254.0,1751.9,1,0.9972804785,-0.0697949305,0.0236694627,0.0620141849,0.6211701035,-0.7812182307,0.0398223102,0.7805615664,0.6238090992,1,2.4,-386.6,1691.5,1,0.9972805977,-0.0686582848,-0.0267883539,0.0620141886,0.9781660438,-0.1983570158,0.0398223102,0.1961563528,0.9797636867,0,26.5,-601.1,1422.0,1,0.9314932227,-0.3090424538,-0.1918676049,-0.0182901472,0.4869998693,-0.8732105494,0.3632986248,0.8168988824,0.4479846954,1,143.0,-379.4,1767.0,1,0.9314932823,-0.0809266791,-0.3546425104,-0.0182901472,0.9632857442,-0.2678546906,0.3632986844,0.2559912801,0.8958139420,0,249.7,-547.5,1484.9,1,10.3,-517.4,1557.2,0,418.7,-344.2,1552.3,1,49.3,-925.9,1356.9,0,276.6,-867.4,1399.9,0,
23,0.8800637722,0.1334008276,-0.4557305872,0.0530741923,0.9260813594,0.3735708892,0.4718793929,-0.3529537022,0.8079307675,1,142.9,110.6,1548.9,1,0.8800637722,0.1334008276,-0.4557305872,0.0530741923,0.9260813594,0.3735708892,0.4718793929,-0.3529537022,0.8079307675,1,118.3,-60.1,1614.0,1,0.8792641759,0.1289502382,-0.4585461915,0.0474048406,0.9341918230,0.3536058962,0.4739688337,-0.3326502740,0.8152889013,1,96.1,-221.3,1671.4,1,-0.0000005960,-1.0000001192,-0.0000000003,1.0000001192,-0.0000005960,0.0000000000,-0.0000000000,-0.0000000003,1.0000000000,0,11.2,-65.8,1556.2,1,0.0000233054,-0.9999990463,-0.0000305136,0.9999990463,0.0000233054,0.0000114696,-0.0000114689,-0.0000305138,1.0000000000,0,11.2,-291.6,1556.2,0,0.3361981511,0.8474421501,-0.4108684361,-0.8744222522,0.4429120421,0.1980271786,0.3497950733,0.2926961482,0.8899284005,1,225.5,-54.3,1671.7,1,0.4675867558,0.8474420905,0.2514054775,-0.3616197109,0.4429120421,-0.8204025030,-0.8065940142,0.2926961780,0.5135515332,1,302.4,-254.3,1751.7,1,0.9980328083,-0.0615481623,-0.0119359866,0.0279193986,0.6067796946,-0.7943796515,0.0561351217,0.7924835086,0.6073044538,1,3.7,-386.4,1691.0,1,0.9980327487,-0.0331620686,-0.0532064103,0.0279194005,0.9949491620,-0.0964188427,0.0561351180,0.0947436541,0.9939178228,0,24.9,-595.9,1417.4,1,0.9275274873,-0.3204321563,-0.1923952252,-0.0098030269,0.4937291443,-0.8695604801,0.3736262918,0.8084272742,0.4548061788,1,143.9,-378.8,1766.7,1,0.9275276065,-0.0382311903,-0.3717944324,-0.0098030344,0.9919240475,-0.1264543533,0.3736263514,0.1209345981,0.9196620584,0,254.6,-549.3,1487.5,1,11.2,-517.4,1556.2,0,418.5,-344.1,1551.4,1,35.9,-926.3,1385.9,0,267.3,-878.7,1447.3,0,
24,0.8764230609,0.1333874166,-0.4626971483,0.0524775609,0.9286899567,0.3671236932,0.4786730111,-0.3460368514,0.8069257736,1,144.0,112.2,1551.2,1,0.8764230609,0.1333874166,-0.4626971483,0.0524775609,0.9286899567,0.3671236932,0.4786730111,-0.3460368514,0.8069257736,1,119.4,-59.2,1615.1,1,0.8755720258,0.1313121766,-0.4648968875,0.0464851335,0.9349812269,0.3516360521,0.4808451235,-0.3294934034,0.8125396371,1,96.7,-220.7,1672.0,1,-0.0000005960,-1.0000001192,-0.0000000002,1.0000001192,-0.0000005960,0.0000000000,-0.0000000000,-0.0000000002,1.0000000000,0,12.7,-64.9,1556.5,1,0.0000229478,-0.9999990463,-0.0000274622,0.9999990463,0.0000229478,0.0000103226,-0.0000103220,-0.0000274624,1.0000000000,0,12.7,-290.7,1556.5,0,0.3348347545,0.8500522375,-0.4065671563,-0.8760752678,0.4397133589,0.1978489012,0.3469548821,0.2899367511,0.8919411898,1,226.1,-53.6,1673.7,1,0.4629456997,0.8500523567,0.2511821389,-0.3612421453,0.4397134185,-0.8222872615,-0.8094353080,0.2899367809,0.5106381178,1,302.7,-253.9,1753.0,1,0.9970971346,-0.0692541972,-0.0316418856,0.0127226785,0.5612723231,-0.8275334239,0.0750698745,0.8247286081,0.5605241060,1,4.3,-385.8,1690.5,1,0.9970971346,-0.0162367858,-0.0743889734,0.0127226785,0.9987915158,-0.0474723577,0.0750698745,0.0463881232,0.9960987568,0,28.2,-579.6,1405.7,1,0.9287528396,-0.3183949590,-0.1898495257,-0.0045117885,0.5023916364,-0.8646284342,0.3706721365,0.8038826585,0.4651611149,1,143.9,-378.4,1767.2,1,0.9287529588,-0.0184734706,-0.3702390194,-0.0045117848,0.9981202483,-0.0611201897,0.3706721663,0.0584359877,0.9269236922,0,253.8,-551.8,1489.6,1,12.7,-516.5,1556.5,0,417.6,-343.7,1552.0,1,33.6,-911.2,1390.3,0,260.0,-883.3,1470.2,0,
