1,0.8922675252,0.0730598345,-0.4455568492,0.1097656041,0.9221161008,0.3710152507,0.4379619956,-0.3799523115,0.8147531152,1,112.7,121.6,1548.8,1,0.8922675252,0.0730598345,-0.4455568492,0.1097656041,0.9221161008,0.3710152507,0.4379619956,-0.3799523115,0.8147531152,1,99.2,-47.5,1618.5,1,0.8924590945,0.0559917651,-0.4476398826,0.1125212982,0.9332799315,0.3410668671,0.4368708134,-0.3547578454,0.8266122341,1,89.6,-208.7,1679.7,1,0.5167198181,-0.8083565235,-0.2820645869,0.8200622201,0.3726557195,0.4343106747,-0.2459649146,-0.4557274580,0.8554611206,1,-9.5,-61.2,1565.2,1,-0.0402987041,-0.8083564639,-0.5873123407,0.7372893095,0.3726556897,-0.5634999275,0.6743741035,-0.4557274282,0.5809750557,1,-123.1,-241.5,1619.3,1,0.1715958565,0.9434444308,0.2836677730,-0.9659000039,0.1044466645,0.2369137406,0.1938868165,-0.3146481216,0.9291955829,1,208.0,-33.8,1671.7,1,-0.0690089762,0.9434443712,0.3242688775,-0.8664203882,0.1044466645,-0.4882689416,-0.4945234060,-0.3146481216,0.8102117777,1,250.1,-270.7,1719.3,1,0.9688881636,-0.2369862199,0.0713687316,0.2066515833,0.6159289479,-0.7602149844,0.1362024099,0.7513116598,0.6457397342,1,9.0,-378.7,1706.2,1,0.9689908624,-0.2395267487,0.0606914870,0.2063210160,0.6491470933,-0.7321472764,0.1359711587,0.7219660282,0.6784370542,1,90.7,-591.1,1447.2,1,0.9443197846,-0.2841764390,-0.1658434272,-0.0021254271,0.4987594485,-0.8667379022,0.3290224671,0.8188301325,0.4703843892,1,150.9,-360.9,1775.7,1,0.9443196654,-0.0169367846,-0.3285931349,-0.0021254364,0.9983394146,-0.0575658754,0.3290224671,0.0550589897,0.9427155852,0,249.0,-533.1,1492.9,1,-113.0,-426.4,1450.2,1,234.5,-466.3,1607.6,1,168.4,-801.6,1213.0,1,254.6,-864.6,1474.7,0,
2,0.8930680752,0.0722675994,-0.4440796077,0.1104441360,0.9216045737,0.3720836341,0.4361558557,-0.3813426197,0.8150723577,1,112.7,121.7,1548.1,1,0.8930680752,0.0722675994,-0.4440796077,0.1104441360,0.9216045737,0.3720836341,0.4361558557,-0.3813426197,0.8150723577,1,99.5,-47.6,1618.2,1,0.8931906819,0.0567409322,-0.4460836947,0.1122068390,0.9325059056,0.3432805240,0.4354542792,-0.3566692173,0.8265371919,1,89.7,-208.6,1679.8,1,0.5141924620,-0.8133242130,-0.2722311914,0.8214818835,0.3757945299,0.4288892746,-0.2465230376,-0.4441646338,0.8613618612,1,-9.4,-61.2,1565.1,1,-0.0346447490,-0.8133242130,-0.5807784200,0.7307814956,0.3757945895,-0.5698568821,0.6817317009,-0.4441646636,0.5813429952,1,-122.0,-241.2,1619.1,1,0.1724101305,0.9418764114,0.2883460224,-0.9668305516,0.1058092639,0.2324712276,0.1884494722,-0.3188621402,0.9288777113,1,208.3,-33.9,1671.2,1,-0.0721167028,0.9418764710,0.3281278312,-0.8633081317,0.1058093011,-0.4934607744,-0.4994980991,-0.3188621998,0.8054988980,1,250.9,-272.8,1717.8,1,0.9671787024,-0.2437351942,0.0718236640,0.2112039924,0.6139727235,-0.7605461478,0.1412740946,0.7507533431,0.6452991962,1,8.8,-378.5,1706.7,1,0.9672133923,-0.2451287806,0.0664092600,0.2110837847,0.6305311322,-0.7469097376,0.1412159801,0.7364389896,0.6616008878,1,92.9,-590.3,1447.7,1,0.9448822141,-0.2829426825,-0.1647459865,-0.0009958297,0.5006923676,-0.8656247854,0.3274092674,0.8180773854,0.4728135467,1,150.9,-360.6,1776.0,1,0.9448821545,-0.0083316928,-0.3273047209,-0.0009958455,0.9995983839,-0.0283201076,0.3274092078,0.0270851050,0.9444944263,0,248.6,-533.5,1493.5,1,-113.4,-423.9,1448.8,1,234.6,-467.7,1605.0,1,173.3,-797.2,1206.0,1,251.4,-865.4,1484.5,0,
3,0.8936688304,0.0726146623,-0.4428125918,0.1096326709,0.9215820432,0.3723790944,0.4351288676,-0.3813309073,0.8156266212,1,113.4,122.3,1547.8,1,0.8936688304,0.0726146623,-0.4428125918,0.1096326709,0.9215820432,0.3723790944,0.4351288676,-0.3813309073,0.8156266212,1,100.0,-47.2,1617.9,1,0.8937952518,0.0568690598,-0.4448547065,0.1114438623,0.9326506853,0.3431355357,0.4344083965,-0.3562698364,0.8272594810,1,90.2,-208.2,1679.4,1,0.5175773501,-0.8120893240,-0.2694896758,0.8193883300,0.3797229230,0.4294337034,-0.2464070916,-0.4430818558,0.8619524837,1,-8.9,-60.7,1565.0,1,-0.0339978561,-0.8120893240,-0.5825420022,0.7272302508,0.3797229230,-0.5717925429,0.6855511069,-0.4430818856,0.5776661038,1,-122.5,-240.6,1619.1,1,0.1711243391,0.9404988289,0.2935615480,-0.9675137997,0.1041311622,0.2303773016,0.1861006767,-0.3234480023,0.9277650118,1,208.9,-33.6,1670.9,1,-0.0746330172,0.9404988289,0.3314993680,-0.8653382063,0.1041311771,-0.4902514517,-0.4956003428,-0.3234480023,0.8060779572,1,251.4,-273.8,1717.1,1,0.9685661793,-0.2382176965,0.0716360062,0.2077664584,0.6163366437,-0.7595802546,0.1367935538,0.7505874038,0.6464564800,1,9.3,-378.1,1706.4,1,0.9685910344,-0.2388898283,0.0690140873,0.2076903731,0.6246066093,-0.7528155446,0.1367333233,0.7435039878,0.6546035409,1,91.5,-590.8,1447.3,1,0.9455679655,-0.2814206481,-0.1634126008,-0.0004641265,0.5009849072,-0.8654559255,0.3254244328,0.8184231520,0.4735847414,1,151.4,-360.4,1775.5,1,0.9455680251,-0.0041312054,-0.3253985047,-0.0004641400,0.9999012947,-0.0140433172,0.3254244030,0.0134299397,0.9454727769,0,248.6,-533.3,1492.9,1,-114.0,-422.2,1447.9,1,234.6,-469.2,1605.2,1,170.4,-797.0,1202.0,1,250.0,-865.3,1488.4,0,
4,0.8925819993,0.0728080422,-0.4449673891,0.1079892218,0.9236335754,0.3677475452,0.4377623200,-0.3762971461,0.8165547252,1,113.0,121.6,1549.2,1,0.8925819993,0.0728080422,-0.4449673891,0.1079892218,0.9236335754,0.3677475452,0.4377623200,-0.3762971461,0.8165547252,1,99.7,-48.0,1618.3,1,0.8928545713,0.0561604314,-0.4468293488,0.1119131967,0.9334002733,0.3409374952,0.4362183511,-0.3544142842,0.8271040916,1,90.0,-209.2,1679.5,1,0.5156325102,-0.8133785725,-0.2693298757,0.8215200305,0.3800491691,0.4250500202,-0.2433679104,-0.4404295087,0.8641724586,1,-9.1,-61.7,1565.1,1,-0.0297028013,-0.8133784533,-0.5809761286,0.7289771438,0.3800491691,-0.5693460703,0.6838932633,-0.4404295087,0.5816458464,1,-121.3,-240.3,1618.0,1,0.1707908660,0.9416211843,0.2901382744,-0.9679548144,0.1053235158,0.2279705405,0.1841034889,-0.3197759986,0.9294348955,1,208.5,-34.4,1671.4,1,-0.0699435845,0.9416211247,0.3293290734,-0.8678881526,0.1053235307,-0.4854659736,-0.4918110967,-0.3197760582,0.8098550439,1,250.6,-273.2,1716.9,1,0.9655066133,-0.2501631677,0.0722191185,0.2151768059,0.6104098558,-0.7622984052,0.1466157138,0.7515438795,0.6431840658,1,9.0,-379.3,1705.8,1,0.9655099511,-0.2505413294,0.0708492398,0.2151615322,0.6145398021,-0.7589771748,0.1466154754,0.7480439544,0.6472512484,1,95.3,-590.0,1446.4,1,0.9460213184,-0.2804023325,-0.1625371724,-0.0002212524,0.5009371638,-0.8654836416,0.3241045475,0.8188018799,0.4738351703,1,151.6,-361.4,1775.5,1,0.9460212588,-0.0020568948,-0.3240980804,-0.0002212565,0.9999755621,-0.0069921985,0.3241045475,0.0066864770,0.9459976554,0,248.4,-534.4,1492.8,1,-113.9,-421.7,1447.8,1,234.8,-469.1,1605.8,1,178.2,-793.4,1198.8,1,249.1,-866.4,1490.5,0,
5,0.8930948973,0.0735053942,-0.4438224435,0.1079682931,0.9227052927,0.3700764477,0.4367204905,-0.3784326911,0.8161256909,1,113.1,120.4,1548.9,1,0.8930948973,0.0735053942,-0.4438224435,0.1079682931,0.9227052927,0.3700764477,0.4367204905,-0.3784326911,0.8161256909,1,99.7,-48.9,1618.3,1,0.8933026195,0.0566342697,-0.4458729923,0.1109324172,0.9335572720,0.3408281207,0.4355510771,-0.3539249897,0.8276650906,1,89.9,-210.0,1679.4,1,0.5157396197,-0.8114484549,-0.2748892009,0.8213819861,0.3770782351,0.4279529452,-0.2436070591,-0.4465013146,0.8609832525,1,-9.2,-62.4,1565.2,1,-0.0323764458,-0.8114484549,-0.5835264921,0.7338246107,0.3770782053,-0.5650783181,0.6785670519,-0.4465013146,0.5832523704,1,-121.1,-240.6,1618.1,1,0.1693122387,0.9436319470,0.2844158411,-0.9677436352,0.1045504883,0.2292195112,0.1865630150,-0.3140512705,0.9308953285,1,208.5,-35.3,1671.3,1,-0.0667385980,0.9436317682,0.3241989911,-0.8692197800,0.1045504734,-0.4832454324,-0.4899008572,-0.3140513003,0.8132459521,1,250.2,-273.6,1717.3,1,0.9675740600,-0.2418895811,0.0727319568,0.2098992169,0.6098161936,-0.7642424703,0.1405091584,0.7547276020,0.6408147216,1,8.8,-380.1,1705.7,1,0.9675783515,-0.2420695275,0.0720729604,0.2098856568,0.6118845344,-0.7625911832,0.1404997557,0.7529937029,0.6428532600,1,92.3,-590.6,1445.1,1,0.9452716112,-0.2825209796,-0.1632285863,-0.0001184195,0.4999672771,-0.8660442829,0.3262846470,0.8186663985,0.4725713730,1,151.4,-362.4,1775.2,1,0.9452716112,-0.0010262653,-0.3262830079,-0.0001184341,0.9999939799,-0.0034884172,0.3262846172,0.0033361451,0.9452656507,0,249.0,-535.0,1492.6,1,-113.1,-423.2,1449.2,1,235.1,-469.8,1606.7,1,172.5,-793.5,1195.5,1,249.3,-867.0,1491.4,0,
6,0.8935099840,0.0735395774,-0.4429803789,0.1071619391,0.9230754972,0.3693873584,0.4360693991,-0.3775224984,0.8168950081,1,113.4,121.1,1548.7,1,0.8935099840,0.0735395774,-0.4429803789,0.1071619391,0.9230754972,0.3693873584,0.4360693991,-0.3775224984,0.8168950081,1,99.9,-48.3,1618.0,1,0.8937449455,0.0578598492,-0.4448279440,0.1104808003,0.9327072501,0.3432933390,0.4347576499,-0.3559622169,0.8272084594,1,89.9,-209.4,1679.4,1,0.5156887174,-0.8131834865,-0.2698108256,0.8209155798,0.3788096011,0.4273183942,-0.2452813536,-0.4418551922,0.8629027009,1,-9.0,-61.8,1565.0,1,-0.0238245744,-0.8131834269,-0.5815196037,0.7368892431,0.3788095713,-0.5599085093,0.6755934954,-0.4418551326,0.5902011991,1,-120.6,-239.3,1618.0,1,0.1638985127,0.9503524899,0.2645140588,-0.9691123366,0.1050271466,0.2231384367,0.1842790097,-0.2929159105,0.9382119179,1,208.8,-34.9,1670.9,1,-0.0510960855,0.9503524303,0.3069521189,-0.8758725524,0.1050271541,-0.4709740579,-0.4798295498,-0.2929158509,0.8270211816,1,249.3,-274.3,1716.5,1,0.9641976357,-0.2551982701,0.0720889047,0.2180223316,0.6081128716,-0.7633249760,0.1509610265,0.7517130971,0.6419798732,1,8.7,-379.2,1706.2,1,0.9641972780,-0.2552973628,0.0717411637,0.2180215120,0.6091443300,-0.7625023127,0.1509641111,0.7508438230,0.6429956555,1,96.8,-589.2,1446.7,1,0.9451369047,-0.2833341062,-0.1625980586,-0.0000599474,0.4975865185,-0.8674144149,0.3266746998,0.8198350072,0.4702703953,1,151.1,-361.6,1775.5,1,0.9451369047,-0.0005125865,-0.3266743124,-0.0000599329,0.9999985099,-0.0017425019,0.3266747296,0.0016664811,0.9451354146,0,248.9,-533.4,1492.4,1,-114.6,-422.3,1450.2,1,237.7,-472.0,1608.1,1,181.5,-791.2,1197.6,1,249.1,-865.5,1491.8,0,
7,0.8948269486,0.0739982426,-0.4402373433,0.1053516120,0.9233067036,0.3693303764,0.4338043332,-0.3768670857,0.8184022307,1,112.9,121.4,1548.6,1,0.8948269486,0.0739982426,-0.4402373433,0.1053516120,0.9233067036,0.3693303764,0.4338043332,-0.3768670857,0.8184022307,1,99.3,-47.9,1617.7,1,0.8950815201,0.0573059842,-0.4422045052,0.1089530513,0.9335408211,0.3415113389,0.4323870540,-0.3538606167,0.8293498755,1,89.4,-209.1,1678.8,1,0.5098189116,-0.8129406571,-0.2814465761,0.8254725933,0.3701495528,0.4261270761,-0.2422386706,-0.4495740533,0.8597695827,1,-9.8,-61.2,1565.0,1,-0.0261406451,-0.8129405975,-0.5817595124,0.7480313778,0.3701494634,-0.5508523583,0.6631482244,-0.4495740235,0.5984292626,1,-120.3,-240.2,1617.5,1,0.1624025702,0.9491105080,0.2698420882,-0.9694198966,0.1024803966,0.2229862660,0.1839850843,-0.2978038490,0.9367296696,1,208.4,-34.6,1670.4,1,-0.0586978234,0.9491105676,0.3094251156,-0.8714517951,0.1024803817,-0.4796557128,-0.4869562685,-0.2978038192,0.8210886717,1,248.7,-275.4,1716.1,1,0.9637580514,-0.2565924525,0.0730119050,0.2195235044,0.6072561741,-0.7635767460,0.1515911072,0.7519309521,0.6415761113,1,7.9,-379.0,1705.3,1,0.9637579918,-0.2566426992,0.0728368759,0.2195227891,0.6077715755,-0.7631667256,0.1515929997,0.7514973879,0.6420835853,1,96.5,-588.7,1445.6,1,0.9453189373,-0.2827219665,-0.1626051515,-0.0000295192,0.4984892011,-0.8668959141,0.3261474371,0.8194979429,0.4712229073,1,151.2,-361.6,1774.5,1,0.9453188777,-0.0002561106,-0.3261473179,-0.0000295081,0.9999996424,-0.0008707878,0.3261474073,0.0008327963,0.9453185201,0,248.8,-533.7,1491.5,1,-113.8,-426.5,1452.3,1,235.5,-472.1,1606.1,1,181.6,-790.4,1196.2,1,248.9,-865.7,1491.2,0,
8,0.8961483836,0.0798710510,-0.4365070164,0.1051231325,0.9174590111,0.3836887479,0.4311234057,-0.3897297084,0.8137816787,1,114.5,121.6,1545.5,1,0.8961483836,0.0798710510,-0.4365070164,0.1051231325,0.9174590111,0.3836887479,0.4311234057,-0.3897297084,0.8137816787,1,99.9,-46.7,1617.0,1,0.8962314129,0.0641549230,-0.4389226735,0.1061875969,0.9296885729,0.3527073860,0.4306898117,-0.3627161682,0.8264020681,1,88.8,-207.2,1679.6,1,0.5074052215,-0.8172047138,-0.2733432949,0.8265019655,0.3717960417,0.4226846099,-0.2437918335,-0.4403911531,0.8640725017,1,-9.3,-59.6,1564.5,1,-0.0255996957,-0.8172047734,-0.5757788420,0.7399373055,0.3717960715,-0.5605895519,0.6721886992,-0.4403911531,0.5951623321,1,-120.1,-240.1,1617.8,1,0.1630615145,0.9487282038,0.2707869411,-0.9675287604,0.1000408009,0.2321203947,0.1931294352,-0.2998440564,0.9342347383,1,209.1,-33.7,1669.5,1,-0.0624994226,0.9487282634,0.3098523021,-0.8704977036,0.1000408083,-0.4818978310,-0.4881879687,-0.2998440564,0.8196133375,1,249.5,-273.4,1717.3,1,0.9863812923,-0.1520645469,0.0626743138,0.1479245126,0.6536102891,-0.7422343493,0.0719029456,0.7413972020,0.6672031879,1,6.1,-376.2,1707.8,1,0.9897037745,-0.1430881023,-0.0035062488,0.1281327605,0.8966463208,-0.4238010943,0.0637847558,0.4189882278,0.9057485461,0,58.6,-601.9,1451.8,1,0.9477314949,-0.2737310529,-0.1639406085,-0.0134175420,0.4791632891,-0.8776233196,0.3187870681,0.8339508176,0.4504452944,1,149.4,-359.2,1776.7,1,0.9477313757,-0.1549967825,-0.2788928151,-0.0134175420,0.8539488316,-0.5201839209,0.3187870383,0.4967366755,0.8072345257,1,243.8,-524.6,1488.8,1,-113.8,-424.4,1450.3,1,235.4,-470.0,1607.1,1,106.1,-899.6,1312.7,0,287.8,-766.8,1347.9,1,
9,0.8945462108,0.0819680542,-0.4393950701,0.1021008790,0.9195794463,0.3794047832,0.4351582527,-0.3842583895,0.8142358661,1,114.2,121.5,1547.0,1,0.8945462108,0.0819680542,-0.4393950701,0.1021008790,0.9195794463,0.3794047832,0.4351582527,-0.3842583895,0.8142358661,1,99.2,-47.1,1617.5,1,0.8948914409,0.0635191351,-0.4417400658,0.1064921245,0.9308344722,0.3495793641,0.4333923757,-0.3598780334,0.8262299895,1,88.2,-207.8,1679.6,1,0.5065615773,-0.8206694126,-0.2643806934,0.8264606595,0.3747979999,0.4201062322,-0.2456789613,-0.4313099384,0.8681092262,1,-9.9,-60.0,1564.7,1,-0.0191226266,-0.8206694722,-0.5710832477,0.7363880873,0.3747979999,-0.5632575750,0.6762890816,-0.4313098788,0.5971640944,1,-119.6,-239.0,1617.9,1,0.1661771536,0.9458484054,0.2788477540,-0.9670584202,0.1010204107,0.2336510420,0.1928291172,-0.3084895611,0.9314780235,1,208.2,-34.1,1670.3,1,-0.0654462129,0.9458484054,0.3179429173,-0.8714804053,0.1010203958,-0.4799133539,-0.4860439897,-0.3084895313,0.8176769018,1,249.3,-272.8,1717.9,1,0.9923130274,-0.0033928677,0.1237071380,0.0885613635,0.7176898122,-0.6907085180,-0.0864398703,0.6963546276,0.7124734521,1,6.1,-376.9,1707.3,1,0.9923130870,-0.0694481358,0.1024300903,0.0885613710,0.9766386151,-0.1957907677,-0.0864398777,0.2033570558,0.9752815962,0,7.3,-624.8,1466.8,1,0.9500826597,-0.2676727474,-0.1602944583,-0.0182108507,0.4653146565,-0.8849580288,0.3114665151,0.8437023163,0.4372128248,1,148.4,-360.0,1776.2,1,0.9503549933,-0.2208546996,-0.2191998810,-0.0189726204,0.6620047092,-0.7492594719,0.3105888367,0.7162212729,0.6249493361,1,240.8,-520.6,1485.0,1,-114.8,-422.5,1449.4,1,234.5,-469.6,1608.2,1,30.3,-949.0,1399.3,0,306.2,-716.7,1272.9,1,
10,0.8931692839,0.0812467486,-0.4423204064,0.1024475992,0.9209278822,0.3760259151,0.4378965199,-0.3811701238,0.8142193556,1,114.8,120.2,1548.3,1,0.8931692839,0.0812467486,-0.4423204064,0.1024475992,0.9209278822,0.3760259151,0.4378965199,-0.3811701238,0.8142193556,1,99.9,-48.5,1618.1,1,0.8935068846,0.0636066645,-0.4445214868,0.1067649797,0.9314401746,0.3478787243,0.4361730516,-0.3582919836,0.8254556656,1,88.9,-209.3,1680.0,1,0.5128951669,-0.8184103966,-0.2591196597,0.8219602704,0.3811165094,0.4232394099,-0.2476287931,-0.4300635159,0.8681735396,1,-9.0,-61.5,1565.0,1,-0.0174395740,-0.8184105158,-0.5743695498,0.7315946817,0.3811165988,-0.5652605891,0.6815168858,-0.4300636053,0.5920981765,1,-119.8,-239.0,1618.4,1,0.1642819643,0.9460685253,0.2792239189,-0.9679182172,0.1000497192,0.2304875553,0.1901207119,-0.3081308603,0.9321532249,1,208.7,-35.5,1671.3,1,-0.0665993914,0.9460685253,0.3170474172,-0.8707407117,0.1000496745,-0.4814568460,-0.4872116148,-0.3081308305,0.8171170950,1,249.0,-272.4,1717.8,1,0.9833150506,-0.1317928433,0.1253878921,0.1815462112,0.6673694849,-0.7222595811,0.0115085915,0.7329723835,0.6801609993,1,7.1,-378.6,1707.3,1,0.9805276990,-0.1769611835,0.0851467475,0.1953456104,0.8344627619,-0.5152785182,0.0201325044,0.5218779445,0.8527824879,1,51.8,-604.7,1458.9,1,0.9443212152,-0.2803877592,-0.1721629649,-0.0150565356,0.4858786166,-0.8738965988,0.3286802173,0.8278312683,0.4546038508,1,148.7,-361.7,1776.4,1,0.9443212152,-0.1141736060,-0.3085802794,-0.0150565282,0.9218852520,-0.3871703744,0.3286802173,0.3702594042,0.8688367009,0,245.5,-529.4,1490.5,1,-115.4,-421.5,1448.5,1,233.9,-469.0,1607.8,1,104.8,-854.9,1302.5,1,283.4,-835.5,1367.6,0,
11,0.8925144672,0.0792043582,-0.4440093338,0.1036947221,0.9220522642,0.3729157746,0.4389368296,-0.3788748085,0.8147303462,1,114.3,119.3,1548.9,1,0.8925144672,0.0792043582,-0.4440093338,0.1036947221,0.9220522642,0.3729157746,0.4389368296,-0.3788748085,0.8147303462,1,99.8,-49.5,1618.3,1,0.8929021955,0.0607113950,-0.4461385012,0.1088330671,0.9323837161,0.3446958661,0.4368996918,-0.3563349545,0.8259183764,1,89.3,-210.5,1679.8,1,0.5150061846,-0.8177106380,-0.2571340501,0.8208087087,0.3839778304,0.4228877425,-0.2470660359,-0.4288476706,0.8689349890,1,-9.0,-62.8,1565.0,1,-0.0169863738,-0.8177107573,-0.5753788948,0.7285859585,0.3839779198,-0.5672068596,0.6847438216,-0.4288477898,0.5892500877,1,-119.9,-239.5,1618.2,1,0.1625913680,0.9474063516,0.2756543458,-0.9691123366,0.1008324996,0.2250644267,0.1854325235,-0.3037335575,0.9345377684,1,208.6,-36.3,1671.5,1,-0.0673694536,0.9474065304,0.3128620088,-0.8649662137,0.1008324921,-0.4915957749,-0.4972876012,-0.3037336171,0.8126814365,1,248.6,-274.6,1717.1,1,0.9953103065,-0.0960709155,0.0113032991,0.0739186704,0.6799801588,-0.7294950485,0.0623972416,0.7269094586,0.6838926673,1,7.8,-380.1,1706.6,1,0.9953104258,-0.0876522958,-0.0409201793,0.0739186853,0.9620274901,-0.2627530098,0.0623972416,0.2584959865,0.9639950991,0,41.0,-614.9,1455.5,1,0.9485645294,-0.2703790069,-0.1646835506,-0.0201342180,0.4676134586,-0.8837038279,0.3159432113,0.8415657282,0.4381176531,1,149.9,-362.8,1776.1,1,0.9492430687,-0.2052016556,-0.2383904159,-0.0224193633,0.7118266225,-0.7019973397,0.3137436509,0.6717106104,0.6710959673,1,243.2,-524.2,1485.6,1,-115.7,-420.8,1447.8,1,233.4,-469.9,1604.8,1,70.1,-934.4,1369.7,0,302.7,-730.8,1290.7,1,
12,0.8900884986,0.0795835704,-0.4487857819,0.1057341918,0.9217249751,0.3731522262,0.4433542490,-0.3795911670,0.8120003939,1,114.6,120.4,1548.7,1,0.8900884986,0.0795835704,-0.4487857819,0.1057341918,0.9217249751,0.3731522262,0.4433542490,-0.3795911670,0.8120003939,1,100.0,-48.4,1618.2,1,0.8905818462,0.0588103160,-0.4510044456,0.1123442724,0.9324355125,0.3434269726,0.4407300353,-0.3565182388,0.8238014579,1,89.8,-209.4,1679.8,1,0.5160357952,-0.8120501041,-0.2725468278,0.8214998841,0.3790783882,0.4259549975,-0.2425801903,-0.4437052011,0.8627169728,1,-8.5,-62.1,1564.5,1,-0.0215844624,-0.8120501041,-0.5831884742,0.7402763963,0.3790784180,-0.5552392006,0.6719561815,-0.4437052011,0.5929592252,1,-120.4,-240.3,1617.1,1,0.1638499349,0.9524543881,0.2568730116,-0.9693765044,0.1071686819,0.2209613323,0.1829268485,-0.2852111459,0.9408466220,1,208.5,-34.7,1671.9,1,-0.0527590811,0.9524545670,0.3000783622,-0.8639442325,0.1071687043,-0.4920521677,-0.5008162856,-0.2852111757,0.8172133565,1,249.1,-274.7,1717.2,1,0.9844338298,-0.1750387251,0.0158601310,0.1270645410,0.6464577317,-0.7522944808,0.1214277595,0.7425994873,0.6586360335,1,9.1,-379.3,1706.4,1,0.9826744795,-0.1828627437,-0.0302004386,0.1351534873,0.8185094595,-0.5583689213,0.1268242151,0.5446132421,0.8290428519,1,69.0,-600.5,1452.2,1,0.9454994798,-0.2790172398,-0.1678692997,-0.0132147521,0.4822279513,-0.8759461045,0.3253553212,0.8304249048,0.4522591531,1,150.3,-361.5,1776.3,1,0.9454995394,-0.1034052446,-0.3087686598,-0.0132147372,0.9352716208,-0.3536839783,0.3253553510,0.3384883106,0.8829324245,0,246.7,-528.0,1489.5,1,-115.1,-424.2,1450.1,1,237.2,-469.8,1604.1,1,124.1,-847.1,1288.1,1,281.0,-838.5,1377.1,0,
13,0.8881031871,0.0799510330,-0.4526370764,0.1052286550,0.9232380390,0.3695371151,0.4474371076,-0.3758181632,0.8115158081,1,114.6,118.7,1550.1,1,0.8881031871,0.0799510330,-0.4526370764,0.1052286550,0.9232380390,0.3695371151,0.4474371076,-0.3758181632,0.8115158081,1,100.0,-49.9,1618.7,1,0.8885552287,0.0612191930,-0.4546663761,0.1111723930,0.9327855706,0.3428572714,0.4450961053,-0.3551946282,0.8220238686,1,89.4,-210.9,1680.1,1,0.5183831453,-0.8121963143,-0.2676118314,0.8194273114,0.3822768629,0.4270869493,-0.2445765883,-0.4406831264,0.8637018204,1,-8.3,-63.4,1564.5,1,-0.0247924626,-0.8121962547,-0.5828571916,0.7320905924,0.3822768033,-0.5638330579,0.6807559133,-0.4406830668,0.5851237178,1,-120.7,-241.1,1617.6,1,0.1692420393,0.9565895796,0.2372627705,-0.9680708647,0.1161787808,0.2221288383,0.1849212050,-0.2672806978,0.9457088709,1,208.2,-36.3,1673.0,1,-0.0371959992,0.9565895796,0.2890552580,-0.8609386683,0.1161787957,-0.4952647686,-0.5073471665,-0.2672807276,0.8192434907,1,249.7,-273.3,1718.3,1,0.9945877790,-0.0534606315,0.0890906826,0.1012703031,0.6904944777,-0.7162134647,-0.0232274011,0.7213593125,0.6921713352,1,8.8,-380.7,1706.3,1,0.9945877790,-0.0912078768,0.0497625545,0.1012703180,0.9580669999,-0.2680520415,-0.0232274048,0.2716407478,0.9621184468,0,27.3,-619.2,1457.2,1,0.9480317831,-0.2720445693,-0.1650081277,-0.0212910101,0.4632035196,-0.8859962225,0.3174628019,0.8434656262,0.4333395362,1,148.9,-363.2,1776.5,1,0.9482807517,-0.2039701790,-0.2432280332,-0.0221239477,0.7219029069,-0.6916406155,0.3166610897,0.6612505913,0.6800540090,1,242.8,-523.1,1485.4,1,-114.5,-423.2,1448.2,1,241.3,-467.7,1603.7,1,57.5,-937.3,1367.0,0,301.6,-731.4,1294.5,1,
14,0.8887653351,0.0796891525,-0.4513819516,0.1072669774,0.9212656021,0.3738485575,0.4456347525,-0.3806826770,0.8102391958,1,114.6,120.6,1548.8,1,0.8887653351,0.0796891525,-0.4513819516,0.1072669774,0.9212656021,0.3738485575,0.4456347525,-0.3806826770,0.8102391958,1,100.0,-48.3,1618.6,1,0.8889789581,0.0627033785,-0.4536347091,0.1100484505,0.9323047400,0.3445236683,0.4445289969,-0.3561967313,0.8218971491,1,89.1,-209.3,1680.1,1,0.5140048862,-0.8106988668,-0.2802965641,0.8227449059,0.3734992743,0.4284728467,-0.2426719069,-0.4508497119,0.8589789271,1,-8.4,-61.7,1564.4,1,-0.0324223451,-0.8106989861,-0.5845648050,0.7402503490,0.3734992743,-0.5590417981,0.6715490818,-0.4508497417,0.5880104899,1,-121.3,-242.6,1617.8,1,0.1691064090,0.9669107795,0.1910144240,-0.9689520597,0.1276299059,0.2117603421,0.1803741902,-0.2208938599,0.9584733248,1,208.3,-34.9,1672.8,1,-0.0079855993,0.9669108391,0.2549896240,-0.8502951264,0.1276299059,-0.5105966330,-0.5262457728,-0.2208938599,0.8211402297,1,250.2,-275.2,1717.5,1,0.9570199251,0.2577943802,0.1328717917,-0.1249398813,0.7799172401,-0.6132855415,-0.2617306113,0.5703254938,0.7786051631,1,7.7,-379.0,1706.3,1,0.8429216146,-0.0439017117,0.5362424254,0.1069721431,0.9904428124,-0.0870632157,-0.5272952318,0.1307504475,0.8395619392,0,-81.3,-648.3,1509.4,1,0.9493343830,-0.2676586807,-0.1646913886,-0.0246771798,0.4589407742,-0.8881241679,0.3132977486,0.8471907377,0.4290831983,1,148.9,-361.5,1776.9,1,0.9495685101,-0.2390097976,-0.2029627264,-0.0251741707,0.5870858431,-0.8091331720,0.3125472963,0.7734367847,0.5514613986,1,241.3,-519.9,1484.4,1,-113.3,-427.2,1450.2,1,248.4,-467.1,1598.8,1,-66.7,-977.2,1466.0,0,314.4,-699.6,1247.7,1,
15,0.8891955614,0.0821575299,-0.4500901103,0.1093780100,0.9170500636,0.3834775388,0.4442610741,-0.3902171850,0.8064488769,1,115.5,120.4,1546.1,1,0.8891955614,0.0821575299,-0.4500901103,0.1093780100,0.9170500636,0.3834775388,0.4442610741,-0.3902171850,0.8064488769,1,100.4,-47.9,1617.8,1,0.8892539144,0.0657474399,-0.4526637793,0.1101064160,0.9297499061,0.3513418138,0.4439643323,-0.3622739017,0.8195427656,1,89.0,-208.5,1680.3,1,0.5158765912,-0.8119576573,-0.2731229067,0.8213444948,0.3781953454,0.4270380139,-0.2434429526,-0.4446269274,0.8619991541,1,-8.0,-61.4,1563.7,1,-0.0256125368,-0.8119576573,-0.5831542611,0.7379004359,0.3781953752,-0.5589912534,0.6744233966,-0.4446269572,0.5894573927,1,-120.7,-240.8,1616.9,1,0.1692185402,0.9760512114,0.1367089897,-0.9675366879,0.1380958408,0.2116654515,0.1877173185,-0.1680886745,0.9677337408,1,208.7,-34.5,1671.9,1,0.0227756351,0.9760510921,0.2163458765,-0.8332973719,0.1380958259,-0.5352989435,-0.5523555279,-0.1680886745,0.8164861202,1,250.7,-274.3,1718.4,1,0.9287266731,0.3598526418,0.0892923474,-0.2519790232,0.7892683744,-0.5599661469,-0.2719808817,0.4975556433,0.8236898184,1,6.8,-377.8,1707.5,1,0.7634975910,-0.0213773139,0.6454568505,0.0574053526,0.9977422357,-0.0348587185,-0.6432543993,0.0636672229,0.7630009055,0,-117.4,-650.3,1535.7,1,0.9499908686,-0.2651165724,-0.1650170982,-0.0270395055,0.4566107690,-0.8892555833,0.3111049831,0.8492466211,0.4266074300,1,148.5,-360.2,1778.3,1,0.9501275420,-0.2520346344,-0.1836744100,-0.0272758156,0.5195464492,-0.8540067673,0.3106666803,0.8164252043,0.4867608845,1,240.1,-517.9,1485.0,1,-114.3,-424.5,1449.0,1,255.8,-462.2,1593.9,1,-110.3,-981.6,1514.6,0,320.2,-683.1,1225.4,1,
16,0.8906073570,0.0821285695,-0.4472955763,0.1066855192,0.9183811545,0.3810426593,0.4420827031,-0.3870800436,0.8091533780,1,113.8,119.5,1546.3,1,0.8906073570,0.0821285695,-0.4472955763,0.1066855192,0.9183811545,0.3810426593,0.4420827031,-0.3870800436,0.8091533780,1,98.8,-49.1,1617.4,1,0.8906540275,0.0664778352,-0.4497954249,0.1072665453,0.9306106567,0.3499387205,0.4418479800,-0.3599229753,0.8217195272,1,87.3,-209.7,1679.5,1,0.5139930844,-0.8172723651,-0.2605327070,0.8207525611,0.3802755475,0.4263284504,-0.2493521869,-0.4329627752,0.8662372231,1,-9.8,-62.1,1563.6,1,-0.0154292304,-0.8172723055,-0.5760452151,0.7366329432,0.3802754879,-0.5592517853,0.6761167645,-0.4329626858,0.5961623192,1,-119.8,-237.9,1616.9,1,0.1792113632,0.9774395227,0.1117822826,-0.9654213190,0.1528570205,0.2111784369,0.1893274188,-0.1457625628,0.9710347652,1,207.3,-36.0,1671.2,1,0.0388662070,0.9774395227,0.2076088041,-0.8084940314,0.1528570205,-0.5683063269,-0.5872194767,-0.1457625628,0.7961950898,1,251.8,-275.6,1718.2,1,0.9672687650,0.0380804390,0.2508802712,0.1397798806,0.7451947927,-0.6520324945,-0.2117844224,0.6657586098,0.7154809237,1,3.7,-379.1,1705.9,1,0.8313195705,-0.1647484452,0.5308158994,0.3683719933,0.8784799576,-0.3042611778,-0.4161845744,0.4484760463,0.7909864187,1,-8.3,-614.9,1495.2,1,0.9450775981,-0.2789872587,-0.1702777445,-0.0180654749,0.4755880833,-0.8794826269,0.3263465166,0.8342553377,0.4444276392,1,147.9,-361.7,1777.4,1,0.9450776577,-0.1414544433,-0.2946507335,-0.0180654824,0.8775114417,-0.4792154133,0.3263465166,0.4582187533,0.8267609477,0,244.2,-526.0,1489.3,1,-116.0,-420.4,1449.4,1,260.5,-457.8,1585.9,1,40.8,-876.8,1361.5,1,291.2,-817.3,1337.2,0,
17,0.8901987672,0.0847484171,-0.4476201236,0.1028061807,0.9198312759,0.3786036968,0.4438214004,-0.3830513060,0.8101182580,1,114.0,119.6,1546.9,1,0.8901987672,0.0847484171,-0.4476201236,0.1028061807,0.9198312759,0.3786036968,0.4438214004,-0.3830513060,0.8101182580,1,98.5,-49.3,1617.3,1,0.8905004263,0.0666909814,-0.4500680268,0.1064931527,0.9311704636,0.3486836255,0.4423444867,-0.3584326804,0.8221037388,1,86.9,-210.1,1679.2,1,0.5100576878,-0.8144661784,-0.2765609324,0.8247315288,0.3717870712,0.4261363745,-0.2442518622,-0.4454426765,0.8613488674,1,-10.0,-62.3,1563.4,1,-0.0257789008,-0.8144662380,-0.5796380639,0.7437793016,0.3717871606,-0.5554878116,0.6679280400,-0.4454426467,0.5961988568,1,-119.9,-239.9,1616.0,1,0.1826698333,0.9797230363,0.0823083669,-0.9642064571,0.1621517241,0.2097922713,0.1921918690,-0.1176849753,0.9742754102,1,207.0,-36.3,1671.2,1,0.0482235774,0.9797230363,0.1944670081,-0.7609515190,0.1621517241,-0.6282194257,-0.6470142007,-0.1176849753,0.7533411980,1,252.6,-277.3,1719.2,1,0.9786731005,0.0264055226,0.2037198693,0.1186715215,0.7368108630,-0.6656026244,-0.1676785946,0.6755831838,0.7179633379,1,3.7,-379.4,1705.4,1,0.9786729813,-0.0804108903,0.1890320778,0.1186715141,0.9724297523,-0.2007419616,-0.1676785648,0.2188934684,0.9612333179,0,-5.4,-633.9,1472.1,1,0.9466732740,-0.2755994201,-0.1668968052,-0.0215611011,0.4626491368,-0.8862792253,0.3214727044,0.8426153660,0.4320354164,1,147.2,-362.3,1776.7,1,0.9468633533,-0.2219624519,-0.2327716053,-0.0220950246,0.6771128774,-0.7355474234,0.3208765686,0.7016060352,0.6362289786,1,242.3,-522.0,1485.8,1,-113.5,-424.0,1450.7,1,263.5,-448.5,1573.7,1,21.3,-956.7,1399.4,0,307.5,-720.9,1279.7,1,
18,0.8914536834,0.0851850361,-0.4450322986,0.1059570387,0.9157482386,0.3875275850,0.4405495226,-0.3926178217,0.8073194623,1,115.0,119.1,1544.7,1,0.8914536834,0.0851850361,-0.4450322986,0.1059570387,0.9157482386,0.3875275850,0.4405495226,-0.3926178217,0.8073194623,1,99.4,-49.2,1616.9,1,0.8916302919,0.0669453144,-0.4477875829,0.1080981717,0.9289319515,0.3541181684,0.4396711588,-0.3641480803,0.8210253716,1,87.8,-209.6,1679.8,1,0.5177700520,-0.8049679399,-0.2897253036,0.8205581307,0.3714437783,0.4344119430,-0.2420710325,-0.4626619220,0.8528455496,1,-9.3,-62.4,1563.3,1,-0.0323591046,-0.8049680591,-0.5924352407,0.7511417866,0.3714438081,-0.5457248688,0.6593474150,-0.4626620114,0.5926254988,1,-122.0,-241.0,1616.0,1,0.1788150221,0.9821761250,0.0579249188,-0.9637981653,0.1630259752,0.2109870017,0.1977830976,-0.0935555771,0.9757711291,1,208.0,-36.1,1670.5,1,0.0546813197,0.9821760654,0.1798334420,-0.7240284085,0.1630259752,-0.6702278852,-0.6875993013,-0.0935555696,0.7200378776,1,252.8,-277.4,1720.0,1,0.9710139632,-0.1196710467,0.2069078833,0.2321923375,0.6777282953,-0.6976898909,-0.0567340553,0.7255089283,0.6858703494,1,5.6,-378.6,1707.8,1,0.9683605433,-0.1828440428,0.1698404551,0.2447495162,0.8287521005,-0.5032569170,-0.0487381071,0.5289025307,0.8472819328,1,45.5,-604.7,1465.7,1,0.9363495708,-0.2998062074,-0.1826628447,-0.0210472643,0.4714297056,-0.8816524744,0.3504375815,0.8293794394,0.4351128936,1,146.9,-361.4,1777.5,1,0.9363495708,-0.1137574539,-0.3321275413,-0.0210472569,0.9261547327,-0.3765559196,0.3504375219,0.3595783710,0.8648103476,0,250.4,-524.2,1491.1,1,-113.9,-427.7,1452.1,1,265.1,-440.3,1565.3,1,100.4,-853.4,1307.0,1,288.2,-831.7,1371.7,0,
19,0.8890988827,0.0815092251,-0.4503993094,0.1078864112,0.9189727902,0.3792743087,0.4448194504,-0.3858049214,0.8082621098,1,114.3,117.3,1546.6,1,0.8890988827,0.0815092251,-0.4503993094,0.1078864112,0.9189727902,0.3792743087,0.4448194504,-0.3858049214,0.8082621098,1,99.4,-51.4,1617.4,1,0.8895270228,0.0610648878,-0.4527833462,0.1134408489,0.9304750562,0.3483487666,0.4425759017,-0.3612303436,0.8207536340,1,88.8,-212.1,1679.8,1,0.5217065811,-0.8079674840,-0.2738811672,0.8166160583,0.3800375760,0.4344073534,-0.2469018847,-0.4502889514,0.8580672741,1,-9.0,-65.2,1563.5,1,-0.0258961860,-0.8079674244,-0.5886577964,0.7405612469,0.3800375462,-0.5542025566,0.6714897156,-0.4502888918,0.5885078907,1,-121.0,-240.5,1616.5,1,0.1727003753,0.9846399426,0.0256621279,-0.9612904191,0.1628115624,0.2222902328,0.2146977484,-0.0630583614,0.9746427536,1,207.8,-37.6,1671.4,1,0.0634744018,0.9846401215,0.1626498550,-0.6702560782,0.1628116071,-0.7240505815,-0.7394104600,-0.0630583763,0.6702953577,1,250.9,-277.7,1725.0,1,0.9575937390,-0.1923971921,0.2144707143,0.2881188691,0.6358892918,-0.7159835696,0.0013736039,0.7474142909,0.6643568277,1,7.8,-381.7,1707.1,1,0.9551447630,-0.2274110764,0.1896915287,0.2960124016,0.7143846154,-0.6340594292,0.0086794347,0.6617694497,0.7496572137,1,72.9,-596.8,1454.3,1,0.9310538769,-0.3157159984,-0.1829263419,-0.0120979398,0.4743446410,-0.8802561164,0.3646810651,0.8217788935,0.4378208816,1,148.7,-363.7,1777.2,1,0.9310539365,-0.0537033156,-0.3609080315,-0.0120979398,0.9840224981,-0.1776327938,0.3646810651,0.1697519571,0.9155282974,0,257.7,-527.5,1493.5,1,-114.5,-424.7,1449.5,1,265.0,-427.2,1560.1,1,143.7,-819.2,1248.2,1,275.6,-854.3,1437.1,0,
20,0.8849213719,0.0785227865,-0.4590733051,0.1130368188,0.9200040698,0.3752525449,0.4518156052,-0.3839618266,0.8052536249,1,114.8,117.8,1547.6,1,0.8849213719,0.0785227865,-0.4590733051,0.1130368188,0.9200040698,0.3752525449,0.4518156052,-0.3839618266,0.8052536249,1,100.4,-50.6,1617.9,1,0.8851971030,0.0607914925,-0.4612271786,0.1166991517,0.9307104349,0.3466393352,0.4503420889,-0.3606695235,0.8167660832,1,89.9,-211.3,1680.1,1,0.5310834050,-0.7978820205,-0.2851926982,0.8111628890,0.3814834356,0.4432666302,-0.2448781729,-0.4667492807,0.8498116732,1,-7.5,-64.8,1563.0,1,-0.0407979451,-0.7978820801,-0.6014316082,0.7383357882,0.3814834356,-0.5561751723,0.6731982827,-0.4667492807,0.5735410452,1,-123.0,-241.2,1616.2,1,0.1734468639,0.9848409891,-0.0021316465,-0.9652828574,0.1704307944,0.1979455948,0.1953082234,-0.0322754011,0.9802107215,1,208.2,-36.4,1672.7,1,0.0849481821,0.9848408699,0.1512354463,-0.6361098886,0.1704307795,-0.7525407672,-0.7669080496,-0.0322753936,0.6409448385,1,252.4,-282.4,1722.5,1,0.9518914819,-0.2198432237,0.2134753317,0.3053252697,0.6211831570,-0.7217395902,0.0260622799,0.7521970868,0.6584226489,1,9.3,-381.2,1706.7,1,0.9504175186,-0.2378942668,0.2002823949,0.3094730973,0.6602794528,-0.6842934489,0.0305471420,0.7123463750,0.7011630535,1,84.4,-593.4,1449.8,1,0.9356211424,-0.3034845889,-0.1803066730,-0.0046553910,0.5001224875,-0.8659422398,0.3529755473,0.8110330701,0.4665122926,1,149.5,-362.7,1778.1,1,0.9356210828,-0.0257541593,-0.3520655036,-0.0046553779,0.9963482022,-0.0852562487,0.3529755473,0.0814065263,0.9320844412,0,254.3,-535.4,1498.0,1,-112.8,-425.0,1448.7,1,271.3,-423.5,1552.4,1,160.8,-805.3,1221.2,1,262.8,-866.2,1471.0,0,
21,0.8862748742,0.0796024874,-0.4562678933,0.1154670417,0.9160417914,0.3841015100,0.4485363364,-0.3931040168,0.8026716709,1,114.4,117.6,1545.0,1,0.8862748742,0.0796024874,-0.4562678933,0.1154670417,0.9160417914,0.3841015100,0.4485363364,-0.3931040168,0.8026716709,1,99.8,-49.8,1616.9,1,0.8865301013,0.0618512407,-0.4585180283,0.1187937260,0.9273728132,0.3547773659,0.4471610487,-0.3689904809,0.8147946596,1,89.2,-209.9,1680.6,1,0.5229938030,-0.8060021996,-0.2771966159,0.8161380291,0.3797877133,0.4355226755,-0.2457563728,-0.4540063739,0.8564356565,1,-8.2,-64.3,1562.4,1,-0.0344983898,-0.8060021996,-0.5909063816,0.7355709076,0.3797877133,-0.5609784126,0.6765688062,-0.4540064037,0.5797696710,1,-121.5,-241.1,1615.6,1,0.1714171320,0.9843895435,-0.0399177447,-0.9672855735,0.1758534461,0.1828497946,0.1870150566,0.0072682723,0.9823302627,1,207.9,-35.4,1671.4,1,0.1127801687,0.9843896627,0.1351217926,-0.5985383987,0.1758534610,-0.7815545201,-0.7931157351,0.0072682649,0.6090276837,1,252.2,-285.7,1719.7,1,0.9458354712,-0.2421244234,0.2162657529,0.3217641711,0.6105860472,-0.7236383557,0.0431616753,0.7540293932,0.6554210186,1,7.9,-379.5,1708.7,1,0.9450027943,-0.2513760924,0.2092360109,0.3238645196,0.6299780607,-0.7058607340,0.0456224233,0.7348044515,0.6767428517,1,91.1,-589.2,1449.8,1,0.9385329485,-0.2950522602,-0.1791652292,-0.0019211024,0.5145612955,-0.8574514985,0.3451845050,0.8050906062,0.4823658764,1,149.1,-360.6,1779.9,1,0.9385329485,-0.0125812851,-0.3449605107,-0.0019210912,0.9991297126,-0.0416666381,0.3451845050,0.0397682078,0.9376919866,0,250.9,-538.3,1501.9,1,-112.9,-424.2,1447.3,1,277.2,-418.2,1544.1,1,173.0,-794.7,1210.1,1,255.1,-870.0,1488.7,0,
22,0.8819117546,0.0817977637,-0.4642638266,0.1159537882,0.9169359803,0.3818146288,0.4569321871,-0.3905605972,0.7991700768,1,116.0,118.9,1546.8,1,0.8819117546,0.0817977637,-0.4642638266,0.1159537882,0.9169359803,0.3818146288,0.4569321871,-0.3905605972,0.7991700768,1,101.0,-48.6,1618.1,1,0.8823432922,0.0640034527,-0.4662337005,0.1214097366,0.9262142181,0.3569119871,0.4546763599,-0.3715248108,0.8094665408,1,90.0,-208.5,1682.2,1,0.5179221630,-0.8152556419,-0.2590656877,0.8195480704,0.3861059844,0.4233949184,-0.2451481968,-0.4316023886,0.8681139946,1,-6.5,-63.4,1562.7,1,-0.0199218094,-0.8152555227,-0.5787585974,0.7261565328,0.3861059248,-0.5688751340,0.6872407198,-0.4316023588,0.5843111873,1,-119.7,-242.6,1616.3,1,0.1589989662,0.9844178557,-0.0751061961,-0.9735692143,0.1689704061,0.1536617577,0.1639580876,0.0486890152,0.9852650762,1,208.5,-33.8,1673.5,1,0.1353025138,0.9844178557,0.1123158038,-0.5509845018,0.1689703912,-0.8172301650,-0.8234739304,0.0486890338,0.5652611256,1,250.1,-288.3,1716.4,1,0.9450372458,-0.2477850914,0.2133236080,0.3230437040,0.6068935990,-0.7261700034,0.0504693687,0.7551705837,0.6535825133,1,9.3,-378.0,1710.5,1,0.9445984364,-0.2524354458,0.2097866386,0.3241193295,0.6165583730,-0.7174974084,0.0517760664,0.7457426786,0.6642192602,1,94.6,-586.9,1450.5,1,0.9384976625,-0.2930416763,-0.1826166064,-0.0009505153,0.5266907811,-0.8500565290,0.3452844620,0.7979494929,0.4940195382,1,148.6,-358.8,1782.3,1,0.9384976029,-0.0062149470,-0.3452297747,-0.0009505451,0.9997876883,-0.0205825567,0.3452844024,0.0196448378,0.9382924438,0,249.8,-540.7,1506.7,1,-114.8,-422.9,1445.6,1,279.8,-409.3,1535.5,1,177.7,-789.8,1205.1,1,251.8,-872.6,1500.2,0,
23,0.8792360425,0.0777151585,-0.4700045586,0.1197509468,0.9188694954,0.3759492636,0.4610902369,-0.3868322670,0.7985950708,1,116.9,120.7,1547.6,1,0.8792360425,0.0777151585,-0.4700045586,0.1197509468,0.9188694954,0.3759492636,0.4610902369,-0.3868322670,0.7985950708,1,102.7,-47.4,1618.4,1,0.8796365261,0.0596994758,-0.4718851149,0.1251333058,0.9280999303,0.3506729305,0.4588919878,-0.3675138652,0.8089184761,1,92.4,-207.7,1681.9,1,0.5188381076,-0.8162866831,-0.2539352179,0.8184909225,0.3886010349,0.4231569767,-0.2467378974,-0.4273936450,0.8697443008,1,-4.5,-62.7,1562.5,1,-0.0137629034,-0.8162868023,-0.5774830580,0.7265934944,0.3886010647,-0.5666138530,0.6869298220,-0.4273936749,0.5877603292,1,-118.4,-242.3,1616.7,1,0.1656920910,0.9825527072,-0.0844761506,-0.9703706503,0.1777124256,0.1637038440,0.1758601069,0.0548487455,0.9828860164,1,209.9,-32.2,1674.3,1,0.1410662979,0.9825527668,0.1212039292,-0.5199165344,0.1777124405,-0.8355268836,-0.8424886465,0.0548487529,0.5359146595,1,253.1,-285.2,1720.2,1,0.9453443289,-0.2456360459,0.2144459784,0.3225306273,0.6077143550,-0.7257115841,0.0479390174,0.7552126646,0.6537244916,1,13.0,-377.7,1709.3,1,0.9451327324,-0.2479508221,0.2127076238,0.3230543435,0.6125440598,-0.7214053273,0.0485802591,0.7505399585,0.6590369940,1,97.7,-587.3,1448.9,1,0.9390225410,-0.2904499471,-0.1840524822,-0.0004567206,0.5342074037,-0.8453532457,0.3438550234,0.7938899398,0.5015001893,1,151.1,-358.1,1781.4,1,0.9390227199,-0.0030883851,-0.3438415229,-0.0004567022,0.9999476075,-0.0102287736,0.3438551128,0.0097620832,0.9389720559,0,251.4,-542.5,1507.2,1,-115.0,-422.8,1446.0,1,284.1,-399.6,1534.8,1,179.6,-789.7,1200.8,1,252.5,-874.5,1504.0,0,
