1,0.6220456958,0.0145565653,-0.7828450203,0.2658648193,0.9364962578,0.2286678851,0.7364605069,-0.3503734469,0.5786729455,1,212.2,124.6,1573.5,1,0.6220456958,0.0145565653,-0.7828450203,0.2658648193,0.9364962578,0.2286678851,0.7364605069,-0.3503734469,0.5786729455,1,209.5,-46.2,1637.4,1,0.6222057343,0.0047835312,-0.7828385234,0.2813275456,0.9318140149,0.2292940766,0.7305572033,-0.3629027903,0.5784338713,1,208.7,-207.0,1700.0,1,-0.3113503456,-0.1882989854,-0.9314528704,0.8287750483,0.4257794619,-0.3631029129,0.4649654031,-0.8850171566,0.0234909207,1,133.7,-80.4,1548.3,1,-0.9737827182,-0.1882990003,-0.1276353747,0.0361700580,0.4257794917,-0.9041038156,0.2245863378,-0.8850172162,-0.4078058898,1,205.0,-270.1,1441.9,1,-0.0000026226,1.0000003576,-0.0000000000,-1.0000003576,-0.0000026226,0.0000000000,0.0000000000,0.0000000000,1.0000000000,0,285.4,-11.9,1726.4,1,0.0000197291,0.9999990463,-0.0000000000,-0.9999990463,0.0000197291,-0.0000000000,-0.0000000000,0.0000000000,1.0000000000,0,285.4,-237.7,1726.4,0,0.7300645113,0.5469589233,-0.4096848965,-0.6833176613,0.5762968063,-0.4482842684,-0.0090929568,0.6072213054,0.7944806814,1,158.3,-390.3,1704.4,1,0.7293409109,0.5397222638,0.4204303920,0.0284127444,0.5901036859,-0.8068273664,-0.6835601926,0.6003977060,0.4150517881,1,-30.5,-589.3,1494.8,1,0.9846475124,-0.1437623948,-0.0990014598,-0.0185311958,0.4778705537,-0.8782346845,0.1735669971,0.8665863872,0.4678700566,1,257.5,-345.5,1820.9,1,0.9846476316,-0.1437623352,-0.0990014151,-0.0185312554,0.4778702259,-0.8782349229,0.1735669374,0.8665866256,0.4678697586,1,307.1,-510.5,1521.7,1,448.0,-279.2,1385.9,1,285.4,-463.4,1726.4,0,-208.0,-783.3,1297.4,1,354.9,-669.2,1233.9,1,
2,0.6219764352,0.0145763224,-0.7828996181,0.2657332718,0.9365626574,0.2285488099,0.7365664244,-0.3501950800,0.5786460638,1,212.0,124.0,1573.5,1,0.6219764352,0.0145763224,-0.7828996181,0.2657332718,0.9365626574,0.2285488099,0.7365664244,-0.3501950800,0.5786460638,1,209.4,-46.3,1637.2,1,0.6221203208,0.0027774936,-0.7829160690,0.2812273800,0.9324603081,0.2267758250,0.7306685448,-0.3612599373,0.5793209672,1,208.9,-207.3,1699.6,1,-0.3101224005,-0.1870121062,-0.9321216345,0.8284088373,0.4278824925,-0.3614628911,0.4664363861,-0.8842755556,0.0222265441,1,133.5,-80.6,1548.2,1,-0.9740092754,-0.1870121211,-0.1277987063,0.0363407806,0.4278824925,-0.9031035304,0.2235741317,-0.8842755556,-0.4099653065,1,204.5,-270.1,1441.5,1,-0.0000026226,1.0000003576,-0.0000000000,-1.0000003576,-0.0000026226,0.0000000000,0.0000000000,0.0000000000,1.0000000000,0,285.2,-12.0,1726.2,1,0.0000197291,0.9999990463,-0.0000000000,-0.9999990463,0.0000197291,-0.0000000000,-0.0000000000,0.0000000000,1.0000000000,0,285.2,-237.8,1726.2,0,0.7306078672,0.5467818379,-0.4089521766,-0.6827045679,0.5751112700,-0.4507344663,-0.0112604201,0.6085035801,0.7934712768,1,158.8,-390.7,1703.7,1,0.7288187146,0.5432066917,0.4168331027,0.0309672505,0.5820026994,-0.8125970364,-0.6840061545,0.6051440239,0.4073528647,1,-30.0,-589.3,1493.6,1,0.9847683907,-0.1440383345,-0.0973874256,-0.0169009045,0.4781602323,-0.8781099916,0.1730483025,0.8663809299,0.4684426486,1,258.0,-345.9,1820.2,1,0.9847683907,-0.1440383494,-0.0973874032,-0.0169009194,0.4781599641,-0.8781101704,0.1730482876,0.8663809896,0.4684424400,1,307.7,-511.0,1521.0,1,447.9,-279.1,1385.6,1,285.2,-463.6,1726.2,0,-209.4,-781.6,1293.7,1,355.5,-669.8,1233.3,1,
3,0.6256580949,0.0155634405,-0.7799414992,0.2614484727,0.9377936721,0.2284426391,0.7349801064,-0.3468421102,0.5826686621,1,211.6,123.9,1573.0,1,0.6256580949,0.0155634405,-0.7799414992,0.2614484727,0.9377936721,0.2284426391,0.7349801064,-0.3468421102,0.5826686621,1,208.8,-46.8,1636.2,1,0.6258411407,0.0069861352,-0.7799186110,0.2766362429,0.9329596162,0.2303411663,0.7292422652,-0.3599113524,0.5819514394,1,207.6,-207.9,1698.3,1,-0.3150880635,-0.1863210052,-0.9305934310,0.8287156224,0.4238739312,-0.3654604256,0.4625471830,-0.8863495588,0.0208495129,1,132.5,-80.5,1547.3,1,-0.9745382071,-0.1863210201,-0.1247386485,0.0348045565,0.4238739610,-0.9050523043,0.2215036899,-0.8863495588,-0.4065965712,1,204.7,-270.5,1441.2,1,-0.0000026226,1.0000003576,-0.0000000000,-1.0000003576,-0.0000026226,0.0000000000,0.0000000000,0.0000000000,1.0000000000,0,285.0,-13.1,1725.0,1,0.0000197291,0.9999990463,-0.0000000000,-0.9999990463,0.0000197291,-0.0000000000,-0.0000000000,0.0000000000,1.0000000000,0,285.0,-238.9,1725.0,0,0.7371182442,0.5416560173,-0.4040613174,-0.6756521463,0.5798619986,-0.4552520812,-0.0122902691,0.6085794568,0.7933977842,1,156.5,-391.0,1702.3,1,0.7311726809,0.5398513675,0.4170694053,0.0322815180,0.5833013058,-0.8116140962,-0.6814280748,0.6068937182,0.4090668559,1,-30.6,-591.2,1492.2,1,0.9837653041,-0.1484211683,-0.1008810997,-0.0180744976,0.4773347378,-0.8785356879,0.1785473526,0.8660962582,0.4669027030,1,256.2,-346.9,1818.5,1,0.9837653637,-0.1484210789,-0.1008810326,-0.0180745572,0.4773344100,-0.8785358071,0.1785472333,0.8660964966,0.4669023454,1,307.5,-511.8,1519.5,1,448.0,-279.2,1385.9,1,285.0,-464.7,1725.0,0,-209.4,-784.4,1291.2,1,356.8,-670.2,1231.9,1,
4,0.6313649416,0.0196565166,-0.7752359509,0.2584248483,0.9372044802,0.2342277914,0.7311592698,-0.3482240438,0.5866378546,1,212.4,124.8,1572.3,1,0.6313649416,0.0196565166,-0.7752359509,0.2584248483,0.9372044802,0.2342277914,0.7311592698,-0.3482240438,0.5866378546,1,208.8,-46.3,1635.9,1,0.6315993071,0.0085570905,-0.7752470970,0.2739587426,0.9329661727,0.2334931046,0.7252778411,-0.3598603904,0.5869160891,1,207.4,-207.4,1698.0,1,-0.3169184923,-0.1835810840,-0.9305164218,0.8296013474,0.4218629301,-0.3657776415,0.4597001672,-0.8878793716,0.0186029542,1,131.9,-79.7,1547.5,1,-0.9752817154,-0.1835810840,-0.1229777187,0.0348315425,0.4218629599,-0.9059904218,0.2182023972,-0.8878793716,-0.4050408304,1,204.9,-270.8,1441.6,1,-0.0000026226,1.0000003576,-0.0000000000,-1.0000003576,-0.0000026226,0.0000000000,0.0000000000,0.0000000000,1.0000000000,0,285.8,-13.0,1724.2,1,0.0000197291,0.9999990463,-0.0000000000,-0.9999990463,0.0000197291,-0.0000000000,-0.0000000000,0.0000000000,1.0000000000,0,285.8,-238.7,1724.2,0,0.7453109622,0.5355589986,-0.3970999718,-0.6664934158,0.5830585957,-0.4645743668,-0.0172745585,0.6109167933,0.7915065289,1,155.6,-390.3,1702.3,1,0.7338479757,0.5346468687,0.4190702438,0.0367247164,0.5847760439,-0.8103630543,-0.6783202887,0.6100735068,0.4095019698,1,-29.4,-591.7,1491.4,1,0.9835234880,-0.1494439542,-0.1017264947,-0.0179672986,0.4791142046,-0.8775687218,0.1798859537,0.8649370670,0.4685349464,1,256.2,-346.7,1817.9,1,0.9835234880,-0.1494438052,-0.1017264277,-0.0179674178,0.4791137874,-0.8775689006,0.1798857749,0.8649373651,0.4685344696,1,307.8,-512.1,1519.2,1,448.5,-279.5,1387.1,1,285.8,-464.5,1724.2,0,-206.7,-785.6,1289.1,1,357.4,-671.2,1232.1,1,
5,0.6334214807,0.0176965725,-0.7736039162,0.2576830685,0.9378530979,0.2324419916,0.7296407819,-0.3465789855,0.5894958377,1,211.8,125.4,1572.9,1,0.6334214807,0.0176965725,-0.7736039162,0.2576830685,0.9378530979,0.2324419916,0.7296407819,-0.3465789855,0.5894958377,1,208.6,-45.6,1636.1,1,0.6336237192,0.0090367477,-0.7735879421,0.2718397677,0.9335688353,0.2335607558,0.7243087292,-0.3582821786,0.5890744328,1,207.0,-206.8,1697.9,1,-0.3141009212,-0.1819936633,-0.9317827225,0.8322454095,0.4194934666,-0.3624817133,0.4568460882,-0.8893277049,0.0197000951,1,131.4,-78.7,1547.8,1,-0.9753624797,-0.1819936186,-0.1246849373,0.0376692601,0.4194933772,-0.9069764614,0.2173684388,-0.8893275857,-0.4023025632,1,203.9,-270.9,1442.3,1,-0.0000026226,1.0000003576,-0.0000000000,-1.0000003576,-0.0000026226,0.0000000000,0.0000000000,0.0000000000,1.0000000000,0,285.8,-12.4,1724.3,1,0.0000197291,0.9999990463,-0.0000000000,-0.9999990463,0.0000197291,-0.0000000000,-0.0000000000,0.0000000000,1.0000000000,0,285.8,-238.2,1724.3,0,0.7481375933,0.5345642567,-0.3931047320,-0.6632969379,0.5863344073,-0.4650259912,-0.0180954039,0.6086484194,0.7932337523,1,155.0,-389.6,1702.1,1,0.7327524424,0.5341058969,0.4216688871,0.0373022854,0.5871922374,-0.8085874915,-0.6794720888,0.6082236767,0.4103432000,1,-29.6,-592.1,1491.9,1,0.9834698439,-0.1494736373,-0.1021988094,-0.0182433352,0.4797433615,-0.8772191405,0.1801503301,0.8645831347,0.4690862298,1,256.0,-346.3,1817.5,1,0.9834699035,-0.1494735926,-0.1021988243,-0.0182433575,0.4797434509,-0.8772190809,0.1801503003,0.8645831347,0.4690863192,1,307.6,-511.9,1519.0,1,446.9,-280.3,1388.2,1,285.8,-464.0,1724.3,0,-206.8,-786.9,1290.1,1,357.2,-671.2,1231.9,1,
6,0.6367471814,0.0190577246,-0.7708363533,0.2594389915,0.9361123443,0.2374517620,0.7261152864,-0.3511823416,0.5911222100,1,212.2,123.6,1570.7,1,0.6367471814,0.0190577246,-0.7708363533,0.2594389915,0.9361123443,0.2374517620,0.7261152864,-0.3511823416,0.5911222100,1,208.7,-47.0,1634.7,1,0.6369438767,0.0086809220,-0.7708606124,0.2726882994,0.9327533245,0.2358189225,0.7210704684,-0.3604086637,0.5917439461,1,207.2,-208.0,1696.9,1,-0.3185935915,-0.1827006787,-0.9301176071,0.8313955069,0.4174415469,-0.3667753339,0.4552797377,-0.8901478648,0.0189023186,1,131.1,-80.2,1546.8,1,-0.9751445055,-0.1827006787,-0.1253544986,0.0384978689,0.4174415469,-0.9078879952,0.2181999087,-0.8901478648,-0.4000322223,1,204.0,-270.4,1442.7,1,-0.0000026226,1.0000003576,-0.0000000000,-1.0000003576,-0.0000026226,0.0000000000,0.0000000000,0.0000000000,1.0000000000,0,286.3,-13.8,1722.6,1,0.0000197291,0.9999990463,-0.0000000000,-0.9999990463,0.0000197291,-0.0000000000,-0.0000000000,0.0000000000,1.0000000000,0,286.3,-239.6,1722.6,0,0.7438402176,0.5407388806,-0.3928145468,-0.6680173874,0.5827553868,-0.4627622366,-0.0213187337,0.6066281199,0.7946999073,1,154.9,-390.8,1701.7,1,0.7294481993,0.5405129790,0.4192268252,0.0343160480,0.5831845403,-0.8116146326,-0.6831748486,0.6064169407,0.4068545997,1,-31.8,-592.0,1492.2,1,0.9839839935,-0.1472102255,-0.1005219445,-0.0183732137,0.4771562517,-0.8786264062,0.1773074716,0.8664011955,0.4668093920,1,256.4,-347.4,1816.6,1,0.9839841127,-0.1472101808,-0.1005219221,-0.0183732659,0.4771560431,-0.8786265850,0.1773074269,0.8664013743,0.4668092132,1,307.3,-512.1,1517.4,1,447.4,-280.0,1388.2,1,286.3,-465.3,1722.6,0,-211.2,-785.6,1290.9,1,356.2,-670.6,1229.8,1,
7,0.6341847181,0.0173221286,-0.7729868293,0.2634196877,0.9350962639,0.2370723784,0.7269241810,-0.3539682329,0.5884603262,1,211.5,122.3,1569.6,1,0.6341847181,0.0173221286,-0.7729868293,0.2634196877,0.9350962639,0.2370723784,0.7269241810,-0.3539682329,0.5884603262,1,208.4,-47.9,1634.0,1,0.6343504190,0.0036306828,-0.7730364203,0.2781828940,0.9319258928,0.2326516211,0.7212578058,-0.3626287580,0.5901571512,1,207.8,-208.8,1696.7,1,-0.3172212839,-0.1779235899,-0.9315116405,0.8315052986,0.4201522470,-0.3634159267,0.4560369253,-0.8898401260,0.0146631598,1,131.1,-81.8,1546.2,1,-0.9757090211,-0.1779235899,-0.1278092861,0.0421242267,0.4201522768,-0.9064754844,0.2149827033,-0.8898401856,-0.4024514258,1,203.0,-270.2,1442.8,1,-0.0000026226,1.0000003576,-0.0000000000,-1.0000003576,-0.0000026226,0.0000000000,0.0000000000,0.0000000000,1.0000000000,0,285.7,-14.0,1721.9,1,0.0000197291,0.9999990463,-0.0000000000,-0.9999990463,0.0000197291,-0.0000000000,-0.0000000000,0.0000000000,1.0000000000,0,285.7,-239.8,1721.9,0,0.7406501174,0.5423202515,-0.3966439664,-0.6715066433,0.5775085092,-0.4642875195,-0.0227273107,0.6102236509,0.7919032574,1,156.6,-391.9,1701.8,1,0.7296070457,0.5422085524,0.4167534709,0.0364336967,0.5777232051,-0.8154191971,-0.6828954220,0.6101194620,0.4017562866,1,-30.7,-591.3,1491.1,1,0.9846912622,-0.1454928964,-0.0959961340,-0.0148635656,0.4786342978,-0.8778886199,0.1736736000,0.8658758998,0.4691444039,1,257.7,-347.6,1816.7,1,0.9846912622,-0.1454927027,-0.0959961042,-0.0148636699,0.4786341190,-0.8778886795,0.1736734062,0.8658760786,0.4691442251,1,307.9,-512.8,1517.7,1,446.5,-280.7,1389.2,1,285.7,-465.6,1721.9,0,-210.7,-783.1,1288.5,1,356.2,-671.8,1230.2,1,
8,0.6311286092,0.0102257058,-0.7756100893,0.2650767267,0.9368706346,0.2280487120,0.7289787531,-0.3495248258,0.5885747671,1,210.8,122.5,1571.6,1,0.6311286092,0.0102257058,-0.7756100893,0.2650767267,0.9368706346,0.2280487120,0.7289787531,-0.3495248258,0.5885747671,1,209.0,-48.0,1635.2,1,0.6312117577,0.0001677417,-0.7756097913,0.2800338566,0.9324966073,0.2280996144,0.7232922912,-0.3611767590,0.5885554552,1,208.9,-209.0,1697.5,1,-0.3168319166,-0.1790513247,-0.9314281344,0.8302919865,0.4223669767,-0.3636226654,0.4585115314,-0.8885645866,0.0148455370,1,132.0,-82.1,1547.0,1,-0.9757425189,-0.1790513247,-0.1259655356,0.0394007973,0.4223670065,-0.9055683017,0.2153468430,-0.8885646462,-0.4050666094,1,204.0,-270.6,1442.9,1,-0.0000026226,1.0000003576,-0.0000000000,-1.0000003576,-0.0000026226,0.0000000000,0.0000000000,0.0000000000,1.0000000000,0,285.9,-13.8,1723.3,1,0.0000197291,0.9999990463,-0.0000000000,-0.9999990463,0.0000197291,-0.0000000000,-0.0000000000,0.0000000000,1.0000000000,0,285.9,-239.6,1723.3,0,0.7354903221,0.5471947789,-0.3995398283,-0.6771800518,0.5745925903,-0.4596419334,-0.0219410062,0.6086224914,0.7931565642,1,158.6,-392.3,1702.2,1,0.7261957526,0.5471397042,0.4162667394,0.0356559306,0.5746999383,-0.8175871372,-0.6865628362,0.6085706353,0.3978358507,1,-30.3,-590.7,1492.1,1,0.9856336713,-0.1408792585,-0.0931625962,-0.0148580223,0.4771317840,-0.8787061572,0.1682423055,0.8674665689,0.4681839943,1,259.2,-347.7,1817.5,1,0.9856337309,-0.1408792883,-0.0931626260,-0.0148580074,0.4771319330,-0.8787060976,0.1682423502,0.8674665093,0.4681841433,1,307.8,-512.4,1518.0,1,447.3,-280.4,1389.2,1,285.9,-465.4,1723.3,0,-212.0,-781.5,1290.0,1,354.6,-670.8,1229.9,1,
9,0.6284906864,0.0121587710,-0.7777214050,0.2650643885,0.9366796017,0.2288462222,0.7312587500,-0.3499745429,0.5854710340,1,211.8,123.4,1572.5,1,0.6284906864,0.0121587710,-0.7777214050,0.2650643885,0.9366796017,0.2288462222,0.7312587500,-0.3499745429,0.5854710340,1,209.6,-47.3,1636.3,1,0.6285785437,-0.0022113584,-0.7777422667,0.2815786004,0.9328034520,0.2249212116,0.7249838114,-0.3603768349,0.5869624615,1,210.0,-208.3,1698.5,1,-0.3133103251,-0.1776165068,-0.9328929186,0.8293848634,0.4273059666,-0.3599035144,0.4625554383,-0.8864887357,0.0134330709,1,133.0,-81.6,1548.0,1,-0.9761681557,-0.1776164770,-0.1246919110,0.0376375094,0.4273059368,-0.9033234119,0.2137266845,-0.8864886165,-0.4104374349,1,204.5,-270.8,1442.5,1,-0.0000026226,1.0000003576,-0.0000000000,-1.0000003576,-0.0000026226,0.0000000000,0.0000000000,0.0000000000,1.0000000000,0,286.2,-13.0,1724.7,1,0.0000197291,0.9999990463,-0.0000000000,-0.9999990463,0.0000197291,-0.0000000000,-0.0000000000,0.0000000000,1.0000000000,0,286.2,-238.8,1724.7,0,0.7355714440,0.5453785658,-0.4018668532,-0.6770692468,0.5720250607,-0.4629953504,-0.0226297379,0.6126576662,0.7900242805,1,160.3,-391.8,1703.0,1,0.7279598713,0.5453512073,0.4155317247,0.0390786380,0.5720787644,-0.8192672729,-0.6845052838,0.6126320362,0.3951387703,1,-28.0,-589.4,1491.4,1,0.9860667586,-0.1388537437,-0.0916084200,-0.0142323300,0.4782569110,-0.8781046867,0.1657404900,0.8671736121,0.4696169794,1,260.5,-347.0,1818.5,1,0.9860666394,-0.1388536692,-0.0916083753,-0.0142323673,0.4782565832,-0.8781048059,0.1657403857,0.8671736717,0.4696167111,1,308.4,-512.1,1519.1,1,448.1,-280.2,1389.1,1,286.2,-464.5,1724.7,0,-209.1,-779.3,1288.0,1,354.5,-670.9,1231.2,1,
10,0.6291751266,0.0118426988,-0.7771726847,0.2645646632,0.9369153380,0.2284593135,0.7308509946,-0.3493539095,0.5863501430,1,212.0,124.8,1572.5,1,0.6291751266,0.0118426988,-0.7771726847,0.2645646632,0.9369153380,0.2284593135,0.7308509946,-0.3493539095,0.5863501430,1,209.9,-46.5,1636.4,1,0.6292935014,0.0031696889,-0.7771605849,0.2793038785,0.9322578311,0.2299631536,0.7252434492,-0.3617788851,0.5857779980,1,209.3,-207.4,1698.8,1,-0.3121917248,-0.1736732572,-0.9340096712,0.8305065632,0.4274913669,-0.3570853472,0.4612971842,-0.8871802688,0.0107775042,1,133.2,-80.5,1548.0,1,-0.9771290421,-0.1736732572,-0.1227049157,0.0374450162,0.4274914265,-0.9032436013,0.2093245536,-0.8871802092,-0.4112110436,1,204.8,-270.9,1442.2,1,-0.0000026226,1.0000003576,-0.0000000000,-1.0000003576,-0.0000026226,0.0000000000,0.0000000000,0.0000000000,1.0000000000,0,286.5,-12.4,1724.7,1,0.0000197291,0.9999990463,-0.0000000000,-0.9999990463,0.0000197291,-0.0000000000,-0.0000000000,0.0000000000,1.0000000000,0,286.5,-238.2,1724.7,0,0.7410767674,0.5384190083,-0.4011363387,-0.6711312532,0.5764877200,-0.4660953283,-0.0197044015,0.6146274805,0.7885714769,1,158.6,-390.6,1703.5,1,0.7333092690,0.5384052992,0.4151835144,0.0388098210,0.5765144825,-0.8161647916,-0.6787867546,0.6146142483,0.4018680453,1,-27.3,-589.7,1491.3,1,0.9849595428,-0.1432146430,-0.0966654494,-0.0163904279,0.4794890881,-0.8773947358,0.1720058024,0.8657827973,0.4699299932,1,258.9,-346.1,1819.1,1,0.9849595428,-0.1432146281,-0.0966654047,-0.0163904577,0.4794887006,-0.8773949742,0.1720057726,0.8657829165,0.4699296355,1,308.4,-511.7,1520.1,1,448.9,-280.3,1389.9,1,286.5,-464.0,1724.7,0,-206.1,-781.1,1287.2,1,355.9,-670.9,1232.7,1,
11,0.6225496531,0.0059133344,-0.7825573087,0.2686970532,0.9375657439,0.2208408415,0.7350053191,-0.3477558196,0.5820918679,1,210.9,125.1,1574.5,1,0.6225496531,0.0059133344,-0.7825573087,0.2686970532,0.9375657439,0.2208408415,0.7350053191,-0.3477558196,0.5820918679,1,209.8,-46.1,1638.0,1,0.6225482821,-0.0060738148,-0.7825571299,0.2843856514,0.9333625436,0.2189922482,0.7290798426,-0.3588818908,0.5827900767,1,210.9,-207.3,1700.0,1,-0.3089801669,-0.1717466116,-0.9354327917,0.8287939429,0.4338246584,-0.3534073830,0.4665102661,-0.8844769001,0.0082993368,1,134.0,-80.8,1549.2,1,-0.9774311185,-0.1717466116,-0.1230103374,0.0370668061,0.4338246286,-0.9002345800,0.2079771459,-0.8844768405,-0.4176675975,1,204.9,-271.0,1442.1,1,-0.0000026226,1.0000003576,-0.0000000000,-1.0000003576,-0.0000026226,0.0000000000,0.0000000000,0.0000000000,1.0000000000,0,285.7,-11.5,1726.9,1,0.0000197291,0.9999990463,-0.0000000000,-0.9999990463,0.0000197291,-0.0000000000,-0.0000000000,0.0000000000,1.0000000000,0,285.7,-237.2,1726.9,0,0.7289481163,0.5509492159,-0.4063120186,-0.6843365431,0.5710017085,-0.4534760416,-0.0178374648,0.6086146832,0.7932654023,1,162.3,-391.1,1703.8,1,0.7236487865,0.5509428382,0.4156854153,0.0363719761,0.5710154176,-0.8201331496,-0.6892092824,0.6086077094,0.3931757808,1,-27.9,-588.2,1493.7,1,0.9867103696,-0.1356891096,-0.0893934742,-0.0134759322,0.4799198210,-0.8772088885,0.1619293988,0.8667556643,0.4717133641,1,261.5,-345.7,1820.0,1,0.9867102504,-0.1356890649,-0.0893934295,-0.0134759620,0.4799196422,-0.8772088885,0.1619293094,0.8667557836,0.4717131257,1,308.4,-511.5,1520.7,1,449.3,-280.2,1390.1,1,285.7,-463.0,1726.9,0,-210.8,-777.8,1291.7,1,353.4,-670.8,1233.0,1,
12,0.6203188300,0.0055444324,-0.7843295336,0.2726652622,0.9360826015,0.2222645730,0.7354298830,-0.3517349660,0.5791572928,1,210.4,125.7,1573.5,1,0.6203188300,0.0055444324,-0.7843295336,0.2726652622,0.9360826015,0.2222645730,0.7354298830,-0.3517349660,0.5791572928,1,209.4,-45.1,1637.7,1,0.6203056574,-0.0071925367,-0.7843265533,0.2876250446,0.9323853254,0.2189246714,0.7297202945,-0.3613927960,0.5804320574,1,210.6,-206.1,1700.1,1,-0.3058084548,-0.1658093780,-0.9375438690,0.8295488954,0.4368668199,-0.3478447497,0.4672577083,-0.8841122985,0.0039494340,1,133.8,-80.1,1548.8,1,-0.9780432582,-0.1658094078,-0.1262483597,0.0419241935,0.4368668795,-0.8985487819,0.2041415274,-0.8841124177,-0.4203232527,1,203.9,-270.5,1441.6,1,-0.0000026226,1.0000003576,-0.0000000000,-1.0000003576,-0.0000026226,0.0000000000,0.0000000000,0.0000000000,1.0000000000,0,284.9,-10.0,1726.6,1,0.0000197291,0.9999990463,-0.0000000000,-0.9999990463,0.0000197291,-0.0000000000,-0.0000000000,0.0000000000,1.0000000000,0,284.9,-235.8,1726.6,0,0.7250153422,0.5548347235,-0.4080580175,-0.6886115074,0.5728359818,-0.4446048141,-0.0129318535,0.6033387184,0.7973803878,1,162.4,-390.0,1704.3,1,0.7206784487,0.5548313260,0.4156739712,0.0314042717,0.5728425980,-0.8190636039,-0.6925579309,0.6033353806,0.3954112232,1,-29.2,-587.8,1496.0,1,0.9870146513,-0.1340194046,-0.0885490105,-0.0132818818,0.4812797606,-0.8764663935,0.1600803584,0.8662613034,0.4732501209,1,261.3,-344.1,1820.6,1,0.9870147705,-0.1340192109,-0.0885489881,-0.0132819787,0.4812796414,-0.8764665127,0.1600801796,0.8662614226,0.4732500017,1,307.5,-510.3,1521.5,1,447.7,-280.9,1390.7,1,284.9,-461.6,1726.6,0,-213.4,-777.9,1295.7,1,352.0,-670.1,1233.9,1,
13,0.6185717583,0.0091648735,-0.7856742144,0.2719473839,0.9356327057,0.2250209749,0.7371652126,-0.3528542519,0.5762631297,1,209.9,126.0,1573.0,1,0.6185717583,0.0091648735,-0.7856742144,0.2719473839,0.9356327057,0.2250209749,0.7371652126,-0.3528542519,0.5762631297,1,208.2,-44.3,1637.3,1,0.6186351180,-0.0013717366,-0.7856765389,0.2871150672,0.9312291741,0.2244451344,0.7313374281,-0.3644298315,0.5764843822,1,208.4,-205.1,1700.2,1,-0.3058758080,-0.1671864837,-0.9372773170,0.8326730132,0.4303508103,-0.3485023975,0.4616228938,-0.8870439529,0.0075777471,1,132.8,-79.3,1548.1,1,-0.9775753617,-0.1671864390,-0.1280432343,0.0444880798,0.4303507209,-0.9015647173,0.2058329135,-0.8870438933,-0.4132624865,1,203.0,-270.2,1442.3,1,-0.0000026226,1.0000003576,-0.0000000000,-1.0000003576,-0.0000026226,0.0000000000,0.0000000000,0.0000000000,1.0000000000,0,283.6,-9.3,1726.4,1,0.0000197291,0.9999990463,-0.0000000000,-0.9999990463,0.0000197291,-0.0000000000,-0.0000000000,0.0000000000,1.0000000000,0,283.6,-235.1,1726.4,0,0.7328684330,0.5432813168,-0.4095724821,-0.6803272367,0.5783569813,-0.4501757920,-0.0076929629,0.6085628271,0.7934685946,1,159.4,-388.7,1704.8,1,0.7300454378,0.5432794690,0.4145853817,0.0325064510,0.5783602595,-0.8151335716,-0.6826250553,0.6085612178,0.4045692086,1,-28.2,-588.4,1494.7,1,0.9853649139,-0.1420869082,-0.0941680744,-0.0141580477,0.4823086858,-0.8758869767,0.1698701531,0.8644014001,0.4732383192,1,258.0,-343.0,1821.4,1,0.9853646755,-0.1420869976,-0.0941680819,-0.0141579956,0.4823087156,-0.8758868575,0.1698702276,0.8644012213,0.4732383490,1,307.0,-509.5,1522.9,1,446.5,-281.3,1391.0,1,283.6,-460.9,1726.4,0,-208.5,-780.4,1292.7,1,354.2,-669.7,1235.9,1,
14,0.6224318147,0.0095998058,-0.7826144695,0.2686241567,0.9365659356,0.2251303643,0.7351317406,-0.3503580391,0.5803691745,1,209.5,126.8,1573.3,1,0.6224318147,0.0095998058,-0.7826144695,0.2686241567,0.9365659356,0.2251303643,0.7351317406,-0.3503580391,0.5803691745,1,207.7,-44.0,1637.2,1,0.6225144267,0.0014452497,-0.7826063037,0.2826031446,0.9321081042,0.2265134454,0.7298014760,-0.3621754646,0.5798417926,1,207.5,-205.0,1699.7,1,-0.3165992498,-0.1733924448,-0.9325770736,0.8298687339,0.4255606830,-0.3608546853,0.4594376087,-0.8881628513,0.0091607571,1,131.9,-78.5,1548.2,1,-0.9772499800,-0.1733924448,-0.1221373156,0.0374947935,0.4255607128,-0.9041528702,0.2087500840,-0.8881628513,-0.4093778729,1,205.0,-270.1,1442.1,1,-0.0000026226,1.0000003576,-0.0000000000,-1.0000003576,-0.0000026226,0.0000000000,0.0000000000,0.0000000000,1.0000000000,0,283.6,-9.6,1726.1,1,0.0000197291,0.9999990463,-0.0000000000,-0.9999990463,0.0000197291,-0.0000000000,-0.0000000000,0.0000000000,1.0000000000,0,283.6,-235.4,1726.1,0,0.7370449305,0.5413788557,-0.4045663178,-0.6757749319,0.5817943811,-0.4525965154,-0.0096517801,0.6069797277,0.7946587205,1,157.6,-388.4,1704.1,1,0.7298577428,0.5413777828,0.4173939526,0.0331937075,0.5817959905,-0.8126571178,-0.6827926636,0.6069788933,0.4066580236,1,-29.3,-589.3,1494.5,1,0.9846058488,-0.1455938965,-0.0967151150,-0.0145257637,0.4832515121,-0.8753610849,0.1741849631,0.8632903695,0.4736974835,1,256.8,-343.4,1820.4,1,0.9846057892,-0.1455940008,-0.0967151001,-0.0145257115,0.4832515717,-0.8753609657,0.1741850376,0.8632904291,0.4736974239,1,307.1,-510.2,1522.3,1,448.9,-279.5,1390.0,1,283.6,-461.2,1726.1,0,-209.0,-782.5,1293.0,1,355.4,-670.7,1235.7,1,
15,0.6260777712,0.0102721089,-0.7796923518,0.2655243278,0.9373464584,0.2255589515,0.7331593037,-0.3482452631,0.5841237307,1,209.2,126.5,1573.4,1,0.6260777712,0.0102721089,-0.7796923518,0.2655243278,0.9373464584,0.2255589515,0.7331593037,-0.3482452631,0.5841237307,1,207.3,-44.1,1636.8,1,0.6261687279,0.0028585934,-0.7796816826,0.2784820199,0.9332119823,0.2270715982,0.7282578945,-0.3593130112,0.5835515857,1,206.8,-205.2,1698.8,1,-0.3160853386,-0.1760392189,-0.9322555065,0.8316115141,0.4215396941,-0.3615615070,0.4566316605,-0.8895586729,0.0131537300,1,131.0,-78.0,1548.0,1,-0.9762257338,-0.1760392189,-0.1264655441,0.0413362347,0.4215396643,-0.9058673978,0.2127784044,-0.8895586729,-0.4042410553,1,204.0,-270.1,1442.6,1,-0.0000026226,1.0000003576,-0.0000000000,-1.0000003576,-0.0000026226,0.0000000000,0.0000000000,0.0000000000,1.0000000000,0,283.6,-10.1,1725.5,1,0.0000197291,0.9999990463,-0.0000000000,-0.9999990463,0.0000197291,-0.0000000000,-0.0000000000,0.0000000000,1.0000000000,0,283.6,-235.9,1725.5,0,0.7394152880,0.5420906544,-0.3992530107,-0.6731483936,0.5849835873,-0.4524000287,-0.0116853416,0.6032678485,0.7974531651,1,156.4,-388.5,1702.8,1,0.7272644043,0.5420901179,0.4209807515,0.0330502838,0.5849843621,-0.8103709221,-0.6855612397,0.6032674313,0.4075220823,1,-30.8,-590.5,1494.5,1,0.9843420982,-0.1467018276,-0.0977198407,-0.0150733292,0.4822944999,-0.8758794665,0.1756228507,0.8636379838,0.4725314975,1,256.2,-344.1,1818.9,1,0.9843421578,-0.1467019320,-0.0977198258,-0.0150732920,0.4822944105,-0.8758795261,0.1756229401,0.8636380434,0.4725314081,1,306.9,-510.7,1520.6,1,447.4,-280.4,1389.5,1,283.6,-461.7,1725.5,0,-210.7,-784.7,1294.2,1,355.6,-670.8,1233.9,1,
16,0.6282647848,0.0087385513,-0.7779497504,0.2562052608,0.9418367743,0.2174873203,0.7346027493,-0.3359550238,0.5894834995,1,209.3,126.9,1576.5,1,0.6282647848,0.0087385513,-0.7779497504,0.2562052608,0.9418367743,0.2174873203,0.7346027493,-0.3359550238,0.5894834995,1,207.7,-44.4,1637.6,1,0.6283228993,-0.0002359292,-0.7779518962,0.2690497935,0.9383574128,0.2170158923,0.7299462557,-0.3456644416,0.5896544456,1,207.8,-206.4,1697.2,1,-0.3139178455,-0.1806577742,-0.9321042895,0.8314752579,0.4216465354,-0.3617499769,0.4583714604,-0.8885814548,0.0178501029,1,131.2,-77.2,1548.6,1,-0.9752880335,-0.1806577891,-0.1271854043,0.0400297269,0.4216465652,-0.9058762789,0.2172808945,-0.8885815144,-0.4039951265,1,204.0,-270.0,1442.3,1,-0.0000026226,1.0000003576,-0.0000000000,-1.0000003576,-0.0000026226,0.0000000000,0.0000000000,0.0000000000,1.0000000000,0,284.3,-11.6,1726.5,1,0.0000197291,0.9999990463,-0.0000000000,-0.9999990463,0.0000197291,-0.0000000000,-0.0000000000,0.0000000000,1.0000000000,0,284.3,-237.4,1726.5,0,0.7352570891,0.5532178879,-0.3915953636,-0.6775946021,0.5861411095,-0.4441891909,-0.0162032545,0.5919362307,0.8058220148,1,157.8,-389.8,1698.7,1,0.7137513757,0.5532175899,0.4295454323,0.0328839272,0.5861414075,-0.8095411658,-0.6996268034,0.5919362307,0.4001672566,1,-33.3,-592.2,1494.4,1,0.9848849773,-0.1440464258,-0.0961879045,-0.0153049380,0.4807821512,-0.8767064810,0.1725318581,0.8649272323,0.4713105261,1,257.9,-346.9,1815.1,1,0.9848850965,-0.1440462619,-0.0961879194,-0.0153050199,0.4807822406,-0.8767064810,0.1725317389,0.8649272323,0.4713106155,1,307.6,-512.9,1516.4,1,447.5,-280.0,1388.0,1,284.3,-463.1,1726.5,0,-216.9,-786.8,1297.9,1,355.5,-672.6,1229.2,1,
17,0.6274315119,0.0101076569,-0.7786055207,0.2613768578,0.9391655922,0.2228189707,0.7334921956,-0.3433136642,0.5866197944,1,209.1,126.5,1574.5,1,0.6274315119,0.0101076569,-0.7786055207,0.2613768578,0.9391655922,0.2228189707,0.7334921956,-0.3433136642,0.5866197944,1,207.3,-44.1,1636.8,1,0.6274865270,-0.0032341811,-0.7786200047,0.2763755322,0.9358007908,0.2188417464,0.7279259562,-0.3525123596,0.5880957842,1,207.9,-205.7,1697.7,1,-0.3183349371,-0.1784106344,-0.9310384989,0.8286868334,0.4245840609,-0.3647006154,0.4603705108,-0.8876363039,0.0126866121,1,130.9,-77.8,1548.1,1,-0.9755247235,-0.1784106493,-0.1285344362,0.0415170118,0.4245840609,-0.9044361711,0.2159346938,-0.8876361847,-0.4067851901,1,204.5,-269.5,1441.6,1,-0.0000026226,1.0000003576,-0.0000000000,-1.0000003576,-0.0000026226,0.0000000000,0.0000000000,0.0000000000,1.0000000000,0,283.8,-10.5,1725.5,1,0.0000197291,0.9999990463,-0.0000000000,-0.9999990463,0.0000197291,-0.0000000000,-0.0000000000,0.0000000000,1.0000000000,0,283.8,-236.2,1725.5,0,0.7348064184,0.5520501733,-0.3940815926,-0.6780984402,0.5845699310,-0.4454892278,-0.0155641139,0.5945742726,0.8038901091,1,158.4,-389.3,1700.5,1,0.7161691785,0.5520499349,0.4270159304,0.0327605158,0.5845701098,-0.8106815219,-0.6971574426,0.5945743918,0.4005656242,1,-32.2,-591.1,1495.3,1,0.9854226112,-0.1425648332,-0.0928300694,-0.0125464126,0.4832746387,-0.8753788471,0.1696606576,0.8637828827,0.4744410813,1,258.4,-345.2,1816.6,1,0.9854226112,-0.1425648481,-0.0928300917,-0.0125463903,0.4832748175,-0.8753787279,0.1696606874,0.8637827635,0.4744412601,1,307.7,-512.1,1518.3,1,448.1,-279.9,1387.7,1,283.8,-462.0,1725.5,0,-215.5,-785.2,1297.9,1,355.0,-672.6,1231.5,1,
18,0.6263164878,0.0091847768,-0.7795140147,0.2578014731,0.9412302971,0.2182250619,0.7357071042,-0.3376384377,0.5871397853,1,209.8,126.3,1577.0,1,0.6263164878,0.0091847768,-0.7795140147,0.2578014731,0.9412302971,0.2182250619,0.7357071042,-0.3376384377,0.5871397853,1,208.1,-44.7,1638.3,1,0.6263679862,-0.0024379061,-0.7795229554,0.2721374929,0.9377619028,0.2157360613,0.7304815650,-0.3472681940,0.5880470276,1,208.5,-206.6,1698.3,1,-0.3148072660,-0.1739280075,-0.9330838919,0.8257600069,0.4345256388,-0.3595940769,0.4679923058,-0.8837061524,0.0068309763,1,131.8,-77.8,1549.3,1,-0.9776193500,-0.1739280075,-0.1183610484,0.0316696987,0.4345255494,-0.9001025558,0.2079839259,-0.8837061524,-0.4192923903,1,204.8,-269.3,1440.8,1,-0.0000026226,1.0000003576,-0.0000000000,-1.0000003576,-0.0000026226,0.0000000000,0.0000000000,0.0000000000,1.0000000000,0,284.4,-11.5,1727.3,1,0.0000197291,0.9999990463,-0.0000000000,-0.9999990463,0.0000197291,-0.0000000000,-0.0000000000,0.0000000000,1.0000000000,0,284.4,-237.3,1727.3,0,0.7344883084,0.5516800880,-0.3951916695,-0.6783919930,0.5817443132,-0.4487294853,-0.0176546276,0.5976812840,0.8015395403,1,159.0,-390.1,1700.0,1,0.7167101502,0.5516797900,0.4265864193,0.0358573645,0.5817444324,-0.8125808835,-0.6964487433,0.5976812243,0.3971603215,1,-31.5,-591.0,1493.7,1,0.9852172136,-0.1430097818,-0.0943139941,-0.0140010491,0.4814861417,-0.8763418198,0.1707363427,0.8647076488,0.4723661542,1,258.8,-346.8,1816.4,1,0.9852172136,-0.1430097818,-0.0943139941,-0.0140010491,0.4814861417,-0.8763418198,0.1707363427,0.8647076488,0.4723661542,1,308.2,-513.0,1517.9,1,448.7,-277.2,1388.9,1,284.4,-463.1,1727.3,0,-214.6,-784.2,1295.2,1,355.7,-672.9,1230.7,1,
19,0.6267192364,0.0117395530,-0.7791559696,0.2545904517,0.9419304132,0.2189725339,0.7364819050,-0.3356005847,0.5873367190,1,211.0,126.1,1578.3,1,0.6267192364,0.0117395530,-0.7791559696,0.2545904517,0.9419304132,0.2189725339,0.7364819050,-0.3356005847,0.5873367190,1,208.9,-45.4,1639.3,1,0.6268121600,-0.0001254748,-0.7791696191,0.2696320713,0.9382501841,0.2167565227,0.7310293913,-0.3459553421,0.5881400108,1,208.9,-207.4,1699.1,1,-0.3177180290,-0.1743434221,-0.9320191145,0.8232644200,0.4369411469,-0.3623785377,0.4704158306,-0.8824323416,0.0047066654,1,132.5,-78.2,1550.3,1,-0.9776611328,-0.1743434370,-0.1174013987,0.0300356485,0.4369411170,-0.8989884853,0.2080302536,-0.8824322820,-0.4219438434,1,206.4,-269.6,1440.9,1,-0.0000026226,1.0000003576,-0.0000000000,-1.0000003576,-0.0000026226,0.0000000000,0.0000000000,0.0000000000,1.0000000000,0,285.3,-12.5,1728.4,1,0.0000197291,0.9999990463,-0.0000000000,-0.9999990463,0.0000197291,-0.0000000000,-0.0000000000,0.0000000000,1.0000000000,0,285.3,-238.3,1728.4,0,0.7366842031,0.5483749509,-0.3957039118,-0.6759662032,0.5805934668,-0.4538514018,-0.0191375911,0.6018275619,0.7983968258,1,159.0,-390.8,1700.6,1,0.7199665308,0.5483747125,0.4253626764,0.0382815152,0.5805938244,-0.8132929206,-0.6929522157,0.6018271446,0.3970155418,1,-30.3,-591.3,1492.7,1,0.9850788116,-0.1427725255,-0.0961025357,-0.0163677335,0.4781495631,-0.8781258464,0.1713236272,0.8665962219,0.4686781168,1,258.9,-347.9,1817.1,1,0.9850788116,-0.1427724957,-0.0961025283,-0.0163677558,0.4781495035,-0.8781259060,0.1713236123,0.8665962815,0.4686780572,1,308.2,-513.0,1517.8,1,450.8,-277.1,1388.9,1,285.3,-464.1,1728.4,0,-212.4,-784.1,1292.9,1,355.6,-671.7,1230.1,1,
20,0.6237630248,0.0156411342,-0.7814562321,0.2620199323,0.9377626181,0.2279144526,0.7363859415,-0.3469223082,0.5808429122,1,211.3,126.6,1575.4,1,0.6237630248,0.0156411342,-0.7814562321,0.2620199323,0.9377626181,0.2279144526,0.7363859415,-0.3469223082,0.5808429122,1,208.5,-43.8,1638.4,1,0.6238819361,0.0016242971,-0.7815161347,0.2749250531,0.9356226325,0.2214153409,0.7315644026,-0.3529960215,0.5832710266,1,208.2,-205.4,1699.4,1,-0.3206024766,-0.1778768599,-0.9303622842,0.8254708648,0.4292513728,-0.3665258884,0.4645557106,-0.8854960799,0.0092131197,1,132.4,-77.3,1549.3,1,-0.9773922563,-0.1778768450,-0.1142990738,0.0274522901,0.4292513132,-0.9027678370,0.2096445113,-0.8854960799,-0.4146637619,1,207.2,-269.8,1441.0,1,-0.0000026226,1.0000003576,-0.0000000000,-1.0000003576,-0.0000026226,0.0000000000,0.0000000000,0.0000000000,1.0000000000,0,284.5,-10.3,1727.6,1,0.0000197291,0.9999990463,-0.0000000000,-0.9999990463,0.0000197291,-0.0000000000,-0.0000000000,0.0000000000,1.0000000000,0,284.5,-236.1,1727.6,0,0.7370722294,0.5454828143,-0.3989652991,-0.6757243872,0.5852243900,-0.4482288063,-0.0110168457,0.5999675393,0.7999485731,1,158.2,-388.8,1702.0,1,0.7231643200,0.5454826951,0.4236530066,0.0332012028,0.5852246881,-0.8101911545,-0.6898774505,0.5999671221,0.4051029682,1,-30.2,-590.9,1494.8,1,0.9847335815,-0.1440602392,-0.0977047011,-0.0166299939,0.4808745682,-0.8766316175,0.1732714623,0.8648734689,0.4711377025,1,257.6,-345.0,1818.6,1,0.9847335815,-0.1440602094,-0.0977046713,-0.0166300163,0.4808744192,-0.8766316772,0.1732714176,0.8648735881,0.4711375535,1,307.4,-511.0,1520.0,1,451.5,-276.7,1388.6,1,284.5,-461.9,1727.6,0,-211.3,-785.2,1295.6,1,355.2,-670.7,1232.8,1,
21,0.6217321754,0.0151590984,-0.7830823660,0.2630212605,0.9377093315,0.2269783616,0.7377451062,-0.3470877111,0.5790163875,1,210.6,126.7,1574.9,1,0.6217321754,0.0151590984,-0.7830823660,0.2630212605,0.9377093315,0.2269783616,0.7377451062,-0.3470877111,0.5790163875,1,207.9,-43.8,1638.1,1,0.6218620539,0.0037770988,-0.7831168175,0.2758661211,0.9348331094,0.2235691398,0.7329286337,-0.3550652266,0.5802947879,1,207.2,-205.2,1699.4,1,-0.3250811994,-0.1798937619,-0.9284182787,0.8232625723,0.4292696118,-0.3714382946,0.4653611779,-0.8850796223,0.0085523129,1,132.1,-77.5,1548.8,1,-0.9773844481,-0.1798937321,-0.1111655459,0.0236802008,0.4292695820,-0.9028658867,0.2101399153,-0.8850795031,-0.4153015316,1,208.1,-269.9,1440.0,1,-0.0000026226,1.0000003576,-0.0000000000,-1.0000003576,-0.0000026226,0.0000000000,0.0000000000,0.0000000000,1.0000000000,0,283.7,-10.2,1727.4,1,0.0000197291,0.9999990463,-0.0000000000,-0.9999990463,0.0000197291,-0.0000000000,-0.0000000000,0.0000000000,1.0000000000,0,283.7,-236.0,1727.4,0,0.7384671569,0.5416094065,-0.4016532302,-0.6742449999,0.5862898231,-0.4490631819,-0.0077316165,0.6024311185,0.7981334329,1,157.0,-388.6,1702.3,1,0.7271687984,0.5416093469,0.4217641354,0.0328003019,0.5862900019,-0.8094370365,-0.6856747866,0.6024312377,0.4085668027,1,-30.0,-591.1,1494.2,1,0.9840989113,-0.1469942331,-0.0997098833,-0.0171103776,0.4802985191,-0.8769381642,0.1767953634,0.8647000194,0.4701460600,1,256.1,-344.7,1819.1,1,0.9840987921,-0.1469943225,-0.0997098610,-0.0171103179,0.4802983999,-0.8769382238,0.1767954230,0.8646999598,0.4701460004,1,306.9,-510.5,1520.5,1,452.3,-275.8,1387.5,1,283.7,-461.8,1727.4,0,-209.8,-785.7,1294.2,1,355.7,-670.0,1233.4,1,
22,0.6214072704,0.0116587393,-0.7833999991,0.2592059970,0.9405238032,0.2196029425,0.7393673658,-0.3395255208,0.5814259052,1,210.5,127.4,1577.2,1,0.6214072704,0.0116587393,-0.7833999991,0.2592059970,0.9405238032,0.2196029425,0.7393673658,-0.3395255208,0.5814259052,1,208.3,-43.6,1639.0,1,0.6215083003,0.0020682437,-0.7834039330,0.2730217576,0.9367309213,0.2190719396,0.7342924476,-0.3500420451,0.5816209316,1,208.0,-205.3,1699.4,1,-0.3230760992,-0.1761904061,-0.9298273325,0.8213276267,0.4359067976,-0.3679758012,0.4701518118,-0.8825770617,0.0038789809,1,132.6,-76.9,1549.5,1,-0.9779066443,-0.1761904061,-0.1124972105,0.0249564312,0.4359067380,-0.8996457458,0.2075472474,-0.8825771213,-0.4218789935,1,208.6,-269.9,1439.0,1,-0.0000026226,1.0000003576,-0.0000000000,-1.0000003576,-0.0000026226,0.0000000000,0.0000000000,0.0000000000,1.0000000000,0,284.1,-10.3,1728.5,1,0.0000197291,0.9999990463,-0.0000000000,-0.9999990463,0.0000197291,-0.0000000000,-0.0000000000,0.0000000000,1.0000000000,0,284.1,-236.1,1728.5,0,0.7345895767,0.5476266742,-0.4006036520,-0.6784541607,0.5851396918,-0.4441977441,-0.0088453889,0.5980942249,0.8013771176,1,158.1,-388.8,1701.3,1,0.7214621902,0.5476263165,0.4237897992,0.0318274647,0.5851395726,-0.8103078008,-0.6917220354,0.5980945230,0.4047265351,1,-31.0,-590.9,1494.8,1,0.9844792485,-0.1449859738,-0.0988924354,-0.0173770115,0.4801889360,-0.8769929409,0.1746387333,0.8650997877,0.4702166319,1,257.2,-345.3,1818.4,1,0.9844791889,-0.1449860483,-0.0988923982,-0.0173769742,0.4801887274,-0.8769930601,0.1746387780,0.8650998473,0.4702164233,1,307.2,-511.1,1519.6,1,452.9,-276.2,1387.1,1,284.1,-461.9,1728.5,0,-212.8,-785.1,1296.2,1,355.4,-670.6,1232.4,1,
23,0.6211187840,0.0128645822,-0.7836099267,0.2565353215,0.9414440393,0.2187942713,0.7405402660,-0.3369215131,0.5814480186,1,210.6,127.3,1578.4,1,0.6211187840,0.0128645822,-0.7836099267,0.2565353215,0.9414440393,0.2187942713,0.7405402660,-0.3369215131,0.5814480186,1,208.3,-43.7,1639.6,1,0.6212268472,0.0010825836,-0.7836291790,0.2710897028,0.9379578233,0.2162027359,0.7352458239,-0.3467454314,0.5823907256,1,208.1,-205.7,1699.5,1,-0.3233365417,-0.1784966439,-0.9292967916,0.8195657134,0.4380935431,-0.3693048358,0.4730385244,-0.8810295463,0.0046380912,1,132.6,-76.8,1550.0,1,-0.9775181413,-0.1784966588,-0.1122372523,0.0231827665,0.4380935431,-0.8986304998,0.2095729262,-0.8810296059,-0.4241063297,1,208.8,-270.0,1438.5,1,-0.0000026226,1.0000003576,-0.0000000000,-1.0000003576,-0.0000026226,0.0000000000,0.0000000000,0.0000000000,1.0000000000,0,284.0,-10.7,1729.2,1,0.0000197291,0.9999990463,-0.0000000000,-0.9999990463,0.0000197291,-0.0000000000,-0.0000000000,0.0000000000,1.0000000000,0,284.0,-236.5,1729.2,0,0.7325859666,0.5508877039,-0.3998008072,-0.6806086302,0.5846673250,-0.4415156841,-0.0094751120,0.5955560207,0.8032580614,1,158.4,-389.2,1700.8,1,0.7181265950,0.5508875847,0.4252258837,0.0315099955,0.5846672058,-0.8106610775,-0.6951987743,0.5955561399,0.4025066197,1,-31.8,-591.1,1495.1,1,0.9845682383,-0.1447425485,-0.0983620360,-0.0172020346,0.4792964756,-0.8774844408,0.1741539091,0.8656353951,0.4694101810,1,257.4,-346.0,1817.9,1,0.9845681190,-0.1447426081,-0.0983620435,-0.0172019899,0.4792965353,-0.8774843812,0.1741539687,0.8656352758,0.4694102407,1,307.4,-511.5,1519.0,1,452.5,-275.7,1386.3,1,284.0,-462.3,1729.2,0,-214.8,-785.2,1297.4,1,355.4,-670.7,1231.6,1,
