1,0.9898633361,-0.0463308319,-0.1342449188,0.0642796382,0.9890839458,0.1326133311,0.1266363412,-0.1398984492,0.9820342660,1,-84.0,375.8,1732.8,1,0.9898633361,-0.0463308319,-0.1342449188,0.0642796382,0.9890839458,0.1326133311,0.1266363412,-0.1398984492,0.9820342660,1,-74.7,177.2,1760.9,1,0.9904597998,-0.0301445257,-0.1344557106,0.0488498807,0.9892202020,0.1380665153,0.1288452744,-0.1433176547,0.9812535644,1,-69.0,-10.2,1788.0,1,0.1797778010,-0.9649378061,-0.1912454069,0.9436091185,0.1142181009,0.3107346296,-0.2779959440,-0.2363241017,0.9310579896,1,-203.0,170.8,1744.2,1,0.0148468539,-0.9696807861,-0.2439237535,0.9990333915,0.0244802907,-0.0365096219,0.0413739979,-0.2431459129,0.9691069722,1,-248.4,-67.4,1814.4,1,0.1903615445,-0.9657195210,-0.1764886826,-0.9570810795,-0.1425420046,-0.2523439825,0.2185364366,0.2169505656,-0.9514065385,1,53.5,183.5,1777.5,1,0.0026216325,-0.9773346186,-0.2116841972,-0.9976397157,0.0119689563,-0.0676154345,0.0686165467,0.2113618255,-0.9749963284,1,104.9,-74.7,1836.5,1,1.0000000000,0.0000000000,-0.0000000000,0.0000000000,1.0000000000,0.0000000000,0.0000000000,0.0000000000,1.0000000000,0,-149.9,-201.8,1803.9,1,1.0000000000,0.0000000000,0.0000000000,-0.0000000000,1.0000000000,0.0000000000,-0.0000000000,-0.0000000000,1.0000000000,0,-149.9,-580.5,1803.9,0,1.0000000000,0.0000000000,-0.0000000000,0.0000000000,1.0000000000,0.0000000000,0.0000000000,0.0000000000,1.0000000000,0,23.2,-193.2,1826.4,1,1.0000000000,0.0000000000,0.0000000000,-0.0000000000,1.0000000000,0.0000000000,-0.0000000000,-0.0000000000,1.0000000000,0,23.2,-572.0,1826.4,0,-252.1,-316.8,1804.0,1,105.6,-331.4,1854.2,1,-149.9,-944.7,1803.9,0,23.2,-936.2,1826.4,0,
2,0.9882795215,-0.0478545427,-0.1449524015,0.0668941587,0.9893279672,0.1294629127,0.1372109801,-0.1376421750,0.9809318781,1,-83.7,376.6,1732.9,1,0.9882795215,-0.0478545427,-0.1449524015,0.0668941587,0.9893279672,0.1294629127,0.1372109801,-0.1376421750,0.9809318781,1,-74.1,177.8,1760.6,1,0.9888628125,-0.0326586999,-0.1451943219,0.0525588021,0.9893974662,0.1354086548,0.1392335147,-0.1415320039,0.9800930023,1,-67.9,-9.6,1787.4,1,0.1813146323,-0.9624779820,-0.2018935978,0.9442240000,0.1129933447,0.3093114197,-0.2748928368,-0.2467154562,0.9292821288,1,-202.1,171.0,1742.6,1,0.0130019691,-0.9674727917,-0.2526406050,0.9993814230,0.0208296739,-0.0283335969,0.0326744057,-0.2521159351,0.9671452641,1,-248.0,-67.9,1812.1,1,0.1858449876,-0.9686726332,-0.1647263020,-0.9566568136,-0.1401270330,-0.2552880347,0.2242079526,0.2050305456,-0.9527293444,1,54.0,184.6,1778.6,1,0.0020697615,-0.9796839356,-0.2005376071,-0.9979133010,0.0109183090,-0.0636386126,0.0645352453,0.2002508640,-0.9776169658,1,104.6,-75.9,1839.7,1,1.0000000000,0.0000000000,-0.0000000000,0.0000000000,1.0000000000,0.0000000000,0.0000000000,0.0000000000,1.0000000000,0,-148.1,-201.6,1802.0,1,1.0000000000,0.0000000000,0.0000000000,-0.0000000000,1.0000000000,0.0000000000,-0.0000000000,-0.0000000000,1.0000000000,0,-148.1,-580.3,1802.0,0,1.0000000000,0.0000000000,-0.0000000000,0.0000000000,1.0000000000,0.0000000000,0.0000000000,0.0000000000,1.0000000000,0,24.7,-192.4,1826.4,1,1.0000000000,0.0000000000,0.0000000000,-0.0000000000,1.0000000000,0.0000000000,-0.0000000000,-0.0000000000,1.0000000000,0,24.7,-571.1,1826.4,0,-251.2,-317.4,1803.9,1,105.1,-332.7,1856.3,1,-148.1,-944.5,1802.0,0,24.7,-935.3,1826.4,0,
3,0.9865821004,-0.0502542369,-0.1553321928,0.0703980252,0.9894005060,0.1270278394,0.1473029405,-0.1362586319,0.9796606898,1,-84.5,377.9,1733.5,1,0.9865821004,-0.0502542369,-0.1553321928,0.0703980252,0.9894005060,0.1270278394,0.1473029405,-0.1362586319,0.9796606898,1,-74.4,179.1,1760.9,1,0.9870906472,-0.0382507071,-0.1555205286,0.0590255037,0.9895946383,0.1312391758,0.1488831639,-0.1387248188,0.9790754914,1,-67.1,-8.3,1787.2,1,0.1801180691,-0.9604676962,-0.2122718245,0.9449609518,0.1090330258,0.3084810972,-0.2731415033,-0.2561516166,0.9272432923,1,-202.2,171.5,1741.6,1,0.0112891523,-0.9650653601,-0.2617655396,0.9993836284,0.0195918251,-0.0291298870,0.0332407132,-0.2612753510,0.9646916986,1,-247.8,-67.7,1810.7,1,0.1853865385,-0.9706188440,-0.1533976793,-0.9563121796,-0.1422933191,-0.2553810477,0.2260501683,0.1940402836,-0.9545940161,1,53.5,186.7,1780.2,1,0.0228866208,-0.9817366004,-0.1888636202,-0.9976609349,-0.0102562830,-0.0675837696,0.0644124299,0.1899686307,-0.9796748757,1,104.3,-75.6,1842.2,1,1.0000000000,0.0000000000,-0.0000000000,0.0000000000,1.0000000000,0.0000000000,0.0000000000,0.0000000000,1.0000000000,0,-146.2,-200.9,1800.4,1,1.0000000000,0.0000000000,0.0000000000,-0.0000000000,1.0000000000,0.0000000000,-0.0000000000,-0.0000000000,1.0000000000,0,-146.2,-579.6,1800.4,0,1.0000000000,0.0000000000,-0.0000000000,0.0000000000,1.0000000000,0.0000000000,0.0000000000,0.0000000000,1.0000000000,0,26.4,-190.5,1826.4,1,1.0000000000,0.0000000000,0.0000000000,-0.0000000000,1.0000000000,0.0000000000,-0.0000000000,-0.0000000000,1.0000000000,0,26.4,-569.3,1826.4,0,-250.6,-317.3,1802.4,1,110.2,-332.3,1858.8,1,-146.2,-943.8,1800.4,0,26.4,-933.5,1826.4,0,
4,0.9851952791,-0.0514633246,-0.1635226756,0.0728500634,0.9891486168,0.1276049465,0.1551821232,-0.1376285702,0.9782516956,1,-83.8,376.8,1733.8,1,0.9851952791,-0.0514633246,-0.1635226756,0.0728500634,0.9891486168,0.1276049465,0.1551821232,-0.1376285702,0.9782516956,1,-73.5,179.0,1761.3,1,0.9857126474,-0.0393234715,-0.1637745947,0.0615761690,0.9891912937,0.1330946237,0.1567715257,-0.1412778348,0.9774777889,1,-66.0,-8.3,1788.1,1,0.1777433604,-0.9589095712,-0.2211320102,0.9460179210,0.1046106666,0.3067679405,-0.2710300088,-0.2637208104,0.9257396460,1,-201.1,171.1,1741.0,1,0.0207179245,-0.9630301595,-0.2685959339,0.9993860722,0.0275405068,-0.0216575563,0.0282541476,-0.2679823339,0.9630094767,1,-246.1,-67.9,1809.5,1,0.1824222356,-0.9723672867,-0.1456847191,-0.9566447139,-0.1413155198,-0.2546779811,0.2270530313,0.1858274490,-0.9559890628,1,54.2,187.0,1781.6,1,0.0431091040,-0.9832369685,-0.1771627665,-0.9956751466,-0.0276747905,-0.0886855796,0.0822959989,0.1802197248,-0.9801776409,1,104.1,-74.5,1843.7,1,1.0000000000,0.0000000000,-0.0000000000,0.0000000000,1.0000000000,0.0000000000,0.0000000000,0.0000000000,1.0000000000,0,-144.7,-201.0,1801.1,1,1.0000000000,0.0000000000,0.0000000000,-0.0000000000,1.0000000000,0.0000000000,-0.0000000000,-0.0000000000,1.0000000000,0,-144.7,-579.7,1801.1,0,1.0000000000,0.0000000000,-0.0000000000,0.0000000000,1.0000000000,0.0000000000,0.0000000000,0.0000000000,1.0000000000,0,27.6,-190.2,1828.5,1,1.0000000000,0.0000000000,0.0000000000,-0.0000000000,1.0000000000,0.0000000000,-0.0000000000,-0.0000000000,1.0000000000,0,27.6,-569.0,1828.5,0,-251.2,-317.5,1802.4,1,115.1,-330.7,1864.9,1,-144.7,-943.9,1801.1,0,27.6,-933.2,1828.5,0,
5,0.9836187959,-0.0521354638,-0.1725507528,0.0742311925,0.9894815087,0.1241824478,0.1642623395,-0.1349569559,0.9771407247,1,-83.9,376.7,1733.9,1,0.9836187959,-0.0521354638,-0.1725507528,0.0742311925,0.9894815087,0.1241824478,0.1642623395,-0.1349569559,0.9771407247,1,-73.5,179.1,1760.9,1,0.9841656685,-0.0383935720,-0.1730369925,0.0622814596,0.9889150262,0.1348083913,0.1659439504,-0.1434509456,0.9756454229,1,-66.2,-8.2,1788.0,1,0.1797913760,-0.9562245607,-0.2308890820,0.9470293522,0.1047603637,0.3035798371,-0.2661024630,-0.2732397616,0.9244076610,1,-201.0,171.0,1739.4,1,0.0217648409,-0.9604918957,-0.2774557173,0.9995148778,0.0270890146,-0.0153700085,0.0222787727,-0.2769865990,0.9606154561,1,-246.4,-68.3,1806.6,1,0.1828709394,-0.9736686945,-0.1361155510,-0.9552893043,-0.1432609260,-0.2586476505,0.2323370725,0.1773288548,-0.9563335776,1,54.0,187.2,1782.4,1,0.0543141589,-0.9843774438,-0.1674846858,-0.9949148893,-0.0391030833,-0.0928190798,0.0848198384,0.1716744006,-0.9814955592,1,104.1,-74.5,1846.0,1,1.0000000000,0.0000000000,-0.0000000000,0.0000000000,1.0000000000,0.0000000000,0.0000000000,0.0000000000,1.0000000000,0,-145.0,-200.9,1800.7,1,1.0000000000,0.0000000000,0.0000000000,-0.0000000000,1.0000000000,0.0000000000,-0.0000000000,-0.0000000000,1.0000000000,0,-145.0,-579.6,1800.7,0,1.0000000000,0.0000000000,-0.0000000000,0.0000000000,1.0000000000,0.0000000000,0.0000000000,0.0000000000,1.0000000000,0,27.1,-190.0,1829.7,1,1.0000000000,0.0000000000,0.0000000000,-0.0000000000,1.0000000000,0.0000000000,-0.0000000000,-0.0000000000,1.0000000000,0,27.1,-568.8,1829.7,0,-251.8,-317.8,1801.1,1,118.0,-330.5,1867.8,1,-145.0,-943.8,1800.7,0,27.1,-932.9,1829.7,0,
6,0.9831256866,-0.0557195358,-0.1742333323,0.0778721571,0.9893486500,0.1230060011,0.1655244976,-0.1344984174,0.9769909978,1,-84.2,375.6,1734.5,1,0.9831256866,-0.0557195358,-0.1742333323,0.0778721571,0.9893486500,0.1230060011,0.1655244976,-0.1344984174,0.9769909978,1,-73.2,178.6,1761.3,1,0.9837644100,-0.0407647677,-0.1747677624,0.0647756755,0.9888696671,0.1339635849,0.1673623621,-0.1431094706,0.9754533172,1,-65.4,-8.6,1788.4,1,0.1818557382,-0.9548906684,-0.2347600758,0.9498231411,0.1087931395,0.2932577431,-0.2544888258,-0.2763111591,0.9267618656,1,-200.6,170.2,1739.6,1,0.0214985013,-0.9596850276,-0.2802539766,0.9995943308,0.0258693732,-0.0119058760,0.0186758861,-0.2798843086,0.9598520994,1,-246.4,-69.3,1803.8,1,0.1817709357,-0.9742848873,-0.1331474185,-0.9541599154,-0.1420112252,-0.2634608448,0.2377775162,0.1749334633,-0.9554371238,1,54.3,187.0,1782.9,1,0.0492127128,-0.9853208661,-0.1634655148,-0.9941014647,-0.0324847922,-0.1034743786,0.0966453105,0.1675935537,-0.9811076522,1,104.0,-74.3,1848.1,1,1.0000000000,0.0000000000,-0.0000000000,0.0000000000,1.0000000000,0.0000000000,0.0000000000,0.0000000000,1.0000000000,0,-143.7,-201.6,1800.8,1,1.0000000000,0.0000000000,0.0000000000,-0.0000000000,1.0000000000,0.0000000000,-0.0000000000,-0.0000000000,1.0000000000,0,-143.7,-580.3,1800.8,0,1.0000000000,0.0000000000,-0.0000000000,0.0000000000,1.0000000000,0.0000000000,0.0000000000,0.0000000000,1.0000000000,0,28.3,-190.2,1830.1,1,1.0000000000,0.0000000000,0.0000000000,-0.0000000000,1.0000000000,0.0000000000,-0.0000000000,-0.0000000000,1.0000000000,0,28.3,-569.0,1830.1,0,-251.8,-318.9,1799.1,1,116.7,-330.1,1872.9,1,-143.7,-944.5,1800.8,0,28.3,-933.2,1830.1,0,
7,0.9825709462,-0.0588710308,-0.1763137430,0.0818846226,0.9886183143,0.1262303889,0.1668765098,-0.1384677887,0.9762061834,1,-85.2,374.6,1734.3,1,0.9825709462,-0.0588710308,-0.1763137430,0.0818846226,0.9886183143,0.1262303889,0.1668765098,-0.1384677887,0.9762061834,1,-73.5,177.6,1761.9,1,0.9832379818,-0.0438818596,-0.1769616604,0.0690534860,0.9879276752,0.1386937052,0.1687399894,-0.1485888809,0.9743961692,1,-65.2,-9.4,1790.0,1,0.1813979596,-0.9536516666,-0.2400902063,0.9526916742,0.1098706648,0.2833850384,-0.2438717335,-0.2801374197,0.9284662604,1,-200.8,168.7,1740.0,1,0.0207302291,-0.9585760832,-0.2840814590,0.9996123314,0.0251548514,-0.0119354613,0.0185870714,-0.2837239206,0.9587259293,1,-246.3,-70.4,1801.2,1,0.1834227592,-0.9743040204,-0.1307194084,-0.9526131749,-0.1433432847,-0.2682922184,0.2426604331,0.1737359315,-0.9544274211,1,53.9,186.6,1783.7,1,0.0560371689,-0.9852820039,-0.1614910364,-0.9933254123,-0.0386838838,-0.1086661145,0.1008196622,0.1665024906,-0.9808732271,1,104.0,-73.9,1850.1,1,1.0000000000,0.0000000000,-0.0000000000,0.0000000000,1.0000000000,0.0000000000,0.0000000000,0.0000000000,1.0000000000,0,-142.8,-202.6,1803.4,1,1.0000000000,0.0000000000,0.0000000000,-0.0000000000,1.0000000000,0.0000000000,-0.0000000000,-0.0000000000,1.0000000000,0,-142.8,-581.3,1803.4,0,1.0000000000,0.0000000000,-0.0000000000,0.0000000000,1.0000000000,0.0000000000,0.0000000000,0.0000000000,1.0000000000,0,29.1,-190.5,1832.9,1,1.0000000000,0.0000000000,0.0000000000,-0.0000000000,1.0000000000,0.0000000000,-0.0000000000,-0.0000000000,1.0000000000,0,29.1,-569.2,1832.9,0,-251.5,-320.0,1796.6,1,118.5,-329.5,1876.0,1,-142.8,-945.5,1803.4,0,29.1,-933.4,1832.9,0,
8,0.9823697805,-0.0647809580,-0.1753593534,0.0879009813,0.9879439473,0.1274582446,0.1649892032,-0.1406255066,0.9762185812,1,-86.3,372.7,1734.7,1,0.9823697805,-0.0647809580,-0.1753593534,0.0879009813,0.9879439473,0.1274582446,0.1649892032,-0.1406255066,0.9762185812,1,-73.4,175.8,1762.7,1,0.9832066298,-0.0485257767,-0.1759201884,0.0733093619,0.9878243208,0.1372375637,0.1671195179,-0.1478296220,0.9747908711,1,-64.2,-11.2,1790.7,1,0.1846998334,-0.9526794553,-0.2414285988,0.9550170898,0.1159877181,0.2729270458,-0.2320092171,-0.2809780240,0.9312481284,1,-200.7,166.3,1741.1,1,0.0152022662,-0.9585023522,-0.2846787274,0.9997977614,0.0183193199,-0.0082897674,0.0131608825,-0.2844951153,0.9585871100,1,-247.0,-73.1,1799.2,1,0.1840330362,-0.9741913080,-0.1307022870,-0.9519722462,-0.1435511410,-0.2704474032,0.2447050214,0.1741962135,-0.9538214207,1,54.0,185.3,1784.4,1,0.0621520169,-0.9849728942,-0.1611381471,-0.9924857616,-0.0439437665,-0.1141974553,0.1054003909,0.1670249254,-0.9803026915,1,104.1,-73.9,1851.0,1,1.0000000000,0.0000000000,-0.0000000000,0.0000000000,1.0000000000,0.0000000000,0.0000000000,0.0000000000,1.0000000000,0,-140.9,-204.7,1804.1,1,1.0000000000,0.0000000000,0.0000000000,-0.0000000000,1.0000000000,0.0000000000,-0.0000000000,-0.0000000000,1.0000000000,0,-140.9,-583.5,1804.1,0,1.0000000000,0.0000000000,-0.0000000000,0.0000000000,1.0000000000,0.0000000000,0.0000000000,0.0000000000,1.0000000000,0,31.0,-191.9,1833.3,1,1.0000000000,0.0000000000,0.0000000000,-0.0000000000,1.0000000000,0.0000000000,-0.0000000000,-0.0000000000,1.0000000000,0,31.0,-570.6,1833.3,0,-250.8,-322.7,1795.9,1,120.1,-329.3,1878.1,1,-140.9,-947.6,1804.1,0,31.0,-934.8,1833.3,0,
9,0.9811280370,-0.0681196526,-0.1809570491,0.0905423760,0.9887980223,0.1186843589,0.1708460748,-0.1328289509,0.9763031602,1,-86.7,375.2,1737.9,1,0.9811280370,-0.0681196526,-0.1809570491,0.0905423760,0.9887980223,0.1186843589,0.1708460748,-0.1328289509,0.9763031602,1,-73.1,178.2,1764.4,1,0.9820191264,-0.0513490252,-0.1816581339,0.0757937208,0.9885776043,0.1302883178,0.1728937924,-0.1417143196,0.9746920466,1,-63.4,-9.0,1791.2,1,0.1854507327,-0.9508136511,-0.2481155545,0.9576647282,0.1182986349,0.2624569535,-0.2201959491,-0.2862843573,0.9324992895,1,-200.3,168.3,1742.0,1,0.0020015261,-0.9567320347,-0.2909635603,0.9998124838,0.0075188177,-0.0178453345,0.0192609075,-0.2908732891,0.9565676451,1,-247.6,-76.1,1798.2,1,0.1832705587,-0.9751251936,-0.1246704683,-0.9534112215,-0.1453955472,-0.2643237710,0.2396222353,0.1673049927,-0.9563421607,1,54.1,188.0,1786.7,1,0.0661047101,-0.9860964417,-0.1524589509,-0.9910796285,-0.0471675955,-0.1246448234,0.1157207116,0.1593385786,-0.9804181457,1,104.3,-73.6,1852.5,1,1.0000000000,0.0000000000,-0.0000000000,0.0000000000,1.0000000000,0.0000000000,0.0000000000,0.0000000000,1.0000000000,0,-139.5,-202.9,1802.9,1,1.0000000000,0.0000000000,0.0000000000,-0.0000000000,1.0000000000,0.0000000000,-0.0000000000,-0.0000000000,1.0000000000,0,-139.5,-581.6,1802.9,0,1.0000000000,0.0000000000,-0.0000000000,0.0000000000,1.0000000000,0.0000000000,0.0000000000,0.0000000000,1.0000000000,0,32.2,-189.6,1833.1,1,1.0000000000,0.0000000000,0.0000000000,-0.0000000000,1.0000000000,0.0000000000,-0.0000000000,-0.0000000000,1.0000000000,0,32.2,-568.4,1833.1,0,-248.1,-325.7,1793.4,1,121.4,-328.7,1882.3,1,-139.5,-945.8,1802.9,0,32.2,-932.6,1833.1,0,
10,0.9804804325,-0.0657675266,-0.1852853149,0.0906057581,0.9875070453,0.1289414763,0.1744911820,-0.1432126462,0.9741882682,1,-86.1,375.9,1735.5,1,0.9804804325,-0.0657675266,-0.1852853149,0.0906057581,0.9875070453,0.1289414763,0.1744911820,-0.1432126462,0.9741882682,1,-73.0,179.0,1764.0,1,0.9813040495,-0.0507370755,-0.1856502295,0.0766412988,0.9878621697,0.1351290196,0.1765415817,-0.1468312740,0.9732797742,1,-63.4,-8.1,1791.8,1,0.1856244504,-0.9497931004,-0.2518665195,0.9565693140,0.1160354242,0.2674154341,-0.2247639000,-0.2905666232,0.9300818443,1,-200.1,169.1,1741.2,1,0.0001899554,-0.9551647902,-0.2960747778,0.9996837378,0.0076273447,-0.0239651464,0.0251489282,-0.2959765792,0.9548640847,1,-247.3,-74.1,1798.3,1,0.1827258617,-0.9755917192,-0.1217875034,-0.9535251856,-0.1456661224,-0.2637633383,0.2395850122,0.1643238366,-0.9568682313,1,54.1,188.9,1786.9,1,0.0734652728,-0.9863364100,-0.1474559158,-0.9893941283,-0.0535043180,-0.1350426972,0.1253080219,0.1558129787,-0.9798061848,1,104.1,-72.3,1852.5,1,1.0000000000,0.0000000000,-0.0000000000,0.0000000000,1.0000000000,0.0000000000,0.0000000000,0.0000000000,1.0000000000,0,-139.6,-201.9,1804.2,1,1.0000000000,0.0000000000,0.0000000000,-0.0000000000,1.0000000000,0.0000000000,-0.0000000000,-0.0000000000,1.0000000000,0,-139.6,-580.6,1804.2,0,1.0000000000,0.0000000000,-0.0000000000,0.0000000000,1.0000000000,0.0000000000,0.0000000000,0.0000000000,1.0000000000,0,32.0,-188.5,1835.1,1,1.0000000000,0.0000000000,0.0000000000,-0.0000000000,1.0000000000,0.0000000000,-0.0000000000,-0.0000000000,1.0000000000,0,32.0,-567.2,1835.1,0,-247.4,-323.7,1792.0,1,123.0,-326.9,1884.8,1,-139.6,-944.8,1804.2,0,32.0,-931.4,1835.1,0,
11,0.9808017612,-0.0646667182,-0.1839673221,0.0899418667,0.9870913029,0.1325389743,0.1730224788,-0.1465409696,0.9739552736,1,-87.6,376.9,1734.3,1,0.9808017612,-0.0646667182,-0.1839673221,0.0899418667,0.9870913029,0.1325389743,0.1730224788,-0.1465409696,0.9739552736,1,-74.7,179.8,1763.5,1,0.9816142917,-0.0504534096,-0.1840806752,0.0760016441,0.9879996181,0.1344839483,0.1750872433,-0.1460019499,0.9736672044,1,-65.1,-7.3,1791.2,1,0.1845375597,-0.9504741430,-0.2500891984,0.9565352798,0.1152281612,0.2678855360,-0.2258009911,-0.2886540890,0.9304260612,1,-201.8,170.0,1740.9,1,-0.0189618152,-0.9551019669,-0.2956700027,0.9993660450,-0.0091927145,-0.0343958288,0.0301335137,-0.2961347699,0.9546707273,1,-248.6,-72.4,1798.1,1,0.1877407581,-0.9746406674,-0.1217748150,-0.9508593678,-0.1492668241,-0.2712673843,0.2462112755,0.1667186618,-0.9547695518,1,52.5,189.7,1786.2,1,0.0727906451,-0.9858586192,-0.1509442925,-0.9903460145,-0.0535457209,-0.1278578043,0.1179673076,0.1587939262,-0.9802387953,1,104.1,-71.8,1853.9,1,1.0000000000,0.0000000000,-0.0000000000,0.0000000000,1.0000000000,0.0000000000,0.0000000000,0.0000000000,1.0000000000,0,-141.3,-201.0,1803.5,1,1.0000000000,0.0000000000,0.0000000000,-0.0000000000,1.0000000000,0.0000000000,-0.0000000000,-0.0000000000,1.0000000000,0,-141.3,-579.8,1803.5,0,1.0000000000,0.0000000000,-0.0000000000,0.0000000000,1.0000000000,0.0000000000,0.0000000000,0.0000000000,1.0000000000,0,30.3,-187.7,1834.1,1,1.0000000000,0.0000000000,0.0000000000,-0.0000000000,1.0000000000,0.0000000000,-0.0000000000,-0.0000000000,1.0000000000,0,30.3,-566.5,1834.1,0,-243.8,-321.9,1790.6,1,122.8,-326.7,1884.3,1,-141.3,-944.0,1803.5,0,30.3,-930.7,1834.1,0,
12,0.9807780385,-0.0645440742,-0.1841366142,0.0899980143,0.9869695306,0.1334048808,0.1731275320,-0.1474126726,0.9738050103,1,-86.7,376.3,1735.2,1,0.9807780385,-0.0645440742,-0.1841366142,0.0899980143,0.9869695306,0.1334048808,0.1731275320,-0.1474126726,0.9738050103,1,-73.8,179.5,1764.6,1,0.9817481041,-0.0472471826,-0.1842177361,0.0728589743,0.9881880879,0.1348382682,0.1756718308,-0.1457992941,0.9735922813,1,-64.9,-7.7,1792.2,1,0.1908587366,-0.9492456317,-0.2500106990,0.9558837414,0.1217904091,0.2673074603,-0.2232915759,-0.2899991274,0.9306133389,1,-201.0,170.0,1741.8,1,-0.0383386537,-0.9537496567,-0.2981472015,0.9986463785,-0.0260741860,-0.0450063273,0.0351508260,-0.2994691133,0.9534582496,1,-249.2,-71.6,1798.3,1,0.1850807369,-0.9749709368,-0.1231940016,-0.9529150724,-0.1474097669,-0.2649965584,0.2402039468,0.1664391756,-0.9563472271,1,53.3,188.9,1787.3,1,0.0716252476,-0.9859789014,-0.1507159173,-0.9904119372,-0.0524091348,-0.1278179139,0.1181268916,0.1584258378,-0.9802791476,1,103.4,-68.7,1852.3,1,1.0000000000,0.0000000000,-0.0000000000,0.0000000000,1.0000000000,0.0000000000,0.0000000000,0.0000000000,1.0000000000,0,-141.7,-201.2,1804.5,1,1.0000000000,0.0000000000,0.0000000000,-0.0000000000,1.0000000000,0.0000000000,-0.0000000000,-0.0000000000,1.0000000000,0,-141.7,-579.9,1804.5,0,1.0000000000,0.0000000000,-0.0000000000,0.0000000000,1.0000000000,0.0000000000,0.0000000000,0.0000000000,1.0000000000,0,29.9,-188.4,1835.2,1,1.0000000000,0.0000000000,0.0000000000,-0.0000000000,1.0000000000,0.0000000000,-0.0000000000,-0.0000000000,1.0000000000,0,29.9,-567.2,1835.2,0,-239.6,-320.8,1789.5,1,121.8,-323.6,1882.7,1,-141.7,-944.1,1804.5,0,29.9,-931.4,1835.2,0,
13,0.9804567099,-0.0671975017,-0.1848973632,0.0967401862,0.9830572009,0.1557092965,0.1713021994,-0.1705534309,0.9703437686,1,-85.7,374.8,1730.7,1,0.9804567099,-0.0671975017,-0.1848973632,0.0967401862,0.9830572009,0.1557092965,0.1713021994,-0.1705534309,0.9703437686,1,-72.2,178.2,1764.8,1,0.9815939665,-0.0492274202,-0.1845208108,0.0775094926,0.9857457876,0.1493417323,0.1745397002,-0.1608951986,0.9714157581,1,-62.9,-8.5,1795.2,1,0.1999640912,-0.9466801882,-0.2526084185,0.9538579583,0.1291509420,0.2710626721,-0.2239850461,-0.2951553464,0.9288240075,1,-199.4,168.1,1742.2,1,-0.0486000553,-0.9512192607,-0.3046637475,0.9980540276,-0.0343183205,-0.0520614497,0.0390663072,-0.3066010773,0.9510360956,1,-249.6,-71.3,1798.4,1,0.1795800924,-0.9756436348,-0.1259769797,-0.9544641972,-0.1417903751,-0.2624756098,0.2382203490,0.1673759073,-0.9566798210,1,54.9,188.2,1787.4,1,0.0724350363,-0.9855437875,-0.1531557143,-0.9909976125,-0.0537833609,-0.1226013228,0.1125917360,0.1606575847,-0.9805673361,1,103.7,-71.3,1852.2,1,1.0000000000,0.0000000000,-0.0000000000,0.0000000000,1.0000000000,0.0000000000,0.0000000000,0.0000000000,1.0000000000,0,-139.4,-201.9,1810.4,1,1.0000000000,0.0000000000,0.0000000000,-0.0000000000,1.0000000000,0.0000000000,-0.0000000000,-0.0000000000,1.0000000000,0,-139.4,-580.6,1810.4,0,1.0000000000,0.0000000000,-0.0000000000,0.0000000000,1.0000000000,0.0000000000,0.0000000000,0.0000000000,1.0000000000,0,32.2,-188.3,1841.0,1,1.0000000000,0.0000000000,0.0000000000,-0.0000000000,1.0000000000,0.0000000000,-0.0000000000,-0.0000000000,1.0000000000,0,32.2,-567.1,1841.0,0,-237.4,-320.4,1788.6,1,122.4,-326.4,1881.1,1,-139.4,-944.8,1810.4,0,32.2,-931.3,1841.0,0,
14,0.9818912745,-0.0626975000,-0.1787640154,0.0951783881,0.9791716337,0.1793583632,0.1637961417,-0.1931250393,0.9674055576,1,-84.7,374.8,1725.4,1,0.9818912745,-0.0626975000,-0.1787640154,0.0951783881,0.9791716337,0.1793583632,0.1637961417,-0.1931250393,0.9674055576,1,-72.2,178.2,1764.2,1,0.9827427864,-0.0499035455,-0.1781130582,0.0803437606,0.9825071096,0.1680179238,0.1666134894,-0.1794287860,0.9695593119,1,-62.7,-7.9,1798.1,1,0.2026608437,-0.9468604326,-0.2497676313,0.9528890848,0.1319013536,0.2731382847,-0.2256791890,-0.2933552861,0.9289841056,1,-199.4,167.8,1742.6,1,-0.0562693514,-0.9509511590,-0.3041806221,0.9973114133,-0.0392102450,-0.0619074553,0.0469439588,-0.3068463206,0.9506007433,1,-250.8,-73.8,1799.8,1,0.1865292042,-0.9730808735,-0.1353533119,-0.9531497359,-0.1458452046,-0.2650182545,0.2381435335,0.1784456223,-0.9546962380,1,55.1,188.6,1785.7,1,0.0851530060,-0.9829607010,-0.1629020721,-0.9896682501,-0.0645142198,-0.1280417591,0.1153505445,0.1721221507,-0.9782985449,1,105.4,-68.4,1850.0,1,1.0000000000,0.0000000000,-0.0000000000,0.0000000000,1.0000000000,0.0000000000,0.0000000000,0.0000000000,1.0000000000,0,-139.1,-200.9,1817.5,1,1.0000000000,0.0000000000,0.0000000000,-0.0000000000,1.0000000000,0.0000000000,-0.0000000000,-0.0000000000,1.0000000000,0,-139.1,-579.6,1817.5,0,1.0000000000,0.0000000000,-0.0000000000,0.0000000000,1.0000000000,0.0000000000,0.0000000000,0.0000000000,1.0000000000,0,32.6,-186.8,1846.7,1,1.0000000000,0.0000000000,0.0000000000,-0.0000000000,1.0000000000,0.0000000000,-0.0000000000,-0.0000000000,1.0000000000,0,32.6,-565.6,1846.7,0,-236.8,-322.8,1788.1,1,127.3,-323.2,1879.6,1,-139.1,-943.8,1817.5,0,32.6,-929.8,1846.7,0,
15,0.9592978358,-0.0677595064,-0.2741428018,0.1167272776,0.9791191220,0.1664502919,0.2571405172,-0.1916755140,0.9471743107,1,-83.4,376.8,1725.3,1,0.9592978358,-0.0677595064,-0.2741428018,0.1167272776,0.9791191220,0.1664502919,0.2571405172,-0.1916755140,0.9471743107,1,-69.7,178.2,1764.2,1,0.9599967599,-0.0601276718,-0.2734754086,0.1060089618,0.9820203185,0.1562158167,0.2591661811,-0.1789576560,0.9491085410,1,-58.3,-7.8,1798.1,1,0.2249761820,-0.9183411598,-0.3256302774,0.9336523414,0.1075862572,0.3416408598,-0.2787095606,-0.3808865249,0.8816156983,1,-193.4,164.5,1730.8,1,-0.0476201773,-0.9193931818,-0.3904468417,0.9971612096,-0.0209317636,-0.0723286122,0.0583256781,-0.3927827477,0.9177799225,1,-250.6,-72.8,1801.7,1,0.2005528361,-0.9783420563,-0.0512351319,-0.9631666541,-0.1873394698,-0.1929085106,0.1791321635,0.0880363211,-0.9798781276,1,54.0,191.8,1797.6,1,0.0495729074,-0.9960638285,-0.0734795555,-0.9947468638,-0.0426423289,-0.0930600539,0.0895604193,0.0777068138,-0.9929453731,1,107.4,-64.6,1845.3,1,1.0000000000,0.0000000000,-0.0000000000,0.0000000000,1.0000000000,0.0000000000,0.0000000000,0.0000000000,1.0000000000,0,-130.4,-202.9,1809.5,1,1.0000000000,0.0000000000,0.0000000000,-0.0000000000,1.0000000000,0.0000000000,-0.0000000000,-0.0000000000,1.0000000000,0,-130.4,-581.7,1809.5,0,1.0000000000,0.0000000000,-0.0000000000,0.0000000000,1.0000000000,0.0000000000,0.0000000000,0.0000000000,1.0000000000,0,36.6,-184.5,1854.5,1,1.0000000000,0.0000000000,0.0000000000,-0.0000000000,1.0000000000,0.0000000000,-0.0000000000,-0.0000000000,1.0000000000,0,36.6,-563.2,1854.5,0,-238.7,-321.7,1787.1,1,120.2,-320.4,1868.4,1,-130.4,-945.8,1809.5,0,36.6,-927.4,1854.5,0,
16,0.9553369284,-0.0817686170,-0.2839770615,0.1358290315,0.9749367237,0.1762215793,0.2624509335,-0.2069235146,0.9424979091,1,-83.2,376.3,1721.7,1,0.9553369284,-0.0817686170,-0.2839770615,0.1358290315,0.9749367237,0.1762215793,0.2624509335,-0.2069235146,0.9424979091,1,-66.7,179.7,1763.5,1,0.9566983581,-0.0680482835,-0.2830114663,0.1180697829,0.9794342518,0.1636254787,0.2660573423,-0.1899554580,0.9450557828,1,-53.8,-5.7,1799.4,1,0.2207038403,-0.9164957404,-0.3336545825,0.9285844564,0.0927984416,0.3593319356,-0.2983635962,-0.3891324103,0.8715245724,1,-190.3,164.5,1729.1,1,-0.0164015181,-0.9173806906,-0.3976726234,0.9965758920,0.0172369499,-0.0808660239,0.0810396001,-0.3976372778,0.9139568210,1,-246.4,-71.7,1805.0,1,0.1877141148,-0.9811552167,-0.0458029695,-0.9675381184,-0.1766727865,-0.1807119250,0.1692143083,0.0782383010,-0.9824689627,1,56.9,195.0,1797.8,1,0.0155663388,-0.9978137016,-0.0642300621,-0.9956358671,-0.0095566362,-0.0928328708,0.0920160934,0.0653948262,-0.9936078191,1,107.9,-67.8,1843.8,1,1.0000000000,0.0000000000,-0.0000000000,0.0000000000,1.0000000000,0.0000000000,0.0000000000,0.0000000000,1.0000000000,0,-124.3,-201.5,1812.2,1,1.0000000000,0.0000000000,0.0000000000,-0.0000000000,1.0000000000,0.0000000000,-0.0000000000,-0.0000000000,1.0000000000,0,-124.3,-580.2,1812.2,0,1.0000000000,0.0000000000,-0.0000000000,0.0000000000,1.0000000000,0.0000000000,0.0000000000,0.0000000000,1.0000000000,0,42.5,-180.9,1858.6,1,1.0000000000,0.0000000000,0.0000000000,-0.0000000000,1.0000000000,0.0000000000,-0.0000000000,-0.0000000000,1.0000000000,0,42.5,-559.6,1858.6,0,-242.3,-320.3,1784.8,1,111.9,-323.8,1867.4,1,-124.3,-944.4,1812.2,0,42.5,-923.8,1858.6,0,
17,0.9623329639,-0.0920052305,-0.2558282018,0.1420611441,0.9724877477,0.1846385300,0.2318027914,-0.2140272260,0.9489255548,1,-84.1,377.7,1720.4,1,0.9623329639,-0.0920052305,-0.2558282018,0.1420611441,0.9724877477,0.1846385300,0.2318027914,-0.2140272260,0.9489255548,1,-65.5,181.2,1763.6,1,0.9637733102,-0.0805445686,-0.2542664707,0.1257809103,0.9779060483,0.1669853777,0.2351996601,-0.1929180622,0.9526088834,1,-50.3,-4.0,1800.2,1,0.2070746422,-0.9271721840,-0.3122048676,0.9339619279,0.0923400745,0.3452368975,-0.2912650704,-0.3630772829,0.8850646615,1,-190.1,164.9,1733.2,1,-0.0153493518,-0.9279645681,-0.3723520935,0.9952452779,0.0216431487,-0.0949650854,0.0961831063,-0.3720393181,0.9232201576,1,-242.5,-71.0,1806.8,1,0.1882265806,-0.9793331027,-0.0740093663,-0.9660687447,-0.1710521579,-0.1935262531,0.1768672168,0.1079249233,-0.9782996178,1,59.1,197.5,1794.0,1,-0.0232139621,-0.9950735569,-0.0963832363,-0.9957912564,0.0315648988,-0.0860433653,0.0886618048,0.0939801782,-0.9916182756,1,110.8,-67.9,1842.6,1,1.0000000000,0.0000000000,-0.0000000000,0.0000000000,1.0000000000,0.0000000000,0.0000000000,0.0000000000,1.0000000000,0,-119.1,-200.1,1816.2,1,1.0000000000,0.0000000000,0.0000000000,-0.0000000000,1.0000000000,0.0000000000,-0.0000000000,-0.0000000000,1.0000000000,0,-119.1,-578.9,1816.2,0,1.0000000000,0.0000000000,-0.0000000000,0.0000000000,1.0000000000,0.0000000000,0.0000000000,0.0000000000,1.0000000000,0,49.1,-178.2,1857.2,1,1.0000000000,0.0000000000,0.0000000000,-0.0000000000,1.0000000000,0.0000000000,-0.0000000000,-0.0000000000,1.0000000000,0,49.1,-556.9,1857.2,0,-238.6,-319.4,1782.8,1,104.8,-323.9,1865.4,1,-119.1,-943.0,1816.2,0,49.1,-921.1,1857.2,0,
18,0.9728378057,-0.0934377760,-0.2117872834,0.1377597004,0.9689575434,0.2053011656,0.1860307753,-0.2289007306,0.9555087686,1,-82.4,377.9,1716.7,1,0.9728378057,-0.0934377760,-0.2117872834,0.1377597004,0.9689575434,0.2053011656,0.1860307753,-0.2289007306,0.9555087686,1,-63.4,181.5,1763.1,1,0.9742586613,-0.0831632391,-0.2095275670,0.1221116111,0.9759838581,0.1804146320,0.1894924492,-0.2013563961,0.9610141516,1,-47.7,-3.3,1801.3,1,0.2057455182,-0.9390628338,-0.2753717601,0.9375219941,0.1084663793,0.3305865228,-0.2805729806,-0.3261837959,0.9027085900,1,-189.4,165.7,1738.6,1,-0.0225437209,-0.9403454065,-0.3394737840,0.9922035336,0.0205870550,-0.1229164079,0.1225726381,-0.3395980895,0.9325497746,1,-241.7,-72.5,1809.9,1,0.1828839481,-0.9759922028,-0.1182909608,-0.9647874832,-0.1550308317,-0.2124867588,0.1890466660,0.1529860497,-0.9699776769,1,62.5,197.3,1787.6,1,-0.0361911617,-0.9889396429,-0.1438352317,-0.9952891469,0.0486229546,-0.0838772282,0.0899432078,0.1401220262,-0.9860405922,1,112.5,-66.6,1839.3,1,1.0000000000,0.0000000000,-0.0000000000,0.0000000000,1.0000000000,0.0000000000,0.0000000000,0.0000000000,1.0000000000,0,-116.9,-198.8,1822.9,1,1.0000000000,0.0000000000,0.0000000000,-0.0000000000,1.0000000000,0.0000000000,-0.0000000000,-0.0000000000,1.0000000000,0,-116.9,-577.5,1822.9,0,1.0000000000,0.0000000000,-0.0000000000,0.0000000000,1.0000000000,0.0000000000,0.0000000000,0.0000000000,1.0000000000,0,53.0,-177.5,1855.9,1,1.0000000000,0.0000000000,0.0000000000,-0.0000000000,1.0000000000,0.0000000000,-0.0000000000,-0.0000000000,1.0000000000,0,53.0,-556.2,1855.9,0,-236.0,-320.0,1779.3,1,103.2,-322.6,1862.5,1,-116.9,-941.7,1822.9,0,53.0,-920.4,1855.9,0,
19,0.9810603261,-0.0884324163,-0.1723313332,0.1249362007,0.9687905312,0.2141051292,0.1480199546,-0.2315807343,0.9614886642,1,-85.0,375.9,1714.9,1,0.9810603261,-0.0884324163,-0.1723313332,0.1249362007,0.9687905312,0.2141051292,0.1480199546,-0.2315807343,0.9614886642,1,-67.0,179.2,1762.0,1,0.9822471738,-0.0797935799,-0.1697683334,0.1112122759,0.9765289426,0.1844673902,0.1510652304,-0.2000730187,0.9680650830,1,-51.9,-5.8,1799.9,1,0.1878448129,-0.9523432255,-0.2403260916,0.9430358410,0.1064687818,0.3151948750,-0.2745864987,-0.2858438492,0.9180933833,1,-194.0,164.8,1742.4,1,-0.0271359105,-0.9534479976,-0.3003339171,0.9897981882,0.0164104979,-0.1415279061,0.1398681402,-0.3011104465,0.9432758689,1,-241.4,-73.1,1811.7,1,0.1995285004,-0.9677183628,-0.1539794207,-0.9585373998,-0.1601283252,-0.2357224971,0.2034565210,0.1946283877,-0.9595443010,1,60.0,193.5,1781.5,1,-0.0469033532,-0.9812963009,-0.1867019236,-0.9947479367,0.0629081652,-0.0807412118,0.0909761265,0.1819343120,-0.9790930748,1,114.0,-66.0,1836.6,1,1.0000000000,0.0000000000,-0.0000000000,0.0000000000,1.0000000000,0.0000000000,0.0000000000,0.0000000000,1.0000000000,0,-122.5,-200.4,1824.6,1,1.0000000000,0.0000000000,0.0000000000,-0.0000000000,1.0000000000,0.0000000000,-0.0000000000,-0.0000000000,1.0000000000,0,-122.5,-579.1,1824.6,0,1.0000000000,0.0000000000,-0.0000000000,0.0000000000,1.0000000000,0.0000000000,0.0000000000,0.0000000000,1.0000000000,0,48.9,-181.0,1850.9,1,1.0000000000,0.0000000000,0.0000000000,-0.0000000000,1.0000000000,0.0000000000,-0.0000000000,-0.0000000000,1.0000000000,0,48.9,-559.7,1850.9,0,-234.6,-320.1,1776.8,1,102.0,-322.0,1860.0,1,-122.5,-943.3,1824.6,0,48.9,-923.9,1850.9,0,
20,0.9861133695,-0.0763865262,-0.1474557817,0.1083069667,0.9689313769,0.2223659456,0.1258896738,-0.2352487594,0.9637477398,1,-86.0,374.7,1712.5,1,0.9861133695,-0.0763865262,-0.1474557817,0.1083069667,0.9689313769,0.2223659456,0.1258896738,-0.2352487594,0.9637477398,1,-70.5,178.3,1760.2,1,0.9866583943,-0.0739722922,-0.1450211257,0.1012563407,0.9763821363,0.1908667386,0.1274781078,-0.2030046880,0.9708441496,1,-56.5,-6.6,1798.6,1,0.1737127602,-0.9600922465,-0.2191960067,0.9477456808,0.1025047749,0.3021108210,-0.2675856054,-0.2602225542,0.9277296066,1,-198.1,165.2,1743.7,1,-0.0340590961,-0.9610386491,-0.2743076384,0.9899050593,0.0053435043,-0.1416314095,0.1375790387,-0.2763623595,0.9511549473,1,-242.2,-75.3,1811.6,1,0.2069458365,-0.9622616172,-0.1767089814,-0.9551693201,-0.1596323550,-0.2493376136,0.2117195725,0.2203863859,-0.9521578550,1,57.1,191.4,1776.7,1,-0.0324047543,-0.9765651822,-0.2127677351,-0.9953296185,0.0508985370,-0.0820252821,0.0909326077,0.2091160119,-0.9736537933,1,112.2,-62.6,1833.0,1,1.0000000000,0.0000000000,-0.0000000000,0.0000000000,1.0000000000,0.0000000000,0.0000000000,0.0000000000,1.0000000000,0,-128.6,-200.3,1826.0,1,1.0000000000,0.0000000000,0.0000000000,-0.0000000000,1.0000000000,0.0000000000,-0.0000000000,-0.0000000000,1.0000000000,0,-128.6,-579.0,1826.0,0,1.0000000000,0.0000000000,-0.0000000000,0.0000000000,1.0000000000,0.0000000000,0.0000000000,0.0000000000,1.0000000000,0,43.6,-182.6,1848.2,1,1.0000000000,0.0000000000,0.0000000000,-0.0000000000,1.0000000000,0.0000000000,-0.0000000000,-0.0000000000,1.0000000000,0,43.6,-561.4,1848.2,0,-233.7,-322.4,1777.3,1,103.8,-318.7,1856.4,1,-128.6,-943.2,1826.0,0,43.6,-925.5,1848.2,0,
21,0.9896100760,-0.0677727014,-0.1267932802,0.0949480310,0.9703222513,0.2224067599,0.1079581603,-0.2321349531,0.9666737914,1,-89.9,374.3,1711.3,1,0.9896100760,-0.0677727014,-0.1267932802,0.0949480310,0.9703222513,0.2224067599,0.1079581603,-0.2321349531,0.9666737914,1,-76.2,178.1,1758.3,1,0.9902051687,-0.0627757460,-0.1247026324,0.0860681236,0.9777711034,0.1912093163,0.1099282876,-0.2000694722,0.9735953212,1,-64.3,-7.0,1796.1,1,0.1497190297,-0.9684053063,-0.1994369626,0.9515478015,0.0863320082,0.2951329648,-0.2685905993,-0.2339608222,0.9344095588,1,-204.3,167.0,1744.0,1,-0.0249487665,-0.9690957665,-0.2454203665,0.9906342030,0.0090005826,-0.1362459064,0.1342442632,-0.2465209663,0.9597947598,1,-242.3,-74.5,1812.2,1,0.2206872404,-0.9558691382,-0.1939365566,-0.9508337975,-0.1665486693,-0.2611066997,0.2172839791,0.2420243621,-0.9456277490,1,51.9,189.3,1772.5,1,-0.0333954506,-0.9717959762,-0.2334473282,-0.9946224689,0.0552269891,-0.0876150131,0.0980365053,0.2292660177,-0.9684141874,1,110.8,-64.2,1830.4,1,1.0000000000,0.0000000000,-0.0000000000,0.0000000000,1.0000000000,0.0000000000,0.0000000000,0.0000000000,1.0000000000,0,-138.9,-199.7,1824.4,1,1.0000000000,0.0000000000,0.0000000000,-0.0000000000,1.0000000000,0.0000000000,-0.0000000000,-0.0000000000,1.0000000000,0,-138.9,-578.4,1824.4,0,1.0000000000,0.0000000000,-0.0000000000,0.0000000000,1.0000000000,0.0000000000,0.0000000000,0.0000000000,1.0000000000,0,34.0,-184.7,1843.6,1,1.0000000000,0.0000000000,0.0000000000,-0.0000000000,1.0000000000,0.0000000000,-0.0000000000,-0.0000000000,1.0000000000,0,34.0,-563.4,1843.6,0,-236.1,-321.8,1778.7,1,102.2,-320.2,1855.6,1,-138.9,-942.6,1824.4,0,34.0,-927.6,1843.6,0,
22,0.9920757413,-0.0599768534,-0.1103920564,0.0845481902,0.9686691165,0.2335312515,0.0929278508,-0.2410143316,0.9660623670,1,-90.8,373.3,1707.2,1,0.9920757413,-0.0599768534,-0.1103920564,0.0845481902,0.9686691165,0.2335312515,0.0929278508,-0.2410143316,0.9660623670,1,-78.7,177.8,1755.9,1,0.9926462770,-0.0539163649,-0.1083710194,0.0748006776,0.9771426320,0.1990028471,0.0951654240,-0.2056457251,0.9739883542,1,-68.5,-7.2,1794.8,1,0.1508479267,-0.9716098309,-0.1822614819,0.9482458830,0.0901030004,0.3044852912,-0.2794186473,-0.2187596858,0.9349167347,1,-207.2,168.1,1743.6,1,-0.0176937357,-0.9728584290,-0.2307233959,0.9917464256,0.0122314282,-0.1276296675,0.1269876808,-0.2310773432,0.9646125436,1,-245.4,-72.2,1814.4,1,0.2169193327,-0.9534431100,-0.2095042914,-0.9500357509,-0.1568434089,-0.2698743343,0.2244504839,0.2575775385,-0.9398275018,1,49.8,187.5,1768.2,1,-0.0397150777,-0.9675797224,-0.2494233698,-0.9939740896,0.0637794137,-0.0891492814,0.1021671221,0.2443797886,-0.9642822742,1,107.6,-65.7,1828.0,1,1.0000000000,0.0000000000,-0.0000000000,0.0000000000,1.0000000000,0.0000000000,0.0000000000,0.0000000000,1.0000000000,0,-145.0,-198.8,1825.4,1,1.0000000000,0.0000000000,0.0000000000,-0.0000000000,1.0000000000,0.0000000000,-0.0000000000,-0.0000000000,1.0000000000,0,-145.0,-577.5,1825.4,0,1.0000000000,0.0000000000,-0.0000000000,0.0000000000,1.0000000000,0.0000000000,0.0000000000,0.0000000000,1.0000000000,0,28.4,-185.7,1842.1,1,1.0000000000,0.0000000000,0.0000000000,-0.0000000000,1.0000000000,0.0000000000,-0.0000000000,-0.0000000000,1.0000000000,0,28.4,-564.5,1842.1,0,-241.0,-319.8,1782.7,1,97.4,-321.5,1854.3,1,-145.0,-941.7,1825.4,0,28.4,-928.7,1842.1,0,
23,0.9942753911,-0.0512075834,-0.0937665403,0.0721638575,0.9690799713,0.2359688431,0.0787848756,-0.2413847744,0.9672261477,1,-93.4,370.6,1704.7,1,0.9942753911,-0.0512075834,-0.0937665403,0.0721638575,0.9690799713,0.2359688431,0.0787848756,-0.2413847744,0.9672261477,1,-83.1,175.0,1753.4,1,0.9946632981,-0.0470947996,-0.0917872414,0.0644788370,0.9783320427,0.1967580765,0.0805331394,-0.2016264200,0.9761461020,1,-74.2,-10.2,1791.6,1,0.1490411907,-0.9752281904,-0.1634527743,0.9450262189,0.0918250158,0.3138368726,-0.2910534739,-0.2012417763,0.9353018999,1,-211.8,166.7,1743.0,1,-0.0290111266,-0.9763846993,-0.2140820622,0.9910707474,-0.0002120659,-0.1333368123,0.1301426291,-0.2160387188,0.9676724672,1,-249.3,-71.0,1816.2,1,0.2262650728,-0.9486200809,-0.2211882919,-0.9448717237,-0.1585722417,-0.2864828408,0.2366890311,0.2738156319,-0.9322034717,1,45.7,183.4,1763.8,1,-0.0517513007,-0.9619563818,-0.2682571113,-0.9941138625,0.0752239600,-0.0779680163,0.0951811820,0.2626431882,-0.9601870775,1,105.8,-67.6,1826.7,1,1.0000000000,0.0000000000,-0.0000000000,0.0000000000,1.0000000000,0.0000000000,0.0000000000,0.0000000000,1.0000000000,0,-152.1,-201.1,1822.7,1,1.0000000000,0.0000000000,0.0000000000,-0.0000000000,1.0000000000,0.0000000000,-0.0000000000,-0.0000000000,1.0000000000,0,-152.1,-579.9,1822.7,0,1.0000000000,0.0000000000,-0.0000000000,0.0000000000,1.0000000000,0.0000000000,0.0000000000,0.0000000000,1.0000000000,0,21.7,-189.9,1836.8,1,1.0000000000,0.0000000000,0.0000000000,-0.0000000000,1.0000000000,0.0000000000,-0.0000000000,-0.0000000000,1.0000000000,0,21.7,-568.6,1836.8,0,-242.1,-318.4,1783.7,1,92.5,-323.5,1851.2,1,-152.1,-944.1,1822.7,0,21.7,-932.8,1836.8,0,
