1,0.8626863360,-0.1875126511,-0.4696891308,0.2964643538,0.9399250746,0.1692773700,0.4097307622,-0.2852802873,0.8664500117,1,-180.4,352.9,1641.7,1,0.8626863360,-0.1875126511,-0.4696891308,0.2964643538,0.9399250746,0.1692773700,0.4097307622,-0.2852802873,0.8664500117,1,-142.4,162.5,1699.5,1,0.8653966188,-0.1909450740,-0.4632766843,0.2829352021,0.9492683411,0.1372677088,0.4135632217,-0.2498690784,0.8755173087,1,-106.3,-17.2,1746.8,1,-0.0000013113,-1.0000001192,-0.0000000102,1.0000001192,-0.0000013113,0.0000000019,-0.0000000019,-0.0000000102,1.0000000000,0,-254.4,125.9,1645.9,1,-0.0000708103,-0.9999992251,-0.0001396461,0.9999992251,-0.0000708103,-0.0001024444,0.0001024344,-0.0001396534,1.0000000000,0,-254.4,-121.7,1645.9,0,0.2966701090,0.5409603715,0.7869871855,-0.9460905194,0.0543079153,0.3193170130,0.1299982071,-0.8392929435,0.5279090405,1,-30.5,199.2,1753.0,1,-0.1184153333,0.5337055922,0.8373386860,-0.9916285872,-0.0198396035,-0.1275893748,-0.0514827035,-0.8454375267,0.5315870643,1,45.6,-43.5,1786.3,1,1.0000000000,0.0000000000,0.0000000000,0.0000000000,1.0000000000,0.0000000000,0.0000000000,0.0000000000,1.0000000000,0,-145.7,-221.6,1758.0,1,1.0000000000,-0.0000000000,0.0000000000,0.0000000000,1.0000000000,-0.0000000000,-0.0000000000,0.0000000000,1.0000000000,0,-145.7,-600.4,1758.0,0,1.0000000000,0.0000000000,0.0000000000,0.0000000000,1.0000000000,0.0000000000,0.0000000000,0.0000000000,1.0000000000,0,5.4,-172.2,1830.2,1,1.0000000000,-0.0000000000,0.0000000000,0.0000000000,1.0000000000,-0.0000000000,-0.0000000000,0.0000000000,1.0000000000,0,5.4,-551.0,1830.2,0,-254.4,-369.4,1645.9,0,16.3,-289.0,1773.6,1,-145.7,-964.6,1758.0,0,5.4,-915.2,1830.2,0,
2,0.8592724800,-0.1818169504,-0.4781109393,0.2949452400,0.9397801757,0.1727008075,0.4179190695,-0.2894145250,0.8611518741,1,-177.9,354.3,1640.4,1,0.8592724800,-0.1818169504,-0.4781109393,0.2949452400,0.9397801757,0.1727008075,0.4179190695,-0.2894145250,0.8611518741,1,-141.1,164.3,1698.9,1,0.8619272709,-0.1866346747,-0.4714291990,0.2813318074,0.9495748281,0.1384382397,0.4218198657,-0.2519524992,0.8709692955,1,-105.8,-15.5,1746.6,1,-0.0000013113,-1.0000001192,-0.0000000082,1.0000001192,-0.0000013113,0.0000000015,-0.0000000015,-0.0000000082,1.0000000000,0,-252.7,127.9,1644.3,1,-0.0000622272,-0.9999991059,-0.0001256817,0.9999991059,-0.0000622272,-0.0000921994,0.0000921914,-0.0001256875,1.0000000000,0,-252.7,-119.7,1644.3,0,0.2888101637,0.5494148731,0.7840484381,-0.9483776689,0.0520987436,0.3128344119,0.1310279518,-0.8339237571,0.5360995531,1,-29.6,200.7,1753.5,1,-0.1137219295,0.5429974794,0.8319982886,-0.9919547439,-0.0151787437,-0.1256793588,-0.0556148812,-0.8395971060,0.5403551459,1,44.8,-43.4,1787.2,1,1.0000000000,0.0000000000,0.0000000000,0.0000000000,1.0000000000,0.0000000000,0.0000000000,0.0000000000,1.0000000000,0,-145.7,-219.9,1757.5,1,1.0000000000,-0.0000000000,0.0000000000,0.0000000000,1.0000000000,-0.0000000000,-0.0000000000,0.0000000000,1.0000000000,0,-145.7,-598.6,1757.5,0,1.0000000000,0.0000000000,0.0000000000,0.0000000000,1.0000000000,0.0000000000,0.0000000000,0.0000000000,1.0000000000,0,4.8,-170.7,1831.2,1,1.0000000000,-0.0000000000,0.0000000000,0.0000000000,1.0000000000,-0.0000000000,-0.0000000000,0.0000000000,1.0000000000,0,4.8,-549.5,1831.2,0,-252.7,-367.4,1644.3,0,16.6,-289.0,1773.5,1,-145.7,-962.8,1757.5,0,4.8,-913.7,1831.2,0,
3,0.8519170880,-0.1889936477,-0.4883802831,0.2992057502,0.9410604239,0.1577538103,0.4297807813,-0.2805202603,0.8582520485,1,-177.7,356.3,1642.8,1,0.8519170880,-0.1889936477,-0.4883802831,0.2992057502,0.9410604239,0.1577538103,0.4297807813,-0.2805202603,0.8582520485,1,-139.5,165.7,1699.6,1,0.8545756340,-0.1909693778,-0.4829365909,0.2859790623,0.9492871761,0.1306709945,0.4334913194,-0.2497787625,0.8658495545,1,-103.3,-14.0,1746.9,1,-0.0000013113,-1.0000001192,-0.0000000065,1.0000001192,-0.0000013113,0.0000000012,-0.0000000012,-0.0000000065,1.0000000000,0,-250.1,128.7,1643.4,1,-0.0000542402,-0.9999990463,-0.0001131138,0.9999990463,-0.0000542402,-0.0000829789,0.0000829727,-0.0001131184,1.0000000000,0,-250.1,-118.9,1643.4,0,0.2834727168,0.5589064956,0.7792732120,-0.9511963725,0.0605453998,0.3025883734,0.1219372004,-0.8270174265,0.5487928391,1,-28.8,202.8,1755.7,1,-0.1101953909,0.5520420671,0.8265026212,-0.9924982190,-0.0168116763,-0.1210981831,-0.0529563949,-0.8336468339,0.5497532487,1,44.3,-42.5,1787.1,1,1.0000000000,0.0000000000,0.0000000000,0.0000000000,1.0000000000,0.0000000000,0.0000000000,0.0000000000,1.0000000000,0,-141.8,-218.8,1756.3,1,1.0000000000,-0.0000000000,0.0000000000,0.0000000000,1.0000000000,-0.0000000000,-0.0000000000,0.0000000000,1.0000000000,0,-141.8,-597.5,1756.3,0,1.0000000000,0.0000000000,0.0000000000,0.0000000000,1.0000000000,0.0000000000,0.0000000000,0.0000000000,1.0000000000,0,7.5,-168.8,1832.0,1,1.0000000000,-0.0000000000,0.0000000000,0.0000000000,1.0000000000,-0.0000000000,-0.0000000000,0.0000000000,1.0000000000,0,7.5,-547.6,1832.0,0,-250.1,-366.6,1643.4,0,17.0,-288.2,1774.0,1,-141.8,-961.7,1756.3,0,7.5,-911.7,1832.0,0,
4,0.8518221974,-0.1949572563,-0.4861966670,0.3041094244,0.9397861362,0.1559633762,0.4265145957,-0.2807109654,0.8598176241,1,-177.5,356.3,1643.9,1,0.8518221974,-0.1949572563,-0.4861966670,0.3041094244,0.9397861362,0.1559633762,0.4265145957,-0.2807109654,0.8598176241,1,-138.2,166.6,1700.6,1,0.8549665213,-0.1943793446,-0.4808798730,0.2888593674,0.9484826326,0.1301770806,0.4308024347,-0.2502044737,0.8670678139,1,-101.4,-13.0,1748.0,1,-0.0000013113,-1.0000001192,-0.0000000052,1.0000001192,-0.0000013113,0.0000000010,-0.0000000010,-0.0000000052,1.0000000000,0,-248.9,129.2,1644.8,1,-0.0000469685,-0.9999990463,-0.0001018026,0.9999990463,-0.0000469685,-0.0000746806,0.0000746757,-0.0001018062,1.0000000000,0,-248.9,-118.5,1644.8,0,0.2839810848,0.5539074540,0.7826502323,-0.9525411725,0.0696440563,0.2963358760,0.1096357033,-0.8296603560,0.5473972559,1,-27.5,204.0,1756.4,1,-0.1140855104,0.5454903245,0.8303160071,-0.9925943017,-0.0274835676,-0.1183267459,-0.0417260528,-0.8376663327,0.5445860624,1,45.4,-40.6,1784.5,1,1.0000000000,0.0000000000,0.0000000000,0.0000000000,1.0000000000,0.0000000000,0.0000000000,0.0000000000,1.0000000000,0,-139.2,-217.9,1757.7,1,1.0000000000,-0.0000000000,0.0000000000,0.0000000000,1.0000000000,-0.0000000000,-0.0000000000,0.0000000000,1.0000000000,0,-139.2,-596.6,1757.7,0,1.0000000000,0.0000000000,0.0000000000,0.0000000000,1.0000000000,0.0000000000,0.0000000000,0.0000000000,1.0000000000,0,10.1,-167.4,1833.0,1,1.0000000000,-0.0000000000,0.0000000000,0.0000000000,1.0000000000,-0.0000000000,-0.0000000000,0.0000000000,1.0000000000,0,10.1,-546.2,1833.0,0,-248.9,-366.1,1644.8,0,17.2,-286.4,1774.2,1,-139.2,-960.8,1757.7,0,10.1,-910.4,1833.0,0,
5,0.8654506207,-0.2061285228,-0.4566210210,0.3043981791,0.9402638674,0.1524816304,0.3979133666,-0.2709608674,0.8764958382,1,-176.8,356.0,1649.0,1,0.8654506207,-0.2061285228,-0.4566210210,0.3043981791,0.9402638674,0.1524816304,0.3979133666,-0.2709608674,0.8764958382,1,-135.1,166.0,1703.7,1,0.8692836165,-0.2012017369,-0.4515090585,0.2866170108,0.9493549466,0.1287670285,0.4027341902,-0.2413460463,0.8829252124,1,-97.0,-13.8,1749.4,1,-0.0000013113,-1.0000001192,-0.0000000042,1.0000001192,-0.0000013113,0.0000000008,-0.0000000008,-0.0000000042,1.0000000000,0,-247.7,128.9,1651.6,1,-0.0000404119,-0.9999990463,-0.0000916224,0.9999990463,-0.0000404119,-0.0000672122,0.0000672084,-0.0000916252,1.0000000000,0,-247.7,-118.7,1651.6,0,0.2768232822,0.5292050242,0.8020667434,-0.9551413059,0.0601277500,0.2899826169,0.1052337810,-0.8463609815,0.5221102238,1,-22.6,203.1,1755.9,1,-0.1200460419,0.5202020407,0.8455641866,-0.9921802878,-0.0335548669,-0.1202179641,-0.0341648385,-0.8533838391,0.5201623440,1,47.3,-38.1,1782.4,1,1.0000000000,0.0000000000,0.0000000000,0.0000000000,1.0000000000,0.0000000000,0.0000000000,0.0000000000,1.0000000000,0,-134.9,-218.6,1760.0,1,1.0000000000,-0.0000000000,0.0000000000,0.0000000000,1.0000000000,-0.0000000000,-0.0000000000,0.0000000000,1.0000000000,0,-134.9,-597.3,1760.0,0,1.0000000000,0.0000000000,0.0000000000,0.0000000000,1.0000000000,0.0000000000,0.0000000000,0.0000000000,1.0000000000,0,17.0,-168.5,1830.3,1,1.0000000000,-0.0000000000,0.0000000000,0.0000000000,1.0000000000,-0.0000000000,-0.0000000000,0.0000000000,1.0000000000,0,17.0,-547.3,1830.3,0,-247.7,-366.4,1651.6,0,17.6,-283.8,1774.0,1,-134.9,-961.5,1760.0,0,17.0,-911.4,1830.3,0,
6,0.8763052225,-0.2165020555,-0.4303632677,0.3033473790,0.9419695735,0.1438005269,0.3742560148,-0.2565636635,0.8911269903,1,-177.4,357.4,1654.0,1,0.8763052225,-0.2165020555,-0.4303632677,0.3033473790,0.9419695735,0.1438005269,0.3742560148,-0.2565636635,0.8911269903,1,-133.5,166.5,1706.0,1,0.8810631633,-0.2064873129,-0.4255434275,0.2820480168,0.9515856504,0.1222240254,0.3797033429,-0.2277116030,0.8966451287,1,-94.4,-13.6,1749.2,1,-0.0000013113,-1.0000001192,-0.0000000033,1.0000001192,-0.0000013113,0.0000000006,-0.0000000006,-0.0000000033,1.0000000000,0,-247.6,130.0,1656.9,1,-0.0000346899,-0.9999990463,-0.0000824603,0.9999990463,-0.0000346899,-0.0000604906,0.0000604877,-0.0000824624,1.0000000000,0,-247.6,-117.6,1656.9,0,0.2775734663,0.5066854954,0.8162246943,-0.9556998610,0.0590254739,0.2883637547,0.0979316682,-0.8601079583,0.5006232262,1,-19.5,203.0,1755.2,1,-0.1508125663,0.4932957590,0.8566883802,-0.9879971743,-0.0459115356,-0.1474917084,-0.0334251486,-0.8686493039,0.4942988157,1,53.0,-46.3,1780.7,1,1.0000000000,0.0000000000,0.0000000000,0.0000000000,1.0000000000,0.0000000000,0.0000000000,0.0000000000,1.0000000000,0,-132.3,-218.5,1759.1,1,1.0000000000,-0.0000000000,0.0000000000,0.0000000000,1.0000000000,-0.0000000000,-0.0000000000,0.0000000000,1.0000000000,0,-132.3,-597.2,1759.1,0,1.0000000000,0.0000000000,0.0000000000,0.0000000000,1.0000000000,0.0000000000,0.0000000000,0.0000000000,1.0000000000,0,21.6,-169.2,1825.4,1,1.0000000000,-0.0000000000,0.0000000000,0.0000000000,1.0000000000,-0.0000000000,-0.0000000000,0.0000000000,1.0000000000,0,21.6,-547.9,1825.4,0,-247.5,-365.3,1656.9,0,15.6,-290.9,1772.5,1,-132.3,-961.4,1759.1,0,21.6,-912.1,1825.4,0,
7,0.8773470521,-0.2184492648,-0.4272454679,0.3062797785,0.9403455257,0.1481485218,0.3693954349,-0.2608352304,0.8919146657,1,-176.4,356.3,1653.1,1,0.8773470521,-0.2184492648,-0.4272454679,0.3062797785,0.9403455257,0.1481485218,0.3693954349,-0.2608352304,0.8919146657,1,-132.3,166.5,1705.7,1,0.8816491365,-0.2097507715,-0.4227244556,0.2872953713,0.9492268562,0.1281981468,0.3743717968,-0.2344733775,0.8971441984,1,-92.6,-13.3,1750.1,1,-0.0000013113,-1.0000001192,-0.0000000027,1.0000001192,-0.0000013113,0.0000000005,-0.0000000005,-0.0000000027,1.0000000000,0,-246.5,129.3,1657.3,1,-0.0000294447,-0.9999990463,-0.0000742143,0.9999990463,-0.0000294447,-0.0000544413,0.0000544391,-0.0000742160,1.0000000000,0,-246.5,-118.4,1657.3,0,0.2800212204,0.5014070868,0.8186447024,-0.9552372694,0.0607465729,0.2895370126,0.0954460576,-0.8630764484,0.4959730506,1,-18.2,203.7,1754.2,1,-0.1682970524,0.4847398400,0.8583141565,-0.9853182435,-0.0573695377,-0.1607999057,-0.0287050419,-0.8727747798,0.4872781932,1,56.1,-49.8,1779.5,1,1.0000000000,0.0000000000,0.0000000000,0.0000000000,1.0000000000,0.0000000000,0.0000000000,0.0000000000,1.0000000000,0,-129.9,-218.1,1761.8,1,1.0000000000,-0.0000000000,0.0000000000,0.0000000000,1.0000000000,-0.0000000000,-0.0000000000,0.0000000000,1.0000000000,0,-129.9,-596.9,1761.8,0,1.0000000000,0.0000000000,0.0000000000,0.0000000000,1.0000000000,0.0000000000,0.0000000000,0.0000000000,1.0000000000,0,24.1,-167.9,1827.2,1,1.0000000000,-0.0000000000,0.0000000000,0.0000000000,1.0000000000,-0.0000000000,-0.0000000000,0.0000000000,1.0000000000,0,24.1,-546.7,1827.2,0,-246.5,-366.0,1657.2,0,14.5,-293.7,1772.4,1,-129.9,-961.0,1761.8,0,24.1,-910.9,1827.2,0,
8,0.8884572387,-0.2161904573,-0.4048482478,0.3014779091,0.9400176406,0.1596332490,0.3460533619,-0.2638810277,0.9003409147,1,-176.7,356.7,1652.6,1,0.8884572387,-0.2161904573,-0.4048482478,0.3014779091,0.9400176406,0.1596332490,0.3460533619,-0.2638810277,0.9003409147,1,-132.9,166.0,1706.1,1,0.8925557137,-0.2096974701,-0.3992090821,0.2832939029,0.9495413303,0.1346136481,0.3508374691,-0.2332444638,0.9069232941,1,-93.2,-13.8,1750.3,1,-0.0000013113,-1.0000001192,-0.0000000021,1.0000001192,-0.0000013113,0.0000000004,-0.0000000004,-0.0000000021,1.0000000000,0,-248.4,129.3,1660.7,1,-0.0000245571,-0.9999990463,-0.0000667929,0.9999990463,-0.0000245571,-0.0000489970,0.0000489953,-0.0000667942,1.0000000000,0,-248.4,-118.3,1660.7,0,0.2824065387,0.4821302295,0.8293352723,-0.9535154700,0.0463238433,0.2977623940,0.1051422656,-0.8748740554,0.4728007615,1,-17.4,202.7,1751.5,1,-0.1587097794,0.4689382017,0.8688544631,-0.9868752360,-0.0487771258,-0.1539420784,-0.0298091006,-0.8818830848,0.4705248475,1,56.9,-48.1,1779.2,1,1.0000000000,0.0000000000,0.0000000000,0.0000000000,1.0000000000,0.0000000000,0.0000000000,0.0000000000,1.0000000000,0,-131.4,-218.3,1763.8,1,1.0000000000,-0.0000000000,0.0000000000,0.0000000000,1.0000000000,-0.0000000000,-0.0000000000,0.0000000000,1.0000000000,0,-131.4,-597.1,1763.8,0,1.0000000000,0.0000000000,0.0000000000,0.0000000000,1.0000000000,0.0000000000,0.0000000000,0.0000000000,1.0000000000,0,24.5,-168.9,1825.1,1,1.0000000000,-0.0000000000,0.0000000000,0.0000000000,1.0000000000,-0.0000000000,-0.0000000000,0.0000000000,1.0000000000,0,24.5,-547.6,1825.1,0,-248.4,-365.9,1660.7,0,17.6,-292.4,1771.8,1,-131.4,-961.3,1763.8,0,24.5,-911.8,1825.1,0,
9,0.8892864585,-0.2242992818,-0.3985674381,0.3038932085,0.9410725832,0.1484468430,0.3417843282,-0.2531346083,0.9050448537,1,-177.6,356.5,1656.3,1,0.8892864585,-0.2242992818,-0.3985674381,0.3038932085,0.9410725832,0.1484468430,0.3417843282,-0.2531346083,0.9050448537,1,-132.2,166.1,1707.6,1,0.8936080337,-0.2165416777,-0.3931552172,0.2853531241,0.9502087831,0.1252274960,0.3464626372,-0.2240931541,0.9109038115,1,-91.2,-13.9,1750.0,1,-0.0000013113,-1.0000001192,-0.0000000017,1.0000001192,-0.0000013113,0.0000000003,-0.0000000003,-0.0000000017,1.0000000000,0,-247.9,129.1,1662.7,1,-0.0000203848,-0.9999992251,-0.0000601137,0.9999992251,-0.0000203848,-0.0000440971,0.0000440958,-0.0000601146,1.0000000000,0,-247.9,-118.5,1662.7,0,0.2808730304,0.4759135842,0.8334367275,-0.9551740289,0.0539621860,0.2910854816,0.0935574546,-0.8778352141,0.4697367847,1,-16.5,203.0,1752.4,1,-0.1518913060,0.4625064433,0.8735083938,-0.9880802035,-0.0486714840,-0.1460431516,-0.0250309575,-0.8852790594,0.4643862247,1,58.1,-50.9,1777.3,1,1.0000000000,0.0000000000,0.0000000000,0.0000000000,1.0000000000,0.0000000000,0.0000000000,0.0000000000,1.0000000000,0,-128.3,-218.7,1762.2,1,1.0000000000,-0.0000000000,0.0000000000,0.0000000000,1.0000000000,-0.0000000000,-0.0000000000,0.0000000000,1.0000000000,0,-128.3,-597.5,1762.2,0,1.0000000000,0.0000000000,0.0000000000,0.0000000000,1.0000000000,0.0000000000,0.0000000000,0.0000000000,1.0000000000,0,27.8,-168.9,1822.7,1,1.0000000000,-0.0000000000,0.0000000000,0.0000000000,1.0000000000,-0.0000000000,-0.0000000000,0.0000000000,1.0000000000,0,27.8,-547.6,1822.7,0,-247.9,-366.2,1662.7,0,20.5,-295.5,1771.1,1,-128.3,-961.7,1762.2,0,27.8,-911.8,1822.7,0,
10,0.8838219643,-0.2284855098,-0.4082276225,0.3128731549,0.9374442697,0.1526882052,0.3478035927,-0.2626735568,0.9000195265,1,-177.5,356.1,1654.2,1,0.8838219643,-0.2284855098,-0.4082276225,0.3128731549,0.9374442697,0.1526882052,0.3478035927,-0.2626735568,0.9000195265,1,-131.3,166.5,1707.3,1,0.8888040781,-0.2197296321,-0.4021727443,0.2919162512,0.9479479790,0.1272186190,0.3532851934,-0.2304739505,0.9066814184,1,-89.7,-13.0,1751.0,1,-0.0000013113,-1.0000001192,-0.0000000014,1.0000001192,-0.0000013113,0.0000000003,-0.0000000003,-0.0000000014,1.0000000000,0,-246.4,128.7,1661.6,1,-0.0000168085,-0.9999992251,-0.0000541023,0.9999992251,-0.0000168085,-0.0000396873,0.0000396863,-0.0000541030,1.0000000000,0,-246.4,-119.0,1661.6,0,0.2798610032,0.4810932279,0.8307990432,-0.9560812712,0.0611534640,0.2866509855,0.0870996043,-0.8745338321,0.4770787358,1,-16.2,204.3,1753.1,1,-0.1445930600,0.4679286480,0.8718575239,-0.9892285466,-0.0480604768,-0.1382642388,-0.0227959063,-0.8824583888,0.4698376060,1,58.7,-51.7,1776.4,1,1.0000000000,0.0000000000,0.0000000000,0.0000000000,1.0000000000,0.0000000000,0.0000000000,0.0000000000,1.0000000000,0,-125.7,-218.0,1763.8,1,1.0000000000,-0.0000000000,0.0000000000,0.0000000000,1.0000000000,-0.0000000000,-0.0000000000,0.0000000000,1.0000000000,0,-125.7,-596.8,1763.8,0,1.0000000000,0.0000000000,0.0000000000,0.0000000000,1.0000000000,0.0000000000,0.0000000000,0.0000000000,1.0000000000,0,29.5,-167.0,1825.5,1,1.0000000000,-0.0000000000,0.0000000000,0.0000000000,1.0000000000,-0.0000000000,-0.0000000000,0.0000000000,1.0000000000,0,29.5,-545.8,1825.5,0,-246.4,-366.6,1661.6,0,22.9,-296.7,1770.8,1,-125.7,-961.0,1763.8,0,29.5,-910.0,1825.5,0,
11,0.8968493938,-0.2226909548,-0.3821867406,0.3040650189,0.9378955364,0.1670373827,0.3212535381,-0.2660179138,0.9088622928,1,-178.2,357.2,1653.2,1,0.8968493938,-0.2226909548,-0.3821867406,0.3040650189,0.9378955364,0.1670373827,0.3212535381,-0.2660179138,0.9088622928,1,-133.1,167.5,1707.0,1,0.9008179307,-0.2191510797,-0.3748287857,0.2871240079,0.9482457638,0.1356276423,0.3257069588,-0.2297989279,0.9171190262,1,-91.6,-12.1,1750.5,1,-0.0000013113,-1.0000001192,-0.0000000011,1.0000001192,-0.0000013113,0.0000000002,-0.0000000002,-0.0000000011,1.0000000000,0,-249.8,130.3,1664.8,1,-0.0000134706,-0.9999991059,-0.0000486921,0.9999991059,-0.0000134706,-0.0000357184,0.0000357177,-0.0000486926,1.0000000000,0,-249.8,-117.3,1664.8,0,0.2827742398,0.4590213001,0.8422222137,-0.9538608789,0.0421723649,0.2972722948,0.1009358019,-0.8874238133,0.4497677684,1,-16.5,204.7,1749.1,1,-0.1352822930,0.4491445124,0.8831579685,-0.9905431271,-0.0407320708,-0.1310165823,-0.0228725299,-0.8925302625,0.4504072666,1,58.3,-47.8,1775.8,1,1.0000000000,0.0000000000,0.0000000000,0.0000000000,1.0000000000,0.0000000000,0.0000000000,0.0000000000,1.0000000000,0,-128.8,-216.7,1765.6,1,1.0000000000,-0.0000000000,0.0000000000,0.0000000000,1.0000000000,-0.0000000000,-0.0000000000,0.0000000000,1.0000000000,0,-128.8,-595.5,1765.6,0,1.0000000000,0.0000000000,0.0000000000,0.0000000000,1.0000000000,0.0000000000,0.0000000000,0.0000000000,1.0000000000,0,28.5,-166.6,1822.4,1,1.0000000000,-0.0000000000,0.0000000000,0.0000000000,1.0000000000,-0.0000000000,-0.0000000000,0.0000000000,1.0000000000,0,28.5,-545.3,1822.4,0,-249.7,-364.9,1664.8,0,24.8,-293.1,1770.2,1,-128.8,-959.6,1765.6,0,28.5,-909.5,1822.4,0,
12,0.9027518034,-0.2143698633,-0.3729362786,0.2939407229,0.9404119253,0.1709658056,0.3140638769,-0.2639617622,0.9119693041,1,-176.8,358.3,1653.1,1,0.9027518034,-0.2143698633,-0.3729362786,0.2939407229,0.9404119253,0.1709658056,0.3140638769,-0.2639617622,0.9119693041,1,-133.2,167.1,1706.8,1,0.9063665271,-0.2107607275,-0.3661644459,0.2778653204,0.9502406120,0.1408498287,0.3182588220,-0.2294067442,0.9198281169,1,-93.3,-12.9,1750.3,1,-0.0000013113,-1.0000001192,-0.0000000009,1.0000001192,-0.0000013113,0.0000000002,-0.0000000002,-0.0000000009,1.0000000000,0,-250.6,131.1,1665.6,1,-0.0000103712,-0.9999990463,-0.0000438229,0.9999990463,-0.0000103712,-0.0000321465,0.0000321460,-0.0000438233,1.0000000000,0,-250.6,-116.6,1665.6,0,0.2871917486,0.4518496096,0.8446021676,-0.9521295428,0.0382475778,0.3032926321,0.1047386751,-0.8912737966,0.4412037730,1,-15.9,203.0,1748.0,1,-0.1388505399,0.4421513379,0.8861279488,-0.9900113940,-0.0398774669,-0.1352307349,-0.0244559087,-0.8960536122,0.4432718158,1,59.5,-47.0,1775.5,1,1.0000000000,0.0000000000,0.0000000000,0.0000000000,1.0000000000,0.0000000000,0.0000000000,0.0000000000,1.0000000000,0,-132.6,-217.1,1765.9,1,1.0000000000,-0.0000000000,0.0000000000,0.0000000000,1.0000000000,-0.0000000000,-0.0000000000,0.0000000000,1.0000000000,0,-132.6,-595.8,1765.9,0,1.0000000000,0.0000000000,0.0000000000,0.0000000000,1.0000000000,0.0000000000,0.0000000000,0.0000000000,1.0000000000,0,25.7,-168.6,1821.5,1,1.0000000000,-0.0000000000,0.0000000000,0.0000000000,1.0000000000,-0.0000000000,-0.0000000000,0.0000000000,1.0000000000,0,25.7,-547.3,1821.5,0,-250.6,-364.2,1665.6,0,25.1,-292.2,1769.5,1,-132.6,-960.0,1765.9,0,25.7,-911.5,1821.5,0,
13,0.8805762529,-0.1914934069,-0.4334889054,0.2769747078,0.9501962066,0.1428890675,0.3845371604,-0.2458910495,0.8897576332,1,-177.3,358.9,1652.5,1,0.8805762529,-0.1914934069,-0.4334889054,0.2769747078,0.9501962066,0.1428890675,0.3845371604,-0.2458910495,0.8897576332,1,-138.7,167.5,1702.0,1,0.8830816150,-0.1889323294,-0.4294976592,0.2644172609,0.9565500617,0.1228843704,0.3876191974,-0.2220842987,0.8946673870,1,-102.9,-13.5,1744.0,1,-0.0000013113,-1.0000001192,-0.0000000007,1.0000001192,-0.0000013113,0.0000000001,-0.0000000001,-0.0000000007,1.0000000000,0,-252.8,133.4,1651.9,1,-0.0000073910,-0.9999990463,-0.0000394406,0.9999990463,-0.0000073910,-0.0000289317,0.0000289314,-0.0000394409,1.0000000000,0,-252.8,-114.3,1651.9,0,0.3080101907,0.5031932592,0.8074195385,-0.9479215741,0.0899864212,0.3055276275,0.0810826421,-0.8594760299,0.5047044754,1,-24.7,201.7,1752.1,1,-0.1477989256,0.4868956506,0.8608648181,-0.9887589812,-0.0528425202,-0.1398694813,-0.0226115789,-0.8718603849,0.4892324507,1,57.8,-52.1,1773.8,1,1.0000000000,0.0000000000,0.0000000000,0.0000000000,1.0000000000,0.0000000000,0.0000000000,0.0000000000,1.0000000000,0,-144.3,-217.7,1752.2,1,1.0000000000,-0.0000000000,0.0000000000,0.0000000000,1.0000000000,-0.0000000000,-0.0000000000,0.0000000000,1.0000000000,0,-144.3,-596.5,1752.2,0,1.0000000000,0.0000000000,0.0000000000,0.0000000000,1.0000000000,0.0000000000,0.0000000000,0.0000000000,1.0000000000,0,9.9,-171.5,1819.9,1,1.0000000000,-0.0000000000,0.0000000000,0.0000000000,1.0000000000,-0.0000000000,-0.0000000000,0.0000000000,1.0000000000,0,9.9,-550.3,1819.9,0,-252.8,-361.9,1651.9,0,21.2,-296.9,1768.2,1,-144.3,-960.7,1752.2,0,9.9,-914.5,1819.9,0,
14,0.8760966659,-0.1970742941,-0.4400149882,0.2850590646,0.9477734566,0.1430798918,0.3888371587,-0.2507829368,0.8865176439,1,-181.5,358.2,1649.3,1,0.8760966659,-0.1970742941,-0.4400149882,0.2850590646,0.9477734566,0.1430798918,0.3888371587,-0.2507829368,0.8865176439,1,-141.7,166.9,1699.9,1,0.8793557882,-0.1911351830,-0.4361164272,0.2690837681,0.9551075101,0.1239702851,0.3928430080,-0.2263666093,0.8913093805,1,-105.5,-13.9,1742.8,1,-0.0368084908,-0.9744403362,-0.2216106206,0.9965626001,-0.0522624254,0.0642778501,-0.0742168278,-0.2184828818,0.9730144143,0,-255.4,132.1,1649.1,1,-0.1657903194,-0.9734495282,-0.1578245014,0.9657042623,-0.1278308630,-0.2259944677,0.1998193711,-0.1898796558,0.9612585306,0,-246.1,-121.0,1667.9,0,0.3007586002,0.5121411681,0.8045220971,-0.9491841197,0.0787452385,0.3047108948,0.0927026942,-0.8552839756,0.5097995400,1,-28.0,201.7,1750.7,1,-0.1337875873,0.4992883801,0.8560444117,-0.9906212091,-0.0431810021,-0.1296346784,-0.0277602226,-0.8653592467,0.5003826618,1,50.3,-45.2,1774.8,1,1.0000000000,0.0000000000,0.0000000000,0.0000000000,1.0000000000,0.0000000000,0.0000000000,0.0000000000,1.0000000000,0,-146.1,-218.3,1751.3,1,1.0000000000,-0.0000000000,0.0000000000,0.0000000000,1.0000000000,-0.0000000000,-0.0000000000,0.0000000000,1.0000000000,0,-146.1,-597.0,1751.3,0,1.0000000000,0.0000000000,0.0000000000,0.0000000000,1.0000000000,0.0000000000,0.0000000000,0.0000000000,1.0000000000,0,7.5,-171.3,1819.9,1,1.0000000000,-0.0000000000,0.0000000000,0.0000000000,1.0000000000,-0.0000000000,-0.0000000000,0.0000000000,1.0000000000,0,7.5,-550.0,1819.9,0,-198.3,-399.5,1610.3,0,17.2,-290.5,1767.9,1,-146.1,-961.2,1751.3,0,7.5,-914.2,1819.9,0,
15,0.8867155313,-0.1948505342,-0.4192441702,0.2824790180,0.9462286234,0.1576770246,0.3659773469,-0.2582432330,0.8940754533,1,-182.2,356.6,1648.2,1,0.8867155313,-0.1948505342,-0.4192441702,0.2824790180,0.9462286234,0.1576770246,0.3659773469,-0.2582432330,0.8940754533,1,-143.0,166.1,1700.2,1,0.8902293444,-0.1895240396,-0.4142090082,0.2650981247,0.9550392032,0.1327711344,0.3704225421,-0.2280035615,0.9004451036,1,-107.1,-14.7,1743.4,1,-0.0448682308,-0.9027382135,-0.4278439879,0.9890871048,-0.1003048420,0.1079141051,-0.1403330117,-0.4183331132,0.8973873258,0,-258.1,131.8,1652.3,1,-0.3452842236,-0.8993473053,-0.2682392597,0.8843735456,-0.2161383629,-0.4137232006,0.3141040802,-0.3800760806,0.8699889183,0,-246.4,-126.8,1689.0,0,0.2914436758,0.4956861138,0.8181416988,-0.9511762857,0.0593201891,0.3028939366,0.1016079783,-0.8664734960,0.4887734056,1,-27.8,200.4,1748.1,1,-0.1165734977,0.4871138334,0.8655233979,-0.9925547838,-0.0261701234,-0.1189543232,-0.0352934450,-0.8729462624,0.4865379035,1,46.8,-42.9,1774.1,1,1.0000000000,0.0000000000,0.0000000000,0.0000000000,1.0000000000,0.0000000000,0.0000000000,0.0000000000,1.0000000000,0,-148.9,-218.7,1754.2,1,1.0000000000,-0.0000000000,0.0000000000,0.0000000000,1.0000000000,-0.0000000000,-0.0000000000,0.0000000000,1.0000000000,0,-148.9,-597.5,1754.2,0,1.0000000000,0.0000000000,0.0000000000,0.0000000000,1.0000000000,0.0000000000,0.0000000000,0.0000000000,1.0000000000,0,6.6,-172.4,1818.9,1,1.0000000000,-0.0000000000,0.0000000000,0.0000000000,1.0000000000,-0.0000000000,-0.0000000000,0.0000000000,1.0000000000,0,6.6,-551.2,1818.9,0,-151.4,-370.2,1602.5,0,17.9,-288.7,1765.4,1,-148.9,-961.7,1754.2,0,6.6,-915.4,1818.9,0,
16,0.8968489170,-0.1974516213,-0.3958175778,0.2809117436,0.9454725385,0.1648489237,0.3416850269,-0.2590352893,0.9034113288,1,-182.8,356.2,1649.6,1,0.8968489170,-0.1974516213,-0.3958175778,0.2809117436,0.9454725385,0.1648489237,0.3416850269,-0.2590352893,0.9034113288,1,-143.0,165.3,1702.0,1,0.9005977511,-0.1905488521,-0.3906552196,0.2625516951,0.9547737837,0.1395659447,0.3463933170,-0.2282607257,0.9098948240,1,-106.9,-15.5,1745.2,1,-0.0206995010,-0.7855136395,-0.6184979677,0.9805170298,-0.1368190050,0.1409494877,-0.1953400671,-0.6035302877,0.7730416656,0,-259.5,131.3,1657.1,1,-0.5339744091,-0.7784345150,-0.3300152421,0.7656621933,-0.2796274424,-0.5792833567,0.3586528301,-0.5620030165,0.7453325391,0,-253.9,-135.9,1710.4,0,0.2872615755,0.4762719870,0.8310511112,-0.9517894983,0.0444682389,0.3035115898,0.1075986624,-0.8781729341,0.4660847187,1,-26.4,199.2,1746.8,1,-0.1339887679,0.4675617218,0.8737465143,-0.9900103211,-0.0241034515,-0.1389194727,-0.0438931212,-0.8836317062,0.4661205113,1,48.2,-48.0,1774.7,1,1.0000000000,0.0000000000,0.0000000000,0.0000000000,1.0000000000,0.0000000000,0.0000000000,0.0000000000,1.0000000000,0,-149.4,-219.3,1758.2,1,1.0000000000,-0.0000000000,0.0000000000,0.0000000000,1.0000000000,-0.0000000000,-0.0000000000,0.0000000000,1.0000000000,0,-149.4,-598.0,1758.2,0,1.0000000000,0.0000000000,0.0000000000,0.0000000000,1.0000000000,0.0000000000,0.0000000000,0.0000000000,1.0000000000,0,7.9,-173.4,1818.7,1,1.0000000000,-0.0000000000,0.0000000000,0.0000000000,1.0000000000,-0.0000000000,-0.0000000000,0.0000000000,1.0000000000,0,7.9,-552.2,1818.7,0,-112.1,-339.1,1615.2,0,15.0,-293.0,1763.9,1,-149.4,-962.2,1758.2,0,7.9,-916.3,1818.7,0,
17,0.8894752264,-0.1964982897,-0.4125759304,0.2813366950,0.9469218254,0.1555428654,0.3601133525,-0.2544251382,0.8975445032,1,-182.8,356.6,1650.4,1,0.8894752264,-0.1964982897,-0.4125759304,0.2813366950,0.9469218254,0.1555428654,0.3601133525,-0.2544251382,0.8975445032,1,-143.1,165.4,1701.8,1,0.8920530081,-0.1930921674,-0.4085994661,0.2687620521,0.9535388947,0.1361451149,0.3633270264,-0.2312654555,0.9025018811,1,-106.5,-15.2,1745.6,1,0.0136752129,-0.6568597555,-0.7538888454,0.9710175991,-0.1712001562,0.1667797863,-0.2386167049,-0.7343200445,0.6354809999,0,-258.6,130.6,1654.7,1,-0.6865115166,-0.6475794911,-0.3306696713,0.6364249587,-0.3152110577,-0.7039921284,0.3516601622,-0.6937452555,0.6285320520,0,-262.4,-144.1,1722.2,0,0.2849363387,0.4887031317,0.8246093392,-0.9539351463,0.0602902398,0.2938927412,0.0939104185,-0.8703645468,0.4833698869,1,-27.6,200.2,1748.8,1,-0.1540282518,0.4796703756,0.8638238311,-0.9844439030,0.0002934709,-0.1756989658,-0.0845310912,-0.8774486780,0.4721633792,1,48.0,-53.2,1773.7,1,1.0000000000,0.0000000000,0.0000000000,0.0000000000,1.0000000000,0.0000000000,0.0000000000,0.0000000000,1.0000000000,0,-147.9,-219.2,1757.6,1,1.0000000000,-0.0000000000,0.0000000000,0.0000000000,1.0000000000,-0.0000000000,-0.0000000000,0.0000000000,1.0000000000,0,-147.9,-598.0,1757.6,0,1.0000000000,0.0000000000,0.0000000000,0.0000000000,1.0000000000,0.0000000000,0.0000000000,0.0000000000,1.0000000000,0,7.9,-172.3,1821.1,1,1.0000000000,-0.0000000000,0.0000000000,0.0000000000,1.0000000000,-0.0000000000,-0.0000000000,0.0000000000,1.0000000000,0,7.9,-551.0,1821.1,0,-79.5,-313.7,1628.5,0,9.9,-296.7,1752.8,1,-147.9,-962.2,1757.6,0,7.9,-915.2,1821.1,0,
18,0.8951284289,-0.1945379227,-0.4011194408,0.2775353193,0.9473171830,0.1599035412,0.3488801122,-0.2544598877,0.9019605517,1,-182.7,357.3,1650.7,1,0.8951284289,-0.1945379227,-0.4011194408,0.2775353193,0.9473171830,0.1599035412,0.3488801122,-0.2544598877,0.9019605517,1,-143.4,166.0,1702.1,1,0.8978804350,-0.1900708377,-0.3970900476,0.2639284134,0.9543333650,0.1399807185,0.3523501158,-0.2304900587,0.9070411325,1,-107.4,-14.7,1745.8,1,0.0485382676,-0.5461335182,-0.8362907171,0.9630756378,-0.1963994503,0.1841540635,-0.2648197114,-0.8143497705,0.5164349079,0,-259.7,131.9,1656.5,1,-0.7870826721,-0.5363553166,-0.3046703041,0.5245966315,-0.3221975565,-0.7880274653,0.3244986832,-0.7800716758,0.5349661112,0,-273.6,-145.7,1732.8,0,0.2766764164,0.6996088624,0.6587849855,-0.9562698007,0.1327722520,0.2606140673,0.0948595405,-0.7020819783,0.7057496905,1,-27.2,200.2,1747.7,1,-0.1959865540,0.6996088028,0.6871221066,-0.9092416763,0.1327722669,-0.3945264220,-0.3672448993,-0.7020819187,0.6100919247,1,46.4,-54.2,1773.0,1,1.0000000000,0.0000000000,0.0000000000,0.0000000000,1.0000000000,0.0000000000,0.0000000000,0.0000000000,1.0000000000,0,-149.8,-218.4,1758.6,1,1.0000000000,-0.0000000000,0.0000000000,0.0000000000,1.0000000000,-0.0000000000,-0.0000000000,0.0000000000,1.0000000000,0,-149.8,-597.2,1758.6,0,1.0000000000,0.0000000000,0.0000000000,0.0000000000,1.0000000000,0.0000000000,0.0000000000,0.0000000000,1.0000000000,0,7.0,-172.4,1820.2,1,1.0000000000,-0.0000000000,0.0000000000,0.0000000000,1.0000000000,-0.0000000000,-0.0000000000,0.0000000000,1.0000000000,0,7.0,-551.1,1820.2,0,-61.8,-286.9,1645.5,0,0.1,-269.4,1686.0,1,-149.8,-961.4,1758.6,0,7.0,-915.3,1820.2,0,
19,0.9099444151,-0.1964708716,-0.3652357757,0.2713172138,0.9480769038,0.1659581959,0.3136657178,-0.2501083612,0.9160019755,1,-185.6,357.8,1652.9,1,0.9099444151,-0.1964708716,-0.3652357757,0.2713172138,0.9480769038,0.1659581959,0.3136657178,-0.2501083612,0.9160019755,1,-145.9,166.2,1703.5,1,0.9124039412,-0.1927059442,-0.3610819280,0.2592914402,0.9547562599,0.1456485689,0.3166780174,-0.2265165597,0.9210891128,1,-109.4,-14.6,1746.4,1,0.0784201026,-0.4597668648,-0.8845702410,0.9572421312,-0.2131108046,0.1956297457,-0.2784557343,-0.8620892763,0.4233962893,0,-263.9,132.6,1662.5,1,-0.8392701149,-0.4518458247,-0.3024257720,0.4657946229,-0.3105908632,-0.8285945058,0.2804662883,-0.8362827897,0.4711368084,0,-285.8,-134.4,1740.2,0,0.3119674921,0.6717605591,0.6718735099,-0.9425284266,0.1297614872,0.3078995645,0.1196514815,-0.7293145657,0.6736347675,1,-27.8,199.7,1744.4,1,-0.0677192584,0.6708483696,0.7384961843,-0.9740940928,0.1156196222,-0.1943519562,-0.2157653272,-0.7325261235,0.6456398368,1,46.4,-24.5,1772.9,1,1.0000000000,0.0000000000,0.0000000000,0.0000000000,1.0000000000,0.0000000000,0.0000000000,0.0000000000,1.0000000000,0,-152.6,-218.1,1761.6,1,1.0000000000,-0.0000000000,0.0000000000,0.0000000000,1.0000000000,-0.0000000000,-0.0000000000,0.0000000000,1.0000000000,0,-152.6,-596.8,1761.6,0,1.0000000000,0.0000000000,0.0000000000,0.0000000000,1.0000000000,0.0000000000,0.0000000000,0.0000000000,1.0000000000,0,6.8,-172.8,1816.9,1,1.0000000000,-0.0000000000,0.0000000000,0.0000000000,1.0000000000,-0.0000000000,-0.0000000000,0.0000000000,1.0000000000,0,6.8,-551.5,1816.9,0,-59.6,-260.0,1664.6,0,30.3,-255.5,1721.7,1,-152.6,-961.0,1761.6,0,6.8,-915.7,1816.9,0,
20,0.9217810035,-0.1916692704,-0.3370154798,0.2621544003,0.9485530257,0.1775593013,0.2856445312,-0.2520218492,0.9246038198,1,-186.4,356.7,1653.0,1,0.9217810035,-0.1916692704,-0.3370154798,0.2621544003,0.9485530257,0.1775593013,0.2856445312,-0.2520218492,0.9246038198,1,-147.8,165.5,1703.8,1,0.9242150187,-0.1907240748,-0.3308286369,0.2500245273,0.9570599794,0.1467279494,0.2886384726,-0.2183242589,0.9322136045,1,-111.7,-15.7,1745.2,1,0.1444603652,-0.2609120309,-0.9544926286,0.9448028207,-0.2503028214,0.2114145160,-0.2940727472,-0.9323483109,0.2103516161,1,-267.4,133.1,1666.5,1,-0.8959472179,-0.2609120905,-0.3594489694,0.4223980904,-0.2503028214,-0.8711649776,0.1373263747,-0.9323483706,0.3344668448,1,-306.6,-123.2,1746.3,1,0.2995112836,0.6549120545,0.6938178539,-0.9460535049,0.1096560359,0.3048907518,0.1235952899,-0.7477070093,0.6524250507,1,-28.2,197.8,1741.2,1,-0.0374514274,0.6539482474,0.7556118369,-0.9903547764,0.0766489580,-0.1154225543,-0.1333972216,-0.7526465654,0.6447701454,1,46.3,-37.4,1771.9,1,1.0000000000,0.0000000000,0.0000000000,0.0000000000,1.0000000000,0.0000000000,0.0000000000,0.0000000000,1.0000000000,0,-156.3,-218.8,1761.3,1,1.0000000000,-0.0000000000,0.0000000000,0.0000000000,1.0000000000,-0.0000000000,-0.0000000000,0.0000000000,1.0000000000,0,-156.3,-597.6,1761.3,0,1.0000000000,0.0000000000,0.0000000000,0.0000000000,1.0000000000,0.0000000000,0.0000000000,0.0000000000,1.0000000000,0,5.2,-175.1,1811.7,1,1.0000000000,-0.0000000000,0.0000000000,0.0000000000,1.0000000000,-0.0000000000,-0.0000000000,0.0000000000,1.0000000000,0,5.2,-553.9,1811.7,0,-65.0,-237.1,1709.2,1,37.2,-276.5,1739.7,1,-156.3,-961.8,1761.3,0,5.2,-918.1,1811.7,0,
21,0.9268547297,-0.1898885816,-0.3238509297,0.2621659040,0.9448484182,0.1963048428,0.2687141299,-0.2668496966,0.9255181551,1,-189.0,356.4,1648.6,1,0.9268547297,-0.1898885816,-0.3238509297,0.2621659040,0.9448484182,0.1963048428,0.2687141299,-0.2668496966,0.9255181551,1,-150.8,166.4,1702.2,1,0.9291510582,-0.1922371686,-0.3157845438,0.2507465184,0.9553717375,0.1561925709,0.2716658413,-0.2243091762,0.9358861446,1,-114.4,-14.6,1744.7,1,0.1215114146,-0.2831184268,-0.9513564110,0.9474399686,-0.2527008355,0.1962135732,-0.2959602177,-0.9251952767,0.2375316769,1,-271.0,133.9,1667.1,1,-0.8583030105,-0.2831184268,-0.4279718697,0.4972192943,-0.2527008355,-0.8300092220,0.1268420517,-0.9251952767,0.3576658368,1,-303.3,-117.9,1745.7,1,0.3072228432,0.6440489888,0.7005819678,-0.9415352941,0.0987304971,0.3221235275,0.1382944882,-0.7585864067,0.6367271543,1,-30.5,198.8,1737.4,1,-0.0624477640,0.6414077878,0.7646542192,-0.9924037457,0.0414610058,-0.1158259660,-0.1059950292,-0.7660787702,0.6339464784,1,48.0,-41.8,1772.7,1,1.0000000000,0.0000000000,0.0000000000,0.0000000000,1.0000000000,0.0000000000,0.0000000000,0.0000000000,1.0000000000,0,-159.1,-217.4,1763.4,1,1.0000000000,-0.0000000000,0.0000000000,0.0000000000,1.0000000000,-0.0000000000,-0.0000000000,0.0000000000,1.0000000000,0,-159.1,-596.1,1763.4,0,1.0000000000,0.0000000000,0.0000000000,0.0000000000,1.0000000000,0.0000000000,0.0000000000,0.0000000000,1.0000000000,0,3.2,-173.6,1810.9,1,1.0000000000,-0.0000000000,0.0000000000,0.0000000000,1.0000000000,-0.0000000000,-0.0000000000,0.0000000000,1.0000000000,0,3.2,-552.3,1810.9,0,-71.6,-252.2,1711.5,1,32.8,-284.3,1746.8,1,-159.1,-960.3,1763.4,0,3.2,-916.5,1810.9,0,
22,0.9427067637,-0.1789394468,-0.2815692425,0.2418967932,0.9478554726,0.2075109482,0.2297553271,-0.2637337148,0.9368334413,1,-188.7,357.8,1650.9,1,0.9427067637,-0.1789394468,-0.2815692425,0.2418967932,0.9478554726,0.2075109482,0.2297553271,-0.2637337148,0.9368334413,1,-152.9,168.5,1703.5,1,0.9443803430,-0.1839391738,-0.2725964487,0.2331019044,0.9591424465,0.1603570580,0.2319632024,-0.2149816304,0.9486705065,1,-118.1,-13.1,1744.2,1,0.0850360468,-0.2803743780,-0.9561167359,0.9600184560,-0.2338063717,0.1539451182,-0.2667084038,-0.9309806228,0.2492826283,1,-275.1,138.4,1673.5,1,-0.8302822709,-0.2803744078,-0.4816861749,0.5457711220,-0.2338063568,-0.8046543002,0.1129831597,-0.9309806228,0.3471455276,1,-297.8,-118.2,1744.8,1,0.3055339754,0.6187284589,0.7237570286,-0.9389525056,0.0695162266,0.3369505405,0.1581679881,-0.7825233340,0.6021962762,1,-30.8,198.7,1733.5,1,-0.0735513493,0.6163437963,0.7840348482,-0.9922398329,0.0338021889,-0.1196558475,-0.1002512202,-0.7867514491,0.6090746522,1,47.2,-41.1,1773.9,1,1.0000000000,0.0000000000,0.0000000000,0.0000000000,1.0000000000,0.0000000000,0.0000000000,0.0000000000,1.0000000000,0,-165.8,-215.1,1764.7,1,1.0000000000,-0.0000000000,0.0000000000,0.0000000000,1.0000000000,-0.0000000000,-0.0000000000,0.0000000000,1.0000000000,0,-165.8,-593.8,1764.7,0,1.0000000000,0.0000000000,0.0000000000,0.0000000000,1.0000000000,0.0000000000,0.0000000000,0.0000000000,1.0000000000,0,-0.8,-174.4,1805.2,1,1.0000000000,-0.0000000000,0.0000000000,0.0000000000,1.0000000000,-0.0000000000,-0.0000000000,0.0000000000,1.0000000000,0,-0.8,-553.1,1805.2,0,-73.0,-266.0,1714.2,1,29.1,-285.2,1749.3,1,-165.8,-958.0,1764.7,0,-0.8,-917.3,1805.2,0,
23,0.9492539167,-0.1787322015,-0.2587823868,0.2354575396,0.9493693113,0.2079965472,0.2085046470,-0.2583748698,0.9432752132,1,-190.0,356.4,1651.5,1,0.9492539167,-0.1787322015,-0.2587823868,0.2354575396,0.9493693113,0.2079965472,0.2085046470,-0.2583748698,0.9432752132,1,-154.1,165.8,1703.4,1,0.9512155056,-0.1800915897,-0.2505049407,0.2250173241,0.9604665041,0.1639400125,0.2110777497,-0.2123110741,0.9541330934,1,-120.0,-16.1,1743.6,1,0.0397894233,-0.5509402156,-0.8335956931,0.9664120078,-0.1907660365,0.1722101569,-0.2538992167,-0.8124490380,0.5248447061,1,-277.1,136.7,1676.1,1,-0.7299998999,-0.5509402752,-0.4044318199,0.5819441676,-0.1907660216,-0.7905374169,0.3583869934,-0.8124489784,0.4598755836,1,-287.7,-120.1,1743.5,1,0.3079211116,0.6051817536,0.7341251373,-0.9358770847,0.0537977815,0.3481952548,0.1712270826,-0.7942675352,0.5829411745,1,-31.0,194.9,1730.7,1,-0.0683443621,0.6040316820,0.7940244675,-0.9926296473,0.0386658013,-0.1148529276,-0.1000763923,-0.7960218191,0.5969372988,1,47.2,-42.6,1774.1,1,1.0000000000,0.0000000000,0.0000000000,0.0000000000,1.0000000000,0.0000000000,0.0000000000,0.0000000000,1.0000000000,0,-168.9,-217.6,1765.3,1,1.0000000000,-0.0000000000,0.0000000000,0.0000000000,1.0000000000,-0.0000000000,-0.0000000000,0.0000000000,1.0000000000,0,-168.9,-596.4,1765.3,0,1.0000000000,0.0000000000,0.0000000000,0.0000000000,1.0000000000,0.0000000000,0.0000000000,0.0000000000,1.0000000000,0,-2.8,-178.3,1802.2,1,1.0000000000,-0.0000000000,0.0000000000,0.0000000000,1.0000000000,-0.0000000000,-0.0000000000,0.0000000000,1.0000000000,0,-2.8,-557.1,1802.2,0,-96.5,-272.5,1649.6,1,30.3,-287.6,1749.4,1,-168.9,-960.6,1765.3,0,-2.8,-921.3,1802.2,0,
