1,0.9581496716,-0.0283921659,-0.2848564982,0.0956165791,0.9696640968,0.2249677479,0.2698294818,-0.2427908480,0.9317969084,1,-29.2,387.5,1736.6,1,0.9581496716,-0.0283921659,-0.2848564982,0.0956165791,0.9696640968,0.2249677479,0.2698294818,-0.2427908480,0.9317969084,1,-23.5,194.3,1785.0,1,0.9580893517,-0.0362097919,-0.2841722071,0.0974321142,0.9740318656,0.2043783367,0.2693939507,-0.2235012501,0.9367362857,1,-16.7,9.7,1827.4,1,0.2294147164,-0.8318233490,-0.5054094195,0.9343652129,0.0427651107,0.3537411094,-0.2726362944,-0.5533903837,0.7870377898,1,-146.8,181.7,1750.3,1,0.0032963245,-0.8330990076,-0.5531138778,0.9993101358,-0.0177157223,0.0326388553,-0.0369902141,-0.5528398752,0.8324660063,1,-201.2,-39.7,1815.0,1,-0.0000005960,1.0000001192,0.0000000000,-1.0000001192,-0.0000005960,-0.0000000000,-0.0000000000,0.0000000000,1.0000000000,0,99.8,206.8,1819.7,1,0.0000170469,0.9999990463,0.0000000000,-0.9999990463,0.0000170469,-0.0000000000,-0.0000000000,-0.0000000000,1.0000000000,0,99.8,-41.0,1819.7,0,1.0000000000,-0.0000000000,-0.0000000000,0.0000000000,1.0000000000,-0.0000000000,0.0000000000,0.0000000000,1.0000000000,0,-93.6,-183.4,1846.1,1,1.0000000000,-0.0000000095,-0.0000000701,0.0000000095,1.0000000000,-0.0000000050,0.0000000701,0.0000000050,1.0000000000,0,-93.6,-562.4,1846.1,0,1.0000000000,-0.0000000000,0.0000000000,0.0000000000,1.0000000000,0.0000000000,-0.0000000000,-0.0000000000,1.0000000000,0,74.0,-166.3,1893.3,1,1.0000000000,0.0000000188,0.0000025739,-0.0000000188,1.0000000000,0.0000000166,-0.0000025739,-0.0000000166,1.0000000000,0,74.0,-545.4,1893.3,0,-202.0,-302.2,1824.7,1,99.8,-288.9,1819.7,0,-93.6,-926.9,1846.1,0,74.0,-909.8,1893.3,0,
2,0.9577705860,-0.0318717994,-0.2857617140,0.0992594585,0.9693923593,0.2245609760,0.2698597312,-0.2434435189,0.9316177964,1,-30.8,385.9,1736.0,1,0.9577705860,-0.0318717994,-0.2857617140,0.0992594585,0.9693923593,0.2245609760,0.2698597312,-0.2434435189,0.9316177964,1,-24.5,193.4,1784.3,1,0.9577704668,-0.0371543765,-0.2851235569,0.0992639065,0.9733782411,0.2065989971,0.2698586583,-0.2261779457,0.9359596968,1,-17.4,8.9,1827.2,1,0.2271270752,-0.8300031424,-0.5094194412,0.9382078052,0.0462370217,0.3429698646,-0.2611120343,-0.5558390617,0.7892170548,1,-147.7,180.6,1749.6,1,0.0067478032,-0.8316562176,-0.5552498102,0.9991725087,-0.0166636351,0.0371015631,-0.0401082262,-0.5550406575,0.8308556676,1,-200.5,-37.6,1810.3,1,-0.0000005960,1.0000001192,0.0000000000,-1.0000001192,-0.0000005960,-0.0000000000,-0.0000000000,0.0000000000,1.0000000000,0,98.8,206.1,1819.0,1,0.0000170469,0.9999990463,0.0000000000,-0.9999990463,0.0000170469,-0.0000000000,-0.0000000000,-0.0000000000,1.0000000000,0,98.8,-41.7,1819.0,0,1.0000000000,-0.0000000000,-0.0000000000,0.0000000000,1.0000000000,-0.0000000000,0.0000000000,0.0000000000,1.0000000000,0,-94.2,-184.2,1846.4,1,1.0000000000,-0.0000000085,-0.0000000631,0.0000000085,1.0000000000,-0.0000000045,0.0000000631,0.0000000045,1.0000000000,0,-94.2,-563.2,1846.4,0,1.0000000000,-0.0000000000,0.0000000000,0.0000000000,1.0000000000,0.0000000000,-0.0000000000,-0.0000000000,1.0000000000,0,73.4,-166.8,1893.6,1,1.0000000000,0.0000000169,0.0000023165,-0.0000000169,1.0000000000,0.0000000150,-0.0000023165,-0.0000000150,1.0000000000,0,73.4,-545.9,1893.6,0,-202.3,-300.1,1820.9,1,98.8,-289.6,1819.0,0,-94.2,-927.7,1846.4,0,73.4,-910.3,1893.6,0,
3,0.9583311677,-0.0333496891,-0.2837066352,0.1011611819,0.9684226513,0.2278717607,0.2671501338,-0.2470777780,0.9314419031,1,-30.5,385.2,1735.1,1,0.9583311677,-0.0333496891,-0.2837066352,0.1011611819,0.9684226513,0.2278717607,0.2671501338,-0.2470777780,0.9314419031,1,-23.9,192.8,1784.2,1,0.9583083987,-0.0399965495,-0.2829231024,0.1017625555,0.9730068445,0.2071321160,0.2670032084,-0.2272884995,0.9365094304,1,-16.3,8.4,1827.3,1,0.2286628038,-0.8289988041,-0.5103669763,0.9414182901,0.0548119247,0.3327572346,-0.2478811592,-0.5565580130,0.7929679751,1,-147.2,179.7,1749.9,1,0.0046433983,-0.8308273554,-0.5565108061,0.9995282292,-0.0130402781,0.0278079547,-0.0303606670,-0.5563773513,0.8303748369,1,-200.2,-38.7,1807.4,1,-0.0000005960,1.0000001192,0.0000000000,-1.0000001192,-0.0000005960,-0.0000000000,-0.0000000000,0.0000000000,1.0000000000,0,99.5,205.9,1818.6,1,0.0000170469,0.9999990463,0.0000000000,-0.9999990463,0.0000170469,-0.0000000000,-0.0000000000,-0.0000000000,1.0000000000,0,99.5,-42.0,1818.6,0,1.0000000000,-0.0000000000,-0.0000000000,0.0000000000,1.0000000000,-0.0000000000,0.0000000000,0.0000000000,1.0000000000,0,-92.5,-184.8,1847.0,1,1.0000000000,-0.0000000077,-0.0000000568,0.0000000077,1.0000000000,-0.0000000040,0.0000000568,0.0000000040,1.0000000000,0,-92.5,-563.9,1847.0,0,1.0000000000,-0.0000000000,0.0000000000,0.0000000000,1.0000000000,0.0000000000,-0.0000000000,-0.0000000000,1.0000000000,0,75.1,-167.0,1893.7,1,1.0000000000,0.0000000152,0.0000020848,-0.0000000152,1.0000000000,0.0000000135,-0.0000020848,-0.0000000135,1.0000000000,0,75.1,-546.1,1893.7,0,-201.4,-301.3,1815.4,1,99.5,-289.8,1818.6,0,-92.5,-928.4,1847.0,0,75.1,-910.6,1893.7,0,
4,0.9595714808,-0.0284214113,-0.2800266743,0.0957597345,0.9685066342,0.2298402786,0.2646769583,-0.2473645210,0.9320716858,1,-28.6,387.0,1734.2,1,0.9595714808,-0.0284214113,-0.2800266743,0.0957597345,0.9685066342,0.2298402786,0.2646769583,-0.2473645210,0.9320716858,1,-22.9,194.0,1783.5,1,0.9594938755,-0.0363481641,-0.2793750465,0.0980850756,0.9727026224,0.2103106529,0.2641060948,-0.2291953713,0.9368661642,1,-16.0,9.7,1826.9,1,0.2239877582,-0.8307076693,-0.5096609592,0.9443241358,0.0556731299,0.3242723048,-0.2410010695,-0.5539181828,0.7969273329,1,-146.4,181.4,1749.5,1,0.0130777955,-0.8323545456,-0.5540894866,0.9997075796,-0.0003895052,0.0241805315,-0.0203425921,-0.5542436838,0.8321059346,1,-198.6,-38.9,1805.7,1,-0.0000005960,1.0000001192,0.0000000000,-1.0000001192,-0.0000005960,-0.0000000000,-0.0000000000,0.0000000000,1.0000000000,0,100.6,206.6,1817.5,1,0.0000170469,0.9999990463,0.0000000000,-0.9999990463,0.0000170469,-0.0000000000,-0.0000000000,-0.0000000000,1.0000000000,0,100.6,-41.2,1817.5,0,1.0000000000,-0.0000000000,-0.0000000000,0.0000000000,1.0000000000,-0.0000000000,0.0000000000,0.0000000000,1.0000000000,0,-93.1,-183.2,1847.3,1,1.0000000000,-0.0000000069,-0.0000000511,0.0000000069,1.0000000000,-0.0000000036,0.0000000511,0.0000000036,1.0000000000,0,-93.1,-562.2,1847.3,0,1.0000000000,-0.0000000000,0.0000000000,0.0000000000,1.0000000000,0.0000000000,-0.0000000000,-0.0000000000,1.0000000000,0,74.8,-166.0,1893.5,1,1.0000000000,0.0000000137,0.0000018764,-0.0000000137,1.0000000000,0.0000000121,-0.0000018764,-0.0000000121,1.0000000000,0,74.8,-545.1,1893.5,0,-202.0,-301.5,1811.1,1,100.6,-289.1,1817.5,0,-93.1,-926.7,1847.3,0,74.8,-909.5,1893.5,0,
5,0.9610337019,-0.0277860891,-0.2750313282,0.0938851684,0.9686044455,0.2302010953,0.2600018084,-0.2470534444,0.9334690571,1,-29.9,387.2,1734.3,1,0.9610337019,-0.0277860891,-0.2750313282,0.0938851684,0.9686044455,0.2302010953,0.2600018084,-0.2470534444,0.9334690571,1,-24.3,194.1,1783.5,1,0.9610050321,-0.0343386382,-0.2743907571,0.0947817788,0.9730580449,0.2101811171,0.2597824335,-0.2279934138,0.9383671284,1,-17.8,9.7,1826.7,1,0.2080245018,-0.8353636265,-0.5088155866,0.9500697851,0.0488742888,0.3081862330,-0.2325796187,-0.5475206375,0.8038207889,1,-148.0,181.9,1750.1,1,0.0162137914,-0.8359142542,-0.5486205220,0.9998521209,0.0166999623,0.0041042166,0.0057311687,-0.5486059189,0.8360614181,1,-196.6,-40.0,1804.4,1,-0.0000005960,1.0000001192,0.0000000000,-1.0000001192,-0.0000005960,-0.0000000000,-0.0000000000,0.0000000000,1.0000000000,0,99.3,206.3,1816.9,1,0.0000170469,0.9999990463,0.0000000000,-0.9999990463,0.0000170469,-0.0000000000,-0.0000000000,-0.0000000000,1.0000000000,0,99.3,-41.6,1816.9,0,1.0000000000,-0.0000000000,-0.0000000000,0.0000000000,1.0000000000,-0.0000000000,0.0000000000,0.0000000000,1.0000000000,0,-95.4,-183.0,1847.2,1,1.0000000000,-0.0000000062,-0.0000000460,0.0000000062,1.0000000000,-0.0000000033,0.0000000460,0.0000000033,1.0000000000,0,-95.4,-562.0,1847.2,0,1.0000000000,-0.0000000000,0.0000000000,0.0000000000,1.0000000000,0.0000000000,-0.0000000000,-0.0000000000,1.0000000000,0,72.8,-166.4,1892.6,1,1.0000000000,0.0000000123,0.0000016887,-0.0000000123,1.0000000000,0.0000000109,-0.0000016887,-0.0000000109,1.0000000000,0,72.8,-545.4,1892.6,0,-200.8,-302.6,1802.9,1,99.3,-289.4,1816.9,0,-95.4,-926.5,1847.2,0,72.8,-909.9,1892.6,0,
6,0.9623491764,-0.0295900740,-0.2702011168,0.0951557010,0.9678309560,0.2329163104,0.2546186447,-0.2498590797,0.9342058897,1,-30.3,383.8,1734.3,1,0.9623491764,-0.0295900740,-0.2702011168,0.0951557010,0.9678309560,0.2329163104,0.2546186447,-0.2498590797,0.9342058897,1,-24.4,191.7,1783.9,1,0.9623054266,-0.0362185426,-0.2695487440,0.0964435712,0.9721311331,0.2136848420,0.2542990148,-0.2316273898,0.9389789701,1,-17.5,7.5,1827.7,1,0.2110121995,-0.8359555006,-0.5066084862,0.9514389038,0.0568100885,0.3025501668,-0.2241380513,-0.5458487868,0.8073482513,1,-148.2,179.3,1751.1,1,-0.0015842454,-0.8367293477,-0.5476145148,0.9999787211,0.0021408543,-0.0061640572,0.0063300095,-0.5476126671,0.8367081285,1,-197.2,-41.5,1803.1,1,-0.0000005960,1.0000001192,0.0000000000,-1.0000001192,-0.0000005960,-0.0000000000,-0.0000000000,0.0000000000,1.0000000000,0,99.4,204.1,1816.6,1,0.0000170469,0.9999990463,0.0000000000,-0.9999990463,0.0000170469,-0.0000000000,-0.0000000000,-0.0000000000,1.0000000000,0,99.4,-43.7,1816.6,0,1.0000000000,-0.0000000000,-0.0000000000,0.0000000000,1.0000000000,-0.0000000000,0.0000000000,0.0000000000,1.0000000000,0,-94.9,-185.1,1849.4,1,1.0000000000,-0.0000000056,-0.0000000414,0.0000000056,1.0000000000,-0.0000000029,0.0000000414,0.0000000029,1.0000000000,0,-94.9,-564.2,1849.4,0,1.0000000000,-0.0000000000,0.0000000000,0.0000000000,1.0000000000,0.0000000000,-0.0000000000,-0.0000000000,1.0000000000,0,73.5,-168.3,1893.9,1,1.0000000000,0.0000000111,0.0000015198,-0.0000000111,1.0000000000,0.0000000098,-0.0000015198,-0.0000000098,1.0000000000,0,73.5,-547.3,1893.9,0,-196.8,-304.1,1801.5,1,99.4,-291.6,1816.6,0,-94.9,-928.6,1849.4,0,73.5,-911.8,1893.9,0,
7,0.9618319869,-0.0264559630,-0.2723587751,0.0932837278,0.9673979282,0.2354587018,0.2572517097,-0.2518794239,0.9329411387,1,-28.0,382.4,1734.3,1,0.9618319869,-0.0264559630,-0.2723587751,0.0932837278,0.9673979282,0.2354587018,0.2572517097,-0.2518794239,0.9329411387,1,-22.7,190.1,1784.3,1,0.9617301822,-0.0356406495,-0.2716705203,0.0964644626,0.9720680714,0.2139618248,0.2564581633,-0.2319811434,0.9383041859,1,-16.0,5.9,1828.3,1,0.2026496232,-0.8347654343,-0.5119568110,0.9564027786,0.0564423352,0.2865448296,-0.2103016526,-0.5477051139,0.8098100424,1,-146.5,177.7,1751.3,1,0.0015036998,-0.8359516263,-0.5488011241,0.9999750257,-0.0025267652,0.0065887561,-0.0068945717,-0.5487973094,0.8359270692,1,-194.1,-46.8,1800.7,1,-0.0000005960,1.0000001192,0.0000000000,-1.0000001192,-0.0000005960,-0.0000000000,-0.0000000000,0.0000000000,1.0000000000,0,101.0,202.5,1817.3,1,0.0000170469,0.9999990463,0.0000000000,-0.9999990463,0.0000170469,-0.0000000000,-0.0000000000,-0.0000000000,1.0000000000,0,101.0,-45.3,1817.3,0,1.0000000000,-0.0000000000,-0.0000000000,0.0000000000,1.0000000000,-0.0000000000,0.0000000000,0.0000000000,1.0000000000,0,-93.4,-186.7,1849.8,1,1.0000000000,-0.0000000050,-0.0000000373,0.0000000050,1.0000000000,-0.0000000026,0.0000000373,0.0000000026,1.0000000000,0,-93.4,-565.7,1849.8,0,1.0000000000,-0.0000000000,0.0000000000,0.0000000000,1.0000000000,0.0000000000,-0.0000000000,-0.0000000000,1.0000000000,0,74.9,-169.8,1894.7,1,1.0000000000,0.0000000100,0.0000013679,-0.0000000100,1.0000000000,0.0000000088,-0.0000013679,-0.0000000088,1.0000000000,0,74.9,-548.9,1894.7,0,-194.5,-309.5,1802.5,1,101.0,-293.1,1817.3,0,-93.4,-930.2,1849.8,0,74.9,-913.3,1894.7,0,
8,0.9583313465,-0.0276117269,-0.2843215168,0.0963027701,0.9682813883,0.2305610478,0.2689386606,-0.2483358681,0.9305922389,1,-26.6,386.5,1734.8,1,0.9583313465,-0.0276117269,-0.2843215168,0.0963027701,0.9682813883,0.2305610478,0.2689386606,-0.2483358681,0.9305922389,1,-21.1,193.7,1784.2,1,0.9582763314,-0.0349822082,-0.2836948931,0.0980084017,0.9725321531,0.2111327499,0.2685181797,-0.2301290482,0.9353818893,1,-14.5,9.4,1827.8,1,0.1536717415,-0.8929238319,-0.4231691658,0.9717479944,0.0589256287,0.2285470814,-0.1791395843,-0.4463349581,0.8767520189,0,-144.4,181.1,1749.7,1,0.0011757612,-0.8664051294,-0.4993403554,0.9999797344,-0.0021064281,0.0060095340,-0.0062585473,-0.4993373156,0.8663851023,0,-182.5,-59.7,1794.1,0,-0.0000005960,1.0000001192,0.0000000000,-1.0000001192,-0.0000005960,-0.0000000000,-0.0000000000,0.0000000000,1.0000000000,0,102.2,206.3,1818.8,1,0.0000170469,0.9999990463,0.0000000000,-0.9999990463,0.0000170469,-0.0000000000,-0.0000000000,-0.0000000000,1.0000000000,0,102.2,-41.5,1818.8,0,1.0000000000,-0.0000000000,-0.0000000000,0.0000000000,1.0000000000,-0.0000000000,0.0000000000,0.0000000000,1.0000000000,0,-91.7,-183.4,1848.0,1,1.0000000000,-0.0000000045,-0.0000000335,0.0000000045,1.0000000000,-0.0000000024,0.0000000335,0.0000000024,1.0000000000,0,-91.7,-562.4,1848.0,0,1.0000000000,-0.0000000000,0.0000000000,0.0000000000,1.0000000000,0.0000000000,-0.0000000000,-0.0000000000,1.0000000000,0,76.0,-166.3,1894.9,1,1.0000000000,0.0000000090,0.0000012311,-0.0000000090,1.0000000000,0.0000000080,-0.0000012311,-0.0000000080,1.0000000000,0,76.0,-545.3,1894.9,0,-182.8,-307.6,1795.6,0,102.2,-289.4,1818.8,0,-91.7,-926.9,1848.0,0,76.0,-909.8,1894.9,0,
9,0.9575541615,-0.0194850378,-0.2875941098,0.0869312584,0.9707821012,0.2236662656,0.2748347521,-0.2391745150,0.9312690496,1,-26.4,386.5,1737.6,1,0.9575541615,-0.0194850378,-0.2875941098,0.0869312584,0.9707821012,0.2236662656,0.2748347521,-0.2391745150,0.9312690496,1,-22.5,194.1,1785.0,1,0.9576209784,-0.0214965325,-0.2872281969,0.0837604925,0.9748992920,0.2062935531,0.2755856514,-0.2216104269,0.9353833199,1,-18.5,9.4,1826.9,1,0.1169795990,-0.9309237003,-0.3459725976,0.9817743301,0.0558575392,0.1816573441,-0.1497838795,-0.3609171808,0.9204909801,0,-145.7,183.3,1749.5,1,0.0009124279,-0.8913168311,-0.4533802867,0.9999836087,-0.0017577410,0.0054681301,-0.0056707114,-0.4533777833,0.8913004398,0,-174.7,-60.0,1786.6,0,-0.0000005960,1.0000001192,0.0000000000,-1.0000001192,-0.0000005960,-0.0000000000,-0.0000000000,0.0000000000,1.0000000000,0,100.7,204.9,1820.4,1,0.0000170469,0.9999990463,0.0000000000,-0.9999990463,0.0000170469,-0.0000000000,-0.0000000000,-0.0000000000,1.0000000000,0,100.7,-43.0,1820.4,0,1.0000000000,-0.0000000000,-0.0000000000,0.0000000000,1.0000000000,-0.0000000000,0.0000000000,0.0000000000,1.0000000000,0,-98.1,-182.7,1844.8,1,1.0000000000,-0.0000000041,-0.0000000302,0.0000000041,1.0000000000,-0.0000000021,0.0000000302,0.0000000021,1.0000000000,0,-98.1,-561.7,1844.8,0,1.0000000000,-0.0000000000,0.0000000000,0.0000000000,1.0000000000,0.0000000000,-0.0000000000,-0.0000000000,1.0000000000,0,69.4,-168.0,1893.0,1,1.0000000000,0.0000000081,0.0000011080,-0.0000000081,1.0000000000,0.0000000072,-0.0000011080,-0.0000000072,1.0000000000,0,69.4,-547.1,1893.0,0,-175.0,-307.9,1788.0,0,100.7,-290.8,1820.4,0,-98.1,-926.2,1844.8,0,69.4,-911.6,1893.0,0,
10,0.9600379467,-0.0159501620,-0.2794151604,0.0829824731,0.9697036147,0.2297613919,0.2672868669,-0.2437672317,0.9322746396,1,-27.2,384.9,1735.4,1,0.9600379467,-0.0159501620,-0.2794151604,0.0829824731,0.9697036147,0.2297613919,0.2672868669,-0.2437672317,0.9322746396,1,-24.0,192.6,1783.7,1,0.9601123929,-0.0169506520,-0.2791003287,0.0785844326,0.9742884040,0.2111589313,0.2683466375,-0.2246702611,0.9367571473,1,-20.8,8.0,1826.3,1,0.0895054340,-0.9555656910,-0.2808613479,0.9882760048,0.0501878262,0.1441933811,-0.1236904040,-0.2904746234,0.9488546848,0,-147.6,182.5,1749.2,1,0.0007020235,-0.9116563797,-0.4109529853,0.9999866486,-0.0014684200,0.0049658865,-0.0051306188,-0.4109509587,0.9116430283,0,-169.8,-62.4,1779.9,0,-0.0000005960,1.0000001192,0.0000000000,-1.0000001192,-0.0000005960,-0.0000000000,-0.0000000000,0.0000000000,1.0000000000,0,99.5,202.7,1818.3,1,0.0000170469,0.9999990463,0.0000000000,-0.9999990463,0.0000170469,-0.0000000000,-0.0000000000,-0.0000000000,1.0000000000,0,99.5,-45.1,1818.3,0,1.0000000000,-0.0000000000,-0.0000000000,0.0000000000,1.0000000000,-0.0000000000,0.0000000000,0.0000000000,1.0000000000,0,-101.6,-183.4,1845.4,1,1.0000000000,-0.0000000037,-0.0000000272,0.0000000037,1.0000000000,-0.0000000019,0.0000000272,0.0000000019,1.0000000000,0,-101.6,-562.5,1845.4,0,1.0000000000,-0.0000000000,0.0000000000,0.0000000000,1.0000000000,0.0000000000,-0.0000000000,-0.0000000000,1.0000000000,0,66.4,-169.7,1892.4,1,1.0000000000,0.0000000073,0.0000009972,-0.0000000073,1.0000000000,0.0000000064,-0.0000009972,-0.0000000064,1.0000000000,0,66.4,-548.7,1892.4,0,-169.9,-310.2,1781.1,0,99.5,-292.9,1818.3,0,-101.6,-927.0,1845.4,0,66.4,-913.2,1892.4,0,
11,0.9630606771,-0.0125973485,-0.2689897120,0.0775293857,0.9695817232,0.2321678698,0.2578845024,-0.2444473803,0.9347415566,1,-27.3,383.5,1734.9,1,0.9630606771,-0.0125973485,-0.2689897120,0.0775293857,0.9695817232,0.2321678698,0.2578845024,-0.2444473803,0.9347415566,1,-24.8,191.6,1783.3,1,0.9631255269,-0.0127044283,-0.2687525749,0.0725509673,0.9741477966,0.2139483243,0.2590883374,-0.2255583555,0.9391471148,1,-22.4,7.0,1826.0,1,0.0688660741,-0.9714694619,-0.2269466221,0.9924723506,0.0436207652,0.1144384295,-0.1012738049,-0.2331191450,0.9671603441,0,-148.7,182.3,1749.9,1,0.0005344748,-0.9282375574,-0.3719877601,0.9999891520,-0.0012285709,0.0045026690,-0.0046365410,-0.3719860911,0.9282267094,0,-165.8,-63.7,1775.0,0,-0.0000005960,1.0000001192,0.0000000000,-1.0000001192,-0.0000005960,-0.0000000000,-0.0000000000,0.0000000000,1.0000000000,0,99.1,200.9,1816.6,1,0.0000170469,0.9999990463,0.0000000000,-0.9999990463,0.0000170469,-0.0000000000,-0.0000000000,-0.0000000000,1.0000000000,0,99.1,-46.9,1816.6,0,1.0000000000,-0.0000000000,-0.0000000000,0.0000000000,1.0000000000,-0.0000000000,0.0000000000,0.0000000000,1.0000000000,0,-104.2,-183.9,1846.1,1,1.0000000000,-0.0000000033,-0.0000000244,0.0000000033,1.0000000000,-0.0000000017,0.0000000244,0.0000000017,1.0000000000,0,-104.2,-562.9,1846.1,0,1.0000000000,-0.0000000000,0.0000000000,0.0000000000,1.0000000000,0.0000000000,-0.0000000000,-0.0000000000,1.0000000000,0,64.2,-171.2,1891.4,1,1.0000000000,0.0000000065,0.0000008975,-0.0000000065,1.0000000000,0.0000000058,-0.0000008975,-0.0000000058,1.0000000000,0,64.2,-550.3,1891.4,0,-165.9,-311.5,1776.2,0,99.1,-294.7,1816.6,0,-104.2,-927.4,1846.1,0,64.2,-914.7,1891.4,0,
12,0.9658908248,-0.0162018444,-0.2584424615,0.0786086917,0.9692901969,0.2330211103,0.2467320710,-0.2453897893,0.9375008345,1,-29.7,380.7,1734.6,1,0.9658908248,-0.0162018444,-0.2584424615,0.0786086917,0.9692901969,0.2330211103,0.2467320710,-0.2453897893,0.9375008345,1,-26.5,188.9,1783.1,1,0.9659641385,-0.0167490430,-0.2581332922,0.0742838159,0.9738321900,0.2147890776,0.2477827072,-0.2266546935,0.9419299364,1,-23.3,4.4,1826.1,1,0.0532780290,-0.9817024469,-0.1828166991,0.9951722622,0.0370873809,0.0908672214,-0.0824243575,-0.1867753267,0.9789388180,0,-150.8,179.4,1751.2,1,0.0004018545,-0.9417381883,-0.3363465667,0.9999911189,-0.0010296106,0.0040774047,-0.0041861385,-0.3363452554,0.9417294264,0,-164.0,-67.3,1771.7,0,-0.0000005960,1.0000001192,0.0000000000,-1.0000001192,-0.0000005960,-0.0000000000,-0.0000000000,0.0000000000,1.0000000000,0,97.8,198.5,1815.0,1,0.0000170469,0.9999990463,0.0000000000,-0.9999990463,0.0000170469,-0.0000000000,-0.0000000000,-0.0000000000,1.0000000000,0,97.8,-49.4,1815.0,0,1.0000000000,-0.0000000000,-0.0000000000,0.0000000000,1.0000000000,-0.0000000000,0.0000000000,0.0000000000,1.0000000000,0,-104.6,-186.6,1847.3,1,1.0000000000,-0.0000000030,-0.0000000220,0.0000000030,1.0000000000,-0.0000000016,0.0000000220,0.0000000016,1.0000000000,0,-104.6,-565.7,1847.3,0,1.0000000000,-0.0000000000,0.0000000000,0.0000000000,1.0000000000,0.0000000000,-0.0000000000,-0.0000000000,1.0000000000,0,64.4,-173.6,1890.7,1,1.0000000000,0.0000000059,0.0000008077,-0.0000000059,1.0000000000,0.0000000052,-0.0000008077,-0.0000000052,1.0000000000,0,64.4,-552.7,1890.7,0,-164.1,-315.1,1772.7,0,97.8,-297.2,1815.0,0,-104.6,-930.1,1847.3,0,64.4,-917.1,1890.7,0,
13,0.9679558277,-0.0105673270,-0.2508986294,0.0717120022,0.9691428542,0.2358410954,0.2406661510,-0.2462771684,0.9388439059,1,-28.4,381.7,1733.9,1,0.9679558277,-0.0105673270,-0.2508986294,0.0717120022,0.9691428542,0.2358410954,0.2406661510,-0.2462771684,0.9388439059,1,-26.3,189.8,1782.7,1,0.9680001736,-0.0121437972,-0.2506558299,0.0679111406,0.9742371440,0.2150619030,0.2415882647,-0.2252032757,0.9438851476,1,-24.0,5.2,1825.3,1,0.0414306521,-0.9882738590,-0.1469632089,0.9969060421,0.0310547948,0.0722070709,-0.0667964518,-0.1495001018,0.9865028858,0,-150.9,181.1,1751.6,1,0.0002973080,-0.9527198076,-0.3038502634,0.9999928474,-0.0008642673,0.0036884993,-0.0037766993,-0.3038491607,0.9527126551,0,-161.2,-66.0,1768.1,0,-0.0000005960,1.0000001192,0.0000000000,-1.0000001192,-0.0000005960,-0.0000000000,-0.0000000000,0.0000000000,1.0000000000,0,98.2,198.6,1813.8,1,0.0000170469,0.9999990463,0.0000000000,-0.9999990463,0.0000170469,-0.0000000000,-0.0000000000,-0.0000000000,1.0000000000,0,98.2,-49.3,1813.8,0,1.0000000000,-0.0000000000,-0.0000000000,0.0000000000,1.0000000000,-0.0000000000,0.0000000000,0.0000000000,1.0000000000,0,-106.4,-185.3,1846.9,1,1.0000000000,-0.0000000027,-0.0000000198,0.0000000027,1.0000000000,-0.0000000014,0.0000000198,0.0000000014,1.0000000000,0,-106.4,-564.4,1846.9,0,1.0000000000,-0.0000000000,0.0000000000,0.0000000000,1.0000000000,0.0000000000,-0.0000000000,-0.0000000000,1.0000000000,0,62.9,-173.4,1889.1,1,1.0000000000,0.0000000053,0.0000007269,-0.0000000053,1.0000000000,0.0000000047,-0.0000007269,-0.0000000047,1.0000000000,0,62.9,-552.5,1889.1,0,-161.2,-313.8,1769.1,0,98.2,-297.1,1813.8,0,-106.4,-928.8,1846.9,0,62.9,-917.0,1889.1,0,
14,0.9695165157,-0.0060795234,-0.2449509352,0.0658204481,0.9694111943,0.2364550084,0.2360224128,-0.2453708053,0.9402590990,1,-27.6,382.0,1733.6,1,0.9695165157,-0.0060795234,-0.2449509352,0.0658204481,0.9694111943,0.2364550084,0.2360224128,-0.2453708053,0.9402590990,1,-26.4,190.4,1782.1,1,0.9695386887,-0.0077723651,-0.2448152453,0.0627081767,0.9740633965,0.2174157500,0.2367774844,-0.2261458784,0.9448782802,1,-24.9,5.8,1824.9,1,0.0323669910,-0.9924887419,-0.1179752350,0.9980180264,0.0257208347,0.0574291870,-0.0539634265,-0.1196002290,0.9913544655,0,-151.1,182.3,1751.6,1,0.0002152920,-0.9616450667,-0.2742967606,0.9999942183,-0.0007270575,0.0033337921,-0.0034053475,-0.2742958665,0.9616392851,0,-159.1,-65.0,1765.0,0,-0.0000005960,1.0000001192,0.0000000000,-1.0000001192,-0.0000005960,-0.0000000000,-0.0000000000,0.0000000000,1.0000000000,0,98.4,198.5,1812.6,1,0.0000170469,0.9999990463,0.0000000000,-0.9999990463,0.0000170469,-0.0000000000,-0.0000000000,-0.0000000000,1.0000000000,0,98.4,-49.4,1812.6,0,1.0000000000,-0.0000000000,-0.0000000000,0.0000000000,1.0000000000,-0.0000000000,0.0000000000,0.0000000000,1.0000000000,0,-108.2,-184.2,1847.1,1,1.0000000000,-0.0000000024,-0.0000000178,0.0000000024,1.0000000000,-0.0000000013,0.0000000178,0.0000000013,1.0000000000,0,-108.2,-563.3,1847.1,0,1.0000000000,-0.0000000000,0.0000000000,0.0000000000,1.0000000000,0.0000000000,-0.0000000000,-0.0000000000,1.0000000000,0,61.4,-173.3,1888.5,1,1.0000000000,0.0000000048,0.0000006542,-0.0000000048,1.0000000000,0.0000000042,-0.0000006542,-0.0000000042,1.0000000000,0,61.4,-552.3,1888.5,0,-159.2,-312.9,1765.8,0,98.4,-297.2,1812.6,0,-108.2,-927.7,1847.1,0,61.4,-916.8,1888.5,0,
15,0.9715276957,-0.0044095363,-0.2368853539,0.0644969568,0.9669909477,0.2465159446,0.2279807180,-0.2547764480,0.9397415519,1,-27.2,380.5,1729.9,1,0.9715276957,-0.0044095363,-0.2368853539,0.0644969568,0.9669909477,0.2465159446,0.2279807180,-0.2547764480,0.9397415519,1,-26.3,189.0,1780.4,1,0.9715493321,-0.0044691693,-0.2367955446,0.0597747862,0.9720824361,0.2269012779,0.2291724831,-0.2346011549,0.9446918368,1,-25.5,4.8,1824.9,1,0.0253887773,-0.9951900840,-0.0946136862,0.9987307191,0.0211329460,0.0457153693,-0.0434960425,-0.0956542715,0.9944638610,0,-151.3,181.3,1750.9,1,0.0001512766,-0.9688944221,-0.2474742830,0.9999952912,-0.0006129742,0.0030110478,-0.0030690804,-0.2474735677,0.9688897729,0,-157.6,-66.2,1761.7,0,-0.0000005960,1.0000001192,0.0000000000,-1.0000001192,-0.0000005960,-0.0000000000,-0.0000000000,0.0000000000,1.0000000000,0,98.7,196.7,1809.9,1,0.0000170469,0.9999990463,0.0000000000,-0.9999990463,0.0000170469,-0.0000000000,-0.0000000000,-0.0000000000,1.0000000000,0,98.7,-51.2,1809.9,0,1.0000000000,-0.0000000000,-0.0000000000,0.0000000000,1.0000000000,-0.0000000000,0.0000000000,0.0000000000,1.0000000000,0,-109.6,-184.6,1849.3,1,1.0000000000,-0.0000000022,-0.0000000160,0.0000000022,1.0000000000,-0.0000000011,0.0000000160,0.0000000011,1.0000000000,0,-109.6,-563.7,1849.3,0,1.0000000000,-0.0000000000,0.0000000000,0.0000000000,1.0000000000,0.0000000000,-0.0000000000,-0.0000000000,1.0000000000,0,60.3,-174.2,1889.4,1,1.0000000000,0.0000000043,0.0000005888,-0.0000000043,1.0000000000,0.0000000038,-0.0000005888,-0.0000000038,1.0000000000,0,60.3,-553.2,1889.4,0,-157.7,-314.1,1762.5,0,98.7,-299.0,1809.9,0,-109.6,-928.2,1849.3,0,60.3,-917.7,1889.4,0,
16,0.9733297229,0.0030033805,-0.2293914407,0.0560897700,0.9664534330,0.2506452799,0.2224507034,-0.2568279803,0.9405081272,1,-25.4,383.8,1728.1,1,0.9733297229,0.0030033805,-0.2293914407,0.0560897700,0.9664534330,0.2506452799,0.2224507034,-0.2568279803,0.9405081272,1,-26.0,192.2,1779.0,1,0.9733268619,0.0000482564,-0.2294230908,0.0542928539,0.9715479016,0.2305392921,0.2229084373,-0.2368470728,0.9456298351,1,-26.0,8.1,1823.9,1,0.0199843645,-0.9969205260,-0.0758272856,0.9991874099,0.0172596574,0.0364199653,-0.0349990726,-0.0764935017,0.9964556098,0,-151.2,185.2,1750.3,1,0.0001017451,-0.9747793674,-0.2231700569,0.9999960661,-0.0005178452,0.0027179718,-0.0027650148,-0.2231694758,0.9747757316,0,-156.2,-62.4,1759.0,0,-0.0000005960,1.0000001192,0.0000000000,-1.0000001192,-0.0000005960,-0.0000000000,-0.0000000000,0.0000000000,1.0000000000,0,99.2,199.2,1807.7,1,0.0000170469,0.9999990463,0.0000000000,-0.9999990463,0.0000170469,-0.0000000000,-0.0000000000,-0.0000000000,1.0000000000,0,99.2,-48.7,1807.7,0,1.0000000000,-0.0000000000,-0.0000000000,0.0000000000,1.0000000000,-0.0000000000,0.0000000000,0.0000000000,1.0000000000,0,-111.2,-180.7,1849.3,1,1.0000000000,-0.0000000019,-0.0000000144,0.0000000019,1.0000000000,-0.0000000010,0.0000000144,0.0000000010,1.0000000000,0,-111.2,-559.8,1849.3,0,1.0000000000,-0.0000000000,0.0000000000,0.0000000000,1.0000000000,0.0000000000,-0.0000000000,-0.0000000000,1.0000000000,0,59.1,-171.2,1888.3,1,1.0000000000,0.0000000039,0.0000005299,-0.0000000039,1.0000000000,0.0000000034,-0.0000005299,-0.0000000034,1.0000000000,0,59.1,-550.3,1888.3,0,-156.2,-310.3,1759.7,0,99.2,-296.5,1807.7,0,-111.2,-924.3,1849.3,0,59.1,-914.8,1888.3,0,
17,0.9750055671,0.0021487731,-0.2221706063,0.0547886156,0.9667494893,0.2497897893,0.2153218538,-0.2557198107,0.9424672127,1,-25.3,385.6,1727.2,1,0.9750055671,0.0021487731,-0.2221706063,0.0547886156,0.9667494893,0.2497897893,0.2153218538,-0.2557198107,0.9424672127,1,-25.7,193.6,1778.0,1,0.9749998450,0.0010889879,-0.2222033590,0.0513717160,0.9717936516,0.2301726937,0.2161882669,-0.2358342558,0.9474414587,1,-25.9,9.4,1822.7,1,0.0157765150,-0.9980286956,-0.0607421584,0.9994798303,0.0140323043,0.0290351007,-0.0281255208,-0.0611686409,0.9977310896,0,-151.2,186.9,1750.2,1,0.0000638366,-0.9795550108,-0.2011764944,0.9999969006,-0.0004384518,0.0024522692,-0.0024903491,-0.2011760175,0.9795519114,0,-155.1,-60.8,1757.1,0,-0.0000005960,1.0000001192,0.0000000000,-1.0000001192,-0.0000005960,-0.0000000000,-0.0000000000,0.0000000000,1.0000000000,0,99.8,200.2,1805.8,1,0.0000170469,0.9999990463,0.0000000000,-0.9999990463,0.0000170469,-0.0000000000,-0.0000000000,-0.0000000000,1.0000000000,0,99.8,-47.7,1805.8,0,1.0000000000,-0.0000000000,-0.0000000000,0.0000000000,1.0000000000,-0.0000000000,0.0000000000,0.0000000000,1.0000000000,0,-111.4,-179.2,1848.4,1,1.0000000000,-0.0000000018,-0.0000000130,0.0000000018,1.0000000000,-0.0000000009,0.0000000130,0.0000000009,1.0000000000,0,-111.4,-558.3,1848.4,0,1.0000000000,-0.0000000000,0.0000000000,0.0000000000,1.0000000000,0.0000000000,-0.0000000000,-0.0000000000,1.0000000000,0,59.2,-170.2,1886.3,1,1.0000000000,0.0000000035,0.0000004769,-0.0000000035,1.0000000000,0.0000000031,-0.0000004769,-0.0000000031,1.0000000000,0,59.2,-549.3,1886.3,0,-155.1,-308.6,1757.7,0,99.8,-295.5,1805.8,0,-111.4,-922.7,1848.4,0,59.2,-913.7,1886.3,0,
18,0.9778866768,0.0011771296,-0.2091327161,0.0516627319,0.9676343799,0.2470141947,0.2026565671,-0.2523572147,0.9461747408,1,-25.2,384.1,1728.7,1,0.9778866768,0.0011771296,-0.2091327161,0.0516627319,0.9676343799,0.2470141947,0.2026565671,-0.2523572147,0.9461747408,1,-25.5,192.3,1778.8,1,0.9778861403,-0.0006773076,-0.2091374248,0.0495961756,0.9722214937,0.2287509292,0.2031747699,-0.2340657264,0.9507542849,1,-25.3,8.0,1823.1,1,0.0124853253,-0.9987380505,-0.0486417413,0.9996669292,0.0113688707,0.0231618807,-0.0225796644,-0.0489147231,0.9985476732,0,-151.3,185.9,1752.6,1,0.0000343919,-0.9834290743,-0.1812948585,0.9999977350,-0.0003727674,0.0022116303,-0.0022425056,-0.1812944859,0.9834262729,0,-154.4,-61.9,1758.2,0,-0.0000005960,1.0000001192,0.0000000000,-1.0000001192,-0.0000005960,-0.0000000000,-0.0000000000,0.0000000000,1.0000000000,0,100.4,198.6,1804.9,1,0.0000170469,0.9999990463,0.0000000000,-0.9999990463,0.0000170469,-0.0000000000,-0.0000000000,-0.0000000000,1.0000000000,0,100.4,-49.2,1804.9,0,1.0000000000,-0.0000000000,-0.0000000000,0.0000000000,1.0000000000,-0.0000000000,0.0000000000,0.0000000000,1.0000000000,0,-110.7,-180.5,1849.7,1,1.0000000000,-0.0000000016,-0.0000000117,0.0000000016,1.0000000000,-0.0000000008,0.0000000117,0.0000000008,1.0000000000,0,-110.7,-559.6,1849.7,0,1.0000000000,-0.0000000000,0.0000000000,0.0000000000,1.0000000000,0.0000000000,-0.0000000000,-0.0000000000,1.0000000000,0,60.3,-171.8,1885.2,1,1.0000000000,0.0000000031,0.0000004293,-0.0000000031,1.0000000000,0.0000000028,-0.0000004293,-0.0000000028,1.0000000000,0,60.3,-550.9,1885.2,0,-154.4,-309.7,1758.8,0,100.4,-297.0,1804.9,0,-110.7,-924.0,1849.7,0,60.3,-915.4,1885.2,0,
19,0.9805797338,-0.0024901256,-0.1961055994,0.0539822988,0.9647237062,0.2576728165,0.1885479093,-0.2632558942,0.9461218119,1,-25.7,382.4,1725.0,1,0.9805797338,-0.0024901256,-0.1961055994,0.0539822988,0.9647237062,0.2576728165,0.1885479093,-0.2632558942,0.9461218119,1,-25.2,191.0,1777.2,1,0.9805891514,-0.0037125396,-0.1960392147,0.0510476716,0.9701768160,0.2369650155,0.1893147826,-0.2423736006,0.9515331984,1,-24.5,7.1,1823.1,1,0.0099010468,-0.9991922975,-0.0389425159,0.9997867942,0.0091864467,0.0184863713,-0.0181137063,-0.0391172469,0.9990704060,0,-151.4,184.4,1752.9,1,0.0000122190,-0.9865703583,-0.1633375883,0.9999980927,-0.0003176928,0.0019939318,-0.0020190328,-0.1633372903,0.9865682125,0,-153.8,-63.4,1757.4,0,-0.0000005960,1.0000001192,0.0000000000,-1.0000001192,-0.0000005960,-0.0000000000,-0.0000000000,0.0000000000,1.0000000000,0,101.0,197.5,1801.6,1,0.0000170469,0.9999990463,0.0000000000,-0.9999990463,0.0000170469,-0.0000000000,-0.0000000000,-0.0000000000,1.0000000000,0,101.0,-50.3,1801.6,0,1.0000000000,-0.0000000000,-0.0000000000,0.0000000000,1.0000000000,-0.0000000000,0.0000000000,0.0000000000,1.0000000000,0,-109.6,-181.2,1852.5,1,1.0000000000,-0.0000000014,-0.0000000105,0.0000000014,1.0000000000,-0.0000000007,0.0000000105,0.0000000007,1.0000000000,0,-109.6,-560.2,1852.5,0,1.0000000000,-0.0000000000,0.0000000000,0.0000000000,1.0000000000,0.0000000000,-0.0000000000,-0.0000000000,1.0000000000,0,62.0,-172.2,1885.6,1,1.0000000000,0.0000000028,0.0000003863,-0.0000000028,1.0000000000,0.0000000025,-0.0000003863,-0.0000000025,1.0000000000,0,62.0,-551.3,1885.6,0,-153.8,-311.2,1757.9,0,101.0,-298.1,1801.6,0,-109.6,-924.7,1852.5,0,62.0,-915.8,1885.6,0,
20,0.9829902649,-0.0066842409,-0.1835362911,0.0562090576,0.9623346329,0.2659958601,0.1748471707,-0.2717887163,0.9463402629,1,-26.2,382.1,1721.6,1,0.9829902649,-0.0066842409,-0.1835362911,0.0562090576,0.9623346329,0.2659958601,0.1748471707,-0.2717887163,0.9463402629,1,-24.8,190.6,1775.7,1,0.9830088019,-0.0081945360,-0.1833759397,0.0538097061,0.9679801464,0.2451942563,0.1754968613,-0.2508964837,0.9519728422,1,-23.3,7.2,1823.2,1,0.0078647137,-0.9994831085,-0.0311716348,0.9998636246,0.0074073076,0.0147610046,-0.0145224771,-0.0312834755,0.9994050264,0,-151.3,183.7,1753.1,1,-0.0000039339,-0.9891173244,-0.1471294016,0.9999983907,-0.0002713203,0.0017971992,-0.0018175542,-0.1471291631,0.9891155958,0,-153.3,-64.1,1756.7,0,-0.0000005960,1.0000001192,0.0000000000,-1.0000001192,-0.0000005960,-0.0000000000,-0.0000000000,0.0000000000,1.0000000000,0,101.6,197.5,1798.3,1,0.0000170469,0.9999990463,0.0000000000,-0.9999990463,0.0000170469,-0.0000000000,-0.0000000000,-0.0000000000,1.0000000000,0,101.6,-50.3,1798.3,0,1.0000000000,-0.0000000000,-0.0000000000,0.0000000000,1.0000000000,-0.0000000000,0.0000000000,0.0000000000,1.0000000000,0,-107.7,-180.9,1855.4,1,1.0000000000,-0.0000000013,-0.0000000095,0.0000000013,1.0000000000,-0.0000000007,0.0000000095,0.0000000007,1.0000000000,0,-107.7,-560.0,1855.4,0,1.0000000000,-0.0000000000,0.0000000000,0.0000000000,1.0000000000,0.0000000000,-0.0000000000,-0.0000000000,1.0000000000,0,64.2,-171.5,1886.1,1,1.0000000000,0.0000000025,0.0000003477,-0.0000000025,1.0000000000,0.0000000022,-0.0000003477,-0.0000000022,1.0000000000,0,64.2,-550.6,1886.1,0,-153.3,-312.0,1757.2,0,101.6,-298.2,1798.3,0,-107.7,-924.4,1855.4,0,64.2,-915.0,1886.1,0,
21,0.9830988050,-0.0135441693,-0.1825745404,0.0631498098,0.9611426592,0.2687343359,0.1718422025,-0.2757229209,0.9457523823,1,-26.9,384.4,1719.9,1,0.9830988050,-0.0135441693,-0.1825745404,0.0631498098,0.9611426592,0.2687343359,0.1718422025,-0.2757229209,0.9457523823,1,-24.2,192.9,1774.9,1,0.9831535220,-0.0134115452,-0.1822894216,0.0592354760,0.9668604732,0.2483410239,0.1729196161,-0.2549563348,0.9513656497,1,-21.7,9.7,1823.2,1,0.0062557459,-0.9996690750,-0.0249483660,0.9999126196,0.0059630275,0.0117907189,-0.0116380518,-0.0250199474,0.9996191859,0,-150.7,185.3,1752.6,1,-0.0000156164,-0.9911818504,-0.1325080097,0.9999985695,-0.0002322197,0.0016195253,-0.0016360208,-0.1325078011,0.9911805987,0,-152.3,-62.5,1755.5,0,-0.0000005960,1.0000001192,0.0000000000,-1.0000001192,-0.0000005960,-0.0000000000,-0.0000000000,0.0000000000,1.0000000000,0,102.3,200.5,1797.1,1,0.0000170469,0.9999990463,0.0000000000,-0.9999990463,0.0000170469,-0.0000000000,-0.0000000000,-0.0000000000,1.0000000000,0,102.3,-47.3,1797.1,0,1.0000000000,-0.0000000000,-0.0000000000,0.0000000000,1.0000000000,-0.0000000000,0.0000000000,0.0000000000,1.0000000000,0,-105.1,-178.7,1856.4,1,1.0000000000,-0.0000000011,-0.0000000085,0.0000000011,1.0000000000,-0.0000000006,0.0000000085,0.0000000006,1.0000000000,0,-105.1,-557.7,1856.4,0,1.0000000000,-0.0000000000,0.0000000000,0.0000000000,1.0000000000,0.0000000000,-0.0000000000,-0.0000000000,1.0000000000,0,66.8,-168.3,1886.6,1,1.0000000000,0.0000000023,0.0000003129,-0.0000000023,1.0000000000,0.0000000020,-0.0000003129,-0.0000000020,1.0000000000,0,66.8,-547.4,1886.6,0,-152.3,-310.4,1755.9,0,102.3,-295.2,1797.1,0,-105.1,-922.2,1856.4,0,66.8,-911.8,1886.6,0,
22,0.9838710427,-0.0087053338,-0.1786674410,0.0589613095,0.9587807059,0.2779647112,0.1688849330,-0.2840168476,0.9438288212,1,-24.8,384.5,1716.6,1,0.9838710427,-0.0087053338,-0.1786674410,0.0589613095,0.9587807059,0.2779647112,0.1688849330,-0.2840168476,0.9438288212,1,-23.1,193.6,1773.1,1,0.9839030504,-0.0093289539,-0.1784595549,0.0555459335,0.9651368856,0.2557866275,0.1698534936,-0.2615829110,0.9501182437,1,-21.3,10.8,1822.7,1,0.0049815178,-0.9997882247,-0.0199655015,0.9999441504,0.0047941804,0.0094208736,-0.0093231611,-0.0200113170,0.9997562766,0,-149.7,186.5,1751.3,1,-0.0000236034,-0.9928552508,-0.1193239540,0.9999987483,-0.0001990795,0.0014591366,-0.0014724880,-0.1193237901,0.9928542972,0,-150.9,-61.3,1753.6,0,-0.0000005960,1.0000001192,0.0000000000,-1.0000001192,-0.0000005960,-0.0000000000,-0.0000000000,0.0000000000,1.0000000000,0,103.6,200.8,1795.0,1,0.0000170469,0.9999990463,0.0000000000,-0.9999990463,0.0000170469,-0.0000000000,-0.0000000000,-0.0000000000,1.0000000000,0,103.6,-47.1,1795.0,0,1.0000000000,-0.0000000000,-0.0000000000,0.0000000000,1.0000000000,-0.0000000000,0.0000000000,0.0000000000,1.0000000000,0,-105.6,-177.0,1857.4,1,1.0000000000,-0.0000000010,-0.0000000077,0.0000000010,1.0000000000,-0.0000000005,0.0000000077,0.0000000005,1.0000000000,0,-105.6,-556.0,1857.4,0,1.0000000000,-0.0000000000,0.0000000000,0.0000000000,1.0000000000,0.0000000000,-0.0000000000,-0.0000000000,1.0000000000,0,66.5,-167.3,1887.1,1,1.0000000000,0.0000000021,0.0000002816,-0.0000000021,1.0000000000,0.0000000018,-0.0000002816,-0.0000000018,1.0000000000,0,66.5,-546.3,1887.1,0,-150.9,-309.2,1753.9,0,103.6,-294.9,1795.0,0,-105.6,-920.5,1857.4,0,66.5,-910.8,1887.1,0,
23,0.9854705334,-0.0100431256,-0.1695497930,0.0585696846,0.9571157098,0.2837260365,0.1594310850,-0.2895351052,0.9437964559,1,-25.3,384.5,1714.4,1,0.9854705334,-0.0100431256,-0.1695497930,0.0585696846,0.9571157098,0.2837260365,0.1594310850,-0.2895351052,0.9437964559,1,-23.3,193.8,1772.1,1,0.9855297804,-0.0076524420,-0.1693297923,0.0521322191,0.9642443657,0.2598390877,0.1612887233,-0.2649076879,0.9506894350,1,-21.9,11.1,1822.3,1,0.0039706230,-0.9998643994,-0.0159766190,0.9999641776,0.0038507581,0.0075291446,-0.0074666031,-0.0160059426,0.9998440146,0,-150.1,187.1,1751.4,1,-0.0000289679,-0.9942114949,-0.1074402258,0.9999991059,-0.0001711845,0.0013144314,-0.0013252199,-0.1074400917,0.9942106605,0,-151.1,-60.7,1753.2,0,-0.0000005960,1.0000001192,0.0000000000,-1.0000001192,-0.0000005960,-0.0000000000,-0.0000000000,0.0000000000,1.0000000000,0,103.5,200.5,1792.9,1,0.0000170469,0.9999990463,0.0000000000,-0.9999990463,0.0000170469,-0.0000000000,-0.0000000000,-0.0000000000,1.0000000000,0,103.5,-47.3,1792.9,0,1.0000000000,-0.0000000000,-0.0000000000,0.0000000000,1.0000000000,-0.0000000000,0.0000000000,0.0000000000,1.0000000000,0,-106.6,-176.2,1858.4,1,1.0000000000,-0.0000000009,-0.0000000069,0.0000000009,1.0000000000,-0.0000000005,0.0000000069,0.0000000005,1.0000000000,0,-106.6,-555.2,1858.4,0,1.0000000000,-0.0000000000,0.0000000000,0.0000000000,1.0000000000,0.0000000000,-0.0000000000,-0.0000000000,1.0000000000,0,65.8,-167.1,1886.6,1,1.0000000000,0.0000000018,0.0000002535,-0.0000000018,1.0000000000,0.0000000016,-0.0000002535,-0.0000000016,1.0000000000,0,65.8,-546.1,1886.6,0,-151.1,-308.6,1753.5,0,103.5,-295.2,1792.9,0,-106.6,-919.7,1858.4,0,65.8,-910.6,1886.6,0,
