1,0.9983710647,-0.0274565201,0.0494771935,0.0147305615,0.9703550935,0.2412126064,-0.0546339713,-0.2400880158,0.9692078233,1,-10.9,454.6,1834.4,1,0.9983710647,-0.0274565201,0.0494771935,0.0147305615,0.9703550935,0.2412126064,-0.0546339713,-0.2400880158,0.9692078233,1,-5.4,260.8,1882.4,1,0.9983772039,-0.0242204331,0.0510200039,0.0144999633,0.9830194116,0.1828959733,-0.0545842201,-0.1818551868,0.9818051457,1,-0.8,73.4,1917.1,1,-0.3314369619,-0.8883193135,0.3178651929,0.8729617000,-0.4165375829,-0.2538390756,0.3578929603,0.1933524907,0.9135247469,1,-139.7,258.8,1889.7,1,-0.0099377912,-0.8883193731,0.4591186941,0.4383776486,-0.4165375829,-0.7964430451,0.8987359405,0.1933524907,0.3935588002,1,-64.5,60.6,1808.4,1,-0.4067244828,0.8231198788,-0.3962938488,-0.8537732363,-0.4968244433,-0.1556814909,-0.3250329792,0.2750256062,0.9048284292,1,128.9,262.7,1875.0,1,0.0109877707,0.8231199384,-0.5677613020,-0.4702880681,-0.4968245029,-0.7293795943,-0.8824446201,0.2750256360,0.3816444576,1,36.3,68.5,1801.1,1,0.7133940458,0.1956582367,-0.6728942394,-0.1883534491,0.9784324765,0.0848099589,0.6749752760,0.0662390143,0.7348608971,1,-84.0,-115.2,1956.5,1,0.2277966738,-0.0000000000,-0.9737086892,0.0000000000,1.0000000000,0.0000000000,0.9737086892,0.0000000000,0.2277966738,0,-158.6,-488.2,1931.3,1,0.6655048132,0.2272479385,0.7109583020,-0.1614292860,0.9738025665,-0.1601537317,-0.7287275791,-0.0081864204,0.6847546697,1,91.6,-112.6,1946.9,1,0.0200786088,0.0000000208,0.9997983575,0.0000003326,1.0000000000,-0.0000000275,-0.9997983575,0.0000003330,0.0200786088,0,5.0,-483.9,1950.0,1,-62.0,-48.7,1584.4,1,39.1,-48.7,1581.2,1,-158.6,-854.7,1931.3,0,5.0,-850.4,1950.0,0,
2,0.9985455871,-0.0260669123,0.0466255359,0.0143138068,0.9715063572,0.2365584671,-0.0514639392,-0.2355440408,0.9704955220,1,-10.0,454.8,1836.0,1,0.9985455871,-0.0260669123,0.0466255359,0.0143138068,0.9715063572,0.2365584671,-0.0514639392,-0.2355440408,0.9704955220,1,-4.7,260.7,1883.0,1,0.9985770583,-0.0219752975,0.0480377153,0.0130322780,0.9837411046,0.1790863723,-0.0511928163,-0.1782011837,0.9826575518,1,-0.6,73.2,1917.0,1,-0.3298015296,-0.8891154528,0.3173402548,0.8728706241,-0.4152411222,-0.2562648654,0.3596217036,0.1924804449,0.9130299091,1,-139.1,259.0,1889.9,1,-0.0108588943,-0.8891154528,0.4575543404,0.4395743608,-0.4152410924,-0.7964605093,0.8981406093,0.1924804747,0.3953413665,1,-64.3,61.2,1808.4,1,-0.4092752039,0.8190143704,-0.4021310806,-0.8511306643,-0.5015025139,-0.1551510841,-0.3287406862,0.2787666023,0.9023407698,1,129.6,262.5,1876.1,1,0.0107873147,0.8190143108,-0.5736717582,-0.4723037183,-0.5015025735,-0.7248616815,-0.8813698888,0.2787666321,0.3814136684,1,36.6,69.2,1801.5,1,0.7129282951,0.1815388203,-0.6773307323,-0.1981959790,0.9786905050,0.0536972359,0.6726452112,0.0959619358,0.7337163687,1,-84.2,-115.4,1955.5,1,0.2212352902,-0.0000000000,-0.9752205014,0.0000000000,1.0000000000,0.0000000000,0.9752205014,0.0000000000,0.2212352902,0,-153.4,-488.5,1918.9,1,0.6685366631,0.2235852629,0.7092730999,-0.1525126398,0.9746837020,-0.1634978354,-0.7278726101,0.0011311488,0.6857113242,1,91.5,-113.1,1946.5,1,0.0250131115,0.0000000104,0.9996871352,-0.0000000003,1.0000000000,-0.0000000104,-0.9996871352,0.0000000000,0.0250131115,0,6.2,-484.7,1946.0,1,-61.6,-48.4,1584.6,1,39.3,-48.5,1581.8,1,-153.4,-855.0,1918.9,0,6.2,-851.2,1946.0,0,
3,0.9985705018,-0.0267922003,0.0456707813,0.0150640924,0.9706470966,0.2400140613,-0.0507612675,-0.2389801294,0.9696921706,1,-9.5,454.1,1834.9,1,0.9985705018,-0.0267922003,0.0456707813,0.0150640924,0.9706470966,0.2400140613,-0.0507612675,-0.2389801294,0.9696921706,1,-4.1,260.1,1882.7,1,0.9986441731,-0.0209927615,0.0470729545,0.0120531665,0.9830914140,0.1826867759,-0.0501127578,-0.1818675101,0.9820412993,1,-0.1,72.7,1917.3,1,-0.3288047314,-0.8900795579,0.3156675696,0.8741526008,-0.4133431017,-0.2549602687,0.3574138582,0.1921094954,0.9139745235,1,-138.4,258.4,1889.4,1,-0.0109807197,-0.8900795579,0.4556730986,0.4407954812,-0.4133431315,-0.7967728376,0.8975405097,0.1921094954,0.3968817890,1,-64.4,61.5,1808.9,1,-0.4139020145,0.8144344687,-0.4066712260,-0.8489461541,-0.5065942407,-0.1505081803,-0.3285963833,0.2829463184,0.9010913968,1,130.2,261.7,1875.9,1,0.0110748056,0.8144345880,-0.5801497698,-0.4739639163,-0.5065943003,-0.7202225924,-0.8804746270,0.2829463780,0.3804021776,1,36.6,69.7,1801.6,1,0.7120209932,0.1799092442,-0.6787184477,-0.2009053677,0.9784050584,0.0485846251,0.6728024483,0.1017649174,0.7327897549,1,-84.0,-115.8,1956.4,1,0.2185030729,-0.0000000000,-0.9758362174,0.0000000000,1.0000000000,0.0000000000,0.9758362174,0.0000000000,0.2185030729,0,-152.5,-488.7,1917.6,1,0.6690871716,0.2228778750,0.7089767456,-0.1574326605,0.9748280048,-0.1578774601,-0.7263177037,-0.0059823035,0.6873331666,1,91.7,-113.6,1947.6,1,0.0248398222,0.0000000052,0.9996914864,-0.0000000001,1.0000000000,-0.0000000052,-0.9996914864,0.0000000000,0.0248398222,0,6.8,-485.2,1949.9,1,-61.6,-48.4,1585.2,1,39.4,-48.4,1582.2,1,-152.5,-855.3,1917.6,0,6.8,-851.8,1949.9,0,
4,0.9986407757,-0.0292446539,0.0425222926,0.0173810329,0.9664063454,0.2564104497,-0.0485929102,-0.2553204298,0.9656298757,1,-9.8,453.4,1830.5,1,0.9986407757,-0.0292446539,0.0425222926,0.0173810329,0.9664063454,0.2564104497,-0.0485929102,-0.2553204298,0.9656298757,1,-4.0,259.6,1881.8,1,0.9987613559,-0.0218208209,0.0441171639,0.0127823018,0.9805936813,0.1956045181,-0.0475298204,-0.1947945058,0.9796877503,1,0.2,72.7,1918.9,1,-0.3169678152,-0.9033904076,0.2888204753,0.8791084290,-0.3941321969,-0.2680078149,0.3559491038,0.1689546704,0.9191053510,1,-138.3,257.8,1888.2,1,-0.0228494909,-0.9033904672,0.4282099903,0.4376831353,-0.3941322565,-0.8081419468,0.8988389373,0.1689546555,0.4044044614,1,-67.0,59.9,1808.0,1,-0.4177639782,0.8127117753,-0.4061685801,-0.8489142656,-0.5084649920,-0.1442495435,-0.3237557411,0.2845400274,0.9023410082,1,130.4,261.3,1875.4,1,0.0141846640,0.8127117753,-0.5824933052,-0.4709314108,-0.5084649920,-0.7208932042,-0.8820558190,0.2845400274,0.3755190670,1,36.1,69.8,1802.3,1,0.7095000744,0.1753977835,-0.6825284362,-0.2089389116,0.9773387313,0.0339631923,0.6730185151,0.1185098886,0.7300693393,1,-83.6,-115.3,1960.2,1,0.2115176767,-0.0000000000,-0.9773741364,0.0000000000,1.0000000000,0.0000000000,0.9773741364,0.0000000000,0.2115176767,0,-150.4,-487.9,1915.0,1,0.6820873618,0.1615480632,0.7132033706,-0.0305256844,0.9807331562,-0.1929524690,-0.7306332588,0.1098394319,0.6738770008,1,92.3,-113.1,1951.8,1,0.0579294600,0.0490939282,0.9971128106,0.1098538116,0.9924113750,-0.0552446395,-0.9922583103,0.1127369329,0.0520966910,1,31.2,-483.7,1910.3,1,-61.3,-49.2,1584.0,1,39.7,-47.6,1582.5,1,-150.4,-854.4,1915.0,0,13.4,-844.7,1869.3,1,
5,0.9986594915,-0.0252537858,0.0445892550,0.0134184137,0.9686506987,0.2480433732,-0.0494559631,-0.2471099049,0.9677198529,1,-10.0,454.6,1833.0,1,0.9986594915,-0.0252537858,0.0445892550,0.0134184137,0.9686506987,0.2480433732,-0.0494559631,-0.2471099049,0.9677198529,1,-4.9,260.5,1882.5,1,0.9987358451,-0.0190435816,0.0459432751,0.0100560952,0.9820312262,0.1884200573,-0.0487065390,-0.1877158284,0.9810109735,1,-1.3,73.4,1918.3,1,-0.3058021367,-0.9155187607,0.2613629103,0.8821330070,-0.3757324517,-0.2840185761,0.3582268357,0.1437033564,0.9225090742,1,-139.2,259.2,1889.1,1,-0.0351352468,-0.9155187011,0.4007380903,0.4305475652,-0.3757324219,-0.8206424117,0.9018837214,0.1437033266,0.4073758125,1,-69.4,57.7,1807.3,1,-0.4052397013,0.8285720944,-0.3863278329,-0.8551255465,-0.4929958284,-0.1603605151,-0.3233282268,0.2653743625,0.9083145857,1,129.5,261.9,1876.0,1,0.0062449696,0.8285719752,-0.5598476529,-0.4658148587,-0.4929957688,-0.7348276377,-0.8848601580,0.2653743029,0.3828824162,1,37.7,68.3,1802.8,1,0.7085262537,0.1831608713,-0.6815003753,-0.2197069228,0.9749866128,0.0336188599,0.6706113815,0.1259104908,0.7310451269,1,-85.5,-114.7,1958.4,1,0.2120411098,-0.0000000000,-0.9772607684,0.0000000000,1.0000000000,0.0000000000,0.9772607684,0.0000000000,0.2120411098,0,-155.3,-486.4,1910.4,1,0.6787887812,0.1958385408,0.7077378035,-0.0702177510,0.9766761661,-0.2029110640,-0.7309685349,0.0880380198,0.6767083406,1,90.2,-112.9,1949.8,1,0.0479071997,0.0244999919,0.9985512495,0.0550407842,0.9981153607,-0.0271299779,-0.9973340631,0.0562607683,0.0464684255,0,15.6,-485.2,1916.2,1,-60.6,-49.6,1582.5,1,39.3,-47.8,1582.2,1,-155.3,-852.9,1910.4,0,6.6,-851.1,1895.6,0,
6,0.9987360239,-0.0279692132,0.0411201231,0.0161747057,0.9645985365,0.2632067204,-0.0470265076,-0.2622067034,0.9638605118,1,-10.3,453.3,1829.1,1,0.9987360239,-0.0279692132,0.0411201231,0.0161747057,0.9645985365,0.2632067204,-0.0470265076,-0.2622067034,0.9638605118,1,-4.7,260.1,1881.6,1,0.9988804460,-0.0191007182,0.0426584333,0.0102076875,0.9798054099,0.1996639520,-0.0456112176,-0.1990012974,0.9789332151,1,-1.1,73.4,1919.5,1,-0.3120367825,-0.9106066227,0.2709773779,0.8820868134,-0.3836256862,-0.2734123468,0.3529249728,0.1537108719,0.9229393005,1,-139.1,258.7,1887.8,1,-0.0296333842,-0.9106065035,0.4122105241,0.4315865934,-0.3836256564,-0.8164339066,0.9015846848,0.1537108272,0.4043736756,1,-68.2,58.2,1807.5,1,-0.4029074311,0.8342115879,-0.3765059710,-0.8570286036,-0.4882479906,-0.1646691263,-0.3211971521,0.2563299835,0.9116619229,1,129.6,261.5,1875.5,1,-0.0000119997,0.8342115879,-0.5514446497,-0.4648496509,-0.4882480204,-0.7385991812,-0.8853896260,0.2563300133,0.3877888620,1,38.7,68.0,1803.0,1,0.7087625265,0.1740414500,-0.6836410761,-0.2021796852,0.9785510302,0.0395105258,0.6758542061,0.1102147773,0.7287480235,1,-85.8,-114.3,1961.5,1,0.2098523825,-0.0000000000,-0.9777330756,0.0000000000,1.0000000000,0.0000000000,0.9777330756,0.0000000000,0.2098523825,0,-152.2,-487.3,1919.5,1,0.6853430867,0.1400080919,0.7146345973,0.0146384016,0.9784969091,-0.2057412416,-0.7280731201,0.1514644623,0.6685566902,1,90.9,-112.5,1953.4,1,0.0677043423,0.0542660356,0.9962286353,0.1318312436,0.9892779589,-0.0628467649,-0.9889574647,0.1355890334,0.0598244518,1,37.9,-483.2,1896.1,1,-60.8,-49.4,1582.8,1,38.7,-47.8,1582.3,1,-152.2,-853.8,1919.5,0,18.1,-843.5,1846.7,1,
7,0.9987444282,-0.0295388009,0.0397957526,0.0185722131,0.9675381184,0.2520214915,-0.0459487028,-0.2509634495,0.9669006467,1,-10.1,454.2,1831.8,1,0.9987444282,-0.0295388009,0.0397957526,0.0185722131,0.9675381184,0.2520214915,-0.0459487028,-0.2509634495,0.9669006467,1,-4.2,260.2,1882.1,1,0.9988579750,-0.0226736646,0.0414166376,0.0143342447,0.9813778996,0.1915216297,-0.0449883416,-0.1907053292,0.9806118608,1,0.2,73.2,1918.4,1,-0.3138569593,-0.9074259400,0.2794137299,0.8809384704,-0.3880834877,-0.2708110213,0.3541767597,0.1611503810,0.9211891890,1,-138.5,258.3,1888.1,1,-0.0247139148,-0.9074259996,0.4194847643,0.4321218729,-0.3880834877,-0.8140404820,0.9014765620,0.1611504108,0.4017096460,1,-67.3,58.4,1807.8,1,-0.4044615924,0.8353977799,-0.3721845448,-0.8575098515,-0.4878873825,-0.1632262617,-0.3179430068,0.2531331480,0.9136934876,1,130.2,262.2,1876.0,1,-0.0005966388,0.8353978395,-0.5496454835,-0.4613433182,-0.4878874421,-0.7410318851,-0.8872215152,0.2531331480,0.3856962919,1,38.7,68.1,1804.1,1,0.7067430615,0.1748712659,-0.6855176091,-0.2252857387,0.9741575122,0.0162402764,0.6706420183,0.1429596543,0.7278748155,1,-83.6,-115.1,1958.7,1,0.2066357434,-0.0000000000,-0.9784179926,0.0000000000,0.9999999404,0.0000000000,0.9784179330,0.0000000000,0.2066357583,0,-150.3,-486.4,1904.3,1,0.6833630800,0.1793358922,0.7077100277,-0.0460858643,0.9780243039,-0.2033339292,-0.7286226749,0.1063354760,0.6766105294,1,92.6,-112.6,1950.8,1,0.0556585342,0.0271181483,0.9980815053,0.0661705360,0.9973332286,-0.0307878498,-0.9962547421,0.0677571967,0.0537156835,0,24.2,-485.4,1910.3,1,-61.1,-49.3,1583.1,1,38.5,-46.9,1583.0,1,-150.3,-853.0,1904.3,0,14.3,-850.9,1885.4,0,
8,0.9987749457,-0.0300064050,0.0386635438,0.0194918886,0.9685320854,0.2481036037,-0.0448919237,-0.2470434308,0.9679592848,1,-9.9,455.6,1833.7,1,0.9987749457,-0.0300064050,0.0386635438,0.0194918886,0.9685320854,0.2481036037,-0.0448919237,-0.2470434308,0.9679592848,1,-3.9,261.7,1883.2,1,0.9988610744,-0.0243654083,0.0403679013,0.0164026022,0.9822254777,0.1869561374,-0.0442060754,-0.1860770136,0.9815362096,1,0.8,74.5,1918.6,1,-0.3120525479,-0.9084924459,0.2779653966,0.8821293712,-0.3857077956,-0.2703281343,0.3528044522,0.1608448625,0.9217689633,1,-138.2,259.5,1889.1,1,-0.0230224896,-0.9084924459,0.4172667265,0.4304964840,-0.3857077360,-0.8160284162,0.9022985101,0.1608448476,0.3999828100,1,-66.9,57.9,1808.5,1,-0.4002844393,0.8409277797,-0.3641603887,-0.8598386049,-0.4820912778,-0.1681235284,-0.3169382811,0.2458219379,0.9160358906,1,130.5,263.9,1877.2,1,-0.0040657627,0.8409277797,-0.5411320925,-0.4598763287,-0.4820913076,-0.7457222939,-0.8879736066,0.2458219230,0.3886829019,1,39.2,67.9,1805.0,1,0.7050149441,0.1863810122,-0.6842631102,-0.2168753445,0.9752869010,0.0421980359,0.6752177477,0.1186495796,0.7280131578,1,-82.6,-114.1,1958.0,1,0.2099803239,-0.0000000000,-0.9777055979,0.0000000000,1.0000000000,0.0000000000,0.9777055979,0.0000000000,0.2099803239,0,-153.6,-485.9,1912.8,1,0.6795172691,0.2079607844,0.7035683393,-0.1020012498,0.9764506221,-0.1901049316,-0.7265341878,0.0574147366,0.6847273111,1,93.4,-111.2,1950.2,1,0.0443308391,0.0135280071,0.9989252687,0.0331712402,0.9993370175,-0.0150056751,-0.9984660149,0.0338008069,0.0438527055,0,14.1,-483.5,1928.3,1,-61.2,-49.3,1583.6,1,38.2,-46.8,1583.6,1,-153.6,-852.4,1912.8,0,9.2,-849.8,1915.9,0,
9,0.9986121655,-0.0315717570,0.0415154919,0.0205133203,0.9695822001,0.2438834906,-0.0479529463,-0.2426906824,0.9689131379,1,-10.4,454.9,1835.2,1,0.9986121655,-0.0315717570,0.0415154919,0.0205133203,0.9695822001,0.2438834906,-0.0479529463,-0.2426906824,0.9689131379,1,-4.1,261.2,1883.7,1,0.9987174869,-0.0252965409,0.0432446338,0.0168989021,0.9826766849,0.1845248938,-0.0471638478,-0.1835533381,0.9818736315,1,0.7,73.9,1918.6,1,-0.3022547662,-0.9182680249,0.2557852864,0.8840750456,-0.3703871369,-0.2849996686,0.3564456403,0.1399908811,0.9237689972,1,-138.4,258.9,1890.0,1,-0.0355733223,-0.9182680249,0.3943584561,0.4292885065,-0.3703871369,-0.8237261772,0.9024666548,0.1399908811,0.4073777497,1,-69.6,57.6,1808.8,1,-0.4005124569,0.8403074741,-0.3653399646,-0.8593932390,-0.4828045666,-0.1683542728,-0.3178571165,0.2465426922,0.9155237079,1,130.2,263.5,1877.3,1,-0.0068229442,0.8403073549,-0.5420672894,-0.4641663432,-0.4828044772,-0.7425963879,-0.8857217431,0.2465426922,0.3933365643,1,39.7,69.1,1805.4,1,0.7061996460,0.1944404542,-0.6807899475,-0.2118266821,0.9755313396,0.0588887483,0.6755823493,0.1026222557,0.7301076055,1,-82.4,-114.9,1957.8,1,0.2154706270,-0.0000000000,-0.9765103459,0.0000000000,1.0000000000,0.0000000000,0.9765103459,0.0000000000,0.2154706270,0,-156.5,-486.7,1918.7,1,0.6749929190,0.2175685018,0.7050167918,-0.1251027584,0.9754478335,-0.1812484860,-0.7271410823,0.0341419131,0.6856387854,1,93.5,-111.9,1949.5,1,0.0352284685,0.0067528812,0.9993565679,0.0166246612,0.9998347759,-0.0073421537,-0.9992410541,0.0168726128,0.0351103880,0,10.5,-483.7,1936.5,1,-60.8,-49.4,1583.9,1,38.0,-46.6,1584.7,1,-156.5,-853.3,1918.7,0,8.0,-850.2,1930.3,0,
10,0.9986160994,-0.0284506828,0.0436245017,0.0171058998,0.9703179598,0.2412053794,-0.0491925925,-0.2401225418,0.9694907069,1,-9.3,454.9,1836.0,1,0.9986160994,-0.0284506828,0.0436245017,0.0171058998,0.9703179598,0.2412053794,-0.0491925925,-0.2401225418,0.9694907069,1,-3.6,260.5,1884.1,1,0.9986449480,-0.0246573240,0.0452437401,0.0160458740,0.9832275510,0.1816439182,-0.0489643216,-0.1806675941,0.9823206067,1,1.1,73.1,1918.5,1,-0.3069929183,-0.9128306508,0.2692500651,0.8816393614,-0.3793183267,-0.2807661593,0.3584234118,0.1511882246,0.9212355614,1,-137.9,258.3,1890.7,1,-0.0293703564,-0.9128306508,0.4072807729,0.4302838743,-0.3793182969,-0.8191297054,0.9022157192,0.1511882097,0.4039169848,1,-68.1,57.6,1809.1,1,-0.4048535228,0.8353276849,-0.3719156981,-0.8569290042,-0.4885159433,-0.1643925458,-0.3190084100,0.2521504462,0.9135938883,1,130.7,262.6,1877.5,1,-0.0046420684,0.8353276849,-0.5497328043,-0.4649133086,-0.4885159433,-0.7383818626,-0.8853440285,0.2521504760,0.3906227052,1,39.4,69.4,1805.6,1,0.7063648701,0.2046038061,-0.6776325703,-0.2062782645,0.9752629995,0.0794453770,0.6771247387,0.0836634934,0.7310967445,1,-82.1,-115.7,1957.3,1,0.2203278691,-0.0000000000,-0.9754258990,0.0000000000,1.0000000000,0.0000000000,0.9754258990,0.0000000000,0.2203278691,0,-160.1,-487.5,1925.4,1,0.6720053554,0.2292093039,0.7041816711,-0.1378279775,0.9729919434,-0.1851761043,-0.7276071310,0.0273833927,0.6854472756,1,93.7,-112.9,1948.7,1,0.0304547511,0.0033732478,0.9995304942,0.0083215730,0.9999587536,-0.0036282439,-0.9995014668,0.0084281629,0.0304254275,0,6.3,-483.8,1938.2,1,-60.7,-49.6,1584.2,1,38.3,-46.5,1584.9,1,-160.1,-854.0,1925.4,0,5.1,-850.3,1935.1,0,
11,0.9987717271,-0.0300227590,0.0387339331,0.0191593841,0.9666902423,0.2552105188,-0.0451062061,-0.2541525662,0.9661070704,1,-9.2,452.3,1832.1,1,0.9987717271,-0.0300227590,0.0387339331,0.0191593841,0.9666902423,0.2552105188,-0.0451062061,-0.2541525662,0.9661070704,1,-3.2,258.5,1883.0,1,0.9988328815,-0.0254187044,0.0404165201,0.0170131978,0.9804265499,0.1961191595,-0.0446109660,-0.1951988935,0.9797445536,1,1.7,71.7,1920.2,1,-0.2986885607,-0.9223221540,0.2451674342,0.8858908415,-0.3635009527,-0.2882091105,0.3549402058,0.1311068237,0.9256503582,1,-137.5,256.2,1889.0,1,-0.0396079756,-0.9223222733,0.3843867481,0.4264268577,-0.3635009825,-0.8282676935,0.9036544561,0.1311068237,0.4077005088,1,-70.3,56.8,1809.1,1,-0.4087377489,0.8321895003,-0.3746920526,-0.8548930883,-0.4928486347,-0.1620433629,-0.3195172250,0.2540884018,0.9128788710,1,131.2,260.8,1877.0,1,-0.0041978625,0.8321895003,-0.5544754863,-0.4638235867,-0.4928486645,-0.7361847162,-0.8859176636,0.2540884018,0.3880580068,1,39.3,68.7,1805.2,1,0.7005916834,0.2045128047,-0.6836271286,-0.2232512534,0.9727730155,0.0622219369,0.6777392030,0.1090284362,0.7271744013,1,-81.5,-116.7,1961.4,1,0.2088159472,-0.0000000000,-0.9779549241,0.0000000000,1.0000000000,0.0000000000,0.9779549241,0.0000000000,0.2088159472,0,-159.5,-487.5,1919.8,1,0.6850669384,0.1689169109,0.7086256146,-0.0263811648,0.9778598547,-0.2075909227,-0.7280021906,0.1235192940,0.6743558049,1,94.6,-113.7,1953.5,1,0.0622013658,0.0553605966,0.9965270758,0.1105596498,0.9919333458,-0.0620063320,-0.9919211268,0.1140325591,0.0555789620,1,30.7,-483.8,1906.7,1,-60.4,-49.5,1583.9,1,38.3,-46.9,1584.4,1,-159.5,-854.0,1919.8,0,10.5,-844.7,1865.3,1,
12,0.9987145662,-0.0309666786,0.0394576602,0.0200984739,0.9678239822,0.2508035004,-0.0459550060,-0.2496855557,0.9672312140,1,-9.6,453.5,1833.8,1,0.9987145662,-0.0309666786,0.0394576602,0.0200984739,0.9678239822,0.2508035004,-0.0459550060,-0.2496855557,0.9672312140,1,-3.4,260.0,1883.8,1,0.9987648726,-0.0267218854,0.0412478186,0.0184000861,0.9815450907,0.1903130412,-0.0455725752,-0.1893150955,0.9808542728,1,1.7,72.9,1919.9,1,-0.2892406285,-0.9302734733,0.2256794572,0.8870387673,-0.3490975499,-0.3021476269,0.3598640263,0.1127930656,0.9261618257,1,-137.7,257.5,1889.9,1,-0.0484029911,-0.9302734137,0.3636598587,0.4215537012,-0.3490974903,-0.8369129896,0.9055106640,0.1127930731,0.4090575874,1,-71.7,55.0,1807.8,1,-0.4031932950,0.8371549845,-0.3696033657,-0.8568513393,-0.4871723652,-0.1687270850,-0.3213112950,0.2486655265,0.9137420058,1,131.0,262.4,1877.6,1,-0.0050006132,0.8371550441,-0.5469428301,-0.4614252448,-0.4871723652,-0.7414512038,-0.8871649504,0.2486655116,0.3887206614,1,39.3,67.6,1804.6,1,0.7010483742,0.2012778819,-0.6841186285,-0.2368192375,0.9706066251,0.0428871810,0.6726422906,0.1319464296,0.7281087637,1,-81.1,-115.8,1960.0,1,0.2073965818,-0.0000000000,-0.9782569408,0.0000000000,1.0000000000,0.0000000000,0.9782569408,0.0000000000,0.2073965818,0,-157.9,-485.8,1909.7,1,0.6819141507,0.2081942558,0.7011762857,-0.0695426166,0.9727464318,-0.2211970687,-0.7281187773,0.1020757556,0.6778079271,1,94.8,-112.6,1951.9,1,0.0516514406,0.0276324078,0.9982829094,0.0554380082,0.9979963303,-0.0304928627,-0.9971252680,0.0569178052,0.0500160679,0,15.4,-483.4,1913.0,1,-59.6,-50.1,1582.1,1,38.1,-47.4,1583.5,1,-157.9,-852.3,1909.7,0,5.3,-849.2,1892.2,0,
13,0.9987024069,-0.0306335930,0.0400222912,0.0188928675,0.9637346864,0.2661730647,-0.0467251278,-0.2650694549,0.9630917311,1,-10.4,452.8,1829.5,1,0.9987024069,-0.0306335930,0.0400222912,0.0188928675,0.9637346864,0.2661730647,-0.0467251278,-0.2650694549,0.9630917311,1,-4.3,259.4,1882.7,1,0.9986782074,-0.0287373215,0.0419841744,0.0196842961,0.9791877866,0.2019708008,-0.0469149761,-0.2008738518,0.9784890413,1,1.2,72.8,1921.0,1,-0.2839666009,-0.9369837642,0.2035297155,0.8898991942,-0.3365760744,-0.3078896105,0.3569908440,0.0936905667,0.9293974042,1,-138.6,256.8,1889.0,1,-0.0602606162,-0.9369838834,0.3441366553,0.4198423326,-0.3365760744,-0.8428814411,0.9055942893,0.0936905742,0.4136677980,1,-74.2,54.8,1807.9,1,-0.4012244642,0.8397095203,-0.3659327626,-0.8591854572,-0.4834944904,-0.1674315780,-0.3175203502,0.2472264469,0.9154561162,1,130.1,262.1,1876.4,1,-0.0062191929,0.8397095799,-0.5430001616,-0.4637999535,-0.4834944606,-0.7423763871,-0.8859180808,0.2472264767,0.3924642205,1,39.5,68.2,1804.7,1,0.7018709779,0.1992786527,-0.6838603020,-0.2322907895,0.9716175795,0.0447232574,0.6733630896,0.1274645329,0.7282408476,1,-81.2,-115.5,1963.4,1,0.2069796175,-0.0000000000,-0.9783452153,0.0000000000,1.0000000000,0.0000000000,0.9783452153,0.0000000000,0.2069796175,0,-157.2,-485.9,1914.8,1,0.6786458492,0.2222538590,0.7000304461,-0.1072662175,0.9728884697,-0.2048945725,-0.7265902162,0.0639612526,0.6840871572,1,94.6,-112.1,1955.1,1,0.0439006574,0.0137833273,0.9989408851,0.0277615916,0.9995018244,-0.0150111141,-0.9986501336,0.0283911824,0.0434961431,0,9.9,-482.9,1930.7,1,-59.1,-49.9,1582.3,1,38.0,-47.4,1583.9,1,-157.2,-852.4,1914.8,0,4.8,-849.3,1920.3,0,
14,0.9988481998,-0.0294563491,0.0371657684,0.0182724986,0.9622514248,0.2715290785,-0.0437614135,-0.2705352902,0.9617102742,1,-10.1,452.0,1827.8,1,0.9988481998,-0.0294563491,0.0371657684,0.0182724986,0.9622514248,0.2715290785,-0.0437614135,-0.2705352902,0.9617102742,1,-4.2,258.8,1882.1,1,0.9987719059,-0.0295003317,0.0391293764,0.0207834728,0.9781348705,0.2069026977,-0.0443779044,-0.2058319300,0.9775766134,1,1.4,72.4,1921.3,1,-0.2782714665,-0.9424724579,0.1852313727,0.8926951885,-0.3249451518,-0.3122594059,0.3544858992,0.0784622803,0.9317636490,1,-138.6,256.0,1888.0,1,-0.0678824112,-0.9424724579,0.3273188770,0.4158666432,-0.3249451518,-0.8493913412,0.9068886042,0.0784622729,0.4140009284,1,-75.5,53.7,1807.7,1,-0.4012109041,0.8401342034,-0.3649716973,-0.8590907454,-0.4833681881,-0.1682803929,-0.3177938163,0.2460278571,0.9156841040,1,130.2,261.6,1876.1,1,-0.0067866654,0.8401341438,-0.5423361063,-0.4629423320,-0.4833681285,-0.7429936528,-0.8863623738,0.2460279018,0.3922141492,1,39.6,67.8,1804.4,1,0.6997956634,0.1951234788,-0.6871774197,-0.2405105233,0.9701656103,0.0305508804,0.6726371050,0.1438940465,0.7258469462,1,-80.8,-115.9,1964.4,1,0.2011867017,-0.0000000000,-0.9795529246,0.0000000000,1.0000000000,0.0000000000,0.9795529246,0.0000000000,0.2011867017,0,-155.2,-485.7,1909.6,1,0.6808547378,0.2292879224,0.6956031919,-0.1094806641,0.9709252119,-0.2128812969,-0.7241897583,0.0687861741,0.6861615777,1,94.9,-112.2,1956.6,1,0.0479614697,0.0068808864,0.9988255501,0.0138274236,0.9998759031,-0.0075520859,-0.9987535477,0.0141733913,0.0478603691,0,7.5,-482.4,1930.4,1,-58.6,-49.9,1581.7,1,38.0,-47.6,1583.5,1,-155.2,-852.3,1909.6,0,5.0,-848.8,1925.2,0,
15,0.9988315105,-0.0295118317,0.0375664942,0.0180916209,0.9614785910,0.2742649913,-0.0442138053,-0.2732630372,0.9609179497,1,-9.9,453.6,1826.7,1,0.9988315105,-0.0295118317,0.0375664942,0.0180916209,0.9614785910,0.2742649913,-0.0442138053,-0.2732630372,0.9609179497,1,-4.0,260.4,1881.6,1,0.9987285137,-0.0303942915,0.0395496786,0.0214261021,0.9774441123,0.2100771219,-0.0450431556,-0.2089592665,0.9768824577,1,1.8,74.1,1921.4,1,-0.2716391087,-0.9468610287,0.1722395271,0.8949946165,-0.3143344820,-0.3165097237,0.3538314998,0.0681770295,0.9328211546,1,-138.3,257.5,1887.7,1,-0.0712950453,-0.9468610287,0.3136419654,0.4118031859,-0.3143344820,-0.8553432822,0.9084795713,0.0681770295,0.4123308957,1,-76.1,52.5,1806.6,1,-0.3991774321,0.8430156112,-0.3605302274,-0.8613074422,-0.4795871377,-0.1677666903,-0.3143355846,0.2435586751,0.9175360203,1,130.4,263.3,1875.6,1,-0.0073148599,0.8430156112,-0.5378393531,-0.4629845023,-0.4795870781,-0.7454136610,-0.8863360882,0.2435586751,0.3938113749,1,39.7,67.5,1804.1,1,0.6962866783,0.2127046883,-0.6855229735,-0.2410070002,0.9689154625,0.0558447763,0.6760922670,0.1263318658,0.7259061337,1,-80.2,-114.1,1965.2,1,0.2031616569,-0.0000000000,-0.9791452289,0.0000000000,1.0000000000,0.0000000000,0.9791452289,0.0000000000,0.2031616569,0,-161.3,-483.4,1917.1,1,0.6806704402,0.2365928888,0.6933336258,-0.1106350645,0.9687578678,-0.2219641209,-0.7241876125,0.0743774250,0.6855803132,1,95.5,-110.3,1957.3,1,0.0490610600,0.0034374332,0.9987899065,0.0069032041,0.9999689460,-0.0037805806,-0.9987719059,0.0070803291,0.0490358174,0,5.3,-479.6,1929.0,1,-58.3,-50.2,1580.2,1,37.8,-47.9,1583.2,1,-161.3,-850.0,1917.1,0,4.1,-846.1,1926.4,0,
16,0.9988132715,-0.0289177354,0.0385018997,0.0179632157,0.9656425118,0.2592328787,-0.0446758680,-0.2582313120,0.9650448561,1,-10.0,454.1,1831.1,1,0.9988132715,-0.0289177354,0.0385018997,0.0179632157,0.9656425118,0.2592328787,-0.0446758680,-0.2582313120,0.9650448561,1,-4.2,260.3,1882.9,1,0.9987117648,-0.0298690405,0.0403632671,0.0213220790,0.9800396562,0.1976264715,-0.0454609320,-0.1965075433,0.9794438481,1,1.5,73.5,1920.4,1,-0.2603491843,-0.9551213384,0.1412852854,0.8983625174,-0.2932530344,-0.3270283043,0.3537840545,0.0417838544,0.9343933463,1,-138.6,257.4,1889.0,1,-0.0841083452,-0.9551213980,0.2840228975,0.4037424326,-0.2932530046,-0.8665995598,0.9109982252,0.0417838395,0.4102880657,1,-78.8,51.2,1807.8,1,-0.3981425464,0.8419123292,-0.3642334640,-0.8601792455,-0.4806003273,-0.1706306934,-0.3187068105,0.2453707159,0.9155430794,1,130.1,263.2,1876.8,1,-0.0084741386,0.8419124484,-0.5395477414,-0.4664345384,-0.4806003869,-0.7426049709,-0.8845151067,0.2453707755,0.3967697322,1,40.0,68.4,1804.6,1,0.6988747120,0.2042838484,-0.6854504347,-0.2460630834,0.9685178399,0.0377639085,0.6715855598,0.1422717869,0.7271394134,1,-80.7,-115.1,1961.8,1,0.2040789872,-0.0000000000,-0.9789543748,0.0000000000,1.0000000000,0.0000000000,0.9789543748,0.0000000000,0.2040789872,0,-158.6,-484.3,1907.6,1,0.6784305573,0.2402915955,0.6942563057,-0.1176391393,0.9683358073,-0.2201967537,-0.7251846790,0.0677164793,0.6852163672,1,95.0,-111.4,1953.8,1,0.0435928144,0.0017179254,0.9990478158,0.0034602873,0.9999923110,-0.0018705366,-0.9990433455,0.0035385350,0.0435865298,0,3.4,-480.5,1928.0,1,-57.8,-49.5,1580.8,1,37.9,-47.9,1584.2,1,-158.6,-850.9,1907.6,0,2.8,-847.1,1926.7,0,
17,0.9988383055,-0.0305598602,0.0365344994,0.0195423476,0.9624499679,0.2707360983,-0.0434365943,-0.2697056532,0.9619579315,1,-9.2,452.2,1828.1,1,0.9988383055,-0.0305598602,0.0365344994,0.0195423476,0.9624499679,0.2707360983,-0.0434365943,-0.2697056532,0.9619579315,1,-3.1,259.1,1882.2,1,0.9988493323,-0.0277538747,0.0384235643,0.0191754941,0.9779611230,0.2078776211,-0.0433465354,-0.2068982124,0.9773977399,1,2.2,72.7,1921.7,1,-0.2619416714,-0.9532722235,0.1505282968,0.8974511027,-0.2979649603,-0.3252666593,0.3549197912,0.0498908907,0.9335646629,1,-137.4,256.5,1888.1,1,-0.0796083137,-0.9532723427,0.2914356589,0.4070468545,-0.2979649901,-0.8634407520,0.9099316001,0.0498909056,0.4117469490,1,-77.6,51.7,1807.0,1,-0.4053087234,0.8366775513,-0.3683690131,-0.8573797941,-0.4877205491,-0.1644037813,-0.3172140419,0.2491978407,0.9150277972,1,131.3,261.7,1876.4,1,-0.0074874978,0.8366774321,-0.5476447940,-0.4651361108,-0.4877205491,-0.7387673259,-0.8852075338,0.2491978407,0.3928206861,1,39.8,68.2,1804.8,1,0.6977881193,0.2062597722,-0.6859654784,-0.2292895317,0.9715746641,0.0588969141,0.6786147356,0.1161871105,0.7252465487,1,-80.6,-115.3,1964.9,1,0.2039048523,-0.0000000000,-0.9789907336,0.0000000000,1.0000000000,0.0000000000,0.9789907336,0.0000000000,0.2039048523,0,-159.2,-485.7,1920.6,1,0.6886053085,0.1776838750,0.7030298114,-0.0103476197,0.9718232155,-0.2354834527,-0.7250622511,0.1548804939,0.6710414290,1,95.6,-111.9,1957.3,1,0.0710044503,0.0579074658,0.9957936406,0.1187916026,0.9907177687,-0.0660826489,-0.9903771281,0.1229840964,0.0634664446,1,28.3,-480.2,1898.6,1,-57.8,-49.8,1580.3,1,37.9,-47.7,1584.2,1,-159.2,-852.2,1920.6,0,7.2,-840.1,1853.9,1,
18,0.9988243580,-0.0335156098,0.0342497639,0.0226857662,0.9602872729,0.2780713439,-0.0422095768,-0.2769657075,0.9599474669,1,-10.1,451.9,1826.6,1,0.9988243580,-0.0335156098,0.0342497639,0.0226857662,0.9602872729,0.2780713439,-0.0422095768,-0.2769657075,0.9599474669,1,-3.4,258.9,1882.2,1,0.9989585876,-0.0267459508,0.0362343937,0.0183731690,0.9765926003,0.2142848223,-0.0411178097,-0.2133927047,0.9760968089,1,1.7,72.8,1922.9,1,-0.2529294789,-0.9594905972,0.1241155937,0.9010195732,-0.2803356946,-0.3310222030,0.3524066806,0.0281053036,0.9354248643,1,-137.8,256.5,1887.8,1,-0.0897573680,-0.9594905376,0.2670610845,0.3987089396,-0.2803356946,-0.8731799722,0.9126744866,0.0281053111,0.4077196717,1,-79.7,49.8,1806.9,1,-0.4033682048,0.8394894600,-0.3640763462,-0.8583865166,-0.4849778414,-0.1672395170,-0.3169647455,0.2450591326,0.9162310958,1,131.0,261.4,1876.7,1,-0.0074167796,0.8394894004,-0.5433253646,-0.4611786902,-0.4849778116,-0.7430415154,-0.8872762322,0.2450591177,0.3907516003,1,39.8,67.3,1805.0,1,0.6936297417,0.2073063999,-0.6898565292,-0.2487972230,0.9677025080,0.0406429395,0.6760014892,0.1434431970,0.7228044271,1,-80.7,-114.9,1967.2,1,0.1954763085,-0.0000000000,-0.9807084799,0.0000000000,1.0000000000,0.0000000000,0.9807084799,0.0000000000,0.1954763085,0,-159.8,-483.8,1912.5,1,0.6913769841,0.1386656612,0.7090625167,0.0461099297,0.9709400535,-0.2348387837,-0.7210212946,0.1950569600,0.6648917794,1,94.4,-111.7,1960.0,1,0.0843735486,0.0789174810,0.9933041334,0.1726108789,0.9806302786,-0.0925725177,-0.9813696742,0.1792657673,0.0691172481,1,41.7,-480.1,1886.0,1,-57.4,-49.6,1579.5,1,37.9,-47.7,1583.9,1,-159.8,-850.3,1912.5,0,13.0,-837.3,1820.7,1,
19,0.9988700151,-0.0286910199,0.0371753350,0.0172732193,0.9606398940,0.2772412300,-0.0436667614,-0.2762840390,0.9600787163,1,-9.3,452.7,1827.1,1,0.9988700151,-0.0286910199,0.0371753350,0.0172732193,0.9606398940,0.2772412300,-0.0436667614,-0.2762840390,0.9600787163,1,-3.5,259.5,1882.7,1,0.9988871813,-0.0254167933,0.0390500352,0.0166589506,0.9775344729,0.2100893259,-0.0435129553,-0.2092016637,0.9768998623,1,1.3,73.2,1922.5,1,-0.2595933378,-0.9549466372,0.1438343972,0.8975604177,-0.2935423553,-0.3289654255,0.3563658893,0.0437028185,0.9333239198,1,-137.9,257.2,1888.5,1,-0.0827429891,-0.9549465775,0.2850098610,0.4047595859,-0.2935422957,-0.8660269380,0.9106718302,0.0437028185,0.4108123779,1,-78.3,51.1,1806.7,1,-0.4015913308,0.8409060240,-0.3627694249,-0.8591528535,-0.4830988646,-0.1687362194,-0.3171447515,0.2439113855,0.9164751172,1,130.8,261.7,1876.8,1,-0.0079003433,0.8409059048,-0.5411236286,-0.4616119862,-0.4830988050,-0.7439959049,-0.8870467544,0.2439113259,0.3919888735,1,39.9,67.1,1805.0,1,0.6966246367,0.1977586299,-0.6896416545,-0.2604900301,0.9653793573,0.0137003381,0.6684752107,0.1701008081,0.7240211964,1,-81.6,-114.6,1966.2,1,0.1944845021,-0.0000000000,-0.9809055328,0.0000000000,0.9999999404,0.0000000000,0.9809054732,0.0000000000,0.1944845170,0,-156.9,-482.6,1901.4,1,0.6876302958,0.1852479726,0.7020312548,-0.0280949324,0.9729685187,-0.2292227447,-0.7255172729,0.1378969699,0.6742470860,1,93.8,-111.7,1958.6,1,0.0673473403,0.0395254306,0.9969463944,0.0869970322,0.9951765537,-0.0453322344,-0.9939294457,0.0897843763,0.0635839105,0,23.2,-482.6,1906.0,1,-57.7,-49.7,1579.7,1,37.9,-47.9,1583.9,1,-156.9,-849.1,1901.4,0,8.7,-847.3,1873.1,0,
20,0.9988246560,-0.0281361118,0.0387828909,0.0162772574,0.9605506659,0.2776103914,-0.0450641736,-0.2766511142,0.9599084258,1,-8.9,453.9,1826.4,1,0.9988246560,-0.0281361118,0.0387828909,0.0162772574,0.9605506659,0.2776103914,-0.0450641736,-0.2766511142,0.9599084258,1,-3.3,261.2,1881.9,1,0.9988408089,-0.0248742457,0.0405559950,0.0156875029,0.9769630432,0.2128049135,-0.0449155159,-0.2119187564,0.9762505293,1,1.5,74.9,1922.3,1,-0.2493631691,-0.9612733722,0.1173522100,0.9038447738,-0.2745291591,-0.3281742632,0.3476817608,0.0242336020,0.9372993708,1,-137.6,259.0,1887.9,1,-0.0910273716,-0.9612733126,0.2601298690,0.3992676735,-0.2745291591,-0.8747680187,0.9123044014,0.0242336169,0.4087950587,1,-80.0,50.1,1807.6,1,-0.4003332257,0.8436894417,-0.3576612175,-0.8616071343,-0.4794581234,-0.1665926427,-0.3120359778,0.2414709032,0.9188718796,1,131.1,263.3,1875.8,1,-0.0076484303,0.8436894417,-0.5367771387,-0.4604974687,-0.4794580638,-0.7470355630,-0.8876280785,0.2414708585,0.3921838999,1,39.9,67.1,1804.8,1,0.6983387470,0.2090165615,-0.6845691800,-0.2262641340,0.9718334675,0.0659104884,0.6790636778,0.1088656336,0.7259619832,1,-81.6,-112.6,1966.6,1,0.2046731114,-0.0000000000,-0.9788303971,0.0000000000,0.9999999404,0.0000000000,0.9788303375,0.0000000000,0.2046731263,0,-161.3,-483.1,1925.1,1,0.6843056679,0.2131101936,0.6973592043,-0.0702607334,0.9711610675,-0.2278373539,-0.7258025408,0.1069134325,0.6795442104,1,94.0,-109.9,1958.7,1,0.0586037375,0.0197071172,0.9980868101,0.0435436331,0.9988030791,-0.0222779717,-0.9973312020,0.0447658934,0.0576754771,0,12.7,-480.1,1918.0,1,-57.3,-49.4,1580.2,1,38.0,-47.7,1583.6,1,-161.3,-849.6,1925.1,0,5.5,-846.2,1901.6,0,
21,0.9987509251,-0.0268402360,0.0415041558,0.0141628142,0.9599142671,0.2799179852,-0.0473539457,-0.2789789140,0.9591241479,1,-9.6,452.7,1825.7,1,0.9987509251,-0.0268402360,0.0415041558,0.0141628142,0.9599142671,0.2799179852,-0.0473539457,-0.2789789140,0.9591241479,1,-4.2,260.4,1881.6,1,0.9987195730,-0.0252769925,0.0432058088,0.0153284064,0.9761107564,0.2167063951,-0.0476518683,-0.2157635391,0.9752781391,1,0.6,74.4,1922.7,1,-0.2492907792,-0.9620935917,0.1105903238,0.9034760594,-0.2721664906,-0.3311442435,0.3486907184,0.0173645094,0.9370769858,1,-138.6,258.4,1888.0,1,-0.0966535062,-0.9620935917,0.2550180852,0.3998184502,-0.2721664906,-0.8752546906,0.9114841223,0.0173645020,0.4109686315,1,-81.1,50.1,1807.6,1,-0.3997397125,0.8451859355,-0.3547801673,-0.8633468151,-0.4771963060,-0.1640608758,-0.3079617023,0.2407166660,0.9204429388,1,130.1,262.5,1875.1,1,-0.0078104064,0.8451858163,-0.5344154239,-0.4613610208,-0.4771962762,-0.7479502559,-0.8871780038,0.2407166511,0.3936629891,1,40.0,67.8,1805.7,1,0.7003210783,0.1996391565,-0.6853425503,-0.2426742613,0.9694966078,0.0344346836,0.6713117361,0.1421996653,0.7274061441,1,-82.4,-113.0,1968.0,1,0.2012760788,-0.0000000000,-0.9795345664,0.0000000000,0.9999999404,0.0000000000,0.9795345068,0.0000000000,0.2012760937,0,-158.5,-482.6,1913.8,1,0.6804298759,0.2211802602,0.6986374855,-0.0950354934,0.9719463587,-0.2151478082,-0.7266245484,0.0799976438,0.6823613048,1,93.2,-110.3,1959.6,1,0.0506391823,0.0098308055,0.9986686110,0.0218056291,0.9997023344,-0.0109466724,-0.9984789491,0.0223309286,0.0504097380,0,8.9,-480.8,1929.1,1,-57.0,-49.6,1580.4,1,38.0,-47.2,1584.6,1,-158.5,-849.1,1913.8,0,5.3,-847.3,1920.9,0,
22,0.9987435341,-0.0273314007,0.0413611047,0.0145507921,0.9591730833,0.2824273705,-0.0473920442,-0.2814691067,0.9583944678,1,-9.7,451.9,1825.3,1,0.9987435341,-0.0273314007,0.0413611047,0.0145507921,0.9591730833,0.2824273705,-0.0473920442,-0.2814691067,0.9583944678,1,-4.2,260.4,1881.5,1,0.9987710714,-0.0235645045,0.0429829992,0.0135058360,0.9752231240,0.2207854837,-0.0471212491,-0.2199306339,0.9743726850,1,0.3,74.6,1923.4,1,-0.2483393997,-0.9627513885,0.1069460213,0.9046466351,-0.2699797153,-0.3297353983,0.3463264108,0.0148620680,0.9379964471,1,-138.6,258.6,1887.8,1,-0.0975161865,-0.9627513289,0.2521914244,0.3979598880,-0.2699797153,-0.8767775893,0.9122053385,0.0148620605,0.4094638228,1,-81.2,49.7,1807.9,1,-0.4004342854,0.8414957523,-0.3626805842,-0.8635620475,-0.4789283872,-0.1577595174,-0.3064519465,0.2500248849,0.9184633493,1,130.1,262.3,1875.1,1,-0.0025369581,0.8414958715,-0.5402577519,-0.4662808180,-0.4789283872,-0.7437807918,-0.8846330643,0.2500248849,0.3935884237,1,39.8,67.4,1806.0,1,0.7008370161,0.1909929514,-0.6872766614,-0.2500399351,0.9681333303,0.0140691604,0.6680625081,0.1619864106,0.7262595296,1,-83.0,-112.5,1969.5,1,0.1969559640,-0.0000000000,-0.9804123640,0.0000000000,1.0000000000,0.0000000000,0.9804123640,0.0000000000,0.1969559640,0,-155.8,-481.5,1907.7,1,0.6863592863,0.1565579474,0.7102116346,0.0073737502,0.9750062823,-0.2220549881,-0.7272253633,0.1576464325,0.6680501699,1,92.5,-110.1,1961.2,1,0.0716517270,0.0505417660,0.9961483479,0.1251622289,0.9903654456,-0.0592511259,-0.9895455837,0.1289256066,0.0646354780,1,33.2,-479.5,1901.5,1,-56.9,-49.5,1580.5,1,39.1,-48.8,1585.5,1,-155.8,-848.1,1907.7,0,14.8,-839.6,1854.6,1,
23,0.9988706708,-0.0278623793,0.0377817675,0.0161775146,0.9598314762,0.2800924182,-0.0440685116,-0.2791632712,0.9592272043,1,-9.9,450.9,1825.7,1,0.9988706708,-0.0278623793,0.0377817675,0.0161775146,0.9598314762,0.2800924182,-0.0440685116,-0.2791632712,0.9592272043,1,-4.3,258.8,1881.6,1,0.9989275932,-0.0233084913,0.0393292792,0.0140257031,0.9750357270,0.2215794474,-0.0435125604,-0.2207872272,0.9743468165,1,0.1,72.9,1923.7,1,-0.2498251945,-0.9623920918,0.1067188308,0.9050597548,-0.2712631822,-0.3275410235,0.3441717327,0.0147589222,0.9387907386,1,-138.7,256.9,1887.4,1,-0.0979461968,-0.9623919725,0.2533931136,0.3971434236,-0.2712631524,-0.8767516017,0.9125149846,0.0147589222,0.4087768793,1,-81.6,50.0,1808.8,1,-0.4078542590,0.8342926502,-0.3709591329,-0.8607686162,-0.4868416488,-0.1485345513,-0.3045196235,0.2587295175,0.9166934490,1,130.1,260.7,1875.7,1,-0.0003660438,0.8342926502,-0.5513217449,-0.4697784781,-0.4868416488,-0.7364057302,-0.8827841878,0.2587295175,0.3921110034,1,38.9,68.3,1807.7,1,0.6995437741,0.1813758910,-0.6911883354,-0.2586994171,0.9659217596,-0.0083575454,0.6661180258,0.1846564859,0.7226263285,1,-83.2,-114.1,1969.6,1,0.1905408055,-0.0000000000,-0.9816793203,0.0000000000,1.0000000000,0.0000000000,0.9816793203,0.0000000000,0.1905408055,0,-152.4,-482.3,1899.2,1,0.6875516772,0.1915473044,0.7004156113,-0.0425667986,0.9735532403,-0.2244590372,-0.7248864174,0.1245127469,0.6775218248,1,92.4,-111.7,1961.9,1,0.0661280751,0.0252305623,0.9974921346,0.0625739247,0.9976077676,-0.0293817837,-0.9958472252,0.0643599555,0.0643911064,0,19.4,-482.8,1914.5,1,-57.2,-49.0,1581.3,1,38.8,-48.8,1587.7,1,-152.4,-848.9,1899.2,0,10.1,-848.4,1890.9,0,
24,0.9988523126,-0.0254216157,0.0399275720,0.0131787341,0.9595494866,0.2812137604,-0.0454617850,-0.2803632021,0.9588119984,1,-9.1,452.7,1825.7,1,0.9988523126,-0.0254216157,0.0399275720,0.0131787341,0.9595494866,0.2812137604,-0.0454617850,-0.2803632021,0.9588119984,1,-4.0,260.3,1881.9,1,0.9988669157,-0.0221462306,0.0414826758,0.0125840325,0.9758750200,0.2179413140,-0.0453089736,-0.2171692550,0.9750778079,1,0.2,74.3,1923.3,1,-0.2457266897,-0.9641362429,0.1002982184,0.9063237906,-0.2652171552,-0.3289940059,0.3437958360,0.0100600570,0.9389905334,1,-138.4,258.6,1888.0,1,-0.0989068151,-0.9641362429,0.2462900281,0.3942103684,-0.2652171254,-0.8799194098,0.9136824012,0.0100600570,0.4063042998,1,-81.7,49.5,1808.7,1,-0.4025717676,0.8373725414,-0.3697881699,-0.8620051742,-0.4827222526,-0.1546813697,-0.3080308735,0.2564889789,0.9161498547,1,130.3,262.0,1875.8,1,-0.0003114455,0.8373724818,-0.5466326475,-0.4696375132,-0.4827221930,-0.7392022014,-0.8828592300,0.2564889789,0.3934119344,1,39.4,67.3,1806.2,1,0.6999499202,0.1860061586,-0.6895445585,-0.2600821555,0.9655799866,-0.0035395380,0.6651520729,0.1818157732,0.7242345810,1,-83.4,-112.8,1968.7,1,0.1930090189,-0.0000000000,-0.9811969995,0.0000000000,1.0000000000,0.0000000000,0.9811969995,0.0000000000,0.1930090189,0,-154.3,-480.9,1899.4,1,0.6843405366,0.2128871977,0.6973930597,-0.0701740012,0.9712193012,-0.2276151627,-0.7257779241,0.1068274155,0.6795838475,1,92.2,-110.6,1960.7,1,0.0588830039,0.0125823775,0.9981856346,0.0313024856,0.9994055629,-0.0144442907,-0.9977740049,0.0320962109,0.0584541410,0,11.1,-480.8,1920.0,1,-57.1,-48.7,1581.0,1,39.3,-49.8,1586.2,1,-154.3,-847.4,1899.4,0,6.5,-847.1,1908.2,0,
