1,0.9986571074,-0.0143044572,-0.0494229384,0.0278763473,0.9577944875,0.2860747278,0.0432466194,-0.2870666981,0.9569299221,1,-20.5,470.1,1888.8,1,0.9986571074,-0.0143044572,-0.0494229384,0.0278763473,0.9577944875,0.2860747278,0.0432466194,-0.2870666981,0.9569299221,1,-17.6,278.9,1946.1,1,0.9986983538,-0.0153556056,-0.0482611731,0.0251876879,0.9773095250,0.2102776617,0.0439389348,-0.2112170160,0.9764478803,1,-14.7,92.6,1986.3,1,-0.0579531938,-0.9128474593,-0.4041670263,0.9505274892,0.0733073056,-0.3018665314,0.3051864803,-0.4016660154,0.8634383082,1,-152.0,275.5,1940.2,1,-0.3667223155,-0.9128473997,-0.1795111746,0.2853049934,0.0733072981,-0.9556291699,0.8855030537,-0.4016659856,0.2335565388,1,-137.3,35.0,1862.9,1,-0.0000026226,1.0000003576,0.0000000000,-1.0000003576,-0.0000026226,-0.0000000000,-0.0000000000,-0.0000000000,1.0000000000,0,116.7,282.3,1952.0,1,0.0000170469,0.9999990463,0.0000000290,-0.9999990463,0.0000170469,-0.0000000644,-0.0000000644,-0.0000000290,1.0000000000,0,116.7,33.0,1952.0,0,1.0000000000,-0.0000000000,0.0000000000,0.0000000000,1.0000000000,-0.0000000000,-0.0000000000,0.0000000000,1.0000000000,0,-99.6,-95.9,2022.7,1,1.0000000000,0.0000000000,-0.0000000000,-0.0000000000,1.0000000000,0.0000000000,0.0000000000,-0.0000000000,1.0000000000,0,-99.6,-477.1,2022.7,0,1.0000000000,0.0000000000,-0.0000000000,-0.0000000000,1.0000000000,-0.0000000000,0.0000000000,0.0000000000,1.0000000000,0,76.1,-91.4,2030.5,1,1.0000000000,0.0000000000,0.0000000000,-0.0000000000,1.0000000000,0.0000000000,-0.0000000000,-0.0000000000,1.0000000000,0,76.1,-472.6,2030.5,0,-45.9,-36.1,1642.2,1,116.7,-216.2,1952.0,0,-99.6,-843.6,2022.7,0,76.1,-839.2,2030.5,0,
2,0.9989496469,-0.0128334817,-0.0435688868,0.0246571545,0.9588178992,0.2829250693,0.0381453224,-0.2837004960,0.9581500292,1,-21.0,469.7,1890.1,1,0.9989496469,-0.0128334817,-0.0435688868,0.0246571545,0.9588178992,0.2829250693,0.0381453224,-0.2837004960,0.9581500292,1,-18.4,278.2,1946.7,1,0.9989648461,-0.0152187198,-0.0424373336,0.0236058831,0.9785162210,0.2047774196,0.0384108052,-0.2055645585,0.9778862596,1,-15.5,91.7,1985.9,1,-0.0620774738,-0.9167528152,-0.3946022689,0.9493083954,0.0678356141,-0.3069398105,0.3081559837,-0.3936533034,0.8660699129,1,-152.8,275.1,1941.6,1,-0.3602510989,-0.9167526364,-0.1725794822,0.2853578925,0.0678355992,-0.9560173750,0.8881384730,-0.3936532140,0.2371647954,1,-137.2,35.7,1863.9,1,-0.0000026226,1.0000003576,0.0000000000,-1.0000003576,-0.0000026226,-0.0000000000,-0.0000000000,-0.0000000000,1.0000000000,0,115.9,281.4,1951.9,1,0.0000170469,0.9999990463,0.0000000261,-0.9999990463,0.0000170469,-0.0000000579,-0.0000000579,-0.0000000261,1.0000000000,0,115.9,32.2,1951.9,0,1.0000000000,-0.0000000000,0.0000000000,0.0000000000,1.0000000000,-0.0000000000,-0.0000000000,0.0000000000,1.0000000000,0,-100.5,-96.8,2021.7,1,1.0000000000,0.0000000000,-0.0000000000,-0.0000000000,1.0000000000,0.0000000000,0.0000000000,-0.0000000000,1.0000000000,0,-100.5,-478.0,2021.7,0,1.0000000000,0.0000000000,-0.0000000000,-0.0000000000,1.0000000000,-0.0000000000,0.0000000000,0.0000000000,1.0000000000,0,75.2,-92.7,2028.5,1,1.0000000000,0.0000000000,0.0000000000,-0.0000000000,1.0000000000,0.0000000000,-0.0000000000,-0.0000000000,1.0000000000,0,75.2,-473.9,2028.5,0,-47.4,-35.4,1642.5,1,116.0,-217.1,1951.9,0,-100.5,-844.6,2021.7,0,75.2,-840.4,2028.5,0,
3,0.9989643693,-0.0078274589,-0.0444112718,0.0201331843,0.9586309195,0.2839150429,0.0403533019,-0.2845134735,0.9578183889,1,-20.2,468.2,1890.3,1,0.9989643693,-0.0078274589,-0.0444112718,0.0201331843,0.9586309195,0.2839150429,0.0403533019,-0.2845134735,0.9578183889,1,-18.7,276.7,1947.2,1,0.9989225268,-0.0152414879,-0.0434151366,0.0236460902,0.9794571400,0.2002239674,0.0394732133,-0.2010320723,0.9787858129,1,-15.8,90.0,1985.5,1,-0.0633375049,-0.9192992449,-0.3884289861,0.9474295974,0.0669272393,-0.3128860593,0.3136323988,-0.3878265321,0.8667325377,1,-153.0,273.5,1941.9,1,-0.3546127379,-0.9192993045,-0.1706999838,0.2865543067,0.0669272393,-0.9557234645,0.8900204301,-0.3878265321,0.2396959364,1,-137.1,35.4,1863.0,1,-0.0000026226,1.0000003576,0.0000000000,-1.0000003576,-0.0000026226,-0.0000000000,-0.0000000000,-0.0000000000,1.0000000000,0,115.7,279.9,1952.5,1,0.0000170469,0.9999990463,0.0000000235,-0.9999990463,0.0000170469,-0.0000000522,-0.0000000522,-0.0000000234,1.0000000000,0,115.7,30.7,1952.5,0,1.0000000000,-0.0000000000,0.0000000000,0.0000000000,1.0000000000,-0.0000000000,-0.0000000000,0.0000000000,1.0000000000,0,-100.7,-98.7,2020.3,1,1.0000000000,0.0000000000,-0.0000000000,-0.0000000000,1.0000000000,0.0000000000,0.0000000000,-0.0000000000,1.0000000000,0,-100.7,-479.9,2020.3,0,1.0000000000,0.0000000000,-0.0000000000,-0.0000000000,1.0000000000,-0.0000000000,0.0000000000,0.0000000000,1.0000000000,0,75.0,-94.6,2027.3,1,1.0000000000,0.0000000000,0.0000000000,-0.0000000000,1.0000000000,0.0000000000,-0.0000000000,-0.0000000000,1.0000000000,0,75.0,-475.8,2027.3,0,-48.7,-36.1,1641.2,1,115.7,-218.6,1952.5,0,-100.7,-846.5,2020.3,0,75.0,-842.3,2027.3,0,
4,0.9988331795,-0.0097528892,-0.0469091386,0.0226388946,0.9589388371,0.2826837301,0.0422276966,-0.2834141850,0.9580634832,1,-20.7,468.4,1890.2,1,0.9988331795,-0.0097528892,-0.0469091386,0.0226388946,0.9589388371,0.2826837301,0.0422276966,-0.2834141850,0.9580634832,1,-18.7,277.0,1946.8,1,0.9988200665,-0.0145880133,-0.0459236316,0.0236828309,0.9786279202,0.2042341679,0.0419644937,-0.2050781250,0.9778423309,1,-15.9,90.5,1985.9,1,-0.0626232550,-0.9169366360,-0.3940881491,0.9462110996,0.0710416883,-0.3156541586,0.3174315393,-0.3926578760,0.8631668687,1,-153.1,273.8,1941.1,1,-0.3594760597,-0.9169366360,-0.1732168943,0.2800932527,0.0710416958,-0.9573404789,0.8901262283,-0.3926578760,0.2312899828,1,-137.2,33.7,1860.6,1,-0.0000026226,1.0000003576,0.0000000000,-1.0000003576,-0.0000026226,-0.0000000000,-0.0000000000,-0.0000000000,1.0000000000,0,115.7,280.2,1952.4,1,0.0000170469,0.9999990463,0.0000000211,-0.9999990463,0.0000170469,-0.0000000469,-0.0000000469,-0.0000000211,1.0000000000,0,115.7,31.0,1952.4,0,1.0000000000,-0.0000000000,0.0000000000,0.0000000000,1.0000000000,-0.0000000000,-0.0000000000,0.0000000000,1.0000000000,0,-101.0,-98.1,2021.3,1,1.0000000000,0.0000000000,-0.0000000000,-0.0000000000,1.0000000000,0.0000000000,0.0000000000,-0.0000000000,1.0000000000,0,-101.0,-479.3,2021.3,0,1.0000000000,0.0000000000,-0.0000000000,-0.0000000000,1.0000000000,-0.0000000000,0.0000000000,0.0000000000,1.0000000000,0,74.7,-93.9,2028.6,1,1.0000000000,0.0000000000,0.0000000000,-0.0000000000,1.0000000000,0.0000000000,-0.0000000000,-0.0000000000,1.0000000000,0,74.7,-475.1,2028.6,0,-47.6,-36.1,1638.7,1,115.7,-218.3,1952.4,0,-101.0,-845.8,2021.3,0,74.7,-841.7,2028.6,0,
5,0.9986719489,-0.0122531308,-0.0496725254,0.0258167572,0.9589079022,0.2825162113,0.0441714153,-0.2834217250,0.9579735398,1,-21.3,468.6,1889.6,1,0.9986719489,-0.0122531308,-0.0496725254,0.0258167572,0.9589079022,0.2825162113,0.0441714153,-0.2834217250,0.9579735398,1,-18.9,277.0,1946.2,1,0.9986916184,-0.0147242388,-0.0485943332,0.0244041197,0.9784318805,0.2050867230,0.0445282795,-0.2060016543,0.9775347114,1,-16.1,90.6,1985.5,1,-0.0624093674,-0.9156755209,-0.3970434666,0.9463863373,0.0720410198,-0.3149015009,0.3169509768,-0.3954093158,0.8620868325,1,-153.2,273.8,1940.2,1,-0.3621636927,-0.9156755209,-0.1742868274,0.2787204981,0.0720410421,-0.9576664567,0.8894674778,-0.3954093158,0.2291268706,1,-137.4,33.3,1859.7,1,-0.0000026226,1.0000003576,0.0000000000,-1.0000003576,-0.0000026226,-0.0000000000,-0.0000000000,-0.0000000000,1.0000000000,0,115.4,280.3,1952.2,1,0.0000170469,0.9999990463,0.0000000190,-0.9999990463,0.0000170469,-0.0000000422,-0.0000000422,-0.0000000190,1.0000000000,0,115.4,31.1,1952.2,0,1.0000000000,-0.0000000000,0.0000000000,0.0000000000,1.0000000000,-0.0000000000,-0.0000000000,0.0000000000,1.0000000000,0,-101.1,-98.1,2020.8,1,1.0000000000,0.0000000000,-0.0000000000,-0.0000000000,1.0000000000,0.0000000000,0.0000000000,-0.0000000000,1.0000000000,0,-101.1,-479.3,2020.8,0,1.0000000000,0.0000000000,-0.0000000000,-0.0000000000,1.0000000000,-0.0000000000,0.0000000000,0.0000000000,1.0000000000,0,74.6,-93.8,2028.7,1,1.0000000000,0.0000000000,0.0000000000,-0.0000000000,1.0000000000,0.0000000000,-0.0000000000,-0.0000000000,1.0000000000,0,74.6,-475.0,2028.7,0,-47.1,-36.1,1638.0,1,115.5,-218.2,1952.2,0,-101.1,-845.8,2020.8,0,74.6,-841.5,2028.7,0,
6,0.9988492727,-0.0092695197,-0.0466626063,0.0222005919,0.9583041668,0.2848622799,0.0420781150,-0.2855687737,0.9574299455,1,-20.8,468.1,1889.6,1,0.9988492727,-0.0092695197,-0.0466626063,0.0222005919,0.9583041668,0.2848622799,0.0420781150,-0.2855687737,0.9574299455,1,-19.0,276.6,1946.6,1,0.9988366365,-0.0142001016,-0.0456828475,0.0232432298,0.9786874652,0.2039989531,0.0418141373,-0.2048207670,0.9779026508,1,-16.3,90.0,1985.7,1,-0.0629541203,-0.9145134091,-0.3996274769,0.9451318979,0.0739867240,-0.3182007968,0.3205660284,-0.3977327347,0.8596779704,1,-153.3,273.4,1941.0,1,-0.3643835187,-0.9145134091,-0.1757554412,0.2764716744,0.0739867166,-0.9581698179,0.8892626762,-0.3977327049,0.2258774936,1,-137.3,32.9,1859.4,1,-0.0000026226,1.0000003576,0.0000000000,-1.0000003576,-0.0000026226,-0.0000000000,-0.0000000000,-0.0000000000,1.0000000000,0,115.4,279.7,1952.3,1,0.0000170469,0.9999990463,0.0000000171,-0.9999990463,0.0000170469,-0.0000000380,-0.0000000380,-0.0000000171,1.0000000000,0,115.4,30.4,1952.3,0,1.0000000000,-0.0000000000,0.0000000000,0.0000000000,1.0000000000,-0.0000000000,-0.0000000000,0.0000000000,1.0000000000,0,-101.4,-98.5,2021.0,1,1.0000000000,0.0000000000,-0.0000000000,-0.0000000000,1.0000000000,0.0000000000,0.0000000000,-0.0000000000,1.0000000000,0,-101.4,-479.7,2021.0,0,1.0000000000,0.0000000000,-0.0000000000,-0.0000000000,1.0000000000,-0.0000000000,0.0000000000,0.0000000000,1.0000000000,0,74.3,-94.5,2028.4,1,1.0000000000,0.0000000000,0.0000000000,-0.0000000000,1.0000000000,0.0000000000,-0.0000000000,-0.0000000000,1.0000000000,0,74.3,-475.7,2028.4,0,-46.5,-36.0,1637.8,1,115.4,-218.8,1952.3,0,-101.4,-846.3,2021.0,0,74.3,-842.2,2028.4,0,
7,0.9987481236,-0.0127970539,-0.0479735173,0.0253349412,0.9623084664,0.2707523108,0.0427022055,-0.2716268599,0.9614508152,1,-20.9,469.0,1894.0,1,0.9987481236,-0.0127970539,-0.0479735173,0.0253349412,0.9623084664,0.2707523108,0.0427022055,-0.2716268599,0.9614508152,1,-18.4,277.7,1948.0,1,0.9987564087,-0.0159934927,-0.0468295477,0.0247798469,0.9807708263,0.1935445815,0.0428353474,-0.1944613904,0.9799711108,1,-15.3,90.7,1985.1,1,-0.0724052861,-0.9180691242,-0.3897519708,0.9390462637,0.0689277500,-0.3368100524,0.3360795677,-0.3903819621,0.8571187258,1,-152.7,274.3,1942.3,1,-0.3553773463,-0.9180691838,-0.1756589413,0.2932606637,0.0689277500,-0.9535445571,0.8875275850,-0.3903819919,0.2447381914,1,-134.3,35.4,1856.7,1,-0.0000026226,1.0000003576,0.0000000000,-1.0000003576,-0.0000026226,-0.0000000000,-0.0000000000,-0.0000000000,1.0000000000,0,116.0,281.0,1953.8,1,0.0000170469,0.9999990463,0.0000000154,-0.9999990463,0.0000170469,-0.0000000342,-0.0000000342,-0.0000000154,1.0000000000,0,116.0,31.8,1953.8,0,1.0000000000,-0.0000000000,0.0000000000,0.0000000000,1.0000000000,-0.0000000000,-0.0000000000,0.0000000000,1.0000000000,0,-100.1,-98.4,2018.4,1,1.0000000000,0.0000000000,-0.0000000000,-0.0000000000,1.0000000000,0.0000000000,0.0000000000,-0.0000000000,1.0000000000,0,-100.1,-479.6,2018.4,0,1.0000000000,0.0000000000,-0.0000000000,-0.0000000000,1.0000000000,-0.0000000000,0.0000000000,0.0000000000,1.0000000000,0,75.6,-94.0,2025.9,1,1.0000000000,0.0000000000,0.0000000000,-0.0000000000,1.0000000000,0.0000000000,-0.0000000000,-0.0000000000,1.0000000000,0,75.6,-475.2,2025.9,0,-45.7,-37.7,1635.6,1,116.0,-217.5,1953.8,0,-100.1,-846.1,2018.4,0,75.6,-841.7,2025.9,0,
8,0.9990286231,-0.0102442224,-0.0424266569,0.0217631590,0.9595156908,0.2807884514,0.0378341712,-0.2814373374,0.9588294625,1,-21.0,469.6,1891.1,1,0.9990286231,-0.0102442224,-0.0424266569,0.0217631590,0.9595156908,0.2807884514,0.0378341712,-0.2814373374,0.9588294625,1,-19.0,278.5,1947.1,1,0.9990054369,-0.0153612355,-0.0414162986,0.0235173963,0.9786158800,0.2043104619,0.0373938046,-0.2050786018,0.9780275822,1,-16.0,92.0,1986.2,1,-0.0803527460,-0.9205328226,-0.3823124766,0.9392428994,0.0584879592,-0.3382334411,0.3337156177,-0.3862622678,0.8599043489,1,-153.3,275.3,1942.1,1,-0.3528257012,-0.9205328226,-0.1677301526,0.3000383079,0.0584879816,-0.9521324635,0.8862793446,-0.3862622976,0.2555590272,1,-132.9,36.2,1857.2,1,-0.0000026226,1.0000003576,0.0000000000,-1.0000003576,-0.0000026226,-0.0000000000,-0.0000000000,-0.0000000000,1.0000000000,0,115.4,281.6,1952.2,1,0.0000170469,0.9999990463,0.0000000138,-0.9999990463,0.0000170469,-0.0000000308,-0.0000000308,-0.0000000138,1.0000000000,0,115.4,32.4,1952.2,0,1.0000000000,-0.0000000000,0.0000000000,0.0000000000,1.0000000000,-0.0000000000,-0.0000000000,0.0000000000,1.0000000000,0,-101.0,-96.6,2022.0,1,1.0000000000,0.0000000000,-0.0000000000,-0.0000000000,1.0000000000,0.0000000000,0.0000000000,-0.0000000000,1.0000000000,0,-101.0,-477.8,2022.0,0,1.0000000000,0.0000000000,-0.0000000000,-0.0000000000,1.0000000000,-0.0000000000,0.0000000000,0.0000000000,1.0000000000,0,74.8,-92.5,2028.6,1,1.0000000000,0.0000000000,0.0000000000,-0.0000000000,1.0000000000,0.0000000000,-0.0000000000,-0.0000000000,1.0000000000,0,74.8,-473.7,2028.6,0,-45.0,-38.5,1636.3,1,115.4,-216.9,1952.2,0,-101.0,-844.4,2022.0,0,74.8,-840.2,2028.6,0,
9,0.9989210963,-0.0103926370,-0.0448529795,0.0227584913,0.9583035111,0.2848201692,0.0400243811,-0.2855320275,0.9575289488,1,-20.9,467.8,1890.0,1,0.9989210963,-0.0103926370,-0.0448529795,0.0227584913,0.9583035111,0.2848201692,0.0400243811,-0.2855320275,0.9575289488,1,-18.8,277.0,1946.9,1,0.9989058375,-0.0151820257,-0.0438156910,0.0239147097,0.9781939387,0.2062754631,0.0397302397,-0.2070949823,0.9775104523,1,-15.9,90.5,1986.3,1,-0.0849779099,-0.9265028238,-0.3665668964,0.9399785399,0.0474803075,-0.3379139900,0.3304829299,-0.3732802272,0.8668581247,1,-153.2,273.8,1941.5,1,-0.3422159553,-0.9265028238,-0.1564632207,0.3061625063,0.0474803224,-0.9507945180,0.8883426189,-0.3732802272,0.2674119174,1,-131.9,38.6,1858.8,1,-0.0000026226,1.0000003576,0.0000000000,-1.0000003576,-0.0000026226,-0.0000000000,-0.0000000000,-0.0000000000,1.0000000000,0,115.6,280.2,1952.2,1,0.0000170469,0.9999990463,0.0000000125,-0.9999990463,0.0000170469,-0.0000000277,-0.0000000277,-0.0000000125,1.0000000000,0,115.6,31.0,1952.2,0,1.0000000000,-0.0000000000,0.0000000000,0.0000000000,1.0000000000,-0.0000000000,-0.0000000000,0.0000000000,1.0000000000,0,-100.9,-98.0,2022.3,1,1.0000000000,0.0000000000,-0.0000000000,-0.0000000000,1.0000000000,0.0000000000,0.0000000000,-0.0000000000,1.0000000000,0,-100.9,-479.2,2022.3,0,1.0000000000,0.0000000000,-0.0000000000,-0.0000000000,1.0000000000,-0.0000000000,0.0000000000,0.0000000000,1.0000000000,0,74.9,-93.8,2029.3,1,1.0000000000,0.0000000000,0.0000000000,-0.0000000000,1.0000000000,0.0000000000,-0.0000000000,-0.0000000000,1.0000000000,0,74.9,-475.0,2029.3,0,-46.6,-37.7,1637.5,1,115.6,-218.3,1952.2,0,-100.9,-845.7,2022.3,0,74.9,-841.5,2029.3,0,
10,0.9989216924,-0.0095888413,-0.0450181104,0.0213649310,0.9629002810,0.2689845264,0.0407703519,-0.2696543634,0.9620897770,1,-20.2,468.4,1894.2,1,0.9989216924,-0.0095888413,-0.0450181104,0.0213649310,0.9629002810,0.2689845264,0.0407703519,-0.2696543634,0.9620897770,1,-18.3,276.9,1947.9,1,0.9988949895,-0.0151736317,-0.0440646783,0.0234610103,0.9806839824,0.1941481084,0.0402692705,-0.1949644685,0.9799799919,1,-15.4,90.0,1985.0,1,-0.0931057706,-0.9323216677,-0.3494391441,0.9368443489,0.0368017405,-0.3478050232,0.3371260762,-0.3597527444,0.8700138330,1,-152.7,273.7,1942.4,1,-0.3315740228,-0.9323217273,-0.1443435997,0.3100815117,0.0368017480,-0.9499974847,0.8910152316,-0.3597527742,0.2768931985,1,-129.4,39.2,1858.0,1,-0.0000026226,1.0000003576,0.0000000000,-1.0000003576,-0.0000026226,-0.0000000000,-0.0000000000,-0.0000000000,1.0000000000,0,116.0,280.0,1953.3,1,0.0000170469,0.9999990463,0.0000000112,-0.9999990463,0.0000170469,-0.0000000249,-0.0000000249,-0.0000000112,1.0000000000,0,116.0,30.8,1953.3,0,1.0000000000,-0.0000000000,0.0000000000,0.0000000000,1.0000000000,-0.0000000000,-0.0000000000,0.0000000000,1.0000000000,0,-100.4,-99.0,2018.6,1,1.0000000000,0.0000000000,-0.0000000000,-0.0000000000,1.0000000000,0.0000000000,0.0000000000,-0.0000000000,1.0000000000,0,-100.4,-480.2,2018.6,0,1.0000000000,0.0000000000,-0.0000000000,-0.0000000000,1.0000000000,-0.0000000000,0.0000000000,0.0000000000,1.0000000000,0,75.3,-94.9,2025.7,1,1.0000000000,0.0000000000,0.0000000000,-0.0000000000,1.0000000000,0.0000000000,-0.0000000000,-0.0000000000,1.0000000000,0,75.3,-476.1,2025.7,0,-46.8,-38.1,1636.0,1,116.0,-218.5,1953.3,0,-100.4,-846.7,2018.6,0,75.3,-842.6,2025.7,0,
11,0.9987263083,-0.0102983778,-0.0490193963,0.0227979273,0.9648476243,0.2617925406,0.0446019508,-0.2625744939,0.9638764262,1,-20.0,469.4,1896.3,1,0.9987263083,-0.0102983778,-0.0490193963,0.0227979273,0.9648476243,0.2617925406,0.0446019508,-0.2625744939,0.9638764262,1,-18.0,277.5,1948.6,1,0.9987065196,-0.0154816378,-0.0480501130,0.0242922865,0.9817453623,0.1886022836,0.0442548804,-0.1895225197,0.9808752537,1,-15.0,90.3,1984.7,1,-0.0878446400,-0.9371166825,-0.3377807736,0.9406701326,0.0335313380,-0.3376616240,0.3277545571,-0.3474020660,0.8785721064,1,-152.3,274.2,1942.6,1,-0.3202085495,-0.9371165633,-0.1388488561,0.3133875728,0.0335313454,-0.9490331411,0.8940104246,-0.3474020362,0.2829436660,1,-130.4,39.0,1860.7,1,-0.0000026226,1.0000003576,0.0000000000,-1.0000003576,-0.0000026226,-0.0000000000,-0.0000000000,-0.0000000000,1.0000000000,0,116.4,280.7,1954.5,1,0.0000170469,0.9999990463,0.0000000101,-0.9999990463,0.0000170469,-0.0000000225,-0.0000000225,-0.0000000101,1.0000000000,0,116.4,31.5,1954.5,0,1.0000000000,-0.0000000000,0.0000000000,0.0000000000,1.0000000000,-0.0000000000,-0.0000000000,0.0000000000,1.0000000000,0,-99.9,-98.9,2016.9,1,1.0000000000,0.0000000000,-0.0000000000,-0.0000000000,1.0000000000,0.0000000000,0.0000000000,-0.0000000000,1.0000000000,0,-99.9,-480.1,2016.9,0,1.0000000000,0.0000000000,-0.0000000000,-0.0000000000,1.0000000000,-0.0000000000,0.0000000000,0.0000000000,1.0000000000,0,75.8,-94.6,2024.7,1,1.0000000000,0.0000000000,0.0000000000,-0.0000000000,1.0000000000,0.0000000000,-0.0000000000,-0.0000000000,1.0000000000,0,75.8,-475.8,2024.7,0,-50.6,-39.1,1637.9,1,116.4,-217.8,1954.5,0,-99.9,-846.6,2016.9,0,75.8,-842.4,2024.7,0,
12,0.9988966584,-0.0117590167,-0.0450615473,0.0228928626,0.9665977955,0.2552461326,0.0405566059,-0.2559938431,0.9658234119,1,-20.3,470.2,1897.9,1,0.9988966584,-0.0117590167,-0.0450615473,0.0228928626,0.9665977955,0.2552461326,0.0405566059,-0.2559938431,0.9658234119,1,-17.9,278.0,1948.8,1,0.9988949895,-0.0151395425,-0.0440785885,0.0230127815,0.9826466441,0.1840134263,0.0405294783,-0.1848212779,0.9819328189,1,-15.1,90.7,1984.0,1,-0.0728282630,-0.9316290021,-0.3560387492,0.9434946775,0.0513596609,-0.3273835480,0.3232859969,-0.3597634435,0.8752465248,1,-152.3,274.9,1943.4,1,-0.3285706341,-0.9316289425,-0.1552703977,0.3039287031,0.0513596535,-0.9513093829,0.8942419887,-0.3597634733,0.2662734985,1,-133.9,36.5,1861.7,1,-0.0000026226,1.0000003576,0.0000000000,-1.0000003576,-0.0000026226,-0.0000000000,-0.0000000000,-0.0000000000,1.0000000000,0,116.4,281.1,1954.3,1,0.0000170469,0.9999990463,0.0000000091,-0.9999990463,0.0000170469,-0.0000000202,-0.0000000202,-0.0000000091,1.0000000000,0,116.4,31.8,1954.3,0,1.0000000000,-0.0000000000,0.0000000000,0.0000000000,1.0000000000,-0.0000000000,-0.0000000000,0.0000000000,1.0000000000,0,-100.0,-98.6,2015.7,1,1.0000000000,0.0000000000,-0.0000000000,-0.0000000000,1.0000000000,0.0000000000,0.0000000000,-0.0000000000,1.0000000000,0,-100.0,-479.8,2015.7,0,1.0000000000,0.0000000000,-0.0000000000,-0.0000000000,1.0000000000,-0.0000000000,0.0000000000,0.0000000000,1.0000000000,0,75.7,-94.6,2022.8,1,1.0000000000,0.0000000000,0.0000000000,-0.0000000000,1.0000000000,0.0000000000,-0.0000000000,-0.0000000000,1.0000000000,0,75.7,-475.8,2022.8,0,-52.0,-39.3,1638.8,1,116.4,-217.4,1954.3,0,-100.0,-846.4,2015.7,0,75.7,-842.3,2022.8,0,
13,0.9988117218,-0.0105692726,-0.0471898578,0.0221954025,0.9671586752,0.2531751096,0.0429659113,-0.2539193332,0.9662666321,1,-19.3,471.3,1898.2,1,0.9988117218,-0.0105692726,-0.0471898578,0.0221954025,0.9671586752,0.2531751096,0.0429659113,-0.2539193332,0.9662666321,1,-17.2,278.8,1948.7,1,0.9988201261,-0.0132202506,-0.0463357419,0.0215052422,0.9828396440,0.1831631511,0.0431208722,-0.1839402765,0.9819878340,1,-14.7,91.5,1983.8,1,-0.0646314248,-0.9298246503,-0.3622829616,0.9444758296,0.0602061041,-0.3230180740,0.3221617937,-0.3630446196,0.8743056655,1,-151.6,275.9,1942.9,1,-0.3281134963,-0.9298246503,-0.1666364521,0.3110795319,0.0602061227,-0.9484749436,0.8919479847,-0.3630446196,0.2694949508,1,-135.2,36.1,1861.1,1,-0.0000026226,1.0000003576,0.0000000000,-1.0000003576,-0.0000026226,-0.0000000000,-0.0000000000,-0.0000000000,1.0000000000,0,117.1,281.7,1954.5,1,0.0000170469,0.9999990463,0.0000000082,-0.9999990463,0.0000170469,-0.0000000182,-0.0000000182,-0.0000000082,1.0000000000,0,117.1,32.4,1954.5,0,1.0000000000,-0.0000000000,0.0000000000,0.0000000000,1.0000000000,-0.0000000000,-0.0000000000,0.0000000000,1.0000000000,0,-100.1,-97.8,2015.0,1,1.0000000000,0.0000000000,-0.0000000000,-0.0000000000,1.0000000000,0.0000000000,0.0000000000,-0.0000000000,1.0000000000,0,-100.1,-479.0,2015.0,0,1.0000000000,0.0000000000,-0.0000000000,-0.0000000000,1.0000000000,-0.0000000000,0.0000000000,0.0000000000,1.0000000000,0,75.7,-94.0,2022.6,1,1.0000000000,0.0000000000,0.0000000000,-0.0000000000,1.0000000000,0.0000000000,-0.0000000000,-0.0000000000,1.0000000000,0,75.7,-475.2,2022.6,0,-53.4,-41.5,1638.8,1,117.1,-216.8,1954.5,0,-100.1,-845.5,2015.0,0,75.7,-841.7,2022.6,0,
14,0.9988577366,-0.0080438806,-0.0467103012,0.0202129018,0.9636737704,0.2662904263,0.0428731702,-0.2669283450,0.9627583027,1,-19.7,469.3,1895.1,1,0.9988577366,-0.0080438806,-0.0467103012,0.0202129018,0.9636737704,0.2662904263,0.0428731702,-0.2669283450,0.9627583027,1,-18.1,277.5,1948.3,1,0.9988334775,-0.0139010390,-0.0458460897,0.0223667510,0.9815832376,0.1896814704,0.0423667021,-0.1904825568,0.9807726741,1,-15.5,90.4,1984.6,1,-0.0639909655,-0.9288340807,-0.3649281859,0.9460475445,0.0599333569,-0.3184370100,0.3176464736,-0.3656165004,0.8748859167,1,-152.5,274.5,1942.6,1,-0.3319463432,-0.9288340211,-0.1645571440,0.3036844134,0.0599333420,-0.9508857727,0.8930775523,-0.3656164706,0.2621777356,1,-136.3,35.4,1862.3,1,-0.0000026226,1.0000003576,0.0000000000,-1.0000003576,-0.0000026226,-0.0000000000,-0.0000000000,-0.0000000000,1.0000000000,0,116.2,280.5,1954.0,1,0.0000170469,0.9999990463,0.0000000074,-0.9999990463,0.0000170469,-0.0000000164,-0.0000000164,-0.0000000074,1.0000000000,0,116.2,31.3,1954.0,0,1.0000000000,-0.0000000000,0.0000000000,0.0000000000,1.0000000000,-0.0000000000,-0.0000000000,0.0000000000,1.0000000000,0,-100.7,-98.6,2017.2,1,1.0000000000,0.0000000000,-0.0000000000,-0.0000000000,1.0000000000,0.0000000000,0.0000000000,-0.0000000000,1.0000000000,0,-100.7,-479.8,2017.2,0,1.0000000000,0.0000000000,-0.0000000000,-0.0000000000,1.0000000000,-0.0000000000,0.0000000000,0.0000000000,1.0000000000,0,75.0,-94.7,2024.6,1,1.0000000000,0.0000000000,0.0000000000,-0.0000000000,1.0000000000,0.0000000000,-0.0000000000,-0.0000000000,1.0000000000,0,75.0,-475.9,2024.6,0,-53.6,-40.3,1639.7,1,116.2,-218.0,1954.0,0,-100.7,-846.4,2017.2,0,75.0,-842.4,2024.6,0,
15,0.9989510775,-0.0074615041,-0.0447710082,0.0201400444,0.9568327665,0.2899166346,0.0406767838,-0.2905125916,0.9560021162,1,-20.4,466.1,1888.2,1,0.9989510775,-0.0074615041,-0.0447710082,0.0201400444,0.9568327665,0.2899166346,0.0406767838,-0.2905125916,0.9560021162,1,-18.9,275.1,1946.2,1,0.9989231229,-0.0139262136,-0.0438416004,0.0226717144,0.9783192277,0.2058213949,0.0400264338,-0.2065910101,0.9776050448,1,-16.3,88.7,1985.6,1,-0.0658851415,-0.9255273342,-0.3729054034,0.9458873868,0.0610718094,-0.3186962605,0.3177360594,-0.3737238646,0.8714208603,1,-153.3,272.1,1940.8,1,-0.3401619196,-0.9255272746,-0.1664005816,0.2995878458,0.0610718057,-0.9521120787,0.8913680315,-0.3737238646,0.2565024197,1,-136.8,34.2,1860.9,1,-0.0000026226,1.0000003576,0.0000000000,-1.0000003576,-0.0000026226,-0.0000000000,-0.0000000000,-0.0000000000,1.0000000000,0,115.4,278.2,1951.6,1,0.0000170469,0.9999990463,0.0000000066,-0.9999990463,0.0000170469,-0.0000000147,-0.0000000147,-0.0000000066,1.0000000000,0,115.4,28.9,1951.6,0,1.0000000000,-0.0000000000,0.0000000000,0.0000000000,1.0000000000,-0.0000000000,-0.0000000000,0.0000000000,1.0000000000,0,-101.5,-99.8,2021.4,1,1.0000000000,0.0000000000,-0.0000000000,-0.0000000000,1.0000000000,0.0000000000,0.0000000000,-0.0000000000,1.0000000000,0,-101.5,-481.0,2021.4,0,1.0000000000,0.0000000000,-0.0000000000,-0.0000000000,1.0000000000,-0.0000000000,0.0000000000,0.0000000000,1.0000000000,0,74.2,-95.8,2028.4,1,1.0000000000,0.0000000000,0.0000000000,-0.0000000000,1.0000000000,0.0000000000,-0.0000000000,-0.0000000000,1.0000000000,0,74.2,-477.0,2028.4,0,-52.0,-40.4,1638.8,1,115.4,-220.3,1951.6,0,-101.5,-847.5,2021.4,0,74.2,-843.5,2028.4,0,
16,0.9988558888,-0.0083834203,-0.0466911569,0.0215977356,0.9566941261,0.2902693152,0.0422373749,-0.2909440100,0.9558032751,1,-20.4,467.3,1888.6,1,0.9988558888,-0.0083834203,-0.0466911569,0.0215977356,0.9566941261,0.2902693152,0.0422373749,-0.2909440100,0.9558032751,1,-18.7,276.1,1946.7,1,0.9988230467,-0.0150799137,-0.0457002372,0.0243034605,0.9776973724,0.2085719407,0.0415374637,-0.2094344944,0.9769367576,1,-15.9,89.8,1986.6,1,-0.0627692938,-0.9190905690,-0.3890151381,0.9455211759,0.0699999183,-0.3179463446,0.3194524944,-0.3877793252,0.8646255732,1,-153.1,272.8,1941.1,1,-0.3534231186,-0.9190904498,-0.1742552519,0.2887477279,0.0699999183,-0.9548428059,0.8897847533,-0.3877793252,0.2406456769,1,-137.2,33.6,1860.3,1,-0.0000026226,1.0000003576,0.0000000000,-1.0000003576,-0.0000026226,-0.0000000000,-0.0000000000,-0.0000000000,1.0000000000,0,115.6,279.4,1952.3,1,0.0000170469,0.9999990463,0.0000000060,-0.9999990463,0.0000170469,-0.0000000133,-0.0000000133,-0.0000000060,1.0000000000,0,115.6,30.1,1952.3,0,1.0000000000,-0.0000000000,0.0000000000,0.0000000000,1.0000000000,-0.0000000000,-0.0000000000,0.0000000000,1.0000000000,0,-100.9,-98.7,2022.9,1,1.0000000000,0.0000000000,-0.0000000000,-0.0000000000,1.0000000000,0.0000000000,0.0000000000,-0.0000000000,1.0000000000,0,-100.9,-479.9,2022.9,0,1.0000000000,0.0000000000,-0.0000000000,-0.0000000000,1.0000000000,-0.0000000000,0.0000000000,0.0000000000,1.0000000000,0,74.9,-94.4,2030.2,1,1.0000000000,0.0000000000,0.0000000000,-0.0000000000,1.0000000000,0.0000000000,-0.0000000000,-0.0000000000,1.0000000000,0,74.9,-475.6,2030.2,0,-49.1,-38.3,1638.6,1,115.6,-219.1,1952.3,0,-100.9,-846.4,2022.9,0,74.9,-842.2,2030.2,0,
17,0.9989684224,-0.0102707827,-0.0438164659,0.0223114286,0.9585591555,0.2839945853,0.0390854329,-0.2846775055,0.9578221440,1,-21.3,467.5,1890.0,1,0.9989684224,-0.0102707827,-0.0438164659,0.0223114286,0.9585591555,0.2839945853,0.0390854329,-0.2846775055,0.9578221440,1,-19.2,276.6,1946.7,1,0.9989391565,-0.0160883330,-0.0427209064,0.0244646594,0.9787675142,0.2034716606,0.0385419540,-0.2042982131,0.9781463742,1,-16.2,90.1,1985.6,1,-0.0650863722,-0.9182468057,-0.3906234205,0.9477991462,0.0655670911,-0.3120540082,0.3121545911,-0.3905430138,0.8660460711,1,-153.6,273.3,1941.5,1,-0.3562515080,-0.9182469249,-0.1729384363,0.2939057648,0.0655670986,-0.9535830021,0.8869635463,-0.3905429840,0.2465196550,1,-137.3,35.3,1863.1,1,-0.0000026226,1.0000003576,0.0000000000,-1.0000003576,-0.0000026226,-0.0000000000,-0.0000000000,-0.0000000000,1.0000000000,0,115.1,279.9,1951.9,1,0.0000170469,0.9999990463,0.0000000054,-0.9999990463,0.0000170469,-0.0000000119,-0.0000000119,-0.0000000054,1.0000000000,0,115.1,30.7,1951.9,0,1.0000000000,-0.0000000000,0.0000000000,0.0000000000,1.0000000000,-0.0000000000,-0.0000000000,0.0000000000,1.0000000000,0,-101.0,-98.6,2021.2,1,1.0000000000,0.0000000000,-0.0000000000,-0.0000000000,1.0000000000,0.0000000000,0.0000000000,-0.0000000000,1.0000000000,0,-101.0,-479.8,2021.2,0,1.0000000000,0.0000000000,-0.0000000000,-0.0000000000,1.0000000000,-0.0000000000,0.0000000000,0.0000000000,1.0000000000,0,74.8,-94.3,2028.0,1,1.0000000000,0.0000000000,0.0000000000,-0.0000000000,1.0000000000,0.0000000000,-0.0000000000,-0.0000000000,1.0000000000,0,74.8,-475.5,2028.0,0,-48.5,-38.0,1642.1,1,115.1,-218.6,1951.9,0,-101.0,-846.4,2021.2,0,74.8,-842.0,2028.0,0,
18,0.9990010262,-0.0105384830,-0.0430041514,0.0222568009,0.9591507912,0.2819946110,0.0382772498,-0.2826682329,0.9584496617,1,-21.3,464.9,1890.9,1,0.9990010262,-0.0105384830,-0.0430041514,0.0222568009,0.9591507912,0.2819946110,0.0382772498,-0.2826682329,0.9584496617,1,-19.2,274.3,1947.0,1,0.9989643097,-0.0168175716,-0.0418438241,0.0248572025,0.9795215130,0.1997621357,0.0376290306,-0.2005925179,0.9789485931,1,-16.0,87.7,1985.3,1,-0.0660190657,-0.9241240621,-0.3763456941,0.9452870488,0.0628407523,-0.3201302290,0.3194898963,-0.3768894076,0.8694139123,1,-153.6,271.0,1942.0,1,-0.3425334394,-0.9241241217,-0.1693087667,0.3008251488,0.0628407598,-0.9516067505,0.8900421262,-0.3768894672,0.2564747632,1,-137.1,34.4,1862.0,1,-0.0000026226,1.0000003576,0.0000000000,-1.0000003576,-0.0000026226,-0.0000000000,-0.0000000000,-0.0000000000,1.0000000000,0,115.2,277.7,1952.1,1,0.0000170469,0.9999990463,0.0000000048,-0.9999990463,0.0000170469,-0.0000000107,-0.0000000107,-0.0000000048,1.0000000000,0,115.2,28.4,1952.1,0,1.0000000000,-0.0000000000,0.0000000000,0.0000000000,1.0000000000,-0.0000000000,-0.0000000000,0.0000000000,1.0000000000,0,-100.7,-101.2,2020.2,1,1.0000000000,0.0000000000,-0.0000000000,-0.0000000000,1.0000000000,0.0000000000,0.0000000000,-0.0000000000,1.0000000000,0,-100.7,-482.4,2020.2,0,1.0000000000,0.0000000000,-0.0000000000,-0.0000000000,1.0000000000,-0.0000000000,0.0000000000,0.0000000000,1.0000000000,0,75.1,-96.9,2026.8,1,1.0000000000,0.0000000000,0.0000000000,-0.0000000000,1.0000000000,0.0000000000,-0.0000000000,-0.0000000000,1.0000000000,0,75.1,-478.0,2026.8,0,-51.7,-40.6,1640.2,1,115.2,-220.8,1952.1,0,-100.7,-849.0,2020.2,0,75.1,-844.6,2026.8,0,
19,0.9990655780,-0.0110773761,-0.0413348638,0.0224106498,0.9583000541,0.2848601639,0.0364572480,-0.2855186462,0.9576755166,1,-21.4,465.6,1889.9,1,0.9990655780,-0.0110773761,-0.0413348638,0.0224106498,0.9583000541,0.2848601639,0.0364572480,-0.2855186462,0.9576755166,1,-19.2,274.8,1946.8,1,0.9990452528,-0.0159771908,-0.0402081944,0.0238684006,0.9786314368,0.2041961104,0.0360880978,-0.2049581259,0.9781019688,1,-16.2,88.3,1985.9,1,-0.0643668771,-0.9225012064,-0.3805898726,0.9452806711,0.0658736378,-0.3195389509,0.3198458254,-0.3803319633,0.8677824736,1,-153.6,271.6,1941.9,1,-0.3474255800,-0.9225012064,-0.1681879312,0.2876314819,0.0658736378,-0.9554731846,0.8925041556,-0.3803319633,0.2424542010,1,-137.3,32.7,1861.1,1,-0.0000026226,1.0000003576,0.0000000000,-1.0000003576,-0.0000026226,-0.0000000000,-0.0000000000,-0.0000000000,1.0000000000,0,115.2,278.0,1951.7,1,0.0000170469,0.9999990463,0.0000000043,-0.9999990463,0.0000170469,-0.0000000097,-0.0000000097,-0.0000000043,1.0000000000,0,115.2,28.8,1951.7,0,1.0000000000,-0.0000000000,0.0000000000,0.0000000000,1.0000000000,-0.0000000000,-0.0000000000,0.0000000000,1.0000000000,0,-101.0,-100.4,2021.8,1,1.0000000000,0.0000000000,-0.0000000000,-0.0000000000,1.0000000000,0.0000000000,0.0000000000,-0.0000000000,1.0000000000,0,-101.0,-481.6,2021.8,0,1.0000000000,0.0000000000,-0.0000000000,-0.0000000000,1.0000000000,-0.0000000000,0.0000000000,0.0000000000,1.0000000000,0,74.8,-96.2,2028.1,1,1.0000000000,0.0000000000,0.0000000000,-0.0000000000,1.0000000000,0.0000000000,-0.0000000000,-0.0000000000,1.0000000000,0,74.8,-477.4,2028.1,0,-50.7,-38.9,1638.7,1,115.2,-220.5,1951.7,0,-101.0,-848.1,2021.8,0,74.8,-843.9,2028.1,0,
20,0.9990482330,-0.0135420337,-0.0410201028,0.0252102260,0.9538811445,0.2991016805,0.0350793898,-0.2998496890,0.9533371925,1,-21.9,464.7,1885.6,1,0.9990482330,-0.0135420337,-0.0410201028,0.0252102260,0.9538811445,0.2991016805,0.0350793898,-0.2998496890,0.9533371925,1,-19.2,273.9,1945.6,1,0.9990596175,-0.0162867010,-0.0397242233,0.0244728774,0.9762451053,0.2152485251,0.0352764502,-0.2160157859,0.9757491350,1,-16.1,87.8,1986.7,1,-0.0659088343,-0.9217519164,-0.3821383119,0.9469317198,0.0629686564,-0.3152069151,0.3146052659,-0.3826338053,0.8686858416,1,-153.6,270.6,1940.8,1,-0.3508139551,-0.9217518568,-0.1652367860,0.2850460708,0.0629686490,-0.9564433098,0.8920080066,-0.3826337457,0.2406514734,1,-137.1,33.8,1862.1,1,-0.0000026226,1.0000003576,0.0000000000,-1.0000003576,-0.0000026226,-0.0000000000,-0.0000000000,-0.0000000000,1.0000000000,0,115.2,277.2,1950.3,1,0.0000170469,0.9999990463,0.0000000039,-0.9999990463,0.0000170469,-0.0000000087,-0.0000000087,-0.0000000039,1.0000000000,0,115.2,27.9,1950.3,0,1.0000000000,-0.0000000000,0.0000000000,0.0000000000,1.0000000000,-0.0000000000,-0.0000000000,0.0000000000,1.0000000000,0,-100.8,-100.4,2024.8,1,1.0000000000,0.0000000000,-0.0000000000,-0.0000000000,1.0000000000,0.0000000000,0.0000000000,-0.0000000000,1.0000000000,0,-100.8,-481.6,2024.8,0,1.0000000000,0.0000000000,-0.0000000000,-0.0000000000,1.0000000000,-0.0000000000,0.0000000000,0.0000000000,1.0000000000,0,74.9,-96.1,2031.0,1,1.0000000000,0.0000000000,0.0000000000,-0.0000000000,1.0000000000,0.0000000000,-0.0000000000,-0.0000000000,1.0000000000,0,74.9,-477.3,2031.0,0,-49.6,-37.3,1639.8,1,115.2,-221.3,1950.3,0,-100.8,-848.1,2024.8,0,74.9,-843.8,2031.0,0,
21,0.9989206195,-0.0129000265,-0.0442109965,0.0252749044,0.9560392499,0.2921248972,0.0385006368,-0.2929254770,0.9553558230,1,-22.9,467.7,1888.0,1,0.9989206195,-0.0129000265,-0.0442109965,0.0252749044,0.9560392499,0.2921248972,0.0385006368,-0.2929254770,0.9553558230,1,-20.4,276.6,1946.6,1,0.9989333153,-0.0156459566,-0.0430209301,0.0244129226,0.9770581722,0.2115342617,0.0387259349,-0.2123563290,0.9764213562,1,-17.4,90.4,1987.1,1,-0.0705151781,-0.9219577312,-0.3808172047,0.9470775723,0.0579750575,-0.3157260418,0.3131639063,-0.3829269111,0.8690773845,1,-154.7,273.4,1941.4,1,-0.3526411653,-0.9219576716,-0.1601197124,0.2831130028,0.0579750612,-0.9573327303,0.8919031620,-0.3829269111,0.2405737936,1,-136.9,34.2,1862.3,1,-0.0000026226,1.0000003576,0.0000000000,-1.0000003576,-0.0000026226,-0.0000000000,-0.0000000000,-0.0000000000,1.0000000000,0,114.0,279.9,1951.8,1,0.0000170469,0.9999990463,0.0000000035,-0.9999990463,0.0000170469,-0.0000000078,-0.0000000078,-0.0000000035,1.0000000000,0,114.0,30.7,1951.8,0,1.0000000000,-0.0000000000,0.0000000000,0.0000000000,1.0000000000,-0.0000000000,-0.0000000000,0.0000000000,1.0000000000,0,-102.3,-97.9,2024.1,1,1.0000000000,0.0000000000,-0.0000000000,-0.0000000000,1.0000000000,0.0000000000,0.0000000000,-0.0000000000,1.0000000000,0,-102.3,-479.1,2024.1,0,1.0000000000,0.0000000000,-0.0000000000,-0.0000000000,1.0000000000,-0.0000000000,0.0000000000,0.0000000000,1.0000000000,0,73.5,-93.7,2030.9,1,1.0000000000,0.0000000000,0.0000000000,-0.0000000000,1.0000000000,0.0000000000,-0.0000000000,-0.0000000000,1.0000000000,0,73.5,-474.8,2030.9,0,-49.0,-36.4,1640.0,1,114.0,-218.6,1951.8,0,-102.3,-845.7,2024.1,0,73.5,-841.4,2030.9,0,
22,0.9988572598,-0.0111381253,-0.0460798703,0.0246792361,0.9520759583,0.3048427701,0.0404778011,-0.3056303561,0.9512853026,1,-22.6,467.1,1884.1,1,0.9988572598,-0.0111381253,-0.0460798703,0.0246792361,0.9520759583,0.3048427701,0.0404778011,-0.3056303561,0.9512853026,1,-20.3,276.5,1945.3,1,0.9988630414,-0.0147150476,-0.0449366905,0.0242471732,0.9752771854,0.2196175158,0.0405957252,-0.2204550505,0.9745486975,1,-17.5,90.6,1987.3,1,-0.0735469386,-0.9289547205,-0.3628142476,0.9496060610,0.0459174439,-0.3100645244,0.3046953976,-0.3673349023,0.8787638545,1,-154.7,273.2,1939.8,1,-0.3383452594,-0.9289547801,-0.1502192318,0.2973408401,0.0459174439,-0.9536666870,0.8928107619,-0.3673349321,0.2606801987,1,-136.4,36.6,1863.9,1,-0.0000026226,1.0000003576,0.0000000000,-1.0000003576,-0.0000026226,-0.0000000000,-0.0000000000,-0.0000000000,1.0000000000,0,114.0,279.7,1950.8,1,0.0000170469,0.9999990463,0.0000000032,-0.9999990463,0.0000170469,-0.0000000070,-0.0000000070,-0.0000000032,1.0000000000,0,114.0,30.5,1950.8,0,1.0000000000,-0.0000000000,0.0000000000,0.0000000000,1.0000000000,-0.0000000000,-0.0000000000,0.0000000000,1.0000000000,0,-102.6,-97.4,2025.8,1,1.0000000000,0.0000000000,-0.0000000000,-0.0000000000,1.0000000000,0.0000000000,0.0000000000,-0.0000000000,1.0000000000,0,-102.6,-478.6,2025.8,0,1.0000000000,0.0000000000,-0.0000000000,-0.0000000000,1.0000000000,-0.0000000000,0.0000000000,0.0000000000,1.0000000000,0,73.1,-93.2,2032.9,1,1.0000000000,0.0000000000,0.0000000000,-0.0000000000,1.0000000000,0.0000000000,-0.0000000000,-0.0000000000,1.0000000000,0,73.1,-474.4,2032.9,0,-52.1,-37.5,1641.4,1,114.0,-218.8,1950.8,0,-102.6,-845.2,2025.8,0,73.1,-840.9,2032.9,0,
23,0.9987053275,-0.0118864579,-0.0490884073,0.0265009254,0.9506969452,0.3089654446,0.0429974124,-0.3098651767,0.9498036504,1,-23.1,466.2,1882.1,1,0.9987053275,-0.0118864579,-0.0490884073,0.0265009254,0.9506969452,0.3089654446,0.0429974124,-0.3098651767,0.9498036504,1,-20.7,275.9,1944.2,1,0.9987159371,-0.0152346976,-0.0479336642,0.0257467590,0.9735384583,0.2270358652,0.0432081968,-0.2279763073,0.9727041721,1,-17.8,90.4,1987.6,1,-0.0765384287,-0.9310281873,-0.3568309247,0.9499869943,0.0405780375,-0.3096418977,0.3027648628,-0.3626842201,0.8813589215,1,-155.1,272.4,1938.3,1,-0.3356607556,-0.9310282469,-0.1432421505,0.2948546410,0.0405780375,-0.9546802044,0.8946466446,-0.3626842797,0.2608975470,1,-136.0,36.5,1863.1,1,-0.0000026226,1.0000003576,0.0000000000,-1.0000003576,-0.0000026226,-0.0000000000,-0.0000000000,-0.0000000000,1.0000000000,0,113.6,279.4,1950.0,1,0.0000170469,0.9999990463,0.0000000029,-0.9999990463,0.0000170469,-0.0000000063,-0.0000000063,-0.0000000029,1.0000000000,0,113.6,30.1,1950.0,0,1.0000000000,-0.0000000000,0.0000000000,0.0000000000,1.0000000000,-0.0000000000,-0.0000000000,0.0000000000,1.0000000000,0,-102.8,-97.5,2027.3,1,1.0000000000,0.0000000000,-0.0000000000,-0.0000000000,1.0000000000,0.0000000000,0.0000000000,-0.0000000000,1.0000000000,0,-102.8,-478.7,2027.3,0,1.0000000000,0.0000000000,-0.0000000000,-0.0000000000,1.0000000000,-0.0000000000,0.0000000000,0.0000000000,1.0000000000,0,73.0,-92.9,2034.9,1,1.0000000000,0.0000000000,0.0000000000,-0.0000000000,1.0000000000,0.0000000000,-0.0000000000,-0.0000000000,1.0000000000,0,73.0,-474.1,2034.9,0,-52.4,-37.0,1640.2,1,113.6,-219.1,1950.0,0,-102.8,-845.2,2027.3,0,73.0,-840.7,2034.9,0,
