1,0.9977225661,0.0106429076,-0.0663400069,0.0066959807,0.9667010903,0.2557967305,0.0668565035,-0.2556555271,0.9644491673,1,11.1,478.2,1989.9,1,0.9977225661,0.0106429076,-0.0663400069,0.0066959807,0.9667010903,0.2557967305,0.0668565035,-0.2556555271,0.9644491673,1,9.0,286.6,2040.6,1,0.9977539778,0.0029413649,-0.0666553378,0.0111919697,0.9774857163,0.2106737792,0.0657774508,-0.2109431326,0.9752787948,1,8.4,100.3,2080.8,1,-0.3603489101,-0.8834611773,0.2994079590,0.8875535727,-0.4234924018,-0.1813916713,0.2870494425,0.2003763020,0.9367241263,1,-125.2,285.0,2031.7,1,-0.0446083210,-0.8834611177,0.4663759470,0.5017867088,-0.4234923720,-0.7542309165,0.8638404012,0.2003762722,0.4622002840,1,-40.9,77.4,1964.6,1,-0.3506123424,0.8777050972,-0.3266572356,-0.8866448998,-0.4234026968,-0.1859871000,-0.3015493751,0.2244196087,0.9266627431,1,143.2,288.1,2049.4,1,-0.0291394778,0.8777050972,-0.4783146083,-0.5146105289,-0.4234026670,-0.7455912232,-0.8569287658,0.2244195938,0.4640140235,1,60.4,78.5,1978.2,1,1.0000000000,0.0000000000,0.0000000000,-0.0000000000,1.0000000000,-0.0000000000,-0.0000000000,0.0000000000,1.0000000000,0,-80.2,-87.0,2115.2,1,1.0000000000,-0.0000000000,0.0000000000,0.0000000000,1.0000000000,0.0000000000,-0.0000000000,-0.0000000000,1.0000000000,0,-80.2,-468.2,2115.2,0,0.7131265402,0.4373021126,0.5479207635,-0.3094646633,0.8976839185,-0.3136796653,-0.6290324330,0.0541312248,0.7754919529,1,95.9,-85.1,2126.8,1,0.1186974198,0.0000000000,0.9929305315,0.0000000000,0.9999999404,0.0000000000,-0.9929304719,0.0000000000,0.1186974272,0,-70.8,-427.3,2106.2,1,-29.8,-47.7,1749.3,1,53.2,-47.8,1767.8,1,-80.2,-834.8,2115.2,0,-70.8,-793.8,2106.2,0,
2,0.9978895187,0.0117723672,-0.0635802150,0.0049148104,0.9666258693,0.2561213076,0.0644764826,-0.2558903992,0.9645488858,1,12.8,479.4,1989.5,1,0.9978895187,0.0117723672,-0.0635802150,0.0049148104,0.9666258693,0.2561213076,0.0644764826,-0.2558903992,0.9645488858,1,10.4,287.7,2040.2,1,0.9979237318,0.0048428173,-0.0639470890,0.0089209462,0.9769588709,0.2132108808,0.0635092854,-0.2133352757,0.9749087095,1,9.5,101.5,2080.9,1,-0.3533492088,-0.8883863091,0.2931112945,0.8904193640,-0.4154727459,-0.1858381480,0.2868757844,0.1953262091,0.9378433228,1,-123.8,286.5,2031.7,1,-0.0434736162,-0.8883863688,0.4570339024,0.4996767342,-0.4154727459,-0.7600695491,0.8651203513,0.1953262389,0.4619680643,1,-40.7,77.0,1964.2,1,-0.3663284481,0.8681780100,-0.3347692788,-0.8827888370,-0.4379886389,-0.1698527187,-0.2940875292,0.2333087027,0.9268654585,1,144.7,288.9,2048.8,1,-0.0322237387,0.8681780100,-0.4952056408,-0.5189039707,-0.4379886389,-0.7341012955,-0.8542249799,0.2333086878,0.4646146595,1,58.3,80.7,1979.4,1,1.0000000000,0.0000000000,0.0000000000,-0.0000000000,1.0000000000,-0.0000000000,-0.0000000000,0.0000000000,1.0000000000,0,-78.8,-85.5,2116.0,1,1.0000000000,-0.0000000000,0.0000000000,0.0000000000,1.0000000000,0.0000000000,-0.0000000000,-0.0000000000,1.0000000000,0,-78.8,-466.7,2116.0,0,0.7114699483,0.4345344007,0.5522593260,-0.3127285838,0.8995682597,-0.3049225211,-0.6292942762,0.0442359038,0.7759070992,1,96.0,-83.9,2127.1,1,0.1135442406,0.0000000000,0.9935329556,0.0000000000,1.0000000000,0.0000000000,-0.9935329556,0.0000000000,0.1135442406,0,-69.7,-426.8,2110.3,1,-29.8,-47.5,1748.6,1,50.4,-45.4,1771.8,1,-78.8,-833.2,2116.0,0,-69.7,-793.4,2110.3,0,
3,0.9976912141,0.0141263977,-0.0661591887,0.0030743657,0.9674702883,0.2529418468,0.0675833076,-0.2525583506,0.9652141333,1,13.7,477.6,1990.5,1,0.9976912141,0.0141263977,-0.0661591887,0.0030743657,0.9674702883,0.2529418468,0.0675833076,-0.2525583506,0.9652141333,1,10.9,285.7,2040.6,1,0.9977459311,0.0053299037,-0.0666264296,0.0085430387,0.9784625173,0.2062162310,0.0662937015,-0.2063170522,0.9762329459,1,9.8,99.3,2079.9,1,-0.3540770411,-0.8841674328,0.3047579527,0.8901622891,-0.4185481071,-0.1800791323,0.2867759466,0.2075221539,0.9352508783,1,-123.3,284.6,2031.6,1,-0.0380926691,-0.8841674924,0.4656145573,0.5073227882,-0.4185481071,-0.7532868981,0.8609138131,0.2075221688,0.4645019174,1,-41.0,77.6,1965.0,1,-0.3769689202,0.8610346913,-0.3413411677,-0.8789321184,-0.4487986267,-0.1614251137,-0.2921860218,0.2391634583,0.9259742498,1,145.1,286.9,2049.5,1,-0.0338167176,0.8610346913,-0.5074207187,-0.5197767615,-0.4487986267,-0.7269195318,-0.8536325693,0.2391634583,0.4627226889,1,57.1,81.8,1981.3,1,1.0000000000,0.0000000000,0.0000000000,-0.0000000000,1.0000000000,-0.0000000000,-0.0000000000,0.0000000000,1.0000000000,0,-78.9,-88.0,2113.4,1,1.0000000000,-0.0000000000,0.0000000000,0.0000000000,1.0000000000,0.0000000000,-0.0000000000,-0.0000000000,1.0000000000,0,-78.9,-469.2,2113.4,0,0.7102456093,0.4384914339,0.5507055521,-0.3190005422,0.8978505135,-0.3034853041,-0.6275269389,0.0398736671,0.7775732279,1,96.6,-86.5,2125.0,1,0.1101095527,0.0000000000,0.9939194918,0.0000000000,1.0000000000,0.0000000000,-0.9939194918,0.0000000000,0.1101095527,0,-70.5,-428.7,2109.8,1,-31.5,-48.8,1750.4,1,48.9,-44.2,1774.3,1,-78.9,-835.7,2113.4,0,-70.5,-795.3,2109.8,0,
4,0.9975578785,0.0158910193,-0.0677513853,0.0018513654,0.9671668410,0.2541114390,0.0695681199,-0.2536134124,0.9647964239,1,14.1,478.2,1989.2,1,0.9975578785,0.0158910193,-0.0677513853,0.0018513654,0.9671668410,0.2541114390,0.0695681199,-0.2536134124,0.9647964239,1,10.9,285.8,2039.7,1,0.9976219535,0.0071593556,-0.0682909116,0.0072597205,0.9779700637,0.2085877955,0.0682829693,-0.2085840404,0.9756138921,1,9.6,99.4,2079.4,1,-0.3608310223,-0.8713888526,0.3323891163,0.8877108693,-0.4301744103,-0.1640713513,0.2859552205,0.2358634025,0.9287616014,1,-123.3,284.9,2030.5,1,-0.0176042840,-0.8713887334,0.4902770817,0.5078800917,-0.4301743209,-0.7463295460,0.8612477779,0.2358633727,0.4501339793,1,-38.9,77.2,1963.6,1,-0.3762765527,0.8644096851,-0.3334845901,-0.8813714385,-0.4449297190,-0.1588141471,-0.2856576443,0.2341657579,0.9292826653,1,145.1,286.8,2048.9,1,-0.0315885209,0.8644096255,-0.5017949939,-0.5128727555,-0.4449296892,-0.7341656089,-0.8578832746,0.2341657579,0.4573867917,1,57.2,80.8,1982.1,1,1.0000000000,0.0000000000,0.0000000000,-0.0000000000,1.0000000000,-0.0000000000,-0.0000000000,0.0000000000,1.0000000000,0,-79.8,-87.6,2113.2,1,1.0000000000,-0.0000000000,0.0000000000,0.0000000000,1.0000000000,0.0000000000,-0.0000000000,-0.0000000000,1.0000000000,0,-79.8,-468.8,2113.2,0,0.7095068097,0.4405659735,0.5500015616,-0.3275719583,0.8972207308,-0.2961272597,-0.6239364147,0.0299392082,0.7809013724,1,96.2,-86.3,2125.2,1,0.1074036285,0.0000000000,0.9942154884,0.0000000000,1.0000000000,0.0000000000,-0.9942154884,0.0000000000,0.1074036285,0,-71.7,-428.3,2113.8,1,-34.5,-49.3,1749.0,1,49.6,-42.8,1775.3,1,-79.8,-835.3,2113.2,0,-71.7,-794.9,2113.8,0,
5,0.9972907901,0.0182599723,-0.0710067824,0.0003197978,0.9673897624,0.2532678843,0.0733190924,-0.2526015639,0.9647842050,1,15.2,477.5,1989.2,1,0.9972907901,0.0182599723,-0.0710067824,0.0003197978,0.9673897624,0.2532678843,0.0733190924,-0.2526015639,0.9647842050,1,11.6,285.0,2039.4,1,0.9973691702,0.0094917463,-0.0716168880,0.0058121793,0.9775671959,0.2105127573,0.0720116645,-0.2103717178,0.9749617577,1,9.8,98.7,2079.5,1,-0.3567246497,-0.8730582595,0.3324407339,0.8880905509,-0.4273436666,-0.1693298817,0.2899013162,0.2348333299,0.9277987480,1,-122.5,284.2,2029.8,1,-0.0228010733,-0.8730581999,0.4870826006,0.5168463588,-0.4273437262,-0.7417864799,0.8557744622,0.2348333299,0.4609809220,1,-39.2,76.8,1962.0,1,-0.3810131252,0.8606930971,-0.3376927972,-0.8791636229,-0.4503246248,-0.1558173299,-0.2861822546,0.2375187725,0.9282696843,1,145.8,285.8,2049.1,1,-0.0328488052,0.8606932163,-0.5080633759,-0.5146708488,-0.4503246546,-0.7296038866,-0.8567584157,0.2375187874,0.4577662647,1,57.2,81.4,1982.6,1,1.0000000000,0.0000000000,0.0000000000,-0.0000000000,1.0000000000,-0.0000000000,-0.0000000000,0.0000000000,1.0000000000,0,-79.8,-88.1,2113.3,1,1.0000000000,-0.0000000000,0.0000000000,0.0000000000,1.0000000000,0.0000000000,-0.0000000000,-0.0000000000,1.0000000000,0,-79.8,-469.3,2113.3,0,0.7120538354,0.4389588535,0.5479913354,-0.3281353414,0.8980451822,-0.2929880619,-0.6207306981,0.0288079660,0.7834944725,1,95.8,-87.1,2126.0,1,0.1107079238,0.0000000000,0.9938530326,0.0000000000,1.0000000000,0.0000000000,-0.9938530326,0.0000000000,0.1107079238,0,-71.5,-429.4,2115.0,1,-33.5,-52.0,1748.8,1,49.2,-42.8,1775.9,1,-79.8,-835.9,2113.3,0,-71.5,-796.0,2115.0,0,
6,0.9973126054,0.0179461688,-0.0707803369,0.0005312553,0.9675122499,0.2527995706,0.0730208084,-0.2521548569,0.9649235606,1,15.9,477.0,1988.9,1,0.9973126054,0.0179461688,-0.0707803369,0.0005312553,0.9675122499,0.2527995706,0.0730208084,-0.2521548569,0.9649235606,1,12.3,284.2,2039.2,1,0.9973943830,0.0083791800,-0.0714044720,0.0065756585,0.9783821106,0.2066694796,0.0715957880,-0.2065969408,0.9757992029,1,10.7,97.8,2078.5,1,-0.3518327475,-0.8771822453,0.3267491460,0.8911295533,-0.4207266867,-0.1699328870,0.2865341902,0.2313878536,0.9297084808,1,-121.9,283.4,2029.5,1,-0.0262364428,-0.8771822453,0.4794402122,0.5231778026,-0.4207266569,-0.7411302924,0.8518195748,0.2313878536,0.4699606597,1,-39.7,75.3,1962.6,1,-0.3874750733,0.8542127013,-0.3466755450,-0.8764337897,-0.4579499364,-0.1488145143,-0.2858792543,0.2461762428,0.9261049628,1,146.5,285.1,2048.8,1,-0.0311368704,0.8542127013,-0.5189906955,-0.5176941156,-0.4579499066,-0.7226858139,-0.8549990654,0.2461762577,0.4564799368,1,56.5,81.7,1982.5,1,1.0000000000,0.0000000000,0.0000000000,-0.0000000000,1.0000000000,-0.0000000000,-0.0000000000,0.0000000000,1.0000000000,0,-78.2,-89.3,2111.6,1,1.0000000000,-0.0000000000,0.0000000000,0.0000000000,1.0000000000,0.0000000000,-0.0000000000,-0.0000000000,1.0000000000,0,-78.2,-470.5,2111.6,0,0.7127881050,0.4374402761,0.5482510328,-0.3224412799,0.8985489607,-0.2977269888,-0.6228681803,0.0354375467,0.7815238237,1,96.4,-88.1,2124.2,1,0.1132784858,0.0000000000,0.9935632944,0.0000000000,1.0000000000,0.0000000000,-0.9935632944,0.0000000000,0.1132784858,0,-70.3,-430.7,2110.7,1,-33.2,-55.1,1750.3,1,49.0,-43.0,1776.5,1,-78.2,-837.0,2111.6,0,-70.3,-797.2,2110.7,0,
7,0.9972527623,0.0192131773,-0.0712894723,-0.0006432440,0.9677655697,0.2518277168,0.0738331154,-0.2510870695,0.9651401639,1,16.6,476.2,1989.3,1,0.9972527623,0.0192131773,-0.0712894723,-0.0006432440,0.9677655697,0.2518277168,0.0738331154,-0.2510870695,0.9651401639,1,12.7,283.5,2039.3,1,0.9973276854,0.0107300878,-0.0720192865,0.0042270124,0.9788747430,0.2043853551,0.0726941600,-0.2041399777,0.9762349725,1,10.7,96.9,2078.2,1,-0.3559172750,-0.8701435328,0.3408418894,0.8873141408,-0.4291113615,-0.1689287871,0.2932513654,0.2423091531,0.9248189330,1,-121.4,282.9,2029.5,1,-0.0226849951,-0.8701434731,0.4922760427,0.5260578394,-0.4291113913,-0.7342523932,0.8501461744,0.2423091531,0.4674802125,1,-38.9,77.2,1961.5,1,-0.3933593631,0.8468764424,-0.3578672111,-0.8724034429,-0.4666591287,-0.1454016566,-0.2901391983,0.2550095022,0.9223825336,1,146.9,284.0,2049.0,1,-0.0300538205,0.8468763232,-0.5309399962,-0.5207630992,-0.4666590691,-0.7148671746,-0.8531720638,0.2550094724,0.4550468624,1,55.9,82.3,1981.9,1,1.0000000000,0.0000000000,0.0000000000,-0.0000000000,1.0000000000,-0.0000000000,-0.0000000000,0.0000000000,1.0000000000,0,-79.3,-90.0,2110.7,1,1.0000000000,-0.0000000000,0.0000000000,0.0000000000,1.0000000000,0.0000000000,-0.0000000000,-0.0000000000,1.0000000000,0,-79.3,-471.2,2110.7,0,0.7137695551,0.4333410859,0.5502260327,-0.3209360838,0.9006423354,-0.2929904759,-0.6225216389,0.0325403027,0.7819259167,1,96.6,-89.3,2123.5,1,0.1120910347,0.0000000000,0.9936979413,0.0000000000,1.0000000000,0.0000000000,-0.9936979413,0.0000000000,0.1120910347,0,-68.6,-432.6,2111.1,1,-33.3,-53.9,1749.6,1,48.7,-43.2,1776.4,1,-79.3,-837.8,2110.7,0,-68.6,-799.2,2111.1,0,
8,0.9974288940,0.0208749454,-0.0682939813,-0.0015691691,0.9624916315,0.2712844908,0.0713985860,-0.2704772353,0.9600706697,1,16.6,474.8,1983.7,1,0.9974288940,0.0208749454,-0.0682939813,-0.0015691691,0.9624916315,0.2712844908,0.0713985860,-0.2704772353,0.9600706697,1,12.4,283.1,2037.6,1,0.9975126982,0.0120192431,-0.0691971704,0.0033673753,0.9759220481,0.2180638909,0.0701551735,-0.2177511901,0.9734756947,1,10.1,97.1,2079.1,1,-0.3545445502,-0.8744082451,0.3312228024,0.8891553879,-0.4248886704,-0.1699184775,0.2893108726,0.2342648804,0.9281268120,1,-121.8,282.7,2028.1,1,-0.0245524421,-0.8744082451,0.4845694304,0.5209603310,-0.4248886406,-0.7403175235,0.8532277942,0.2342648357,0.4659639895,1,-39.5,76.3,1961.0,1,-0.3896540999,0.8537932634,-0.3452633917,-0.8756992221,-0.4595650136,-0.1481584907,-0.2851676941,0.2446163297,0.9267374277,1,146.6,283.6,2047.0,1,-0.0358787663,0.8537933826,-0.5193744898,-0.5206864476,-0.4595650434,-0.7195038199,-0.8529938459,0.2446163446,0.4610471725,1,57.0,82.1,1981.4,1,1.0000000000,0.0000000000,0.0000000000,-0.0000000000,1.0000000000,-0.0000000000,-0.0000000000,0.0000000000,1.0000000000,0,-80.2,-89.1,2114.4,1,1.0000000000,-0.0000000000,0.0000000000,0.0000000000,1.0000000000,0.0000000000,-0.0000000000,-0.0000000000,1.0000000000,0,-80.2,-470.3,2114.4,0,0.7146315575,0.4302815497,0.5515065193,-0.3202221990,0.9021998644,-0.2889521420,-0.6218998432,0.0298896395,0.7825261354,1,95.9,-88.6,2126.8,1,0.1152845696,0.0000000000,0.9933325052,0.0000000000,1.0000000000,0.0000000000,-0.9933325052,0.0000000000,0.1152845696,0,-68.1,-432.5,2115.4,1,-33.3,-53.6,1748.3,1,48.3,-43.2,1776.1,1,-80.2,-836.9,2114.4,0,-68.1,-799.0,2115.4,0,
9,0.9974886775,0.0212358981,-0.0673033074,-0.0016066278,0.9602338076,0.2791709304,0.0705584809,-0.2783592939,0.9578772783,1,16.9,474.7,1980.9,1,0.9974886775,0.0212358981,-0.0673033074,-0.0016066278,0.9602338076,0.2791709304,0.0705584809,-0.2783592939,0.9578772783,1,12.7,283.3,2036.4,1,0.9975594282,0.0135084819,-0.0682423338,0.0023333072,0.9739086032,0.2269001752,0.0695300177,-0.2265025079,0.9715216756,1,10.1,97.6,2079.6,1,-0.3592733443,-0.8884377480,0.2856590450,0.8933818340,-0.4159162343,-0.1699488014,0.2697991729,0.1941445172,0.9431416988,1,-121.5,282.9,2027.1,1,-0.0420351066,-0.8884376884,0.4570683539,0.4949246347,-0.4159162641,-0.7629306912,0.8679185510,0.1941445172,0.4571928084,1,-38.7,77.1,1964.9,1,-0.3879101872,0.8572784662,-0.3385252655,-0.8765702248,-0.4566503167,-0.1519707590,-0.2848688960,0.2377901524,0.9286041260,1,146.9,283.6,2045.8,1,-0.0390193053,0.8572783470,-0.5133723617,-0.5181578994,-0.4566502869,-0.7231754661,-0.8543943763,0.2377901226,0.4620238245,1,57.5,81.5,1980.1,1,1.0000000000,0.0000000000,0.0000000000,-0.0000000000,1.0000000000,-0.0000000000,-0.0000000000,0.0000000000,1.0000000000,0,-80.3,-88.2,2116.6,1,1.0000000000,-0.0000000000,0.0000000000,0.0000000000,1.0000000000,0.0000000000,-0.0000000000,-0.0000000000,1.0000000000,0,-80.3,-469.4,2116.6,0,0.7198541760,0.4189880788,0.5534066558,-0.3057816923,0.9071596861,-0.2890655994,-0.6231433153,0.0388634540,0.7811415195,1,95.4,-87.8,2128.9,1,0.1234642938,0.0000000000,0.9923490286,0.0000000000,1.0000000000,0.0000000000,-0.9923490286,0.0000000000,0.1234642938,0,-64.3,-433.6,2114.1,1,-28.6,-42.1,1755.9,1,48.1,-43.0,1774.8,1,-80.3,-835.9,2116.6,0,-64.3,-800.1,2114.1,0,
10,0.9975367188,0.0238162559,-0.0657074004,-0.0041964566,0.9588556886,0.2838416696,0.0697670504,-0.2828644514,0.9566146731,1,17.7,474.2,1979.5,1,0.9975367188,0.0238162559,-0.0657074004,-0.0041964566,0.9588556886,0.2838416696,0.0697670504,-0.2828644514,0.9566146731,1,12.9,283.0,2035.9,1,0.9976462126,0.0145945605,-0.0667323396,0.0013095991,0.9726354480,0.2323050946,0.0682997406,-0.2318426818,0.9703485370,1,10.1,97.6,2080.1,1,-0.3543532193,-0.8847516775,0.3027348518,0.8923073411,-0.4167503119,-0.1735133827,0.2796810865,0.2086475194,0.9371471405,1,-121.3,282.8,2026.7,1,-0.0335970670,-0.8847516775,0.4648503661,0.5035471320,-0.4167503417,-0.7568088174,0.8633142710,0.2086475194,0.4595157504,1,-38.8,75.2,1961.6,1,-0.3896165788,0.8542442918,-0.3441884220,-0.8760647178,-0.4590439796,-0.1476119459,-0.2840942442,0.2440192848,0.9272244573,1,147.1,283.2,2045.1,1,-0.0367185250,0.8542443514,-0.5185735226,-0.5214869380,-0.4590439796,-0.7192566395,-0.8524689078,0.2440192699,0.4623326361,1,57.8,82.2,1979.9,1,1.0000000000,0.0000000000,0.0000000000,-0.0000000000,1.0000000000,-0.0000000000,-0.0000000000,0.0000000000,1.0000000000,0,-80.4,-87.9,2118.3,1,1.0000000000,-0.0000000000,0.0000000000,0.0000000000,1.0000000000,0.0000000000,-0.0000000000,-0.0000000000,1.0000000000,0,-80.4,-469.1,2118.3,0,0.7169873714,0.4349341393,0.5447582006,-0.3117986619,0.8990418315,-0.3074175715,-0.6234667897,0.0505596064,0.7802133560,1,95.2,-87.7,2130.3,1,0.1279313415,0.0000000000,0.9917830229,0.0000000000,1.0000000000,0.0000000000,-0.9917830229,0.0000000000,0.1279313415,0,-70.6,-430.4,2111.0,1,-30.6,-48.2,1750.1,1,49.0,-43.0,1775.3,1,-80.4,-835.6,2118.3,0,-70.6,-796.9,2111.0,0,
11,0.9981318712,0.0233999193,-0.0561205000,-0.0052955281,0.9529217482,0.3031503558,0.0605750382,-0.3022849262,0.9512862563,1,17.7,475.4,1973.9,1,0.9981318712,0.0233999193,-0.0561205000,-0.0052955281,0.9529217482,0.3031503558,0.0605750382,-0.3022849262,0.9512862563,1,13.0,285.3,2034.2,1,0.9982096553,0.0161754824,-0.0572721176,-0.0015172709,0.9689496756,0.2472272962,0.0594957322,-0.2466951013,0.9672610164,1,9.9,100.6,2081.2,1,-0.3539265990,-0.8963860273,0.2668859363,0.8984221220,-0.4051572084,-0.1693673581,0.2599492669,0.1798326075,0.9487289786,1,-121.3,285.5,2026.2,1,-0.0535962954,-0.8963860869,0.4400222898,0.5017773509,-0.4051572680,-0.7642429471,0.8633347750,0.1798326224,0.4715011716,1,-38.4,75.1,1965.3,1,-0.3871910274,0.8616595864,-0.3280637264,-0.8816348910,-0.4501387775,-0.1417567730,-0.2698203027,0.2343454808,0.9339588881,1,147.3,285.1,2042.2,1,-0.0380996950,0.8616596460,-0.5060545206,-0.5178526044,-0.4501387775,-0.7274639606,-0.8546209931,0.2343454957,0.4633628726,1,57.9,81.6,1979.9,1,1.0000000000,0.0000000000,0.0000000000,-0.0000000000,1.0000000000,-0.0000000000,-0.0000000000,0.0000000000,1.0000000000,0,-81.2,-83.9,2123.0,1,1.0000000000,-0.0000000000,0.0000000000,0.0000000000,1.0000000000,0.0000000000,-0.0000000000,-0.0000000000,1.0000000000,0,-81.2,-465.1,2123.0,0,0.7155939937,0.4289105833,0.5513263941,-0.3051794767,0.9019392729,-0.3055662513,-0.6283236146,0.0504078828,0.7763171792,1,94.8,-84.2,2133.5,1,0.1277665496,0.0000000000,0.9918043017,0.0000000000,1.0000000000,0.0000000000,-0.9918043017,0.0000000000,0.1277665496,0,-68.7,-428.0,2114.2,1,-25.5,-46.1,1756.9,1,48.8,-42.8,1774.7,1,-81.2,-831.6,2123.0,0,-68.7,-794.5,2114.2,0,
12,0.9980472326,0.0224319380,-0.0579910129,-0.0043532294,0.9555689692,0.2947149873,0.0620283820,-0.2938849032,0.9538214207,1,16.1,476.3,1976.2,1,0.9980472326,0.0224319380,-0.0579910129,-0.0043532294,0.9555689692,0.2947149873,0.0620283820,-0.2938849032,0.9538214207,1,11.6,285.5,2034.8,1,0.9981300831,0.0145903500,-0.0590573363,-0.0000389882,0.9709564447,0.2392291576,0.0608354956,-0.2387766540,0.9691629410,1,8.8,100.4,2080.3,1,-0.3615188003,-0.8804517984,0.3067712784,0.8924324512,-0.4220288694,-0.1595486701,0.2699412405,0.2160928100,0.9383153319,1,-122.7,285.5,2026.6,1,-0.0392263681,-0.8804519176,0.4725101590,0.5190359950,-0.4220289588,-0.7432989478,0.8538518548,0.2160928547,0.4735409319,1,-38.3,77.2,1963.6,1,-0.3683189452,0.8538460732,-0.3678153455,-0.8812107444,-0.4467251897,-0.1546100676,-0.2963255942,0.2671770453,0.9169555902,1,145.8,285.5,2043.0,1,-0.0226685368,0.8538460732,-0.5200317502,-0.5447084904,-0.4467251599,-0.7097389102,-0.8383190632,0.2671769559,0.4752237797,1,59.9,79.9,1973.9,1,1.0000000000,0.0000000000,0.0000000000,-0.0000000000,1.0000000000,-0.0000000000,-0.0000000000,0.0000000000,1.0000000000,0,-82.3,-84.6,2120.5,1,1.0000000000,-0.0000000000,0.0000000000,0.0000000000,1.0000000000,0.0000000000,-0.0000000000,-0.0000000000,1.0000000000,0,-82.3,-465.8,2120.5,0,0.7197157145,0.4258993566,0.5482870936,-0.2875537276,0.9016759992,-0.3229443431,-0.6319190860,0.0747661889,0.7714195251,1,94.3,-84.6,2131.2,1,0.1365368664,0.0000000000,0.9906349778,0.0000000000,1.0000000000,0.0000000000,-0.9906349778,0.0000000000,0.1365368664,0,-68.0,-428.3,2102.7,1,-28.7,-50.1,1754.2,1,54.4,-53.3,1768.9,1,-82.3,-832.3,2120.5,0,-68.0,-794.9,2102.7,0,
13,0.9981742501,0.0231349282,-0.0554734729,-0.0048147310,0.9507574439,0.3098793030,0.0599137470,-0.3090446293,0.9491537809,1,16.2,474.8,1971.7,1,0.9981742501,0.0231349282,-0.0554734729,-0.0048147310,0.9507574439,0.3098793030,0.0599137470,-0.3090446293,0.9491537809,1,11.6,285.1,2033.4,1,0.9982318282,0.0169751868,-0.0566508546,-0.0020589395,0.9673058391,0.2535788417,0.0591061525,-0.2530112863,0.9656520486,1,8.3,100.8,2081.6,1,-0.3638193309,-0.8720508218,0.3273577094,0.8907571435,-0.4284899533,-0.1514866203,0.2723734975,0.2364824414,0.9326782823,1,-122.7,285.4,2025.4,1,-0.0306011289,-0.8720507622,0.4884578586,0.5299861431,-0.4284898937,-0.7317862511,0.8474540114,0.2364824265,0.4752870798,1,-38.1,78.2,1962.0,1,-0.3569752574,0.8610196710,-0.3622346520,-0.8849442005,-0.4358764291,-0.1639681906,-0.2990693748,0.2620248497,0.9175513983,1,145.9,284.8,2041.3,1,-0.0233212467,0.8610196114,-0.5080368519,-0.5485144854,-0.4358764291,-0.7135429978,-0.8358156681,0.2620248497,0.4824469686,1,62.5,78.1,1971.4,1,1.0000000000,0.0000000000,0.0000000000,-0.0000000000,1.0000000000,-0.0000000000,-0.0000000000,0.0000000000,1.0000000000,0,-83.1,-83.4,2124.6,1,1.0000000000,-0.0000000000,0.0000000000,0.0000000000,1.0000000000,0.0000000000,-0.0000000000,-0.0000000000,1.0000000000,0,-83.1,-464.6,2124.6,0,0.7156149745,0.4393024743,0.5430546999,-0.3045494258,0.8959071636,-0.3234189749,-0.6286054850,0.0660564154,0.7749140263,1,93.3,-83.8,2135.0,1,0.1359470636,0.0000000000,0.9907160401,0.0000000000,1.0000000000,0.0000000000,-0.9907160401,0.0000000000,0.1359470636,0,-74.2,-425.3,2109.8,1,-30.5,-52.9,1752.5,1,56.7,-57.4,1765.1,1,-83.1,-831.1,2124.6,0,-74.2,-791.8,2109.8,0,
14,0.9983597994,0.0217946582,-0.0526016951,-0.0032624842,0.9442117214,0.3293046653,0.0568470769,-0.3285915256,0.9427551031,1,15.3,473.3,1966.0,1,0.9983597994,0.0217946582,-0.0526016951,-0.0032624842,0.9442117214,0.3293046653,0.0568470769,-0.3285915256,0.9427551031,1,10.9,284.1,2031.8,1,0.9983819127,0.0173430629,-0.0538240597,-0.0021855456,0.9629234672,0.2697417140,0.0565094501,-0.2691854239,0.9614250064,1,7.6,100.6,2083.1,1,-0.3678176105,-0.8641369939,0.3434787095,0.8894380331,-0.4347041845,-0.1411817670,0.2713119984,0.2535738945,0.9284881353,1,-123.4,284.4,2024.2,1,-0.0242300052,-0.8641368747,0.5026732087,0.5392191410,-0.4347041845,-0.7213009000,0.8418168426,0.2535738945,0.4764920473,1,-37.7,77.1,1961.0,1,-0.3482562304,0.8663301468,-0.3580359221,-0.8895599842,-0.4258852601,-0.1652415097,-0.2956359088,0.2609480619,0.9189698696,1,145.2,283.8,2039.4,1,-0.0205125883,0.8663301468,-0.4990504682,-0.5523442626,-0.4258852601,-0.7166153789,-0.8333637118,0.2609480321,0.4872485101,1,63.8,76.0,1970.3,1,1.0000000000,0.0000000000,0.0000000000,-0.0000000000,1.0000000000,-0.0000000000,-0.0000000000,0.0000000000,1.0000000000,0,-83.8,-82.7,2129.4,1,1.0000000000,-0.0000000000,0.0000000000,0.0000000000,1.0000000000,0.0000000000,-0.0000000000,-0.0000000000,1.0000000000,0,-83.8,-463.9,2129.4,0,0.7208299637,0.4333240688,0.5409570932,-0.2880630493,0.8971717954,-0.3348170519,-0.6304157376,0.0855163559,0.7715328932,1,92.4,-83.1,2139.4,1,0.1495414078,0.0000000000,0.9887554646,0.0000000000,1.0000000000,0.0000000000,-0.9887554646,0.0000000000,0.1495414078,0,-72.8,-425.1,2106.8,1,-31.7,-56.7,1752.0,1,58.7,-61.1,1763.6,1,-83.8,-830.4,2129.4,0,-72.8,-791.6,2106.8,0,
15,0.9984978437,0.0224051606,-0.0496419258,-0.0051542642,0.9462403059,0.3234048486,0.0542219132,-0.3226616383,0.9449553490,1,15.0,475.3,1967.2,1,0.9984978437,0.0224051606,-0.0496419258,-0.0051542642,0.9462403059,0.3234048486,0.0542219132,-0.3226616383,0.9449553490,1,10.5,285.5,2031.9,1,0.9985715151,0.0153492000,-0.0508280955,-0.0014232231,0.9646872878,0.2633691132,0.0530785173,-0.2629182339,0.9633529186,1,7.6,101.6,2082.0,1,-0.3681664765,-0.8597071171,0.3540581763,0.8888584375,-0.4371562302,-0.1372045577,0.2727344334,0.2641934752,0.9251042604,1,-123.8,285.7,2024.8,1,-0.0176419038,-0.8597071171,0.5104826689,0.5423321128,-0.4371562302,-0.7174749970,0.8399789333,0.2641935349,0.4739590883,1,-37.2,76.4,1960.6,1,-0.3461333513,0.8590963483,-0.3770214915,-0.8879155517,-0.4297503233,-0.1640748531,-0.3029811680,0.2779714763,0.9115560055,1,144.8,285.3,2039.1,1,-0.0134741347,0.8590962887,-0.5116364956,-0.5619125366,-0.4297503233,-0.7068018913,-0.8270868659,0.2779714167,0.4885275066,1,62.8,74.9,1967.3,1,1.0000000000,0.0000000000,0.0000000000,-0.0000000000,1.0000000000,-0.0000000000,-0.0000000000,0.0000000000,1.0000000000,0,-83.1,-82.1,2127.5,1,1.0000000000,-0.0000000000,0.0000000000,0.0000000000,1.0000000000,0.0000000000,-0.0000000000,-0.0000000000,1.0000000000,0,-83.1,-463.3,2127.5,0,0.7207880616,0.4322893322,0.5418398380,-0.2756209075,0.8959897757,-0.3481887579,-0.6360011697,0.1016279235,0.7649667263,1,92.4,-82.3,2136.8,1,0.1517266929,0.0000000000,0.9884223938,0.0000000000,1.0000000000,0.0000000000,-0.9884223938,0.0000000000,0.1517266929,0,-72.4,-423.9,2098.1,1,-32.8,-58.4,1751.7,1,59.5,-64.8,1761.6,1,-83.1,-829.8,2127.5,0,-72.4,-790.4,2098.1,0,
16,0.9986492395,0.0196578372,-0.0477224514,-0.0035254098,0.9484407306,0.3169155419,0.0514945425,-0.3163175583,0.9472500682,1,13.8,475.2,1968.9,1,0.9986492395,0.0196578372,-0.0477224514,-0.0035254098,0.9484407306,0.3169155419,0.0514945425,-0.3163175583,0.9472500682,1,9.8,285.8,2032.0,1,0.9986870289,0.0145096341,-0.0487634912,-0.0014088115,0.9659799933,0.2585872710,0.0508593172,-0.2581766248,0.9647540450,1,7.1,101.7,2081.2,1,-0.3703074753,-0.8563382626,0.3599404991,0.8876860142,-0.4403797388,-0.1344590187,0.2736529112,0.2697229683,0.9232354164,1,-124.5,286.0,2025.2,1,-0.0175101962,-0.8563383818,0.5161184072,0.5467590690,-0.4403797686,-0.7121238112,0.8371069431,0.2697229683,0.4759218395,1,-37.3,77.1,1960.8,1,-0.3395945430,0.8636760116,-0.3724773228,-0.8904013634,-0.4228069782,-0.1685814112,-0.3030857146,0.2744049728,0.9126012921,1,144.2,285.6,2038.9,1,-0.0150164301,0.8636759520,-0.5038236976,-0.5657446980,-0.4228069484,-0.7079316378,-0.8244436979,0.2744049728,0.4949692190,1,64.0,75.3,1967.3,1,1.0000000000,0.0000000000,0.0000000000,-0.0000000000,1.0000000000,-0.0000000000,-0.0000000000,0.0000000000,1.0000000000,0,-83.8,-82.3,2125.9,1,1.0000000000,-0.0000000000,0.0000000000,0.0000000000,1.0000000000,0.0000000000,-0.0000000000,-0.0000000000,1.0000000000,0,-83.8,-463.5,2125.9,0,0.7188701034,0.4173072577,0.5559499860,-0.2783465087,0.9056480527,-0.3198822439,-0.6369841695,0.0752069950,0.7671993971,1,92.4,-82.5,2134.9,1,0.1384020597,0.0000000000,0.9903761148,0.0000000000,1.0000000000,0.0000000000,-0.9903761148,0.0000000000,0.1384020597,0,-66.7,-427.7,2106.2,1,-33.0,-59.1,1752.3,1,60.2,-65.5,1762.0,1,-83.8,-830.0,2125.9,0,-66.7,-794.3,2106.2,0,
17,0.9986549616,0.0161536653,-0.0489037745,-0.0001040860,0.9501622915,0.3117357492,0.0515049882,-0.3113095760,0.9489071965,1,12.5,475.1,1969.2,1,0.9986549616,0.0161536653,-0.0489037745,-0.0001040860,0.9501622915,0.3117357492,0.0515049882,-0.3113095760,0.9489071965,1,9.3,284.9,2031.5,1,0.9986447692,0.0138135199,-0.0498203002,-0.0007563485,0.9674360156,0.2530883253,0.0516967736,-0.2527050972,0.9661571980,1,6.7,100.5,2079.7,1,-0.3757933974,-0.8491041064,0.3712164164,0.8850290775,-0.4476166666,-0.1279173791,0.2747777998,0.2804667950,0.9196932316,1,-125.0,285.0,2024.5,1,-0.0156975463,-0.8491041064,0.5279923081,0.5521083474,-0.4476166666,-0.7034314275,0.8336246610,0.2804668248,0.4758239090,1,-37.2,78.2,1960.3,1,-0.3317949474,0.8762181997,-0.3495052457,-0.8945471644,-0.4098632336,-0.1783187985,-0.2994954586,0.2534836531,0.9198090434,1,143.6,284.8,2038.4,1,-0.0255135391,0.8762181401,-0.4812388718,-0.5647081733,-0.4098631740,-0.7163217664,-0.8248961568,0.2534835935,0.5052646399,1,65.9,75.1,1968.2,1,1.0000000000,0.0000000000,0.0000000000,-0.0000000000,1.0000000000,-0.0000000000,-0.0000000000,0.0000000000,1.0000000000,0,-84.0,-83.8,2123.3,1,1.0000000000,-0.0000000000,0.0000000000,0.0000000000,1.0000000000,0.0000000000,-0.0000000000,-0.0000000000,1.0000000000,0,-84.0,-465.0,2123.3,0,0.7189109921,0.4102947414,0.5610929132,-0.2789898515,0.9096561074,-0.3077178597,-0.6366566420,0.0646824911,0.7684298754,1,92.1,-83.9,2132.4,1,0.1330543756,0.0000000000,0.9911087155,0.0000000000,1.0000000000,0.0000000000,-0.9911087155,0.0000000000,0.1330543756,0,-64.3,-430.7,2107.7,1,-33.3,-59.3,1752.7,1,59.5,-65.5,1762.8,1,-84.0,-831.5,2123.3,0,-64.3,-797.2,2107.7,0,
18,0.9986693859,0.0148659553,-0.0490181893,0.0011876187,0.9499739408,0.3123073280,0.0512115359,-0.3119481802,0.9487133026,1,12.2,475.5,1968.0,1,0.9986693859,0.0148659553,-0.0490181893,0.0011876187,0.9499739408,0.3123073280,0.0512115359,-0.3119481802,0.9487133026,1,9.2,285.2,2030.5,1,0.9986405969,0.0139874965,-0.0498556532,-0.0007231935,0.9664884806,0.2566831708,0.0517780446,-0.2562956810,0.9652065635,1,6.6,101.0,2079.4,1,-0.3709001541,-0.8588298559,0.3533332050,0.8872650862,-0.4400558770,-0.1382446140,0.2742149830,0.2622252703,0.9252264500,1,-125.1,285.3,2023.6,1,-0.0206824709,-0.8588299751,0.5118432641,0.5412680507,-0.4400559366,-0.7165052891,0.8405957818,0.2622253299,0.4739586115,1,-38.1,77.0,1959.2,1,-0.3266325593,0.8859056234,-0.3293672204,-0.8983395696,-0.3993062973,-0.1831410676,-0.2937640250,0.2360637635,0.9262703657,1,143.6,285.1,2037.5,1,-0.0315586179,0.8859053850,-0.4627911448,-0.5596091747,-0.3993062675,-0.7262176275,-0.8281555176,0.2360637486,0.5083623528,1,66.9,74.2,1968.5,1,1.0000000000,0.0000000000,0.0000000000,-0.0000000000,1.0000000000,-0.0000000000,-0.0000000000,0.0000000000,1.0000000000,0,-84.0,-83.2,2123.7,1,1.0000000000,-0.0000000000,0.0000000000,0.0000000000,1.0000000000,0.0000000000,-0.0000000000,-0.0000000000,1.0000000000,0,-84.0,-464.4,2123.7,0,0.7198023200,0.4092954695,0.5606796741,-0.2778180838,0.9100342393,-0.3076601326,-0.6361616254,0.0656874776,0.7687544823,1,91.8,-83.3,2132.8,1,0.1361549348,0.0000000000,0.9906876087,0.0000000000,1.0000000000,0.0000000000,-0.9906876087,0.0000000000,0.1361549348,0,-64.2,-430.2,2107.8,1,-32.9,-57.8,1749.8,1,59.0,-65.3,1762.2,1,-84.0,-830.9,2123.7,0,-64.2,-796.7,2107.8,0,
19,0.9989888668,0.0169794280,-0.0411978625,-0.0033280277,0.9503945708,0.3110090196,0.0444375984,-0.3105557263,0.9495112896,1,12.7,477.2,1967.6,1,0.9989888668,0.0169794280,-0.0411978625,-0.0033280277,0.9503945708,0.3110090196,0.0444375984,-0.3105557263,0.9495112896,1,9.3,286.5,2029.9,1,0.9989920259,0.0146143818,-0.0420194715,-0.0031354504,0.9652748108,0.2611924112,0.0443801098,-0.2607949972,0.9643694758,1,6.5,102.5,2079.6,1,-0.3710833192,-0.8515745401,0.3702945113,0.8868356943,-0.4432422519,-0.1306090951,0.2753535211,0.2799235284,0.9196865559,1,-125.1,286.9,2024.0,1,-0.0143846748,-0.8515745401,0.5240361691,0.5535228252,-0.4432421923,-0.7050878406,0.8327097893,0.2799235284,0.4777418077,1,-37.5,77.5,1959.0,1,-0.3190469444,0.8986778855,-0.3009769022,-0.9040629268,-0.3838850260,-0.1878896356,-0.2843927741,0.2121564448,0.9349387288,1,143.7,286.0,2035.9,1,-0.0401217826,0.8986779451,-0.4367702901,-0.5536245108,-0.3838849962,-0.7390075922,-0.8317993283,0.2121564448,0.5129323006,1,68.4,72.7,1968.8,1,1.0000000000,0.0000000000,0.0000000000,-0.0000000000,1.0000000000,-0.0000000000,-0.0000000000,0.0000000000,1.0000000000,0,-84.2,-81.2,2125.4,1,1.0000000000,-0.0000000000,0.0000000000,0.0000000000,1.0000000000,0.0000000000,-0.0000000000,-0.0000000000,1.0000000000,0,-84.2,-462.4,2125.4,0,0.7202579975,0.3967012167,0.5690839887,-0.2594140470,0.9148600698,-0.3094113469,-0.6433759928,0.0752275437,0.7618451118,1,91.7,-81.8,2133.3,1,0.1370724589,0.0000000000,0.9905610681,0.0000000000,0.9999999404,0.0000000000,-0.9905610085,0.0000000000,0.1370724738,0,-59.5,-430.5,2104.6,1,-33.9,-60.4,1751.5,1,58.4,-65.3,1761.5,1,-84.2,-828.9,2125.4,0,-59.5,-797.0,2104.6,0,
20,0.9990279675,0.0159687810,-0.0406505466,-0.0023068560,0.9487454295,0.3160134852,0.0436159782,-0.3156109154,0.9478811026,1,11.6,474.7,1966.2,1,0.9990279675,0.0159687810,-0.0406505466,-0.0023068560,0.9487454295,0.3160134852,0.0436159782,-0.3156109154,0.9478811026,1,8.4,285.4,2029.2,1,0.9990180135,0.0143998554,-0.0414723381,-0.0029325834,0.9644451141,0.2642419040,0.0438054390,-0.2638584971,0.9635620713,1,5.7,101.6,2079.4,1,-0.3775512576,-0.8436424136,0.3817363083,0.8848762512,-0.4501779079,-0.1197240353,0.2728534937,0.2925874293,0.9164844155,1,-125.9,285.8,2023.3,1,-0.0132246856,-0.8436424732,0.5367426276,0.5622094870,-0.4501779675,-0.6937294006,0.8268892169,0.2925874591,0.4802571833,1,-37.7,78.9,1959.5,1,-0.3047240078,0.9158194661,-0.2615684569,-0.9099218249,-0.3610664904,-0.2041403651,-0.2813993096,0.1758003831,0.9433497787,1,142.8,285.1,2035.0,1,-0.0563986748,0.9158194065,-0.3976103067,-0.5490597486,-0.3610664308,-0.7537667751,-0.8338779807,0.1758003682,0.5232033134,1,71.3,71.3,1969.0,1,1.0000000000,0.0000000000,0.0000000000,-0.0000000000,1.0000000000,-0.0000000000,-0.0000000000,0.0000000000,1.0000000000,0,-85.3,-81.9,2125.9,1,1.0000000000,-0.0000000000,0.0000000000,0.0000000000,1.0000000000,0.0000000000,-0.0000000000,-0.0000000000,1.0000000000,0,-85.3,-463.1,2125.9,0,0.7203905582,0.3971596062,0.5685961843,-0.2590523064,0.9145590663,-0.3106019497,-0.6433733106,0.0764585733,0.7617249489,1,91.2,-82.4,2133.6,1,0.1391860396,0.0000000000,0.9902662635,0.0000000000,1.0000000000,0.0000000000,-0.9902662635,0.0000000000,0.1391860396,0,-60.2,-431.1,2104.5,1,-34.4,-61.2,1753.4,1,57.2,-65.5,1761.2,1,-85.3,-829.7,2125.9,0,-60.2,-797.6,2104.5,0,
21,0.9992709756,0.0158503633,-0.0342125073,-0.0045518465,0.9514185190,0.3078470528,0.0374323688,-0.3074650764,0.9508181810,1,9.9,475.5,1968.3,1,0.9992709756,0.0158503633,-0.0342125073,-0.0045518465,0.9514185190,0.3078470528,0.0374323688,-0.3074650764,0.9508181810,1,6.8,286.4,2029.4,1,0.9992746115,0.0137945367,-0.0349882431,-0.0043168627,0.9662171006,0.2576679289,0.0373631045,-0.2573275268,0.9655975103,1,4.1,102.2,2078.5,1,-0.3755969107,-0.8483358622,0.3731665611,0.8851314187,-0.4477058351,-0.1268930435,0.2747167349,0.2826408148,0.9190456867,1,-127.7,287.0,2024.4,1,-0.0161551721,-0.8483358622,0.5292119980,0.5554695129,-0.4477058351,-0.7007232904,0.8313800097,0.2826408446,0.4784574211,1,-38.3,76.5,1959.0,1,-0.2922622263,0.9259136915,-0.2393044680,-0.9142098427,-0.3439505696,-0.2142855227,-0.2807187736,0.1561469436,0.9470033050,1,141.2,285.8,2034.4,1,-0.0616863817,0.9259137511,-0.3726642728,-0.5455106497,-0.3439505696,-0.7642749548,-0.8358307481,0.1561469734,0.5263128281,1,71.9,69.1,1967.9,1,1.0000000000,0.0000000000,0.0000000000,-0.0000000000,1.0000000000,-0.0000000000,-0.0000000000,0.0000000000,1.0000000000,0,-87.2,-81.5,2124.2,1,1.0000000000,-0.0000000000,0.0000000000,0.0000000000,1.0000000000,0.0000000000,-0.0000000000,-0.0000000000,1.0000000000,0,-87.2,-462.7,2124.2,0,0.7172753215,0.3897986412,0.5775578022,-0.2509424686,0.9177736044,-0.3077649772,-0.6500337124,0.0758184642,0.7561135292,1,90.2,-82.3,2130.8,1,0.1317544729,0.0000000000,0.9912823439,0.0000000000,1.0000000000,0.0000000000,-0.9912823439,0.0000000000,0.1317544729,0,-58.4,-432.2,2101.9,1,-34.3,-62.0,1751.9,1,56.5,-66.8,1759.6,1,-87.2,-829.3,2124.2,0,-58.4,-798.7,2101.9,0,
22,0.9991604686,0.0134954210,-0.0382151604,-0.0003352431,0.9456411600,0.3251931369,0.0405290127,-0.3249059021,0.9448727965,1,9.4,475.2,1962.8,1,0.9991604686,0.0134954210,-0.0382151604,-0.0003352431,0.9456411600,0.3251931369,0.0405290127,-0.3249059021,0.9448727965,1,6.7,286.6,2027.6,1,0.9991326928,0.0133347595,-0.0389899015,-0.0023110425,0.9628269076,0.2700850070,0.0411445946,-0.2697585225,0.9620444179,1,4.2,103.1,2079.0,1,-0.3732230663,-0.8557448387,0.3583371341,0.8888338804,-0.4405051768,-0.1262125820,0.2658550739,0.2713967562,0.9250216484,1,-127.7,286.9,2022.0,1,-0.0231132135,-0.8557447195,0.5168817639,0.5565642118,-0.4405051768,-0.7044086456,0.8304830790,0.2713967264,0.4864583611,1,-39.7,77.2,1959.3,1,-0.2879956663,0.9308406711,-0.2249315679,-0.9166795611,-0.3359209299,-0.2164617181,-0.2770505548,0.1438501328,0.9500264525,1,141.1,286.2,2033.1,1,-0.0672576576,0.9308407307,-0.3591825962,-0.5444174409,-0.3359209299,-0.7686136365,-0.8361136317,0.1438501179,0.5293591619,1,72.9,69.2,1967.5,1,1.0000000000,0.0000000000,0.0000000000,-0.0000000000,1.0000000000,-0.0000000000,-0.0000000000,0.0000000000,1.0000000000,0,-86.2,-80.2,2126.8,1,1.0000000000,-0.0000000000,0.0000000000,0.0000000000,1.0000000000,0.0000000000,-0.0000000000,-0.0000000000,1.0000000000,0,-86.2,-461.4,2126.8,0,0.7169100642,0.3978723884,0.5724835992,-0.2710349560,0.9156234264,-0.2969405949,-0.6423237920,0.0577166341,0.7642570734,1,89.4,-80.6,2134.0,1,0.1313115507,0.0000000000,0.9913410544,0.0000000000,1.0000000000,0.0000000000,-0.9913410544,0.0000000000,0.1313115507,0,-62.3,-429.7,2112.0,1,-33.9,-61.5,1752.3,1,56.1,-66.5,1759.1,1,-86.2,-828.0,2126.8,0,-62.3,-796.2,2112.0,0,
23,0.9992666841,0.0105108386,-0.0363287143,0.0019991389,0.9445683360,0.3282901645,0.0377680957,-0.3281207979,0.9438757300,1,7.5,475.8,1960.4,1,0.9992666841,0.0105108386,-0.0363287143,0.0019991389,0.9445683360,0.3282901645,0.0377680957,-0.3281207979,0.9438757300,1,5.4,287.3,2025.9,1,0.9992268085,0.0119949635,-0.0369612277,-0.0013809871,0.9615164399,0.2747201920,0.0388365984,-0.2744547427,0.9608112574,1,3.2,104.1,2078.2,1,-0.3733972609,-0.8485254049,0.3749386072,0.8906159997,-0.4409887195,-0.1110490113,0.2595716119,0.2924609184,0.9203744531,1,-129.0,287.5,2020.6,1,-0.0074692667,-0.8485255241,0.5291018486,0.5626215339,-0.4409888387,-0.6992753148,0.8266808987,0.2924610376,0.4806925654,1,-40.4,76.3,1959.1,1,-0.2840639055,0.9336007237,-0.2183973044,-0.9202312231,-0.3294277489,-0.2113099396,-0.2692252398,0.1409504861,0.9527070522,1,139.9,287.2,2031.1,1,-0.0663458630,0.9336007237,-0.3521191776,-0.5454978943,-0.3294277489,-0.7706551552,-0.8354820609,0.1409505010,0.5311334133,1,72.5,68.9,1967.2,1,1.0000000000,0.0000000000,0.0000000000,-0.0000000000,1.0000000000,-0.0000000000,-0.0000000000,0.0000000000,1.0000000000,0,-87.4,-79.0,2127.0,1,1.0000000000,-0.0000000000,0.0000000000,0.0000000000,1.0000000000,0.0000000000,-0.0000000000,-0.0000000000,1.0000000000,0,-87.4,-460.2,2127.0,0,0.7188884020,0.3954220414,0.5716999769,-0.2589102983,0.9155793786,-0.3077009618,-0.6451084018,0.0731836036,0.7605781555,1,89.2,-79.3,2133.9,1,0.1376246214,0.0000000000,0.9904844761,0.0000000000,0.9999999404,0.0000000000,-0.9904844165,0.0000000000,0.1376246363,0,-61.6,-428.3,2106.0,1,-38.6,-63.9,1753.1,1,55.9,-67.0,1759.0,1,-87.4,-826.8,2127.0,0,-61.6,-794.8,2106.0,0,
24,0.9991585612,0.0116720190,-0.0388624184,0.0018832516,0.9433558583,0.3317589462,0.0405359678,-0.3315517604,0.9425610304,1,6.1,475.2,1959.2,1,0.9991585612,0.0116720190,-0.0388624184,0.0018832516,0.9433558583,0.3317589462,0.0405359678,-0.3315517604,0.9425610304,1,3.8,287.1,2025.4,1,0.9991491437,0.0102566527,-0.0394974872,0.0010693339,0.9609750509,0.2766093016,0.0407957509,-0.2764142454,0.9601681232,1,1.8,103.9,2078.0,1,-0.3746064603,-0.8383396268,0.3960515857,0.8896989226,-0.4452472329,-0.1009499878,0.2609712183,0.3145501316,0.9126622081,1,-130.6,287.0,2019.9,1,0.0052169869,-0.8383395672,0.5451235175,0.5704200864,-0.4452472329,-0.6901999116,0.8213366270,0.3145501912,0.4758828282,1,-41.8,76.0,1958.0,1,-0.2778516114,0.9351351857,-0.2198199630,-0.9201393127,-0.3248114884,-0.2187263072,-0.2759386897,0.1414915323,0.9507039785,1,138.2,287.2,2030.8,1,-0.0650316924,0.9351352453,-0.3482717574,-0.5499451756,-0.3248114884,-0.7694529891,-0.8326651454,0.1414915472,0.5353960991,1,72.1,68.5,1965.2,1,1.0000000000,0.0000000000,0.0000000000,-0.0000000000,1.0000000000,-0.0000000000,-0.0000000000,0.0000000000,1.0000000000,0,-88.6,-79.3,2127.1,1,1.0000000000,-0.0000000000,0.0000000000,0.0000000000,1.0000000000,0.0000000000,-0.0000000000,-0.0000000000,1.0000000000,0,-88.6,-460.5,2127.1,0,0.7242993116,0.3820390701,0.5739656687,-0.2435104847,0.9205487370,-0.3054382205,-0.6450527310,0.0814620554,0.7597833872,1,88.3,-79.1,2134.3,1,0.1445080936,0.0000000000,0.9895036221,0.0000000000,0.9999999404,0.0000000000,-0.9895035625,0.0000000000,0.1445081085,0,-57.3,-430.0,2103.3,1,-43.1,-66.2,1753.3,1,55.9,-68.6,1757.7,1,-88.6,-827.0,2127.1,0,-57.3,-796.6,2103.3,0,
