1,0.9985740781,-0.0348434001,-0.0401764959,0.0434533507,0.9701215029,0.2386760414,0.0306609105,-0.2400833815,0.9702647924,1,-55.6,473.5,1963.1,1,0.9985740781,-0.0348434001,-0.0401764959,0.0434533507,0.9701215029,0.2386760414,0.0306609105,-0.2400833815,0.9702647924,1,-48.8,281.8,2010.6,1,0.9986367226,-0.0345935673,-0.0388119742,0.0416948199,0.9788261652,0.2003767788,0.0310595576,-0.2017234266,0.9789469242,1,-42.2,95.3,2049.0,1,-0.2443078160,-0.9667428136,0.0756450817,0.9286621213,-0.2557094097,-0.2686996460,0.2791065872,0.0046032965,0.9602491260,1,-183.1,276.2,2006.4,1,-0.1220161021,-0.9667428136,0.2247677892,0.4769670069,-0.2557094097,-0.8409014344,0.8704106212,0.0046033040,0.4923050404,1,-119.9,36.2,1934.3,1,-0.2882701755,0.8846508265,-0.3664609194,-0.9026767612,-0.3787549436,-0.2042537630,-0.3194921017,0.2719154954,0.9077372551,1,85.6,287.5,2014.8,1,0.0504588559,0.8846508265,-0.4635161161,-0.5019942522,-0.3787549138,-0.7775260210,-0.8633978367,0.2719154954,0.4249780178,1,9.7,49.7,1930.6,1,1.0000000000,0.0000000000,0.0000000000,-0.0000000000,1.0000000000,-0.0000000000,-0.0000000000,0.0000000000,1.0000000000,0,-123.4,-94.9,2084.7,1,1.0000000000,-0.0000000000,0.0000000000,0.0000000000,1.0000000000,0.0000000000,-0.0000000000,-0.0000000000,1.0000000000,0,-123.4,-476.1,2084.7,0,0.6351436377,0.5995426178,0.4869711399,-0.4217397273,0.7973816395,-0.4316454530,-0.6470916867,0.0687818080,0.7593030334,1,52.3,-87.6,2090.2,1,0.0457814857,0.5995383859,0.7990354896,0.0516367257,0.7973846197,-0.6012582183,-0.9976159930,0.0687860772,0.0055472488,1,-176.2,-391.5,2064.0,1,-88.2,-88.0,1707.6,1,22.2,-75.4,1715.4,1,-123.4,-842.7,2084.7,0,-395.9,-683.7,2038.8,1,
2,0.9985660315,-0.0310331155,-0.0433701538,0.0408717580,0.9677418470,0.2485862970,0.0342578664,-0.2500045002,0.9676353335,1,-52.7,471.0,1960.7,1,0.9985660315,-0.0310331155,-0.0433701538,0.0408717580,0.9677418470,0.2485862970,0.0342578664,-0.2500045002,0.9676353335,1,-46.6,279.6,2010.1,1,0.9986552000,-0.0298560485,-0.0421266779,0.0380251817,0.9771993756,0.2088668197,0.0349314027,-0.2101894915,0.9770333767,1,-40.9,93.4,2050.2,1,-0.2362340689,-0.9694223404,0.0664379448,0.9297636747,-0.2453795969,-0.2744602263,0.2823703587,-0.0030652732,0.9593006372,1,-180.9,274.5,2005.4,1,-0.1238029152,-0.9694222212,0.2118805349,0.4782475531,-0.2453795522,-0.8432485461,0.8694550991,-0.0030652806,0.4940024614,1,-120.5,36.8,1933.2,1,-0.2979777157,0.8791893125,-0.3718008101,-0.8994449377,-0.3890438080,-0.1991080344,-0.3197003603,0.2750846148,0.9067085385,1,87.8,284.7,2014.8,1,0.0504092723,0.8791891336,-0.4737989306,-0.4981472790,-0.3890437186,-0.7749156952,-0.8656259179,0.2750845850,0.4183542430,1,9.6,48.9,1931.0,1,1.0000000000,0.0000000000,0.0000000000,-0.0000000000,1.0000000000,-0.0000000000,-0.0000000000,0.0000000000,1.0000000000,0,-123.0,-96.2,2087.2,1,1.0000000000,-0.0000000000,0.0000000000,0.0000000000,1.0000000000,0.0000000000,-0.0000000000,-0.0000000000,1.0000000000,0,-123.0,-477.4,2087.2,0,0.7602463961,0.4899536073,0.4265803099,-0.3731161654,0.8668558598,-0.3306737840,-0.5317984819,0.0922294855,0.8418337107,0,52.7,-89.5,2093.3,1,0.1916778684,0.5494586229,0.8132371902,0.0021543205,0.8283637166,-0.5601864457,-0.9814554453,0.1091273278,0.1575952768,0,-134.1,-419.9,2058.2,0,-88.3,-87.7,1706.9,1,22.2,-75.3,1715.2,1,-123.0,-843.9,2087.2,0,-335.5,-723.6,2018.2,0,
3,0.9985265732,-0.0315142646,-0.0439283140,0.0417039022,0.9660586119,0.2549145818,0.0344050527,-0.2563730478,0.9659622312,1,-54.2,471.2,1958.9,1,0.9985265732,-0.0315142646,-0.0439283140,0.0417039022,0.9660586119,0.2549145818,0.0344050527,-0.2563730478,0.9659622312,1,-48.0,280.5,2009.5,1,0.9986605644,-0.0288233105,-0.0427135676,0.0373916999,0.9757113457,0.2158218324,0.0354565941,-0.2171316594,0.9754951000,1,-42.5,94.5,2050.9,1,-0.2409985960,-0.9680353403,0.0694770664,0.9294159412,-0.2508125603,-0.2707008123,0.2794736922,-0.0006654188,0.9601531029,1,-182.3,275.5,2004.8,1,-0.1234488413,-0.9680353999,0.2183295488,0.4741499126,-0.2508126199,-0.8439638019,0.8717466593,-0.0006654188,0.4899564683,1,-120.1,35.3,1932.6,1,-0.2894532084,0.8842404485,-0.3665185571,-0.9027900696,-0.3794460893,-0.2024619579,-0.3180990219,0.2722860575,0.9081153274,1,86.3,285.5,2014.3,1,0.0553445369,0.8842403889,-0.4637413025,-0.4937717021,-0.3794460893,-0.7824386358,-0.8678286076,0.2722860277,0.4156126082,1,10.0,47.4,1930.4,1,1.0000000000,0.0000000000,0.0000000000,-0.0000000000,1.0000000000,-0.0000000000,-0.0000000000,0.0000000000,1.0000000000,0,-124.9,-94.7,2089.2,1,1.0000000000,-0.0000000000,0.0000000000,0.0000000000,1.0000000000,0.0000000000,-0.0000000000,-0.0000000000,1.0000000000,0,-124.9,-475.9,2089.2,0,0.6429483294,0.5977313519,0.4788889587,-0.4173900783,0.7976973057,-0.4352752566,-0.6421861649,0.0799760073,0.7623653412,1,50.8,-88.1,2095.4,1,0.0634800494,0.5977283716,0.7991815209,0.0523607209,0.7976988554,-0.6007785797,-0.9966086149,0.0799831748,0.0193404723,1,-177.0,-392.2,2064.9,1,-87.9,-88.1,1705.6,1,23.8,-75.6,1714.1,1,-124.9,-842.4,2089.2,0,-396.0,-684.5,2035.6,1,
4,0.9983562231,-0.0342809670,-0.0456927679,0.0449454673,0.9651033282,0.2579641342,0.0352561772,-0.2595959306,0.9650703669,1,-55.0,471.7,1957.9,1,0.9983562231,-0.0342809670,-0.0456927679,0.0449454673,0.9651033282,0.2579641342,0.0352561772,-0.2595959306,0.9650703669,1,-48.2,281.4,2009.1,1,0.9986055493,-0.0281868372,-0.0443916805,0.0372006893,0.9753351808,0.2175483853,0.0371659696,-0.2188982069,0.9750365615,1,-42.9,95.5,2050.8,1,-0.2427612990,-0.9675751925,0.0697524846,0.9308855534,-0.2525821328,-0.2639213204,0.2729819119,0.0008616969,0.9620188475,1,-182.6,276.4,2004.1,1,-0.1226082519,-0.9675750136,0.2208295166,0.4726569057,-0.2525820732,-0.8442735076,0.8726754785,0.0008616969,0.4882997572,1,-119.8,35.5,1933.5,1,-0.2867040336,0.8897912502,-0.3550668359,-0.9045755267,-0.3734895289,-0.2055450380,-0.3155058920,0.2622541785,0.9119642973,1,86.1,286.4,2014.1,1,0.0479104556,0.8897912502,-0.4538460970,-0.4950316548,-0.3734895289,-0.7845057845,-0.8675530553,0.2622542083,0.4225807488,1,10.6,48.1,1931.0,1,1.0000000000,0.0000000000,0.0000000000,-0.0000000000,1.0000000000,-0.0000000000,-0.0000000000,0.0000000000,1.0000000000,0,-125.3,-93.7,2089.3,1,1.0000000000,-0.0000000000,0.0000000000,0.0000000000,1.0000000000,0.0000000000,-0.0000000000,-0.0000000000,1.0000000000,0,-125.3,-474.9,2089.3,0,0.7654681802,0.4877923131,0.4196630418,-0.3693338633,0.8671160936,-0.3342186511,-0.5269258618,0.1008379459,0.8439080119,0,50.4,-87.1,2095.8,1,0.2073842883,0.5468146801,0.8111629486,0.0033826232,0.8287841678,-0.5595581532,-0.9782536030,0.1187874228,0.1700271368,0,-135.6,-417.7,2057.4,0,-87.8,-87.5,1706.3,1,22.5,-75.3,1714.8,1,-125.3,-841.4,2089.3,0,-336.0,-721.5,2013.9,0,
5,0.9982837439,-0.0322845839,-0.0486360081,0.0436044037,0.9663312435,0.2535597682,0.0388136581,-0.2552474141,0.9660931826,1,-54.0,472.1,1959.2,1,0.9982837439,-0.0322845839,-0.0486360081,0.0436044037,0.9663312435,0.2535597682,0.0388136581,-0.2552474141,0.9660931826,1,-47.6,281.3,2009.6,1,0.9984830618,-0.0274663717,-0.0474907383,0.0371266194,0.9756071568,0.2163379192,0.0403915346,-0.2177746743,0.9751598239,1,-42.4,95.3,2051.1,1,-0.2448252141,-0.9665091634,0.0769458339,0.9305638075,-0.2565182745,-0.2612457573,0.2722344100,0.0076434612,0.9622006416,1,-181.9,276.3,2004.1,1,-0.1182053685,-0.9665091634,0.2277884036,0.4714151323,-0.2565183043,-0.8437809348,0.8739537001,0.0076434612,0.4859489799,1,-118.5,35.0,1933.6,1,-0.2899822891,0.8822920322,-0.3707708716,-0.9023635387,-0.3811295033,-0.2011971772,-0.3188263774,0.2762264907,0.9066690207,1,86.7,286.2,2015.0,1,0.0563939661,0.8822920322,-0.4673120081,-0.4970216751,-0.3811294734,-0.7795574665,-0.8659036756,0.2762265205,0.4170248806,1,10.3,48.5,1931.0,1,1.0000000000,0.0000000000,0.0000000000,-0.0000000000,1.0000000000,-0.0000000000,-0.0000000000,0.0000000000,1.0000000000,0,-125.0,-93.9,2089.0,1,1.0000000000,-0.0000000000,0.0000000000,0.0000000000,1.0000000000,0.0000000000,-0.0000000000,-0.0000000000,1.0000000000,0,-125.0,-475.1,2089.0,0,0.6472567916,0.5966016650,0.4744732082,-0.4145429134,0.7978488207,-0.4377112985,-0.6396972537,0.0866221115,0.7637302876,1,50.7,-87.4,2096.1,1,0.0709170774,0.5966008306,0.7993986011,0.0551105030,0.7978488207,-0.6003332734,-0.9959585667,0.0866291448,0.0237021372,1,-176.7,-391.5,2063.1,1,-87.7,-87.7,1706.0,1,24.3,-75.4,1715.2,1,-125.0,-841.6,2089.0,0,-395.3,-683.8,2031.4,1,
6,0.9983949661,-0.0352560207,-0.0440778360,0.0451057404,0.9678148627,0.2475674152,0.0339321271,-0.2491602451,0.9678643942,1,-54.8,471.4,1960.8,1,0.9983949661,-0.0352560207,-0.0440778360,0.0451057404,0.9678148627,0.2475674152,0.0339321271,-0.2491602451,0.9678643942,1,-47.9,280.5,2009.9,1,0.9986725450,-0.0280917864,-0.0429207124,0.0365833528,0.9765684009,0.2120508999,0.0359593108,-0.2133413106,0.9763125777,1,-42.5,94.4,2050.6,1,-0.2473347634,-0.9655606747,0.0807349607,0.9288218021,-0.2599973977,-0.2639912069,0.2758903801,0.0096941888,0.9611402750,1,-182.2,275.6,2005.1,1,-0.1177339330,-0.9655607939,0.2320158631,0.4698520005,-0.2599974275,-0.8435879350,0.8748587370,0.0096941888,0.4842811823,1,-117.9,34.1,1933.3,1,-0.2897206843,0.8805480003,-0.3750964105,-0.9019341469,-0.3823208213,-0.2008625567,-0.3202762902,0.2801182270,0.9049623609,1,86.5,285.5,2014.8,1,0.0573552586,0.8805478811,-0.4704739749,-0.5007206202,-0.3823207617,-0.7766013741,-0.8637066483,0.2801181972,0.4189804196,1,10.4,48.6,1930.6,1,1.0000000000,0.0000000000,0.0000000000,-0.0000000000,1.0000000000,-0.0000000000,-0.0000000000,0.0000000000,1.0000000000,0,-125.0,-94.9,2088.1,1,1.0000000000,-0.0000000000,0.0000000000,0.0000000000,1.0000000000,0.0000000000,-0.0000000000,-0.0000000000,1.0000000000,0,-125.0,-476.1,2088.1,0,0.7683463693,0.4864743948,0.4159164429,-0.3669126630,0.8672432899,-0.3365474939,-0.5244224668,0.1059800386,0.8448368311,0,50.7,-88.5,2094.4,1,0.2139424086,0.5452307463,0.8105257750,0.0061546266,0.8289685249,-0.5592613816,-0.9768267870,0.1246381849,0.1739958525,0,-134.7,-419.1,2054.0,0,-87.2,-88.2,1705.5,1,24.7,-76.2,1715.4,1,-125.0,-842.7,2088.1,0,-334.6,-722.9,2008.3,0,
7,0.9985089898,-0.0352823921,-0.0413883850,0.0445991345,0.9667286277,0.2518658042,0.0311260447,-0.2533382475,0.9668737054,1,-56.1,471.6,1959.5,1,0.9985089898,-0.0352823921,-0.0413883850,0.0445991345,0.9667286277,0.2518658042,0.0311260447,-0.2533382475,0.9668737054,1,-49.1,280.6,2009.5,1,0.9987517595,-0.0293518901,-0.0401436836,0.0373032950,0.9760163426,0.2144532353,0.0328874290,-0.2156848013,0.9759059548,1,-43.5,94.6,2050.6,1,-0.2534247935,-0.9630965590,0.0906700864,0.9272143245,-0.2685597241,-0.2610541582,0.2757706344,0.0179130062,0.9610566497,1,-183.4,275.6,2005.1,1,-0.1147437468,-0.9630963802,0.2434729189,0.4698680043,-0.2685596943,-0.8408921957,0.8752472997,0.0179130137,0.4833437800,1,-117.3,33.6,1933.1,1,-0.2846921682,0.8891525269,-0.3582713008,-0.9045752883,-0.3728897870,-0.2066321969,-0.3173232377,0.2652567923,0.9104640484,1,85.3,285.6,2013.9,1,0.0491493680,0.8891525865,-0.4549640417,-0.4984841347,-0.3728897870,-0.7826026678,-0.8655044436,0.2652567625,0.4249011278,1,10.6,48.4,1930.7,1,1.0000000000,0.0000000000,0.0000000000,-0.0000000000,1.0000000000,-0.0000000000,-0.0000000000,0.0000000000,1.0000000000,0,-125.8,-94.7,2088.8,1,1.0000000000,-0.0000000000,0.0000000000,0.0000000000,1.0000000000,0.0000000000,-0.0000000000,-0.0000000000,1.0000000000,0,-125.8,-475.9,2088.8,0,0.6428413987,0.5971462727,0.4797616601,-0.4119402170,0.7975436449,-0.4407146573,-0.6458020806,0.0856764913,0.7586826086,1,50.0,-88.1,2094.6,1,0.0646103770,0.5971432924,0.7995283008,0.0586466081,0.7975453734,-0.6004015803,-0.9961858988,0.0856817886,0.0165092777,1,-177.6,-392.1,2062.0,1,-87.4,-88.7,1705.2,1,22.8,-75.9,1715.0,1,-125.8,-842.4,2088.8,0,-396.5,-684.4,2030.6,1,
8,0.9984019995,-0.0352489874,-0.0439211614,0.0452886187,0.9660996795,0.2541457415,0.0334750004,-0.2557308376,0.9661650658,1,-55.7,471.5,1959.3,1,0.9984019995,-0.0352489874,-0.0439211614,0.0452886187,0.9660996795,0.2541457415,0.0334750004,-0.2557308376,0.9661650658,1,-48.8,281.1,2009.7,1,0.9986240268,-0.0302148461,-0.0426059403,0.0387030132,0.9758126140,0.2151311487,0.0350764319,-0.2164858729,0.9756523371,1,-43.0,95.1,2051.0,1,-0.2539201975,-0.9624059200,0.0964338332,0.9275418520,-0.2705545425,-0.2578108311,0.2742092907,0.0239830390,0.9613709450,1,-183.1,275.9,2005.0,1,-0.1102200598,-0.9624059796,0.2482468635,0.4697146416,-0.2705546021,-0.8403383493,0.8759108186,0.0239830390,0.4818766713,1,-116.8,33.8,1933.4,1,-0.2846127450,0.8888823986,-0.3590037525,-0.9053779840,-0.3723306060,-0.2041092217,-0.3150971234,0.2669419944,0.9107446671,1,85.6,286.3,2014.5,1,0.0529548489,0.8888823986,-0.4550647140,-0.4952640831,-0.3723305762,-0.7849098444,-0.8671269417,0.2669419944,0.4205148518,1,10.7,48.1,1931.6,1,1.0000000000,0.0000000000,0.0000000000,-0.0000000000,1.0000000000,-0.0000000000,-0.0000000000,0.0000000000,1.0000000000,0,-125.1,-94.3,2089.2,1,1.0000000000,-0.0000000000,0.0000000000,0.0000000000,1.0000000000,0.0000000000,-0.0000000000,-0.0000000000,1.0000000000,0,-125.1,-475.5,2089.2,0,0.7653651237,0.4869796336,0.4207933843,-0.3653087318,0.8669965863,-0.3389195502,-0.5298733711,0.1056776866,0.8414668441,0,50.6,-87.5,2095.3,1,0.2082996368,0.5458565354,0.8115737438,0.0091946125,0.8286452293,-0.5596985817,-0.9780218601,0.1240471154,0.1675875783,0,-135.0,-418.0,2055.1,0,-88.1,-88.5,1705.4,1,23.9,-75.3,1715.4,1,-125.1,-842.0,2089.2,0,-335.1,-721.7,2009.6,0,
9,0.9982669950,-0.0347177759,-0.0472844429,0.0456966087,0.9656631947,0.2557265759,0.0367837846,-0.2574462295,0.9655890465,1,-54.4,470.8,1959.4,1,0.9982669950,-0.0347177759,-0.0472844429,0.0456966087,0.9656631947,0.2557265759,0.0367837846,-0.2574462295,0.9655890465,1,-47.6,280.3,2010.2,1,0.9984598756,-0.0309034735,-0.0458365977,0.0399888344,0.9762541652,0.2128808200,0.0381706245,-0.2143876404,0.9759994149,1,-41.7,94.2,2051.0,1,-0.2537758350,-0.9618661404,0.1020365506,0.9272009730,-0.2719529271,-0.2575655580,0.2754926980,0.0292444751,0.9608582854,1,-181.9,274.9,2005.0,1,-0.1081490815,-0.9618660808,0.2512317896,0.4763439894,-0.2719529271,-0.8361448050,0.8725823760,0.0292444602,0.4875906706,1,-116.3,35.1,1933.8,1,-0.2912778854,0.8855274320,-0.3619368970,-0.9025906324,-0.3797624707,-0.2027575076,-0.3169974089,0.2676220536,0.9098851681,1,86.7,285.6,2015.3,1,0.0502314307,0.8855274916,-0.4618635178,-0.4944031835,-0.3797624707,-0.7818861604,-0.8677800894,0.2676220536,0.4187316000,1,10.2,48.6,1932.0,1,1.0000000000,0.0000000000,0.0000000000,-0.0000000000,1.0000000000,-0.0000000000,-0.0000000000,0.0000000000,1.0000000000,0,-123.6,-95.4,2088.5,1,1.0000000000,-0.0000000000,0.0000000000,0.0000000000,1.0000000000,0.0000000000,-0.0000000000,-0.0000000000,1.0000000000,0,-123.6,-476.6,2088.5,0,0.6434444189,0.6007153988,0.4744686186,-0.4175264835,0.7949162126,-0.4402045608,-0.6416003704,0.0851439685,0.7622988224,1,52.0,-88.4,2095.3,1,0.0667260140,0.6007112265,0.7966766357,0.0562863499,0.7949184775,-0.6040998101,-0.9961825013,0.0851511881,0.0192298908,1,-176.9,-391.3,2062.8,1,-88.1,-88.9,1706.6,1,22.8,-74.7,1715.8,1,-123.6,-843.1,2088.5,0,-397.1,-682.7,2031.6,1,
10,0.9986791611,-0.0287497789,-0.0423248857,0.0380119048,0.9706098437,0.2376156002,0.0342507176,-0.2389124781,0.9704335928,1,-54.1,472.3,1963.9,1,0.9986791611,-0.0287497789,-0.0423248857,0.0380119048,0.9706098437,0.2376156002,0.0342507176,-0.2389124781,0.9704335928,1,-48.4,281.1,2010.9,1,0.9988906384,-0.0221692622,-0.0412815288,0.0299140569,0.9798106551,0.1976506710,0.0360674858,-0.1986678243,0.9793998599,1,-44.2,94.4,2048.8,1,-0.2559150755,-0.9605947137,0.1084683016,0.9253531694,-0.2758866847,-0.2600156069,0.2796945572,0.0338295773,0.9594928622,1,-182.8,277.1,2006.1,1,-0.1067290902,-0.9605947137,0.2566452622,0.4784888327,-0.2758866847,-0.8336276412,0.8715832829,0.0338295698,0.4890789688,1,-116.0,35.4,1933.0,1,-0.2892018855,0.8823549747,-0.3712305725,-0.9017712474,-0.3812389374,-0.2036310434,-0.3212023973,0.2758745551,0.9059372544,1,85.9,285.1,2015.8,1,0.0569576323,0.8823549151,-0.4671249092,-0.4954079390,-0.3812388778,-0.7805305123,-0.8667911291,0.2758745551,0.4154111147,1,10.1,48.7,1931.6,1,1.0000000000,0.0000000000,0.0000000000,-0.0000000000,1.0000000000,-0.0000000000,-0.0000000000,0.0000000000,1.0000000000,0,-127.8,-95.0,2083.5,1,1.0000000000,-0.0000000000,0.0000000000,0.0000000000,1.0000000000,0.0000000000,-0.0000000000,-0.0000000000,1.0000000000,0,-127.8,-476.2,2083.5,0,0.7657744884,0.4901274741,0.4163706303,-0.3697885573,0.8652780056,-0.3384529352,-0.5261614323,0.1052094847,0.8438513279,0,47.9,-89.7,2089.8,1,0.2101393938,0.5492583513,0.8087994456,0.0067804158,0.8264327049,-0.5629947186,-0.9776478410,0.1237913519,0.1699418426,0,-138.9,-419.6,2049.7,0,-88.2,-89.2,1706.1,1,24.3,-74.8,1715.5,1,-127.8,-842.7,2083.5,0,-340.3,-722.5,2004.3,0,
11,0.9990504980,-0.0296091493,-0.0316161551,0.0359812826,0.9736553431,0.2251450270,0.0241179243,-0.2260705233,0.9738091230,1,-55.9,474.3,1967.6,1,0.9990504980,-0.0296091493,-0.0316161551,0.0359812826,0.9736553431,0.2251450270,0.0241179243,-0.2260705233,0.9738091230,1,-50.0,282.5,2012.1,1,0.9993162155,-0.0201969296,-0.0306158327,0.0255458653,0.9822383523,0.1858622730,0.0263192393,-0.1865186542,0.9820957184,1,-46.2,95.3,2047.7,1,-0.2566494644,-0.9605457783,0.1071581990,0.9239611030,-0.2763721943,-0.2644130588,0.2835963964,0.0311485380,0.9584377408,1,-184.5,279.0,2008.6,1,-0.1094488874,-0.9605457187,0.2556809783,0.4785831869,-0.2763721943,-0.8334125876,0.8711940050,0.0311485380,0.4899497032,1,-116.9,36.0,1934.0,1,-0.2831701040,0.8875487447,-0.3634169698,-0.9030325413,-0.3743693829,-0.2106650770,-0.3230277300,0.2685233057,0.9074956179,1,84.4,285.9,2015.7,1,0.0531509109,0.8875488043,-0.4576376677,-0.4957468808,-0.3743694425,-0.7836343050,-0.8668390512,0.2685233355,0.4201014936,1,9.8,48.2,1930.7,1,1.0000000000,0.0000000000,0.0000000000,-0.0000000000,1.0000000000,-0.0000000000,-0.0000000000,0.0000000000,1.0000000000,0,-130.2,-94.2,2080.9,1,1.0000000000,-0.0000000000,0.0000000000,0.0000000000,1.0000000000,0.0000000000,-0.0000000000,-0.0000000000,1.0000000000,0,-130.2,-475.4,2080.9,0,0.6293349266,0.5993570089,0.4946804941,-0.4174409509,0.7976327538,-0.4353447855,-0.6555004120,0.0674777701,0.7521741986,1,45.6,-89.7,2085.6,1,0.0353102311,0.5993529558,0.7997056246,0.0578787550,0.7976350784,-0.6003567576,-0.9976988435,0.0674847066,-0.0065251281,1,-182.7,-393.5,2059.8,1,-88.4,-88.7,1707.2,1,23.1,-75.4,1714.6,1,-130.2,-841.9,2080.9,0,-402.3,-685.7,2035.1,1,
12,0.9990885854,-0.0266665556,-0.0329986550,0.0331938118,0.9757074714,0.2165237963,0.0264241565,-0.2174234390,0.9757164717,1,-54.6,474.4,1969.5,1,0.9990885854,-0.0266665556,-0.0329986550,0.0331938118,0.9757074714,0.2165237963,0.0264241565,-0.2174234390,0.9757164717,1,-49.3,282.2,2012.3,1,0.9992957711,-0.0187794715,-0.0321464278,0.0242641792,0.9834011793,0.1797856688,0.0282376204,-0.1804403514,0.9831774235,1,-45.8,94.8,2046.7,1,-0.2537831664,-0.9617196918,0.1033904478,0.9256948233,-0.2724838555,-0.2623772025,0.2805055380,0.0291210860,0.9594106078,1,-183.7,279.0,2008.5,1,-0.1098745987,-0.9617195129,0.2510438859,0.4807699025,-0.2724837959,-0.8334343433,0.8699355125,0.0291210860,0.4923049212,1,-117.6,37.7,1935.4,1,-0.2846249640,0.8885797262,-0.3597426414,-0.9020366669,-0.3752847612,-0.2132865340,-0.3245279789,0.2637943923,0.9083469510,1,85.1,285.5,2016.1,1,0.0474460684,0.8885797858,-0.4562620223,-0.4967895150,-0.3752848208,-0.7825353742,-0.8665732145,0.2637944221,0.4236312807,1,10.4,48.7,1930.9,1,1.0000000000,0.0000000000,0.0000000000,-0.0000000000,1.0000000000,-0.0000000000,-0.0000000000,0.0000000000,1.0000000000,0,-130.1,-94.7,2078.6,1,1.0000000000,-0.0000000000,0.0000000000,0.0000000000,1.0000000000,0.0000000000,-0.0000000000,-0.0000000000,1.0000000000,0,-130.1,-475.9,2078.6,0,0.7563186288,0.4898585677,0.4336136281,-0.3702639937,0.8669604063,-0.3335929811,-0.5393391848,0.0917511210,0.8370752335,0,45.7,-90.5,2083.6,1,0.1822863221,0.5494670868,0.8153878450,0.0076316297,0.8284665346,-0.5599864721,-0.9832158089,0.1083005369,0.1468248367,0,-141.0,-420.9,2048.6,0,-89.0,-87.4,1708.9,1,22.2,-75.1,1714.9,1,-130.1,-842.5,2078.6,0,-342.4,-724.6,2008.9,0,
13,0.9989328384,-0.0265569426,-0.0374967940,0.0347223654,0.9707647562,0.2374860346,0.0300947800,-0.2385364324,0.9706639051,1,-54.7,473.9,1963.4,1,0.9989328384,-0.0265569426,-0.0374967940,0.0347223654,0.9707647562,0.2374860346,0.0300947800,-0.2385364324,0.9706639051,1,-49.4,282.6,2010.4,1,0.9991517663,-0.0183182973,-0.0365830436,0.0252066031,0.9799196720,0.1977661997,0.0322268233,-0.1985221058,0.9795632958,1,-45.9,95.9,2048.2,1,-0.2491066754,-0.9643485546,0.0893192366,0.9290773273,-0.2639921010,-0.2590823174,0.2734252214,0.0184453428,0.9617164135,1,-183.8,279.2,2006.0,1,-0.1155284420,-0.9643484354,0.2380866259,0.4826770127,-0.2639921010,-0.8350635767,0.8681451082,0.0184453428,0.4959675074,1,-119.3,38.4,1935.2,1,-0.2783940136,0.8947172165,-0.3492535353,-0.9055597782,-0.3656959236,-0.2150070667,-0.3200910985,0.2564132810,0.9120274186,1,85.0,286.0,2014.7,1,0.0485852286,0.8947172165,-0.4439827800,-0.4910049140,-0.3656959236,-0.7906836867,-0.8698010445,0.2564132810,0.4215430319,1,11.3,46.5,1930.1,1,1.0000000000,0.0000000000,0.0000000000,-0.0000000000,1.0000000000,-0.0000000000,-0.0000000000,0.0000000000,1.0000000000,0,-130.3,-93.1,2083.2,1,1.0000000000,-0.0000000000,0.0000000000,0.0000000000,1.0000000000,0.0000000000,-0.0000000000,-0.0000000000,1.0000000000,0,-130.3,-474.3,2083.2,0,0.6399149895,0.5888540149,0.4937205613,-0.4113364220,0.8051781654,-0.4271891117,-0.6490850449,0.0702795610,0.7574626207,1,45.4,-88.6,2088.9,1,0.0466756225,0.5888481140,0.8068948388,0.0529427789,0.8051815629,-0.5906603336,-0.9975060225,0.0702886954,0.0064070979,1,-178.9,-395.4,2062.1,1,-89.2,-87.3,1709.1,1,23.4,-75.9,1713.3,1,-130.3,-840.8,2083.2,0,-394.7,-690.5,2036.3,1,
14,0.9988951087,-0.0282890573,-0.0372354053,0.0367788821,0.9670317173,0.2519654036,0.0288810544,-0.2530585229,0.9670165777,1,-55.3,473.3,1960.3,1,0.9988951087,-0.0282890573,-0.0372354053,0.0367788821,0.9670317173,0.2519654036,0.0288810544,-0.2530585229,0.9670165777,1,-49.7,282.6,2010.2,1,0.9991502762,-0.0191965606,-0.0361702107,0.0263264030,0.9776963592,0.2083414942,0.0313651524,-0.2091183662,0.9773840904,1,-46.1,96.2,2050.1,1,-0.2557407618,-0.9613322020,0.1021620929,0.9273409247,-0.2738065124,-0.2550857067,0.2731947303,0.0295032710,0.9615063071,1,-184.1,279.0,2006.0,1,-0.1105779409,-0.9613322020,0.2522160709,0.4818987846,-0.2738064528,-0.8323482275,0.8692215085,0.0295032635,0.4935417771,1,-117.6,37.8,1934.9,1,-0.2746687531,0.8980116248,-0.3437037170,-0.9070401788,-0.3606138825,-0.2173380107,-0.3191164136,0.2520571351,0.9135819077,1,84.7,286.1,2014.4,1,0.0488924459,0.8980116248,-0.4372467399,-0.4875524044,-0.3606139123,-0.7951416969,-0.8717237115,0.2520571351,0.4201964438,1,12.0,46.0,1930.0,1,1.0000000000,0.0000000000,0.0000000000,-0.0000000000,1.0000000000,-0.0000000000,-0.0000000000,0.0000000000,1.0000000000,0,-130.3,-92.4,2087.2,1,1.0000000000,-0.0000000000,0.0000000000,0.0000000000,1.0000000000,0.0000000000,-0.0000000000,-0.0000000000,1.0000000000,0,-130.3,-473.6,2087.2,0,0.7634719014,0.4805769324,0.4314584732,-0.3639714718,0.8720278740,-0.3272493184,-0.5335122943,0.0928070545,0.8406851292,0,45.5,-87.8,2092.7,1,0.1926544905,0.5392191410,0.8198335767,0.0042968094,0.8350133896,-0.5502128601,-0.9812572598,0.1095236838,0.1585521698,0,-137.7,-420.2,2057.3,0,-88.8,-87.7,1708.6,1,24.2,-75.5,1712.7,1,-130.3,-840.1,2087.2,0,-335.3,-726.2,2017.2,0,
15,0.9986765981,-0.0281717349,-0.0427698269,0.0379094295,0.9681426287,0.2474919260,0.0344361886,-0.2487877905,0.9679424763,1,-54.7,470.2,1960.8,1,0.9986765981,-0.0281717349,-0.0427698269,0.0379094295,0.9681426287,0.2474919260,0.0344361886,-0.2487877905,0.9679424763,1,-49.1,279.9,2009.7,1,0.9988828897,-0.0215923842,-0.0417693704,0.0298453607,0.9775881171,0.2083750367,0.0363351032,-0.2093905658,0.9771536589,1,-45.0,93.5,2049.6,1,-0.2654643059,-0.9558214545,0.1262304485,0.9253703952,-0.2893474698,-0.2448831201,0.2705889940,0.0518021956,0.9613002539,1,-183.5,275.8,2004.8,1,-0.0996114761,-0.9558214545,0.2765555680,0.4846360683,-0.2893474698,-0.8254731894,0.8690255284,0.0518022031,0.4920479059,1,-115.3,38.0,1935.3,1,-0.2821124196,0.8961678147,-0.3424850702,-0.9051011205,-0.3669890761,-0.2147348821,-0.3181267083,0.2494042367,0.9146546125,1,85.2,283.9,2014.6,1,0.0380812325,0.8961678743,-0.4420782924,-0.4963948131,-0.3669890463,-0.7867091894,-0.8672612906,0.2494042367,0.4308776259,1,11.4,47.2,1931.4,1,1.0000000000,0.0000000000,0.0000000000,-0.0000000000,1.0000000000,-0.0000000000,-0.0000000000,0.0000000000,1.0000000000,0,-128.8,-95.4,2086.3,1,1.0000000000,-0.0000000000,0.0000000000,0.0000000000,1.0000000000,0.0000000000,-0.0000000000,-0.0000000000,1.0000000000,0,-128.8,-476.6,2086.3,0,0.6426589489,0.5937900543,0.4841514528,-0.4159603417,0.8010987043,-0.4303691387,-0.6434020400,0.0751927868,0.7618265748,1,46.9,-90.1,2092.7,1,0.0573531576,0.5937873721,0.8025753498,0.0510835946,0.8011000752,-0.5963464975,-0.9970461726,0.0752007812,0.0156128230,1,-179.3,-395.4,2064.1,1,-89.3,-88.2,1709.0,1,20.9,-76.5,1715.3,1,-128.8,-843.1,2086.3,0,-396.9,-689.0,2036.5,1,
16,0.9987143874,-0.0315281600,-0.0394139029,0.0398723781,0.9716278911,0.2331075519,0.0309473183,-0.2343812585,0.9716488123,1,-55.8,475.3,1964.1,1,0.9987143874,-0.0315281600,-0.0394139029,0.0398723781,0.9716278911,0.2331075519,0.0309473183,-0.2343812585,0.9716488123,1,-49.6,283.5,2010.3,1,0.9989617467,-0.0240947679,-0.0383775048,0.0311945621,0.9799530506,0.1967446506,0.0328687690,-0.1977390945,0.9797003269,1,-45.0,96.7,2048.0,1,-0.2581425607,-0.9596529007,0.1114835590,0.9264268279,-0.2786181271,-0.2531898916,0.2740357518,0.0379222706,0.9609715343,1,-184.0,279.3,2005.9,1,-0.1031043828,-0.9596529603,0.2616021037,0.4741377532,-0.2786181569,-0.8352037668,0.8743928075,0.0379222631,0.4837344885,1,-116.1,35.7,1933.9,1,-0.2781740427,0.8999930024,-0.3356069028,-0.9070554972,-0.3610857129,-0.2164891809,-0.3160215318,0.2441924214,0.9167882204,1,84.8,287.7,2014.8,1,0.0348874144,0.8999930620,-0.4345062673,-0.4987326860,-0.3610857427,-0.7879613042,-0.8660535216,0.2441924065,0.4362585545,1,10.8,46.4,1930.7,1,1.0000000000,0.0000000000,0.0000000000,-0.0000000000,1.0000000000,-0.0000000000,-0.0000000000,0.0000000000,1.0000000000,0,-128.3,-92.8,2082.8,1,1.0000000000,-0.0000000000,0.0000000000,0.0000000000,1.0000000000,0.0000000000,-0.0000000000,-0.0000000000,1.0000000000,0,-128.3,-474.0,2082.8,0,0.7652997375,0.4846103489,0.4236379266,-0.3678124249,0.8693624139,-0.3300348520,-0.5282332301,0.0967562646,0.8435685635,0,47.5,-87.3,2088.6,1,0.2020539641,0.5434631705,0.8147528172,0.0024171472,0.8316321373,-0.5553216934,-0.9793714285,0.1141743362,0.1667209268,0,-137.3,-418.7,2051.7,0,-89.3,-87.7,1706.2,1,19.5,-77.9,1714.8,1,-128.3,-840.5,2082.8,0,-336.5,-723.5,2009.9,0,
17,0.9987126589,-0.0311794952,-0.0397338048,0.0400091521,0.9685350060,0.2456194162,0.0308264177,-0.2468949258,0.9685485959,1,-55.7,474.8,1960.6,1,0.9987126589,-0.0311794952,-0.0397338048,0.0400091521,0.9685350060,0.2456194162,0.0308264177,-0.2468949258,0.9685485959,1,-49.6,283.5,2009.4,1,0.9989382029,-0.0247210469,-0.0385908969,0.0321553797,0.9780559540,0.2058206499,0.0326570906,-0.2068446726,0.9778254628,1,-44.9,97.1,2048.8,1,-0.2563401461,-0.9610348940,0.1034491286,0.9285659790,-0.2745645344,-0.2497591078,0.2684306502,0.0320360586,0.9627661705,1,-183.9,279.2,2005.0,1,-0.1067888290,-0.9610348344,0.2549669147,0.4756594300,-0.2745645046,-0.8356808424,0.8731232285,0.0320360363,0.4864457250,1,-117.2,37.4,1935.1,1,-0.2819403410,0.8928542733,-0.3511707187,-0.9062241316,-0.3680219054,-0.2081289291,-0.3150673211,0.2595594525,0.9128863215,1,84.8,287.8,2013.8,1,0.0405683741,0.8928543329,-0.4485147595,-0.5082848072,-0.3680219650,-0.7785926461,-0.8602329493,0.2595594823,0.4388942719,1,10.3,48.5,1930.6,1,1.0000000000,0.0000000000,0.0000000000,-0.0000000000,1.0000000000,-0.0000000000,-0.0000000000,0.0000000000,1.0000000000,0,-128.0,-92.1,2085.4,1,1.0000000000,-0.0000000000,0.0000000000,0.0000000000,1.0000000000,0.0000000000,-0.0000000000,-0.0000000000,1.0000000000,0,-128.0,-473.3,2085.4,0,0.6417859793,0.5935597420,0.4855901003,-0.4100652635,0.8006857634,-0.4367481768,-0.6480411887,0.0811751783,0.7572669983,1,47.7,-86.4,2091.1,1,0.0571907535,0.5935550928,0.8027588129,0.0586546138,0.8006883264,-0.5962029099,-0.9966388941,0.0811827928,0.0109772226,1,-178.5,-391.6,2060.2,1,-89.4,-86.5,1707.8,1,20.4,-78.2,1716.2,1,-128.0,-839.8,2085.4,0,-396.0,-685.0,2030.4,1,
18,0.9991176724,-0.0294842515,-0.0295374952,0.0356459618,0.9709641933,0.2365317941,0.0217069034,-0.2373778522,0.9711715579,1,-56.6,475.2,1963.5,1,0.9991176724,-0.0294842515,-0.0295374952,0.0356459618,0.9709641933,0.2365317941,0.0217069034,-0.2373778522,0.9711715579,1,-50.8,284.1,2010.2,1,0.9993641376,-0.0208104085,-0.0285688713,0.0260876603,0.9796539545,0.1989648938,0.0238480829,-0.1995852143,0.9795870781,1,-46.9,97.4,2048.2,1,-0.2583135366,-0.9601935148,0.1063136682,0.9261690974,-0.2774402499,-0.2554164827,0.2747448683,0.0324869007,0.9609682560,1,-185.3,280.6,2007.0,1,-0.1092972755,-0.9601935744,0.2570653558,0.4801791012,-0.2774402499,-0.8321388364,0.8703345060,0.0324869007,0.4913883209,1,-117.7,38.2,1935.1,1,-0.2769241929,0.8963881731,-0.3461231887,-0.9082559347,-0.3617664576,-0.2102289498,-0.3136624694,0.2561509609,0.9143317938,1,83.6,287.6,2013.4,1,0.0395947136,0.8963881135,-0.4414980412,-0.5102097988,-0.3617664278,-0.7802634239,-0.8591380119,0.2561509311,0.4430220127,1,10.8,48.8,1930.9,1,1.0000000000,0.0000000000,0.0000000000,-0.0000000000,1.0000000000,-0.0000000000,-0.0000000000,0.0000000000,1.0000000000,0,-130.8,-91.6,2084.2,1,1.0000000000,-0.0000000000,0.0000000000,0.0000000000,1.0000000000,0.0000000000,-0.0000000000,-0.0000000000,1.0000000000,0,-130.8,-472.8,2084.2,0,0.7646773458,0.4840877354,0.4253559411,-0.3635442555,0.8690637946,-0.3355051577,-0.5320754051,0.1019175351,0.8405407071,0,45.0,-87.0,2088.4,1,0.2017989159,0.5428272486,0.8152397871,0.0093463957,0.8312587738,-0.5558071136,-0.9793825150,0.1197808683,0.1626735926,0,-139.5,-418.3,2049.5,0,-89.2,-86.8,1708.5,1,20.6,-78.4,1716.8,1,-130.8,-839.4,2084.2,0,-338.5,-723.0,2005.6,0,
19,0.9992803335,-0.0264937468,-0.0267380308,0.0318205692,0.9740428329,0.2240929455,0.0201079044,-0.2247842103,0.9741978049,1,-56.4,474.3,1966.4,1,0.9992803335,-0.0264937468,-0.0267380308,0.0318205692,0.9740428329,0.2240929455,0.0201079044,-0.2247842103,0.9741978049,1,-51.2,283.2,2010.5,1,0.9994549155,-0.0199559871,-0.0258763116,0.0244676620,0.9818958044,0.1878071427,0.0216609482,-0.1883393079,0.9818619490,1,-47.4,96.1,2046.4,1,-0.2605042756,-0.9589736462,0.1118345410,0.9250923991,-0.2810781002,-0.2553410828,0.2762995958,0.0369398445,0.9603613615,1,-185.7,279.9,2007.6,1,-0.1091264412,-0.9589737654,0.2616502643,0.4862540662,-0.2810781002,-0.8273766637,0.8669766784,0.0369398296,0.4969778955,1,-118.5,41.4,1936.4,1,-0.2790223956,0.8960868120,-0.3452172279,-0.9075655341,-0.3635503650,-0.2101331055,-0.3138013482,0.2546754181,0.9146962166,1,83.2,286.5,2013.4,1,0.0388596095,0.8960869312,-0.4421746135,-0.5072953105,-0.3635504246,-0.7813339233,-0.8608957529,0.2546754479,0.4404532015,1,9.9,47.9,1931.0,1,1.0000000000,0.0000000000,0.0000000000,-0.0000000000,1.0000000000,-0.0000000000,-0.0000000000,0.0000000000,1.0000000000,0,-131.5,-93.2,2080.4,1,1.0000000000,-0.0000000000,0.0000000000,0.0000000000,1.0000000000,0.0000000000,-0.0000000000,-0.0000000000,1.0000000000,0,-131.5,-474.4,2080.4,0,0.6291967034,0.5937826633,0.5015311837,-0.4134296477,0.8020913005,-0.4309588075,-0.6581696868,0.0638099015,0.7501605153,1,44.3,-88.9,2084.2,1,0.0309581179,0.5937776566,0.8040334582,0.0564806387,0.8020944595,-0.5945203304,-0.9979236126,0.0638175532,-0.0087056030,1,-182.0,-394.6,2059.9,1,-90.1,-85.2,1710.6,1,19.6,-78.5,1716.4,1,-131.5,-841.0,2080.4,0,-399.5,-688.4,2036.5,1,
20,0.9992974401,-0.0253865216,-0.0271666162,0.0311842784,0.9701378345,0.2405199409,0.0202503707,-0.2412000597,0.9702607989,1,-57.2,472.7,1962.3,1,0.9992974401,-0.0253865216,-0.0271666162,0.0311842784,0.9701378345,0.2405199409,0.0202503707,-0.2412000597,0.9702607989,1,-52.3,282.9,2009.5,1,0.9994395375,-0.0202328768,-0.0262512919,0.0251127966,0.9791800380,0.2014081925,0.0216306560,-0.2019561529,0.9791524410,1,-48.4,96.2,2048.0,1,-0.2592478096,-0.9604212046,0.1018895656,0.9264823198,-0.2771017253,-0.2546468377,0.2728019953,0.0283822417,0.9616514444,1,-186.7,279.5,2006.6,1,-0.1130667403,-0.9604213834,0.2545718849,0.4809360802,-0.2771017551,-0.8318144083,0.8694345355,0.0283822641,0.4932323098,1,-119.8,40.4,1936.2,1,-0.2709549665,0.9058286548,-0.3256651461,-0.9105283618,-0.3509441614,-0.2185775638,-0.3122840822,0.2373026758,0.9198728800,1,82.2,286.2,2012.4,1,0.0327003784,0.9058287740,-0.4223802984,-0.5005542636,-0.3509442210,-0.7913808823,-0.8650873303,0.2373027205,0.4419404566,1,10.6,45.7,1930.0,1,1.0000000000,0.0000000000,0.0000000000,-0.0000000000,1.0000000000,-0.0000000000,-0.0000000000,0.0000000000,1.0000000000,0,-132.5,-92.6,2084.6,1,1.0000000000,-0.0000000000,0.0000000000,0.0000000000,1.0000000000,0.0000000000,-0.0000000000,-0.0000000000,1.0000000000,0,-132.5,-473.8,2084.6,0,0.7562479973,0.4852094650,0.4389312863,-0.3666522503,0.8699023128,-0.3299030662,-0.5418994427,0.0885533839,0.8357650638,0,43.4,-88.1,2088.4,1,0.1785479188,0.5444824696,0.8195484877,0.0067382157,0.8322364092,-0.5543799996,-0.9839082956,0.1045057774,0.1449251771,0,-141.6,-419.8,2054.6,0,-90.4,-84.8,1709.8,1,18.8,-79.0,1714.3,1,-132.5,-840.3,2084.6,0,-341.2,-724.8,2016.3,0,
21,0.9989066124,-0.0285512451,-0.0367184766,0.0367586985,0.9682891965,0.2470916212,0.0285004303,-0.2481732070,0.9682930112,1,-56.3,471.8,1959.8,1,0.9989066124,-0.0285512451,-0.0367184766,0.0367586985,0.9682891965,0.2470916212,0.0285004303,-0.2481732070,0.9682930112,1,-50.7,281.8,2008.5,1,0.9991163015,-0.0216795318,-0.0356990136,0.0286341365,0.9777902961,0.2075948119,0.0304066949,-0.2084352672,0.9775601625,1,-46.6,95.5,2048.2,1,-0.2546002269,-0.9625248313,0.0934064463,0.9286002517,-0.2702993751,-0.2542434931,0.2699633241,0.0220068023,0.9626191854,1,-185.1,278.0,2004.4,1,-0.1145865917,-0.9625247121,0.2457965910,0.4788995683,-0.2702993751,-0.8352205753,0.8703591228,0.0220068023,0.4919254184,1,-119.8,39.6,1935.1,1,-0.2778082192,0.9014374018,-0.3320137560,-0.9083336592,-0.3589817286,-0.2146205902,-0.3126538992,0.2419559062,0.9185341001,1,83.7,285.7,2012.6,1,0.0307111144,0.9014374018,-0.4318186641,-0.5044698715,-0.3589816988,-0.7852657437,-0.8628828526,0.2419558913,0.4437233210,1,10.6,46.6,1930.3,1,1.0000000000,0.0000000000,0.0000000000,-0.0000000000,1.0000000000,-0.0000000000,-0.0000000000,0.0000000000,1.0000000000,0,-130.3,-93.4,2085.3,1,1.0000000000,-0.0000000000,0.0000000000,0.0000000000,1.0000000000,0.0000000000,-0.0000000000,-0.0000000000,1.0000000000,0,-130.3,-474.6,2085.3,0,0.6375277638,0.5923951864,0.4925709963,-0.4205394387,0.8032778502,-0.4217714667,-0.6455267668,0.0617454872,0.7612375617,1,45.4,-88.4,2090.6,1,0.0452395231,0.5923918486,0.8043788075,0.0433642976,0.8032796979,-0.5940212607,-0.9980345368,0.0617545620,0.0106513342,1,-180.2,-394.4,2067.1,1,-89.9,-85.1,1708.5,1,18.2,-79.1,1715.2,1,-130.3,-841.1,2085.3,0,-397.2,-688.6,2044.5,1,
22,0.9987360239,-0.0336254574,-0.0370601341,0.0415213220,0.9702053666,0.2386774570,0.0279313922,-0.2399165034,0.9703882933,1,-57.9,472.7,1961.1,1,0.9987360239,-0.0336254574,-0.0370601341,0.0415213220,0.9702053666,0.2386774570,0.0279313922,-0.2399165034,0.9703882933,1,-51.3,282.0,2008.2,1,0.9989507794,-0.0280552693,-0.0358884521,0.0347348377,0.9788353443,0.2016537040,0.0294725336,-0.2026903331,0.9787960649,1,-46.0,95.5,2046.8,1,-0.2538152635,-0.9631878734,0.0885829777,0.9272429347,-0.2683613896,-0.2611564994,0.2753150165,0.0158524364,0.9612233639,1,-185.7,277.4,2004.3,1,-0.1172354817,-0.9631879330,0.2419193834,0.4723776579,-0.2683614194,-0.8395484686,0.8735646009,0.0158524439,0.4864499569,1,-120.3,38.5,1933.3,1,-0.2771135569,0.8999850750,-0.3365038335,-0.9091143608,-0.3589472473,-0.2113474607,-0.3109966815,0.2473532259,0.9176586866,1,83.0,286.7,2012.2,1,0.0397067443,0.8999851346,-0.4341084659,-0.4975667000,-0.3589472771,-0.7896735072,-0.8665164709,0.2473532856,0.4335500002,1,10.0,47.0,1930.2,1,1.0000000000,0.0000000000,0.0000000000,-0.0000000000,1.0000000000,-0.0000000000,-0.0000000000,0.0000000000,1.0000000000,0,-128.5,-94.1,2082.9,1,1.0000000000,-0.0000000000,0.0000000000,0.0000000000,1.0000000000,0.0000000000,-0.0000000000,-0.0000000000,1.0000000000,0,-128.5,-475.3,2082.9,0,0.7618995905,0.4841158092,0.4302800298,-0.3712273538,0.8707773685,-0.3223926723,-0.5307534933,0.0858991072,0.8431619406,0,47.2,-88.0,2088.1,1,0.1914591193,0.5431865454,0.8174911141,-0.0047951639,0.8334070444,-0.5526388884,-0.9814888835,0.1018877476,0.1621680260,0,-137.3,-419.9,2055.3,0,-89.8,-84.5,1705.9,1,19.9,-77.0,1714.2,1,-128.5,-841.8,2082.9,0,-336.4,-725.4,2018.0,0,
23,0.9983216524,-0.0364873111,-0.0447246321,0.0462792739,0.9690530896,0.2424534708,0.0344952568,-0.2441183776,0.9691283703,1,-58.9,471.0,1959.7,1,0.9983216524,-0.0364873111,-0.0447246321,0.0462792739,0.9690530896,0.2424534708,0.0344952568,-0.2441183776,0.9691283703,1,-51.7,280.6,2007.6,1,0.9985930324,-0.0300547089,-0.0434331745,0.0383387655,0.9780758619,0.2046632171,0.0363310426,-0.2060421109,0.9778652191,1,-46.0,94.2,2046.9,1,-0.2554537356,-0.9629334211,0.0866181403,0.9271194339,-0.2693886459,-0.2605366409,0.2742133737,0.0137502998,0.9615705609,1,-186.0,275.5,2002.7,1,-0.1192371026,-0.9629333615,0.2419542074,0.4708324075,-0.2693886757,-0.8400872946,0.8741277456,0.0137503073,0.4855013788,1,-120.7,38.4,1932.6,1,-0.2770686150,0.8975055218,-0.3430989087,-0.9080879092,-0.3612902761,-0.2117679268,-0.3140211701,0.2528897226,0.9151161909,1,82.6,285.8,2012.5,1,0.0426324494,0.8975055814,-0.4389378130,-0.4996756315,-0.3612903357,-0.7872697711,-0.8651628494,0.2528897524,0.4330589771,1,9.8,47.2,1930.0,1,1.0000000000,0.0000000000,0.0000000000,-0.0000000000,1.0000000000,-0.0000000000,-0.0000000000,0.0000000000,1.0000000000,0,-128.1,-95.6,2083.0,1,1.0000000000,-0.0000000000,0.0000000000,0.0000000000,1.0000000000,0.0000000000,-0.0000000000,-0.0000000000,1.0000000000,0,-128.1,-476.8,2083.0,0,0.6434841752,0.5918751955,0.4853987694,-0.4134458899,0.8024170399,-0.4303365946,-0.6441978812,0.0762286112,0.7610509396,1,47.6,-88.8,2089.4,1,0.0558424741,0.5918709040,0.8040960431,0.0535332114,0.8024194241,-0.5943545103,-0.9970034361,0.0762360692,0.0131243384,1,-178.0,-394.6,2060.3,1,-89.7,-84.2,1705.0,1,20.4,-77.3,1714.4,1,-128.1,-843.3,2083.0,0,-394.8,-688.6,2032.4,1,
