1,0.8215490580,-0.0148182698,0.5699432492,-0.2043455392,0.9255938530,0.3186203241,-0.5322573781,-0.3782285452,0.7573919296,1,171.2,578.5,2035.0,1,0.8215490580,-0.0148182698,0.5699432492,-0.2043455392,0.9255938530,0.3186203241,-0.5322573781,-0.3782285452,0.7573919296,1,174.3,382.2,2115.2,1,0.8215594888,0.0181045234,0.5698332787,-0.1984025538,0.9461005926,0.2559885979,-0.5344850421,-0.3233670890,0.7808691263,1,170.6,188.3,2181.5,1,0.1950578839,-0.9782272577,0.0708786324,0.8101193309,0.2014298439,0.5505747795,-0.5528643131,-0.0499738008,0.8317714334,1,55.2,411.0,2192.7,1,0.1984061152,-0.9782273769,-0.0608800761,0.9783107042,0.2014298588,-0.0483140983,0.0595252365,-0.0499738157,0.9969751239,1,-2.4,172.0,2355.8,1,0.2217848897,0.0850726739,0.9713774920,-0.9693553448,-0.0886975303,0.2290913314,0.1056481823,-0.9924190044,0.0627938882,1,293.5,353.4,2037.6,1,-0.3054541051,0.0850726739,0.9483989477,-0.9503921866,-0.0886975229,-0.2981398404,0.0587570742,-0.9924190044,0.1079454422,1,355.2,83.9,2067.0,1,0.9478334785,0.0264624283,0.3176653683,-0.1243229806,0.9483187795,0.2919508219,-0.2935223281,-0.3162139356,0.9021381736,1,89.2,13.1,2298.3,1,0.9459072948,0.0949805155,0.3102224469,-0.1469180882,0.9779288769,0.1485601813,-0.2892651558,-0.1861014664,0.9389844537,1,78.3,-375.7,2427.9,1,0.8280841112,-0.0792909637,0.5549681187,-0.0643558651,0.9699569941,0.2346096933,-0.5568976402,-0.2299920171,0.7981031537,1,244.6,-24.5,2197.2,1,0.8250405788,0.0723436549,0.5604233146,-0.1410759836,0.9867357016,0.0803131461,-0.5471795797,-0.1453238875,0.8243029714,1,277.1,-422.1,2291.5,1,-55.6,-90.2,2339.9,1,266.4,-192.4,2084.1,1,47.8,-690.2,2487.8,1,255.0,-724.0,2335.9,1,
2,0.8188461661,-0.0183392409,0.5737180114,-0.2035523057,0.9252583981,0.3200988472,-0.5367078185,-0.3788943589,0.7539105415,1,170.9,578.1,2035.4,1,0.8188461661,-0.0183392409,0.5737180114,-0.2035523057,0.9252583981,0.3200988472,-0.5367078185,-0.3788943589,0.7539105415,1,174.8,381.8,2115.8,1,0.8188416958,0.0165101551,0.5737799406,-0.1989956498,0.9457634091,0.2567731142,-0.5384206772,-0.3244370818,0.7777151465,1,171.4,187.9,2182.3,1,0.1898179650,-0.9773901701,0.0931540951,0.8157160282,0.2097972929,0.5390662551,-0.5464214683,-0.0263371691,0.8370962143,1,56.0,410.6,2193.9,1,0.2081438154,-0.9773901701,-0.0372115038,0.9765632749,0.2097972929,-0.0480542779,0.0547746420,-0.0263371877,0.9981514215,1,0.2,170.7,2354.6,1,0.2192108333,0.0706563964,0.9731158018,-0.9701355100,-0.0903695226,0.2251010835,0.1038448289,-0.9933987856,0.0487362966,1,293.5,352.9,2037.7,1,-0.3106833994,0.0706563741,0.9478836656,-0.9483445883,-0.0903695002,-0.3040982783,0.0641732961,-0.9933986664,0.0950829089,1,354.3,83.9,2066.5,1,0.9462827444,0.0303390268,0.3219136596,-0.1264332533,0.9510394335,0.2820259333,-0.2975961864,-0.3075768948,0.9037880301,1,90.5,12.8,2299.7,1,0.9444407821,0.0927936658,0.3153107762,-0.1484979391,0.9762939215,0.1574752331,-0.2932232916,-0.1955490112,0.9358315468,1,78.1,-377.0,2425.8,1,0.8251366019,-0.0762395412,0.5597651601,-0.0634596795,0.9720720053,0.2259398103,-0.5613576174,-0.2219537348,0.7972541451,1,245.5,-24.8,2197.8,1,0.8219181895,0.0738668665,0.5647955537,-0.1455428302,0.9858756661,0.0828631893,-0.5506973267,-0.1503087133,0.8210600615,1,276.7,-423.3,2288.8,1,-55.6,-91.0,2339.9,1,264.0,-191.9,2085.1,1,48.3,-690.1,2488.5,1,254.0,-726.1,2335.0,1,
3,0.8184617758,-0.0186852440,0.5742551088,-0.2047018111,0.9244034886,0.3218312860,-0.5368567705,-0.3809586167,0.7527632117,1,169.3,577.2,2035.1,1,0.8184617758,-0.0186852440,0.5742551088,-0.2047018111,0.9244034886,0.3218312860,-0.5368567705,-0.3809586167,0.7527632117,1,173.3,380.6,2116.1,1,0.8184534311,0.0161187090,0.5743447542,-0.1986265779,0.9459149241,0.2565005124,-0.5391467214,-0.3240146935,0.7773881555,1,170.0,186.7,2182.5,1,0.1983696669,-0.9784191847,0.0578417554,0.8126977086,0.1971850544,0.5483070612,-0.5478795767,-0.0617596246,0.8342744112,1,54.6,409.4,2194.3,1,0.1938815564,-0.9784190655,-0.0714572072,0.9794471264,0.1971850544,-0.0424431637,0.0556174926,-0.0617596097,0.9965402484,1,-3.6,171.0,2355.1,1,0.2228773832,0.0748598874,0.9719679952,-0.9695898294,-0.0863796100,0.2289849520,0.1010999903,-0.9934458733,0.0533313230,1,292.0,351.8,2037.9,1,-0.3066341281,0.0748598874,0.9488791227,-0.9499664307,-0.0863796175,-0.3001707494,0.0594930612,-0.9934458733,0.0976013094,1,353.6,84.0,2065.8,1,0.9457938671,0.0355157331,0.3228196800,-0.1341789365,0.9479319453,0.2888272405,-0.2957531810,-0.3164866865,0.9013135433,1,89.3,11.6,2300.0,1,0.9456382990,0.0858664736,0.3136794567,-0.1361098737,0.9804741144,0.1419311315,-0.2953674495,-0.1769104153,0.9388613105,1,74.7,-377.0,2429.7,1,0.8243235350,-0.0761522800,0.5609736443,-0.0581443198,0.9742824435,0.2176992744,-0.5631250739,-0.2120720893,0.7986961603,1,244.1,-26.0,2198.0,1,0.8206686974,0.0783014819,0.5660136938,-0.1550427377,0.9839190841,0.0886840820,-0.5499675274,-0.1605365872,0.8196117878,1,275.3,-425.4,2284.9,1,-55.6,-91.5,2340.2,1,264.4,-192.2,2083.1,1,47.2,-690.7,2486.3,1,251.3,-728.0,2334.3,1,
4,0.8176581860,-0.0170768593,0.5754486918,-0.2055087537,0.9250468016,0.3194597960,-0.5377723575,-0.3794696629,0.7528617978,1,169.8,578.1,2035.5,1,0.8176581860,-0.0170768593,0.5754486918,-0.2055087537,0.9250468016,0.3194597960,-0.5377723575,-0.3794696629,0.7528617978,1,173.4,380.8,2116.4,1,0.8176564574,0.0166375060,0.5754639506,-0.1984248161,0.9464784265,0.2545708120,-0.5404287577,-0.3223386407,0.7771947384,1,170.0,186.8,2182.4,1,0.1935697496,-0.9776085615,0.0825355798,0.8152328730,0.2070801705,0.5408448577,-0.5458260775,-0.0374054834,0.8370631337,1,54.8,409.6,2194.8,1,0.2046989053,-0.9776086807,-0.0487824827,0.9770399332,0.2070802003,-0.0501074679,0.0590873733,-0.0374054909,0.9975517988,1,-2.2,169.3,2355.7,1,0.2205074430,0.0906598493,0.9711629152,-0.9701638222,-0.0825000629,0.2279821783,0.1007898152,-0.9924588799,0.0697630271,1,292.0,352.1,2038.0,1,-0.3036139309,0.0906598270,0.9484721422,-0.9514102340,-0.0825000554,-0.2966686785,0.0513530746,-0.9924588799,0.1113028601,1,353.0,83.7,2065.9,1,0.9453018904,0.0319465175,0.3246287405,-0.1353866309,0.9438515306,0.3013548851,-0.2967740893,-0.3288217485,0.8965497017,1,89.2,11.6,2299.7,1,0.9451732039,0.0897799134,0.3139858842,-0.1369555891,0.9818052649,0.1315357238,-0.2964637280,-0.1673261672,0.9402718544,1,76.1,-375.3,2434.4,1,0.8240685463,-0.0782659724,0.5610575676,-0.0634417608,0.9714291096,0.2286934555,-0.5629265904,-0.2240535468,0.7955587506,1,244.0,-26.0,2197.4,1,0.8208187222,0.0744399726,0.5663173199,-0.1434397250,0.9865629673,0.0782216787,-0.5528848767,-0.1454382241,0.8204669356,1,276.0,-424.2,2289.2,1,-57.1,-92.6,2339.8,1,264.8,-192.9,2080.8,1,47.3,-690.8,2488.2,1,253.2,-727.4,2333.9,1,
5,0.8245285749,-0.0261430014,0.5652139187,-0.2038609535,0.9181168079,0.3398560882,-0.5278172493,-0.3954471350,0.7516832352,1,169.2,575.6,2029.1,1,0.8245285749,-0.0261430014,0.5652139187,-0.2038609535,0.9181168079,0.3398560882,-0.5278172493,-0.3954471350,0.7516832352,1,174.7,380.0,2113.4,1,0.8244929314,0.0139298011,0.5656987429,-0.1984258890,0.9433376789,0.2659724355,-0.5299399495,-0.3315424621,0.7805384994,1,171.9,186.6,2181.3,1,0.1950350255,-0.9777549505,0.0771797374,0.8072452545,0.2047198415,0.5535747409,-0.5570607185,-0.0456634834,0.8292154074,1,55.1,408.7,2190.2,1,0.2021940351,-0.9777550697,-0.0557937175,0.9778319001,0.2047198713,-0.0439844690,0.0544281080,-0.0456634797,0.9974731207,1,-2.7,169.3,2355.5,1,0.2118645459,0.0991297290,0.9722586870,-0.9720975161,-0.0811290368,0.2201012373,0.1006969661,-0.9917618632,0.0791753903,1,294.3,351.2,2036.5,1,-0.2979090214,0.0986018851,0.9494882226,-0.9532837868,-0.0828286558,-0.2904983759,0.0500011481,-0.9916738272,0.1186709926,1,352.7,83.5,2064.2,1,0.9493625164,0.0299819745,0.3127487004,-0.1266029775,0.9475474954,0.2934713066,-0.2875454128,-0.3182056248,0.9033619165,1,91.0,12.0,2299.4,1,0.9474548697,0.1002692580,0.3037687540,-0.1474944353,0.9795714021,0.1366941780,-0.2838569582,-0.1743157506,0.9428887963,1,78.7,-376.4,2429.9,1,0.8301827908,-0.0790726542,0.5518552661,-0.0625309050,0.9704360962,0.2331173867,-0.5539734960,-0.2280380130,0.8006948829,1,247.0,-25.5,2199.1,1,0.8266326189,0.0788670257,0.5571879745,-0.1402535439,0.9877595305,0.0682651326,-0.5449838638,-0.1345777810,0.8275755644,1,279.4,-423.4,2292.6,1,-56.9,-92.8,2340.9,1,266.0,-193.6,2078.8,1,46.4,-692.0,2486.0,1,255.2,-726.8,2334.0,1,
6,0.8271434307,-0.0172380991,0.5617242455,-0.2037574500,0.9223214388,0.3283384144,-0.5237501860,-0.3860394657,0.7593790293,1,168.9,575.2,2032.9,1,0.8271434307,-0.0172380991,0.5617242455,-0.2037574500,0.9223214388,0.3283384144,-0.5237501860,-0.3860394657,0.7593790293,1,172.6,379.5,2114.8,1,0.8271516562,0.0214926898,0.5615655184,-0.2001706511,0.9449978471,0.2586714923,-0.5251186490,-0.3263702989,0.7859579921,1,168.2,185.8,2181.7,1,0.1928812861,-0.9792664647,0.0619183257,0.7978796363,0.1932582557,0.5709984899,-0.5711259246,-0.0607315525,0.8186127543,1,52.6,408.5,2191.0,1,0.1897184402,-0.9792665243,-0.0710210577,0.9800330400,0.1932582557,-0.0467610508,0.0595169403,-0.0607315488,0.9963781238,1,-4.0,174.3,2358.7,1,0.2165746242,0.1039825827,0.9707126617,-0.9721542001,-0.0681919679,0.2242009789,0.0895077959,-0.9922386408,0.0863184556,1,292.5,350.4,2038.7,1,-0.2911729515,0.1010275483,0.9513211250,-0.9555910230,-0.0779406279,-0.2842027843,0.0454342552,-0.9918261170,0.1192352027,1,352.3,82.4,2063.3,1,0.9504996538,0.0423861817,0.3078208268,-0.1346286684,0.9490156770,0.2850338519,-0.2800453007,-0.3123661280,0.9077455401,1,85.5,11.0,2298.3,1,0.9497088194,0.0939351469,0.2987132072,-0.1433452070,0.9785402417,0.1480244696,-0.2783982158,-0.1833992302,0.9427933693,1,68.1,-378.0,2426.3,1,0.8333184123,-0.0703796670,0.5482946038,-0.0581297390,0.9752063155,0.2135262638,-0.5497282147,-0.2098075897,0.8085663319,1,242.0,-26.9,2198.9,1,0.8301371336,0.0735058114,0.5526927114,-0.1455902159,0.9854579568,0.0876127854,-0.5382153988,-0.1531972736,0.8287670612,1,270.8,-426.6,2284.9,1,-54.9,-88.4,2342.7,1,267.6,-195.4,2076.5,1,37.8,-693.7,2485.5,1,248.1,-731.9,2332.4,1,
7,0.8240892887,-0.0175431799,0.5661861300,-0.2045404762,0.9228694439,0.3263053894,-0.5282403231,-0.3847137392,0.7569377422,1,168.0,574.5,2034.3,1,0.8240892887,-0.0175431799,0.5661861300,-0.2045404762,0.9228694439,0.3263053894,-0.5282403231,-0.3847137392,0.7569377422,1,171.8,378.7,2116.0,1,0.8240929246,0.0237197448,0.5659557581,-0.2034389377,0.9448566437,0.2566294074,-0.5286598802,-0.3266247213,0.7834744453,1,166.9,185.0,2182.9,1,0.1847265959,-0.9784646630,0.0921036303,0.8114583492,0.2047223449,0.5473793149,-0.5544469357,-0.0263772607,0.8318009973,1,52.2,408.2,2192.6,1,0.2034183294,-0.9784646034,-0.0350424238,0.9780500531,0.2047223300,-0.0388164558,0.0451544933,-0.0263772663,0.9986317754,1,-2.0,170.1,2355.4,1,0.2268809676,0.0816663876,0.9704924822,-0.9698798656,-0.0717521906,0.2327757031,0.0886449069,-0.9940735102,0.0629273877,1,291.3,349.2,2039.3,1,-0.2999908030,0.0816663876,0.9504399896,-0.9529204369,-0.0717521906,-0.2946084738,0.0441365391,-0.9940735102,0.0993465781,1,353.2,84.7,2063.5,1,0.9490942359,0.0337625965,0.3131777048,-0.1300744563,0.9475178123,0.2920458317,-0.2868812382,-0.3179154396,0.9036752582,1,84.1,10.6,2299.9,1,0.9486160874,0.0874246657,0.3041122556,-0.1357245445,0.9805943966,0.1414686739,-0.2858429253,-0.1754749715,0.9420734048,1,70.2,-377.8,2430.2,1,0.8298941255,-0.0796204731,0.5522103310,-0.0507417172,0.9748914242,0.2168223858,-0.5556085706,-0.2079597414,0.8050166368,1,240.0,-27.9,2199.9,1,0.8269155622,0.0718237981,0.5577203035,-0.1491678059,0.9842947125,0.0944082662,-0.5421804190,-0.1612615734,0.8246424198,1,272.6,-427.5,2285.1,1,-56.5,-92.0,2343.3,1,266.0,-192.4,2076.3,1,42.2,-691.8,2486.4,1,250.5,-730.3,2334.7,1,
8,0.8260614872,-0.0166834723,0.5633308887,-0.2061072886,0.9213772416,0.3295203447,-0.5245378613,-0.3883116543,0.7576750517,1,167.6,573.1,2034.6,1,0.8260614872,-0.0166834723,0.5633308887,-0.2061072886,0.9213772416,0.3295203447,-0.5245378613,-0.3883116543,0.7576750517,1,171.1,377.8,2116.9,1,0.8260707855,0.0253662709,0.5629931688,-0.2041175961,0.9446265101,0.2569373846,-0.5253008008,-0.3271660805,0.7855053544,1,165.9,184.1,2183.9,1,0.1853383034,-0.9788204432,0.0869517028,0.8133031130,0.2024547160,0.5454816818,-0.5515323281,-0.0303805619,0.8336001635,1,51.3,407.4,2193.1,1,0.2009156495,-0.9788202643,-0.0392909385,0.9784687161,0.2024546713,-0.0401382484,0.0472427681,-0.0303805526,0.9984213114,1,-3.1,168.5,2355.0,1,0.2352031022,0.0988073573,0.9669108987,-0.9678317308,-0.0676308870,0.2423382252,0.0893378332,-0.9928057790,0.0797218978,1,291.0,348.2,2040.7,1,-0.3075064123,0.0988073573,0.9464020729,-0.9509321451,-0.0676308796,-0.3019174635,0.0341743417,-0.9928057194,0.1147560179,1,354.6,86.4,2064.8,1,0.9504354596,0.0257000979,0.3098577559,-0.1219627932,0.9475221634,0.2955109477,-0.2860024273,-0.3186552227,0.9036931992,1,82.6,9.8,2300.7,1,0.9491735101,0.0901758373,0.3015596569,-0.1370572001,0.9808926582,0.1380762458,-0.2833465040,-0.1723892093,0.9433964491,1,72.1,-378.6,2431.3,1,0.8318070769,-0.0807071999,0.5491661429,-0.0486197472,0.9749759436,0.2169286162,-0.5529314280,-0.2071430385,0.8070679903,1,238.9,-28.8,2201.3,1,0.8291105032,0.0687403306,0.5548428893,-0.1440228224,0.9851794839,0.0931601748,-0.5402159691,-0.1571501046,0.8267228007,1,272.0,-428.5,2286.2,1,-57.0,-93.7,2342.4,1,265.2,-190.0,2074.7,1,43.3,-691.0,2486.2,1,251.1,-727.1,2333.8,1,
9,0.8268330693,-0.0208832733,0.5620573759,-0.2027560472,0.9210529923,0.3324925601,-0.5246283412,-0.3888773918,0.7573222518,1,164.8,572.0,2036.2,1,0.8268330693,-0.0208832733,0.5620573759,-0.2027560472,0.9210529923,0.3324925601,-0.5246283412,-0.3888773918,0.7573222518,1,169.3,376.8,2118.6,1,0.8268340826,0.0243079383,0.5619182587,-0.2022091597,0.9451133013,0.2566560209,-0.5248377919,-0.3258377910,0.7863665223,1,164.3,183.1,2185.4,1,0.1767367274,-0.9778569341,0.1120716110,0.8201091886,0.2092630267,0.5325692296,-0.5442289114,-0.0022135824,0.8389338255,1,49.3,406.1,2194.7,1,0.2090332210,-0.9778569341,-0.0100511042,0.9771817923,0.2092630416,-0.0363969803,0.0376943611,-0.0022135777,0.9992868900,1,-2.4,166.2,2353.9,1,0.2406674027,0.0959398597,0.9658544660,-0.9671442509,-0.0602850094,0.2469770312,0.0819214806,-0.9935598969,0.0782790557,1,289.2,347.5,2042.5,1,-0.3106859922,0.0959398821,0.9456584454,-0.9501104355,-0.0602850169,-0.3060325682,0.0276483037,-0.9935599566,0.1098831892,1,354.7,84.4,2064.8,1,0.9508493543,0.0294686966,0.3082485199,-0.1207880229,0.9519017935,0.2815906405,-0.2851242125,-0.3049830198,0.9086746573,1,81.1,8.4,2301.8,1,0.9500257969,0.0812678263,0.3014077246,-0.1315321177,0.9798373580,0.1503931284,-0.2831084430,-0.1825221330,0.9415600300,1,69.0,-381.8,2426.9,1,0.8316804171,-0.0913808569,0.5476835370,-0.0388787165,0.9743598104,0.2216106802,-0.5538917780,-0.2056024820,0.8068032861,1,237.5,-29.8,2202.5,1,0.8280090690,0.0801208988,0.5549610257,-0.1510045230,0.9850349426,0.0830891356,-0.5399988294,-0.1526001543,0.8277164698,1,275.0,-429.2,2286.8,1,-58.4,-95.7,2343.8,1,264.3,-191.9,2072.8,1,43.4,-690.4,2484.4,1,250.8,-727.1,2333.0,1,
10,0.8321617246,-0.0288366284,0.5537803769,-0.1973830014,0.9178391099,0.3443998694,-0.5182127953,-0.3959042430,0.7580982447,1,160.2,568.7,2035.5,1,0.8321617246,-0.0288366284,0.5537803769,-0.1973830014,0.9178391099,0.3443998694,-0.5182127953,-0.3959042430,0.7580982447,1,166.4,374.2,2119.4,1,0.8321695924,0.0186168961,0.5542063117,-0.1988148093,0.9430068731,0.2668534219,-0.5176525116,-0.3322525620,0.7884424329,1,162.5,180.9,2187.5,1,0.1787354052,-0.9796342850,0.0914906636,0.8172088861,0.1995959729,0.5406765342,-0.5479263663,-0.0218710527,0.8362407088,1,45.6,403.1,2194.4,1,0.1984055936,-0.9796341658,-0.0308561772,0.9789770246,0.1995959431,-0.0420171507,0.0473202020,-0.0218710508,0.9986402988,1,-6.5,164.6,2354.3,1,0.2507212758,0.1120508462,0.9615526199,-0.9645759463,-0.0552694276,0.2579502761,0.0820480064,-0.9921641350,0.0942243487,1,287.1,345.4,2044.3,1,-0.3114589751,0.1120508611,0.9436302185,-0.9500938058,-0.0552694350,-0.3070294559,0.0177509952,-0.9921643138,0.1236729845,1,355.0,84.2,2066.5,1,0.9539912939,0.0194808263,0.2992008626,-0.1066667140,0.9546561837,0.2779457867,-0.2802193463,-0.2970726490,0.9128115773,1,80.0,6.4,2304.5,1,0.9513230324,0.0902727991,0.2946786880,-0.1426935494,0.9764989018,0.1615194827,-0.2731725872,-0.1957059354,0.9418471456,1,72.0,-384.9,2426.3,1,0.8355993032,-0.0931966975,0.5413763523,-0.0331887975,0.9751392007,0.2190939635,-0.5483361483,-0.2010423690,0.8117324710,1,237.5,-31.2,2206.6,1,0.8318588138,0.0819813684,0.5488988161,-0.1528883129,0.9846117496,0.0846452415,-0.5335128903,-0.1543330997,0.8315920234,1,275.7,-430.9,2289.0,1,-59.7,-97.8,2341.6,1,264.4,-192.0,2071.6,1,43.9,-689.1,2487.3,1,251.0,-726.9,2335.4,1,
11,0.8357860446,-0.0323379599,0.5480997562,-0.1879173517,0.9211273789,0.3408977389,-0.5158938169,-0.3879160881,0.7637881041,1,155.6,565.4,2040.6,1,0.8357860446,-0.0323379599,0.5480997562,-0.1879173517,0.9211273789,0.3408977389,-0.5158938169,-0.3879160881,0.7637881041,1,162.4,371.1,2122.4,1,0.8358298540,0.0176833961,0.5487012863,-0.1934970915,0.9448297620,0.2643021047,-0.5137557387,-0.3270845711,0.7931381464,1,158.8,177.5,2189.5,1,0.1723382473,-0.9808397293,0.0908466354,0.8264957070,0.1941603720,0.5284000635,-0.5359144807,-0.0159791932,0.8441210985,1,41.2,399.2,2197.0,1,0.1932734847,-0.9808397889,-0.0244733952,0.9800946712,0.1941603869,-0.0414286479,0.0453866236,-0.0159791857,0.9988417625,1,-8.7,159.9,2352.1,1,0.2651100159,0.0844369829,0.9605140686,-0.9616805315,-0.0490690805,0.2697456181,0.0699080303,-0.9952199459,0.0681927055,1,283.6,343.1,2047.9,1,-0.3128829002,0.0844369903,0.9460310936,-0.9495753646,-0.0490690880,-0.3096755147,0.0202728100,-0.9952200055,0.0955321565,1,355.5,82.6,2066.9,1,0.9559827447,0.0103296656,0.2932407558,-0.1006339639,0.9503078461,0.2945974469,-0.2756259143,-0.3111400902,0.9095175266,1,76.1,2.1,2305.1,1,0.9529700875,0.0962807834,0.2873639166,-0.1389353722,0.9814779162,0.1319016963,-0.2693417370,-0.1656233966,0.9486958981,1,71.9,-387.4,2432.7,1,0.8389804363,-0.0950719193,0.5357920527,-0.0282022953,0.9756994247,0.2172909677,-0.5434302688,-0.1974134594,0.8159114122,1,234.2,-34.5,2207.9,1,0.8347446322,0.0870772377,0.5437085629,-0.1544448137,0.9848061800,0.0793950558,-0.5285340548,-0.1502475590,0.8355103135,1,273.2,-434.5,2288.9,1,-60.5,-102.8,2340.0,1,264.5,-193.5,2072.8,1,42.1,-690.9,2483.9,1,247.3,-727.1,2333.5,1,
12,0.8370386958,-0.0420018695,0.5455266833,-0.1782420725,0.9217266440,0.3444554806,-0.5172944665,-0.3855594397,0.7640339732,1,150.1,559.2,2043.2,1,0.8370386958,-0.0420018695,0.5455266833,-0.1782420725,0.9217266440,0.3444554806,-0.5172944665,-0.3855594397,0.7640339732,1,159.0,365.1,2124.4,1,0.8372107148,0.0135297002,0.5467106104,-0.1895192862,0.9449232221,0.2668379247,-0.5129895210,-0.3270126581,0.7936635613,1,156.2,171.4,2191.4,1,0.1672893316,-0.9807740450,0.1004816443,0.8334156871,0.1951273829,0.5170527697,-0.5267186165,-0.0027544349,0.8500352502,1,37.5,392.6,2198.8,1,0.1948503703,-0.9807741046,-0.0107526239,0.9799642563,0.1951273978,-0.0399421751,0.0412723757,-0.0027544391,0.9991441965,1,-10.6,152.8,2350.3,1,0.2816267014,0.0468665883,0.9583788514,-0.9573807716,-0.0529960021,0.2839250565,0.0640968382,-0.9974943399,0.0299440827,1,280.4,337.6,2050.0,1,-0.3174825311,0.0468665920,0.9471053481,-0.9476020932,-0.0529960059,-0.3150266409,0.0354285687,-0.9974944592,0.0612361841,1,355.7,81.5,2067.1,1,0.9567087889,0.0010943239,0.2910450697,-0.0945334733,0.9469428062,0.3071852028,-0.2752668560,-0.3214002550,0.9060519338,1,74.2,-4.3,2307.0,1,0.9529817700,0.1026258543,0.2851205766,-0.1404154152,0.9833471179,0.1153774634,-0.2685317993,-0.1499879509,0.9515221119,1,73.8,-392.5,2438.7,1,0.8387929201,-0.1085854396,0.5335126519,-0.0165627301,0.9743673205,0.2243523598,-0.5441986918,-0.1970215738,0.8154939413,1,232.6,-40.2,2209.9,1,0.8342660069,0.0912027285,0.5437666774,-0.1541800201,0.9854695201,0.0712615103,-0.5293662548,-0.1432890147,0.8362054825,1,277.1,-439.6,2290.7,1,-62.8,-109.8,2339.3,1,263.5,-194.0,2077.4,1,42.1,-695.7,2485.0,1,250.2,-731.1,2333.0,1,
13,0.8345482349,-0.0475210547,0.5488792062,-0.1548947245,0.9358488321,0.3165351152,-0.5287103057,-0.3491833210,0.7736498117,1,145.6,555.2,2057.0,1,0.8345482349,-0.0475210547,0.5488792062,-0.1548947245,0.9358488321,0.3165351152,-0.5287103057,-0.3491833210,0.7736498117,1,155.6,359.0,2130.2,1,0.8348227143,0.0032755481,0.5505067110,-0.1666227728,0.9545832276,0.2469974607,-0.5246956348,-0.2979269326,0.7974531054,1,154.9,163.4,2191.2,1,0.1664583534,-0.9783750772,0.1227755770,0.8407784700,0.2058809996,0.5007040501,-0.5151534677,0.0198806897,0.8568673730,1,34.5,383.1,2206.3,1,0.2068170607,-0.9783751369,0.0029891636,0.9751326442,0.2058810145,-0.0820331424,0.0796437785,0.0198806841,0.9966251254,1,-13.2,142.4,2353.8,1,0.2931328416,0.0005455734,0.9560716152,-0.9547705650,-0.0519882180,0.2927636206,0.0498641767,-0.9986476898,-0.0147185558,1,276.6,334.8,2054.1,1,-0.3255760968,0.0005455725,0.9455156922,-0.9442464113,-0.0519882143,-0.3251090348,0.0489782989,-0.9986475110,0.0174412746,1,355.6,77.4,2067.5,1,0.9554157257,0.0003045902,0.2952642441,-0.0949947610,0.9471488595,0.3064067960,-0.2795658410,-0.3207944036,0.9049497247,1,75.2,-16.4,2301.9,1,0.9525711536,0.0950949937,0.2890764177,-0.1314261258,0.9853212833,0.1089456156,-0.2744729519,-0.1417706460,0.9510865808,1,75.1,-404.7,2433.4,1,0.8374530673,-0.1082337275,0.5356844664,-0.0161597356,0.9748599529,0.2222311944,-0.5462702513,-0.1947646737,0.8146505952,1,233.2,-48.0,2202.6,1,0.8335762024,0.0874425620,0.5454397798,-0.1582913399,0.9837964177,0.0841929838,-0.5292396545,-0.1565196514,0.8339106441,1,277.6,-447.6,2282.5,1,-68.5,-118.8,2332.4,1,261.0,-197.1,2081.8,1,46.5,-700.7,2476.0,1,252.0,-735.5,2328.3,1,
14,0.8383997679,-0.0648483336,0.5411818027,-0.1384212971,0.9350126982,0.3264823556,-0.5271838903,-0.3486348689,0.7749376893,1,138.5,554.1,2056.9,1,0.8383997679,-0.0648483336,0.5411818027,-0.1384212971,0.9350126982,0.3264823556,-0.5271838903,-0.3486348689,0.7749376893,1,152.1,357.5,2130.2,1,0.8389696479,-0.0122817811,0.5440371037,-0.1523802727,0.9544473886,0.2565354705,-0.5224057436,-0.2981268764,0.7988804579,1,154.7,161.9,2191.3,1,0.1502447277,-0.9735339284,0.1722159386,0.8518235087,0.2158895880,0.4772719145,-0.5018199682,0.0749899894,0.8617153168,1,30.5,379.6,2205.9,1,0.2215730846,-0.9735339284,0.0560104400,0.9720040560,0.2158895731,-0.0927351415,0.0781887248,0.0749899894,0.9941142797,1,-13.1,132.7,2351.4,1,0.2993872464,-0.0172147602,0.9539764524,-0.9527629018,-0.0589300692,0.2979430258,0.0510888733,-0.9981136918,-0.0340444967,1,273.8,335.4,2054.4,1,-0.3340889215,-0.0172147565,0.9423843622,-0.9405465126,-0.0589300692,-0.3345138729,0.0612933487,-0.9981137514,0.0034966059,1,355.5,75.5,2068.3,1,0.9577680826,0.0042936211,0.2875098884,-0.0985517576,0.9442277551,0.3141998649,-0.2701257467,-0.3292652071,0.9047743082,1,77.8,-19.2,2301.7,1,0.9545221329,0.0968082547,0.2819851637,-0.1404452771,0.9803023934,0.1388610750,-0.2629878223,-0.1721494645,0.9493165612,1,76.1,-406.3,2436.7,1,0.8431907296,-0.1017422453,0.5278994441,-0.0371963158,0.9685359597,0.2460782975,-0.5363261700,-0.2271268964,0.8128761053,1,236.5,-48.0,2202.9,1,0.8389856219,0.0849794298,0.5374770761,-0.1386910081,0.9885042310,0.0602021031,-0.5261824131,-0.1250519454,0.8411266804,1,278.2,-444.9,2296.0,1,-71.8,-124.9,2330.7,1,258.4,-197.9,2086.2,1,47.8,-692.1,2486.9,1,254.0,-725.9,2331.5,1,
15,0.8327485919,-0.0836941376,0.5472862124,-0.1312741488,0.9304710627,0.3420389593,-0.5378609896,-0.3566780686,0.7638611794,1,131.5,551.5,2056.3,1,0.8327485919,-0.0836941376,0.5472862124,-0.1312741488,0.9304710627,0.3420389593,-0.5378609896,-0.3566780686,0.7638611794,1,149.1,356.1,2131.2,1,0.8335543275,-0.0275474042,0.5517476797,-0.1449148208,0.9528770447,0.2665053904,-0.5330895185,-0.3021040559,0.7902823091,1,154.7,160.8,2193.1,1,0.1464278400,-0.9719948769,0.1838070005,0.8556568623,0.2176920176,0.4695333540,-0.4963972270,0.0885229632,0.8635702729,1,28.2,377.1,2208.5,1,0.2252978235,-0.9719948173,0.0668356791,0.9703469276,0.2176919878,-0.1050572246,0.0875654742,0.0885229558,0.9922177196,1,-14.0,130.3,2351.7,1,0.3158180714,-0.0188695062,0.9486321807,-0.9473847747,-0.0612356253,0.3141848445,0.0521615632,-0.9979449511,-0.0372160077,1,270.0,335.1,2053.9,1,-0.3245402873,-0.0188695118,0.9456836581,-0.9437012076,-0.0612356290,-0.3250818551,0.0640436634,-0.9979449511,0.0020662490,1,355.8,77.5,2068.1,1,0.9551933408,0.0026119596,0.2959712446,-0.1053263247,0.9375052452,0.3316479921,-0.2766083181,-0.3479614854,0.8957737684,1,81.5,-20.8,2305.4,1,0.9506031871,0.1174053028,0.2873490453,-0.1535556465,0.9823719263,0.1066118926,-0.2697668374,-0.1454696804,0.9518741369,1,80.4,-405.0,2448.1,1,0.8380554318,-0.0958169177,0.5371053815,-0.0464026034,0.9683725238,0.2451557070,-0.5436081886,-0.2303771526,0.8071038127,1,239.2,-48.2,2204.6,1,0.8336377740,0.0874554440,0.5453435779,-0.1377640516,0.9891005754,0.0519729033,-0.5348542929,-0.1184553206,0.8365997672,1,278.5,-445.1,2299.0,1,-73.8,-127.0,2328.5,1,261.5,-196.8,2086.7,1,46.8,-686.2,2489.7,1,253.5,-727.1,2332.8,1,
16,0.8293712735,-0.1001036838,0.5496540070,-0.1237789840,0.9264459014,0.3554950356,-0.5448113680,-0.3628740907,0.7559765577,1,124.5,549.0,2056.0,1,0.8293712735,-0.1001036838,0.5496540070,-0.1237789840,0.9264459014,0.3554950356,-0.5448113680,-0.3628740907,0.7559765577,1,145.5,355.0,2132.0,1,0.8305630684,-0.0399976969,0.5554837584,-0.1397450417,0.9505394697,0.2773916423,-0.5391045809,-0.3080182970,0.7838931084,1,153.7,160.2,2195.1,1,0.1323340535,-0.9659324884,0.2224012613,0.8631021976,0.2226199210,0.4533156455,-0.4873831570,0.1319659203,0.8631586432,1,25.0,375.3,2210.2,1,0.2345830798,-0.9659324884,0.1092949957,0.9685307145,0.2226199061,-0.1113052666,0.0831821412,0.1319658905,0.9877579212,1,-13.0,127.2,2350.3,1,0.3353676498,-0.0115487222,0.9420165420,-0.9404816628,-0.0624581203,0.3340555429,0.0549786687,-0.9979806542,-0.0318077989,1,265.9,334.8,2053.8,1,-0.3481247425,-0.0115487194,0.9373770356,-0.9353579283,-0.0624581203,-0.3481443822,0.0625674352,-0.9979807138,0.0109410323,1,357.3,78.7,2068.8,1,0.9538119435,0.0197086595,0.2997571528,-0.1161425710,0.9444454312,0.3074635863,-0.2770445645,-0.3280770481,0.9031122327,1,83.3,-21.3,2309.3,1,0.9502283931,0.1131936386,0.2902641594,-0.1532766521,0.9809637666,0.1192326397,-0.2712422609,-0.1577889621,0.9494894743,1,75.2,-408.4,2443.7,1,0.8349048495,-0.0823436454,0.5441998839,-0.0510116071,0.9729127288,0.2254742086,-0.5480253696,-0.2160099894,0.8080890775,1,240.4,-47.8,2207.3,1,0.8314067721,0.0772848353,0.5502634645,-0.1375916749,0.9880747795,0.0691149905,-0.5383599401,-0.1331743449,0.8321257234,1,274.2,-446.5,2295.8,1,-74.8,-127.9,2328.4,1,256.1,-193.2,2087.0,1,42.9,-688.9,2488.8,1,252.2,-728.1,2333.7,1,
17,0.8199045658,-0.1096296683,0.5619028807,-0.1220257431,0.9254741669,0.3586184978,-0.5593422651,-0.3626006544,0.7454223633,1,120.0,546.7,2057.4,1,0.8199045658,-0.1096296683,0.5619028807,-0.1220257431,0.9254741669,0.3586184978,-0.5593422651,-0.3626006544,0.7454223633,1,143.0,352.9,2133.3,1,0.8213374019,-0.0489915051,0.5683324337,-0.1389586926,0.9491091967,0.2826344967,-0.5532566309,-0.3111139536,0.7727306485,1,153.0,158.4,2197.1,1,0.1340704411,-0.9526681304,0.2728525996,0.8688841462,0.2454071045,0.4299018979,-0.4765137732,0.1794401556,0.8606601357,1,23.9,373.1,2213.5,1,0.2637987733,-0.9526680708,0.1511080265,0.9606738091,0.2454071194,-0.1299272627,0.0866945758,0.1794401705,0.9799414873,1,-14.4,124.9,2349.6,1,0.3480285406,-0.0261196140,0.9371200204,-0.9357535839,-0.0703848451,0.3455592990,0.0569331683,-0.9971779585,-0.0489374548,1,262.1,332.8,2053.0,1,-0.3742609620,-0.0261196215,0.9269555211,-0.9242820740,-0.0703848526,-0.3751648664,0.0750427842,-0.9971779585,0.0022004042,1,356.6,78.8,2068.5,1,0.9488965869,0.0274884440,0.3143874705,-0.1263364851,0.9459787011,0.2986021936,-0.2891957462,-0.3230612278,0.9011088610,1,85.4,-23.0,2313.2,1,0.9471496344,0.1045257673,0.3032850623,-0.1443972588,0.9831483364,0.1121106148,-0.2864557505,-0.1499790698,0.9462818503,1,74.1,-410.7,2445.6,1,0.8256440163,-0.0750856027,0.5591727495,-0.0555925146,0.9754543900,0.2130686641,-0.5614458919,-0.2070046961,0.8012037873,1,240.8,-49.3,2208.5,1,0.8227467537,0.0698821992,0.5640958548,-0.1381220073,0.9872474670,0.0791504085,-0.5513710380,-0.1430348158,0.8219069242,1,271.5,-449.1,2293.3,1,-84.5,-130.3,2326.6,1,247.8,-189.8,2090.3,1,44.6,-688.3,2487.9,1,251.8,-728.2,2333.8,1,
18,0.8055342436,-0.1218227223,0.5798886418,-0.1136236414,0.9287205338,0.3529416025,-0.5815512538,-0.3501967192,0.7342737913,1,115.2,547.5,2063.0,1,0.8055342436,-0.1218227223,0.5798886418,-0.1136236414,0.9287205338,0.3529416025,-0.5815512538,-0.3501967192,0.7342737913,1,140.7,352.8,2136.5,1,0.8073724508,-0.0614954606,0.5868262649,-0.1324652582,0.9502755404,0.2818321586,-0.5749784708,-0.3052785695,0.7590798736,1,153.3,158.0,2199.0,1,0.1338991225,-0.9301415682,0.3419176340,0.8817415237,0.2693047822,0.3873071969,-0.4523306191,0.2496228814,0.8562040329,1,23.7,372.0,2219.8,1,0.2937792242,-0.9301416278,0.2202961594,0.9535996914,0.2693047822,-0.1346198320,0.0658886880,0.2496228516,0.9660989642,1,-14.6,120.2,2349.0,1,0.3518278897,-0.0580584705,0.9342625141,-0.9348170757,-0.0733062774,0.3474812210,0.0483130738,-0.9956181645,-0.0800652429,1,257.8,333.6,2053.1,1,-0.4052233398,-0.0580584742,0.9123724103,-0.9097162485,-0.0733062848,-0.4087084830,0.0906116068,-0.9956182241,-0.0231113173,1,354.3,77.2,2066.3,1,0.9413957596,0.0310206469,0.3358746469,-0.1317944676,0.9504328370,0.2816160619,-0.3104903698,-0.3093785942,0.8988218307,1,89.6,-24.2,2316.0,1,0.9399595857,0.1033492461,0.3252611756,-0.1465774775,0.9829208255,0.1112730131,-0.3082060218,-0.1522681117,0.9390545487,1,76.9,-413.8,2442.8,1,0.8121691346,-0.0785230547,0.5781135559,-0.0621073917,0.9736341834,0.2194974273,-0.5801067352,-0.2141741812,0.7858788371,1,242.3,-49.3,2207.2,1,0.8087392449,0.0763239115,0.5831943154,-0.1407605559,0.9878469110,0.0659166947,-0.5710756779,-0.1354001611,0.8096538782,1,274.5,-448.4,2295.0,1,-92.9,-134.1,2331.4,1,236.6,-187.0,2092.7,1,48.0,-688.6,2485.4,1,252.8,-729.3,2333.5,1,
19,0.7928423882,-0.1339520067,0.5945206881,-0.1099973843,0.9280683994,0.3557942808,-0.5994156003,-0.3474856019,0.7210772038,1,110.6,548.1,2064.9,1,0.7928423882,-0.1339520067,0.5945206881,-0.1099973843,0.9280683994,0.3557942808,-0.5994156003,-0.3474856019,0.7210772038,1,138.7,353.7,2137.6,1,0.7949959040,-0.0690432489,0.6026703715,-0.1299321055,0.9510626793,0.2803522646,-0.5925341845,-0.3011860847,0.7471196055,1,152.8,158.8,2199.4,1,0.1294461042,-0.9248908162,0.3575202823,0.8900038600,0.2673389912,0.3693548739,-0.4371920228,0.2703828812,0.8577623367,1,23.4,372.6,2223.6,1,0.3224039674,-0.9139332771,0.2465393394,0.9459506869,0.3014017642,-0.1197258979,0.0351140983,0.2718141675,0.9617089033,1,-13.9,116.1,2349.6,1,0.3632290959,-0.0665012971,0.9293235540,-0.9307187200,-0.0716622323,0.3586463630,0.0427469537,-0.9952096343,-0.0879238099,1,253.9,334.9,2051.7,1,-0.4367852211,-0.0665012971,0.8971044421,-0.8946819901,-0.0716622397,-0.4409180582,0.0936101228,-0.9952096939,-0.0281964988,1,353.6,79.5,2063.5,1,0.9342409968,0.0326112024,0.3551483452,-0.1440558583,0.9454665184,0.2921317220,-0.3262540996,-0.3240825832,0.8879914284,1,91.8,-23.8,2317.1,1,0.9339170456,0.1121840328,0.3394311070,-0.1470549554,0.9859896898,0.0787342191,-0.3258428574,-0.1234462708,0.9373298883,1,78.4,-411.4,2450.0,1,0.8004486561,-0.0769281685,0.5944443345,-0.0697388947,0.9730421901,0.2198301405,-0.5953305364,-0.2174186110,0.7735055089,1,242.1,-48.4,2205.1,1,0.7967962027,0.0799794570,0.5989317894,-0.1431263089,0.9879752994,0.0584787168,-0.5870527029,-0.1323184967,0.7986620665,1,273.7,-447.3,2294.2,1,-100.0,-136.6,2340.2,1,226.7,-180.3,2090.6,1,47.1,-686.8,2484.5,1,251.0,-727.8,2331.8,1,
20,0.7795093060,-0.1469551027,0.6089058518,-0.1088673621,0.9255112410,0.3627351224,-0.6168555021,-0.3490464687,0.7054456472,1,105.4,546.3,2065.8,1,0.7795093060,-0.1469551027,0.6089058518,-0.1088673621,0.9255112410,0.3627351224,-0.6168555021,-0.3490464687,0.7054456472,1,136.2,352.5,2138.9,1,0.7819333673,-0.0804040730,0.6181523800,-0.1288565397,0.9493800402,0.2864848673,-0.6098965406,-0.3036659956,0.7319909334,1,152.7,157.9,2201.1,1,0.1263927817,-0.9192180634,0.3729114830,0.8942468166,0.2682940960,0.3582470715,-0.4293571413,0.2881950736,0.8559182286,1,22.8,371.2,2227.3,1,0.3365098834,-0.9020505548,0.2703069150,0.9416635633,0.3206528127,-0.1022321209,0.0055438611,0.2889403105,0.9573310614,1,-13.5,114.4,2350.6,1,0.3674091399,-0.0918216035,0.9255157113,-0.9296082854,-0.0672479793,0.3623620272,0.0289664008,-0.9935021996,-0.1100656390,1,249.6,333.8,2050.5,1,-0.4661010206,-0.0918216109,0.8799538016,-0.8787668943,-0.0672479868,-0.4724895954,0.1025598645,-0.9935021400,-0.0493454412,1,349.4,81.4,2058.3,1,0.9266539216,0.0392870083,0.3738572001,-0.1601921171,0.9409732223,0.2981743217,-0.3400752544,-0.3361933231,0.8782499433,1,95.2,-24.5,2321.0,1,0.9295452833,0.1078905761,0.3525697887,-0.1363388598,0.9890326858,0.0567995831,-0.3425749242,-0.1008667350,0.9340602160,1,79.1,-410.2,2458.9,1,0.7875338197,-0.0784648284,0.6112557650,-0.0745435357,0.9724500775,0.2208710313,-0.6117463112,-0.2195086032,0.7599883676,1,243.1,-48.8,2205.7,1,0.7839656472,0.0795560032,0.6156854630,-0.1442275345,0.9879593253,0.0559885651,-0.6038179398,-0.1326919347,0.7860003710,1,275.3,-447.5,2295.7,1,-103.5,-137.4,2349.1,1,214.0,-173.8,2088.1,1,48.4,-691.7,2487.6,1,252.5,-729.7,2333.6,1,
21,0.7624732852,-0.1592362672,0.6271166801,-0.1094597429,0.9235256314,0.3675851524,-0.6376916170,-0.3489189148,0.6867333055,1,99.6,543.1,2067.3,1,0.7624732852,-0.1592362672,0.6271166801,-0.1094597429,0.9235256314,0.3675851524,-0.6376916170,-0.3489189148,0.6867333055,1,133.0,349.4,2140.4,1,0.7652361393,-0.0902326703,0.6373921037,-0.1301862746,0.9479777217,0.2904991806,-0.6304464340,-0.3052810729,0.7136793733,1,151.5,155.1,2203.0,1,0.1248213053,-0.9112458825,0.3924929500,0.9010111094,0.2697475553,0.3397282064,-0.4154498875,0.3112351894,0.8547129035,1,22.1,368.3,2231.8,1,0.3635916114,-0.8820521832,0.2996411920,0.9310052991,0.3551468849,-0.0842593834,-0.0320954807,0.3096035421,0.9503238201,1,-13.7,110.1,2350.9,1,0.3749904037,-0.1079839766,0.9207181334,-0.9268953204,-0.0605235547,0.3704079688,0.0157270040,-0.9923087955,-0.1227855831,1,243.9,330.5,2049.0,1,-0.5154858828,-0.1079839617,0.8500669003,-0.8500720859,-0.0605235323,-0.5231772661,0.1079438105,-0.9923086166,-0.0605951101,1,344.5,82.1,2053.2,1,0.9167599082,0.0524776168,0.3959763944,-0.1729202718,0.9457650781,0.2750034928,-0.3600690961,-0.3205845356,0.8761140108,1,97.6,-26.9,2325.2,1,0.9217095375,0.0978192911,0.3753435016,-0.1313755214,0.9892118573,0.0648102090,-0.3649545312,-0.1090471670,0.9246170521,1,76.1,-414.5,2456.6,1,0.7712687850,-0.0778533816,0.6317303777,-0.0826947540,0.9718236923,0.2207265347,-0.6311148405,-0.2224802673,0.7430992723,1,242.3,-51.5,2205.9,1,0.7676873207,0.0818874314,0.6355709434,-0.1461881250,0.9880286455,0.0492779985,-0.6239270568,-0.1307430267,0.7704681158,1,274.3,-449.9,2297.1,1,-111.0,-138.9,2359.5,1,194.9,-164.6,2084.5,1,48.4,-694.9,2487.5,1,251.0,-730.3,2334.3,1,
22,0.7468136549,-0.1737484783,0.6419328451,-0.1055363119,0.9220718741,0.3723510504,-0.6566042304,-0.3458251357,0.6702787876,1,93.4,541.3,2069.5,1,0.7468136549,-0.1737484783,0.6419328451,-0.1055363119,0.9220718741,0.3723510504,-0.6566042304,-0.3458251357,0.6702787876,1,129.7,348.7,2141.7,1,0.7501801848,-0.1006752476,0.6535220742,-0.1284690648,0.9473169446,0.2934046090,-0.6486316323,-0.3040646017,0.6977244020,1,150.3,154.5,2204.1,1,0.1265489459,-0.9034229517,0.4096488655,0.9053008556,0.2739936709,0.3245885670,-0.4054819643,0.3297791481,0.8525432944,1,20.9,367.3,2235.8,1,0.3756618500,-0.8672766089,0.3266641498,0.9238799214,0.3782119453,-0.0583231375,-0.0729659870,0.3237082362,0.9433392882,1,-15.2,109.0,2351.5,1,0.3438832164,-0.1452871859,0.9277047515,-0.9389899969,-0.0463830009,0.3408025205,-0.0064845094,-0.9883017540,-0.1523735672,1,238.4,330.0,2047.7,1,-0.5620470643,-0.1452871859,0.8142448664,-0.8182029724,-0.0463829935,-0.5730554461,0.1210247278,-0.9883016944,-0.0928049833,1,330.5,78.6,2046.0,1,0.9077723622,0.0576658733,0.4154804051,-0.1811844260,0.9472422600,0.2643943727,-0.3783140481,-0.3152884841,0.8703284264,1,100.0,-27.5,2327.7,1,0.9137202501,0.0981949195,0.3943006694,-0.1326827705,0.9892732501,0.0611039437,-0.3840709925,-0.1081488207,0.9169478416,1,76.4,-415.8,2457.0,1,0.7564287186,-0.0717121586,0.6501331329,-0.0857395604,0.9745232463,0.2072514445,-0.6484323144,-0.2125130594,0.7310087681,1,241.9,-51.8,2205.1,1,0.7536648512,0.0692541450,0.6536001563,-0.1468652934,0.9870339632,0.0647659078,-0.6406402588,-0.1448029876,0.7540637255,1,271.3,-451.3,2292.2,1,-115.7,-138.1,2371.0,1,167.6,-158.6,2081.1,1,48.9,-692.9,2487.2,1,251.9,-727.1,2332.6,1,
23,0.7316964269,-0.1863009185,0.6556746364,-0.0986213833,0.9228674769,0.3722758293,-0.6744567156,-0.3370574415,0.6568852663,1,87.3,542.4,2074.1,1,0.7316964269,-0.1863009185,0.6556746364,-0.0986213833,0.9228674769,0.3722758293,-0.6744567156,-0.3370574415,0.6568852663,1,126.2,349.7,2144.5,1,0.7355294228,-0.1128849089,0.6680197716,-0.1225839853,0.9475710392,0.2950970531,-0.6663087606,-0.2989419699,0.6831281185,1,149.3,155.5,2205.8,1,0.1268575639,-0.8960469961,0.4254492819,0.9108577371,0.2750552595,0.3077058196,-0.3927408755,0.3484889567,0.8510641456,1,19.5,367.5,2241.1,1,0.3932079077,-0.8510013819,0.3481151164,0.9144701958,0.4013146162,-0.0518726408,-0.0955599919,0.3387376368,0.9360155463,1,-16.9,105.7,2354.0,1,0.3130928576,-0.1940496862,0.9296868443,-0.9490953088,-0.0283571966,0.3137101829,-0.0345120467,-0.9805818200,-0.1930500567,1,232.8,331.9,2047.9,1,-0.6126039624,-0.1940496564,0.7661991715,-0.7772160769,-0.0283572003,-0.6285944581,0.1437057704,-0.9805817604,-0.1334468126,1,317.0,76.7,2038.6,1,0.8989688158,0.0641051382,0.4332963526,-0.1873386353,0.9504587054,0.2480572611,-0.3959285319,-0.3041688204,0.8664421439,1,102.9,-27.1,2330.0,1,0.9046381712,0.1002860963,0.4142130613,-0.1414535791,0.9874773622,0.0698530972,-0.4020207226,-0.1217837110,0.9074954391,1,76.6,-416.7,2454.7,1,0.7428975105,-0.0716189072,0.6655628085,-0.0969268680,0.9722736478,0.2128122449,-0.6623505354,-0.2226086259,0.7153579593,1,242.0,-50.3,2204.0,1,0.7410774231,0.0627143607,0.6684840918,-0.1361137033,0.9889873862,0.0581122153,-0.6574778557,-0.1340555251,0.7414525151,1,271.3,-448.9,2295.3,1,-122.2,-139.1,2379.5,1,139.5,-148.4,2080.2,1,48.6,-692.3,2488.7,1,253.8,-725.4,2332.8,1,
