1,0.6355761290,-0.0591685399,0.7697683573,-0.1738067269,0.9604978561,0.2173362970,-0.7522206306,-0.2719240785,0.6001855731,1,138.6,576.0,2103.4,1,0.6355761290,-0.0591685399,0.7697683573,-0.1738067269,0.9604978561,0.2173362970,-0.7522206306,-0.2719240785,0.6001855731,1,150.9,377.5,2159.6,1,0.6358563304,-0.0326071978,0.7711191773,-0.1796870083,0.9653990269,0.1889902204,-0.7506003976,-0.2587301433,0.6079959273,1,157.5,180.1,2212.5,1,0.1553044468,-0.9861840010,0.0576336607,0.8005176783,0.1598215848,0.5776058435,-0.5788367391,-0.0435679965,0.8142787218,1,59.6,403.3,2267.4,1,0.1627982408,-0.9861841798,-0.0306242481,0.9836860895,0.1598215997,0.0825767219,-0.0765414312,-0.0435679927,0.9961141348,1,14.0,168.5,2437.1,1,0.1918393224,-0.2224847525,0.9558756948,-0.9806375504,-0.0044131726,0.1957817674,-0.0393400043,-0.9749262333,-0.2190235257,1,242.2,351.7,2051.9,1,-0.3479599059,-0.2224847227,0.9107274413,-0.9337714911,-0.0044131726,-0.3578424752,0.0836336762,-0.9749261141,-0.2062143087,1,295.7,78.0,2040.9,1,0.6431309581,-0.1085853279,0.7580183148,-0.2402737141,0.9112882614,0.3343982995,-0.7270839214,-0.3971937597,0.5599875450,1,104.2,-0.4,2336.3,1,0.6472559571,0.1124432087,0.7539339066,-0.2076480389,0.9776650071,0.0324559361,-0.7334453464,-0.1775601655,0.6561481357,1,148.6,-373.2,2498.8,1,0.6455265880,-0.0190063510,0.7635012865,-0.0510009713,0.9963861108,0.0679241195,-0.7620330453,-0.0827861279,0.6422243714,1,224.2,-34.3,2194.6,1,0.6367514133,0.1088373512,0.7633491755,-0.1839245409,0.9828504920,0.0132879727,-0.7488118410,-0.1488597989,0.6458493471,1,232.0,-441.9,2228.5,1,-33.8,-120.7,2459.6,1,197.8,-184.9,2064.4,1,112.1,-690.6,2556.4,1,199.4,-736.4,2273.1,1,
2,0.6289544702,-0.0666042790,0.7745846510,-0.1711941212,0.9600029588,0.2215555757,-0.7583603859,-0.2719520628,0.5923959017,1,136.1,574.7,2103.6,1,0.6289544702,-0.0666042790,0.7745846510,-0.1711941212,0.9600029588,0.2215555757,-0.7583603859,-0.2719520628,0.5923959017,1,149.9,375.8,2159.9,1,0.6292573214,-0.0393585265,0.7762005925,-0.1766962260,0.9653186202,0.1921936274,-0.7568456531,-0.2580903471,0.6004792452,1,157.9,178.3,2212.7,1,0.1450180411,-0.9875690341,0.0606403910,0.8112401962,0.1537651569,0.5641326308,-0.5664442182,-0.0326154865,0.8234544396,1,59.5,401.1,2268.6,1,0.1687885821,-0.9854880571,-0.0179934204,0.9814276099,0.1663487256,0.0955405459,-0.0911608860,-0.0337853953,0.9952629209,1,17.1,163.9,2434.2,1,0.1989542395,-0.2251529992,0.9537941813,-0.9791280031,-0.0044142418,0.2031966448,-0.0415400565,-0.9743134379,-0.2213318348,1,240.2,350.4,2051.2,1,-0.3540361524,-0.2251530290,0.9077249765,-0.9312661886,-0.0044142455,-0.3643127680,0.0860330313,-0.9743134975,-0.2081145942,1,295.5,78.5,2039.7,1,0.6391566396,-0.1118311659,0.7609025836,-0.2541823089,0.9030568600,0.3462364674,-0.7258583307,-0.4147072434,0.5487692952,1,106.6,-2.4,2336.9,1,0.6473835707,0.1098229960,0.7542104125,-0.1926033050,0.9810193181,0.0224734917,-0.7374268770,-0.1598123908,0.6562480927,1,152.3,-371.7,2506.5,1,0.6384621263,-0.0243613832,0.7692677379,-0.0565649420,0.9953107834,0.0784664527,-0.7675720453,-0.0936114341,0.6340901256,1,225.4,-35.8,2194.0,1,0.6310551167,0.1000472382,0.7692593336,-0.1770054698,0.9840591550,0.0172215141,-0.7552736998,-0.1470308304,0.6387045383,1,235.3,-442.9,2232.3,1,-32.5,-124.7,2461.0,1,195.8,-183.7,2063.9,1,116.9,-688.3,2558.1,1,205.4,-737.6,2276.4,1,
3,0.6372942924,-0.0765121505,0.7668136954,-0.1695053130,0.9567710757,0.2363407463,-0.7517483234,-0.2805969417,0.5967754722,1,134.5,575.2,2097.1,1,0.6372942924,-0.0765121505,0.7668136954,-0.1695053130,0.9567710757,0.2363407463,-0.7517483234,-0.2805969417,0.5967754722,1,150.4,376.3,2155.5,1,0.6377291679,-0.0423160009,0.7690982819,-0.1765342355,0.9638827443,0.1994135082,-0.7497591972,-0.2629433572,0.6072257757,1,159.1,179.1,2209.3,1,0.1568383276,-0.9863694310,0.0497709177,0.8057899475,0.1569384933,0.5710279346,-0.5710554123,-0.0494541563,0.8194205165,1,58.9,401.6,2263.1,1,0.1393372566,-0.9896988273,-0.0328817144,0.9850828052,0.1351483017,0.1065212116,-0.1009800285,-0.0472335853,0.9937665462,1,12.2,161.6,2433.2,1,0.1852037311,-0.2187652141,0.9580403566,-0.9822160006,-0.0106090307,0.1874547154,-0.0308446884,-0.9757198691,-0.2168395072,1,242.0,350.9,2047.8,1,-0.3536972106,-0.2187651843,0.9094174504,-0.9310752749,-0.0106090382,-0.3646726310,0.0894257277,-0.9757197499,-0.1999344975,1,293.6,77.2,2039.3,1,0.6473044157,-0.0977450311,0.7559384108,-0.2498738766,0.9097292423,0.3315957785,-0.7201110721,-0.4035326838,0.5644478202,1,107.6,-1.4,2333.8,1,0.6535742879,0.0967852697,0.7506486177,-0.1965950727,0.9794568419,0.0448844731,-0.7308837771,-0.1769091338,0.6591753364,1,147.5,-373.4,2498.8,1,0.6463311315,-0.0207003020,0.7627763152,-0.0555381775,0.9957045317,0.0740812644,-0.7610333562,-0.0902442262,0.6424051523,1,228.0,-34.7,2192.3,1,0.6388784647,0.1000699773,0.7627714276,-0.1803165823,0.9833621979,0.0220188592,-0.7478771806,-0.1516077220,0.6462931633,1,236.4,-442.0,2229.2,1,-28.8,-128.0,2462.9,1,194.0,-184.9,2064.4,1,116.7,-685.1,2555.1,1,206.7,-734.0,2274.2,1,
4,0.6304341555,-0.0851066038,0.7715639472,-0.1578778625,0.9591378570,0.2347964644,-0.7600191236,-0.2698359489,0.5912365913,1,133.3,575.6,2099.4,1,0.6304341555,-0.0851066038,0.7715639472,-0.1578778625,0.9591378570,0.2347964644,-0.7600191236,-0.2698359489,0.5912365913,1,151.0,376.7,2155.4,1,0.6308329701,-0.0551291518,0.7739585638,-0.1633516401,0.9656816125,0.2019290179,-0.7585299611,-0.2538102865,0.6001781821,1,162.2,179.2,2207.3,1,0.1767538190,-0.9827427864,0.0545400865,0.8024792671,0.1759736091,0.5701406002,-0.5698991418,-0.0570072383,0.8197348118,1,60.4,400.2,2264.2,1,0.1214333028,-0.9920070171,-0.0342937671,0.9847563505,0.1160671562,0.1295506507,-0.1245347708,-0.0495027676,0.9909796119,1,8.6,165.2,2431.1,1,0.1828309745,-0.2128849477,0.9598191977,-0.9828219414,-0.0145743601,0.1839800924,-0.0251778439,-0.9769686460,-0.2118926346,1,241.5,353.3,2046.5,1,-0.3542282879,-0.2128849477,0.9106054306,-0.9307138324,-0.0145743787,-0.3654577434,0.0910719633,-0.9769685268,-0.1929723024,1,292.8,77.6,2039.4,1,0.6442519426,-0.1029488966,0.7578528523,-0.2601782382,0.9022992849,0.3437488675,-0.7191987038,-0.4186377227,0.5545229912,1,114.0,-2.9,2330.8,1,0.6527631879,0.1053899676,0.7501955032,-0.1950427443,0.9802725315,0.0319994204,-0.7320235968,-0.1672081947,0.6604414582,1,156.1,-371.9,2502.0,1,0.6387041807,-0.0167029239,0.7692711353,-0.0679917037,0.9946284294,0.0780476332,-0.7664425373,-0.1021533981,0.6341376305,1,233.0,-33.7,2187.6,1,0.6311968565,0.1045494527,0.7685440779,-0.1747743487,0.9845616817,0.0096046859,-0.7556748986,-0.1403842419,0.6397247314,1,239.9,-440.5,2229.4,1,-27.1,-124.3,2467.7,1,193.1,-184.4,2065.0,1,122.3,-686.1,2555.6,1,208.7,-734.5,2271.3,1,
5,0.6291897893,-0.0879391134,0.7722617388,-0.1486803144,0.9616138935,0.2306361794,-0.7628998160,-0.2599334419,0.5919625759,1,132.5,575.5,2101.0,1,0.6291897893,-0.0879391134,0.7722617388,-0.1486803144,0.9616138935,0.2306361794,-0.7628998160,-0.2599334419,0.5919625759,1,150.7,376.4,2154.9,1,0.6295217276,-0.0584384315,0.7747830153,-0.1530567259,0.9683020711,0.1973952353,-0.7617596388,-0.2428497523,0.6006225348,1,162.7,178.4,2204.5,1,0.1686225981,-0.9844369888,0.0495007783,0.8275271654,0.1686719656,0.5354891419,-0.5355046391,-0.0493323281,0.8430902362,1,60.4,398.4,2264.2,1,0.1251926869,-0.9915736318,-0.0332907848,0.9878743291,0.1214796975,0.0966797397,-0.0918209404,-0.0449907109,0.9947585464,1,4.0,121.8,2443.2,1,0.1848168224,-0.2410715073,0.9527472854,-0.9822938442,-0.0150428135,0.1867420971,-0.0306861978,-0.9703908563,-0.2395831943,1,241.1,354.4,2045.5,1,-0.3576036692,-0.2410714924,0.9022217989,-0.9281508327,-0.0150428265,-0.3719002604,0.1032265201,-0.9703907967,-0.2183713317,1,293.0,78.5,2036.9,1,0.6447091103,-0.1001186967,0.7578433156,-0.2625741065,0.9020621777,0.3425473273,-0.7179171443,-0.4198333919,0.5552791357,1,115.2,-5.2,2326.1,1,0.6516411304,0.1254461408,0.7480822206,-0.2149906754,0.9763320088,0.0235531330,-0.7274219394,-0.1761788875,0.6631879210,1,156.2,-374.2,2497.8,1,0.6373872161,-0.0063197250,0.7705177069,-0.0790654570,0.9941517711,0.0735584423,-0.7664763927,-0.1078065410,0.6331599951,1,234.0,-34.1,2182.3,1,0.6295674443,0.1093152985,0.7692170739,-0.1808027923,0.9834849834,0.0082130292,-0.7556155920,-0.1442472637,0.6389347315,1,236.6,-440.8,2226.4,1,-32.8,-168.5,2470.2,1,192.3,-182.8,2066.0,1,115.7,-689.2,2554.7,1,203.8,-736.2,2269.7,1,
6,0.6280627251,-0.0890670121,0.7730496526,-0.1444824636,0.9628071189,0.2283143699,-0.7646330595,-0.2550872266,0.5918343663,1,131.6,574.1,2102.4,1,0.6280627251,-0.0890670121,0.7730496526,-0.1444824636,0.9628071189,0.2283143699,-0.7646330595,-0.2550872266,0.5918343663,1,150.0,374.8,2155.2,1,0.6283189058,-0.0626944974,0.7754264474,-0.1477434933,0.9689915180,0.1980592459,-0.7637990117,-0.2390079945,0.5995727181,1,162.8,176.7,2204.0,1,0.1561080664,-0.9876949787,0.0094203874,0.7850888371,0.1298617870,0.6056165099,-0.5993877649,-0.0871457830,0.7957008481,1,59.8,396.0,2264.8,1,0.1349951923,-0.9876950979,-0.0789605901,0.9892720580,0.1298618019,0.0669082329,-0.0558309704,-0.0871457905,0.9946298599,1,11.1,151.4,2451.6,1,0.1895235181,-0.2437146157,0.9511488676,-0.9813765287,-0.0161198135,0.1914162487,-0.0313185900,-0.9697130919,-0.2422309071,1,240.2,353.6,2045.5,1,-0.3676752448,-0.2437146008,0.8974509239,-0.9236895442,-0.0161198229,-0.3828024864,0.1077613011,-0.9697130322,-0.2191897780,1,293.3,78.6,2036.7,1,0.6454470158,-0.0972957388,0.7575829625,-0.2700559795,0.8987193704,0.3455045521,-0.7144706249,-0.4275946319,0.5538003445,1,116.3,-7.6,2325.0,1,0.6528719664,0.1252853572,0.7470353842,-0.2194887996,0.9752053618,0.0282705612,-0.7249709964,-0.1824229360,0.6641829610,1,156.1,-375.2,2499.9,1,0.6360041499,-0.0045308531,0.7716724873,-0.0887361616,0.9929201603,0.0789652914,-0.7665669918,-0.1186974868,0.6310992241,1,234.9,-35.5,2180.8,1,0.6286905408,0.1084984541,0.7700495124,-0.1813954413,0.9833639264,0.0095424280,-0.7562035918,-0.1456827074,0.6379127502,1,236.8,-441.6,2229.4,1,-28.5,-139.3,2468.0,1,189.8,-181.4,2067.1,1,115.8,-688.7,2558.6,1,204.3,-736.2,2273.0,1,
7,0.6300413609,-0.0927493870,0.7710038424,-0.1391639411,0.9632844925,0.2296007425,-0.7639914751,-0.2519533038,0.5940014124,1,130.4,571.7,2103.0,1,0.6300413609,-0.0927493870,0.7710038424,-0.1391639411,0.9632844925,0.2296007425,-0.7639914751,-0.2519533038,0.5940014124,1,149.6,372.7,2155.1,1,0.6304135323,-0.0644487441,0.7735804319,-0.1437398940,0.9696220756,0.1979192048,-0.7628363967,-0.2359647304,0.6019986868,1,162.8,174.3,2203.4,1,0.1483667493,-0.9883110523,0.0350511298,0.7541914582,0.1360040903,0.6424158812,-0.6396737695,-0.0688778907,0.7655542493,1,59.1,393.3,2264.6,1,0.1385178119,-0.9883109927,-0.0636717156,0.9898059964,0.1360040903,0.0422706157,-0.0331168994,-0.0688778758,0.9970753193,1,14.4,165.8,2457.5,1,0.1896559298,-0.2496037483,0.9495939612,-0.9812667966,-0.0148357339,0.1920820922,-0.0338564850,-0.9682345390,-0.2477415204,1,240.1,352.0,2045.6,1,-0.3721480966,-0.2496037185,0.8939819932,-0.9216250777,-0.0148357376,-0.3877976835,0.1100586206,-0.9682343602,-0.2245199829,1,293.1,77.8,2036.1,1,0.6501549482,-0.0771993995,0.7558695674,-0.2910439372,0.8936422467,0.3416095376,-0.7018490434,-0.4420904219,0.5585374236,1,116.5,-10.4,2323.6,1,0.6629973054,0.1053571552,0.7411710024,-0.1998839974,0.9790176153,0.0396346375,-0.7214437127,-0.1744258702,0.6701452732,1,148.0,-375.8,2504.4,1,0.6380370855,-0.0044766460,0.7699927092,-0.0976117402,0.9914454222,0.0866479129,-0.7637936473,-0.1304448992,0.6321420074,1,235.5,-37.5,2179.6,1,0.6311635971,0.1130554602,0.7673662901,-0.1760128140,0.9843879342,-0.0002574438,-0.7554152012,-0.1349038035,0.6412089467,1,237.3,-443.1,2233.0,1,-26.4,-125.2,2467.3,1,188.4,-181.7,2067.1,1,114.5,-687.5,2559.9,1,203.7,-735.5,2273.0,1,
8,0.6283670068,-0.0954909474,0.7720349431,-0.1390961111,0.9626520276,0.2322795242,-0.7653815746,-0.2533432245,0.5916159153,1,129.9,570.4,2102.4,1,0.6283670068,-0.0954909474,0.7720349431,-0.1390961111,0.9626520276,0.2322795242,-0.7653815746,-0.2533432245,0.5916159153,1,149.7,371.1,2154.8,1,0.6288197041,-0.0654307678,0.7747942209,-0.1445313543,0.9692516923,0.1991534829,-0.7640014291,-0.2372131199,0.6000273824,1,163.1,172.9,2203.3,1,0.1590853333,-0.9872647524,0.0003192276,0.7359207869,0.1187999398,0.6665636301,-0.6581127048,-0.1058055758,0.7454480529,1,59.4,391.9,2264.5,1,0.1218211651,-0.9872648716,-0.1023125350,0.9922960997,0.1187999621,0.0351437815,-0.0225414932,-0.1058055907,0.9941313267,1,12.0,172.6,2460.5,1,0.1837388277,-0.2522984147,0.9500450492,-0.9824351668,-0.0151058771,0.1859915107,-0.0325740986,-0.9675315022,-0.2506423891,1,240.0,350.3,2045.1,1,-0.3678519428,-0.2522984147,0.8950031400,-0.9233149886,-0.0151058808,-0.3837465346,0.1103384495,-0.9675317407,-0.2273941487,1,291.5,75.2,2036.0,1,0.6493092775,-0.0773966685,0.7565760016,-0.2979558110,0.8893955350,0.3466958106,-0.6997284293,-0.4505390227,0.5544319749,1,117.1,-11.8,2324.0,1,0.6661716104,0.1094289050,0.7377266884,-0.1869650483,0.9820936918,0.0231540557,-0.7219830155,-0.1533536911,0.6747022867,1,148.8,-375.5,2508.2,1,0.6364181042,-0.0005533486,0.7713441849,-0.0980759412,0.9918252230,0.0816316977,-0.7650837898,-0.1276021749,0.6311613321,1,235.8,-39.0,2179.7,1,0.6289545298,0.1139772832,0.7690418363,-0.1844871044,0.9828211069,0.0052204309,-0.7552354932,-0.1451617330,0.6391770840,1,236.1,-444.7,2231.9,1,-23.8,-119.1,2467.2,1,187.9,-184.7,2067.1,1,114.3,-684.7,2556.5,1,202.4,-734.7,2274.8,1,
9,0.6191499829,-0.0993070751,0.7789691091,-0.1418884397,0.9614968896,0.2353541553,-0.7723488808,-0.2562456131,0.5812198520,1,127.8,570.1,2103.0,1,0.6191499829,-0.0993070751,0.7789691091,-0.1418884397,0.9614968896,0.2353541553,-0.7723488808,-0.2562456131,0.5812198520,1,148.3,371.3,2156.0,1,0.6195147038,-0.0682647303,0.7820121050,-0.1460901201,0.9687812328,0.2003018558,-0.7712723017,-0.2383335978,0.5902010202,1,162.3,173.1,2204.8,1,0.1621281356,-0.9861593246,-0.0347036272,0.7847428322,0.1075333655,0.6104222536,-0.5982417464,-0.1262000501,0.7913156152,1,59.4,392.2,2266.7,1,0.1192348450,-0.9861593246,-0.1152081713,0.9888564348,0.1075333655,0.1029538736,-0.0891401991,-0.1262000352,0.9879917502,1,11.6,160.9,2443.1,1,0.1871922314,-0.2704331875,0.9443648458,-0.9816428423,-0.0157214142,0.1900794208,-0.0365570299,-0.9626104236,-0.2684117258,1,237.3,350.3,2045.3,1,-0.3745343983,-0.2704331875,0.8868990541,-0.9193841815,-0.0157214031,-0.3930465579,0.1202361211,-0.9626104236,-0.2427437901,1,290.2,72.8,2035.0,1,0.6396024227,-0.0838769972,0.7641161084,-0.2868237495,0.8962008953,0.3384613991,-0.7131906748,-0.4356473684,0.5491543412,1,117.8,-11.2,2326.3,1,0.6515030861,0.1178799719,0.7494319081,-0.2070794702,0.9779734015,0.0261923913,-0.7298368812,-0.1722563505,0.6615632176,1,152.1,-377.8,2504.5,1,0.6271122098,0.0053797294,0.7789103985,-0.0931050330,0.9933246374,0.0680995956,-0.7733445764,-0.1152265593,0.6234269142,1,234.7,-38.8,2180.7,1,0.6196247935,0.1052330136,0.7778117657,-0.1949432790,0.9805533290,0.0226341411,-0.7603040338,-0.1656538397,0.6280896068,1,232.5,-445.1,2227.8,1,-23.4,-129.3,2469.3,1,184.8,-186.0,2068.8,1,114.5,-689.7,2559.4,1,201.4,-734.9,2276.8,1,
10,0.6190543175,-0.1018772572,0.7787131667,-0.1403665096,0.9612314105,0.2373429388,-0.7727035284,-0.2562327981,0.5807539225,1,126.0,568.0,2103.9,1,0.6190543175,-0.1018772572,0.7787131667,-0.1403665096,0.9612314105,0.2373429388,-0.7727035284,-0.2562327981,0.5807539225,1,147.1,369.4,2156.8,1,0.6195198298,-0.0694191232,0.7819064260,-0.1456108093,0.9686325192,0.2013672143,-0.7713588476,-0.2386044115,0.5899784565,1,161.3,171.3,2205.6,1,0.1529545635,-0.9882022142,0.0078282068,0.7774101496,0.1252110004,0.6164054275,-0.6101133227,-0.0881962925,0.7873901129,1,58.1,390.3,2267.6,1,0.1318661571,-0.9882022142,-0.0778954253,0.9884895086,0.1252110153,0.0849155039,-0.0741603225,-0.0881962925,0.9933387041,1,13.3,162.7,2446.2,1,0.1910609901,-0.2743827999,0.9424487948,-0.9807656407,-0.0143029355,0.1946647167,-0.0399328694,-0.9615142345,-0.2718379200,1,236.0,348.5,2046.1,1,-0.3804191351,-0.2743827999,0.8831734657,-0.9167059064,-0.0143029392,-0.3993065357,0.1221948192,-0.9615141749,-0.2460872084,1,289.9,72.0,2034.8,1,0.6405085325,-0.0781551972,0.7639636993,-0.2942950726,0.8938804865,0.3381834626,-0.7093230486,-0.4414401650,0.5495374203,1,117.0,-13.1,2327.2,1,0.6562924981,0.1146848425,0.7457395792,-0.1916962862,0.9812929630,0.0177936312,-0.7297483087,-0.1546333432,0.6659998894,1,148.9,-378.7,2507.8,1,0.6270386577,0.0032403960,0.7789814472,-0.0973662138,0.9924753904,0.0742461458,-0.7728793621,-0.1224016622,0.6226359010,1,233.9,-40.6,2181.6,1,0.6205667853,0.1026380435,0.7774074078,-0.1826827228,0.9830410480,0.0160397477,-0.7625771165,-0.1519726366,0.6287928820,1,232.6,-446.6,2231.7,1,-25.4,-127.7,2468.0,1,182.8,-186.1,2069.2,1,112.1,-694.0,2557.5,1,202.5,-735.3,2276.3,1,
11,0.6211916208,-0.1034604833,0.7768000960,-0.1417502165,0.9600616693,0.2412235290,-0.7707331181,-0.2599569857,0.5817162991,1,125.2,566.8,2102.8,1,0.6211916208,-0.1034604833,0.7768000960,-0.1417502165,0.9600616693,0.2412235290,-0.7707331181,-0.2599569857,0.5817162991,1,146.6,368.4,2156.5,1,0.6215884686,-0.0711453184,0.7801074386,-0.1461318135,0.9678541422,0.2047052085,-0.7695940733,-0.2412403077,0.5912099481,1,161.1,170.4,2205.9,1,0.1587534696,-0.9872026443,-0.0151180122,0.7587668300,0.1121925265,0.6416274905,-0.6317201257,-0.1133316383,0.7668675184,1,57.4,389.4,2267.0,1,0.1172996312,-0.9872025251,-0.1080370918,0.9923136234,0.1121925116,0.0522162952,-0.0394271053,-0.1133316308,0.9927746058,1,10.7,166.3,2452.8,1,0.1951904297,-0.2752477229,0.9413497448,-0.9800166488,-0.0172412358,0.1981668025,-0.0383149274,-0.9612186551,-0.2731126845,1,235.8,347.4,2046.0,1,-0.3863249421,-0.2752477527,0.8803362250,-0.9135759473,-0.0172412321,-0.4063025713,0.1270119250,-0.9612188339,-0.2447990030,1,290.8,71.3,2035.2,1,0.6425972581,-0.0827557147,0.7617219090,-0.2925378978,0.8923385739,0.3437345922,-0.7081598639,-0.4437154233,0.5492051244,1,117.0,-13.8,2327.9,1,0.6578695774,0.1205253899,0.7434253693,-0.1958363354,0.9805318117,0.0143333524,-0.7272247076,-0.1550191641,0.6686653495,1,150.9,-378.8,2509.4,1,0.6289941072,-0.0023860848,0.7774063945,-0.0911252126,0.9928754568,0.0767761990,-0.7720509171,-0.1191330999,0.6242953539,1,234.4,-41.4,2182.6,1,0.6210731864,0.1124518365,0.7756434083,-0.1875889301,0.9822165966,0.0078056301,-0.7609720826,-0.1503499746,0.6311231256,1,235.4,-447.5,2231.3,1,-23.8,-125.3,2464.3,1,182.1,-185.9,2071.0,1,112.0,-695.2,2559.4,1,202.5,-734.0,2275.2,1,
12,0.6123009920,-0.1071900204,0.7833257914,-0.1439200193,0.9591025710,0.2437409163,-0.7774164081,-0.2619784474,0.5718322396,1,123.6,565.2,2103.7,1,0.6123009920,-0.1071900204,0.7833257914,-0.1439200193,0.9591025710,0.2437409163,-0.7774164081,-0.2619784474,0.5718322396,1,145.7,367.1,2157.8,1,0.6127009392,-0.0733913258,0.7869007587,-0.1481864005,0.9673513174,0.2056028694,-0.7762989998,-0.2425804436,0.5818210244,1,160.7,169.3,2207.4,1,0.1575582027,-0.9873546362,-0.0174953062,0.7693858147,0.1116309091,0.6289545894,-0.6190482378,-0.1125575975,0.7772451639,1,57.8,388.4,2269.3,1,0.1180105656,-0.9873547554,-0.1058498099,0.9916662574,0.1116309166,0.0643155947,-0.0516861901,-0.1125576049,0.9923000932,1,11.7,163.5,2450.2,1,0.2048177719,-0.2795742750,0.9380233884,-0.9779866934,-0.0193924978,0.2077639401,-0.0398948342,-0.9599280953,-0.2773918808,1,233.7,345.9,2046.4,1,-0.3892503083,-0.2795743048,0.8776801229,-0.9116562605,-0.0193925127,-0.4104959071,0.1317845285,-0.9599282742,-0.2473270893,1,291.2,71.3,2035.2,1,0.6337840557,-0.0922141820,0.7679938078,-0.2890094817,0.8927307129,0.3456955552,-0.7174897194,-0.4410537481,0.5391477346,1,117.9,-14.6,2330.3,1,0.6484165788,0.1306127757,0.7499975562,-0.2003657073,0.9797176719,0.0026090669,-0.7344450951,-0.1519655287,0.6614355445,1,155.6,-379.8,2510.8,1,0.6201051474,0.0018007823,0.7845166922,-0.0910148472,0.9934101105,0.0696605444,-0.7792213559,-0.1145995259,0.6161826253,1,233.6,-42.6,2183.8,1,0.6121091843,0.1117221490,0.7828413248,-0.1893389225,0.9818799496,0.0079177646,-0.7677716017,-0.1530688703,0.6221709847,1,232.9,-448.9,2230.7,1,-23.0,-128.0,2465.4,1,181.6,-185.4,2072.3,1,113.9,-693.1,2559.4,1,200.3,-735.4,2275.3,1,
13,0.6042029262,-0.1115207076,0.7889888287,-0.1348856091,0.9615541101,0.2392067015,-0.7853320837,-0.2509519756,0.5659309030,1,121.6,567.3,2109.2,1,0.6042029262,-0.1115207076,0.7889888287,-0.1348856091,0.9615541101,0.2392067015,-0.7853320837,-0.2509519756,0.5659309030,1,144.6,369.1,2160.9,1,0.6046981812,-0.0781624168,0.7926110625,-0.1399262398,0.9692683816,0.2023355663,-0.7840679884,-0.2332583964,0.5751774311,1,160.6,170.9,2208.6,1,0.1544203311,-0.9879993200,0.0034234300,0.7928207517,0.1259808689,0.5962920189,-0.5895673633,-0.0893654451,0.8027603626,1,57.8,389.2,2273.5,1,0.1323125213,-0.9879993796,-0.0796916261,0.9888138175,0.1259808689,0.0798507407,-0.0688528568,-0.0893654302,0.9936162233,1,12.7,157.5,2445.8,1,0.1909343749,-0.3181783557,0.9286047220,-0.9805622697,-0.0182762221,0.1953554004,-0.0451864675,-0.9478548169,-0.3154832125,1,231.4,349.0,2048.4,1,-0.3929447532,-0.3181783259,0.8627612591,-0.9073445201,-0.0182762444,-0.4199903011,0.1493998468,-0.9478546977,-0.2815158069,1,287.6,60.6,2035.1,1,0.6283057928,-0.0809014514,0.7737485170,-0.2969351411,0.8943444490,0.3346304893,-0.7190697789,-0.4400033951,0.5378993154,1,119.5,-14.2,2330.4,1,0.6448595524,0.1167704165,0.7553283572,-0.1911434531,0.9814953208,0.0114533585,-0.7400138378,-0.1517618597,0.6552464962,1,152.6,-380.0,2510.3,1,0.6119534373,-0.0029208390,0.7908884287,-0.0877204388,0.9935726523,0.0715434626,-0.7860140800,-0.1131583378,0.6077640057,1,233.7,-40.6,2182.3,1,0.6038433909,0.1121563688,0.7891730070,-0.1868076622,0.9823908806,0.0033214588,-0.7749038339,-0.1494292170,0.6141619086,1,234.9,-447.0,2228.6,1,-26.2,-133.3,2466.1,1,176.3,-196.3,2077.4,1,115.6,-691.2,2558.5,1,202.6,-729.6,2271.6,1,
14,0.5998069048,-0.1218754277,0.7908093929,-0.1383035481,0.9576645494,0.2524895966,-0.7881025076,-0.2608160675,0.5575575829,1,119.8,566.6,2105.9,1,0.5998069048,-0.1218754277,0.7908093929,-0.1383035481,0.9576645494,0.2524895966,-0.7881025076,-0.2608160675,0.5575575829,1,144.9,368.9,2159.8,1,0.6003360152,-0.0840584785,0.7953190207,-0.1432489008,0.9670763016,0.2103411853,-0.7868152261,-0.2402033210,0.5685290098,1,162.1,171.1,2208.9,1,0.1575569957,-0.9874053597,-0.0143753085,0.7928149104,0.1178012341,0.5979694128,-0.5887447000,-0.1056112200,0.8013901114,1,58.8,389.5,2272.8,1,0.1254231781,-0.9874053001,-0.0964359045,0.9897235632,0.1178012192,0.0810563415,-0.0686751828,-0.1056112349,0.9920333028,1,12.3,155.6,2446.4,1,0.1883293241,-0.3263889849,0.9262841344,-0.9810511470,-0.0188217200,0.1928323060,-0.0455040745,-0.9450480938,-0.3237489760,1,231.1,348.3,2046.8,1,-0.3802924156,-0.3263889849,0.8653600812,-0.9127003551,-0.0188217461,-0.4081957936,0.1495181620,-0.9450482130,-0.2907375991,1,285.5,64.9,2033.7,1,0.6241022944,-0.0768169388,0.7775572538,-0.2890896499,0.9018326402,0.3211307526,-0.7258948088,-0.4252022505,0.5406288505,1,122.7,-13.2,2332.3,1,0.6360139847,0.1157720834,0.7629436851,-0.2080003917,0.9778086543,0.0250191465,-0.7431163788,-0.1746051013,0.6459806561,1,154.1,-382.0,2506.2,1,0.6073443890,0.0033465594,0.7944317460,-0.0923365653,0.9935111403,0.0664062500,-0.7890545726,-0.1136865541,0.6037122607,1,236.0,-40.2,2183.8,1,0.6003641486,0.1023486033,0.7931503654,-0.1871314645,0.9822219014,0.0149000790,-0.7775246501,-0.1573688835,0.6088434458,1,234.6,-446.6,2230.3,1,-24.6,-135.5,2466.6,1,177.5,-194.4,2076.2,1,117.6,-689.8,2561.2,1,204.6,-734.9,2276.5,1,
15,0.5955547094,-0.1289499104,0.7928984165,-0.1274772137,0.9593547583,0.2517703474,-0.7931367755,-0.2510188818,0.5549097657,1,118.3,567.4,2109.8,1,0.5955547094,-0.1289499104,0.7928984165,-0.1274772137,0.9593547583,0.2517703474,-0.7931367755,-0.2510188818,0.5549097657,1,144.8,369.9,2161.5,1,0.5961054564,-0.0942597836,0.7973548770,-0.1322327703,0.9679989815,0.2132901698,-0.7919434905,-0.2325792760,0.5645648837,1,164.1,172.0,2209.0,1,0.1290453672,-0.9877425432,0.0878198743,0.7965092063,0.1559984684,0.5841555595,-0.5906949639,-0.0054332316,0.8068767190,1,59.2,388.9,2275.2,1,0.1560489982,-0.9877424240,0.0037075900,0.9860385656,0.1559984535,0.0582448430,-0.0581092723,-0.0054332223,0.9982954860,1,21.5,156.1,2447.8,1,0.1843001097,-0.3381755650,0.9228601456,-0.9815621972,-0.0149070248,0.1905606687,-0.0506858639,-0.9409649968,-0.3346877396,1,230.4,351.0,2047.8,1,-0.3747331798,-0.3381755948,0.8632568717,-0.9150531888,-0.0149070248,-0.4030574560,0.1491727531,-0.9409649372,-0.3038625419,1,284.1,64.7,2033.0,1,0.6237303019,-0.0542888530,0.7797519565,-0.3056150079,0.9012330174,0.3072108328,-0.7194163203,-0.4299206734,0.5455348492,1,127.1,-13.5,2331.4,1,0.6412046552,0.0982571617,0.7610533237,-0.1833197623,0.9826663136,0.0275821351,-0.7451512814,-0.1572019011,0.6481027007,1,149.3,-382.1,2507.2,1,0.6026694179,0.0041899192,0.7979800701,-0.1018080562,0.9922183156,0.0716800839,-0.7914701104,-0.1244401783,0.5984061360,1,239.6,-38.5,2181.9,1,0.5960244536,0.1113804728,0.7952038646,-0.1769338548,0.9842087030,-0.0052373284,-0.7832298875,-0.1375768930,0.6063196063,1,237.9,-444.4,2232.8,1,-24.4,-133.8,2464.9,1,177.5,-195.7,2075.4,1,118.7,-688.3,2556.2,1,205.3,-732.9,2273.1,1,
16,0.5846540928,-0.1355042160,0.7998872399,-0.1208665222,0.9604012966,0.2510397136,-0.8022297621,-0.2434503734,0.5451242328,1,117.5,569.0,2111.7,1,0.5846540928,-0.1355042160,0.7998872399,-0.1208665222,0.9604012966,0.2510397136,-0.8022297621,-0.2434503734,0.5451242328,1,145.4,371.4,2161.8,1,0.5852814317,-0.1003937796,0.8045918941,-0.1259976178,0.9689906240,0.2125606686,-0.8009818792,-0.2257838994,0.5544824600,1,165.9,173.2,2208.0,1,0.1069843844,-0.9729946852,0.2045381218,0.7995854020,0.2064672112,0.5639454126,-0.5909461975,0.1032123417,0.8000811934,1,61.4,389.5,2276.8,1,0.2019503862,-0.9729946852,0.1117923707,0.9779842496,0.2064672112,0.0302986894,-0.0525619127,0.1032123417,0.9932696819,1,29.9,154.6,2450.4,1,0.1931471080,-0.3266203701,0.9252099395,-0.9800426960,-0.0190357827,0.1978739202,-0.0470175594,-0.9449640512,-0.3237785697,1,229.4,353.3,2046.9,1,-0.3769005239,-0.3266203403,0.8667556047,-0.9142413735,-0.0190357864,-0.4047226012,0.1486899853,-0.9449639916,-0.2914352417,1,285.7,67.9,2033.2,1,0.6148658395,-0.0477793515,0.7871829271,-0.3066699207,0.9051172733,0.2944763601,-0.7265627980,-0.4224688709,0.5418731570,1,131.2,-13.1,2329.8,1,0.6300963759,0.1017486602,0.7698218822,-0.1989125311,0.9794495106,0.0333536677,-0.7506079674,-0.1741432548,0.6373866796,1,150.7,-383.3,2502.6,1,0.5916720629,0.0150592914,0.8060380816,-0.1077248454,0.9923360348,0.0605354942,-0.7989490628,-0.1226474866,0.5887597799,1,241.7,-36.9,2178.6,1,0.5856533051,0.1062363908,0.8035694957,-0.1783525199,0.9839665890,-0.0000999469,-0.7906961441,-0.1432601213,0.5952108502,1,235.5,-442.8,2228.8,1,-29.4,-132.7,2465.8,1,178.3,-192.4,2075.5,1,119.2,-686.5,2556.5,1,204.4,-731.2,2270.8,1,
17,0.5946558714,-0.1311496049,0.7932121158,-0.1142577976,0.9628059864,0.2448470145,-0.7958210707,-0.2362298071,0.5575529933,1,118.0,566.1,2112.7,1,0.5946558714,-0.1311496049,0.7932121158,-0.1142577976,0.9628059864,0.2448470145,-0.7958210707,-0.2362298071,0.5575529933,1,145.0,368.5,2161.2,1,0.5950648785,-0.1021442264,0.7971610427,-0.1176465675,0.9701344371,0.2121288925,-0.7950212359,-0.2200131416,0.5652756691,1,165.9,170.0,2206.2,1,0.1197989434,-0.9814526439,0.1496631503,0.7875226140,0.1857360303,0.5876311660,-0.6045299768,0.0474655256,0.7951670289,1,59.5,385.3,2275.3,1,0.1832878441,-0.9814526439,0.0561819188,0.9817039371,0.1857360154,0.0419477038,-0.0516046882,0.0474655069,0.9975389838,1,24.6,155.8,2451.5,1,0.1839330643,-0.3410331011,0.9218813181,-0.9818007350,-0.0186228007,0.1889989674,-0.0472868904,-0.9398669004,-0.3382518589,1,230.4,351.6,2047.1,1,-0.3841390610,-0.3410330415,0.8579823375,-0.9097574949,-0.0186227784,-0.4147222340,0.1574120075,-0.9398668408,-0.3031036258,1,284.8,60.9,2033.1,1,0.6248102784,-0.0350198485,0.7799907327,-0.3033475280,0.9096248746,0.2838360965,-0.7194389105,-0.4139520526,0.5577197671,1,130.6,-17.3,2326.2,1,0.6373364925,0.0982326940,0.7642985582,-0.2096229643,0.9765391350,0.0492900461,-0.7415255308,-0.1916289181,0.6429758668,1,144.9,-389.3,2495.5,1,0.6011645794,0.0209833104,0.7988497615,-0.1104902476,0.9922364354,0.0570850968,-0.7914500237,-0.1225826368,0.5988158584,1,242.9,-39.5,2176.2,1,0.5956948996,0.0968861058,0.7973459363,-0.1832742691,0.9829062223,0.0174900293,-0.7820217013,-0.1565517336,0.6032689214,1,234.3,-445.4,2226.3,1,-29.2,-132.8,2466.7,1,174.6,-200.1,2078.3,1,114.4,-692.2,2555.0,1,205.4,-739.0,2273.1,1,
18,0.6020157337,-0.1453256309,0.7851489782,-0.1132558882,0.9578161240,0.2641244531,-0.7904123664,-0.2479292303,0.5601611137,1,115.0,564.7,2107.2,1,0.6020157337,-0.1453256309,0.7851489782,-0.1132558882,0.9578161240,0.2641244531,-0.7904123664,-0.2479292303,0.5601611137,1,144.8,368.4,2158.0,1,0.6025545597,-0.1112594604,0.7902851701,-0.1172983497,0.9671349525,0.2255913317,-0.7894116044,-0.2286296785,0.5697007179,1,167.5,170.6,2204.8,1,0.1199880168,-0.9840877056,0.1310507357,0.7744311690,0.1753742695,0.6078653336,-0.6211757660,0.0285532176,0.7831509113,1,58.3,385.2,2271.4,1,0.1746915579,-0.9840877652,0.0324697047,0.9843086600,0.1753742844,0.0195029099,-0.0248869229,0.0285532176,0.9992824793,1,22.7,155.8,2455.4,1,0.1853405535,-0.2922961414,0.9381961823,-0.9820427299,-0.0208685808,0.1875008643,-0.0352269448,-0.9561002851,-0.2909151018,1,231.3,351.6,2044.7,1,-0.3931916952,-0.2922961414,0.8717588186,-0.9087293744,-0.0208685771,-0.4168638587,0.1400400251,-0.9561002254,-0.2574127316,1,285.2,65.6,2034.4,1,0.6339172721,-0.0385879651,0.7724375725,-0.3050906062,0.9052835703,0.2956034839,-0.7106817365,-0.4230516255,0.5621020198,1,133.4,-16.1,2326.1,1,0.6476786137,0.0995552465,0.7553815246,-0.2050928026,0.9776131511,0.0470063165,-0.7337911725,-0.1853682846,0.6535971165,1,149.2,-386.4,2499.1,1,0.6083542109,0.0299667418,0.7930998206,-0.1193574518,0.9913765788,0.0540956706,-0.7846395373,-0.1275716871,0.6066848040,1,247.1,-38.3,2177.0,1,0.6039591432,0.0921270773,0.7916728854,-0.1785246283,0.9836955667,0.0217218176,-0.7767639160,-0.1544521898,0.6105589867,1,234.9,-443.8,2229.2,1,-28.6,-133.6,2462.7,1,172.0,-196.1,2074.8,1,118.8,-684.3,2555.6,1,207.8,-733.0,2274.6,1,
19,0.5999688506,-0.1519974917,0.7854523063,-0.0988633186,0.9601745605,0.2613258362,-0.7938922644,-0.2344392389,0.5610476732,1,112.7,566.4,2111.5,1,0.5999688506,-0.1519974917,0.7854523063,-0.0988633186,0.9601745605,0.2613258362,-0.7938922644,-0.2344392389,0.5610476732,1,143.9,369.5,2159.5,1,0.6005513668,-0.1195052564,0.7906059623,-0.1030023918,0.9689672589,0.2247071862,-0.7929250002,-0.2163819671,0.5696050525,1,168.3,171.3,2203.8,1,0.1175408661,-0.9850872755,0.1256476790,0.7539503574,0.1708690226,0.6343206763,-0.6463304162,0.0201735124,0.7627909780,1,57.7,384.3,2273.4,1,0.1711977869,-0.9850871563,0.0171613712,0.9851088524,0.1708690077,-0.0190872978,0.0158703066,0.0201735217,0.9996705055,1,23.4,164.3,2461.9,1,0.1860930175,-0.3084336221,0.9328656197,-0.9816623330,-0.0184227787,0.1897361279,-0.0413350202,-0.9510675669,-0.3062059879,1,230.1,354.7,2045.7,1,-0.3905892670,-0.3084335327,0.8673573136,-0.9091880918,-0.0184227899,-0.4159777761,0.1442806423,-0.9510674477,-0.2732284069,1,284.1,70.0,2033.7,1,0.6350404024,-0.0335432999,0.7717503309,-0.3228650689,0.8960833549,0.3046191037,-0.7017705441,-0.4426166713,0.5582191348,1,136.1,-17.1,2322.9,1,0.6563071609,0.1110695079,0.7462736964,-0.1908317059,0.9813814759,0.0217650216,-0.7299617529,-0.1566972286,0.6652832627,1,149.8,-383.5,2503.9,1,0.6054814458,0.0408462361,0.7948105931,-0.1336020082,0.9897263646,0.0509139337,-0.7845653296,-0.1370157152,0.6047180891,1,249.5,-36.5,2173.2,1,0.6023410559,0.0921919495,0.7928970456,-0.1727139056,0.9848304391,0.0166973211,-0.7793297768,-0.1470018476,0.6091267467,1,232.8,-441.4,2229.2,1,-26.9,-125.1,2457.3,1,171.4,-192.3,2075.3,1,115.2,-689.2,2552.7,1,205.6,-731.4,2272.5,1,
20,0.6054635644,-0.1561320722,0.7804087400,-0.0915961266,0.9603831172,0.2632013857,-0.7905854583,-0.2308407128,0.5671756268,1,110.8,566.3,2112.6,1,0.6054635644,-0.1561320722,0.7804087400,-0.0915961266,0.9603831172,0.2632013857,-0.7905854583,-0.2308407128,0.5671756268,1,142.8,369.7,2159.8,1,0.6057328582,-0.1246145591,0.7858499289,-0.0934474766,0.9696828127,0.2257946879,-0.7901624441,-0.2102064192,0.5757235885,1,168.3,171.4,2202.8,1,0.1397956908,-0.9891384840,0.0454132743,0.7568653226,0.1363151520,0.6391972303,-0.6384450197,-0.0549852848,0.7677008510,1,55.9,383.1,2273.3,1,0.1363110691,-0.9891384244,-0.0549953729,0.9906585813,0.1363151371,0.0036948794,0.0038419543,-0.0549852885,0.9984798431,1,14.9,161.5,2460.2,1,0.1822075546,-0.3368926644,0.9237444401,-0.9819669724,-0.0141812563,0.1885199547,-0.0504111201,-0.9414362907,-0.3334013820,1,229.8,356.3,2046.4,1,-0.3822323084,-0.3368926644,0.8604660630,-0.9117255807,-0.0141812563,-0.4105549157,0.1505154222,-0.9414362907,-0.3017331362,1,282.1,74.3,2031.9,1,0.6411343813,-0.0186041631,0.7672030330,-0.3135187328,0.9061263800,0.2839735448,-0.7004660368,-0.4225977361,0.5751160383,1,136.6,-18.1,2320.4,1,0.6551264524,0.1037335545,0.7483639717,-0.2151744217,0.9751254320,0.0532003418,-0.7242300510,-0.1958817393,0.6611513495,1,144.2,-388.6,2493.2,1,0.6099011302,0.0444937944,0.7912275195,-0.1467916071,0.9874877930,0.0576209463,-0.7787637711,-0.1512886286,0.6088011861,1,251.0,-35.8,2171.2,1,0.6082118154,0.0924545899,0.7883721590,-0.1666531563,0.9859306216,0.0129464222,-0.7760832906,-0.1392588764,0.6150624156,1,232.8,-439.7,2233.1,1,-25.1,-129.6,2459.1,1,171.7,-189.0,2075.4,1,111.8,-693.7,2554.5,1,205.1,-734.3,2274.7,1,
21,0.6012834311,-0.1585742086,0.7831434608,-0.0892609358,0.9606447816,0.2630483210,-0.7940353751,-0.2280701548,0.5634650588,1,109.5,566.9,2113.1,1,0.6012834311,-0.1585742086,0.7831434608,-0.0892609358,0.9606447816,0.2630483210,-0.7940353751,-0.2280701548,0.5634650588,1,142.1,369.8,2159.9,1,0.6014682651,-0.1291594058,0.7883875966,-0.0905009434,0.9694766402,0.2278706729,-0.7937549353,-0.2084062696,0.5714200735,1,168.5,171.5,2202.6,1,0.1334443688,-0.9883919954,0.0726210475,0.7915215492,0.1503868103,0.5923490524,-0.5963943005,-0.0215645209,0.8024019599,1,55.7,382.8,2273.9,1,0.1512895525,-0.9883919954,-0.0138812484,0.9872611761,0.1503867954,0.0519540608,-0.0492634252,-0.0215645246,0.9985529780,1,16.6,150.9,2448.6,1,0.1821942180,-0.3417907953,0.9219459891,-0.9820226431,-0.0161785595,0.1880686879,-0.0493643880,-0.9396368861,-0.3385939300,1,228.4,356.8,2046.0,1,-0.3759034276,-0.3417908251,0.8613221645,-0.9140289426,-0.0161785707,-0.4053261876,0.1524716914,-0.9396369457,-0.3063251376,1,280.0,78.4,2032.0,1,0.6385008097,-0.0166145749,0.7694418430,-0.3263451159,0.8995907307,0.2902336121,-0.6970049143,-0.4364179969,0.5689671636,1,138.1,-18.2,2320.1,1,0.6562287211,0.1096227393,0.7465565205,-0.2115000188,0.9764522314,0.0425299667,-0.7243145108,-0.1858061105,0.6639612317,1,144.9,-386.1,2498.6,1,0.6051015854,0.0561155565,0.7941682935,-0.1599034369,0.9857524633,0.0521826074,-0.7799251080,-0.1585659832,0.6054534316,1,251.7,-35.3,2170.3,1,0.6052432060,0.0876190290,0.7912037969,-0.1587835401,0.9872388244,0.0121356444,-0.7800438404,-0.1329751611,0.6114320755,1,228.7,-438.5,2235.1,1,-27.8,-139.0,2463.1,1,171.4,-185.7,2076.0,1,110.6,-691.4,2556.7,1,202.5,-733.6,2274.9,1,
22,0.5983419418,-0.1644234806,0.7841894031,-0.0854394361,0.9600445032,0.2664863765,-0.7966733575,-0.2264501452,0.5603863001,1,106.7,566.4,2115.4,1,0.5983419418,-0.1644234806,0.7841894031,-0.0854394361,0.9600445032,0.2664863765,-0.7966733575,-0.2264501452,0.5603863001,1,140.4,369.3,2161.9,1,0.5987775326,-0.1334029734,0.7897279859,-0.0882610083,0.9690348506,0.2306120098,-0.7960382104,-0.2077869624,0.5684616566,1,167.7,171.1,2204.4,1,0.1490875781,-0.9888081551,0.0056120083,0.8039770126,0.1245198548,0.5814772844,-0.5756682158,-0.0821791142,0.8135433197,1,54.5,382.0,2276.2,1,0.1312637329,-0.9888080955,-0.0709114373,0.9879079461,0.1245198548,0.0923723578,-0.0825086534,-0.0821791142,0.9931963682,1,11.0,147.5,2444.1,1,0.1796744913,-0.3448884487,0.9212867022,-0.9824660420,-0.0155250095,0.1857941747,-0.0497752801,-0.9385153651,-0.3416306376,1,226.4,356.7,2047.6,1,-0.3929215074,-0.3448884785,0.8524463773,-0.9056560397,-0.0155250132,-0.4237289429,0.1593734324,-0.9385154247,-0.3062501848,1,277.6,76.5,2033.4,1,0.6377365589,-0.0298641045,0.7696753144,-0.3489332199,0.8796337843,0.3232491910,-0.6866859794,-0.4747131765,0.5505540371,1,138.5,-18.7,2322.0,1,0.6686736345,0.1292650849,0.7322337627,-0.1876394749,0.9822358489,-0.0020475097,-0.7194908857,-0.1360268295,0.6810504198,1,150.7,-378.1,2516.0,1,0.6021899581,0.0615827776,0.7959741354,-0.1666869521,0.9847454429,0.0499185137,-0.7807577848,-0.1627389193,0.6032688618,1,251.5,-35.4,2171.7,1,0.6034841537,0.0775708109,0.7935929298,-0.1515331715,0.9882764816,0.0186322834,-0.7828439474,-0.1314999163,0.6081638336,1,226.3,-438.2,2238.3,1,-27.6,-142.6,2468.3,1,164.1,-185.2,2079.5,1,109.4,-691.7,2559.4,1,203.3,-732.1,2277.4,1,
23,0.5961301923,-0.1684794575,0.7850124836,-0.0860942304,0.9586844444,0.2711319327,-0.7982592583,-0.2292144299,0.5569952130,1,105.0,565.6,2114.6,1,0.5961301923,-0.1684794575,0.7850124836,-0.0860942304,0.9586844444,0.2711319327,-0.7982592583,-0.2292144299,0.5569952130,1,139.6,368.6,2161.7,1,0.5964727402,-0.1361571401,0.7910010219,-0.0882613212,0.9684033990,0.2332493067,-0.7977665663,-0.2089411318,0.5656084418,1,167.4,170.5,2204.4,1,0.1011194438,-0.9948664904,0.0039476375,0.8217303753,0.0857572183,0.5633869767,-0.5608332753,-0.0537254848,0.8261837959,1,53.9,381.3,2276.2,1,0.2004456818,-0.9786776900,-0.0448497422,0.9754357338,0.1950940341,0.1022906005,-0.0913596004,-0.0642517507,0.9937430024,1,24.3,140.6,2440.4,1,0.1770438254,-0.3494994342,0.9200574160,-0.9832112193,-0.0208513774,0.1812755764,-0.0441712439,-0.9367044568,-0.3473233879,1,225.2,355.9,2047.1,1,-0.4024738371,-0.3494994938,0.8460880518,-0.8994718790,-0.0208513886,-0.4364810586,0.1701920033,-0.9367046356,-0.3059727550,1,275.6,76.2,2034.5,1,0.6365752220,-0.0131143145,0.7711029053,-0.3575944901,0.8808568716,0.3101890385,-0.6832991838,-0.4732009470,0.5560420752,1,139.0,-19.2,2322.4,1,0.6706196666,0.1109450683,0.7334578633,-0.1704813093,0.9853371978,0.0068304013,-0.7219455242,-0.1296214610,0.6797006130,1,144.3,-379.3,2515.9,1,0.6005688906,0.0619616807,0.7971685529,-0.1590675116,0.9863232374,0.0431737490,-0.7835907340,-0.1527324319,0.6022111773,1,251.6,-35.9,2171.8,1,0.6011383533,0.0724386349,0.7958551049,-0.1517899632,0.9881037474,0.0247154012,-0.7845970392,-0.1356601864,0.6049824953,1,226.2,-439.3,2234.3,1,-34.4,-145.4,2467.2,1,159.3,-183.8,2083.7,1,109.0,-693.1,2557.1,1,204.7,-732.5,2274.5,1,
