1,0.6328035593,-0.0489089787,0.7727653980,-0.1453337222,0.9727638960,0.1805764586,-0.7605522871,-0.2265778184,0.6084594131,1,42.6,579.0,2090.2,1,0.6328035593,-0.0489089787,0.7727653980,-0.1453337222,0.9727638960,0.1805764586,-0.7605522871,-0.2265778184,0.6084594131,1,52.7,378.2,2137.0,1,0.6325448751,-0.0288595334,0.7739850283,-0.1388426721,0.9788929820,0.1499684304,-0.7619788051,-0.2023234218,0.6151859164,1,58.6,178.0,2178.3,1,-0.0000026226,-1.0000003576,0.0000004779,1.0000003576,-0.0000026226,0.0000007664,-0.0000007664,0.0000004779,1.0000000000,0,-38.2,398.1,2246.4,1,0.0008574128,-0.9999996424,0.0000510627,0.9999984503,0.0008573532,-0.0015188466,0.0015188023,0.0000523649,0.9999988675,0,-38.2,130.6,2246.4,0,-0.0000005960,1.0000001192,0.0000000000,-1.0000001192,-0.0000005960,0.0000000000,0.0000000000,-0.0000000000,1.0000000000,0,143.5,358.2,2027.5,1,0.0000170469,0.9999990463,0.0000000000,-0.9999990463,0.0000170469,0.0000000000,0.0000000000,-0.0000000000,1.0000000000,0,143.5,90.7,2027.5,0,0.9330599308,-0.0536062717,-0.3557043374,0.1998306215,0.8994638920,0.3886292279,0.2991101742,-0.4336950779,0.8499658108,1,4.7,-9.1,2291.6,1,-0.8022034168,0.0639585108,-0.5936150551,0.1548584849,0.9825091362,-0.1034141481,0.5766180158,-0.1748855263,-0.7980768085,1,26.7,-376.9,2469.0,1,0.9905810952,-0.1000073031,0.0935285389,0.0675688833,0.9511132240,0.3013600409,-0.1190944910,-0.2922019660,0.9489122033,1,124.2,-35.3,2147.8,1,0.7594841719,0.1924500763,-0.6214070320,-0.0426906347,0.9679239392,0.2475899458,0.6491234899,-0.1615123898,0.7433386445,1,165.1,-424.3,2267.3,1,-38.4,-136.9,2246.0,0,143.5,-176.7,2027.5,0,7.4,-673.0,2521.7,1,98.7,-758.0,2323.0,1,
2,0.6291190386,-0.0501685217,0.7756875753,-0.1459605545,0.9725391865,0.1812792271,-0.7634833455,-0.2272655070,0.6045193076,1,42.0,579.2,2090.5,1,0.6291190386,-0.0501685217,0.7756875753,-0.1459605545,0.9725391865,0.1812792271,-0.7634833455,-0.2272655070,0.6045193076,1,52.4,378.3,2137.4,1,0.6288156509,-0.0295210034,0.7769929767,-0.1385324895,0.9790376425,0.1493092775,-0.7651154399,-0.2015262991,0.6115436554,1,58.4,178.1,2178.6,1,-0.0000026226,-1.0000003576,0.0000003823,1.0000003576,-0.0000026226,0.0000006131,-0.0000006131,0.0000003823,1.0000000000,0,-37.9,398.2,2247.3,1,0.0007717609,-0.9999995232,0.0000460151,0.9999985695,0.0007717013,-0.0013669599,0.0013669240,0.0000470697,0.9999990463,0,-37.9,130.7,2247.3,0,-0.0000005960,1.0000001192,0.0000000000,-1.0000001192,-0.0000005960,0.0000000000,0.0000000000,-0.0000000000,1.0000000000,0,142.7,358.4,2027.5,1,0.0000170469,0.9999990463,0.0000000000,-0.9999990463,0.0000170469,0.0000000000,0.0000000000,-0.0000000000,1.0000000000,0,142.7,90.9,2027.5,0,0.9344964027,-0.0546970665,-0.3517447412,0.1996774077,0.8985729814,0.3907623291,0.2946947217,-0.4354014993,0.8506352901,1,5.1,-9.0,2292.1,1,-0.7998976111,0.0627896339,-0.5968427062,0.1534608603,0.9828480482,-0.1022720188,0.5801840425,-0.1733991504,-0.7958135009,1,27.5,-376.6,2470.2,1,0.9899572134,-0.1014489084,0.0984531045,0.0680910870,0.9525020719,0.2968223095,-0.1238891482,-0.2871375084,0.9498440623,1,123.8,-35.2,2147.6,1,0.7627068758,0.1911126673,-0.6178627610,-0.0373564437,0.9667661190,0.2529189587,0.6456648111,-0.1698218733,0.7444982529,1,165.3,-424.8,2265.1,1,-38.1,-136.8,2246.9,0,142.7,-176.6,2027.5,0,8.4,-675.1,2522.8,1,99.3,-759.0,2323.8,1,
3,0.6291874647,-0.0428165235,0.7760726213,-0.1454330385,0.9743617177,0.1716618538,-0.7635275126,-0.2208735645,0.6068283319,1,43.9,578.4,2091.6,1,0.6291874647,-0.0428165235,0.7760726213,-0.1454330385,0.9743617177,0.1716618538,-0.7635275126,-0.2208735645,0.6068283319,1,52.7,377.2,2137.2,1,0.6288340092,-0.0263355765,0.7770926356,-0.1354414374,0.9804363847,0.1428262591,-0.7656535506,-0.1950640529,0.6129639149,1,58.1,176.7,2177.1,1,-0.0000026226,-1.0000003576,0.0000003058,1.0000003576,-0.0000026226,0.0000004905,-0.0000004905,0.0000003058,1.0000000000,0,-37.6,396.6,2247.2,1,0.0006949902,-0.9999994636,0.0000414609,0.9999987483,0.0006949306,-0.0012302620,0.0012302329,0.0000423155,0.9999992251,0,-37.6,129.1,2247.2,0,-0.0000005960,1.0000001192,0.0000000000,-1.0000001192,-0.0000005960,0.0000000000,0.0000000000,-0.0000000000,1.0000000000,0,143.0,357.7,2027.3,1,0.0000170469,0.9999990463,0.0000000000,-0.9999990463,0.0000170469,0.0000000000,0.0000000000,-0.0000000000,1.0000000000,0,143.0,90.2,2027.3,0,0.9350482821,-0.0491111279,-0.3511025012,0.1913612485,0.9036103487,0.3832348585,0.2984387577,-0.4255304337,0.8543174863,1,4.1,-11.0,2289.3,1,-0.7983243465,0.0597210005,-0.5992592573,0.1596961617,0.9804406166,-0.1150360927,0.5806680322,-0.1875355095,-0.7922468185,1,24.2,-380.6,2463.3,1,0.9896168709,-0.1053196937,0.0978076458,0.0716010183,0.9512835741,0.2998880744,-0.1246269047,-0.2897710800,0.9489471912,1,122.8,-36.6,2144.7,1,0.7615942359,0.1939520687,-0.6183500886,-0.0429546684,0.9671737552,0.2504590452,0.6466290355,-0.1641871035,0.7449252009,1,165.9,-425.7,2263.2,1,-37.8,-138.4,2246.8,0,143.0,-177.3,2027.3,0,6.0,-679.0,2520.4,1,98.8,-760.4,2320.1,1,
4,0.6274573803,-0.0348976329,0.7778676748,-0.1411150247,0.9773558974,0.1576742679,-0.7657582164,-0.2087022215,0.6083236933,1,45.1,580.4,2091.7,1,0.6274573803,-0.0348976329,0.7778676748,-0.1411150247,0.9773558974,0.1576742679,-0.7657582164,-0.2087022215,0.6083236933,1,52.3,378.6,2134.7,1,0.6272451878,-0.0257915892,0.7783938050,-0.1342688650,0.9809054732,0.1406965107,-0.7671617866,-0.1927647889,0.6118043661,1,57.6,178.0,2174.2,1,-0.0000026226,-1.0000003576,0.0000002447,1.0000003576,-0.0000026226,0.0000003924,-0.0000003924,0.0000002447,1.0000000000,0,-37.7,397.9,2244.9,1,0.0006262660,-0.9999993443,0.0000373529,0.9999987483,0.0006262660,-0.0011072340,0.0011072104,0.0000380458,0.9999994040,0,-37.7,130.4,2244.9,0,-0.0000005960,1.0000001192,0.0000000000,-1.0000001192,-0.0000005960,0.0000000000,0.0000000000,-0.0000000000,1.0000000000,0,142.4,359.3,2024.6,1,0.0000170469,0.9999990463,0.0000000000,-0.9999990463,0.0000170469,0.0000000000,0.0000000000,-0.0000000000,1.0000000000,0,142.4,91.8,2024.6,0,0.9351133108,-0.0574802756,-0.3496559262,0.2053041458,0.8921456337,0.4024009705,0.2888137996,-0.4480763376,0.8460581303,1,3.7,-9.9,2286.0,1,-0.8003437519,0.0680506974,-0.5956668258,0.1508782208,0.9844233394,-0.0902580842,0.5802462101,-0.1621106565,-0.7981443405,1,27.2,-374.7,2469.2,1,0.9895657301,-0.1048092544,0.0988668799,0.0690905675,0.9473252892,0.3127316236,-0.1264362633,-0.3026376963,0.9446821213,1,122.1,-35.2,2141.2,1,0.7606399655,0.2010323107,-0.6172623634,-0.0541537255,0.9671781063,0.2482616454,0.6469112635,-0.1554106772,0.7465609908,1,165.0,-422.7,2265.0,1,-37.9,-137.1,2244.6,0,142.4,-175.6,2024.6,0,6.6,-672.9,2518.3,1,95.1,-758.6,2318.9,1,
5,0.6346142292,-0.0357775502,0.7719995975,-0.1390648037,0.9773357511,0.1596086472,-0.7602154613,-0.2086474299,0.6152549982,1,46.6,581.5,2091.2,1,0.6346142292,-0.0357775502,0.7719995975,-0.1390648037,0.9773357511,0.1596086472,-0.7602154613,-0.2086474299,0.6152549982,1,54.0,379.7,2134.3,1,0.6343996525,-0.0239680167,0.7726327181,-0.1320291013,0.9814721346,0.1388523132,-0.7616477013,-0.1900973916,0.6194802523,1,58.9,179.0,2173.2,1,-0.0000026226,-1.0000003576,0.0000001957,1.0000003576,-0.0000026226,0.0000003139,-0.0000003139,0.0000001957,1.0000000000,0,-37.1,398.7,2243.7,1,0.0005644560,-0.9999993443,0.0000336485,0.9999988675,0.0005644560,-0.0009965091,0.0009964900,0.0000342105,0.9999995232,0,-37.1,131.2,2243.7,0,-0.0000005960,1.0000001192,0.0000000000,-1.0000001192,-0.0000005960,0.0000000000,0.0000000000,-0.0000000000,1.0000000000,0,145.1,360.8,2024.9,1,0.0000170469,0.9999990463,0.0000000000,-0.9999990463,0.0000170469,0.0000000000,0.0000000000,-0.0000000000,1.0000000000,0,145.1,93.3,2024.9,0,0.9321055412,-0.0419936478,-0.3597440124,0.1988102198,0.8895626068,0.4112817645,0.3027436733,-0.4548788071,0.8375151157,1,3.9,-9.2,2283.9,1,-0.8083937764,0.0496339574,-0.5865458250,0.1353423595,0.9854152799,-0.1031460017,0.5728716850,-0.1627670676,-0.8033211827,1,21.1,-373.0,2469.9,1,0.9897710085,-0.1117954701,0.0886309147,0.0778887868,0.9439302087,0.3208258748,-0.1195282936,-0.3106407523,0.9429823160,1,123.7,-34.1,2140.1,1,0.7535148263,0.2026602179,-0.6254152060,-0.0515568256,0.9665877819,0.2510972917,0.6554061174,-0.1569611132,0.7387868166,1,169.4,-420.2,2267.2,1,-37.3,-136.3,2243.4,0,145.1,-174.2,2024.9,0,5.7,-677.3,2520.2,1,99.0,-755.9,2321.7,1,
6,0.6331627369,-0.0349877141,0.7732266188,-0.1407445669,0.9771193862,0.1594616920,-0.7611160278,-0.2097921818,0.6137503982,1,47.7,582.1,2091.0,1,0.6331627369,-0.0349877141,0.7732266188,-0.1407445669,0.9771193862,0.1594616920,-0.7611160278,-0.2097921818,0.6137503982,1,55.0,380.4,2134.3,1,0.6329608560,-0.0233490784,0.7738307714,-0.1339663565,0.9811629057,0.1391820908,-0.7625059485,-0.1917636245,0.6179088354,1,59.7,179.7,2173.5,1,-0.0000026226,-1.0000003576,0.0000001566,1.0000003576,-0.0000026226,0.0000002511,-0.0000002511,0.0000001566,1.0000000000,0,-35.9,399.6,2243.8,1,0.0005090833,-0.9999992251,0.0000303085,0.9999988675,0.0005090237,-0.0008968569,0.0008968413,0.0000307645,0.9999995828,0,-35.9,132.1,2243.8,0,-0.0000005960,1.0000001192,0.0000000000,-1.0000001192,-0.0000005960,0.0000000000,0.0000000000,-0.0000000000,1.0000000000,0,145.9,361.1,2024.8,1,0.0000170469,0.9999990463,0.0000000000,-0.9999990463,0.0000170469,0.0000000000,0.0000000000,-0.0000000000,1.0000000000,0,145.9,93.7,2024.8,0,0.9328144789,-0.0388484299,-0.3582571745,0.1953797638,0.8898866177,0.4122244418,0.3027939796,-0.4545251429,0.8376891017,1,4.8,-8.2,2284.7,1,-0.8073344231,0.0488562547,-0.5880683661,0.1371372193,0.9848154187,-0.1064522415,0.5739379525,-0.1665886045,-0.8017752767,1,20.7,-372.2,2470.6,1,0.9910675287,-0.0965479612,0.0920010209,0.0629482195,0.9468280673,0.3155224621,-0.1175722480,-0.3069126308,0.9444477558,1,124.3,-33.5,2140.7,1,0.7589400411,0.1905638129,-0.6226520538,-0.0402321741,0.9681149125,0.2472549975,0.6499165893,-0.1626010686,0.7424078584,1,163.8,-420.8,2266.3,1,-36.1,-135.3,2243.5,0,145.9,-173.8,2024.8,0,5.6,-675.5,2521.9,1,97.3,-758.4,2323.0,1,
7,0.6318571568,-0.0326991379,0.7743939757,-0.1429055780,0.9770662189,0.1578573585,-0.7617979646,-0.2104080319,0.6126925349,1,48.8,581.0,2091.9,1,0.6318571568,-0.0326991379,0.7743939757,-0.1429055780,0.9770662189,0.1578573585,-0.7617979646,-0.2104080319,0.6126925349,1,55.6,379.2,2135.3,1,0.6316385865,-0.0210950300,0.7749751210,-0.1349466145,0.9813776612,0.1366990507,-0.7634289861,-0.1909241676,0.6170283556,1,59.9,178.6,2174.3,1,-0.0000026226,-1.0000003576,0.0000001253,1.0000003576,-0.0000026226,0.0000002009,-0.0000002009,0.0000001253,1.0000000000,0,-35.1,398.6,2244.9,1,0.0004593730,-0.9999992251,0.0000272977,0.9999988675,0.0004593730,-0.0008071700,0.0008071574,0.0000276680,0.9999997020,0,-35.1,131.1,2244.9,0,-0.0000005960,1.0000001192,0.0000000000,-1.0000001192,-0.0000005960,0.0000000000,0.0000000000,-0.0000000000,1.0000000000,0,146.3,359.9,2025.7,1,0.0000170469,0.9999990463,0.0000000000,-0.9999990463,0.0000170469,0.0000000000,0.0000000000,-0.0000000000,1.0000000000,0,146.3,92.4,2025.7,0,0.9337807894,-0.0489026904,-0.3544879854,0.2023933232,0.8891245723,0.4104805589,0.2951103449,-0.4550449252,0.8401451111,1,4.6,-9.4,2285.5,1,-0.8047921658,0.0646804720,-0.5900220275,0.1482704878,0.9844384193,-0.0943235755,0.5747394562,-0.1633937359,-0.8018584847,1,24.6,-373.1,2471.6,1,0.9906769991,-0.0989784747,0.0936086178,0.0646529421,0.9464008808,0.3164575994,-0.1199137270,-0.3074551523,0.9439767599,1,123.8,-34.9,2141.3,1,0.7588272095,0.1960763037,-0.6210757494,-0.0502457544,0.9683883190,0.2443343699,0.6493507028,-0.1542011648,0.7446915507,1,164.3,-422.0,2267.1,1,-35.3,-136.3,2244.7,0,146.3,-175.1,2025.7,0,4.7,-675.8,2521.8,1,95.4,-762.3,2321.3,1,
8,0.6307525039,-0.0328605771,0.7752872109,-0.1465241015,0.9760864973,0.1605777293,-0.7620260119,-0.2148825824,0.6108531356,1,49.8,581.2,2091.3,1,0.6307525039,-0.0328605771,0.7752872109,-0.1465241015,0.9760864973,0.1605777293,-0.7620260119,-0.2148825824,0.6108531356,1,56.6,380.0,2135.6,1,0.6304982901,-0.0209579878,0.7759068608,-0.1372805238,0.9808652997,0.1380459368,-0.7639552951,-0.1935541332,0.6155557632,1,60.8,179.4,2175.2,1,-0.0000026226,-1.0000003576,0.0000001002,1.0000003576,-0.0000026226,0.0000001607,-0.0000001607,0.0000001002,1.0000000000,0,-34.0,399.7,2245.3,1,0.0004147887,-0.9999992251,0.0000245841,0.9999989867,0.0004147887,-0.0007264519,0.0007264417,0.0000248849,0.9999997616,0,-34.0,132.2,2245.3,0,-0.0000005960,1.0000001192,0.0000000000,-1.0000001192,-0.0000005960,0.0000000000,0.0000000000,-0.0000000000,1.0000000000,0,147.1,360.3,2025.9,1,0.0000170469,0.9999990463,0.0000000000,-0.9999990463,0.0000170469,0.0000000000,0.0000000000,-0.0000000000,1.0000000000,0,147.1,92.8,2025.9,0,0.9345872402,-0.0517475605,-0.3519507349,0.2005859315,0.8937416077,0.4012382329,0.2937898040,-0.4455885887,0.8456587791,1,5.6,-8.2,2286.9,1,-0.8008486032,0.0675160363,-0.5950489044,0.1615517139,0.9811440706,-0.1061013788,0.5766651630,-0.1811023057,-0.7966550589,1,26.8,-373.8,2469.1,1,0.9901243448,-0.1034738645,0.0945871174,0.0679150969,0.9442769289,0.3220689893,-0.1226422191,-0.3124644756,0.9419791698,1,124.7,-34.1,2142.6,1,0.7576981187,0.2037343532,-0.6199885607,-0.0609247983,0.9679547548,0.2436222434,0.6497551203,-0.1468194574,0.7458299398,1,167.0,-420.4,2270.4,1,-34.1,-135.3,2245.1,0,147.1,-174.7,2025.9,0,6.0,-676.1,2524.9,1,95.2,-761.2,2322.1,1,
9,0.6343961954,-0.0304925181,0.7724056244,-0.1509737819,0.9750912189,0.1624908298,-0.7581227422,-0.2196960896,0.6139897108,1,50.3,582.2,2090.5,1,0.6343961954,-0.0304925181,0.7724056244,-0.1509737819,0.9750912189,0.1624908298,-0.7581227422,-0.2196960896,0.6139897108,1,56.6,380.7,2135.9,1,0.6340543032,-0.0206778217,0.7730112076,-0.1379079074,0.9805933237,0.1393464208,-0.7608930469,-0.1949570626,0.6188968420,1,60.8,180.2,2175.8,1,-0.0000026226,-1.0000003576,0.0000000802,1.0000003576,-0.0000026226,0.0000001286,-0.0000001286,0.0000000802,1.0000000000,0,-34.5,400.5,2245.2,1,0.0003747940,-0.9999991059,0.0000221387,0.9999988675,0.0003747940,-0.0006538058,0.0006537974,0.0000223833,0.9999997616,0,-34.5,133.0,2245.2,0,-0.0000005960,1.0000001192,0.0000000000,-1.0000001192,-0.0000005960,0.0000000000,0.0000000000,-0.0000000000,1.0000000000,0,147.6,360.9,2026.6,1,0.0000170469,0.9999990463,0.0000000000,-0.9999990463,0.0000170469,0.0000000000,0.0000000000,-0.0000000000,1.0000000000,0,147.6,93.4,2026.6,0,0.9331020117,-0.0496374965,-0.3561695814,0.2012732923,0.8928527832,0.4028684795,0.2980096638,-0.4476047456,0.8431135416,1,5.2,-7.3,2287.5,1,-0.8051083684,0.0678542256,-0.5892336369,0.1523762345,0.9837542772,-0.0949156508,0.5732207298,-0.1662025899,-0.8023682237,1,25.5,-372.5,2470.6,1,0.9917020202,-0.0904306173,0.0913753510,0.0573046990,0.9472013712,0.3154771626,-0.1150795519,-0.3076230884,0.9445235729,1,124.9,-33.3,2143.8,1,0.7594275475,0.1889817566,-0.6225395799,-0.0454220325,0.9699484110,0.2390334457,0.6490042210,-0.1532515883,0.7451894283,1,161.9,-420.8,2269.6,1,-34.6,-134.4,2245.0,0,147.6,-174.1,2026.6,0,4.5,-676.2,2521.9,1,95.9,-759.2,2323.1,1,
10,0.6376802325,-0.0285209268,0.7697721720,-0.1517339945,0.9750843048,0.1618228704,-0.7552101612,-0.2199913710,0.6174635291,1,50.5,581.3,2091.1,1,0.6376802325,-0.0285209268,0.7697721720,-0.1517339945,0.9750843048,0.1618228704,-0.7552101612,-0.2199913710,0.6174635291,1,56.4,380.2,2136.5,1,0.6373889446,-0.0202689841,0.7702747583,-0.1400618851,0.9799529314,0.1416835487,-0.7577068806,-0.1981931776,0.6217713356,1,60.5,179.9,2177.0,1,-0.0000026226,-1.0000003576,0.0000000641,1.0000003576,-0.0000026226,0.0000001029,-0.0000001029,0.0000000641,1.0000000000,0,-35.1,400.4,2245.3,1,0.0003387928,-0.9999990463,0.0000199355,0.9999989271,0.0003387332,-0.0005884244,0.0005884176,0.0000201344,0.9999998212,0,-35.1,132.9,2245.3,0,-0.0000005960,1.0000001192,0.0000000000,-1.0000001192,-0.0000005960,0.0000000000,0.0000000000,-0.0000000000,1.0000000000,0,147.9,360.1,2027.7,1,0.0000170469,0.9999990463,0.0000000000,-0.9999990463,0.0000170469,0.0000000000,0.0000000000,-0.0000000000,1.0000000000,0,147.9,92.6,2027.7,0,0.9318761826,-0.0497765541,-0.3593453169,0.2017650604,0.8943220377,0.3993479908,0.3014922738,-0.4446461201,0.8434406519,1,4.5,-7.3,2289.1,1,-0.8068526983,0.0630168840,-0.5873820186,0.1495027989,0.9837090969,-0.0998267755,0.5715222359,-0.1683607697,-0.8031294942,1,24.9,-373.1,2471.0,1,0.9920414090,-0.0914994851,0.0864970386,0.0583990738,0.9429681897,0.3277201951,-0.1115500629,-0.3200606704,0.9408069849,1,124.8,-33.7,2146.0,1,0.7576763034,0.1872772723,-0.6251830459,-0.0526634231,0.9723639488,0.2274530828,0.6505022645,-0.1394115388,0.7465997338,1,162.3,-419.4,2276.9,1,-35.2,-134.6,2245.1,0,147.9,-174.8,2027.7,0,5.3,-678.5,2523.2,1,96.8,-759.3,2325.7,1,
11,0.6378014684,-0.0281100664,0.7696868181,-0.1538782418,0.9745352268,0.1631009728,-0.7546737194,-0.2224636525,0.6172335744,1,51.3,580.9,2091.4,1,0.6378014684,-0.0281100664,0.7696868181,-0.1538782418,0.9745352268,0.1631009728,-0.7546737194,-0.2224636525,0.6172335744,1,57.1,379.7,2137.3,1,0.6375562549,-0.0180256590,0.7701920867,-0.1434907615,0.9794541001,0.1417015791,-0.7569241524,-0.2008576989,0.6218696237,1,60.8,179.5,2178.4,1,-0.0000026226,-1.0000003576,0.0000000513,1.0000003576,-0.0000026226,0.0000000823,-0.0000000823,0.0000000513,1.0000000000,0,-34.5,400.3,2246.0,1,0.0003066063,-0.9999990463,0.0000179505,0.9999989271,0.0003066063,-0.0005295812,0.0005295757,0.0000181123,0.9999998808,0,-34.5,132.9,2246.0,0,-0.0000005960,1.0000001192,0.0000000000,-1.0000001192,-0.0000005960,0.0000000000,0.0000000000,-0.0000000000,1.0000000000,0,148.6,359.1,2028.6,1,0.0000170469,0.9999990463,0.0000000000,-0.9999990463,0.0000170469,0.0000000000,0.0000000000,-0.0000000000,1.0000000000,0,148.6,91.7,2028.6,0,0.9322409034,-0.0517145693,-0.3581235409,0.2021924555,0.8952460289,0.3970552981,0.3000751138,-0.4425610602,0.8450411558,1,4.3,-7.3,2290.9,1,-0.8058947921,0.0633809939,-0.5886564255,0.1507860571,0.9834400415,-0.1005447134,0.5725356936,-0.1697896421,-0.8021062016,1,25.4,-373.5,2472.0,1,0.9919629097,-0.0917402357,0.0871397257,0.0595383905,0.9461166859,0.3183055520,-0.1116457582,-0.3105592132,0.9439746141,1,124.6,-34.4,2148.0,1,0.7567874193,0.1910783499,-0.6251094341,-0.0528136194,0.9710680246,0.2328894883,0.6515238881,-0.1432335377,0.7449837327,1,162.2,-421.4,2275.1,1,-34.6,-134.6,2245.9,0,148.6,-175.8,2028.6,0,5.7,-678.7,2524.7,1,95.2,-761.6,2325.2,1,
12,0.6389632821,-0.0250849202,0.7688272595,-0.1553946882,0.9746528864,0.1609454453,-0.7533791065,-0.2223094404,0.6188684702,1,52.2,580.5,2091.1,1,0.6389632821,-0.0250849202,0.7688272595,-0.1553946882,0.9746528864,0.1609454453,-0.7533791065,-0.2223094404,0.6188684702,1,57.4,379.3,2137.0,1,0.6387386918,-0.0164912492,0.7692461014,-0.1448402405,0.9793192148,0.1412603408,-0.7556691766,-0.2016457617,0.6231395602,1,60.8,179.0,2178.2,1,-0.0000026226,-1.0000003576,0.0000000410,1.0000003576,-0.0000026226,0.0000000658,-0.0000000658,0.0000000410,1.0000000000,0,-34.3,400.1,2245.5,1,0.0002777576,-0.9999991059,0.0000161622,0.9999989867,0.0002777576,-0.0004766225,0.0004766179,0.0000162942,0.9999998808,0,-34.3,132.6,2245.5,0,-0.0000005960,1.0000001192,0.0000000000,-1.0000001192,-0.0000005960,0.0000000000,0.0000000000,-0.0000000000,1.0000000000,0,149.1,358.5,2028.5,1,0.0000170469,0.9999990463,0.0000000000,-0.9999990463,0.0000170469,0.0000000000,0.0000000000,-0.0000000000,1.0000000000,0,149.1,91.0,2028.5,0,0.9321346879,-0.0587908030,-0.3573075533,0.2053669393,0.8985250592,0.3879139423,0.2982439995,-0.4349671602,0.8496199846,1,3.9,-7.6,2290.8,1,-0.8039523363,0.0735785365,-0.5901243687,0.1617910564,0.9819485545,-0.0979827046,0.5722623467,-0.1742502600,-0.8013442755,1,27.9,-375.1,2468.7,1,0.9925909042,-0.0848896205,0.0869302750,0.0546895489,0.9510238767,0.3042405248,-0.1084995568,-0.2972322106,0.9486204982,1,124.4,-34.9,2148.1,1,0.7596120238,0.1778253913,-0.6255939603,-0.0349963307,0.9716773033,0.2337062657,0.6494343877,-0.1556326002,0.7443208694,1,159.2,-423.9,2269.7,1,-34.4,-134.9,2245.4,0,149.1,-176.5,2028.5,0,5.1,-679.6,2522.7,1,98.0,-758.0,2323.2,1,
13,0.6409971714,-0.0235221274,0.7671818733,-0.1560227722,0.9746683836,0.1602424234,-0.7515193224,-0.2224123031,0.6210888028,1,52.6,581.2,2090.4,1,0.6409971714,-0.0235221274,0.7671818733,-0.1560227722,0.9746683836,0.1602424234,-0.7515193224,-0.2224123031,0.6210888028,1,57.4,379.8,2136.4,1,0.6407968402,-0.0166292489,0.7675294876,-0.1462773234,0.9788048267,0.1433293968,-0.7536472082,-0.2041167021,0.6247816086,1,60.8,179.7,2178.1,1,-0.0000026226,-1.0000003576,0.0000000328,1.0000003576,-0.0000026226,0.0000000527,-0.0000000527,0.0000000328,1.0000000000,0,-34.6,400.8,2244.6,1,0.0002516508,-0.9999991655,0.0000145516,0.9999990463,0.0002516508,-0.0004289597,0.0004289560,0.0000146592,0.9999998808,0,-34.6,133.3,2244.6,0,-0.0000005960,1.0000001192,0.0000000000,-1.0000001192,-0.0000005960,0.0000000000,0.0000000000,-0.0000000000,1.0000000000,0,149.5,358.8,2028.1,1,0.0000170469,0.9999990463,0.0000000000,-0.9999990463,0.0000170469,0.0000000000,0.0000000000,-0.0000000000,1.0000000000,0,149.5,91.3,2028.1,0,0.9313240051,-0.0636317730,-0.3585895598,0.2090564072,0.8996466398,0.3833160698,0.2982128263,-0.4319567978,0.8511652946,1,3.8,-6.7,2291.0,1,-0.8031055331,0.0827302039,-0.5900653601,0.1756466627,0.9791780710,-0.1017772108,0.5693590045,-0.1853808761,-0.8009145856,1,29.8,-374.7,2467.7,1,0.9920772314,-0.0933394432,0.0840852559,0.0639130846,0.9512171745,0.3018291295,-0.1081559360,-0.2940636873,0.9496467113,1,124.7,-34.3,2148.7,1,0.7555967569,0.1857268810,-0.6281551719,-0.0379131585,0.9697538614,0.2411224097,0.6539388299,-0.1583759934,0.7397844195,1,162.9,-423.4,2269.0,1,-34.6,-134.1,2244.5,0,149.5,-176.1,2028.1,0,4.1,-678.2,2525.1,1,99.4,-755.1,2323.1,1,
14,0.6466718316,-0.0274306927,0.7622739673,-0.1626000702,0.9714254141,0.1728963852,-0.7452371716,-0.2357525378,0.6237323880,1,52.6,580.0,2085.1,1,0.6466718316,-0.0274306927,0.7622739673,-0.1626000702,0.9714254141,0.1728963852,-0.7452371716,-0.2357525378,0.6237323880,1,58.3,379.3,2133.8,1,0.6464017034,-0.0179373361,0.7627854943,-0.1509973705,0.9769437313,0.1509302855,-0.7479079962,-0.2127397060,0.6287887096,1,62.0,179.5,2177.3,1,-0.0000026226,-1.0000003576,0.0000000263,1.0000003576,-0.0000026226,0.0000000421,-0.0000000421,0.0000000263,1.0000000000,0,-34.5,401.0,2241.2,1,0.0002278686,-0.9999991655,0.0000131010,0.9999990463,0.0002278686,-0.0003860633,0.0003860603,0.0000131887,0.9999999404,0,-34.5,133.5,2241.2,0,-0.0000005960,1.0000001192,0.0000000000,-1.0000001192,-0.0000005960,0.0000000000,0.0000000000,-0.0000000000,1.0000000000,0,151.1,357.6,2026.4,1,0.0000170469,0.9999990463,0.0000000000,-0.9999990463,0.0000170469,0.0000000000,0.0000000000,-0.0000000000,1.0000000000,0,151.1,90.1,2026.4,0,0.9294729233,-0.0725433826,-0.3616867065,0.2115057111,0.9081076384,0.3613946140,0.3022336364,-0.4124054611,0.8594047427,1,4.6,-6.0,2291.4,1,-0.8007216454,0.1024038494,-0.5902189016,0.2060260177,0.9722512960,-0.1108185574,0.5624928474,-0.2103352547,-0.7996004820,1,34.3,-377.4,2460.1,1,0.9921761751,-0.0992151275,0.0757819414,0.0699988678,0.9447048306,0.3203639388,-0.1033765972,-0.3125527799,0.9442585111,1,126.6,-34.5,2150.2,1,0.7481426001,0.1978464574,-0.6333555579,-0.0631648451,0.9714135528,0.2288357913,0.6605245471,-0.1311960071,0.7392528653,1,167.2,-420.9,2278.0,1,-34.6,-134.0,2241.1,0,151.1,-177.4,2026.4,0,2.5,-679.4,2525.4,1,99.0,-756.0,2323.3,1,
15,0.6434926391,-0.0274418071,0.7649593353,-0.1599229425,0.9724828601,0.1694136709,-0.7485610247,-0.2313505262,0.6213960648,1,53.1,582.2,2087.9,1,0.6434926391,-0.0274418071,0.7649593353,-0.1599229425,0.9724828601,0.1694136709,-0.7485610247,-0.2313505262,0.6213960648,1,58.7,381.1,2135.7,1,0.6432645321,-0.0157744288,0.7654805779,-0.1496266723,0.9779201150,0.1458879113,-0.7508823872,-0.2083803415,0.6267001033,1,61.9,181.1,2178.3,1,-0.0000026226,-1.0000003576,0.0000000210,1.0000003576,-0.0000026226,0.0000000337,-0.0000000337,0.0000000210,1.0000000000,0,-33.7,402.6,2243.6,1,0.0002067089,-0.9999991655,0.0000117946,0.9999990463,0.0002066493,-0.0003474565,0.0003474541,0.0000118661,0.9999999404,0,-33.7,135.1,2243.6,0,-0.0000005960,1.0000001192,0.0000000000,-1.0000001192,-0.0000005960,0.0000000000,0.0000000000,-0.0000000000,1.0000000000,0,151.1,359.6,2027.9,1,0.0000170469,0.9999990463,0.0000000000,-0.9999990463,0.0000170469,0.0000000000,0.0000000000,-0.0000000000,1.0000000000,0,151.1,92.1,2027.9,0,0.9311071038,-0.0694691241,-0.3580695987,0.2070959508,0.9088004827,0.3622059226,0.3002516627,-0.4114072621,0.8605772853,1,4.5,-4.7,2291.8,1,-0.7985589504,0.1041043475,-0.5928456187,0.2072838843,0.9722473621,-0.1084822118,0.5650991201,-0.2095167786,-0.7979760170,1,32.9,-376.4,2460.1,1,0.9921921492,-0.0949171633,0.0809039772,0.0660105869,0.9500437379,0.3050564229,-0.1058173180,-0.2973340452,0.9488915205,1,125.9,-33.0,2150.1,1,0.7503353357,0.1989046186,-0.6304236054,-0.0547517091,0.9690817595,0.2405885309,0.6587861776,-0.1460053027,0.7380266190,1,164.7,-421.5,2271.7,1,-33.7,-132.4,2243.5,0,151.1,-175.3,2027.9,0,0.7,-677.2,2524.9,1,95.8,-757.4,2322.3,1,
16,0.6480458975,-0.0267488342,0.7611304522,-0.1674315482,0.9699299335,0.1766404957,-0.7429702878,-0.2419079393,0.6240795851,1,53.1,583.5,2083.8,1,0.6480458975,-0.0267488342,0.7611304522,-0.1674315482,0.9699299335,0.1766404957,-0.7429702878,-0.2419079393,0.6240795851,1,58.6,382.4,2134.0,1,0.6477873921,-0.0126883658,0.7617145777,-0.1546704024,0.9768466353,0.1478071064,-0.7459559441,-0.2135618180,0.6308254600,1,61.2,182.6,2177.7,1,-0.0000026226,-1.0000003576,0.0000000168,1.0000003576,-0.0000026226,0.0000000270,-0.0000000270,0.0000000168,1.0000000000,0,-34.4,404.6,2241.1,1,0.0001876354,-0.9999991059,0.0000106181,0.9999991059,0.0001876354,-0.0003127105,0.0003127085,0.0000106766,0.9999999404,0,-34.4,137.1,2241.1,0,-0.0000005960,1.0000001192,0.0000000000,-1.0000001192,-0.0000005960,0.0000000000,0.0000000000,-0.0000000000,1.0000000000,0,151.6,360.2,2026.9,1,0.0000170469,0.9999990463,0.0000000000,-0.9999990463,0.0000170469,0.0000000000,0.0000000000,-0.0000000000,1.0000000000,0,151.6,92.7,2026.9,0,0.9299761057,-0.0494414866,-0.3642806709,0.1918501854,0.9105472565,0.3661936522,0.3135895729,-0.4104386568,0.8562721610,1,2.6,-2.5,2291.7,1,-0.8054468632,0.0800214782,-0.5872409940,0.1864937544,0.9747302532,-0.1229673252,0.5625615716,-0.2085604072,-0.8000169992,1,22.9,-374.9,2459.6,1,0.9926342964,-0.0948956013,0.0753130317,0.0673752055,0.9490577579,0.3078149259,-0.1006866693,-0.3004733920,0.9484609365,1,125.0,-31.7,2150.9,1,0.7471211553,0.1988686621,-0.6342406869,-0.0579557493,0.9700494409,0.2358922809,0.6621564031,-0.1394822150,0.7362700701,1,163.8,-419.9,2273.8,1,-34.5,-130.4,2241.0,0,151.6,-174.8,2026.9,0,-1.9,-676.5,2524.1,1,94.3,-758.7,2322.5,1,
17,0.6445698738,-0.0247142240,0.7641449571,-0.1640188247,0.9717366099,0.1697792411,-0.7467456460,-0.2347683012,0.6222976446,1,53.3,584.5,2087.3,1,0.6445698738,-0.0247142240,0.7641449571,-0.1640188247,0.9717366099,0.1697792411,-0.7467456460,-0.2347683012,0.6222976446,1,58.4,383.4,2135.9,1,0.6443408132,-0.0098033845,0.7646747231,-0.1510748863,0.9785800576,0.1398448348,-0.7496685386,-0.2056304216,0.6290570498,1,60.4,183.3,2177.9,1,-0.0000026226,-1.0000003576,0.0000000135,1.0000003576,-0.0000026226,0.0000000216,-0.0000000216,0.0000000135,1.0000000000,0,-34.1,405.1,2243.5,1,0.0001704693,-0.9999991059,0.0000095587,0.9999991059,0.0001704693,-0.0002814391,0.0002814375,0.0000096065,0.9999999404,0,-34.1,137.6,2243.5,0,-0.0000005960,1.0000001192,0.0000000000,-1.0000001192,-0.0000005960,0.0000000000,0.0000000000,-0.0000000000,1.0000000000,0,150.9,361.7,2028.2,1,0.0000170469,0.9999990463,0.0000000000,-0.9999990463,0.0000170469,0.0000000000,0.0000000000,-0.0000000000,1.0000000000,0,150.9,94.3,2028.2,0,0.9310933352,-0.0458670557,-0.3618856370,0.1958843470,0.8997600079,0.3899501264,0.3077244461,-0.4339676797,0.8467452526,1,1.6,-2.5,2290.7,1,-0.8085807562,0.0680073276,-0.5844417214,0.1556185037,0.9826447368,-0.1009563357,0.5674327612,-0.1725813001,-0.8051308393,1,20.3,-370.4,2468.2,1,0.9925649166,-0.0913713351,0.0804142058,0.0638623834,0.9533606172,0.2950009406,-0.1036184132,-0.2876721025,0.9521071315,1,123.2,-31.0,2149.2,1,0.7529283762,0.1880533546,-0.6306622624,-0.0419135094,0.9700610042,0.2392173558,0.6567665339,-0.1536802649,0.7382683754,1,160.6,-421.0,2266.9,1,-34.2,-129.8,2243.4,0,150.9,-173.2,2028.2,0,-1.1,-680.3,2522.6,1,95.4,-757.2,2320.1,1,
18,0.6472747326,-0.0291936882,0.7616966963,-0.1671338230,0.9695145488,0.1791839451,-0.7437092066,-0.2432860732,0.6226620674,1,53.1,582.0,2083.5,1,0.6472747326,-0.0291936882,0.7616966963,-0.1671338230,0.9695145488,0.1791839451,-0.7437092066,-0.2432860732,0.6226620674,1,59.1,381.7,2133.8,1,0.6470059752,-0.0118480306,0.7623919845,-0.1543896794,0.9771317840,0.1462067217,-0.7466918230,-0.2123016268,0.6303799748,1,61.5,181.9,2177.2,1,-0.0000026226,-1.0000003576,0.0000000108,1.0000003576,-0.0000026226,0.0000000173,-0.0000000173,0.0000000108,1.0000000000,0,-33.8,403.9,2241.0,1,0.0001551509,-0.9999990463,0.0000086048,0.9999990463,0.0001551509,-0.0002532949,0.0002532935,0.0000086439,0.9999999404,0,-33.8,136.4,2241.0,0,-0.0000005960,1.0000001192,0.0000000000,-1.0000001192,-0.0000005960,0.0000000000,0.0000000000,-0.0000000000,1.0000000000,0,152.0,359.6,2026.5,1,0.0000170469,0.9999990463,0.0000000000,-0.9999990463,0.0000170469,0.0000000000,0.0000000000,-0.0000000000,1.0000000000,0,152.0,92.1,2026.5,0,0.9301670790,-0.0634257197,-0.3616161942,0.2051854134,0.9065884948,0.3687768877,0.3044472039,-0.4172226191,0.8562927246,1,2.9,-3.3,2291.1,1,-0.8039984703,0.0873341039,-0.5881830454,0.1847236156,0.9768988490,-0.1074510887,0.5652111769,-0.1950417906,-0.8015578985,1,28.8,-374.0,2461.7,1,0.9922207594,-0.0981068462,0.0766374767,0.0709487870,0.9514710903,0.2994481027,-0.1022962630,-0.2916812003,0.9510298371,1,125.0,-32.4,2150.1,1,0.7510697842,0.1861868352,-0.6334259510,-0.0398735851,0.9704531431,0.2379721403,0.6590175033,-0.1534767598,0.7363020182,1,165.1,-421.6,2269.4,1,-33.9,-131.0,2240.9,0,152.0,-175.4,2026.5,0,1.3,-681.9,2523.1,1,100.3,-759.3,2322.8,1,
19,0.6429679990,-0.0269309860,0.7654184699,-0.1637021601,0.9714538455,0.1716917902,-0.7481947541,-0.2356925309,0.6202040911,1,52.4,583.0,2087.6,1,0.6429679990,-0.0269309860,0.7654184699,-0.1637021601,0.9714538455,0.1716917902,-0.7481947541,-0.2356925309,0.6202040911,1,58.0,382.1,2136.4,1,0.6427130699,-0.0100190686,0.7660405040,-0.1502484679,0.9788474441,0.1388601214,-0.7512302399,-0.2043431848,0.6276117563,1,60.1,181.9,2178.1,1,-0.0000026226,-1.0000003576,0.0000000086,1.0000003576,-0.0000026226,0.0000000138,-0.0000000138,0.0000000086,1.0000000000,0,-34.3,403.7,2244.2,1,0.0001415014,-0.9999990463,0.0000077459,0.9999990463,0.0001415014,-0.0002279651,0.0002279640,0.0000077779,1.0000000000,0,-34.3,136.2,2244.2,0,-0.0000005960,1.0000001192,0.0000000000,-1.0000001192,-0.0000005960,0.0000000000,0.0000000000,-0.0000000000,1.0000000000,0,150.3,360.5,2028.5,1,0.0000170469,0.9999990463,0.0000000000,-0.9999990463,0.0000170469,0.0000000000,0.0000000000,-0.0000000000,1.0000000000,0,150.3,93.0,2028.5,0,0.9319373369,-0.0603493452,-0.3575618863,0.2025542259,0.9045143127,0.3752667010,0.3007727861,-0.4221506715,0.8551750183,1,1.4,-4.0,2290.8,1,-0.8020765781,0.0881856084,-0.5906744599,0.1834477186,0.9776025414,-0.1031509861,0.5683484077,-0.1910928935,-0.8002895713,1,26.1,-373.9,2463.5,1,0.9922482371,-0.0935237780,0.0818342268,0.0644558370,0.9503186345,0.3045327067,-0.1062497199,-0.2968973517,0.9489799738,1,122.8,-32.4,2149.0,1,0.7536396384,0.1903556883,-0.6291201115,-0.0522431731,0.9714651704,0.2313570827,0.6552084088,-0.1414926201,0.7420793772,1,161.0,-421.1,2270.5,1,-34.3,-131.3,2244.2,0,150.3,-174.4,2028.5,0,-1.4,-679.3,2523.2,1,94.5,-760.4,2319.9,1,
20,0.6404505968,-0.0267288536,0.7675331831,-0.1626799703,0.9719942212,0.1695918739,-0.7505730391,-0.2334770262,0.6181650758,1,52.2,584.2,2088.7,1,0.6404505968,-0.0267288536,0.7675331831,-0.1626799703,0.9719942212,0.1695918739,-0.7505730391,-0.2334770262,0.6181650758,1,57.7,383.3,2136.9,1,0.6401902437,-0.0099455863,0.7681511045,-0.1488283426,0.9793662429,0.1367146522,-0.7536631823,-0.2018455863,0.6254995465,1,59.8,183.0,2178.2,1,-0.0000026226,-1.0000003576,0.0000000069,1.0000003576,-0.0000026226,0.0000000110,-0.0000000110,0.0000000069,1.0000000000,0,-34.2,404.6,2245.2,1,0.0001291633,-0.9999990463,0.0000069726,0.9999990463,0.0001291633,-0.0002051683,0.0002051674,0.0000069989,1.0000000000,0,-34.2,137.2,2245.2,0,-0.0000005960,1.0000001192,0.0000000000,-1.0000001192,-0.0000005960,0.0000000000,0.0000000000,-0.0000000000,1.0000000000,0,149.7,361.9,2028.7,1,0.0000170469,0.9999990463,0.0000000000,-0.9999990463,0.0000170469,0.0000000000,0.0000000000,-0.0000000000,1.0000000000,0,149.7,94.4,2028.7,0,0.9326143265,-0.0339452326,-0.3592746854,0.1860570312,0.8982757330,0.3981000483,0.3092140853,-0.4381193519,0.8440605402,1,1.4,-3.2,2290.6,1,-0.8083506227,0.0476278253,-0.5867714286,0.1377540827,0.9843533039,-0.1098741367,0.5723573565,-0.1696470082,-0.8022636175,1,15.3,-370.4,2469.8,1,0.9918387532,-0.0952378884,0.0847677886,0.0649654716,0.9495780468,0.3067266345,-0.1097055674,-0.2987164259,0.9480153322,1,122.2,-31.3,2148.4,1,0.7574633360,0.1835253984,-0.6265522242,-0.0481192023,0.9727609754,0.2267612964,0.6511020064,-0.1416141838,0.7456618547,1,161.2,-419.8,2270.5,1,-34.2,-130.3,2245.1,0,149.7,-173.1,2028.7,0,0.4,-676.4,2522.5,1,97.4,-758.1,2319.8,1,
21,0.6446040273,-0.0294236355,0.7639493346,-0.1658878177,0.9700686932,0.1773331165,-0.7463032007,-0.2410390824,0.6204282045,1,51.4,581.9,2084.7,1,0.6446040273,-0.0294236355,0.7639493346,-0.1658878177,0.9700686932,0.1773331165,-0.7463032007,-0.2410390824,0.6204282045,1,57.5,381.1,2134.6,1,0.6442698240,-0.0114055863,0.7647122741,-0.1499386430,0.9786009192,0.1409172565,-0.7499575615,-0.2054481953,0.6287719607,1,59.9,181.0,2176.6,1,-0.0000026226,-1.0000003576,0.0000000055,1.0000003576,-0.0000026226,0.0000000088,-0.0000000088,0.0000000055,1.0000000000,0,-35.0,402.6,2242.3,1,0.0001181960,-0.9999990463,0.0000062763,0.9999990463,0.0001181960,-0.0001846512,0.0001846505,0.0000062980,1.0000000000,0,-35.0,135.1,2242.3,0,-0.0000005960,1.0000001192,0.0000000000,-1.0000001192,-0.0000005960,0.0000000000,0.0000000000,-0.0000000000,1.0000000000,0,150.1,359.5,2026.9,1,0.0000170469,0.9999990463,0.0000000000,-0.9999990463,0.0000170469,0.0000000000,0.0000000000,-0.0000000000,1.0000000000,0,150.1,92.1,2026.9,0,0.9312191606,-0.0541202724,-0.3604185581,0.1968442798,0.9069557786,0.3724018633,0.3067291677,-0.4177341163,0.8552280664,1,1.4,-5.0,2289.4,1,-0.8042286038,0.0738402158,-0.5897153020,0.1747336090,0.9777749777,-0.1158637628,0.5680534244,-0.1962240189,-0.7992568612,1,23.5,-375.7,2460.2,1,0.9919102192,-0.0988716036,0.0796145797,0.0704355389,0.9504499435,0.3027934432,-0.1056073308,-0.2947362661,0.9497249126,1,123.0,-33.3,2147.8,1,0.7546653748,0.1802081615,-0.6308766007,-0.0386920571,0.9720910788,0.2313910872,0.6549680829,-0.1502129138,0.7405761480,1,163.5,-422.1,2268.4,1,-35.0,-132.4,2242.3,0,150.1,-175.4,2026.9,0,0.8,-676.9,2520.6,1,100.7,-760.6,2320.7,1,
22,0.6428781152,-0.0283583961,0.7654424310,-0.1626453251,0.9714719057,0.1725918502,-0.7485022545,-0.2354506850,0.6199247837,1,51.0,583.0,2087.2,1,0.6428781152,-0.0283583961,0.7654424310,-0.1626453251,0.9714719057,0.1725918502,-0.7485022545,-0.2354506850,0.6199247837,1,56.8,382.0,2135.9,1,0.6425642967,-0.0115078613,0.7661444545,-0.1472868174,0.9793854356,0.1382383853,-0.7519436479,-0.2016695440,0.6276221871,1,59.2,181.8,2177.2,1,-0.0000026226,-1.0000003576,0.0000000044,1.0000003576,-0.0000026226,0.0000000071,-0.0000000071,0.0000000044,1.0000000000,0,-35.4,403.2,2243.9,1,0.0001082420,-0.9999990463,0.0000056495,0.9999990463,0.0001082420,-0.0001661859,0.0001661853,0.0000056673,1.0000000000,0,-35.4,135.7,2243.9,0,-0.0000005960,1.0000001192,0.0000000000,-1.0000001192,-0.0000005960,0.0000000000,0.0000000000,-0.0000000000,1.0000000000,0,149.1,360.9,2027.9,1,0.0000170469,0.9999990463,0.0000000000,-0.9999990463,0.0000170469,0.0000000000,0.0000000000,-0.0000000000,1.0000000000,0,149.1,93.4,2027.9,0,0.9311486483,-0.0598835051,-0.3596888185,0.2083054781,0.8969801068,0.3899176121,0.2992840409,-0.4379965663,0.8476958275,1,0.9,-4.6,2289.4,1,-0.8056393862,0.0825529471,-0.5866261125,0.1689159423,0.9811466336,-0.0939078405,0.5678138733,-0.1747463495,-0.8043949008,1,25.4,-371.3,2468.5,1,0.9923186898,-0.0930511653,0.0815188289,0.0634780452,0.9485905170,0.3100754321,-0.1061808169,-0.3025189638,0.9472106099,1,122.2,-32.4,2147.4,1,0.7549091578,0.1847267151,-0.6292759180,-0.0473913029,0.9723685980,0.2285902053,0.6541149020,-0.1427426338,0.7428043485,1,160.3,-420.4,2271.2,1,-35.5,-131.8,2243.9,0,149.1,-174.1,2027.9,0,-0.1,-674.1,2522.4,1,96.2,-757.9,2320.7,1,
23,0.6398799419,-0.0287596025,0.7679356337,-0.1609151214,0.9721314907,0.1704870611,-0.7514395118,-0.2326632440,0.6174187660,1,50.0,582.8,2089.0,1,0.6398799419,-0.0287596025,0.7679356337,-0.1609151214,0.9721314907,0.1704870611,-0.7514395118,-0.2326632440,0.6174187660,1,56.0,381.7,2137.1,1,0.6395688653,-0.0117822923,0.7686426044,-0.1459352374,0.9798389077,0.1364471316,-0.7547556162,-0.1994388849,0.6249540448,1,58.4,181.3,2177.9,1,-0.0000026226,-1.0000003576,0.0000000035,1.0000003576,-0.0000026226,0.0000000057,-0.0000000057,0.0000000035,1.0000000000,0,-35.9,402.6,2245.5,1,0.0000991821,-0.9999990463,0.0000050852,0.9999990463,0.0000991821,-0.0001495671,0.0001495667,0.0000050999,1.0000000000,0,-35.9,135.2,2245.5,0,-0.0000005960,1.0000001192,0.0000000000,-1.0000001192,-0.0000005960,0.0000000000,0.0000000000,-0.0000000000,1.0000000000,0,147.8,360.7,2028.7,1,0.0000170469,0.9999990463,0.0000000000,-0.9999990463,0.0000170469,0.0000000000,0.0000000000,-0.0000000000,1.0000000000,0,147.8,93.2,2028.7,0,0.9323297739,-0.0638904572,-0.3559199870,0.2098145485,0.8972218037,0.3885493279,0.2945145965,-0.4369333386,0.8499119282,1,0.4,-5.3,2289.9,1,-0.8023444414,0.0825909674,-0.5911191702,0.1741304100,0.9796856046,-0.0994713157,0.5708954930,-0.1827421188,-0.8004270792,1,26.5,-372.2,2468.6,1,0.9912840724,-0.1009279862,0.0846723914,0.0697636977,0.9473564625,0.3124879897,-0.1117537022,-0.3038573265,0.9461404085,1,121.2,-32.8,2147.4,1,0.7559194565,0.1883145273,-0.6269955635,-0.0490932688,0.9713445902,0.2325499058,0.6528213024,-0.1450077295,0.7435033321,1,162.4,-420.3,2271.7,1,-35.9,-132.3,2245.5,0,147.8,-174.2,2028.7,0,0.7,-678.4,2525.7,1,96.4,-760.7,2322.5,1,
24,0.6361466646,-0.0278330073,0.7710651159,-0.1592954993,0.9730809331,0.1665458530,-0.7549463511,-0.2287742943,0.6145876050,1,50.2,582.5,2090.4,1,0.6361466646,-0.0278330073,0.7710651159,-0.1592954993,0.9730809331,0.1665458530,-0.7549463511,-0.2287742943,0.6145876050,1,56.0,381.9,2137.5,1,0.6358574629,-0.0134199737,0.7716889977,-0.1456049383,0.9798089862,0.1370133460,-0.7579485774,-0.1994821876,0.6210638881,1,58.7,181.5,2178.3,1,-0.0000026226,-1.0000003576,0.0000000028,1.0000003576,-0.0000026226,0.0000000045,-0.0000000045,0.0000000028,1.0000000000,0,-35.4,402.8,2246.4,1,0.0000912547,-0.9999990463,0.0000045772,0.9999990463,0.0000912547,-0.0001346103,0.0001346099,0.0000045894,1.0000000000,0,-35.4,135.3,2246.4,0,-0.0000005960,1.0000001192,0.0000000000,-1.0000001192,-0.0000005960,0.0000000000,0.0000000000,-0.0000000000,1.0000000000,0,147.3,361.0,2028.7,1,0.0000170469,0.9999990463,0.0000000000,-0.9999990463,0.0000170469,0.0000000000,0.0000000000,-0.0000000000,1.0000000000,0,147.3,93.5,2028.7,0,0.9337604046,-0.0510173738,-0.3542441130,0.1987875402,0.8970020413,0.3948046863,0.2976157367,-0.4390722215,0.8477267027,1,1.4,-5.1,2290.6,1,-0.8027850389,0.0645372719,-0.5927656293,0.1588529348,0.9813452959,-0.1082913876,0.5747189522,-0.1810972542,-0.7980613112,1,22.3,-371.9,2470.2,1,0.9908360839,-0.1014423594,0.0891821682,0.0685620531,0.9466109872,0.3150032163,-0.1163755357,-0.3060020208,0.9448913336,1,121.5,-32.6,2147.5,1,0.7590610385,0.1886453182,-0.6230884790,-0.0545989648,0.9721714258,0.2278193682,0.6487258673,-0.1389088333,0.7482372522,1,163.0,-419.8,2272.7,1,-35.4,-132.2,2246.3,0,147.3,-174.0,2028.7,0,2.1,-678.7,2526.8,1,97.6,-756.9,2320.9,1,
