1,0.9707831144,-0.0635749027,-0.2313918322,0.0975675657,0.9855360389,0.1385584772,0.2192361951,-0.1570864618,0.9629431367,1,-297.5,399.8,1834.4,1,0.9707831144,-0.0635749027,-0.2313918322,0.0975675657,0.9855360389,0.1385584772,0.2192361951,-0.1570864618,0.9629431367,1,-285.0,206.3,1865.2,1,0.9714672565,-0.0466610305,-0.2325466424,0.0853472203,0.9835520387,0.1591863483,0.2212940156,-0.1744913906,0.9594695568,1,-276.1,17.5,1898.7,1,-0.0000005960,-1.0000001192,0.0000000000,1.0000001192,-0.0000005960,0.0000000000,-0.0000000000,0.0000000000,1.0000000000,0,-410.4,195.3,1836.7,1,0.0000197291,-0.9999990463,0.0000000000,0.9999990463,0.0000197291,0.0000000000,-0.0000000000,0.0000000000,1.0000000000,0,-410.4,-55.9,1836.7,0,-0.0000005960,1.0000001192,0.0000035977,-1.0000001192,-0.0000005960,0.0000022678,0.0000022678,-0.0000035977,1.0000000000,0,-159.7,217.3,1893.7,1,-0.0006477833,0.9999976754,0.0022271373,-1.0000001192,-0.0006471872,-0.0003067405,-0.0003052989,-0.0022273355,0.9999974966,0,-159.7,-33.8,1893.7,0,1.0000000000,0.0000000000,-0.0000000000,-0.0000000000,1.0000000000,0.0000000000,0.0000000000,-0.0000000000,1.0000000000,0,-325.0,-176.4,1919.0,1,1.0000000000,0.0000000275,-0.0000000383,-0.0000000275,1.0000000000,-0.0000000137,0.0000000383,0.0000000137,1.0000000000,0,-325.0,-560.5,1919.0,0,1.0000000000,0.0000000000,-0.0000000000,-0.0000000000,1.0000000000,-0.0000000000,0.0000000000,0.0000000000,1.0000000000,0,-209.3,-166.2,1945.4,1,1.0000000000,0.0000024527,-0.0000003926,-0.0000024527,1.0000000000,-0.0000058705,0.0000003926,0.0000058705,1.0000000000,0,-209.3,-550.3,1945.4,0,-410.4,-307.0,1836.7,0,-159.9,-285.0,1893.7,0,-325.0,-929.9,1919.0,0,-209.3,-919.7,1945.4,0,
2,0.9723359346,-0.0523363724,-0.2276567817,0.0875448063,0.9851914048,0.1474205852,0.2165701240,-0.1632723808,0.9625173211,1,-291.2,398.4,1834.4,1,0.9723359346,-0.0523363724,-0.2276567817,0.0875448063,0.9851914048,0.1474205852,0.2165701240,-0.1632723808,0.9625173211,1,-281.0,205.2,1866.5,1,0.9729356766,-0.0348347351,-0.2284439951,0.0740009844,0.9834796190,0.1651989371,0.2189154476,-0.1776328534,0.9594388008,1,-274.3,16.4,1900.6,1,-0.0000005960,-1.0000001192,0.0000000000,1.0000001192,-0.0000005960,0.0000000000,-0.0000000000,0.0000000000,1.0000000000,0,-406.5,195.6,1838.2,1,0.0000197291,-0.9999990463,0.0000000000,0.9999990463,0.0000197291,0.0000000000,-0.0000000000,0.0000000000,1.0000000000,0,-406.5,-55.5,1838.2,0,-0.0000005960,1.0000001192,0.0000028782,-1.0000001192,-0.0000005960,0.0000018142,0.0000018142,-0.0000028782,1.0000000000,0,-155.4,214.7,1894.7,1,-0.0005835295,0.9999979138,0.0020044330,-0.9999999404,-0.0005829334,-0.0002760020,-0.0002748332,-0.0020045936,0.9999979734,0,-155.4,-36.4,1894.7,0,1.0000000000,0.0000000000,-0.0000000000,-0.0000000000,1.0000000000,0.0000000000,0.0000000000,-0.0000000000,1.0000000000,0,-325.5,-176.8,1921.6,1,1.0000000000,0.0000000248,-0.0000000345,-0.0000000248,1.0000000000,-0.0000000123,0.0000000345,0.0000000123,1.0000000000,0,-325.5,-561.0,1921.6,0,1.0000000000,0.0000000000,-0.0000000000,-0.0000000000,1.0000000000,-0.0000000000,0.0000000000,0.0000000000,1.0000000000,0,-209.7,-168.0,1947.7,1,1.0000000000,0.0000022074,-0.0000003534,-0.0000022074,1.0000000000,-0.0000052834,0.0000003533,0.0000052834,1.0000000000,0,-209.7,-552.1,1947.7,0,-406.5,-306.7,1838.2,0,-155.6,-287.6,1894.6,0,-325.5,-930.3,1921.6,0,-209.7,-921.5,1947.7,0,
3,0.9671135545,-0.0629760250,-0.2464331239,0.0989023149,0.9857271314,0.1362328678,0.2343364656,-0.1561253667,0.9595372081,1,-286.6,399.1,1839.0,1,0.9671135545,-0.0629760250,-0.2464331239,0.0989023149,0.9857271314,0.1362328678,0.2343364656,-0.1561253667,0.9595372081,1,-274.2,205.6,1869.6,1,0.9678331017,-0.0450261384,-0.2475392222,0.0857799202,0.9839604497,0.1564054042,0.2365265489,-0.1726080775,0.9561704397,1,-265.6,16.7,1902.8,1,-0.0000005960,-1.0000001192,0.0000000000,1.0000001192,-0.0000005960,0.0000000000,-0.0000000000,0.0000000000,1.0000000000,0,-399.0,194.5,1839.1,1,0.0000197291,-0.9999990463,0.0000000000,0.9999990463,0.0000197291,0.0000000000,-0.0000000000,0.0000000000,1.0000000000,0,-399.0,-56.6,1839.1,0,-0.0000005960,1.0000001192,0.0000023025,-1.0000001192,-0.0000005960,0.0000014514,0.0000014514,-0.0000023025,1.0000000000,0,-149.4,216.7,1900.1,1,-0.0005252361,0.9999982715,0.0018039972,-0.9999998212,-0.0005247593,-0.0002483494,-0.0002474023,-0.0018041274,0.9999983311,0,-149.4,-34.5,1900.1,0,1.0000000000,0.0000000000,-0.0000000000,-0.0000000000,1.0000000000,0.0000000000,0.0000000000,-0.0000000000,1.0000000000,0,-314.5,-177.3,1921.8,1,1.0000000000,0.0000000223,-0.0000000310,-0.0000000223,1.0000000000,-0.0000000111,0.0000000310,0.0000000111,1.0000000000,0,-314.5,-561.4,1921.8,0,1.0000000000,0.0000000000,-0.0000000000,-0.0000000000,1.0000000000,-0.0000000000,0.0000000000,0.0000000000,1.0000000000,0,-199.3,-167.0,1950.0,1,1.0000000000,0.0000019867,-0.0000003180,-0.0000019867,1.0000000000,-0.0000047551,0.0000003180,0.0000047551,1.0000000000,0,-199.3,-551.2,1950.0,0,-399.0,-307.8,1839.1,0,-149.5,-285.7,1900.1,0,-314.5,-930.8,1921.8,0,-199.3,-920.6,1950.0,0,
4,0.9628733993,-0.0618563071,-0.2627784312,0.0994226336,0.9862302542,0.1321514398,0.2509856820,-0.1533711404,0.9557633996,1,-281.0,400.2,1842.2,1,0.9628733993,-0.0618563071,-0.2627784312,0.0994226336,0.9862302542,0.1321514398,0.2509856820,-0.1533711404,0.9557633996,1,-268.9,206.8,1872.3,1,0.9634175897,-0.0469006673,-0.2638764977,0.0895628929,0.9843064547,0.1520468742,0.2526043057,-0.1701180488,0.9524973035,1,-259.9,17.8,1905.0,1,-0.0000005960,-1.0000001192,0.0000000000,1.0000001192,-0.0000005960,0.0000000000,-0.0000000000,0.0000000000,1.0000000000,0,-393.2,195.2,1839.7,1,0.0000197291,-0.9999990463,0.0000000000,0.9999990463,0.0000197291,0.0000000000,-0.0000000000,0.0000000000,1.0000000000,0,-393.2,-56.0,1839.7,0,-0.0000005960,1.0000001192,0.0000018420,-1.0000001192,-0.0000005960,0.0000011611,0.0000011611,-0.0000018420,1.0000000000,0,-144.6,218.3,1904.9,1,-0.0004725456,0.9999983907,0.0016236033,-0.9999997020,-0.0004721880,-0.0002234720,-0.0002227047,-0.0016237088,0.9999986291,0,-144.6,-32.9,1904.9,0,1.0000000000,0.0000000000,-0.0000000000,-0.0000000000,1.0000000000,0.0000000000,0.0000000000,-0.0000000000,1.0000000000,0,-308.2,-176.5,1922.6,1,1.0000000000,0.0000000201,-0.0000000279,-0.0000000201,1.0000000000,-0.0000000100,0.0000000279,0.0000000100,1.0000000000,0,-308.2,-560.6,1922.6,0,1.0000000000,0.0000000000,-0.0000000000,-0.0000000000,1.0000000000,-0.0000000000,0.0000000000,0.0000000000,1.0000000000,0,-193.6,-165.8,1952.7,1,1.0000000000,0.0000017880,-0.0000002862,-0.0000017880,1.0000000000,-0.0000042796,0.0000002862,0.0000042796,1.0000000000,0,-193.6,-550.0,1952.7,0,-393.2,-307.1,1839.7,0,-144.8,-284.0,1904.9,0,-308.2,-930.0,1922.6,0,-193.6,-919.3,1952.7,0,
5,0.9632312059,-0.0511116534,-0.2637750506,0.0890738666,0.9869658947,0.1340268701,0.2534866929,-0.1525942236,0.9552275538,1,-275.0,399.4,1842.9,1,0.9632312059,-0.0511116534,-0.2637750506,0.0890738666,0.9869658947,0.1340268701,0.2534866929,-0.1525942236,0.9552275538,1,-265.0,205.8,1872.8,1,0.9637296200,-0.0338845588,-0.2647280991,0.0775106177,0.9846892357,0.1561348140,0.2553844452,-0.1709908545,0.9515992403,1,-258.5,16.7,1905.6,1,-0.0000005960,-1.0000001192,0.0000000000,1.0000001192,-0.0000005960,0.0000000000,-0.0000000000,0.0000000000,1.0000000000,0,-389.3,195.8,1839.9,1,0.0000197291,-0.9999990463,0.0000000000,0.9999990463,0.0000197291,0.0000000000,-0.0000000000,0.0000000000,1.0000000000,0,-389.3,-55.4,1839.9,0,-0.0000005960,1.0000001192,0.0000014736,-1.0000001192,-0.0000005960,0.0000009289,0.0000009289,-0.0000014736,1.0000000000,0,-140.7,215.8,1905.8,1,-0.0004248619,0.9999985695,0.0014612474,-0.9999996424,-0.0004245043,-0.0002010900,-0.0002004689,-0.0014613328,0.9999989271,0,-140.7,-35.4,1905.8,0,1.0000000000,0.0000000000,-0.0000000000,-0.0000000000,1.0000000000,0.0000000000,0.0000000000,-0.0000000000,1.0000000000,0,-309.4,-176.9,1923.3,1,1.0000000000,0.0000000181,-0.0000000251,-0.0000000181,1.0000000000,-0.0000000090,0.0000000251,0.0000000090,1.0000000000,0,-309.4,-561.1,1923.3,0,1.0000000000,0.0000000000,-0.0000000000,-0.0000000000,1.0000000000,-0.0000000000,0.0000000000,0.0000000000,1.0000000000,0,-194.6,-167.7,1953.7,1,1.0000000000,0.0000016092,-0.0000002576,-0.0000016092,1.0000000000,-0.0000038516,0.0000002576,0.0000038516,1.0000000000,0,-194.6,-551.8,1953.7,0,-389.3,-306.6,1839.9,0,-140.8,-286.6,1905.7,0,-309.4,-930.4,1923.3,0,-194.6,-921.2,1953.7,0,
6,0.9652714133,-0.0387362875,-0.2583688796,0.0760795698,0.9877632260,0.1361418962,0.2499337941,-0.1510704160,0.9564052820,1,-270.7,399.8,1843.7,1,0.9652714133,-0.0387362875,-0.2583688796,0.0760795698,0.9877632260,0.1361418962,0.2499337941,-0.1510704160,0.9564052820,1,-263.1,206.0,1873.3,1,0.9655728936,-0.0238148440,-0.2590478659,0.0665710568,0.9852626920,0.1575580537,0.2514781058,-0.1693787575,0.9529269934,1,-258.5,16.9,1905.8,1,-0.0000005960,-1.0000001192,0.0000000000,1.0000001192,-0.0000005960,0.0000000000,-0.0000000000,0.0000000000,1.0000000000,0,-387.6,197.4,1840.9,1,0.0000197291,-0.9999990463,0.0000000000,0.9999990463,0.0000197291,0.0000000000,-0.0000000000,0.0000000000,1.0000000000,0,-387.6,-53.8,1840.9,0,-0.0000005960,1.0000001192,0.0000011789,-1.0000001192,-0.0000005960,0.0000007431,0.0000007431,-0.0000011789,1.0000000000,0,-138.5,214.6,1905.8,1,-0.0003815889,0.9999986887,0.0013151260,-0.9999995232,-0.0003813505,-0.0001809525,-0.0001804503,-0.0013151951,0.9999991059,0,-138.5,-36.6,1905.8,0,1.0000000000,0.0000000000,-0.0000000000,-0.0000000000,1.0000000000,0.0000000000,0.0000000000,-0.0000000000,1.0000000000,0,-311.4,-176.2,1923.4,1,1.0000000000,0.0000000162,-0.0000000226,-0.0000000162,1.0000000000,-0.0000000081,0.0000000226,0.0000000081,1.0000000000,0,-311.4,-560.4,1923.4,0,1.0000000000,0.0000000000,-0.0000000000,-0.0000000000,1.0000000000,-0.0000000000,0.0000000000,0.0000000000,1.0000000000,0,-196.5,-168.3,1953.3,1,1.0000000000,0.0000014483,-0.0000002318,-0.0000014483,1.0000000000,-0.0000034665,0.0000002318,0.0000034665,1.0000000000,0,-196.5,-552.4,1953.3,0,-387.7,-304.9,1840.9,0,-138.6,-287.8,1905.7,0,-311.4,-929.7,1923.4,0,-196.5,-921.8,1953.3,0,
7,0.9668432474,-0.0263195094,-0.2540183365,0.0625240356,0.9887984991,0.1355254054,0.2476061136,-0.1469140053,0.9576574564,1,-267.1,398.6,1845.1,1,0.9668432474,-0.0263195094,-0.2540183365,0.0625240356,0.9887984991,0.1355254054,0.2476061136,-0.1469140053,0.9576574564,1,-262.0,205.2,1873.8,1,0.9670026302,-0.0122014089,-0.2544818819,0.0543565638,0.9857343435,0.1592857689,0.2489081472,-0.1678623855,0.9538696408,1,-259.6,16.0,1906.1,1,-0.0000005960,-1.0000001192,0.0000000000,1.0000001192,-0.0000005960,0.0000000000,-0.0000000000,0.0000000000,1.0000000000,0,-386.7,198.2,1841.7,1,0.0000197291,-0.9999990463,0.0000000000,0.9999990463,0.0000197291,0.0000000000,-0.0000000000,0.0000000000,1.0000000000,0,-386.7,-53.0,1841.7,0,-0.0000005960,1.0000001192,0.0000009431,-1.0000001192,-0.0000005960,0.0000005945,0.0000005945,-0.0000009431,1.0000000000,0,-137.2,212.2,1905.9,1,-0.0003427267,0.9999987483,0.0011836161,-0.9999994636,-0.0003424883,-0.0001628341,-0.0001624280,-0.0011836719,0.9999992847,0,-137.2,-39.0,1905.9,0,1.0000000000,0.0000000000,-0.0000000000,-0.0000000000,1.0000000000,0.0000000000,0.0000000000,-0.0000000000,1.0000000000,0,-314.9,-176.5,1923.5,1,1.0000000000,0.0000000146,-0.0000000204,-0.0000000146,1.0000000000,-0.0000000073,0.0000000204,0.0000000073,1.0000000000,0,-314.9,-560.6,1923.5,0,1.0000000000,0.0000000000,-0.0000000000,-0.0000000000,1.0000000000,-0.0000000000,0.0000000000,0.0000000000,1.0000000000,0,-199.7,-170.0,1953.1,1,1.0000000000,0.0000013035,-0.0000002086,-0.0000013035,1.0000000000,-0.0000031198,0.0000002086,0.0000031198,1.0000000000,0,-199.7,-554.2,1953.1,0,-386.7,-304.2,1841.7,0,-137.3,-290.1,1905.9,0,-314.9,-930.0,1923.5,0,-199.7,-923.5,1953.1,0,
8,0.9647759199,-0.0233072657,-0.2620461285,0.0542437434,0.9922878146,0.1114506572,0.2574276626,-0.1217392683,0.9585984349,1,-264.3,399.3,1849.3,1,0.9647759199,-0.0233072657,-0.2620461285,0.0542437434,0.9922878146,0.1114506572,0.2574276626,-0.1217392683,0.9585984349,1,-259.7,205.4,1873.1,1,0.9648897052,-0.0053268326,-0.2626090944,0.0463789403,0.9875398874,0.1503750384,0.2585360408,-0.1572747380,0.9531129003,1,-258.7,15.8,1903.3,1,-0.0000005960,-1.0000001192,0.0000000000,1.0000001192,-0.0000005960,0.0000000000,-0.0000000000,0.0000000000,1.0000000000,0,-384.2,199.4,1839.7,1,0.0000197291,-0.9999990463,0.0000000000,0.9999990463,0.0000197291,0.0000000000,-0.0000000000,0.0000000000,1.0000000000,0,-384.2,-51.8,1839.7,0,-0.0000005960,1.0000001192,0.0000007545,-1.0000001192,-0.0000005960,0.0000004756,0.0000004756,-0.0000007545,1.0000000000,0,-135.2,211.4,1906.4,1,-0.0003073215,0.9999988079,0.0010652565,-0.9999994040,-0.0003072023,-0.0001465318,-0.0001462039,-0.0010653016,0.9999994040,0,-135.2,-39.8,1906.4,0,1.0000000000,0.0000000000,-0.0000000000,-0.0000000000,1.0000000000,0.0000000000,0.0000000000,-0.0000000000,1.0000000000,0,-315.1,-176.5,1918.1,1,1.0000000000,0.0000000132,-0.0000000183,-0.0000000132,1.0000000000,-0.0000000066,0.0000000183,0.0000000066,1.0000000000,0,-315.1,-560.6,1918.1,0,1.0000000000,0.0000000000,-0.0000000000,-0.0000000000,1.0000000000,-0.0000000000,0.0000000000,0.0000000000,1.0000000000,0,-200.2,-171.0,1948.9,1,1.0000000000,0.0000011731,-0.0000001878,-0.0000011731,1.0000000000,-0.0000028078,0.0000001878,0.0000028078,1.0000000000,0,-200.2,-555.1,1948.9,0,-384.2,-302.9,1839.7,0,-135.3,-291.0,1906.4,0,-315.1,-930.0,1918.1,0,-200.2,-924.5,1948.9,0,
9,0.9670906663,-0.0128105944,-0.2541171312,0.0466627181,0.9907218814,0.1276380122,0.2501243949,-0.1352952868,0.9587143660,1,-261.5,398.1,1847.4,1,0.9670906663,-0.0128105944,-0.2541171312,0.0466627181,0.9907218814,0.1276380122,0.2501243949,-0.1352952868,0.9587143660,1,-259.0,204.7,1873.8,1,0.9671295881,0.0056781555,-0.2542286515,0.0358861946,0.9866973162,0.1585539728,0.2517471313,-0.1624654233,0.9540590644,1,-260.0,15.3,1905.0,1,-0.0000005960,-1.0000001192,0.0000000000,1.0000001192,-0.0000005960,0.0000000000,-0.0000000000,0.0000000000,1.0000000000,0,-383.7,200.1,1841.3,1,0.0000197291,-0.9999990463,0.0000000000,0.9999990463,0.0000197291,0.0000000000,-0.0000000000,0.0000000000,1.0000000000,0,-383.7,-51.1,1841.3,0,-0.0000005960,1.0000001192,0.0000006036,-1.0000001192,-0.0000005960,0.0000003805,0.0000003805,-0.0000006036,1.0000000000,0,-134.2,209.4,1906.3,1,-0.0002753735,0.9999988675,0.0009587323,-0.9999993443,-0.0002752542,-0.0001318634,-0.0001315988,-0.0009587688,0.9999995232,0,-134.2,-41.8,1906.3,0,1.0000000000,0.0000000000,-0.0000000000,-0.0000000000,1.0000000000,0.0000000000,0.0000000000,-0.0000000000,1.0000000000,0,-318.7,-176.2,1921.2,1,1.0000000000,0.0000000118,-0.0000000165,-0.0000000118,1.0000000000,-0.0000000059,0.0000000165,0.0000000059,1.0000000000,0,-318.7,-560.4,1921.2,0,1.0000000000,0.0000000000,-0.0000000000,-0.0000000000,1.0000000000,-0.0000000000,0.0000000000,0.0000000000,1.0000000000,0,-203.6,-171.9,1951.2,1,1.0000000000,0.0000010558,-0.0000001690,-0.0000010558,1.0000000000,-0.0000025271,0.0000001690,0.0000025271,1.0000000000,0,-203.6,-556.1,1951.2,0,-383.7,-302.2,1841.3,0,-134.3,-293.0,1906.3,0,-318.7,-929.7,1921.2,0,-203.6,-925.5,1951.2,0,
10,0.9699136019,-0.0080856709,-0.2433233559,0.0424816981,0.9897356629,0.1364462972,0.2397226840,-0.1426778436,0.9603002071,1,-261.1,398.8,1846.0,1,0.9699136019,-0.0080856709,-0.2433233559,0.0424816981,0.9897356629,0.1364462972,0.2397226840,-0.1426778436,0.9603002071,1,-259.5,205.7,1873.8,1,0.9699065685,0.0093486067,-0.2433063090,0.0314197689,0.9861021638,0.1631386578,0.2414501309,-0.1658737659,0.9561318755,1,-261.3,16.4,1905.6,1,-0.0000005960,-1.0000001192,0.0000000000,1.0000001192,-0.0000005960,0.0000000000,-0.0000000000,0.0000000000,1.0000000000,0,-384.6,201.7,1842.6,1,0.0000197291,-0.9999990463,0.0000000000,0.9999990463,0.0000197291,0.0000000000,-0.0000000000,0.0000000000,1.0000000000,0,-384.6,-49.5,1842.6,0,-0.0000005960,1.0000001192,0.0000004829,-1.0000001192,-0.0000005960,0.0000003044,0.0000003044,-0.0000004829,1.0000000000,0,-134.4,209.8,1904.9,1,-0.0002465248,0.9999989271,0.0008628603,-0.9999992847,-0.0002464056,-0.0001186645,-0.0001184513,-0.0008628896,0.9999996424,0,-134.4,-41.4,1904.9,0,1.0000000000,0.0000000000,-0.0000000000,-0.0000000000,1.0000000000,0.0000000000,0.0000000000,-0.0000000000,1.0000000000,0,-320.8,-174.7,1923.1,1,1.0000000000,0.0000000107,-0.0000000148,-0.0000000107,1.0000000000,-0.0000000053,0.0000000148,0.0000000053,1.0000000000,0,-320.8,-558.9,1923.1,0,1.0000000000,0.0000000000,-0.0000000000,-0.0000000000,1.0000000000,-0.0000000000,0.0000000000,0.0000000000,1.0000000000,0,-205.4,-171.0,1951.9,1,1.0000000000,0.0000009502,-0.0000001521,-0.0000009502,1.0000000000,-0.0000022744,0.0000001521,0.0000022744,1.0000000000,0,-205.4,-555.1,1951.9,0,-384.6,-300.7,1842.6,0,-134.4,-292.6,1904.9,0,-320.8,-928.3,1923.1,0,-205.4,-924.5,1951.9,0,
11,0.9710446596,0.0014002345,-0.2389025688,0.0333728045,0.9893829226,0.1414448321,0.2365642637,-0.1453220099,0.9606868625,1,-260.0,399.8,1845.2,1,0.9710446596,0.0014002345,-0.2389025688,0.0333728045,0.9893829226,0.1414448321,0.2365642637,-0.1453220099,0.9606868625,1,-260.3,206.2,1873.7,1,0.9709757566,0.0151441870,-0.2387066185,0.0251466148,0.9859989882,0.1648410559,0.2378609776,-0.1660592109,0.9569988847,1,-263.2,16.9,1905.6,1,-0.0000005960,-1.0000001192,0.0000000000,1.0000001192,-0.0000005960,0.0000000000,-0.0000000000,0.0000000000,1.0000000000,0,-385.5,202.9,1843.0,1,0.0000197291,-0.9999990463,0.0000000000,0.9999990463,0.0000197291,0.0000000000,-0.0000000000,0.0000000000,1.0000000000,0,-385.5,-48.3,1843.0,0,-0.0000005960,1.0000001192,0.0000003863,-1.0000001192,-0.0000005960,0.0000002435,0.0000002435,-0.0000003863,1.0000000000,0,-135.0,209.4,1904.4,1,-0.0002205372,0.9999989867,0.0007765752,-0.9999992251,-0.0002204180,-0.0001067879,-0.0001066161,-0.0007765988,0.9999997020,0,-135.0,-41.8,1904.4,0,1.0000000000,0.0000000000,-0.0000000000,-0.0000000000,1.0000000000,0.0000000000,0.0000000000,-0.0000000000,1.0000000000,0,-323.9,-173.9,1923.3,1,1.0000000000,0.0000000096,-0.0000000134,-0.0000000096,1.0000000000,-0.0000000048,0.0000000134,0.0000000048,1.0000000000,0,-323.9,-558.0,1923.3,0,1.0000000000,0.0000000000,-0.0000000000,-0.0000000000,1.0000000000,-0.0000000000,0.0000000000,0.0000000000,1.0000000000,0,-208.3,-170.9,1951.6,1,1.0000000000,0.0000008552,-0.0000001369,-0.0000008552,1.0000000000,-0.0000020469,0.0000001369,0.0000020469,1.0000000000,0,-208.3,-555.0,1951.6,0,-385.5,-299.4,1843.0,0,-135.0,-292.9,1904.3,0,-323.9,-927.4,1923.3,0,-208.3,-924.4,1951.6,0,
12,0.9702481031,0.0011000889,-0.2421188354,0.0310055781,0.9911915660,0.1287515461,0.2401278764,-0.1324279457,0.9616661072,1,-262.8,397.9,1849.4,1,0.9702481031,0.0011000889,-0.2421188354,0.0310055781,0.9911915660,0.1287515461,0.2401278764,-0.1324279457,0.9616661072,1,-263.0,205.0,1875.1,1,0.9701681137,0.0168670770,-0.2418542504,0.0221964810,0.9872073531,0.1578858495,0.2414234728,-0.1585440189,0.9573812485,1,-266.2,15.5,1905.6,1,-0.0000005960,-1.0000001192,0.0000000000,1.0000001192,-0.0000005960,0.0000000000,-0.0000000000,0.0000000000,1.0000000000,0,-388.1,202.2,1844.0,1,0.0000197291,-0.9999990463,0.0000000000,0.9999990463,0.0000197291,0.0000000000,-0.0000000000,0.0000000000,1.0000000000,0,-388.1,-49.0,1844.0,0,-0.0000005960,1.0000001192,0.0000003090,-1.0000001192,-0.0000005960,0.0000001948,0.0000001948,-0.0000003090,1.0000000000,0,-137.8,207.9,1906.3,1,-0.0001971722,0.9999989867,0.0006989182,-0.9999992251,-0.0001971722,-0.0000961009,-0.0000959626,-0.0006989373,0.9999997616,0,-137.8,-43.3,1906.3,0,1.0000000000,0.0000000000,-0.0000000000,-0.0000000000,1.0000000000,0.0000000000,0.0000000000,-0.0000000000,1.0000000000,0,-327.2,-175.3,1921.6,1,1.0000000000,0.0000000086,-0.0000000120,-0.0000000086,1.0000000000,-0.0000000043,0.0000000120,0.0000000043,1.0000000000,0,-327.2,-559.4,1921.6,0,1.0000000000,0.0000000000,-0.0000000000,-0.0000000000,1.0000000000,-0.0000000000,0.0000000000,0.0000000000,1.0000000000,0,-211.7,-172.7,1950.4,1,1.0000000000,0.0000007697,-0.0000001232,-0.0000007697,1.0000000000,-0.0000018422,0.0000001232,0.0000018422,1.0000000000,0,-211.7,-556.8,1950.4,0,-388.1,-300.2,1844.0,0,-137.9,-294.4,1906.3,0,-327.2,-928.8,1921.6,0,-211.7,-926.2,1950.4,0,
13,0.9697468281,-0.0006602096,-0.2441201359,0.0314978585,0.9919756651,0.1224384755,0.2420805097,-0.1264235675,0.9619846344,1,-265.4,398.7,1850.9,1,0.9697468281,-0.0006602096,-0.2441201359,0.0314978585,0.9919756651,0.1224384755,0.2420805097,-0.1264235675,0.9619846344,1,-265.3,205.7,1875.5,1,0.9696515203,0.0174996890,-0.2438723296,0.0202882793,0.9882362485,0.1515798420,0.2436561882,-0.1519272774,0.9578883648,1,-268.6,16.0,1904.7,1,-0.0000005960,-1.0000001192,0.0000000000,1.0000001192,-0.0000005960,0.0000000000,-0.0000000000,0.0000000000,1.0000000000,0,-390.4,203.1,1844.1,1,0.0000197291,-0.9999990463,0.0000000000,0.9999990463,0.0000197291,0.0000000000,-0.0000000000,0.0000000000,1.0000000000,0,-390.4,-48.1,1844.1,0,-0.0000005960,1.0000001192,0.0000002472,-1.0000001192,-0.0000005960,0.0000001558,0.0000001558,-0.0000002472,1.0000000000,0,-140.2,208.3,1907.0,1,-0.0001759529,0.9999989271,0.0006290268,-0.9999991655,-0.0001759529,-0.0000864840,-0.0000863729,-0.0006290420,0.9999998212,0,-140.2,-42.8,1907.0,0,1.0000000000,0.0000000000,-0.0000000000,-0.0000000000,1.0000000000,0.0000000000,0.0000000000,-0.0000000000,1.0000000000,0,-329.7,-174.9,1919.4,1,1.0000000000,0.0000000078,-0.0000000108,-0.0000000078,1.0000000000,-0.0000000039,0.0000000108,0.0000000039,1.0000000000,0,-329.7,-559.1,1919.4,0,1.0000000000,0.0000000000,-0.0000000000,-0.0000000000,1.0000000000,-0.0000000000,0.0000000000,0.0000000000,1.0000000000,0,-214.3,-172.5,1948.4,1,1.0000000000,0.0000006927,-0.0000001109,-0.0000006927,1.0000000000,-0.0000016580,0.0000001109,0.0000016580,1.0000000000,0,-214.3,-556.6,1948.4,0,-390.4,-299.3,1844.1,0,-140.2,-294.0,1907.0,0,-329.7,-928.4,1919.4,0,-214.3,-926.0,1948.4,0,
14,0.9700540900,0.0038889183,-0.2428660989,0.0289066751,0.9909173846,0.1313246787,0.2411710471,-0.1344124675,0.9611296654,1,-266.1,398.0,1847.2,1,0.9700540900,0.0038889183,-0.2428660989,0.0289066751,0.9909173846,0.1313246787,0.2411710471,-0.1344124675,0.9611296654,1,-266.9,206.1,1873.3,1,0.9699556828,0.0189427696,-0.2425514758,0.0203778148,0.9871349335,0.1585823745,0.2424351275,-0.1587604284,0.9570897222,1,-270.5,16.6,1903.7,1,-0.0000005960,-1.0000001192,0.0000000000,1.0000001192,-0.0000005960,0.0000000000,-0.0000000000,0.0000000000,1.0000000000,0,-392.0,203.5,1842.0,1,0.0000197291,-0.9999990463,0.0000000000,0.9999990463,0.0000197291,0.0000000000,-0.0000000000,0.0000000000,1.0000000000,0,-392.0,-47.7,1842.0,0,-0.0000005960,1.0000001192,0.0000001978,-1.0000001192,-0.0000005960,0.0000001247,0.0000001247,-0.0000001978,1.0000000000,0,-141.7,208.7,1904.5,1,-0.0001567602,0.9999989867,0.0005661243,-0.9999991059,-0.0001567602,-0.0000778301,-0.0000777409,-0.0005661366,0.9999998212,0,-141.7,-42.5,1904.5,0,1.0000000000,0.0000000000,-0.0000000000,-0.0000000000,1.0000000000,0.0000000000,0.0000000000,-0.0000000000,1.0000000000,0,-331.9,-174.1,1919.8,1,1.0000000000,0.0000000070,-0.0000000097,-0.0000000070,1.0000000000,-0.0000000035,0.0000000097,0.0000000035,1.0000000000,0,-331.9,-558.3,1919.8,0,1.0000000000,0.0000000000,-0.0000000000,-0.0000000000,1.0000000000,-0.0000000000,0.0000000000,0.0000000000,1.0000000000,0,-216.4,-171.7,1948.6,1,1.0000000000,0.0000006234,-0.0000000998,-0.0000006234,1.0000000000,-0.0000014922,0.0000000998,0.0000014922,1.0000000000,0,-216.4,-555.8,1948.6,0,-392.0,-298.9,1842.0,0,-141.8,-293.6,1904.5,0,-331.9,-927.6,1919.8,0,-216.4,-925.2,1948.6,0,
15,0.9690337777,0.0051765828,-0.2468818724,0.0290949550,0.9904224277,0.1349661201,0.2452161163,-0.1379697025,0.9596008658,1,-267.8,398.8,1845.4,1,0.9690337777,0.0051765828,-0.2468818724,0.0290949550,0.9904224277,0.1349661201,0.2452161163,-0.1379697025,0.9596008658,1,-268.8,206.1,1872.2,1,0.9689620733,0.0171571504,-0.2466216385,0.0227375217,0.9871751666,0.1580098569,0.2461698651,-0.1587130129,0.9561437964,1,-272.1,16.6,1902.7,1,-0.0000005960,-1.0000001192,0.0000000000,1.0000001192,-0.0000005960,0.0000000000,-0.0000000000,0.0000000000,1.0000000000,0,-393.8,203.2,1840.4,1,0.0000197291,-0.9999990463,0.0000000000,0.9999990463,0.0000197291,0.0000000000,-0.0000000000,0.0000000000,1.0000000000,0,-393.8,-48.0,1840.4,0,-0.0000005960,1.0000001192,0.0000001582,-1.0000001192,-0.0000005960,0.0000000997,0.0000000997,-0.0000001582,1.0000000000,0,-143.8,209.1,1904.0,1,-0.0001394749,0.9999989867,0.0005095120,-0.9999991059,-0.0001393557,-0.0000700427,-0.0000699712,-0.0005095218,0.9999998808,0,-143.8,-42.1,1904.0,0,1.0000000000,0.0000000000,-0.0000000000,-0.0000000000,1.0000000000,0.0000000000,0.0000000000,-0.0000000000,1.0000000000,0,-333.1,-174.2,1918.5,1,1.0000000000,0.0000000063,-0.0000000088,-0.0000000063,1.0000000000,-0.0000000031,0.0000000088,0.0000000031,1.0000000000,0,-333.1,-558.4,1918.5,0,1.0000000000,0.0000000000,-0.0000000000,-0.0000000000,1.0000000000,-0.0000000000,0.0000000000,0.0000000000,1.0000000000,0,-217.7,-171.5,1947.8,1,1.0000000000,0.0000005611,-0.0000000898,-0.0000005611,1.0000000000,-0.0000013430,0.0000000898,0.0000013430,1.0000000000,0,-217.7,-555.7,1947.8,0,-393.8,-299.2,1840.4,0,-143.8,-293.3,1903.9,0,-333.1,-927.8,1918.5,0,-217.7,-925.1,1947.8,0,
16,0.9691903591,0.0076344833,-0.2462026030,0.0253660828,0.9911118150,0.1305870265,0.2450113595,-0.1328088492,0.9603809714,1,-271.0,398.2,1846.4,1,0.9691903591,0.0076344833,-0.2462026030,0.0253660828,0.9911118150,0.1305870265,0.2450113595,-0.1328088492,0.9603809714,1,-272.5,205.1,1872.3,1,0.9690438509,0.0228366740,-0.2458384335,0.0158482920,0.9879059196,0.1542391777,0.2463876456,-0.1533605456,0.9569608569,1,-276.9,15.5,1901.7,1,-0.0000005960,-1.0000001192,0.0000000000,1.0000001192,-0.0000005960,0.0000000000,-0.0000000000,0.0000000000,1.0000000000,0,-397.5,203.1,1840.5,1,0.0000197291,-0.9999990463,0.0000000000,0.9999990463,0.0000197291,0.0000000000,-0.0000000000,0.0000000000,1.0000000000,0,-397.5,-48.1,1840.5,0,-0.0000005960,1.0000001192,0.0000001266,-1.0000001192,-0.0000005960,0.0000000798,0.0000000798,-0.0000001266,1.0000000000,0,-147.5,207.2,1904.1,1,-0.0001238585,0.9999989867,0.0004585609,-0.9999991059,-0.0001237392,-0.0000630348,-0.0000629776,-0.0004585687,0.9999998808,0,-147.5,-44.0,1904.1,0,1.0000000000,0.0000000000,-0.0000000000,-0.0000000000,1.0000000000,0.0000000000,0.0000000000,-0.0000000000,1.0000000000,0,-338.9,-175.1,1916.5,1,1.0000000000,0.0000000057,-0.0000000079,-0.0000000057,1.0000000000,-0.0000000028,0.0000000079,0.0000000028,1.0000000000,0,-338.9,-559.3,1916.5,0,1.0000000000,0.0000000000,-0.0000000000,-0.0000000000,1.0000000000,-0.0000000000,0.0000000000,0.0000000000,1.0000000000,0,-223.6,-173.2,1945.9,1,1.0000000000,0.0000005050,-0.0000000808,-0.0000005050,1.0000000000,-0.0000012087,0.0000000808,0.0000012087,1.0000000000,0,-223.6,-557.4,1945.9,0,-397.5,-299.3,1840.5,0,-147.5,-295.2,1904.1,0,-338.9,-928.6,1916.5,0,-223.6,-926.7,1945.9,0,
17,0.9693625569,0.0077114305,-0.2455214411,0.0245180838,0.9914781451,0.1279411912,0.2444158494,-0.1300410628,0.9609114528,1,-274.7,396.1,1847.5,1,0.9693625569,0.0077114305,-0.2455214411,0.0245180838,0.9914781451,0.1279411912,0.2444158494,-0.1300410628,0.9609114528,1,-276.2,204.0,1872.7,1,0.9692233205,0.0226045623,-0.2451513410,0.0154264271,0.9882425070,0.1521108896,0.2457074672,-0.1512111127,0.9574776888,1,-280.5,14.3,1901.7,1,-0.0000005960,-1.0000001192,0.0000000000,1.0000001192,-0.0000005960,0.0000000000,-0.0000000000,0.0000000000,1.0000000000,0,-401.2,202.0,1841.0,1,0.0000197291,-0.9999990463,0.0000000000,0.9999990463,0.0000197291,0.0000000000,-0.0000000000,0.0000000000,1.0000000000,0,-401.2,-49.1,1841.0,0,-0.0000005960,1.0000001192,0.0000001013,-1.0000001192,-0.0000005960,0.0000000638,0.0000000638,-0.0000001013,1.0000000000,0,-151.1,206.0,1904.4,1,-0.0001096725,0.9999989867,0.0004127048,-0.9999991059,-0.0001096725,-0.0000567284,-0.0000566827,-0.0004127111,0.9999999404,0,-151.1,-45.2,1904.4,0,1.0000000000,0.0000000000,-0.0000000000,-0.0000000000,1.0000000000,0.0000000000,0.0000000000,-0.0000000000,1.0000000000,0,-342.5,-176.3,1916.1,1,1.0000000000,0.0000000051,-0.0000000071,-0.0000000051,1.0000000000,-0.0000000025,0.0000000071,0.0000000025,1.0000000000,0,-342.5,-560.5,1916.1,0,1.0000000000,0.0000000000,-0.0000000000,-0.0000000000,1.0000000000,-0.0000000000,0.0000000000,0.0000000000,1.0000000000,0,-227.1,-174.5,1945.3,1,1.0000000000,0.0000004545,-0.0000000728,-0.0000004545,1.0000000000,-0.0000010878,0.0000000728,0.0000010878,1.0000000000,0,-227.1,-558.6,1945.3,0,-401.2,-300.3,1841.0,0,-151.1,-296.3,1904.3,0,-342.5,-929.8,1916.1,0,-227.1,-928.0,1945.3,0,
18,0.9689363241,0.0046337331,-0.2472751588,0.0279317833,0.9913769364,0.1280256808,0.2457361966,-0.1309554875,0.9604503512,1,-278.9,398.1,1846.0,1,0.9689363241,0.0046337331,-0.2472751588,0.0279317833,0.9913769364,0.1280256808,0.2457361966,-0.1309554875,0.9604503512,1,-279.8,205.3,1871.4,1,0.9687817693,0.0215603728,-0.2469839603,0.0162507594,0.9885463715,0.1500365138,0.2473900169,-0.1493662000,0.9573340416,1,-283.9,15.6,1900.1,1,-0.0000005960,-1.0000001192,0.0000000000,1.0000001192,-0.0000005960,0.0000000000,-0.0000000000,0.0000000000,1.0000000000,0,-404.8,203.2,1839.5,1,0.0000197291,-0.9999990463,0.0000000000,0.9999990463,0.0000197291,0.0000000000,-0.0000000000,0.0000000000,1.0000000000,0,-404.8,-47.9,1839.5,0,-0.0000005960,1.0000001192,0.0000000810,-1.0000001192,-0.0000005960,0.0000000511,0.0000000511,-0.0000000810,1.0000000000,0,-154.8,207.4,1903.4,1,-0.0000969172,0.9999989867,0.0003714342,-0.9999991059,-0.0000969172,-0.0000510531,-0.0000510168,-0.0003714392,0.9999999404,0,-154.8,-43.8,1903.4,0,1.0000000000,0.0000000000,-0.0000000000,-0.0000000000,1.0000000000,0.0000000000,0.0000000000,-0.0000000000,1.0000000000,0,-345.7,-175.2,1914.1,1,1.0000000000,0.0000000046,-0.0000000064,-0.0000000046,1.0000000000,-0.0000000023,0.0000000064,0.0000000023,1.0000000000,0,-345.7,-559.3,1914.1,0,1.0000000000,0.0000000000,-0.0000000000,-0.0000000000,1.0000000000,-0.0000000000,0.0000000000,0.0000000000,1.0000000000,0,-230.4,-173.2,1943.5,1,1.0000000000,0.0000004090,-0.0000000655,-0.0000004090,1.0000000000,-0.0000009790,0.0000000655,0.0000009790,1.0000000000,0,-230.4,-557.4,1943.5,0,-404.8,-299.1,1839.5,0,-154.8,-294.9,1903.4,0,-345.7,-928.7,1914.1,0,-230.4,-926.8,1943.5,0,
19,0.9684962630,0.0112933768,-0.2487797439,0.0216206014,0.9913859963,0.1291714460,0.2480956316,-0.1304807663,0.9599083066,1,-282.3,395.7,1845.2,1,0.9684962630,0.0112933768,-0.2487797439,0.0216206014,0.9913859963,0.1291714460,0.2480956316,-0.1304807663,0.9599083066,1,-284.5,203.1,1870.6,1,0.9682896733,0.0270806309,-0.2483662814,0.0109575065,0.9885480404,0.1505046934,0.2495978326,-0.1484534889,0.9569028616,1,-289.7,13.4,1899.1,1,-0.0000005960,-1.0000001192,0.0000000000,1.0000001192,-0.0000005960,0.0000000000,-0.0000000000,0.0000000000,1.0000000000,0,-409.4,201.7,1838.4,1,0.0000197291,-0.9999990463,0.0000000000,0.9999990463,0.0000197291,0.0000000000,-0.0000000000,0.0000000000,1.0000000000,0,-409.4,-49.5,1838.4,0,-0.0000005960,1.0000001192,0.0000000648,-1.0000001192,-0.0000005960,0.0000000409,0.0000000409,-0.0000000648,1.0000000000,0,-159.5,204.6,1902.8,1,-0.0000854731,0.9999990463,0.0003342907,-0.9999990463,-0.0000854731,-0.0000459458,-0.0000459169,-0.0003342947,0.9999999404,0,-159.5,-46.6,1902.8,0,1.0000000000,0.0000000000,-0.0000000000,-0.0000000000,1.0000000000,0.0000000000,0.0000000000,-0.0000000000,1.0000000000,0,-352.5,-177.0,1912.7,1,1.0000000000,0.0000000041,-0.0000000058,-0.0000000041,1.0000000000,-0.0000000021,0.0000000058,0.0000000021,1.0000000000,0,-352.5,-561.2,1912.7,0,1.0000000000,0.0000000000,-0.0000000000,-0.0000000000,1.0000000000,-0.0000000000,0.0000000000,0.0000000000,1.0000000000,0,-237.2,-175.7,1942.4,1,1.0000000000,0.0000003681,-0.0000000589,-0.0000003681,1.0000000000,-0.0000008811,0.0000000589,0.0000008811,1.0000000000,0,-237.2,-559.9,1942.4,0,-409.4,-300.6,1838.4,0,-159.5,-297.8,1902.8,0,-352.5,-930.6,1912.7,0,-237.2,-929.3,1942.4,0,
20,0.9682566524,0.0105043631,-0.2497454584,0.0222553127,0.9915257096,0.1279859394,0.2489735335,-0.1294813305,0.9598162770,1,-287.5,396.2,1844.4,1,0.9682566524,0.0105043631,-0.2497454584,0.0222553127,0.9915257096,0.1279859394,0.2489735335,-0.1294813305,0.9598162770,1,-289.5,202.3,1869.7,1,0.9681772590,0.0204371214,-0.2494377047,0.0171747543,0.9888849258,0.1476838291,0.2496835142,-0.1472680420,0.9570636153,1,-293.5,12.5,1898.0,1,-0.0000005960,-1.0000001192,0.0000000000,1.0000001192,-0.0000005960,0.0000000000,-0.0000000000,0.0000000000,1.0000000000,0,-414.5,200.1,1837.5,1,0.0000197291,-0.9999990463,0.0000000000,0.9999990463,0.0000197291,0.0000000000,-0.0000000000,0.0000000000,1.0000000000,0,-414.5,-51.1,1837.5,0,-0.0000005960,1.0000001192,0.0000000518,-1.0000001192,-0.0000005960,0.0000000327,0.0000000327,-0.0000000518,1.0000000000,0,-164.6,204.5,1901.9,1,-0.0000753403,0.9999992251,0.0003008616,-0.9999992251,-0.0000753403,-0.0000413496,-0.0000413267,-0.0003008647,0.9999999404,0,-164.6,-46.6,1901.9,0,1.0000000000,0.0000000000,-0.0000000000,-0.0000000000,1.0000000000,0.0000000000,0.0000000000,-0.0000000000,1.0000000000,0,-355.0,-178.4,1911.4,1,1.0000000000,0.0000000037,-0.0000000052,-0.0000000037,1.0000000000,-0.0000000019,0.0000000052,0.0000000019,1.0000000000,0,-355.0,-562.5,1911.4,0,1.0000000000,0.0000000000,-0.0000000000,-0.0000000000,1.0000000000,-0.0000000000,0.0000000000,0.0000000000,1.0000000000,0,-239.7,-176.3,1941.1,1,1.0000000000,0.0000003313,-0.0000000530,-0.0000003313,1.0000000000,-0.0000007930,0.0000000530,0.0000007930,1.0000000000,0,-239.7,-560.5,1941.1,0,-414.5,-302.3,1837.5,0,-164.6,-297.8,1901.9,0,-355.0,-931.9,1911.4,0,-239.7,-929.9,1941.1,0,
21,0.9655687809,0.0101743117,-0.2599566877,0.0261732172,0.9903656840,0.1359766126,0.2588357627,-0.1380985975,0.9559985995,1,-291.4,395.1,1840.9,1,0.9655687809,0.0101743117,-0.2599566877,0.0261732172,0.9903656840,0.1359766126,0.2588357627,-0.1380985975,0.9559985995,1,-293.4,201.5,1867.9,1,0.9654543400,0.0211043581,-0.2597241402,0.0189322215,0.9883993864,0.1506886482,0.2598914802,-0.1504000425,0.9538536072,1,-297.4,11.8,1896.8,1,-0.0000005960,-1.0000001192,0.0000000000,1.0000001192,-0.0000005960,0.0000000000,-0.0000000000,0.0000000000,1.0000000000,0,-418.0,199.1,1834.4,1,0.0000197291,-0.9999990463,0.0000000000,0.9999990463,0.0000197291,0.0000000000,-0.0000000000,0.0000000000,1.0000000000,0,-418.0,-52.1,1834.4,0,-0.0000005960,1.0000001192,0.0000000415,-1.0000001192,-0.0000005960,0.0000000261,0.0000000261,-0.0000000415,1.0000000000,0,-168.8,203.9,1901.5,1,-0.0000663996,0.9999992251,0.0002707754,-0.9999992251,-0.0000663996,-0.0000372134,-0.0000371952,-0.0002707779,0.9999999404,0,-168.8,-47.2,1901.5,0,1.0000000000,0.0000000000,-0.0000000000,-0.0000000000,1.0000000000,0.0000000000,0.0000000000,-0.0000000000,1.0000000000,0,-359.0,-179.1,1910.2,1,1.0000000000,0.0000000033,-0.0000000047,-0.0000000033,1.0000000000,-0.0000000017,0.0000000047,0.0000000017,1.0000000000,0,-359.0,-563.3,1910.2,0,1.0000000000,0.0000000000,-0.0000000000,-0.0000000000,1.0000000000,-0.0000000000,0.0000000000,0.0000000000,1.0000000000,0,-244.0,-176.9,1941.2,1,1.0000000000,0.0000002982,-0.0000000477,-0.0000002982,1.0000000000,-0.0000007137,0.0000000477,0.0000007137,1.0000000000,0,-244.0,-561.0,1941.2,0,-418.0,-303.3,1834.4,0,-168.9,-298.4,1901.5,0,-359.0,-932.6,1910.2,0,-244.0,-930.4,1941.2,0,
22,0.9639932513,0.0095125772,-0.2657641470,0.0277823452,0.9902886152,0.1362180561,0.2644791305,-0.1386967450,0.9543659687,1,-295.5,395.1,1839.2,1,0.9639932513,0.0095125772,-0.2657641470,0.0277823452,0.9902886152,0.1362180561,0.2644791305,-0.1386967450,0.9543659687,1,-297.4,201.2,1866.4,1,0.9638371468,0.0228802338,-0.2655155063,0.0182481892,0.9883025885,0.1514059454,0.2658739984,-0.1507757306,0.9521439672,1,-301.8,11.5,1895.3,1,-0.0000005960,-1.0000001192,0.0000000000,1.0000001192,-0.0000005960,0.0000000000,-0.0000000000,0.0000000000,1.0000000000,0,-421.7,198.9,1832.1,1,0.0000197291,-0.9999990463,0.0000000000,0.9999990463,0.0000197291,0.0000000000,-0.0000000000,0.0000000000,1.0000000000,0,-421.7,-52.3,1832.1,0,-0.0000005960,1.0000001192,0.0000000332,-1.0000001192,-0.0000005960,0.0000000209,0.0000000209,-0.0000000332,1.0000000000,0,-173.0,203.6,1900.7,1,-0.0000582933,0.9999992251,0.0002436978,-0.9999992251,-0.0000582933,-0.0000334911,-0.0000334767,-0.0002436998,0.9999999404,0,-173.0,-47.6,1900.7,0,1.0000000000,0.0000000000,-0.0000000000,-0.0000000000,1.0000000000,0.0000000000,0.0000000000,-0.0000000000,1.0000000000,0,-363.6,-179.3,1908.4,1,1.0000000000,0.0000000030,-0.0000000042,-0.0000000030,1.0000000000,-0.0000000015,0.0000000042,0.0000000015,1.0000000000,0,-363.6,-563.5,1908.4,0,1.0000000000,0.0000000000,-0.0000000000,-0.0000000000,1.0000000000,-0.0000000000,0.0000000000,0.0000000000,1.0000000000,0,-248.8,-177.1,1940.1,1,1.0000000000,0.0000002684,-0.0000000430,-0.0000002684,1.0000000000,-0.0000006423,0.0000000430,0.0000006423,1.0000000000,0,-248.8,-561.3,1940.1,0,-421.8,-303.5,1832.1,0,-173.1,-298.8,1900.7,0,-363.6,-932.9,1908.4,0,-248.8,-930.7,1940.1,0,
23,0.9656156898,0.0125934714,-0.2596761882,0.0238285474,0.9903343320,0.1366341710,0.2588871121,-0.1381237209,0.9559810758,1,-298.7,396.5,1837.9,1,0.9656156898,0.0125934714,-0.2596761882,0.0238285474,0.9903343320,0.1366341710,0.2588871121,-0.1381237209,0.9559810758,1,-301.2,201.4,1865.1,1,0.9653780460,0.0277079046,-0.2593868971,0.0121581657,0.9884828925,0.1508394033,0.2605791092,-0.1487705857,0.9539214969,1,-306.5,11.6,1893.6,1,-0.0000005960,-1.0000001192,0.0000000000,1.0000001192,-0.0000005960,0.0000000000,-0.0000000000,0.0000000000,1.0000000000,0,-425.8,199.8,1831.5,1,0.0000197291,-0.9999990463,0.0000000000,0.9999990463,0.0000197291,0.0000000000,-0.0000000000,0.0000000000,1.0000000000,0,-425.8,-51.4,1831.5,0,-0.0000005960,1.0000001192,0.0000000265,-1.0000001192,-0.0000005960,0.0000000167,0.0000000167,-0.0000000265,1.0000000000,0,-176.7,202.9,1898.7,1,-0.0000510216,0.9999992251,0.0002193280,-0.9999992251,-0.0000510216,-0.0000301411,-0.0000301298,-0.0002193295,1.0000000000,0,-176.7,-48.2,1898.7,0,1.0000000000,0.0000000000,-0.0000000000,-0.0000000000,1.0000000000,0.0000000000,0.0000000000,-0.0000000000,1.0000000000,0,-369.3,-178.9,1906.7,1,1.0000000000,0.0000000027,-0.0000000038,-0.0000000027,1.0000000000,-0.0000000013,0.0000000038,0.0000000013,1.0000000000,0,-369.3,-563.0,1906.7,0,1.0000000000,0.0000000000,-0.0000000000,-0.0000000000,1.0000000000,-0.0000000000,0.0000000000,0.0000000000,1.0000000000,0,-254.4,-177.4,1937.7,1,1.0000000000,0.0000002415,-0.0000000387,-0.0000002415,1.0000000000,-0.0000005781,0.0000000387,0.0000005781,1.0000000000,0,-254.4,-561.6,1937.7,0,-425.8,-302.6,1831.5,0,-176.7,-299.4,1898.7,0,-369.3,-932.4,1906.7,0,-254.4,-931.0,1937.7,0,
