1,0.8916028738,-0.0221048277,-0.4522832036,0.0943125188,0.9859678149,0.1377333254,0.4428912401,-0.1654590368,0.8811776042,1,-298.2,452.4,2076.9,1,0.8916028738,-0.0221048277,-0.4522832036,0.0943125188,0.9859678149,0.1377333254,0.4428912401,-0.1654590368,0.8811776042,1,-293.8,254.9,2110.0,1,0.8917539716,-0.0153069720,-0.4522664845,0.0863450691,0.9868202209,0.1368511170,0.4442100525,-0.1610881835,0.8813236356,1,-290.9,65.4,2140.9,1,-0.0000033379,-1.0000003576,0.0000000000,1.0000003576,-0.0000033379,0.0000000000,-0.0000000000,0.0000000000,1.0000000000,0,-409.1,243.7,2052.6,1,0.0000170469,-0.9999990463,0.0000000885,0.9999990463,0.0000170469,-0.0000000974,0.0000000974,0.0000000885,1.0000000000,0,-409.1,-7.5,2052.6,0,-0.0000026226,1.0000003576,-0.0000000000,-1.0000003576,-0.0000026226,0.0000000000,0.0000000000,0.0000000000,1.0000000000,0,-178.5,266.0,2167.5,1,0.0000197291,0.9999990463,-0.0000000000,-0.9999990463,0.0000197291,-0.0000000000,-0.0000000000,0.0000000000,1.0000000000,0,-178.5,14.9,2167.5,0,0.6717826724,-0.2676036358,-0.6907215714,0.3490326405,0.9368162155,-0.0234846398,0.6533637643,-0.2253078222,0.7227393389,0,-366.5,-131.8,2132.8,1,-0.4358105659,0.0011523894,-0.9000378251,-0.0007661602,0.9999983311,0.0016513621,0.9000381827,0.0014092538,-0.4358088970,0,-263.7,-491.6,2219.3,0,0.8964735866,0.4104681015,0.1668872982,-0.2819856405,0.8190244436,-0.4996830821,-0.3417887688,0.4008928239,0.8499797583,1,-209.4,-116.6,2211.0,1,0.6979609132,-0.0012872888,0.7161347270,0.0007361250,0.9999991655,0.0010801058,-0.7161355019,-0.0002267069,0.6979612708,0,-367.1,-431.2,2057.0,1,-409.1,-258.7,2052.6,0,-178.5,-236.3,2167.5,0,-264.1,-861.0,2218.8,0,-366.6,-800.6,2057.1,0,
2,0.8860142231,-0.0229322724,-0.4630953372,0.0981919169,0.9854015708,0.1390680224,0.4531448781,-0.1686881036,0.8753327727,1,-297.8,450.8,2076.7,1,0.8860142231,-0.0229322724,-0.4630953372,0.0981919169,0.9854015708,0.1390680224,0.4531448781,-0.1686881036,0.8753327727,1,-293.2,253.6,2110.5,1,0.8861840963,-0.0164263621,-0.4630467892,0.0896815136,0.9865524173,0.1366356760,0.4545746446,-0.1626107693,0.8757413626,1,-290.0,64.1,2141.7,1,-0.0000033379,-1.0000003576,0.0000000000,1.0000003576,-0.0000033379,0.0000000000,-0.0000000000,0.0000000000,1.0000000000,0,-407.8,242.0,2051.7,1,0.0000170469,-0.9999990463,0.0000000796,0.9999990463,0.0000170469,-0.0000000876,0.0000000876,0.0000000796,1.0000000000,0,-407.8,-9.2,2051.7,0,-0.0000026226,1.0000003576,-0.0000000000,-1.0000003576,-0.0000026226,0.0000000000,0.0000000000,0.0000000000,1.0000000000,0,-178.6,265.2,2169.3,1,0.0000197291,0.9999990463,-0.0000000000,-0.9999990463,0.0000197291,-0.0000000000,-0.0000000000,0.0000000000,1.0000000000,0,-178.6,14.0,2169.3,0,0.7853760123,-0.2312110662,-0.5742177367,0.2844581604,0.9586836100,0.0030447617,0.5497891307,-0.1657322049,0.8186969757,0,-364.9,-133.3,2132.9,1,-0.2462077141,0.0012006201,-0.9692165852,-0.0008653933,0.9999985695,0.0014585850,0.9692169428,0.0011978678,-0.2462062836,0,-276.1,-501.6,2196.6,0,0.8994883299,0.4070816636,0.1587610394,-0.2859474123,0.8231505156,-0.4905682802,-0.3303855658,0.3958631754,0.8568183184,1,-208.8,-117.5,2213.0,1,0.6967777014,-0.0006436840,0.7172867656,0.0003669610,0.9999997020,0.0005409184,-0.7172868848,-0.0001136836,0.6967778206,0,-365.2,-433.7,2060.9,1,-407.8,-260.4,2051.7,0,-178.6,-237.2,2169.3,0,-276.5,-870.9,2196.1,0,-365.0,-803.1,2060.9,0,
3,0.8908674717,-0.0150766959,-0.4540179074,0.0884508342,0.9860761762,0.1408116221,0.4455724061,-0.1656024158,0.8797978759,1,-296.5,449.6,2077.7,1,0.8908674717,-0.0150766959,-0.4540179074,0.0884508342,0.9860761762,0.1408116221,0.4455724061,-0.1656024158,0.8797978759,1,-293.5,252.0,2110.8,1,0.8909728527,-0.0083689783,-0.4539843798,0.0795844421,0.9872298837,0.1379900128,0.4470312297,-0.1590751261,0.8802621365,1,-291.9,62.4,2141.4,1,-0.0000033379,-1.0000003576,0.0000000000,1.0000003576,-0.0000033379,0.0000000000,-0.0000000000,0.0000000000,1.0000000000,0,-408.7,241.7,2053.0,1,0.0000170469,-0.9999990463,0.0000000716,0.9999990463,0.0000170469,-0.0000000789,0.0000000789,0.0000000716,1.0000000000,0,-408.7,-9.5,2053.0,0,-0.0000026226,1.0000003576,-0.0000000000,-1.0000003576,-0.0000026226,0.0000000000,0.0000000000,0.0000000000,1.0000000000,0,-178.2,262.3,2168.6,1,0.0000197291,0.9999990463,-0.0000000000,-0.9999990463,0.0000197291,-0.0000000000,-0.0000000000,0.0000000000,1.0000000000,0,-178.2,11.1,2168.6,0,0.8607444167,-0.1948404163,-0.4702725708,0.2293889970,0.9731924534,0.0166458301,0.4544224441,-0.1222031564,0.8823642135,0,-369.0,-134.2,2132.4,1,-0.0667600632,0.0012069156,-0.9977684617,-0.0009199597,0.9999987483,0.0012711674,0.9977688193,0.0010027698,-0.0667588711,0,-294.1,-508.1,2179.4,0,0.9348202348,0.3240226507,0.1453289092,-0.2454694510,0.8853166103,-0.3949168324,-0.2566240728,0.3335024118,0.9071494937,0,-211.5,-120.2,2211.4,1,0.7518645525,-0.0005777088,0.6593173742,0.0003512583,0.9999998212,0.0004756586,-0.6593174934,-0.0001260401,0.7518646121,0,-336.0,-460.3,2083.3,0,-408.7,-260.7,2053.0,0,-178.2,-240.1,2168.6,0,-294.6,-877.5,2179.0,0,-335.8,-829.7,2083.4,0,
4,0.9113483429,-0.0074080667,-0.4115746617,0.0784429759,0.9846405387,0.1559727937,0.4040966928,-0.1744302958,0.8979327083,1,-295.8,449.0,2077.2,1,0.9113483429,-0.0074080667,-0.4115746617,0.0784429759,0.9846405387,0.1559727937,0.4040966928,-0.1744302958,0.8979327083,1,-294.3,251.9,2112.1,1,0.9114081860,-0.0044932840,-0.4114843011,0.0685276166,0.9876341224,0.1409987062,0.4057614505,-0.1567051113,0.9004467726,1,-293.4,62.2,2142.2,1,-0.0000033379,-1.0000003576,0.0000000000,1.0000003576,-0.0000033379,0.0000000000,-0.0000000000,0.0000000000,1.0000000000,0,-412.1,243.0,2059.6,1,0.0000170469,-0.9999990463,0.0000000645,0.9999990463,0.0000170469,-0.0000000710,0.0000000710,0.0000000645,1.0000000000,0,-412.1,-8.2,2059.6,0,-0.0000026226,1.0000003576,-0.0000000000,-1.0000003576,-0.0000026226,0.0000000000,0.0000000000,0.0000000000,1.0000000000,0,-176.5,260.7,2164.5,1,0.0000197291,0.9999990463,-0.0000000000,-0.9999990463,0.0000197291,-0.0000000000,-0.0000000000,0.0000000000,1.0000000000,0,-176.5,9.6,2164.5,0,0.3494050503,-0.2013875097,-0.9150732756,0.1871320754,0.9719510078,-0.1424519420,0.9180946350,-0.1214661002,0.3772907257,1,-373.1,-133.5,2136.4,1,-0.7513023615,-0.0005672787,-0.6599578261,0.0007079575,0.9999983311,-0.0016655126,0.6599577069,-0.0017185257,-0.7513007522,0,-295.8,-506.9,2183.1,1,0.9130738974,0.2672481537,0.3080169261,-0.2167263329,0.9578399658,-0.1886059791,-0.3454354703,0.1054558232,0.9324984550,1,-212.0,-121.4,2208.1,1,0.6244847178,0.0054422240,0.7810179591,-0.0018441805,0.9999831319,-0.0054934332,-0.7810347080,0.0019902273,0.6244843602,0,-314.7,-489.4,2167.6,1,-412.1,-259.3,2059.6,0,-176.5,-241.6,2164.5,0,-295.6,-876.3,2183.7,0,-316.7,-858.7,2166.9,0,
5,0.9206457734,-0.0051741977,-0.3903701007,0.0684121326,0.9865773320,0.1482655257,0.3843621910,-0.1632057428,0.9086434245,1,-297.1,446.6,2078.4,1,0.9206457734,-0.0051741977,-0.3903701007,0.0684121326,0.9865773320,0.1482655257,0.3843621910,-0.1632057428,0.9086434245,1,-296.0,249.4,2111.0,1,0.9206691980,0.0000741410,-0.3903492093,0.0593549758,0.9883441329,0.1401806921,0.3858087957,-0.1522289217,0.9099346995,1,-296.1,59.6,2140.2,1,-0.0000033379,-1.0000003576,0.0000000000,1.0000003576,-0.0000033379,0.0000000000,-0.0000000000,0.0000000000,1.0000000000,0,-415.1,241.7,2061.1,1,0.0000170469,-0.9999990463,0.0000000580,0.9999990463,0.0000170469,-0.0000000639,0.0000000639,0.0000000580,1.0000000000,0,-415.1,-9.5,2061.1,0,-0.0000026226,1.0000003576,-0.0000000000,-1.0000003576,-0.0000026226,0.0000000000,0.0000000000,0.0000000000,1.0000000000,0,-177.0,257.1,2160.9,1,0.0000197291,0.9999990463,-0.0000000000,-0.9999990463,0.0000197291,-0.0000000000,-0.0000000000,0.0000000000,1.0000000000,0,-177.0,5.9,2160.9,0,0.3880600333,-0.2052621543,-0.8984860182,0.0159850568,0.9762359262,-0.2161204219,0.9214956164,0.0695053190,0.3821192086,1,-377.6,-135.5,2135.3,1,-0.7231970429,-0.0002836347,-0.6906417012,0.0003883094,0.9999995828,-0.0008172961,0.6906416416,-0.0008592487,-0.7231966257,0,-298.7,-510.5,2108.6,1,0.8994531631,0.2653343976,0.3472487926,-0.2599450648,0.9635693431,-0.0629510060,-0.3513013124,-0.0336441360,0.9356577396,1,-214.6,-125.0,2203.6,1,0.5868516564,0.0027210489,0.8096899390,-0.0007914038,0.9999958277,-0.0027869937,-0.8096941113,0.0009947601,0.5868512988,0,-316.5,-495.1,2216.5,1,-415.1,-260.6,2061.1,0,-177.0,-245.3,2160.9,0,-298.6,-879.9,2108.9,0,-317.5,-864.5,2216.2,0,
6,0.9222900867,-0.0062965648,-0.3864527941,0.0677568465,0.9870160818,0.1456231326,0.3805172145,-0.1604912281,0.9107428193,1,-297.9,448.5,2078.5,1,0.9222900867,-0.0062965648,-0.3864527941,0.0677568465,0.9870160818,0.1456231326,0.3805172145,-0.1604912281,0.9107428193,1,-296.7,250.8,2110.6,1,0.9223181605,0.0007121188,-0.3864364028,0.0578207336,0.9884856343,0.1398234814,0.3820854425,-0.1513054520,0.9116581678,1,-296.8,61.0,2139.7,1,-0.0000033379,-1.0000003576,0.0000000000,1.0000003576,-0.0000033379,0.0000000000,-0.0000000000,0.0000000000,1.0000000000,0,-416.0,243.3,2061.2,1,0.0000170469,-0.9999990463,0.0000000522,0.9999990463,0.0000170469,-0.0000000575,0.0000000575,0.0000000522,1.0000000000,0,-416.0,-7.9,2061.2,0,-0.0000026226,1.0000003576,-0.0000000000,-1.0000003576,-0.0000026226,0.0000000000,0.0000000000,0.0000000000,1.0000000000,0,-177.4,258.3,2160.0,1,0.0000197291,0.9999990463,-0.0000000000,-0.9999990463,0.0000197291,-0.0000000000,-0.0000000000,0.0000000000,1.0000000000,0,-177.4,7.1,2160.0,0,0.4002133012,-0.2243765742,-0.8885294795,-0.0460180044,0.9634200335,-0.2640158832,0.9152660370,0.1465509981,0.3752481043,1,-378.6,-134.0,2134.9,1,-0.7170873880,-0.0001418574,-0.6969832778,0.0001977143,0.9999999404,-0.0004069478,0.6969832778,-0.0004296207,-0.7170872688,0,-292.5,-504.1,2078.6,1,0.8952879906,0.2601720095,0.3616212010,-0.2829768658,0.9590684175,0.0105719864,-0.3440689743,-0.1117954105,0.9322651029,1,-215.3,-123.8,2202.6,1,0.5745548010,0.0013605043,0.8184649944,-0.0003743315,0.9999990463,-0.0013994841,-0.8184661269,0.0004977031,0.5745546222,0,-315.2,-492.2,2245.5,1,-416.0,-259.0,2061.2,0,-177.4,-244.1,2160.0,0,-292.4,-873.5,2078.8,0,-315.7,-861.6,2245.4,0,
7,0.9200988412,-0.0018045185,-0.3916875422,0.0621379986,0.9879972339,0.1414138973,0.3867301345,-0.1544530988,0.9091684818,1,-296.1,448.6,2080.0,1,0.9200988412,-0.0018045185,-0.3916875422,0.0621379986,0.9879972339,0.1414138973,0.3867301345,-0.1544530988,0.9091684818,1,-295.7,250.4,2111.0,1,0.9200856686,0.0049256831,-0.3916917741,0.0537722111,0.9888658524,0.1387461722,0.3880131245,-0.1487201750,0.9095776081,1,-296.7,60.5,2139.6,1,-0.0000033379,-1.0000003576,0.0000000000,1.0000003576,-0.0000033379,0.0000000000,-0.0000000000,0.0000000000,1.0000000000,0,-414.7,243.5,2060.8,1,0.0000170469,-0.9999990463,0.0000000470,0.9999990463,0.0000170469,-0.0000000518,0.0000000518,0.0000000470,1.0000000000,0,-414.7,-7.7,2060.8,0,-0.0000026226,1.0000003576,-0.0000000000,-1.0000003576,-0.0000026226,0.0000000000,0.0000000000,0.0000000000,1.0000000000,0,-176.8,257.4,2161.2,1,0.0000197291,0.9999990463,-0.0000000000,-0.9999990463,0.0000197291,-0.0000000000,-0.0000000000,0.0000000000,1.0000000000,0,-176.8,6.2,2161.2,0,0.3990425766,-0.2207422405,-0.8899652958,-0.0928502679,0.9558730125,-0.2787218094,0.9122195244,0.1938553452,0.3609379828,1,-379.2,-134.1,2133.7,1,-0.7215110660,-0.0000708871,-0.6924028397,0.0000975888,1.0000000000,-0.0002040698,0.6924028397,-0.0002148094,-0.7215110064,0,-294.4,-501.3,2059.3,1,0.8978657722,0.2504334450,0.3621051013,-0.2863797247,0.9568977356,0.0483045205,-0.3344004750,-0.1470705271,0.9308848381,1,-216.1,-124.6,2202.5,1,0.5759302378,0.0006802879,0.8174986243,-0.0001886343,0.9999997616,-0.0006992642,-0.8174989223,0.0002485191,0.5759301782,0,-312.3,-492.2,2259.0,1,-414.7,-258.9,2060.8,0,-176.7,-245.0,2161.2,0,-294.3,-870.7,2059.4,0,-312.6,-861.6,2258.9,0,
8,0.9183831811,-0.0051863943,-0.3956637383,0.0663585514,0.9877708554,0.1410778761,0.3900925219,-0.1558188647,0.9074974060,1,-297.2,448.8,2079.3,1,0.9183831811,-0.0051863943,-0.3956637383,0.0663585514,0.9877708554,0.1410778761,0.3900925219,-0.1558188647,0.9074974060,1,-296.1,250.4,2110.6,1,0.9183901548,0.0038241642,-0.3956630230,0.0562020540,0.9885529876,0.1400071532,0.3916683495,-0.1508179307,0.9076635838,1,-296.9,60.6,2139.6,1,-0.0000033379,-1.0000003576,0.0000000000,1.0000003576,-0.0000033379,0.0000000000,-0.0000000000,0.0000000000,1.0000000000,0,-414.9,243.2,2059.9,1,0.0000170469,-0.9999990463,0.0000000423,0.9999990463,0.0000170469,-0.0000000466,0.0000000466,0.0000000423,1.0000000000,0,-414.9,-8.0,2059.9,0,-0.0000026226,1.0000003576,-0.0000000000,-1.0000003576,-0.0000026226,0.0000000000,0.0000000000,0.0000000000,1.0000000000,0,-177.3,257.7,2161.2,1,0.0000197291,0.9999990463,-0.0000000000,-0.9999990463,0.0000197291,-0.0000000000,-0.0000000000,0.0000000000,1.0000000000,0,-177.3,6.5,2161.2,0,0.4007224143,-0.2291408926,-0.8870829344,-0.1280851960,0.9447010756,-0.3018842041,0.9072022438,0.2345939279,0.3492133319,1,-379.0,-134.2,2133.8,1,-0.7236922979,-0.0000354435,-0.6901227832,0.0000484721,1.0000000000,-0.0001021881,0.6901227832,-0.0001074045,-0.7236922979,0,-291.0,-497.2,2043.7,1,0.8996199369,0.2436252832,0.3623960912,-0.2911630273,0.9531508684,0.0820217505,-0.3254355192,-0.1793046743,0.9284081459,1,-216.2,-124.3,2203.2,1,0.5777904391,0.0003400599,0.8161849976,-0.0000950650,0.9999999404,-0.0003493475,-0.8161850572,0.0001242590,0.5777904391,0,-309.8,-490.4,2272.1,1,-414.9,-259.2,2059.9,0,-177.3,-244.7,2161.2,0,-290.9,-866.5,2043.7,0,-309.9,-859.8,2272.1,0,
9,0.9176245332,-0.0052350299,-0.3974193633,0.0667314678,0.9877470732,0.1410684735,0.3918104470,-0.1559679359,0.9067314863,1,-297.2,451.3,2078.4,1,0.9176245332,-0.0052350299,-0.3974193633,0.0667314678,0.9877470732,0.1410684735,0.3918104470,-0.1559679359,0.9067314863,1,-296.2,252.9,2109.8,1,0.9176326990,0.0036685627,-0.3974180520,0.0564089380,0.9886308312,0.1393731236,0.3934101164,-0.1503109336,0.9069941640,1,-296.9,63.0,2138.6,1,-0.0000033379,-1.0000003576,0.0000000000,1.0000003576,-0.0000033379,0.0000000000,-0.0000000000,0.0000000000,1.0000000000,0,-414.9,245.6,2058.9,1,0.0000170469,-0.9999990463,0.0000000381,0.9999990463,0.0000170469,-0.0000000419,0.0000000419,0.0000000381,1.0000000000,0,-414.9,-5.6,2058.9,0,-0.0000026226,1.0000003576,-0.0000000000,-1.0000003576,-0.0000026226,0.0000000000,0.0000000000,0.0000000000,1.0000000000,0,-177.5,260.2,2160.6,1,0.0000197291,0.9999990463,-0.0000000000,-0.9999990463,0.0000197291,-0.0000000000,-0.0000000000,0.0000000000,1.0000000000,0,-177.5,9.0,2160.6,0,0.4028853774,-0.2261695415,-0.8868656754,-0.1645287573,0.9353050590,-0.3132647574,0.9003409743,0.2721246779,0.3396094143,1,-378.9,-131.8,2132.6,1,-0.7254698277,-0.0000176804,-0.6882539392,0.0000242479,0.9999999404,-0.0000512478,0.6882538795,-0.0000538674,-0.7254698873,0,-292.1,-491.1,2028.1,1,0.9005169868,0.2384200543,0.3636275232,-0.2938073575,0.9501195550,0.1046427712,-0.3205406368,-0.2010689974,0.9256483316,1,-216.3,-121.8,2202.4,1,0.5781161785,0.0001700296,0.8159545064,-0.0000476021,1.0000000000,-0.0001746544,-0.8159545064,0.0000621294,0.5781161785,0,-307.9,-486.8,2279.6,1,-414.9,-256.8,2058.9,0,-177.5,-242.2,2160.6,0,-292.0,-860.5,2028.1,0,-307.9,-856.2,2279.6,0,
10,0.9158799052,-0.0046324274,-0.4014308155,0.0663926452,0.9879110456,0.1400766075,0.3959281445,-0.1549450606,0.9051166773,1,-296.8,450.9,2078.0,1,0.9158799052,-0.0046324274,-0.4014308155,0.0663926452,0.9879110456,0.1400766075,0.3959281445,-0.1549450606,0.9051166773,1,-295.9,253.2,2109.0,1,0.9158804417,0.0045255665,-0.4014308453,0.0568014681,0.9884150028,0.1407374293,0.3974162936,-0.1517001987,0.9050141573,1,-296.7,63.3,2138.2,1,-0.0000033379,-1.0000003576,0.0000000000,1.0000003576,-0.0000033379,0.0000000000,-0.0000000000,0.0000000000,1.0000000000,0,-414.3,245.8,2057.6,1,0.0000170469,-0.9999990463,0.0000000343,0.9999990463,0.0000170469,-0.0000000377,0.0000000377,0.0000000343,1.0000000000,0,-414.3,-5.4,2057.6,0,-0.0000026226,1.0000003576,-0.0000000000,-1.0000003576,-0.0000026226,0.0000000000,0.0000000000,0.0000000000,1.0000000000,0,-177.4,260.5,2160.4,1,0.0000197291,0.9999990463,-0.0000000000,-0.9999990463,0.0000197291,-0.0000000000,-0.0000000000,0.0000000000,1.0000000000,0,-177.4,9.3,2160.4,0,0.3995015025,-0.2172801197,-0.8906108141,-0.1830130219,0.9330461025,-0.3097272217,0.8982785940,0.2867299318,0.3329882920,1,-378.8,-131.5,2132.1,1,-0.7284795642,-0.0000089228,-0.6850675344,0.0000118381,1.0000000000,-0.0000256130,0.6850675344,-0.0000267685,-0.7284795642,0,-295.3,-489.9,2021.9,1,0.9020513296,0.2374586761,0.3604395390,-0.2949246168,0.9488142729,0.1130091399,-0.3151552081,-0.2082425356,0.9259115458,1,-216.4,-121.4,2202.5,1,0.5816053748,0.0000850973,0.8134710789,-0.0000236852,0.9999999404,-0.0000876760,-0.8134710193,0.0000317256,0.5816054344,0,-307.6,-485.9,2282.5,1,-414.3,-256.5,2057.6,0,-177.4,-241.8,2160.4,0,-295.3,-859.3,2021.9,0,-307.7,-855.3,2282.5,0,
11,0.9178067446,-0.0037800926,-0.3970145881,0.0650347695,0.9878786206,0.1409391016,0.3916685879,-0.1551742554,0.9069288373,1,-296.7,449.4,2077.8,1,0.9178067446,-0.0037800926,-0.3970145881,0.0650347695,0.9878786206,0.1409391016,0.3916685879,-0.1551742554,0.9069288373,1,-296.0,251.6,2108.9,1,0.9178000689,0.0050680838,-0.3970157802,0.0547284409,0.9887580872,0.1391398758,0.3932568133,-0.1494303197,0.9072061181,1,-297.0,61.8,2137.5,1,-0.0000033379,-1.0000003576,0.0000000000,1.0000003576,-0.0000033379,0.0000000000,-0.0000000000,0.0000000000,1.0000000000,0,-414.7,244.6,2058.0,1,0.0000170469,-0.9999990463,0.0000000308,0.9999990463,0.0000170469,-0.0000000340,0.0000000340,0.0000000308,1.0000000000,0,-414.7,-6.6,2058.0,0,-0.0000026226,1.0000003576,-0.0000000000,-1.0000003576,-0.0000026226,0.0000000000,0.0000000000,0.0000000000,1.0000000000,0,-177.3,258.7,2159.7,1,0.0000197291,0.9999990463,-0.0000000000,-0.9999990463,0.0000197291,-0.0000000000,-0.0000000000,0.0000000000,1.0000000000,0,-177.3,7.5,2159.7,0,0.4046532512,-0.2109569311,-0.8898050785,-0.2018855661,0.9284115434,-0.3119204938,0.8919070363,0.3058584332,0.3330955207,1,-379.3,-133.0,2131.4,1,-0.7264094353,-0.0000044614,-0.6872621179,0.0000058441,1.0000000000,-0.0000126686,0.6872621179,-0.0000132190,-0.7264094353,0,-298.3,-489.6,2013.9,1,0.9013336897,0.2344183475,0.3642055690,-0.2896026671,0.9514455199,0.1043158174,-0.3220681846,-0.1994982809,0.9254580140,1,-216.6,-123.3,2201.1,1,0.5777151585,0.0000425486,0.8162385225,-0.0000116332,1.0000000000,-0.0000438940,-0.8162385225,0.0000158628,0.5777151585,0,-306.6,-488.8,2277.7,1,-414.7,-257.8,2058.0,0,-177.3,-243.6,2159.7,0,-298.3,-859.0,2013.9,0,-306.6,-858.2,2277.7,0,
12,0.9168017507,-0.0035841523,-0.3993317485,0.0642758310,0.9882456660,0.1386966556,0.3941398561,-0.1528243423,0.9062570333,1,-296.5,448.8,2077.2,1,0.9168017507,-0.0035841523,-0.3993317485,0.0642758310,0.9882456660,0.1386966556,0.3941398561,-0.1528243423,0.9062570333,1,-295.7,251.0,2107.8,1,0.9167991877,0.0041328198,-0.3993323743,0.0550144017,0.9891046286,0.1365399063,0.3955448568,-0.1471483707,0.9065842032,1,-296.5,61.0,2136.0,1,-0.0000033379,-1.0000003576,0.0000000000,1.0000003576,-0.0000033379,0.0000000000,-0.0000000000,0.0000000000,1.0000000000,0,-414.3,243.9,2056.6,1,0.0000170469,-0.9999990463,0.0000000278,0.9999990463,0.0000170469,-0.0000000306,0.0000000306,0.0000000278,1.0000000000,0,-414.3,-7.3,2056.6,0,-0.0000026226,1.0000003576,-0.0000000000,-1.0000003576,-0.0000026226,0.0000000000,0.0000000000,0.0000000000,1.0000000000,0,-177.2,258.1,2158.9,1,0.0000197291,0.9999990463,-0.0000000000,-0.9999990463,0.0000197291,-0.0000000000,-0.0000000000,0.0000000000,1.0000000000,0,-177.2,6.9,2158.9,0,0.4042746425,-0.2119833231,-0.8897331953,-0.2174589485,0.9226004481,-0.3186224103,0.8884109259,0.3222914338,0.3268862367,1,-378.6,-133.8,2129.2,1,-0.7288957834,-0.0000023133,-0.6846247315,0.0000028389,1.0000000000,-0.0000064014,0.6846247315,-0.0000066095,-0.7288957834,0,-297.2,-488.2,2005.4,1,0.9008787870,0.2380853593,0.3629498780,-0.2957684994,0.9486934543,0.1118102893,-0.3177078664,-0.2080766410,0.9250762463,1,-216.0,-124.1,2199.4,1,0.5787660480,0.0000213156,0.8154937029,-0.0000058688,1.0000000000,-0.0000219732,-0.8154937029,0.0000079314,0.5787660480,0,-307.5,-488.5,2279.3,1,-414.3,-258.5,2056.6,0,-177.1,-244.3,2158.9,0,-297.2,-857.6,2005.4,0,-307.5,-857.9,2279.3,0,
13,0.9183797240,-0.0014306380,-0.3957028985,0.0596872158,0.9890518188,0.1349506974,0.3911766112,-0.1475540251,0.9084118009,1,-295.9,450.8,2076.9,1,0.9183797240,-0.0014306380,-0.3957028985,0.0596872158,0.9890518188,0.1349506974,0.3911766112,-0.1475540251,0.9084118009,1,-295.7,252.6,2106.4,1,0.9183645248,0.0050861491,-0.3957080245,0.0514721014,0.9898872375,0.1321801096,0.3923776150,-0.1417571157,0.9088168144,1,-296.6,62.5,2133.7,1,-0.0000033379,-1.0000003576,0.0000000000,1.0000003576,-0.0000033379,0.0000000000,-0.0000000000,0.0000000000,1.0000000000,0,-414.4,246.0,2055.7,1,0.0000170469,-0.9999990463,0.0000000250,0.9999990463,0.0000170469,-0.0000000275,0.0000000275,0.0000000250,1.0000000000,0,-414.4,-5.2,2055.7,0,-0.0000026226,1.0000003576,-0.0000000000,-1.0000003576,-0.0000026226,0.0000000000,0.0000000000,0.0000000000,1.0000000000,0,-176.9,259.3,2157.2,1,0.0000197291,0.9999990463,-0.0000000000,-0.9999990463,0.0000197291,-0.0000000000,-0.0000000000,0.0000000000,1.0000000000,0,-176.9,8.1,2157.2,0,0.4059169590,-0.2042076290,-0.8908033371,-0.2195225656,0.9243937731,-0.3119388521,0.8871533871,0.3221726716,0.3303989470,1,-379.0,-132.1,2126.1,1,-0.7271142602,-0.0000011567,-0.6865164638,0.0000014277,1.0000000000,-0.0000031970,0.6865164638,-0.0000033047,-0.7271142602,0,-300.6,-487.2,2002.3,1,0.8955109715,0.2543764114,0.3651750684,-0.3083724678,0.9463040233,0.0970314667,-0.3208841383,-0.1995026618,0.9258682728,1,-216.2,-123.0,2195.7,1,0.5740658641,0.0000106578,0.8188091516,-0.0000028711,1.0000000000,-0.0000110033,-0.8188091516,0.0000039657,0.5740658641,0,-313.9,-486.5,2272.3,1,-414.4,-256.4,2055.7,0,-176.9,-243.1,2157.2,0,-300.6,-856.6,2002.3,0,-313.9,-855.9,2272.3,0,
14,0.9209243059,-0.0010537438,-0.3897452950,0.0614458695,0.9878818393,0.1425183415,0.3848711550,-0.1551965177,0.9098305106,1,-296.0,451.4,2070.7,1,0.9209243059,-0.0010537438,-0.3897452950,0.0614458695,0.9878818393,0.1425183415,0.3848711550,-0.1551965177,0.9098305106,1,-295.8,253.7,2101.8,1,0.9209119081,0.0045226086,-0.3897497356,0.0543929748,0.9886561632,0.1399931908,0.3859606087,-0.1501207352,0.9102205634,1,-296.6,63.8,2130.6,1,-0.0000033379,-1.0000003576,0.0000000000,1.0000003576,-0.0000033379,0.0000000000,-0.0000000000,0.0000000000,1.0000000000,0,-414.9,246.6,2051.9,1,0.0000170469,-0.9999990463,0.0000000225,0.9999990463,0.0000170469,-0.0000000248,0.0000000248,0.0000000225,1.0000000000,0,-414.9,-4.5,2051.9,0,-0.0000026226,1.0000003576,-0.0000000000,-1.0000003576,-0.0000026226,0.0000000000,0.0000000000,0.0000000000,1.0000000000,0,-176.6,260.7,2151.7,1,0.0000197291,0.9999990463,-0.0000000000,-0.9999990463,0.0000197291,-0.0000000000,-0.0000000000,0.0000000000,1.0000000000,0,-176.6,9.5,2151.7,0,0.4096758664,-0.1943342388,-0.8912912011,-0.2073960155,0.9316177368,-0.2984550297,0.8883427382,0.3071200550,0.3413571417,1,-379.1,-130.9,2125.2,1,-0.7202491164,-0.0000004957,-0.6937155128,0.0000005600,1.0000000000,-0.0000012960,0.6937155128,-0.0000013219,-0.7202491164,0,-304.5,-488.8,2007.3,1,0.8909335732,0.2661649585,0.3679585755,-0.3165565729,0.9449400902,0.0829466507,-0.3256213665,-0.1903796941,0.9261351228,1,-215.9,-121.2,2193.7,1,0.5706350803,0.0000052876,0.8212037086,-0.0000019317,1.0000000000,-0.0000050965,-0.8212037086,0.0000013219,0.5706350803,0,-318.1,-484.2,2266.8,1,-414.9,-255.7,2051.9,0,-176.6,-241.6,2151.7,0,-304.5,-858.1,2007.3,0,-318.1,-853.6,2266.8,0,
15,0.9152109027,0.0017448300,-0.4029763937,0.0653452277,0.9861122966,0.1526766568,0.3976453841,-0.1660636067,0.9023880959,1,-294.9,450.8,2062.2,1,0.9152109027,0.0017448300,-0.4029763937,0.0653452277,0.9861122966,0.1526766568,0.3976453841,-0.1660636067,0.9023880959,1,-295.2,253.7,2095.3,1,0.9151562452,0.0097281123,-0.4029870331,0.0559349097,0.9869717956,0.1508495808,0.3992033005,-0.1605916768,0.9026905894,1,-297.1,64.2,2126.2,1,-0.0000033379,-1.0000003576,0.0000000000,1.0000003576,-0.0000033379,0.0000000000,-0.0000000000,0.0000000000,1.0000000000,0,-413.6,246.5,2043.7,1,0.0000170469,-0.9999990463,0.0000000202,0.9999990463,0.0000170469,-0.0000000223,0.0000000223,0.0000000202,1.0000000000,0,-413.6,-4.7,2043.7,0,-0.0000026226,1.0000003576,-0.0000000000,-1.0000003576,-0.0000026226,0.0000000000,0.0000000000,0.0000000000,1.0000000000,0,-176.9,261.0,2147.0,1,0.0000197291,0.9999990463,-0.0000000000,-0.9999990463,0.0000197291,-0.0000000000,-0.0000000000,0.0000000000,1.0000000000,0,-176.9,9.8,2147.0,0,0.3957655430,-0.1837071776,-0.8997896910,-0.2242288589,0.9308029413,-0.2886644304,0.8905566931,0.3160021305,0.3271872401,1,-380.1,-130.3,2121.6,1,-0.7296277881,-0.0000002479,-0.6838445067,0.0000002711,1.0000000000,-0.0000006517,0.6838445067,-0.0000006609,-0.7296277881,0,-309.5,-487.9,2000.2,1,0.8951994181,0.2720896304,0.3529660702,-0.3196974397,0.9438565373,0.0832357332,-0.3105018437,-0.1873549521,0.9319263697,1,-217.9,-120.4,2192.4,1,0.5846716166,0.0000026438,0.8112699986,-0.0000004733,1.0000000000,-0.0000029177,-0.8112699986,0.0000013219,0.5846716166,0,-322.4,-483.0,2264.4,1,-413.6,-255.9,2043.7,0,-176.9,-241.4,2147.0,0,-309.5,-857.3,2000.2,0,-322.4,-852.3,2264.4,0,
16,0.9121611714,0.0064430195,-0.4097859263,0.0633789748,0.9856293201,0.1565746814,0.4049047828,-0.1687928438,0.8986457586,1,-293.1,448.3,2058.4,1,0.9121611714,0.0064430195,-0.4097859263,0.0633789748,0.9856293201,0.1565746814,0.4049047828,-0.1687928438,0.8986457586,1,-294.3,251.5,2092.1,1,0.9120655060,0.0140844341,-0.4098075330,0.0541868582,0.9865041971,0.1545022726,0.4064518511,-0.1631220877,0.8989945650,1,-297.0,62.1,2123.4,1,-0.0000033379,-1.0000003576,0.0000000000,1.0000003576,-0.0000033379,0.0000000000,-0.0000000000,0.0000000000,1.0000000000,0,-412.3,244.5,2039.5,1,0.0000170469,-0.9999990463,0.0000000182,0.9999990463,0.0000170469,-0.0000000201,0.0000000201,0.0000000182,1.0000000000,0,-412.3,-6.7,2039.5,0,-0.0000026226,1.0000003576,-0.0000000000,-1.0000003576,-0.0000026226,0.0000000000,0.0000000000,0.0000000000,1.0000000000,0,-176.4,258.5,2144.6,1,0.0000197291,0.9999990463,-0.0000000000,-0.9999990463,0.0000197291,-0.0000000000,-0.0000000000,0.0000000000,1.0000000000,0,-176.4,7.3,2144.6,0,0.3871586919,-0.1766372919,-0.9049351215,-0.2301817536,0.9318827391,-0.2803760767,0.8928183317,0.3168495297,0.3201279044,1,-380.6,-132.2,2118.7,1,-0.7350593209,-0.0000001652,-0.6780028343,0.0000001026,1.0000000000,-0.0000003549,0.6780028343,-0.0000003305,-0.7350593209,0,-312.7,-490.2,1997.0,1,0.8993269205,0.2693167031,0.3444993496,-0.3122917712,0.9470292926,0.0748956650,-0.3060804009,-0.1749399900,0.9357942939,1,-218.9,-122.6,2190.7,1,0.5924319625,0.0000013219,0.8056204319,-0.0000002507,1.0000000000,-0.0000014565,-0.8056204319,0.0000006609,0.5924319625,0,-322.4,-486.4,2258.0,1,-412.3,-257.9,2039.5,0,-176.4,-243.8,2144.6,0,-312.7,-859.6,1997.0,0,-322.4,-855.8,2258.0,0,
17,0.9150277972,0.0053303810,-0.4033605158,0.0658299774,0.9845343828,0.1623461992,0.3979865611,-0.1751042008,0.9005267620,1,-293.4,446.1,2051.0,1,0.9150277972,0.0053303810,-0.4033605158,0.0658299774,0.9845343828,0.1623461992,0.3979865611,-0.1751042008,0.9005267620,1,-294.4,249.4,2086.0,1,0.9149484038,0.0130470237,-0.4033648372,0.0573211536,0.9851421714,0.1618855894,0.3994827271,-0.1712380350,0.9006077647,1,-296.9,60.2,2118.9,1,-0.0000033379,-1.0000003576,0.0000000000,1.0000003576,-0.0000033379,0.0000000000,-0.0000000000,0.0000000000,1.0000000000,0,-412.8,241.9,2034.3,1,0.0000170469,-0.9999990463,0.0000000164,0.9999990463,0.0000170469,-0.0000000180,0.0000000180,0.0000000164,1.0000000000,0,-412.8,-9.2,2034.3,0,-0.0000026226,1.0000003576,-0.0000000000,-1.0000003576,-0.0000026226,0.0000000000,0.0000000000,0.0000000000,1.0000000000,0,-176.1,256.8,2137.6,1,0.0000197291,0.9999990463,-0.0000000000,-0.9999990463,0.0000197291,-0.0000000000,-0.0000000000,0.0000000000,1.0000000000,0,-176.1,5.6,2137.6,0,0.3924085796,-0.1652173698,-0.9048309326,-0.2317672968,0.9342319965,-0.2710990310,0.8901122808,0.3160917163,0.3283086121,1,-380.5,-134.1,2116.3,1,-0.7285307646,-0.0000000826,-0.6850131154,0.0000001662,1.0000000000,-0.0000002974,0.6850131154,-0.0000003305,-0.7285307646,0,-317.0,-493.0,1994.9,1,0.9351374507,0.2219564468,0.2761399746,-0.2496447414,0.9658716321,0.0690617859,-0.2513870597,-0.1335191578,0.9586329460,0,-218.4,-123.9,2187.1,1,0.6651886702,0.0000011688,0.7466752529,-0.0000002887,1.0000000000,-0.0000013080,-0.7466752529,0.0000006545,0.6651886702,0,-303.6,-495.0,2238.4,0,-412.8,-260.4,2034.3,0,-176.1,-245.6,2137.6,0,-317.0,-862.4,1994.9,0,-303.6,-864.4,2238.4,0,
18,0.9154513478,-0.0012927670,-0.4024315476,0.0696720704,0.9854023457,0.1553241611,0.3963551223,-0.1702296585,0.9021794200,1,-295.0,446.7,2046.8,1,0.9154513478,-0.0012927670,-0.4024315476,0.0696720704,0.9854023457,0.1553241611,0.3963551223,-0.1702296585,0.9021794200,1,-294.7,249.3,2080.9,1,0.9154358506,0.0060466733,-0.4024234414,0.0632510409,0.9852994084,0.1586884409,0.3974660337,-0.1707224995,0.9015973806,1,-295.9,60.0,2113.7,1,-0.0000033379,-1.0000003576,0.0000000000,1.0000003576,-0.0000033379,0.0000000000,-0.0000000000,0.0000000000,1.0000000000,0,-413.1,241.1,2029.5,1,0.0000170469,-0.9999990463,0.0000000148,0.9999990463,0.0000170469,-0.0000000162,0.0000000162,0.0000000148,1.0000000000,0,-413.1,-10.1,2029.5,0,-0.0000026226,1.0000003576,-0.0000000000,-1.0000003576,-0.0000026226,0.0000000000,0.0000000000,0.0000000000,1.0000000000,0,-176.3,257.4,2132.3,1,0.0000197291,0.9999990463,-0.0000000000,-0.9999990463,0.0000197291,-0.0000000000,-0.0000000000,0.0000000000,1.0000000000,0,-176.3,6.3,2132.3,0,0.3938383460,-0.1530347764,-0.9063507318,-0.2484317124,0.9316233993,-0.2652535439,0.8849706650,0.3296333253,0.3288903236,1,-378.2,-134.8,2111.3,1,-0.7256264687,0.0000000000,-0.6880887747,0.0000002274,1.0000000000,-0.0000002398,0.6880887747,-0.0000003305,-0.7256264687,0,-319.4,-492.7,1984.6,1,0.8946011066,0.2755668759,0.3517837226,-0.3226394355,0.9429796338,0.0818105936,-0.3091805875,-0.1866871268,0.9324994087,1,-215.9,-123.6,2181.7,1,0.5857351422,-0.0007159036,0.8105021715,-0.0023310115,0.9999939203,0.0025678584,-0.8104990721,-0.0033933746,0.5857300162,0,-321.8,-485.8,2253.4,1,-413.1,-261.3,2029.5,0,-176.3,-244.9,2132.3,0,-319.4,-862.0,1984.6,0,-321.5,-855.2,2254.7,0,
19,0.9023692012,-0.0090339584,-0.4308739305,0.0836665109,0.9844300747,0.1545802951,0.4227677584,-0.1755378991,0.8890765905,1,-295.6,446.1,2039.7,1,0.9023692012,-0.0090339584,-0.4308739305,0.0836665109,0.9844300747,0.1545802951,0.4227677584,-0.1755378991,0.8890765905,1,-293.8,248.2,2075.0,1,0.9024088383,-0.0007924304,-0.4308848679,0.0757187903,0.9847275019,0.1567677855,0.4241788983,-0.1740943938,0.8886881471,1,-293.6,59.1,2108.4,1,-0.0000033379,-1.0000003576,0.0000000000,1.0000003576,-0.0000033379,0.0000000000,-0.0000000000,0.0000000000,1.0000000000,0,-410.5,238.4,2020.2,1,0.0000170469,-0.9999990463,0.0000000133,0.9999990463,0.0000170469,-0.0000000146,0.0000000146,0.0000000133,1.0000000000,0,-410.5,-12.8,2020.2,0,-0.0000026226,1.0000003576,-0.0000000000,-1.0000003576,-0.0000026226,0.0000000000,0.0000000000,0.0000000000,1.0000000000,0,-177.1,257.9,2129.9,1,0.0000197291,0.9999990463,-0.0000000000,-0.9999990463,0.0000197291,-0.0000000000,-0.0000000000,0.0000000000,1.0000000000,0,-177.1,6.8,2129.9,0,0.3617390990,-0.1307564974,-0.9230642915,-0.2500262558,0.9402376413,-0.2311718166,0.8981269002,0.3144141734,0.3074281216,1,-374.0,-136.8,2104.0,1,-0.7394683361,0.0000000000,-0.6731913090,-0.0000000000,1.0000000000,0.0000000000,0.6731913090,-0.0000000000,-0.7394683361,0,-323.8,-498.0,1983.2,1,0.9320670366,0.2275471687,0.2819101214,-0.2578869760,0.9632486105,0.0751424804,-0.2544510961,-0.1427387893,0.9564937353,0,-212.9,-123.3,2179.7,1,0.6596010327,-0.0005029343,0.7516156435,-0.0020006979,0.9999950528,0.0024249011,-0.7516131401,-0.0031032234,0.6595968008,0,-300.3,-493.3,2234.6,0,-410.5,-264.0,2020.2,0,-177.1,-244.4,2129.9,0,-323.8,-867.4,1983.2,0,-300.1,-862.7,2235.7,0,
20,0.8894357085,-0.0120992735,-0.4569045007,0.0942727700,0.9830100536,0.1574852020,0.4472352266,-0.1831462979,0.8754664063,1,-294.0,443.7,2031.2,1,0.8894357085,-0.0120992735,-0.4569045007,0.0942727700,0.9830100536,0.1574852020,0.4472352266,-0.1831462979,0.8754664063,1,-291.6,245.6,2068.1,1,0.8895083666,0.0000257571,-0.4569232762,0.0824389681,0.9835790396,0.1605420262,0.4494232833,-0.1804714501,0.8749011755,1,-291.6,56.7,2102.7,1,-0.0000033379,-1.0000003576,0.0000000000,1.0000003576,-0.0000033379,0.0000000000,-0.0000000000,0.0000000000,1.0000000000,0,-406.6,234.9,2010.0,1,0.0000170469,-0.9999990463,0.0000000119,0.9999990463,0.0000170469,-0.0000000132,0.0000000132,0.0000000119,1.0000000000,0,-406.6,-16.3,2010.0,0,-0.0000026226,1.0000003576,-0.0000000000,-1.0000003576,-0.0000026226,0.0000000000,0.0000000000,0.0000000000,1.0000000000,0,-176.6,256.2,2126.2,1,0.0000197291,0.9999990463,-0.0000000000,-0.9999990463,0.0000197291,-0.0000000000,-0.0000000000,0.0000000000,1.0000000000,0,-176.6,5.1,2126.2,0,0.3275315166,-0.0977935791,-0.9397658110,-0.2559190392,0.9482666850,-0.1878722161,0.9095212221,0.3020379841,0.2855598330,1,-370.7,-139.5,2097.4,1,-0.7530984282,0.0000000000,-0.6579077840,-0.0000000000,1.0000000000,0.0000000000,0.6579077840,-0.0000000000,-0.7530984282,0,-333.1,-503.8,1981.4,1,0.9155529737,0.2759014070,0.2926449478,-0.3107415438,0.9471914768,0.0791706741,-0.2553475201,-0.1634218842,0.9529380798,1,-212.5,-124.9,2177.3,1,0.6371912360,-0.0044873497,0.7706926465,0.0006912355,0.9999859333,0.0052509098,-0.7707053423,-0.0028131036,0.6371853948,0,-318.5,-488.8,2240.1,1,-406.6,-267.4,2010.0,0,-176.6,-246.1,2126.2,0,-333.1,-873.2,1981.4,0,-316.8,-858.1,2241.2,0,
21,0.8836959600,-0.0168678481,-0.4677615464,0.1014125496,0.9825109839,0.1561583132,0.4569457769,-0.1854330301,0.8699530959,1,-296.0,441.1,2023.9,1,0.8836959600,-0.0168678481,-0.4677615464,0.1014125496,0.9825109839,0.1561583132,0.4569457769,-0.1854330301,0.8699530959,1,-292.6,243.3,2061.2,1,0.8838388920,-0.0050893729,-0.4677680135,0.0886167735,0.9836555123,0.1567372382,0.4593239129,-0.1799822450,0.8698455095,1,-291.7,54.4,2095.8,1,-0.0000033379,-1.0000003576,0.0000000000,1.0000003576,-0.0000033379,0.0000000000,-0.0000000000,0.0000000000,1.0000000000,0,-406.9,231.9,2001.8,1,0.0000170469,-0.9999990463,0.0000000108,0.9999990463,0.0000170469,-0.0000000118,0.0000000118,0.0000000108,1.0000000000,0,-406.9,-19.3,2001.8,0,-0.0000026226,1.0000003576,-0.0000000000,-1.0000003576,-0.0000026226,0.0000000000,0.0000000000,0.0000000000,1.0000000000,0,-178.3,254.8,2120.6,1,0.0000197291,0.9999990463,-0.0000000000,-0.9999990463,0.0000197291,-0.0000000000,-0.0000000000,0.0000000000,1.0000000000,0,-178.3,3.6,2120.6,0,0.3123599291,-0.0748013854,-0.9470142722,-0.2659075260,0.9501597285,-0.1627558470,0.9119892120,0.3026566207,0.2769016623,1,-368.1,-142.2,2090.1,1,-0.7567633986,0.0000000000,-0.6536888480,-0.0000000000,1.0000000000,0.0000000000,0.6536888480,-0.0000000000,-0.7567633986,0,-339.4,-507.2,1973.8,1,0.9456487298,0.2261239141,0.2337016463,-0.2485475093,0.9660117030,0.0710320324,-0.2096964717,-0.1252573133,0.9697102904,0,-213.2,-126.7,2170.6,1,0.7024564743,-0.0039477637,0.7117156386,0.0008345280,0.9999884963,0.0047230911,-0.7117261291,-0.0027238191,0.7024517059,0,-300.1,-497.8,2218.7,0,-406.9,-270.5,2001.8,0,-178.3,-247.6,2120.6,0,-339.4,-876.6,1973.8,0,-298.6,-867.2,2219.7,0,
22,0.8848624229,-0.0118066976,-0.4657069743,0.0994593874,0.9814163446,0.1640955955,0.4551140070,-0.1915206164,0.8695943356,1,-297.4,438.0,2013.2,1,0.8848624229,-0.0118066976,-0.4657069743,0.0994593874,0.9814163446,0.1640955955,0.4551140070,-0.1915206164,0.8695943356,1,-295.0,241.2,2051.6,1,0.8849369287,-0.0042319302,-0.4656958282,0.0903373137,0.9825243950,0.1627344638,0.4568678737,-0.1860791445,0.8698560596,1,-294.2,52.5,2087.4,1,-0.0000033379,-1.0000003576,0.0000000000,1.0000003576,-0.0000033379,0.0000000000,-0.0000000000,0.0000000000,1.0000000000,0,-409.4,229.5,1992.6,1,0.0000170469,-0.9999990463,0.0000000097,0.9999990463,0.0000170469,-0.0000000107,0.0000000107,0.0000000097,1.0000000000,0,-409.4,-21.6,1992.6,0,-0.0000026226,1.0000003576,-0.0000000000,-1.0000003576,-0.0000026226,0.0000000000,0.0000000000,0.0000000000,1.0000000000,0,-180.5,252.9,2110.7,1,0.0000197291,0.9999990463,-0.0000000000,-0.9999990463,0.0000197291,-0.0000000000,-0.0000000000,0.0000000000,1.0000000000,0,-180.5,1.7,2110.7,0,0.3084202409,-0.0477678180,-0.9500501156,-0.2669381499,0.9542623758,-0.1346372962,0.9130284786,0.2951294184,0.2815628350,1,-371.3,-144.1,2082.9,1,-0.7521841526,0.0000000000,-0.6589530110,-0.0000000000,1.0000000000,0.0000000000,0.6589530110,-0.0000000000,-0.7521841526,0,-353.0,-510.7,1969.5,1,0.9134569168,0.2967308462,0.2784725726,-0.3250375986,0.9437596798,0.0605634749,-0.2448401749,-0.1458362043,0.9585326910,1,-215.4,-128.2,2163.4,1,0.6465557218,-0.0036746396,0.7628579140,0.0032502082,0.9999926686,0.0020622078,-0.7628598809,0.0011461148,0.6465628743,0,-329.4,-490.7,2219.4,1,-409.4,-272.8,1992.6,0,-180.5,-249.5,2110.7,0,-353.0,-880.1,1969.5,0,-328.0,-860.1,2219.0,0,
23,0.8843071461,-0.0114341835,-0.4667696357,0.1015655249,0.9804710150,0.1684002131,0.4557276070,-0.1963248849,0.8682004809,1,-299.6,438.7,2001.4,1,0.8843071461,-0.0114341835,-0.4667696357,0.1015655249,0.9804710150,0.1684002131,0.4557276070,-0.1963248849,0.8682004809,1,-297.3,241.6,2040.9,1,0.8843857050,-0.0028117704,-0.4667524695,0.0907498151,0.9819341898,0.1660339981,0.4578523934,-0.1891954988,0.8686653376,1,-296.7,53.1,2077.2,1,-0.0000033379,-1.0000003576,0.0000000000,1.0000003576,-0.0000033379,0.0000000000,-0.0000000000,0.0000000000,1.0000000000,0,-411.6,229.9,1981.6,1,0.0000170469,-0.9999990463,0.0000000087,0.9999990463,0.0000170469,-0.0000000096,0.0000000096,0.0000000087,1.0000000000,0,-411.6,-21.3,1981.6,0,-0.0000026226,1.0000003576,-0.0000000000,-1.0000003576,-0.0000026226,0.0000000000,0.0000000000,0.0000000000,1.0000000000,0,-182.9,253.4,2100.1,1,0.0000197291,0.9999990463,-0.0000000000,-0.9999990463,0.0000197291,-0.0000000000,-0.0000000000,0.0000000000,1.0000000000,0,-182.9,2.2,2100.1,0,0.3067462444,-0.0461688936,-0.9506710172,-0.2702420652,0.9534915090,-0.1335029602,0.9126205444,0.2978627682,0.2800031602,1,-374.3,-143.5,2073.1,1,-0.7533456087,0.0000000000,-0.6576249003,-0.0000000000,1.0000000000,0.0000000000,0.6576249003,-0.0000000000,-0.7533456087,0,-356.6,-509.8,1958.6,1,0.9124418497,0.2998101115,0.2785028219,-0.3313072026,0.9407135248,0.0727573112,-0.2401778996,-0.1586567760,0.9576756358,1,-218.0,-127.5,2154.0,1,0.6472216249,-0.0018373003,0.7622995973,0.0016259805,0.9999981523,0.0010296828,-0.7623000741,0.0005730513,0.6472234130,0,-333.2,-488.9,2214.9,1,-411.6,-272.5,1981.6,0,-182.9,-249.0,2100.1,0,-356.6,-879.2,1958.6,0,-332.5,-858.2,2214.7,0,
