1,0.9668809175,-0.0617917739,-0.2476356328,0.1197166815,0.9666929245,0.2262116969,0.2254099548,-0.2483662665,0.9420746565,1,-385.1,373.9,1776.6,1,0.9668809175,-0.0617917739,-0.2476356328,0.1197166815,0.9666929245,0.2262116969,0.2254099548,-0.2483662665,0.9420746565,1,-372.6,179.3,1826.6,1,0.9675303102,-0.0591007136,-0.2457487434,0.1092883945,0.9745116830,0.1959134638,0.2279067487,-0.2164100856,0.9493288398,1,-361.2,-9.8,1868.6,1,-0.0000026226,-1.0000003576,0.0000000003,1.0000003576,-0.0000026226,0.0000000006,-0.0000000006,0.0000000003,1.0000000000,0,-499.6,164.9,1796.7,1,0.0000317097,-0.9999990463,0.0000132501,0.9999990463,0.0000317097,0.0000271863,-0.0000271867,0.0000132493,1.0000000000,0,-499.6,-88.8,1796.7,0,0.2590207756,0.8217428327,0.5075893402,-0.9402139783,0.0941908881,0.3273005784,0.2211466134,-0.5620202422,0.7970115542,1,-245.7,193.6,1856.5,1,0.0158523824,0.8216549158,0.5697647333,-0.9843317866,0.1129069030,-0.1354357749,-0.1756118238,-0.5586906075,0.8105710149,1,-183.3,-33.1,1909.8,1,1.0000000000,-0.0000000000,-0.0000000000,0.0000000000,1.0000000000,-0.0000000000,0.0000000000,0.0000000000,1.0000000000,0,-436.3,-208.7,1890.2,1,1.0000000000,-0.0000000597,-0.0000000385,0.0000000597,1.0000000000,-0.0000000597,0.0000000385,0.0000000597,1.0000000000,0,-436.3,-596.8,1890.2,0,1.0000000000,-0.0000000000,-0.0000000000,0.0000000000,1.0000000000,0.0000000000,0.0000000000,-0.0000000000,1.0000000000,0,-263.0,-189.1,1931.0,1,1.0000000000,-0.0000001205,-0.0000000410,0.0000001205,1.0000000000,0.0000000108,0.0000000410,-0.0000000108,1.0000000000,0,-263.0,-577.2,1931.0,0,-499.6,-342.6,1796.7,0,-179.2,-282.8,1865.3,1,-436.3,-970.0,1890.2,0,-263.0,-950.4,1931.0,0,
2,0.9651806951,-0.0736575723,-0.2509998083,0.1269097328,0.9708992839,0.2030947208,0.2287364155,-0.2278778106,0.9464414716,1,-387.3,373.2,1783.8,1,0.9651806951,-0.0736575723,-0.2509998083,0.1269097328,0.9708992839,0.2030947208,0.2287364155,-0.2278778106,0.9464414716,1,-372.5,178.2,1829.6,1,0.9659807682,-0.0695116371,-0.2490972281,0.1160227358,0.9773106575,0.1772049963,0.2311279178,-0.2000779510,0.9521285295,1,-359.1,-11.4,1868.4,1,-0.0000026226,-1.0000003576,0.0000000002,1.0000003576,-0.0000026226,0.0000000005,-0.0000000005,0.0000000002,1.0000000000,0,-499.3,163.0,1799.3,1,0.0000303984,-0.9999990463,0.0000119251,0.9999990463,0.0000303984,0.0000244676,-0.0000244680,0.0000119243,1.0000000000,0,-499.3,-90.8,1799.3,0,0.2636944354,0.8235867620,0.5021655560,-0.9408701062,0.1048270762,0.3221408725,0.2126703858,-0.5574193001,0.8025304675,1,-245.8,193.4,1859.9,1,0.0131370043,0.8235796690,0.5670485497,-0.9826937318,0.1154263318,-0.1448784620,-0.1847712696,-0.5553317666,0.8108429313,1,-182.6,-32.2,1910.9,1,1.0000000000,-0.0000000000,-0.0000000000,0.0000000000,1.0000000000,-0.0000000000,0.0000000000,0.0000000000,1.0000000000,0,-432.1,-211.4,1886.5,1,1.0000000000,-0.0000000538,-0.0000000346,0.0000000538,1.0000000000,-0.0000000537,0.0000000346,0.0000000537,1.0000000000,0,-432.1,-599.5,1886.5,0,1.0000000000,-0.0000000000,-0.0000000000,0.0000000000,1.0000000000,0.0000000000,0.0000000000,-0.0000000000,1.0000000000,0,-259.1,-190.7,1927.9,1,1.0000000000,-0.0000001084,-0.0000000369,0.0000001084,1.0000000000,0.0000000097,0.0000000369,-0.0000000097,1.0000000000,0,-259.1,-578.8,1927.9,0,-499.3,-344.6,1799.3,0,-179.3,-281.5,1864.0,1,-432.1,-972.7,1886.5,0,-259.1,-951.9,1927.9,0,
3,0.9663466811,-0.0762995183,-0.2456676513,0.1281677634,0.9708303213,0.2026339024,0.2230410874,-0.2273016274,0.9479382038,1,-387.8,372.9,1783.9,1,0.9663466811,-0.0762995183,-0.2456676513,0.1281677634,0.9708303213,0.2026339024,0.2230410874,-0.2273016274,0.9479382038,1,-372.5,178.1,1829.5,1,0.9670088291,-0.0743318498,-0.2436572462,0.1196057871,0.9769813418,0.1766375303,0.2249191552,-0.1999532431,0.9536404610,1,-358.0,-11.5,1868.3,1,-0.0000026226,-1.0000003576,0.0000000002,1.0000003576,-0.0000026226,0.0000000004,-0.0000000004,0.0000000002,1.0000000000,0,-499.3,162.4,1800.0,1,0.0000292063,-0.9999990463,0.0000107325,0.9999990463,0.0000292063,0.0000220209,-0.0000220212,0.0000107319,1.0000000000,0,-499.3,-91.4,1800.0,0,0.2682129443,0.8200405836,0.5055643916,-0.9393426776,0.1061676666,0.3261346519,0.2137690485,-0.5623717308,0.7987746000,1,-245.6,193.8,1859.0,1,0.0116301347,0.8201096058,0.5720883608,-0.9829015732,0.1145198569,-0.1441867054,-0.1837643832,-0.5606296062,0.8074188232,1,-181.1,-32.2,1910.4,1,1.0000000000,-0.0000000000,-0.0000000000,0.0000000000,1.0000000000,-0.0000000000,0.0000000000,0.0000000000,1.0000000000,0,-430.2,-211.8,1886.9,1,1.0000000000,-0.0000000484,-0.0000000312,0.0000000484,1.0000000000,-0.0000000483,0.0000000312,0.0000000483,1.0000000000,0,-430.2,-599.9,1886.9,0,1.0000000000,-0.0000000000,-0.0000000000,0.0000000000,1.0000000000,0.0000000000,0.0000000000,-0.0000000000,1.0000000000,0,-257.0,-190.3,1927.2,1,1.0000000000,-0.0000000976,-0.0000000332,0.0000000976,1.0000000000,0.0000000087,0.0000000332,-0.0000000087,1.0000000000,0,-257.0,-578.4,1927.2,0,-499.3,-345.1,1800.0,0,-178.1,-281.6,1863.8,1,-430.2,-973.0,1886.9,0,-257.0,-951.6,1927.2,0,
4,0.9639053345,-0.0772551373,-0.2547908425,0.1347252727,0.9669423699,0.2164957374,0.2296430022,-0.2430084944,0.9424494505,1,-386.7,371.6,1779.4,1,0.9639053345,-0.0772551373,-0.2547908425,0.1347252727,0.9669423699,0.2164957374,0.2296430022,-0.2430084944,0.9424494505,1,-371.2,177.3,1828.2,1,0.9647656083,-0.0747773871,-0.2522615492,0.1237364858,0.9750707746,0.1841876060,0.2322001606,-0.2089121789,0.9499678016,1,-356.7,-11.8,1868.8,1,-0.0000026226,-1.0000003576,0.0000000002,1.0000003576,-0.0000026226,0.0000000003,-0.0000000003,0.0000000002,1.0000000000,0,-497.8,161.1,1797.8,1,0.0000280142,-0.9999990463,0.0000096593,0.9999990463,0.0000280142,0.0000198188,-0.0000198190,0.0000096587,1.0000000000,0,-497.8,-92.6,1797.8,0,0.2685095966,0.8230765462,0.5004474521,-0.9393492341,0.1086544693,0.3252955675,0.2133673131,-0.5574399233,0.8023310900,1,-244.6,193.6,1858.7,1,0.0111439610,0.8231654167,0.5676922202,-0.9832057357,0.1124440581,-0.1437455863,-0.1821600199,-0.5565563440,0.8105940819,1,-180.3,-31.3,1909.8,1,1.0000000000,-0.0000000000,-0.0000000000,0.0000000000,1.0000000000,-0.0000000000,0.0000000000,0.0000000000,1.0000000000,0,-428.6,-212.1,1888.5,1,1.0000000000,-0.0000000435,-0.0000000281,0.0000000435,1.0000000000,-0.0000000435,0.0000000281,0.0000000435,1.0000000000,0,-428.6,-600.2,1888.5,0,1.0000000000,-0.0000000000,-0.0000000000,0.0000000000,1.0000000000,0.0000000000,0.0000000000,-0.0000000000,1.0000000000,0,-255.8,-190.0,1930.1,1,1.0000000000,-0.0000000878,-0.0000000299,0.0000000878,1.0000000000,0.0000000078,0.0000000299,-0.0000000078,1.0000000000,0,-255.8,-578.1,1930.1,0,-497.8,-346.4,1797.8,0,-177.5,-280.8,1863.5,1,-428.6,-973.4,1888.5,0,-255.8,-951.2,1930.1,0,
5,0.9616051316,-0.0849320516,-0.2609641850,0.1382629275,0.9713388681,0.1933466047,0.2370636761,-0.2220050991,0.9457878470,1,-388.8,372.1,1785.2,1,0.9616051316,-0.0849320516,-0.2609641850,0.1382629275,0.9713388681,0.1933466047,0.2370636761,-0.2220050991,0.9457878470,1,-371.7,177.3,1829.7,1,0.9625703692,-0.0797744840,-0.2590259612,0.1268436611,0.9771732092,0.1704171300,0.2395186424,-0.1968946457,0.9507173300,1,-356.3,-12.3,1867.9,1,-0.0000026226,-1.0000003576,0.0000000001,1.0000003576,-0.0000026226,0.0000000002,-0.0000000002,0.0000000001,1.0000000000,0,-498.0,160.7,1798.3,1,0.0000270009,-0.9999990463,0.0000086933,0.9999990463,0.0000270009,0.0000178369,-0.0000178371,0.0000086928,1.0000000000,0,-498.0,-93.1,1798.3,0,0.2723861635,0.8268641829,0.4920380712,-0.9389604926,0.1167433783,0.3236110508,0.2101401985,-0.5501514673,0.8081921339,1,-245.5,193.9,1861.1,1,0.0065099504,0.8270279169,0.5621231198,-0.9809176922,0.1145147905,-0.1571207494,-0.1943146735,-0.5503736138,0.8119917512,1,-180.1,-31.4,1911.6,1,1.0000000000,-0.0000000000,-0.0000000000,0.0000000000,1.0000000000,-0.0000000000,0.0000000000,0.0000000000,1.0000000000,0,-427.0,-213.3,1884.7,1,1.0000000000,-0.0000000392,-0.0000000253,0.0000000392,1.0000000000,-0.0000000392,0.0000000253,0.0000000392,1.0000000000,0,-427.0,-601.4,1884.7,0,1.0000000000,-0.0000000000,-0.0000000000,0.0000000000,1.0000000000,0.0000000000,0.0000000000,-0.0000000000,1.0000000000,0,-254.6,-190.5,1927.6,1,1.0000000000,-0.0000000790,-0.0000000269,0.0000000790,1.0000000000,0.0000000071,0.0000000269,-0.0000000071,1.0000000000,0,-254.6,-578.6,1927.6,0,-498.0,-346.9,1798.3,0,-178.5,-280.3,1862.3,1,-427.0,-974.5,1884.7,0,-254.6,-951.8,1927.6,0,
6,0.9582468271,-0.0823204666,-0.2738368809,0.1426530033,0.9676029086,0.2083110213,0.2478174716,-0.2386773527,0.9389460087,1,-387.1,371.7,1780.6,1,0.9582468271,-0.0823204666,-0.2738368809,0.1426530033,0.9676029086,0.2083110213,0.2478174716,-0.2386773527,0.9389460087,1,-370.5,177.2,1828.6,1,0.9591974616,-0.0792581663,-0.2714011967,0.1312232465,0.9750531316,0.1790267378,0.2504416108,-0.2073365003,0.9456694126,1,-355.1,-12.0,1868.8,1,-0.0000026226,-1.0000003576,0.0000000001,1.0000003576,-0.0000026226,0.0000000002,-0.0000000002,0.0000000001,1.0000000000,0,-496.3,159.9,1795.7,1,0.0000259876,-0.9999990463,0.0000078240,0.9999990463,0.0000259876,0.0000160532,-0.0000160534,0.0000078236,1.0000000000,0,-496.3,-93.8,1795.7,0,0.2697111070,0.8325527906,0.4838512540,-0.9392194748,0.1166023165,0.3229099214,0.2124213278,-0.5415349007,0.8133985996,1,-244.7,194.4,1861.4,1,0.0085934205,0.8327075243,0.5536464453,-0.9808788896,0.1146725491,-0.1572476178,-0.1944293231,-0.5417088270,0.8177706599,1,-179.9,-31.1,1912.4,1,1.0000000000,-0.0000000000,-0.0000000000,0.0000000000,1.0000000000,-0.0000000000,0.0000000000,0.0000000000,1.0000000000,0,-425.7,-213.0,1886.6,1,1.0000000000,-0.0000000353,-0.0000000227,0.0000000353,1.0000000000,-0.0000000352,0.0000000227,0.0000000352,1.0000000000,0,-425.7,-601.1,1886.6,0,1.0000000000,-0.0000000000,-0.0000000000,0.0000000000,1.0000000000,0.0000000000,0.0000000000,-0.0000000000,1.0000000000,0,-253.9,-189.5,1931.4,1,1.0000000000,-0.0000000711,-0.0000000242,0.0000000711,1.0000000000,0.0000000064,0.0000000242,-0.0000000064,1.0000000000,0,-253.9,-577.6,1931.4,0,-496.3,-347.6,1795.7,0,-177.8,-280.0,1863.1,1,-425.7,-974.2,1886.6,0,-253.9,-950.7,1931.4,0,
7,0.9599835277,-0.0786086023,-0.2687984705,0.1361795217,0.9697117805,0.2027630508,0.2447184771,-0.2312543839,0.9416125417,1,-389.0,370.3,1781.8,1,0.9599835277,-0.0786086023,-0.2687984705,0.1361795217,0.9697117805,0.2027630508,0.2447184771,-0.2312543839,0.9416125417,1,-373.2,175.8,1828.2,1,0.9606719017,-0.0774381682,-0.2666703761,0.1275959462,0.9760438800,0.1762279570,0.2466356009,-0.2033236772,0.9475390911,1,-358.2,-13.6,1867.6,1,-0.0000026226,-1.0000003576,0.0000000001,1.0000003576,-0.0000026226,0.0000000002,-0.0000000002,0.0000000001,1.0000000000,0,-499.2,159.0,1795.8,1,0.0000251532,-0.9999990463,0.0000070416,0.9999990463,0.0000251532,0.0000144478,-0.0000144480,0.0000070412,1.0000000000,0,-499.2,-94.7,1795.8,0,0.2813368142,0.8278574347,0.4852851927,-0.9359675646,0.1251682937,0.3290860951,0.2116940618,-0.5467952490,0.8100621104,1,-247.2,192.5,1860.5,1,0.0100605283,0.8281770349,0.5603762865,-0.9823759198,0.1127879024,-0.1490518600,-0.1866450012,-0.5490006208,0.8147158623,1,-179.9,-31.3,1911.1,1,1.0000000000,-0.0000000000,-0.0000000000,0.0000000000,1.0000000000,-0.0000000000,0.0000000000,0.0000000000,1.0000000000,0,-429.2,-214.5,1885.0,1,1.0000000000,-0.0000000317,-0.0000000205,0.0000000317,1.0000000000,-0.0000000317,0.0000000205,0.0000000317,1.0000000000,0,-429.2,-602.6,1885.0,0,1.0000000000,-0.0000000000,-0.0000000000,0.0000000000,1.0000000000,0.0000000000,0.0000000000,-0.0000000000,1.0000000000,0,-257.1,-191.6,1929.2,1,1.0000000000,-0.0000000640,-0.0000000218,0.0000000640,1.0000000000,0.0000000057,0.0000000218,-0.0000000057,1.0000000000,0,-257.1,-579.7,1929.2,0,-499.2,-348.5,1795.8,0,-177.4,-280.5,1863.8,1,-429.2,-975.7,1885.0,0,-257.1,-952.9,1929.2,0,
8,0.9601362348,-0.0726959929,-0.2699149251,0.1329611987,0.9681335092,0.2122202367,0.2458865196,-0.2396488786,0.9392061830,1,-388.3,369.4,1778.4,1,0.9601362348,-0.0726959929,-0.2699149251,0.1329611987,0.9681335092,0.2122202367,0.2458865196,-0.2396488786,0.9392061830,1,-373.7,174.9,1826.5,1,0.9606553316,-0.0737183392,-0.2677821517,0.1260724664,0.9748223424,0.1839177161,0.2474822998,-0.2104418427,0.9457625151,1,-359.4,-14.2,1867.3,1,-0.0000026226,-1.0000003576,0.0000000001,1.0000003576,-0.0000026226,0.0000000001,-0.0000000001,0.0000000001,1.0000000000,0,-499.7,158.4,1794.0,1,0.0000244975,-0.9999990463,0.0000063374,0.9999990463,0.0000244975,0.0000130031,-0.0000130032,0.0000063371,1.0000000000,0,-499.7,-95.4,1794.0,0,0.2777248323,0.8302959204,0.4831953943,-0.9337010980,0.1149767488,0.3390910923,0.2259896994,-0.5453341007,0.8071799874,1,-247.7,191.5,1859.0,1,0.0127853518,0.8303806186,0.5570500493,-0.9800262451,0.1209746972,-0.1578405052,-0.1984566152,-0.5439056158,0.8153415322,1,-181.1,-32.4,1913.1,1,1.0000000000,-0.0000000000,-0.0000000000,0.0000000000,1.0000000000,-0.0000000000,0.0000000000,0.0000000000,1.0000000000,0,-431.1,-214.7,1886.0,1,1.0000000000,-0.0000000286,-0.0000000184,0.0000000286,1.0000000000,-0.0000000285,0.0000000184,0.0000000285,1.0000000000,0,-431.1,-602.8,1886.0,0,1.0000000000,-0.0000000000,-0.0000000000,0.0000000000,1.0000000000,0.0000000000,0.0000000000,-0.0000000000,1.0000000000,0,-259.0,-192.1,1930.3,1,1.0000000000,-0.0000000576,-0.0000000196,0.0000000576,1.0000000000,0.0000000051,0.0000000196,-0.0000000051,1.0000000000,0,-259.0,-580.2,1930.3,0,-499.7,-349.1,1794.0,0,-177.8,-281.0,1862.8,1,-431.1,-975.9,1886.0,0,-259.0,-953.3,1930.3,0,
9,0.9599453807,-0.0708489567,-0.2710824609,0.1318125129,0.9679450393,0.2137906551,0.2472464442,-0.2409597486,0.9385135174,1,-388.4,369.2,1776.7,1,0.9599453807,-0.0708489567,-0.2710824609,0.1318125129,0.9679450393,0.2137906551,0.2472464442,-0.2409597486,0.9385135174,1,-374.2,174.6,1825.1,1,0.9604086876,-0.0719600990,-0.2691418231,0.1255117804,0.9742316008,0.1873985380,0.2487216294,-0.2137600034,0.9446926713,1,-360.2,-14.4,1866.6,1,-0.0000026226,-1.0000003576,0.0000000000,1.0000003576,-0.0000026226,0.0000000001,-0.0000000001,0.0000000000,1.0000000000,0,-500.2,158.2,1792.5,1,0.0000239611,-0.9999990463,0.0000057036,0.9999990463,0.0000239611,0.0000117027,-0.0000117029,0.0000057034,1.0000000000,0,-500.2,-95.6,1792.5,0,0.2761428952,0.8317829967,0.4815416038,-0.9325745106,0.1106928959,0.3435868323,0.2324864417,-0.5439524651,0.8062666059,1,-248.2,191.1,1857.7,1,0.0124540832,0.8318765163,0.5548210144,-0.9796583652,0.1212907732,-0.1598681509,-0.2002852112,-0.5415440202,0.8164654970,1,-181.8,-33.0,1913.6,1,1.0000000000,-0.0000000000,-0.0000000000,0.0000000000,1.0000000000,-0.0000000000,0.0000000000,0.0000000000,1.0000000000,0,-432.2,-214.7,1885.8,1,1.0000000000,-0.0000000257,-0.0000000166,0.0000000257,1.0000000000,-0.0000000257,0.0000000166,0.0000000257,1.0000000000,0,-432.2,-602.8,1885.8,0,1.0000000000,-0.0000000000,-0.0000000000,0.0000000000,1.0000000000,0.0000000000,0.0000000000,-0.0000000000,1.0000000000,0,-260.2,-192.2,1930.3,1,1.0000000000,-0.0000000519,-0.0000000177,0.0000000519,1.0000000000,0.0000000046,0.0000000177,-0.0000000046,1.0000000000,0,-260.2,-580.3,1930.3,0,-500.2,-349.4,1792.5,0,-178.7,-281.5,1862.8,1,-432.2,-976.0,1885.8,0,-260.2,-953.5,1930.3,0,
10,0.9554254413,-0.0699449033,-0.2868282497,0.1385853589,0.9640943408,0.2265274525,0.2606854141,-0.2561805844,0.9308139682,1,-387.3,370.1,1771.3,1,0.9554254413,-0.0699449033,-0.2868282497,0.1385853589,0.9640943408,0.2265274525,0.2606854141,-0.2561805844,0.9308139682,1,-373.2,175.9,1822.9,1,0.9560852647,-0.0695252493,-0.2847238481,0.1294266880,0.9717575312,0.1973184347,0.2629643083,-0.2255044580,0.9380818605,1,-359.8,-12.6,1866.7,1,-0.0000026226,-1.0000003576,0.0000000000,1.0000003576,-0.0000026226,0.0000000001,-0.0000000001,0.0000000000,1.0000000000,0,-498.7,158.9,1788.4,1,0.0000233054,-0.9999990463,0.0000051333,0.9999990463,0.0000233054,0.0000105325,-0.0000105326,0.0000051330,1.0000000000,0,-498.7,-94.8,1788.4,0,0.2709304988,0.8398360610,0.4703956246,-0.9325464368,0.1078454331,0.3445670307,0.2386497855,-0.5320194960,0.8124048114,1,-247.8,192.9,1857.4,1,0.0124904988,0.8399143815,0.5425751209,-0.9785397053,0.1218814105,-0.1661475003,-0.2056795061,-0.5288560390,0.8234119415,1,-182.3,-32.7,1915.1,1,1.0000000000,-0.0000000000,-0.0000000000,0.0000000000,1.0000000000,-0.0000000000,0.0000000000,0.0000000000,1.0000000000,0,-431.9,-212.8,1886.9,1,1.0000000000,-0.0000000231,-0.0000000149,0.0000000231,1.0000000000,-0.0000000231,0.0000000149,0.0000000231,1.0000000000,0,-431.9,-600.9,1886.9,0,1.0000000000,-0.0000000000,-0.0000000000,0.0000000000,1.0000000000,0.0000000000,0.0000000000,-0.0000000000,1.0000000000,0,-260.6,-189.6,1934.0,1,1.0000000000,-0.0000000467,-0.0000000159,0.0000000467,1.0000000000,0.0000000042,0.0000000159,-0.0000000042,1.0000000000,0,-260.6,-577.7,1934.0,0,-498.7,-348.6,1788.4,0,-179.1,-281.0,1863.0,1,-431.9,-974.0,1886.9,0,-260.6,-950.9,1934.0,0,
11,0.9511548281,-0.0626753494,-0.3022859395,0.1404467225,0.9598263502,0.2429127842,0.2749177814,-0.2735030353,0.9217463732,1,-384.3,369.5,1765.6,1,0.9511548281,-0.0626753494,-0.3022859395,0.1404467225,0.9598263502,0.2429127842,0.2749177814,-0.2735030353,0.9217463732,1,-371.6,175.7,1820.9,1,0.9516592026,-0.0656911731,-0.3000496924,0.1328680068,0.9687785506,0.2093148828,0.2769319713,-0.2390637845,0.9306756854,1,-358.9,-12.3,1867.2,1,-0.0000026226,-1.0000003576,0.0000000000,1.0000003576,-0.0000026226,0.0000000001,-0.0000000001,0.0000000000,1.0000000000,0,-496.4,158.3,1784.5,1,0.0000229478,-0.9999990463,0.0000046199,0.9999990463,0.0000229478,0.0000094792,-0.0000094793,0.0000046197,1.0000000000,0,-496.4,-95.5,1784.5,0,0.2661674321,0.8473674059,0.4594815969,-0.9321632981,0.1049124002,0.3465039134,0.2454108149,-0.5205399394,0.8178091049,1,-246.8,193.1,1857.2,1,0.0160626713,0.8473737836,0.5307538509,-0.9792328477,0.1206254736,-0.1629489511,-0.2021010816,-0.5171141624,0.8317139745,1,-182.8,-30.9,1916.2,1,1.0000000000,-0.0000000000,-0.0000000000,0.0000000000,1.0000000000,-0.0000000000,0.0000000000,0.0000000000,1.0000000000,0,-431.3,-212.1,1888.8,1,1.0000000000,-0.0000000208,-0.0000000134,0.0000000208,1.0000000000,-0.0000000208,0.0000000134,0.0000000208,1.0000000000,0,-431.3,-600.2,1888.8,0,1.0000000000,-0.0000000000,-0.0000000000,0.0000000000,1.0000000000,0.0000000000,0.0000000000,-0.0000000000,1.0000000000,0,-260.9,-188.3,1938.4,1,1.0000000000,-0.0000000420,-0.0000000143,0.0000000420,1.0000000000,0.0000000038,0.0000000143,-0.0000000038,1.0000000000,0,-260.9,-576.4,1938.4,0,-496.4,-349.3,1784.5,0,-178.7,-279.4,1864.9,1,-431.3,-973.4,1888.8,0,-260.9,-949.6,1938.4,0,
12,0.9465317726,-0.0617504977,-0.3166460693,0.1453205943,0.9579027295,0.2475938052,0.2880275249,-0.2803709209,0.9156595469,1,-383.2,367.9,1762.8,1,0.9465317726,-0.0617504977,-0.3166460693,0.1453205943,0.9579027295,0.2475938052,0.2880275249,-0.2803709209,0.9156595469,1,-370.8,174.6,1819.3,1,0.9470441937,-0.0643743724,-0.3145847023,0.1375020593,0.9666308165,0.2161398530,0.2901738286,-0.2479503900,0.9242942333,1,-358.3,-13.0,1867.5,1,-0.0000026226,-1.0000003576,0.0000000000,1.0000003576,-0.0000026226,0.0000000001,-0.0000000001,0.0000000000,1.0000000000,0,-495.0,156.6,1781.3,1,0.0000224710,-0.9999990463,0.0000041579,0.9999990463,0.0000224710,0.0000085313,-0.0000085314,0.0000041577,1.0000000000,0,-495.0,-97.2,1781.3,0,0.2650231123,0.8535274863,0.4486128986,-0.9320629239,0.1075739413,0.3459573090,0.2470250130,-0.5098221302,0.8240509629,1,-246.6,192.6,1857.4,1,0.0154753681,0.8535539508,0.5207744837,-0.9797087908,0.1170344204,-0.1627073586,-0.1998280734,-0.5076894164,0.8380454183,1,-183.0,-30.8,1916.6,1,1.0000000000,-0.0000000000,-0.0000000000,0.0000000000,1.0000000000,-0.0000000000,0.0000000000,0.0000000000,1.0000000000,0,-430.6,-212.8,1889.6,1,1.0000000000,-0.0000000187,-0.0000000121,0.0000000187,1.0000000000,-0.0000000187,0.0000000121,0.0000000187,1.0000000000,0,-430.6,-600.9,1889.6,0,1.0000000000,-0.0000000000,-0.0000000000,0.0000000000,1.0000000000,0.0000000000,0.0000000000,-0.0000000000,1.0000000000,0,-261.0,-188.2,1941.6,1,1.0000000000,-0.0000000378,-0.0000000129,0.0000000378,1.0000000000,0.0000000034,0.0000000129,-0.0000000034,1.0000000000,0,-261.0,-576.3,1941.6,0,-495.0,-351.0,1781.3,0,-179.1,-279.4,1865.9,1,-430.6,-974.1,1889.6,0,-261.0,-949.5,1941.6,0,
13,0.9421393275,-0.0607429780,-0.3296728432,0.1440671980,0.9613604546,0.2345824689,0.3026856184,-0.2685047090,0.9144871235,1,-384.7,367.8,1764.9,1,0.9421393275,-0.0607429780,-0.3296728432,0.1440671980,0.9613604546,0.2345824689,0.3026856184,-0.2685047090,0.9144871235,1,-372.4,174.0,1819.0,1,0.9425842762,-0.0624787807,-0.3280725181,0.1370990276,0.9681435823,0.2095237076,0.3045309484,-0.2424725145,0.9211232662,1,-360.3,-13.8,1866.0,1,-0.0000026226,-1.0000003576,0.0000000000,1.0000003576,-0.0000026226,0.0000000000,-0.0000000000,0.0000000000,1.0000000000,0,-496.1,156.1,1779.0,1,0.0000219345,-0.9999990463,0.0000037421,0.9999990463,0.0000219345,0.0000076781,-0.0000076782,0.0000037420,1.0000000000,0,-496.1,-97.7,1779.0,0,0.2675068378,0.8782511950,0.3963773251,-0.9279918671,0.1240938306,0.3513285220,0.2593666911,-0.4618177116,0.8482059836,1,-248.8,192.0,1858.9,1,0.0277613476,0.8782511353,0.4773931205,-0.9773446321,0.1240938231,-0.1714585871,-0.2098252177,-0.4618176818,0.8617991805,1,-184.4,-31.5,1921.4,1,1.0000000000,-0.0000000000,-0.0000000000,0.0000000000,1.0000000000,-0.0000000000,0.0000000000,0.0000000000,1.0000000000,0,-432.6,-213.9,1885.8,1,1.0000000000,-0.0000000169,-0.0000000109,0.0000000169,1.0000000000,-0.0000000169,0.0000000109,0.0000000169,1.0000000000,0,-432.6,-602.0,1885.8,0,1.0000000000,-0.0000000000,-0.0000000000,0.0000000000,1.0000000000,0.0000000000,0.0000000000,-0.0000000000,1.0000000000,0,-263.8,-189.4,1940.4,1,1.0000000000,-0.0000000340,-0.0000000116,0.0000000340,1.0000000000,0.0000000030,0.0000000116,-0.0000000030,1.0000000000,0,-263.8,-577.5,1940.4,0,-496.1,-351.5,1779.0,0,-177.3,-279.5,1868.2,1,-432.6,-975.2,1885.8,0,-263.8,-950.7,1940.4,0,
14,0.9398382902,-0.0615296699,-0.3360332847,0.1429687738,0.9642042518,0.2233122587,0.3102648556,-0.2579199970,0.9149935246,1,-386.5,366.2,1766.4,1,0.9398382902,-0.0615296699,-0.3360332847,0.1429687738,0.9642042518,0.2233122587,0.3102648556,-0.2579199970,0.9149935246,1,-374.2,172.8,1818.1,1,0.9402563572,-0.0615517087,-0.3348576725,0.1364015490,0.9692427516,0.2048448622,0.3119502664,-0.2382821143,0.9197329879,1,-362.2,-15.3,1864.4,1,-0.0000026226,-1.0000003576,0.0000000000,1.0000003576,-0.0000026226,0.0000000000,-0.0000000000,0.0000000000,1.0000000000,0,-497.5,154.9,1777.2,1,0.0000214577,-0.9999990463,0.0000033679,0.9999990463,0.0000214577,0.0000069103,-0.0000069104,0.0000033678,1.0000000000,0,-497.5,-98.8,1777.2,0,0.2667970657,0.8911174536,0.3670547605,-0.9247711897,0.1294876635,0.3578145504,0.2713256776,-0.4349055290,0.8586266041,1,-250.8,190.7,1859.1,1,0.0352502540,0.8911173344,0.4524016976,-0.9752784967,0.1294876784,-0.1790663302,-0.2181495428,-0.4349055290,0.8736521006,1,-186.1,-33.6,1924.9,1,1.0000000000,-0.0000000000,-0.0000000000,0.0000000000,1.0000000000,-0.0000000000,0.0000000000,0.0000000000,1.0000000000,0,-434.5,-215.6,1882.7,1,1.0000000000,-0.0000000152,-0.0000000098,0.0000000152,1.0000000000,-0.0000000152,0.0000000098,0.0000000152,1.0000000000,0,-434.5,-603.7,1882.7,0,1.0000000000,-0.0000000000,-0.0000000000,0.0000000000,1.0000000000,0.0000000000,0.0000000000,-0.0000000000,1.0000000000,0,-266.1,-191.1,1938.6,1,1.0000000000,-0.0000000306,-0.0000000104,0.0000000306,1.0000000000,0.0000000027,0.0000000104,-0.0000000027,1.0000000000,0,-266.1,-579.2,1938.6,0,-497.5,-352.6,1777.2,0,-177.2,-281.1,1869.5,1,-434.5,-976.8,1882.7,0,-266.1,-952.4,1938.6,0,
15,0.9358429313,-0.0555925965,-0.3480055034,0.1425144821,0.9628328681,0.2294353843,0.3223167062,-0.2643115819,0.9089837670,1,-385.8,364.8,1762.7,1,0.9358429313,-0.0555925965,-0.3480055034,0.1425144821,0.9628328681,0.2294353843,0.3223167062,-0.2643115819,0.9089837670,1,-374.7,171.8,1815.7,1,0.9361596107,-0.0565159582,-0.3470034897,0.1370609999,0.9675698280,0.2121818215,0.3237589300,-0.2461970150,0.9135465622,1,-363.7,-16.0,1863.4,1,-0.0000026226,-1.0000003576,0.0000000000,1.0000003576,-0.0000026226,0.0000000000,-0.0000000000,0.0000000000,1.0000000000,0,-497.5,153.8,1773.2,1,0.0000211000,-0.9999990463,0.0000030311,0.9999990463,0.0000211000,0.0000062193,-0.0000062193,0.0000030310,1.0000000000,0,-497.5,-99.9,1773.2,0,0.2623113990,0.9099667072,0.3211750984,-0.9212608933,0.1370989382,0.3639813066,0.2871780992,-0.3913625181,0.8742792010,1,-251.9,189.8,1858.1,1,0.0503857248,0.9099666476,0.4116090536,-0.9733282924,0.1370989382,-0.1839454323,-0.2238153517,-0.3913625181,0.8926041126,1,-188.0,-34.5,1928.0,1,1.0000000000,-0.0000000000,-0.0000000000,0.0000000000,1.0000000000,-0.0000000000,0.0000000000,0.0000000000,1.0000000000,0,-436.6,-216.0,1882.2,1,1.0000000000,-0.0000000137,-0.0000000088,0.0000000137,1.0000000000,-0.0000000137,0.0000000088,0.0000000137,1.0000000000,0,-436.6,-604.1,1882.2,0,1.0000000000,-0.0000000000,-0.0000000000,0.0000000000,1.0000000000,0.0000000000,0.0000000000,-0.0000000000,1.0000000000,0,-268.9,-191.4,1940.2,1,1.0000000000,-0.0000000276,-0.0000000094,0.0000000276,1.0000000000,0.0000000025,0.0000000094,-0.0000000025,1.0000000000,0,-268.9,-579.5,1940.2,0,-497.5,-353.7,1773.2,0,-175.2,-281.4,1871.2,1,-436.6,-977.2,1882.2,0,-268.9,-952.7,1940.2,0,
16,0.9310415983,-0.0508132204,-0.3613582253,0.1418297589,0.9627896547,0.2300403565,0.3362233639,-0.2654288113,0.9036048055,1,-384.3,363.8,1760.8,1,0.9310415983,-0.0508132204,-0.3613582253,0.1418297589,0.9627896547,0.2300403565,0.3362233639,-0.2654288113,0.9036048055,1,-374.1,171.1,1813.9,1,0.9312914610,-0.0518367775,-0.3605682254,0.1371334195,0.9668951035,0.2151894122,0.3374774158,-0.2498503476,0.9075703621,1,-364.0,-16.6,1862.4,1,-0.0000026226,-1.0000003576,0.0000000000,1.0000003576,-0.0000026226,0.0000000000,-0.0000000000,0.0000000000,1.0000000000,0,-496.3,153.1,1769.7,1,0.0000207424,-0.9999990463,0.0000027280,0.9999990463,0.0000207424,0.0000055973,-0.0000055974,0.0000027279,1.0000000000,0,-496.3,-100.7,1769.7,0,0.2496966422,0.9291523695,0.2726305425,-0.9242716432,0.1447405815,0.3532308042,0.2887445390,-0.3401852250,0.8949305415,1,-251.9,189.1,1858.2,1,0.0701265112,0.9291524291,0.3629849851,-0.9724702239,0.1447405666,-0.1826249212,-0.2222250402,-0.3401852250,0.9137231708,1,-190.5,-38.5,1929.3,1,1.0000000000,-0.0000000000,-0.0000000000,0.0000000000,1.0000000000,-0.0000000000,0.0000000000,0.0000000000,1.0000000000,0,-437.4,-216.4,1880.7,1,1.0000000000,-0.0000000123,-0.0000000079,0.0000000123,1.0000000000,-0.0000000123,0.0000000079,0.0000000123,1.0000000000,0,-437.4,-604.6,1880.7,0,1.0000000000,-0.0000000000,-0.0000000000,0.0000000000,1.0000000000,0.0000000000,0.0000000000,-0.0000000000,1.0000000000,0,-270.6,-191.9,1941.1,1,1.0000000000,-0.0000000248,-0.0000000084,0.0000000248,1.0000000000,0.0000000022,0.0000000084,-0.0000000022,1.0000000000,0,-270.6,-580.0,1941.1,0,-496.3,-354.4,1769.7,0,-172.7,-285.2,1872.9,1,-437.4,-977.7,1880.7,0,-270.6,-953.2,1941.1,0,
17,0.9220994711,-0.0375877544,-0.3851236403,0.1452225447,0.9561357498,0.2543875277,0.3586691022,-0.2904995382,0.8871114254,1,-379.7,361.8,1751.9,1,0.9220994711,-0.0375877544,-0.3851236403,0.1452225447,0.9561357498,0.2543875277,0.3586691022,-0.2904995382,0.8871114254,1,-372.2,170.3,1810.0,1,0.9222635627,-0.0423887186,-0.3842310607,0.1412855983,0.9621629119,0.2329788655,0.3598176837,-0.2691545486,0.8933572769,1,-364.0,-16.4,1862.2,1,-0.0000026226,-1.0000003576,0.0000000000,1.0000003576,-0.0000026226,0.0000000000,-0.0000000000,0.0000000000,1.0000000000,0,-493.1,151.8,1762.8,1,0.0000204444,-0.9999990463,0.0000024552,0.9999990463,0.0000204444,0.0000050376,-0.0000050377,0.0000024551,1.0000000000,0,-493.1,-102.0,1762.8,0,0.2393811196,0.9443128109,0.2257655412,-0.9232776165,0.1494456679,0.3538706005,0.3004248738,-0.2931542099,0.9076373577,1,-251.2,188.8,1857.2,1,0.0849773288,0.9443127513,0.3178871572,-0.9714505672,0.1494456530,-0.1842545569,-0.2215007842,-0.2931542099,0.9300526977,1,-191.8,-40.4,1931.8,1,1.0000000000,-0.0000000000,-0.0000000000,0.0000000000,1.0000000000,-0.0000000000,0.0000000000,0.0000000000,1.0000000000,0,-438.3,-215.7,1882.2,1,1.0000000000,-0.0000000111,-0.0000000071,0.0000000111,1.0000000000,-0.0000000111,0.0000000071,0.0000000111,1.0000000000,0,-438.3,-603.8,1882.2,0,1.0000000000,-0.0000000000,-0.0000000000,0.0000000000,1.0000000000,0.0000000000,0.0000000000,-0.0000000000,1.0000000000,0,-273.2,-190.4,1946.7,1,1.0000000000,-0.0000000223,-0.0000000076,0.0000000223,1.0000000000,0.0000000020,0.0000000076,-0.0000000020,1.0000000000,0,-273.2,-578.5,1946.7,0,-493.1,-355.7,1762.8,0,-170.3,-286.8,1875.6,1,-438.3,-976.9,1882.2,0,-273.2,-951.6,1946.7,0,
18,0.9126620889,-0.0269694962,-0.4078247249,0.1523931026,0.9483195543,0.2783248127,0.3792423308,-0.3161664605,0.8696057200,1,-375.2,361.0,1742.9,1,0.9126620889,-0.0269694962,-0.4078247249,0.1523931026,0.9483195543,0.2783248127,0.3792423308,-0.3161664605,0.8696057200,1,-369.7,170.6,1806.4,1,0.9128555655,-0.0334903896,-0.4069072604,0.1462946534,0.9572833776,0.2494084686,0.3811732829,-0.2872025967,0.8787614703,1,-363.2,-15.1,1862.1,1,-0.0000026226,-1.0000003576,0.0000000000,1.0000003576,-0.0000026226,0.0000000000,-0.0000000000,0.0000000000,1.0000000000,0,-489.4,151.5,1756.4,1,0.0000202656,-0.9999990463,0.0000022097,0.9999990463,0.0000202656,0.0000045338,-0.0000045339,0.0000022096,1.0000000000,0,-489.4,-102.3,1756.4,0,0.2206104398,0.9629710317,0.1549772471,-0.9218764901,0.1539702117,0.3555797040,0.3185510337,-0.2213144600,0.9217078090,1,-250.0,189.8,1856.3,1,0.1043520346,0.9629709721,0.2485911846,-0.9697615504,0.1539701968,-0.1893560439,-0.2206199765,-0.2213144898,0.9499193430,1,-195.0,-40.3,1935.9,1,1.0000000000,-0.0000000000,-0.0000000000,0.0000000000,1.0000000000,-0.0000000000,0.0000000000,0.0000000000,1.0000000000,0,-438.5,-213.8,1883.7,1,1.0000000000,-0.0000000100,-0.0000000064,0.0000000100,1.0000000000,-0.0000000100,0.0000000064,0.0000000100,1.0000000000,0,-438.5,-601.9,1883.7,0,1.0000000000,-0.0000000000,-0.0000000000,0.0000000000,1.0000000000,0.0000000000,0.0000000000,-0.0000000000,1.0000000000,0,-275.0,-187.7,1951.9,1,1.0000000000,-0.0000000201,-0.0000000068,0.0000000201,1.0000000000,0.0000000018,0.0000000068,-0.0000000018,1.0000000000,0,-275.0,-575.8,1951.9,0,-489.4,-356.1,1756.4,0,-168.5,-286.3,1879.9,1,-438.5,-975.1,1883.7,0,-275.0,-948.9,1951.9,0,
19,0.9036329389,-0.0265797637,-0.4274825752,0.1546213329,0.9510095716,0.2677146494,0.3994247913,-0.3080140054,0.8634740114,1,-373.6,361.3,1742.4,1,0.9036329389,-0.0265797637,-0.4274825752,0.1546213329,0.9510095716,0.2677146494,0.3994247913,-0.3080140054,0.8634740114,1,-368.2,170.3,1804.3,1,0.9038832188,-0.0286039282,-0.4268222451,0.1459601372,0.9585065842,0.2448651791,0.4021083415,-0.2836288810,0.8705536723,1,-362.7,-15.7,1859.3,1,-0.0000026226,-1.0000003576,0.0000000000,1.0000003576,-0.0000026226,0.0000000000,-0.0000000000,0.0000000000,1.0000000000,0,-486.7,151.1,1751.6,1,0.0000199080,-0.9999990463,0.0000019887,0.9999990463,0.0000199080,0.0000040805,-0.0000040805,0.0000019886,1.0000000000,0,-486.7,-102.6,1751.6,0,0.2183289677,0.9669440985,0.1317255348,-0.9175503254,0.1574359238,0.3651236594,0.3323157728,-0.2005818784,0.9215927720,1,-249.7,189.4,1857.0,1,0.1141507924,0.9669441581,0.2280104160,-0.9706698656,0.1574359387,-0.1816979349,-0.2115887851,-0.2005818784,0.9565548301,1,-195.0,-40.6,1940.3,1,1.0000000000,-0.0000000000,-0.0000000000,0.0000000000,1.0000000000,-0.0000000000,0.0000000000,0.0000000000,1.0000000000,0,-438.0,-214.7,1878.3,1,1.0000000000,-0.0000000090,-0.0000000058,0.0000000090,1.0000000000,-0.0000000090,0.0000000058,0.0000000090,1.0000000000,0,-438.0,-602.8,1878.3,0,1.0000000000,-0.0000000000,-0.0000000000,0.0000000000,1.0000000000,0.0000000000,0.0000000000,-0.0000000000,1.0000000000,0,-276.2,-188.6,1950.3,1,1.0000000000,-0.0000000181,-0.0000000062,0.0000000181,1.0000000000,0.0000000016,0.0000000062,-0.0000000016,1.0000000000,0,-276.2,-576.7,1950.3,0,-486.8,-356.4,1751.6,0,-166.0,-286.8,1886.6,1,-438.0,-976.0,1878.3,0,-276.2,-949.9,1950.3,0,
20,0.9002946615,-0.0154910022,-0.4350054860,0.1531135291,0.9467674494,0.2831710279,0.4074630141,-0.3215429187,0.8547422290,1,-370.1,359.7,1735.2,1,0.9002946615,-0.0154910022,-0.4350054860,0.1531135291,0.9467674494,0.2831710279,0.4074630141,-0.3215429187,0.8547422290,1,-367.0,170.1,1799.6,1,0.9003960490,-0.0212965924,-0.4345499277,0.1478738785,0.9543190002,0.2596280575,0.4091705978,-0.2980270088,0.8624148965,1,-362.9,-15.0,1857.4,1,-0.0000026226,-1.0000003576,0.0000000000,1.0000003576,-0.0000026226,0.0000000000,-0.0000000000,0.0000000000,1.0000000000,0,-485.1,150.7,1745.9,1,0.0000197291,-0.9999990463,0.0000017898,0.9999990463,0.0000197291,0.0000036724,-0.0000036724,0.0000017898,1.0000000000,0,-485.1,-103.1,1745.9,0,0.2123043686,0.9720173478,0.1005433798,-0.9095344543,0.1589327157,0.3840408623,0.3573147953,-0.1729812175,0.9178254604,1,-248.9,189.5,1853.2,1,0.1217072979,0.9720175266,0.2009215355,-0.9705616832,0.1589327455,-0.1809709072,-0.2078398615,-0.1729812622,0.9627462029,1,-195.1,-41.1,1943.8,1,1.0000000000,-0.0000000000,-0.0000000000,0.0000000000,1.0000000000,-0.0000000000,0.0000000000,0.0000000000,1.0000000000,0,-439.4,-213.4,1878.6,1,1.0000000000,-0.0000000081,-0.0000000052,0.0000000081,1.0000000000,-0.0000000081,0.0000000052,0.0000000081,1.0000000000,0,-439.4,-601.5,1878.6,0,1.0000000000,-0.0000000000,-0.0000000000,0.0000000000,1.0000000000,0.0000000000,0.0000000000,-0.0000000000,1.0000000000,0,-278.1,-186.9,1951.9,1,1.0000000000,-0.0000000163,-0.0000000055,0.0000000163,1.0000000000,0.0000000015,0.0000000055,-0.0000000015,1.0000000000,0,-278.1,-575.0,1951.9,0,-485.1,-356.8,1745.9,0,-164.2,-287.4,1891.1,1,-439.4,-974.7,1878.6,0,-278.1,-948.2,1951.9,0,
21,0.8858692050,-0.0178738777,-0.4635908306,0.1597989053,0.9498651624,0.2687352002,0.4355459511,-0.3121458888,0.8443132043,1,-368.4,358.5,1734.5,1,0.8858692050,-0.0178738777,-0.4635908306,0.1597989053,0.9498651624,0.2687352002,0.4355459511,-0.3121458888,0.8443132043,1,-364.8,168.3,1797.0,1,0.8860182762,-0.0157512948,-0.4633828998,0.1513575166,0.9544948936,0.2569603324,0.4382496774,-0.2978083789,0.8480846286,1,-361.7,-16.9,1854.8,1,-0.0000026226,-1.0000003576,0.0000000000,1.0000003576,-0.0000026226,0.0000000000,-0.0000000000,0.0000000000,1.0000000000,0,-481.0,148.4,1739.6,1,0.0000197291,-0.9999990463,0.0000016108,0.9999990463,0.0000197291,0.0000033052,-0.0000033052,0.0000016108,1.0000000000,0,-481.0,-105.3,1739.6,0,0.2077998519,0.9753436446,0.0743235052,-0.9055051804,0.1630682051,0.3917512894,0.3699722588,-0.1487061828,0.9170643687,1,-248.6,188.1,1854.5,1,0.1304909736,0.9753437042,0.1779799759,-0.9695352912,0.1630682051,-0.1827842146,-0.2073002756,-0.1487061679,0.9669091105,1,-196.1,-41.0,1948.1,1,1.0000000000,-0.0000000000,-0.0000000000,0.0000000000,1.0000000000,-0.0000000000,0.0000000000,0.0000000000,1.0000000000,0,-438.0,-215.7,1873.4,1,1.0000000000,-0.0000000073,-0.0000000047,0.0000000073,1.0000000000,-0.0000000073,0.0000000047,0.0000000073,1.0000000000,0,-438.0,-603.8,1873.4,0,1.0000000000,-0.0000000000,-0.0000000000,0.0000000000,1.0000000000,0.0000000000,0.0000000000,-0.0000000000,1.0000000000,0,-279.4,-188.6,1951.8,1,1.0000000000,-0.0000000146,-0.0000000050,0.0000000146,1.0000000000,0.0000000013,0.0000000050,-0.0000000013,1.0000000000,0,-279.4,-576.7,1951.8,0,-481.0,-359.1,1739.6,0,-162.9,-287.0,1895.5,1,-438.0,-976.9,1873.4,0,-279.4,-949.9,1951.8,0,
22,0.8668648601,-0.0353064686,-0.4972916842,0.1808712184,0.9517990947,0.2477142662,0.4645763934,-0.3046808541,0.8314676881,1,-367.1,357.4,1734.8,1,0.8668648601,-0.0353064686,-0.4972916842,0.1808712184,0.9517990947,0.2477142662,0.4645763934,-0.3046808541,0.8314676881,1,-360.0,167.0,1795.7,1,0.8672593832,-0.0248550046,-0.4972359538,0.1683686823,0.9545469880,0.2459477782,0.4685226083,-0.2970198095,0.8320252895,1,-355.2,-18.2,1853.3,1,-0.0000026226,-1.0000003576,0.0000000000,1.0000003576,-0.0000026226,0.0000000000,-0.0000000000,0.0000000000,1.0000000000,0,-473.7,145.0,1734.3,1,0.0000197291,-0.9999990463,0.0000014498,0.9999990463,0.0000197291,0.0000029746,-0.0000029747,0.0000014497,1.0000000000,0,-473.7,-108.8,1734.3,0,0.1950435787,0.9799845815,0.0398549438,-0.9080904126,0.1650827527,0.3848629594,0.3705803156,-0.1112569422,0.9221129417,1,-246.4,189.1,1857.1,1,0.1395906657,0.9799845219,0.1419325918,-0.9682905674,0.1650827527,-0.1875129342,-0.2071903497,-0.1112569422,0.9719538093,1,-196.6,-42.8,1951.7,1,1.0000000000,-0.0000000000,-0.0000000000,0.0000000000,1.0000000000,-0.0000000000,0.0000000000,0.0000000000,1.0000000000,0,-428.0,-218.5,1869.1,1,1.0000000000,-0.0000000065,-0.0000000042,0.0000000065,1.0000000000,-0.0000000065,0.0000000042,0.0000000065,1.0000000000,0,-428.0,-606.6,1869.1,0,1.0000000000,-0.0000000000,-0.0000000000,0.0000000000,1.0000000000,0.0000000000,0.0000000000,-0.0000000000,1.0000000000,0,-272.8,-188.3,1952.9,1,1.0000000000,-0.0000000132,-0.0000000045,0.0000000132,1.0000000000,0.0000000012,0.0000000045,-0.0000000012,1.0000000000,0,-272.8,-576.4,1952.9,0,-473.7,-362.5,1734.3,0,-161.2,-288.5,1899.2,1,-428.0,-979.7,1869.1,0,-272.8,-949.6,1952.9,0,
23,0.8550837636,-0.0305033587,-0.5175920129,0.1904141754,0.9469859004,0.2587633133,0.4822597802,-0.3198214769,0.8155611157,1,-361.9,356.5,1727.4,1,0.8550837636,-0.0305033587,-0.5175920129,0.1904141754,0.9469859004,0.2587633133,0.4822597802,-0.3198214769,0.8155611157,1,-355.8,167.1,1791.3,1,0.8554493785,-0.0218260251,-0.5174264908,0.1771510839,0.9511725903,0.2527576685,0.4866457880,-0.3078843951,0.8175471425,1,-351.6,-17.4,1851.0,1,-0.0000026226,-1.0000003576,0.0000000000,1.0000003576,-0.0000026226,0.0000000000,-0.0000000000,0.0000000000,1.0000000000,0,-468.0,143.9,1727.5,1,0.0000197291,-0.9999990463,0.0000013048,0.9999990463,0.0000197291,0.0000026772,-0.0000026772,0.0000013047,1.0000000000,0,-468.0,-109.9,1727.5,0,0.1840137243,0.9827624559,-0.0178034417,-0.9016575217,0.1759836674,0.3950234652,0.3913473487,-0.0566371344,0.9184985161,1,-243.7,190.3,1855.1,1,0.1618743986,0.9827625751,0.0893011466,-0.9671117663,0.1759836674,-0.1836426556,-0.1961926371,-0.0566371456,0.9789284468,1,-196.6,-40.5,1955.3,1,1.0000000000,-0.0000000000,-0.0000000000,0.0000000000,1.0000000000,-0.0000000000,0.0000000000,0.0000000000,1.0000000000,0,-423.9,-217.8,1867.2,1,1.0000000000,-0.0000000059,-0.0000000038,0.0000000059,1.0000000000,-0.0000000059,0.0000000038,0.0000000059,1.0000000000,0,-423.9,-605.9,1867.2,0,1.0000000000,-0.0000000000,-0.0000000000,0.0000000000,1.0000000000,0.0000000000,0.0000000000,-0.0000000000,1.0000000000,0,-270.8,-186.1,1954.3,1,1.0000000000,-0.0000000119,-0.0000000040,0.0000000119,1.0000000000,0.0000000011,0.0000000040,-0.0000000011,1.0000000000,0,-270.8,-574.2,1954.3,0,-468.0,-363.6,1727.5,0,-155.5,-285.9,1905.5,1,-423.9,-979.1,1867.2,0,-270.8,-947.4,1954.3,0,
