1,0.9948854446,-0.0032922917,-0.1009437740,0.0271415040,0.9714156389,0.2358274609,0.0972822979,-0.2373624742,0.9665380716,0,103.2,371.4,2091.2,0,0.9948854446,-0.0032922917,-0.1009437740,0.0271415040,0.9714156389,0.2358274609,0.0972822979,-0.2373624742,0.9665380716,1,103.8,186.5,2136.4,1,0.9948862791,-0.0027880562,-0.1009505242,0.0268680342,0.9708973765,0.2379832417,0.0973494351,-0.2394800037,0.9660088420,1,104.3,5.8,2180.9,1,0.0032961345,-0.6323451996,-0.7746796608,0.9559980035,0.2292508632,-0.1830622554,0.2933545411,-0.7399888039,0.6052764654,1,-21.2,183.2,2124.1,1,-0.6266084909,-0.6323452592,-0.4555231333,0.4103134274,0.2292508930,-0.8826590180,0.6625742912,-0.7399889231,0.1158092022,1,-21.9,-21.6,2061.3,1,0.3741242588,0.8824500442,0.2851539552,-0.8454872966,0.1982285678,0.4958392382,0.3810276985,-0.4265995622,0.8202625513,1,228.9,189.9,2148.6,1,-0.3382210135,0.8824500442,0.3269377947,-0.3629199862,0.1982285976,-0.9104913473,-0.8682715893,-0.4265995622,0.2532137036,1,300.6,27.8,2221.6,1,0.8022745848,-0.3615994453,-0.4749749601,0.3472679257,0.9298807383,-0.1213540435,0.4855516255,-0.0675843209,0.8715916276,0,19.3,-177.2,2217.1,1,-0.2188652754,-0.4755514860,-0.8520267606,-0.0577636361,0.8779801130,-0.4751992822,0.9740442634,-0.0547883064,-0.2196290493,0,154.0,-523.6,2242.3,0,0.7195521593,0.4276606441,0.5471298099,-0.3929360509,0.9003532529,-0.1869898587,-0.5725783706,-0.0804380625,0.8158944249,1,190.4,-172.6,2233.9,1,-0.2020245939,0.0011759349,0.9793797135,-0.0001016328,0.9999992251,-0.0012216573,-0.9793803692,-0.0003463420,-0.2020243406,0,31.1,-508.0,2263.8,1,123.2,-116.7,1907.9,1,220.4,-58.2,2015.9,1,324.4,-838.0,2261.9,0,30.7,-866.1,2264.0,0,
2,0.9974409342,-0.0232922491,-0.0675765947,0.0397603847,0.9664477110,0.2537670434,0.0593987145,-0.2558059394,0.9649019241,0,93.8,359.4,2085.8,0,0.9974409342,-0.0232922491,-0.0675765947,0.0397603847,0.9664477110,0.2537670434,0.0593987145,-0.2558059394,0.9649019241,1,98.2,175.6,2134.4,1,0.9974513650,-0.0227404702,-0.0676105767,0.0393225141,0.9660899639,0.2551933229,0.0595149547,-0.2572029829,0.9645233154,1,102.5,-4.2,2182.3,1,-0.0268082526,-0.6361294985,-0.7711164951,0.9468519688,0.2312008142,-0.2236459851,0.3205505610,-0.7361287475,0.5961223841,1,-27.1,170.6,2126.9,1,-0.6376836300,-0.6361295581,-0.4343949556,0.3795888126,0.2312008440,-0.8958005905,0.6702775955,-0.7361288667,0.0940346569,1,-21.4,-29.9,2059.1,1,0.4403680861,0.8575588465,0.2658363879,-0.7885458469,0.2278598994,0.5712052584,0.4292686284,-0.4611647725,0.7765665650,1,223.5,180.5,2141.9,1,-0.3176588118,0.8575587273,0.4045811594,-0.4705602527,0.2278598845,-0.8524394035,-0.8232045770,-0.4611647129,0.3311513960,1,296.5,49.9,2213.0,1,0.8718804717,-0.2954189479,-0.3905791342,0.2861326039,0.9545650482,-0.0832691342,0.3974324763,-0.0391567014,0.9167956114,0,22.1,-187.4,2225.1,1,-0.0457454920,-0.4453416467,-0.8941919804,-0.0122248381,0.8953110576,-0.4452738166,0.9988788366,-0.0094376653,-0.0464006662,0,132.1,-543.0,2239.7,0,0.6816051006,0.4821840525,0.5503754020,-0.4386169016,0.8712937236,-0.2201416492,-0.5856874585,-0.0913542360,0.8053724170,1,191.3,-180.7,2235.2,1,-0.2218804955,0.0005878971,0.9750736356,-0.0000383914,0.9999998212,-0.0006116618,-0.9750738144,-0.0001731503,-0.2218804359,0,11.7,-505.3,2269.2,1,123.1,-115.9,1907.2,1,220.7,-62.4,2016.6,1,291.6,-863.6,2243.1,0,11.5,-863.4,2269.3,0,
3,0.9979904890,-0.0504970849,-0.0382463746,0.0589455515,0.9613920450,0.2687943876,0.0231966227,-0.2705101371,0.9624379277,0,77.8,353.0,2080.4,0,0.9979904890,-0.0504970849,-0.0382463746,0.0589455515,0.9613920450,0.2687943876,0.0231966227,-0.2705101371,0.9624379277,1,87.4,170.2,2131.8,1,0.9980084300,-0.0501052402,-0.0382920802,0.0586016215,0.9611684680,0.2696678638,0.0232935622,-0.2713762522,0.9621917605,1,96.7,-8.7,2182.3,1,-0.0921640843,-0.7037590146,-0.7044352293,0.9489445090,0.1522565782,-0.2762646377,0.3016786277,-0.6939316392,0.6537957191,1,-37.9,162.8,2128.9,1,-0.6098918915,-0.7037590742,-0.3643556833,0.3714646995,0.1522565782,-0.9158776999,0.7000327706,-0.6939316392,0.1685615778,1,-19.2,-30.5,2067.4,1,0.5153121948,0.8236155510,0.2368771583,-0.7197615504,0.2658971250,0.6412815452,0.4651844203,-0.5009552836,0.7298268676,1,212.7,177.5,2134.7,1,-0.3239443898,0.8236154318,0.4655292928,-0.5044697523,0.2658971548,-0.8214675784,-0.8003562689,-0.5009552836,0.3293532431,1,295.9,61.3,2209.8,1,0.5822461843,-0.5646865964,-0.5849086046,0.5103840828,0.8138802052,-0.2776813507,0.6328485608,-0.1368490607,0.7620860338,1,20.9,-192.6,2230.8,1,-0.4800154567,-0.5642867684,-0.6716887355,-0.1888961196,0.8141905069,-0.5490101576,0.8566817045,-0.1366539448,-0.4974156022,1,231.0,-495.4,2281.7,1,0.7265725732,0.1942036152,0.6590731144,-0.2324758470,0.9721341729,-0.0301657356,-0.6465657949,-0.1313009709,0.7514737248,1,191.2,-182.6,2234.8,1,-0.2832077146,0.0002939203,0.9590585232,0.0000008686,1.0000000000,-0.0003062110,-0.9590586424,-0.0000858883,-0.2832076848,0,118.9,-544.7,2283.7,1,119.3,-114.8,1908.5,1,217.9,-60.2,2017.0,1,432.8,-786.6,2330.6,1,118.8,-902.9,2283.7,0,
4,0.9954707623,-0.0759444609,-0.0571667552,0.0881768987,0.9623871446,0.2569738925,0.0355009884,-0.2608522475,0.9647260904,0,68.0,350.4,2082.2,0,0.9954707623,-0.0759444609,-0.0571667552,0.0881768987,0.9623871446,0.2569738925,0.0355009884,-0.2608522475,0.9647260904,1,82.4,167.4,2131.8,1,0.9954707623,-0.0759444609,-0.0571667552,0.0881768987,0.9623871446,0.2569738925,0.0355009884,-0.2608522475,0.9647260904,1,96.5,-11.7,2180.3,1,-0.1238695011,-0.7130307555,-0.6901040077,0.9450843930,0.1271964908,-0.3010591567,0.3024432361,-0.6894986033,0.6581184268,1,-42.6,156.4,2127.3,1,-0.6085617542,-0.7130307555,-0.3481950760,0.3761011362,0.1271964908,-0.9178066254,0.6987135410,-0.6894985437,0.1907647550,1,-18.1,-31.2,2067.3,1,0.5490352511,0.8017436862,0.2361513823,-0.6975578666,0.2839117050,0.6578809023,0.4604056776,-0.5259290338,0.7151401043,1,207.4,178.5,2136.2,1,-0.3210409582,0.8017437458,0.5041229129,-0.5376603007,0.2839117348,-0.7939242125,-0.7796500921,-0.5259290934,0.3399184048,1,293.8,68.7,2208.7,1,0.7251557112,-0.4733108580,-0.5001260042,0.4375845492,0.8775500059,-0.1960246861,0.5316661596,-0.0766990408,0.8434739113,0,27.7,-198.1,2225.9,1,-0.3015114069,-0.5435525775,-0.7833529115,-0.1187892407,0.8366008997,-0.5347785950,0.9460340142,-0.0681879073,-0.3168129921,0,204.0,-525.0,2254.5,0,0.7445040345,0.0417946726,0.6663085818,-0.1294033080,0.9881452322,0.0826075152,-0.6549569964,-0.1477241665,0.7410863042,1,193.6,-183.4,2231.8,1,-0.2782308459,0.0001469344,0.9605142474,-0.0000010202,0.9999999404,-0.0001532703,-0.9605141878,-0.0000436245,-0.2782308757,0,178.1,-551.5,2286.9,1,120.0,-116.6,1908.8,1,216.1,-61.4,2020.0,1,398.7,-824.7,2278.9,0,178.0,-909.7,2286.9,0,
5,0.9997406006,0.0179160312,-0.0139730182,-0.0149614066,0.9819380641,0.1886100024,0.0170998257,-0.1883534342,0.9819526672,1,79.6,365.3,2096.3,1,0.9997406006,0.0179160312,-0.0139730182,-0.0149614066,0.9819380641,0.1886100024,0.0170998257,-0.1883534342,0.9819526672,1,76.0,165.3,2134.7,1,0.9958795905,-0.0892569646,-0.0159582794,0.0904552862,0.9658457637,0.2428158969,-0.0062596612,-0.2432603687,0.9699411392,1,92.6,-14.5,2180.0,1,-0.1849454194,-0.7511660457,-0.6336755157,0.9254801273,0.0837723017,-0.3694165945,0.3305776715,-0.6547759771,0.6796960235,1,-49.1,153.9,2135.5,1,-0.5902460217,-0.7511661053,-0.2955657542,0.3588919938,0.0837723017,-0.9296122193,0.7230533361,-0.6547760963,0.2201412469,1,-11.1,-36.1,2067.6,1,0.5959185362,0.7778514624,0.1995700002,-0.6450499296,0.3156322241,0.6959072351,0.4783217311,-0.5434366465,0.6898441315,1,201.0,176.6,2133.9,1,-0.3060816526,0.7778514028,0.5488725901,-0.5649612546,0.3156322241,-0.7623615265,-0.7662457824,-0.5434366465,0.3428467214,1,292.6,77.5,2207.4,1,0.5776225328,-0.5913434625,-0.5627300739,0.5339536071,0.7951388359,-0.2874852419,0.6174510717,-0.1344137937,0.7750402093,1,23.0,-202.1,2225.8,1,-0.4657102525,-0.5912456512,-0.6584395170,-0.2006280273,0.7952204347,-0.5721651316,0.8618947268,-0.1343617290,-0.4889627397,1,243.1,-498.1,2275.8,1,0.7167682648,0.0306639224,0.6966367960,-0.1506300867,0.9822540879,0.1117470562,-0.6808477640,-0.1850312203,0.7086675167,1,195.5,-186.4,2224.7,1,-0.3225159049,0.0000734874,0.9465640783,0.0000030545,1.0000000000,-0.0000765952,-0.9465640783,-0.0000218119,-0.3225159049,0,184.0,-552.3,2293.6,1,119.4,-115.4,1907.7,1,218.3,-59.6,2021.4,1,454.7,-782.7,2323.9,1,184.0,-910.5,2293.6,0,
6,0.9997901917,-0.0009760009,-0.0204005241,0.0042939284,0.9865717292,0.1632714272,0.0199673623,-0.1633261144,0.9863703847,1,88.1,366.8,2108.9,1,0.9997901917,-0.0009760009,-0.0204005241,0.0042939284,0.9865717292,0.1632714272,0.0199673623,-0.1633261144,0.9863703847,1,88.3,172.6,2141.0,1,0.9983152151,-0.0539086983,-0.0214046985,0.0570979863,0.9782891870,0.1992229074,0.0102003142,-0.2001108229,0.9797205329,1,98.3,-9.2,2178.2,1,-0.1244347766,-0.7472264171,-0.6528159976,0.9364644289,0.1290144026,-0.3261741996,0.3279486299,-0.6519263983,0.6836971045,1,-37.1,165.5,2139.7,1,-0.5744896531,-0.7472264767,-0.3340873122,0.3677500486,0.1290144175,-0.9209317565,0.7312465310,-0.6519263983,0.2006751001,1,-10.5,-34.6,2069.7,1,0.5693655610,0.7898416519,0.2279759943,-0.6725710034,0.2880792320,0.6816587448,0.4727272987,-0.5414430499,0.6952469945,1,213.6,179.8,2142.3,1,-0.2855139971,0.7898417711,0.5428001285,-0.6086142063,0.2880792618,-0.7393234968,-0.7403178811,-0.5414431095,0.3984581828,1,290.3,89.2,2206.0,1,0.7220093608,-0.4959995151,-0.4823763967,0.4582279325,0.8651692271,-0.2037385106,0.5183914304,-0.0739372447,0.8519411087,0,22.3,-196.0,2214.5,1,-0.2886879444,-0.5689430237,-0.7700409889,-0.1272914559,0.8199528456,-0.5580987930,0.9489237070,-0.0630967170,-0.3091320992,0,207.1,-518.3,2242.1,0,0.7190770507,0.0875234157,0.6893968582,-0.2150344104,0.9713728428,0.1009700745,-0.6608240604,-0.2208492458,0.7173124552,1,194.3,-186.2,2216.3,1,-0.3212926090,0.0000367221,0.9469799995,0.0000014709,1.0000000000,-0.0000382791,-0.9469799995,-0.0000109059,-0.3212926090,0,161.7,-548.0,2298.6,1,115.9,-115.5,1908.7,1,221.0,-58.5,2026.3,1,410.8,-812.0,2264.7,0,161.7,-906.2,2298.6,0,
7,0.9990645647,-0.0189706609,-0.0388277434,0.0251606163,0.9858466983,0.1657495946,0.0351340212,-0.1665728241,0.9854032993,1,90.1,370.5,2110.1,1,0.9990645647,-0.0189706609,-0.0388277434,0.0251606163,0.9858466983,0.1657495946,0.0351340212,-0.1665728241,0.9854032993,1,93.8,179.3,2142.5,1,0.9983248115,-0.0422195382,-0.0395297147,0.0489377864,0.9808889031,0.1883126795,0.0308240056,-0.1899330914,0.9813134074,1,101.6,-3.2,2177.8,1,-0.0671208575,-0.6706173420,-0.7387606502,0.9351118803,0.2159237862,-0.2809675038,0.3479376435,-0.7096826434,0.6126092076,1,-31.7,173.1,2138.6,1,-0.6030986905,-0.6706172824,-0.4319079518,0.3983254731,0.2159237862,-0.8914672136,0.6910924911,-0.7096826434,0.1369005889,1,-17.2,-27.8,2063.8,1,0.4557999372,0.8617318869,0.2228555679,-0.7845767736,0.2707350254,0.5578008294,0.4203399420,-0.4290928841,0.7994958162,0,219.2,185.4,2146.3,1,-0.2362129688,0.8260223269,0.5117528439,-0.6759946942,0.2386314869,-0.6971990466,-0.6980222464,-0.5106294751,0.5020185709,0,330.2,-5.7,2248.7,0,0.8188868761,-0.4082041979,-0.4034770131,0.3835957050,0.9121566415,-0.1443073004,0.4269410968,-0.0366006792,0.9035384655,0,24.5,-189.9,2210.5,1,-0.1143804789,-0.5358340740,-0.8365400434,-0.0662280023,0.8443059325,-0.5317530632,0.9912270904,-0.0054197013,-0.1320593357,0,176.5,-529.7,2224.1,0,0.7235372066,0.1518499553,0.6733762026,-0.2811720669,0.9557427764,0.0865919590,-0.6304253340,-0.2519870400,0.7342113853,1,194.5,-181.5,2215.8,1,-0.3082146347,0.0000183610,0.9513168931,0.0000004717,1.0000000000,-0.0000191478,-0.9513168931,-0.0000054529,-0.3082146347,0,137.9,-537.6,2309.6,1,117.7,-116.9,1909.2,1,272.7,-170.3,2078.7,0,368.5,-832.1,2226.1,0,137.9,-895.7,2309.6,0,
8,0.9976314902,-0.0278262999,-0.0628840402,0.0393808670,0.9808486104,0.1907481253,0.0563721582,-0.1927741766,0.9796228409,1,93.7,370.7,2104.3,1,0.9976314902,-0.0278262999,-0.0628840402,0.0393808670,0.9808486104,0.1907481253,0.0563721582,-0.1927741766,0.9796228409,1,99.1,182.0,2141.4,1,0.9973708391,-0.0354758315,-0.0631687641,0.0474514961,0.9787353873,0.1995624006,0.0547461212,-0.2020365745,0.9778469801,1,105.7,-0.2,2179.0,1,-0.0331506729,-0.6081723571,-0.7931124568,0.9319992661,0.2677705884,-0.2442870438,0.3609408140,-0.7472785115,0.5579394698,1,-26.3,176.0,2134.5,1,-0.6245675087,-0.6081724167,-0.4899405837,0.4196156561,0.2677705884,-0.8673070669,0.6586639285,-0.7472785711,0.0879578218,1,-19.1,-24.4,2056.9,1,0.3615618944,0.9099373817,0.2031916231,-0.8596816063,0.2410177588,0.4503975213,0.3608607650,-0.3375266492,0.8693993092,0,224.4,187.9,2148.3,1,-0.1945931911,0.8565790653,0.4779185057,-0.7329016924,0.1968513727,-0.6512333155,-0.6519117355,-0.4769927263,0.5894820690,0,312.5,-21.4,2236.2,0,0.5576152802,-0.5447526574,-0.6263463497,0.4945795834,0.8240213394,-0.2763689756,0.6666755080,-0.1556705683,0.7289105058,1,28.1,-186.4,2212.0,1,-0.5361433029,-0.5447356701,-0.6448360085,-0.1994812042,0.8240340948,-0.5302594304,0.8202180862,-0.1556623429,-0.5504649282,1,230.9,-493.1,2269.9,1,0.7102317810,0.3062999547,0.6338385344,-0.3861262798,0.9223535061,-0.0130596310,-0.5886234045,-0.2354663610,0.7733551860,1,196.4,-178.4,2221.2,1,-0.2695290148,0.0000091805,0.9629921913,-0.0000001511,1.0000000000,-0.0000095756,-0.9629921913,-0.0000027265,-0.2695290148,0,82.3,-522.0,2308.9,1,120.3,-118.1,1909.8,1,265.1,-200.0,2077.4,0,425.9,-788.1,2325.7,1,82.3,-880.1,2308.9,0,
9,0.9961850047,-0.0322240666,-0.0810827762,0.0462017208,0.9831392169,0.1769245714,0.0740147159,-0.1799971610,0.9808788896,1,96.2,380.4,2107.9,1,0.9961850047,-0.0322240666,-0.0810827762,0.0462017208,0.9831392169,0.1769245714,0.0740147159,-0.1799971610,0.9808788896,1,102.4,192.0,2142.4,1,0.9960429072,-0.0357807949,-0.0813376456,0.0503096655,0.9815836549,0.1842880994,0.0732460171,-0.1876522899,0.9795010090,1,109.1,9.3,2177.3,1,-0.0122265788,-0.5691179037,-0.8221650124,0.9330113530,0.2892338634,-0.2140880227,0.3596392870,-0.7697068453,0.5274570584,1,-22.8,185.7,2133.2,1,-0.6427699924,-0.5691179633,-0.5127880573,0.4272877574,0.2892338336,-0.8566032052,0.6358239055,-0.7697069049,0.0572662801,1,-20.0,-23.7,2052.5,1,0.2856032848,0.9417091608,0.1778054088,-0.9091821909,0.2075839043,0.3609663844,0.3030157685,-0.2647507191,0.9154717326,0,227.6,198.3,2151.6,1,-0.1597547531,0.8821686506,0.4430094957,-0.7805581093,0.1618474722,-0.6037672758,-0.6043244600,-0.4422490895,0.6627275348,0,297.2,-23.1,2225.4,0,0.7084481716,-0.4584937096,-0.5365489125,0.4254273772,0.8840219975,-0.1936921477,0.5631276965,-0.0910417512,0.8213395476,0,31.0,-177.8,2206.0,1,-0.3578828573,-0.5285930037,-0.7697466612,-0.1292617768,0.8444539309,-0.5197970271,0.9247766733,-0.0865275115,-0.3705425262,0,201.7,-507.1,2239.9,0,0.8110015392,0.2619285285,0.5231347680,-0.3139944375,0.9493558407,0.0114437267,-0.4936436117,-0.1735422611,0.8521732092,0,200.5,-169.2,2218.5,1,-0.0884180069,0.0000086967,0.9960832596,-0.0000009555,1.0000000000,-0.0000088158,-0.9960832596,-0.0000017313,-0.0884180069,0,102.9,-522.8,2283.1,0,122.9,-118.7,1911.1,1,258.2,-213.2,2078.2,0,391.1,-809.5,2270.9,0,102.9,-881.0,2283.1,0,
10,0.9971331358,-0.0267718844,-0.0707554817,0.0410893336,0.9769631624,0.2094142139,0.0635193884,-0.2117225528,0.9752637148,1,99.1,393.9,2097.7,1,0.9971331358,-0.0267718844,-0.0707554817,0.0410893336,0.9769631624,0.2094142139,0.0635193884,-0.2117225528,0.9752637148,1,104.2,206.0,2138.4,1,0.9971463680,-0.0265209191,-0.0706635192,0.0406041443,0.9777004123,0.2060409486,0.0636236444,-0.2083235979,0.9759886265,1,109.2,24.0,2177.2,1,0.0015872977,-0.5769931674,-0.8167474866,0.9464127421,0.2646405995,-0.1851166934,0.3229555786,-0.7726863623,0.5464937687,1,-21.1,200.9,2130.4,1,-0.6445680857,-0.5769932866,-0.5016083121,0.4334765077,0.2646406293,-0.8614311814,0.6297857761,-0.7726864815,0.0795341060,1,-21.5,-20.9,2054.7,1,0.2981479168,0.9327701926,0.2026019543,-0.8936808705,0.1982184649,0.4025468528,0.3353242278,-0.3010800183,0.8926972747,0,229.6,211.1,2146.4,1,-0.1877263784,0.8898577690,0.4158270657,-0.7148604393,0.1665521860,-0.6791428328,-0.6735974550,-0.4247512817,0.6048578024,0,278.6,64.2,2201.5,0,0.5645440221,-0.5261348486,-0.6359810233,0.4719754159,0.8378845453,-0.2742053270,0.6771477461,-0.1453665048,0.7213454843,1,28.8,-161.5,2210.5,1,-0.5405411720,-0.5261266828,-0.6565104723,-0.1975390315,0.8378904462,-0.5088397264,0.8177980185,-0.1453623623,-0.5568448901,1,224.7,-473.5,2264.7,1,0.7473223209,0.1543157995,0.6462940574,-0.2349311709,0.9711983800,0.0397621468,-0.6215438843,-0.1815497577,0.7620517612,1,199.4,-154.6,2221.4,1,-0.2526450157,-0.0026189561,0.9675555825,0.0094522815,0.9999420047,0.0051747686,-0.9675130248,0.0104529858,-0.2526055872,0,141.9,-516.4,2289.1,1,124.4,-119.0,1912.2,1,235.0,-101.8,2045.1,0,413.0,-773.4,2316.7,1,142.8,-874.5,2285.3,0,
11,0.9988158345,-0.0209665615,-0.0438732766,0.0303420871,0.9737885594,0.2254214436,0.0379972421,-0.2264871150,0.9732729197,1,99.8,395.2,2093.1,1,0.9988158345,-0.0209665615,-0.0438732766,0.0303420871,0.9737885594,0.2254214436,0.0379972421,-0.2264871150,0.9732729197,1,103.9,208.4,2136.5,1,0.9988443851,-0.0199159980,-0.0437120870,0.0289799403,0.9755772948,0.2177354991,0.0383083522,-0.2187520564,0.9750284553,1,107.6,26.8,2177.3,1,0.0022820744,-0.5626246929,-0.8267093897,0.9437930584,0.2744646072,-0.1841841489,0.3305289447,-0.7798222303,0.5316276550,1,-21.7,204.8,2131.7,1,-0.6423376799,-0.5626247525,-0.5204380751,0.4486903846,0.2744645774,-0.8504976630,0.6213527322,-0.7798222303,0.0761453584,1,-22.2,-17.4,2053.9,1,0.3112463951,0.9206957817,0.2354669422,-0.8826857805,0.1882703304,0.4306040406,0.3521239758,-0.3418672681,0.8712837696,0,229.4,212.1,2141.4,1,-0.2206658125,0.8890380263,0.4011462927,-0.6639060378,0.1643853188,-0.7295247912,-0.7145178318,-0.4273044467,0.5539633036,0,282.8,60.7,2201.7,0,0.7131526470,-0.4418258071,-0.5442455411,0.4061493874,0.8932098746,-0.1929215342,0.5713632703,-0.0834625512,0.8164422512,0,25.6,-157.3,2214.7,1,-0.3615422249,-0.5096782446,-0.7807146907,-0.1299031228,0.8567263484,-0.4991444051,0.9232619405,-0.0790444911,-0.3759515285,0,190.2,-490.1,2245.8,0,0.7067902684,0.3155643046,0.6331405044,-0.3303623497,0.9386438131,-0.0990390554,-0.6255465746,-0.1391659379,0.7676748037,1,196.9,-152.4,2221.3,1,-0.2364102006,0.2336968482,0.9431310296,0.0124916807,0.9712963700,-0.2375446558,-0.9715731740,-0.0443766825,-0.2325436026,1,85.5,-483.7,2270.4,1,123.9,-119.5,1912.6,1,230.3,-97.0,2032.0,0,372.8,-796.9,2274.1,0,4.3,-821.2,2285.8,1,
12,0.9976381660,-0.0155352270,-0.0668907538,0.0332440212,0.9615800977,0.2725033760,0.0600877292,-0.2740849555,0.9598267078,1,102.9,411.7,2079.8,1,0.9976381660,-0.0155352270,-0.0668907538,0.0332440212,0.9615800977,0.2725033760,0.0600877292,-0.2740849555,0.9598267078,1,105.9,227.3,2132.3,1,0.9977204800,-0.0102602867,-0.0666793287,0.0270902999,0.9661103487,0.2567031384,0.0617860369,-0.2579257786,0.9641873240,1,107.8,47.6,2180.3,1,0.0127458172,-0.5890276432,-0.8080124259,0.9592776895,0.2352424562,-0.1563559622,0.2821767628,-0.7731153965,0.5680395365,1,-19.5,223.9,2124.6,1,-0.6376304626,-0.5890277028,-0.4964613020,0.4524472356,0.2352424413,-0.8602049351,0.6234732866,-0.7731153965,0.1165062040,1,-22.7,-16.2,2053.9,1,0.3185746670,0.9052497149,0.2811284065,-0.8831688166,0.1757488251,0.4348854423,0.3442718983,-0.3868273497,0.8554773331,0,231.3,230.7,2140.1,1,-0.2566982508,0.8812326193,0.3969076276,-0.6317371130,0.1578097343,-0.7589496970,-0.7314470410,-0.4455620646,0.5161975026,0,290.6,66.3,2204.2,0,0.5711735487,-0.5467010736,-0.6122733355,0.4813663363,0.8272846937,-0.2896314859,0.6648662090,-0.1292979717,0.7356866598,1,23.0,-134.5,2222.9,1,-0.5428071618,-0.2664430141,-0.7964726090,-0.0899506807,0.9613313079,-0.2602903545,0.8350266218,-0.0696442127,-0.5457841754,0,226.7,-442.7,2271.1,1,0.8088034391,0.2636609375,0.5256614089,-0.2733104527,0.9599907398,-0.0609853454,-0.5207095742,-0.0943436027,0.8485050797,0,196.4,-129.8,2233.7,1,-0.0585565567,0.2193081379,0.9738968015,-0.0085330680,0.9754252434,-0.2201653719,-0.9982475638,-0.0212024674,-0.0552461147,0,98.2,-487.4,2268.8,0,122.7,-119.4,1911.7,1,229.0,-85.4,2028.5,0,322.1,-787.0,2296.0,0,19.6,-836.8,2276.4,0,
13,0.9955542684,-0.0168614499,-0.0926548317,0.0420588702,0.9598789811,0.2772414982,0.0842630789,-0.2799073458,0.9563221335,1,104.7,422.3,2078.1,1,0.9955542684,-0.0168614499,-0.0926548317,0.0420588702,0.9598789811,0.2772414982,0.0842630789,-0.2799073458,0.9563221335,1,108.0,237.5,2132.0,1,0.9956654310,-0.0104578687,-0.0924043432,0.0342278890,0.9651116729,0.2595909238,0.0864660740,-0.2616299391,0.9612875581,1,109.9,57.8,2180.7,1,0.0338047966,-0.6107096672,-0.7911326885,0.9689179659,0.2141239792,-0.1238901392,0.2450613678,-0.7623546124,0.5989660621,1,-17.1,233.2,2121.1,1,-0.6358555555,-0.6107097268,-0.4719335735,0.4411747456,0.2141239643,-0.8715020418,0.6332870126,-0.7623545527,0.1332778037,1,-25.9,-16.6,2058.0,1,0.3184878230,0.8876508474,0.3326282203,-0.8925286531,0.1626059413,0.4206565022,0.3193087876,-0.4308542013,0.8440418243,0,233.1,241.8,2142.9,1,-0.2941665649,0.8691542149,0.3975387812,-0.6091865301,0.1499922276,-0.7787131667,-0.7364495993,-0.4712465405,0.4853542447,0,296.3,64.9,2206.2,0,0.5761635303,-0.5026733875,-0.6444804668,0.4298402667,0.8570202589,-0.2841715515,0.6951782703,-0.1132943854,0.7098531723,1,26.0,-124.8,2222.0,1,-0.5525389314,-0.3656548858,-0.7489974499,-0.1435383260,0.9269501567,-0.3466411531,0.8210343122,-0.0840229094,-0.5646615624,1,212.8,-443.3,2264.1,1,0.8761653900,0.2169390470,0.4304319620,-0.2231888622,0.9740867019,-0.0366308615,-0.4272246957,-0.0639729127,0.9018794298,0,197.8,-118.9,2236.9,1,0.1036215425,0.2029233575,0.9736963511,-0.0244405046,0.9791902900,-0.2014673352,-0.9943164587,-0.0029212758,0.1064247489,0,117.0,-481.7,2260.7,0,122.2,-119.3,1910.5,1,225.2,-82.3,2028.3,0,340.5,-767.1,2293.4,1,44.3,-832.4,2261.8,0,
14,0.9941216111,-0.0262854751,-0.1050180495,0.0527515709,0.9647307992,0.2578975260,0.0945355371,-0.2619228363,0.9604477286,1,104.2,428.1,2082.3,1,0.9941216111,-0.0262854751,-0.1050180495,0.0527515709,0.9647307992,0.2578975260,0.0945355371,-0.2619228363,0.9604477286,1,109.3,242.6,2132.7,1,0.9942994714,-0.0195317790,-0.1048072428,0.0452508032,0.9674436450,0.2490072846,0.0965318829,-0.2523318529,0.9628138542,1,112.9,62.5,2179.7,1,0.0391129069,-0.6082398295,-0.7927891016,0.9716113806,0.2084124982,-0.1119619980,0.2333268821,-0.7659037709,0.5991243720,1,-15.7,236.9,2120.5,1,-0.6471767426,-0.6082398891,-0.4595721960,0.4284600616,0.2084124982,-0.8791964054,0.6305428147,-0.7659038305,0.1257267594,1,-25.9,-17.3,2059.5,1,0.3087778091,0.8723096251,0.3791203499,-0.9087331891,0.1528781652,0.3883713782,0.2808208466,-0.4644396603,0.8399020433,0,234.3,248.3,2144.8,1,-0.3202776909,0.8581470251,0.4012555182,-0.5982252359,0.1452145576,-0.7880604863,-0.7345398664,-0.4924393296,0.4668561816,0,297.4,62.6,2202.2,0,0.7210011482,-0.4194951057,-0.5515262485,0.3715512753,0.9058807492,-0.2032970488,0.5848991275,-0.0583428517,0.8090050220,0,30.9,-121.6,2218.3,1,-0.3671520948,-0.3505709767,-0.8615677357,-0.0978200883,0.9356729984,-0.3390387893,0.9250028133,-0.0402002186,-0.3778271675,0,187.2,-459.0,2240.1,0,0.9201394916,0.1767689139,0.3494224548,-0.1807993799,0.9832885861,-0.0213329121,-0.3473541141,-0.0435461104,0.9367223978,0,202.2,-113.8,2235.0,1,0.2475554347,0.1857684255,0.9508975744,-0.0359450355,0.9825317264,-0.1825906038,-0.9682066441,0.0110212341,0.2499085665,0,136.4,-480.1,2251.2,0,127.1,-118.6,1910.4,1,219.7,-82.5,2024.1,0,312.8,-794.2,2254.5,0,69.8,-832.0,2247.2,0,
15,0.9928537011,-0.0552929752,-0.1057437956,0.0797609985,0.9666259289,0.2434581816,0.0887534842,-0.2501540482,0.9641296864,1,99.0,416.9,2083.9,1,0.9928537011,-0.0552929752,-0.1057437956,0.0797609985,0.9666259289,0.2434581816,0.0887534842,-0.2501540482,0.9641296864,1,109.6,231.1,2132.0,1,0.9931290746,-0.0507478155,-0.1054365337,0.0747361779,0.9684218168,0.2378509939,0.0900369287,-0.2440980971,0.9655618668,1,119.0,50.9,2177.4,1,0.0412146263,-0.5686945319,-0.8215156794,0.9616262317,0.2457923889,-0.1219060421,0.2712495625,-0.7849667072,0.5570018291,1,-15.2,221.7,2120.7,1,-0.6602175236,-0.5686945915,-0.4906113148,0.4328017533,0.2457924038,-0.8673343658,0.6138368249,-0.7849667668,0.0838555321,1,-25.5,-17.1,2053.3,1,0.2954026461,0.8626947403,0.4104816318,-0.9238780737,0.1485422254,0.3526819348,0.2432829738,-0.4834181666,0.8409044743,0,234.4,240.5,2143.3,1,-0.3336290121,0.8522565365,0.4029263258,-0.5908347368,0.1440145969,-0.7938347459,-0.7345782518,-0.5029096007,0.4554958344,0,293.7,55.2,2192.1,0,0.5789712667,-0.4710564613,-0.6655058265,0.3932853937,0.8763362765,-0.2781387568,0.7142260075,-0.1006993577,0.6926331520,1,43.0,-135.8,2215.1,1,-0.5511446595,-0.4375810623,-0.7104662061,-0.1845885217,0.8943034410,-0.4076129496,0.8137360811,-0.0935098305,-0.5736630559,1,218.3,-461.9,2252.6,1,0.7060886621,0.4684030414,0.5310720801,-0.4282627702,0.8797375560,-0.2065260708,-0.5639414191,-0.0816126466,0.8217722178,1,213.9,-122.9,2230.6,1,-0.1625197828,0.4636915028,0.8709635735,0.0004215837,0.8827313185,-0.4698779285,-0.9867052436,-0.0759972632,-0.1436567903,1,40.4,-448.9,2260.8,1,131.6,-120.1,1907.3,1,212.6,-88.4,2013.6,0,373.9,-779.8,2285.8,1,-124.9,-763.5,2287.9,1,
16,0.9925462008,-0.0761922896,-0.0951016918,0.0958063975,0.9701834917,0.2226311564,0.0753035769,-0.2300844342,0.9702529311,1,93.5,413.5,2086.7,1,0.9925462008,-0.0761922896,-0.0951016918,0.0958063975,0.9701834917,0.2226311564,0.0753035769,-0.2300844342,0.9702529311,1,108.1,227.5,2130.8,1,0.9929892421,-0.0702593327,-0.0950453356,0.0899346769,0.9709163904,0.2218840718,0.0766919106,-0.2288777530,0.9704295993,1,121.2,46.8,2173.4,1,0.0349162705,-0.5452831984,-0.8375245333,0.9515836835,0.2742320299,-0.1388715804,0.3054003119,-0.7921257615,0.5284577012,1,-16.7,216.2,2121.2,1,-0.6560916901,-0.5452831388,-0.5217375159,0.4485394359,0.2742320299,-0.8506522775,0.6069233418,-0.7921257019,0.0646596625,1,-25.2,-17.6,2046.1,1,0.2681087852,0.8122306466,0.5180726051,-0.9585397243,0.1710178107,0.2279353142,0.0965363830,-0.5577046275,0.8244066834,1,233.0,238.8,2140.4,1,-0.3943645060,0.8122305274,0.4298350215,-0.5434952378,0.1710178405,-0.8218064308,-0.7410057187,-0.5577045679,0.3740001023,1,288.7,39.5,2160.5,1,0.7228983641,-0.3920602500,-0.5689523220,0.3408749402,0.9186103344,-0.1998984367,0.6010177135,-0.0494353175,0.7977054119,0,48.9,-141.7,2209.4,1,-0.3687853813,-0.4197337627,-0.8293495178,-0.1292910129,0.9067295790,-0.4014041126,0.9204785824,-0.0408045650,-0.3886564970,0,195.0,-483.9,2227.8,0,0.8083100319,0.3859447539,0.4446138740,-0.3597651422,0.9215644002,-0.1459044665,-0.4660513997,-0.0420205258,0.8837592602,0,219.7,-126.2,2222.6,1,0.0071064234,0.4350600243,0.9003735781,-0.0386668593,0.8998423219,-0.4344982505,-0.9992270470,-0.0317268223,0.0232170224,0,75.9,-469.5,2238.2,0,129.5,-123.4,1903.0,1,192.8,-92.6,1980.4,1,345.3,-808.6,2242.4,0,-79.9,-791.8,2249.6,0,
17,0.9942330718,-0.0674432069,-0.0833641440,0.0855908692,0.9674603343,0.2381056249,0.0645931512,-0.2438691407,0.9676548243,1,97.0,408.8,2080.6,1,0.9942330718,-0.0674432069,-0.0833641440,0.0855908692,0.9674603343,0.2381056249,0.0645931512,-0.2438691407,0.9676548243,1,109.9,223.9,2127.2,1,0.9943583608,-0.0661365464,-0.0829155147,0.0837744623,0.9691966772,0.2316012681,0.0650443807,-0.2372422963,0.9692706466,1,122.2,43.5,2171.4,1,0.0408381559,-0.5403136015,-0.8404721618,0.9480444193,0.2865707576,-0.1381624490,0.3155057728,-0.7911626697,0.5239443779,1,-15.2,213.4,2119.0,1,-0.6491645575,-0.5403136611,-0.5353937745,0.4562714696,0.2865707874,-0.8424330950,0.6086062789,-0.7911626101,0.0604981259,1,-25.1,-17.8,2042.1,1,0.3114908934,0.8000328541,0.5127580762,-0.9421904683,0.1899000108,0.2760707736,0.1234928891,-0.5691093206,0.8129354715,1,234.9,234.5,2135.4,1,-0.4104345143,0.8000329137,0.4375967979,-0.5186441541,0.1899000406,-0.8336343765,-0.7500345111,-0.5691093206,0.3369908333,1,299.0,40.4,2160.8,1,0.5895518064,-0.4849717915,-0.6459342837,0.4062640667,0.8692138791,-0.2818096876,0.6981247663,-0.0962785333,0.7094731927,1,49.0,-144.2,2209.9,1,-0.5540562868,-0.2300394773,-0.8000645638,-0.0935000628,0.9721773267,-0.2147762626,0.8272116184,-0.0441920608,-0.5601497889,0,229.7,-468.0,2245.8,1,0.6647521257,0.5356103778,0.5207935572,-0.4784508944,0.8406255841,-0.2538369298,-0.5737501979,-0.0804355219,0.8150711060,1,220.0,-129.8,2221.1,1,-0.1812088192,0.2507156134,0.9509495497,0.0085936449,0.9673246145,-0.2533953190,-0.9834070802,-0.0377453417,-0.1774423271,0,20.4,-442.9,2251.1,1,127.4,-125.0,1899.1,1,199.2,-85.8,1978.4,1,312.0,-816.2,2261.6,0,-69.4,-789.4,2264.6,0,
18,0.9957575202,-0.0748891234,-0.0534435771,0.0856718644,0.9665110707,0.2419010997,0.0335382484,-0.2454548627,0.9688278437,1,95.1,397.8,2078.5,1,0.9957575202,-0.0748891234,-0.0534435771,0.0856718644,0.9665110707,0.2419010997,0.0335382484,-0.2454548627,0.9688278437,1,109.4,213.3,2125.4,1,0.9961481094,-0.0698994547,-0.0529205948,0.0804510042,0.9686815739,0.2349109948,0.0348432474,-0.2382650971,0.9705750942,1,122.5,32.9,2169.7,1,0.0412985831,-0.5195292830,-0.8534540534,0.9382895827,0.3137223423,-0.1455707103,0.3433758020,-0.7947751880,0.5004252791,1,-15.8,203.2,2121.0,1,-0.6581810713,-0.5195292830,-0.5448734164,0.4462143183,0.3137223423,-0.8381354809,0.6063748598,-0.7947752476,0.0253352970,1,-25.6,-19.4,2039.5,1,0.3726856709,0.7941480279,0.4800356925,-0.9074113965,0.2036289275,0.3676137030,0.1941905171,-0.5725942254,0.7965085506,1,234.6,223.4,2129.8,1,-0.4145939052,0.7941479683,0.4443430305,-0.5073624849,0.2036288828,-0.8373281956,-0.7554435730,-0.5725941658,0.3184976578,1,308.6,43.5,2168.3,1,0.7300592065,-0.4031546712,-0.5517969728,0.3513907194,0.9139854908,-0.2028671801,0.5861212611,-0.0457912832,0.8089283109,0,49.8,-154.4,2211.1,1,-0.3651868105,-0.2190287411,-0.9048008323,-0.0651900098,0.9755587578,-0.2098459899,0.9286486506,-0.0176490620,-0.3705397844,0,199.9,-494.8,2228.2,0,0.6385359168,0.5658961535,0.5215680599,-0.4821286500,0.8223910332,-0.3020344079,-0.5998530388,-0.0586031228,0.7979611158,1,221.2,-140.5,2217.1,1,-0.1888386905,0.1241992116,0.9741225243,0.0051326808,0.9920811653,-0.1254939288,-0.9819948673,-0.0186982434,-0.1879807562,0,10.4,-446.9,2238.9,1,130.0,-124.9,1896.2,1,207.7,-80.0,1984.4,1,278.4,-844.3,2234.5,0,-34.1,-802.2,2245.6,0,
19,0.9965646863,-0.0798095167,-0.0220650565,0.0827746242,0.9671555758,0.2403287888,0.0021599717,-0.2413310707,0.9704406857,1,94.6,389.5,2077.5,1,0.9965646863,-0.0798095167,-0.0220650565,0.0827746242,0.9671555758,0.2403287888,0.0021599717,-0.2413310707,0.9704406857,1,109.8,205.3,2123.4,1,0.9970546365,-0.0736142546,-0.0214600526,0.0765895545,0.9695298672,0.2326916307,0.0036768876,-0.2336513251,0.9723137021,1,123.6,24.8,2166.9,1,0.0343538113,-0.5102762580,-0.8593242168,0.9318919778,0.3270285130,-0.1569382548,0.3611053228,-0.7954059243,0.4867570698,1,-15.4,195.7,2123.0,1,-0.6838930845,-0.5102762580,-0.5214484930,0.4064781070,0.3270285428,-0.8531283140,0.6058596373,-0.7954059243,-0.0162364095,1,-23.8,-30.7,2035.3,1,0.4469672143,0.7905348539,0.4186587036,-0.8431028128,0.2158502340,0.4925305545,0.2989949584,-0.5731173754,0.7629801035,1,235.1,214.9,2123.9,1,-0.3988074064,0.7905347943,0.4647659957,-0.5287604332,0.2158502191,-0.8208660483,-0.7492430806,-0.5731173158,0.3319208324,1,317.7,59.1,2179.2,1,0.6193251014,-0.5242241621,-0.5844874978,0.4332258701,0.8490261436,-0.3024400175,0.6547915339,-0.0659063607,0.7529307008,1,51.6,-162.4,2210.1,1,-0.4833002090,-0.0563886538,-0.8736367822,-0.0184908137,0.9983584285,-0.0542095564,0.8752594590,-0.0100452360,-0.4835494459,0,246.9,-478.7,2234.7,1,0.6069199443,0.5970466733,0.5245794058,-0.4934444427,0.8004938960,-0.3401792645,-0.6230255365,-0.0523892269,0.7804450393,1,222.9,-149.2,2210.8,1,-0.0818228945,0.0614311025,0.9947519302,-0.0041986806,0.9980684519,-0.0619812906,-0.9966381192,-0.0092481328,-0.0814069286,0,0.5,-447.4,2230.3,1,135.4,-125.3,1894.2,1,220.7,-69.6,1996.8,1,267.1,-836.2,2238.3,0,-21.5,-804.9,2233.6,0,
20,0.9959326386,-0.0876044556,-0.0210016966,0.0899862126,0.9564527869,0.2776687145,-0.0042377389,-0.2784307301,0.9604471326,1,95.0,379.9,2065.5,1,0.9959326386,-0.0876044556,-0.0210016966,0.0899862126,0.9564527869,0.2776687145,-0.0042377389,-0.2784307301,0.9604471326,1,111.7,197.8,2118.5,1,0.9967296720,-0.0783532932,-0.0197025295,0.0807752013,0.9615027905,0.2626542449,-0.0016356562,-0.2633882463,0.9646887183,1,126.2,18.8,2167.5,1,0.0382322781,-0.4840368032,-0.8742120862,0.9246402383,0.3488757014,-0.1527290344,0.3789177835,-0.8024924994,0.4608982205,1,-13.6,187.6,2118.7,1,-0.7057069540,-0.4840368032,-0.5173837543,0.3866024613,0.3488756418,-0.8537120819,0.5937306285,-0.8024923801,-0.0590741858,1,-22.9,-35.9,2027.1,1,0.4940235615,0.7849265337,0.3739399910,-0.7869117856,0.2207587808,0.5762251019,0.3697437942,-0.5789265633,0.7267280221,1,236.9,208.0,2118.3,1,-0.4037591815,0.7849264741,0.4699669778,-0.5264866352,0.2207587957,-0.8210221529,-0.7481912971,-0.5789265633,0.3241199553,1,326.2,65.8,2185.1,1,0.6172379255,-0.5512595177,-0.5613647103,0.4526176453,0.8324035406,-0.3197523355,0.6435484886,-0.0567203052,0.7633008957,1,53.8,-167.2,2216.7,1,-0.0990752205,-0.0280272998,-0.9946852326,0.0021923645,0.9995947480,-0.0283840057,0.9950776696,-0.0049928632,-0.0989736095,0,259.1,-477.3,2237.8,1,0.7416632175,0.4949639440,0.4527100325,-0.4268753529,0.8688823581,-0.2506409287,-0.5174099803,-0.0073595792,0.8557059765,0,227.9,-153.1,2216.4,1,0.0832203627,0.0570654124,0.9948959351,-0.0085643828,0.9983631372,-0.0565478988,-0.9964944124,-0.0038147308,0.0835728645,0,43.5,-476.8,2219.2,0,139.3,-124.7,1890.7,1,227.9,-62.4,2002.9,1,269.1,-835.3,2239.6,0,23.1,-834.4,2220.5,0,
21,0.9962908626,-0.0841008574,-0.0181419048,0.0858589485,0.9584340453,0.2720880508,-0.0054948698,-0.2726379931,0.9621012211,1,99.2,368.1,2065.5,1,0.9962908626,-0.0841008574,-0.0181419048,0.0858589485,0.9584340453,0.2720880508,-0.0054948698,-0.2726379931,0.9621012211,1,115.2,185.6,2117.4,1,0.9970281720,-0.0751646906,-0.0168082137,0.0769601166,0.9636101127,0.2559926808,-0.0030449131,-0.2565269768,0.9665324688,1,129.2,6.2,2165.2,1,0.0553268120,-0.4514629841,-0.8905729055,0.9119594693,0.3860076964,-0.1390255243,0.4065328836,-0.8044745326,0.4330724776,1,-10.1,175.9,2117.8,1,-0.7166378498,-0.4514630139,-0.5316120982,0.3802918196,0.3860077262,-0.8404619694,0.5846437812,-0.8044745922,-0.1049400717,1,-22.9,-35.4,2023.6,1,0.5104332566,0.7819186449,0.3578566313,-0.7737642527,0.2360759377,0.5878411531,0.3751625121,-0.5769503117,0.7255215645,1,240.6,195.3,2117.0,1,-0.3819103539,0.7819184661,0.4926944971,-0.5500789285,0.2360759228,-0.8010501266,-0.7426692247,-0.5769501925,0.3399570584,1,322.9,70.6,2177.5,1,0.6275045276,-0.5482841730,-0.5528316498,0.4248519540,0.8361168504,-0.3470009267,0.6524869204,-0.0171269439,0.7576066256,1,56.9,-179.9,2213.2,1,-0.0280286521,-0.0139679173,-0.9995096326,0.0020960185,0.9998993278,-0.0140321432,0.9996050000,-0.0024882923,-0.0279965550,0,261.1,-491.4,2219.6,1,0.8318449259,0.4038901627,0.3806660771,-0.3595703542,0.9146536589,-0.1847100258,-0.4227802157,0.0167738125,0.9060769677,0,229.6,-166.6,2212.7,1,0.2299621105,0.0524180084,0.9717869759,-0.0116801579,0.9986251593,-0.0511016846,-0.9731295109,0.0004008282,0.2302582264,0,79.1,-507.3,2206.4,0,142.5,-123.2,1888.6,1,229.9,-63.3,1996.7,1,266.1,-849.5,2220.5,0,60.4,-865.0,2206.3,0,
22,0.9971240163,-0.0732573941,-0.0193545204,0.0757435039,0.9569239020,0.2802842855,-0.0020119327,-0.2809456587,0.9597217441,1,105.5,376.0,2059.0,1,0.9971240163,-0.0732573941,-0.0193545204,0.0757435039,0.9569239020,0.2802842855,-0.0020119327,-0.2809456587,0.9597217441,1,119.5,193.0,2112.7,1,0.9975361228,-0.0677376464,-0.0181863159,0.0701345205,0.9618631601,0.2643862367,-0.0004160070,-0.2650117874,0.9642452598,1,132.1,13.9,2162.0,1,0.0667046383,-0.4947636127,-0.8664637804,0.9256880879,0.3547656834,-0.1313124150,0.3723601997,-0.7933160663,0.4816612601,1,-5.9,184.2,2112.7,1,-0.7152457833,-0.4947635829,-0.4935913682,0.3522605300,0.3547656536,-0.8660565615,0.6036024094,-0.7933160663,-0.0794589594,1,-22.0,-38.2,2023.3,1,0.5274338126,0.7715785503,0.3556403816,-0.7548944950,0.2335492522,0.6128531694,0.3898047805,-0.5917104483,0.7056422234,1,244.9,201.8,2112.6,1,-0.4063999057,0.7715786099,0.4893931448,-0.5346257091,0.2335492224,-0.8121762276,-0.7409550548,-0.5917105079,0.3175913692,1,335.9,71.7,2179.8,1,0.6351976395,-0.5399290919,-0.5522687435,0.4066355526,0.8417099714,-0.3552069962,0.6566365957,0.0010545359,0.7542064190,1,58.8,-171.2,2211.4,1,-0.0160257872,-0.2836185694,-0.9588033557,-0.0138184959,0.9588976502,-0.2834155560,0.9997762442,0.0087072607,-0.0192862730,1,259.8,-484.6,2211.0,1,0.6025879979,0.6182402968,0.5046451092,-0.5043149590,0.7850793600,-0.3596063852,-0.6185095310,-0.0378055274,0.7848673463,1,230.6,-159.2,2211.4,1,-0.0435037576,0.0059320317,0.9990356565,-0.0138461608,0.9998826981,-0.0065400037,-0.9989572763,-0.0141173229,-0.0434165224,0,0.3,-451.6,2225.4,1,145.3,-120.6,1882.1,1,236.9,-58.4,1999.5,1,357.5,-814.7,2208.0,1,-1.8,-809.7,2230.5,0,
23,0.9964596629,-0.0816140324,-0.0201207679,0.0839306861,0.9529246688,0.2913587391,-0.0046052411,-0.2920174599,0.9564021230,1,103.7,394.9,2052.7,1,0.9964596629,-0.0816140324,-0.0201207679,0.0839306861,0.9529246688,0.2913587391,-0.0046052411,-0.2920174599,0.9564021230,1,119.4,211.9,2108.8,1,0.9969220161,-0.0761058331,-0.0187583454,0.0783275366,0.9582914114,0.2748490870,-0.0029415253,-0.2754738927,0.9613042474,1,133.6,33.5,2160.1,1,0.0607548766,-0.5385056138,-0.8404287696,0.9382180572,0.3181782663,-0.1360490024,0.3406693041,-0.7802398205,0.5245666504,1,-6.0,202.1,2109.2,1,-0.7019965649,-0.5385056734,-0.4660605788,0.3427525759,0.3181782961,-0.8839023709,0.6242766976,-0.7802399397,-0.0387858674,1,-21.5,-37.6,2022.1,1,0.5284197330,0.7546826601,0.3888787329,-0.7774731517,0.2461593151,0.5787408948,0.3410395980,-0.6081608534,0.7168210149,1,244.8,221.8,2108.4,1,-0.4153738618,0.7546826601,0.5078569055,-0.5382543206,0.2461593449,-0.8060321808,-0.7333121896,-0.6081608534,0.3039630651,1,343.9,75.8,2172.4,1,0.7606158853,-0.4424966574,-0.4750370383,0.3550292253,0.8961297274,-0.2662814558,0.5435234904,0.0338858739,0.8387097120,0,63.0,-151.6,2211.6,1,0.1411274672,-0.2596994638,-0.9553215504,0.0082683563,0.9652551413,-0.2611784041,0.9899569750,0.0289605334,0.1383713484,0,227.8,-485.5,2199.0,0,0.6220428944,0.5916891098,0.5128027797,-0.4679954648,0.8060340285,-0.3623387516,-0.6277282834,-0.0145990895,0.7782956958,1,232.5,-138.3,2211.1,1,-0.0151276039,0.0029627585,0.9998812675,-0.0070049730,0.9999707937,-0.0030690050,-0.9998611808,-0.0070505668,-0.0151064070,0,12.1,-438.6,2216.6,1,142.3,-117.6,1876.5,1,242.8,-55.2,1993.9,1,320.9,-831.2,2188.6,0,11.0,-796.8,2219.1,0,
