1,0.9942729473,-0.0911032632,-0.0558542907,0.0972387865,0.9880812168,0.1193206906,0.0443173870,-0.1240681410,0.9912844300,1,25.5,392.0,2042.6,1,0.9942729473,-0.0911032632,-0.0558542907,0.0972387865,0.9880812168,0.1193206906,0.0443173870,-0.1240681410,0.9912844300,1,43.3,199.3,2066.8,1,0.9932408333,-0.1020869836,-0.0552176088,0.1077940613,0.9877508879,0.1128090546,0.0430242196,-0.1179983094,0.9920821190,1,62.3,15.6,2088.8,1,-0.0360426866,-0.8532463908,-0.5202611089,0.9528656006,0.1275876313,-0.2752608657,0.3012441993,-0.5056600571,0.8084305525,1,-79.3,186.0,2061.5,1,-0.4573585391,-0.8532463908,-0.2505870759,0.2828324139,0.1275876462,-0.9506457448,0.8431067467,-0.5056601167,0.1829724312,1,-71.1,-29.4,1993.4,1,-0.0544028394,0.9428747892,0.3286755085,-0.9753710628,0.0202845968,-0.2196354717,-0.2137557566,-0.3325293660,0.9185492992,1,165.9,212.6,2072.1,1,-0.3116647005,0.9428747892,0.1176960766,-0.2989221811,0.0202846006,-0.9540619850,-0.9019482136,-0.3325294256,0.2755241990,1,152.2,-31.7,2018.6,1,0.8690494299,-0.4623567164,-0.1760097742,0.4879883230,0.8596429825,0.1512659639,0.0813667476,-0.2173482925,0.9726968408,0,-4.0,-177.3,2107.0,1,0.8353930116,-0.5110876560,-0.2022570223,0.5433052778,0.8235703707,0.1629451960,0.0832936019,-0.2460105866,0.9656816125,0,168.1,-497.3,2187.9,0,0.9999362826,0.0073336638,0.0085837934,-0.0073359297,0.9999730587,0.0002325506,-0.0085818563,-0.0002955059,0.9999631047,0,166.5,-158.8,2114.4,1,0.9700787067,-0.0016744564,0.2427849174,0.0021415981,0.9999963045,-0.0016601878,-0.2427812517,0.0021304605,0.9700787067,0,163.8,-531.0,2114.5,0,37.4,-96.5,1793.4,1,79.4,-101.6,1807.9,1,351.1,-792.0,2276.0,0,164.4,-888.9,2113.8,0,
2,0.9926352501,-0.0992061347,-0.0695084929,0.1082019657,0.9841344953,0.1406016499,0.0544565171,-0.1470867544,0.9876242280,1,26.3,391.9,2037.0,1,0.9926352501,-0.0992061347,-0.0695084929,0.1082019657,0.9841344953,0.1406016499,0.0544565171,-0.1470867544,0.9876242280,1,45.4,202.5,2065.3,1,0.9924092889,-0.1024094373,-0.0680751428,0.1104101986,0.9857890606,0.1265967786,0.0541423783,-0.1331516802,0.9896165729,1,64.5,19.2,2090.1,1,0.0021348086,-0.8335392475,-0.5524559617,0.9713928699,0.1329200268,-0.1967945546,0.2374684811,-0.5362316966,0.8099778891,1,-77.1,188.9,2058.6,1,-0.4910705090,-0.8335392475,-0.2531045973,0.2664212584,0.1329200268,-0.9546475410,0.8293789625,-0.5362316966,0.1567994803,1,-77.6,-29.7,2005.2,1,-0.0625253171,0.9459865093,0.3181198835,-0.9771701097,0.0068229847,-0.2123486847,-0.2030494660,-0.3241344094,0.9239631891,1,168.0,216.2,2072.0,1,-0.3026716709,0.9459865093,0.1161875427,-0.3397099376,0.0068229809,-0.9405055642,-0.8904982209,-0.3241344690,0.3192958832,1,153.1,-15.9,2023.8,1,0.8049025536,-0.5484534502,-0.2265628129,0.5834698081,0.8010488153,0.1337303966,0.1081429794,-0.2398324907,0.9647722244,1,-1.7,-173.7,2110.2,1,0.8049028516,-0.5484541655,-0.2265600711,0.5834693909,0.8010497689,0.1337263882,0.1081430987,-0.2398275882,0.9647734761,1,202.1,-471.3,2199.3,1,0.9999592304,0.0058671641,0.0068669394,-0.0058686142,0.9999827743,0.0001910786,-0.0068656998,-0.0002313703,0.9999763966,0,168.7,-154.7,2119.5,1,0.9757406116,-0.0015311376,0.2189243585,0.0019098832,0.9999970198,-0.0015184135,-0.2189213783,0.0018996977,0.9757406712,0,166.5,-526.9,2119.6,0,38.1,-92.4,1809.9,1,82.5,-95.1,1816.2,1,398.1,-757.5,2285.0,1,167.1,-884.8,2118.9,0,
3,0.9953302741,-0.0818412751,-0.0511643291,0.0878419280,0.9877665043,0.1288347542,0.0399936996,-0.1327271461,0.9903462529,1,32.5,378.7,2041.2,1,0.9953302741,-0.0818412751,-0.0511643291,0.0878419280,0.9877665043,0.1288347542,0.0399936996,-0.1327271461,0.9903462529,1,48.1,190.3,2066.6,1,0.9956453443,-0.0781830698,-0.0507528000,0.0839500800,0.9887543321,0.1237518042,0.0405060463,-0.1274732649,0.9910154343,1,62.6,6.4,2090.3,1,0.0324313082,-0.8322020769,-0.5535233021,0.9747423530,0.1487736404,-0.1665648967,0.2209653109,-0.5341407061,0.8160074949,1,-74.8,179.9,2061.6,1,-0.4906305075,-0.8322020769,-0.2583050430,0.2511919141,0.1487736404,-0.9564356208,0.8343766332,-0.5341406465,0.1360495389,1,-81.8,-29.3,2014.1,1,-0.0801206231,0.9534735084,0.2906356156,-0.9768855572,-0.0171389244,-0.2130749524,-0.1981801391,-0.3009894192,0.9328076243,1,171.0,200.6,2071.6,1,-0.2879143953,0.9534735680,0.0894072205,-0.3478506804,-0.0171389207,-0.9373933673,-0.8922472596,-0.3009894192,0.3366009593,1,153.5,-11.9,2028.4,1,0.8734469414,-0.4539943039,-0.1760102212,0.4767082036,0.8709471822,0.1191651225,0.0991953313,-0.1879899204,0.9771489501,0,-13.1,-185.2,2110.3,1,0.8408448100,-0.5025253296,-0.2011177242,0.5310897827,0.8377015591,0.1272779703,0.1045162380,-0.2138325870,0.9712631106,0,155.9,-509.3,2180.3,0,0.5996000171,0.5564652085,0.5751749277,-0.5549538136,0.8069404960,-0.2021716833,-0.5766335130,-0.1979733706,0.7926540971,1,167.4,-169.9,2117.7,1,-0.3090772629,-0.0143506825,0.9509286880,-0.0201341156,0.9997607470,0.0085434942,-0.9508237839,-0.0165055078,-0.3092922866,0,-39.7,-470.3,2191.4,1,33.3,-88.3,1818.4,1,87.2,-92.0,1823.0,1,335.7,-809.2,2256.8,0,-34.6,-828.1,2197.3,0,
4,0.9971903563,-0.0697756261,-0.0272162799,0.0730199367,0.9865694046,0.1461029500,0.0166555326,-0.1476794630,0.9888958335,1,36.5,376.2,2035.9,1,0.9971903563,-0.0697756261,-0.0272162799,0.0730199367,0.9865694046,0.1461029500,0.0166555326,-0.1476794630,0.9888958335,1,49.8,187.4,2064.1,1,0.9974502325,-0.0662329048,-0.0265383869,0.0692471638,0.9882485867,0.1362600774,0.0172008276,-0.1377500594,0.9903185368,1,62.2,3.5,2089.8,1,0.0307168104,-0.8487092257,-0.5279670358,0.9801973701,0.1289590895,-0.1502750069,0.1956259012,-0.5128959417,0.8358638883,1,-73.3,178.8,2062.0,1,-0.4759335518,-0.8487092257,-0.2306078970,0.2366437018,0.1289591193,-0.9630001187,0.8470461369,-0.5128960013,0.1394657046,1,-79.9,-31.2,2020.1,1,-0.0752438679,0.9541478157,0.2897246182,-0.9856192470,-0.0270780139,-0.1667976528,-0.1513044387,-0.2981086671,0.9424639344,1,173.0,195.9,2066.3,1,-0.2922505736,0.9541478157,0.0647424385,-0.2996695340,-0.0270780027,-0.9536588192,-0.9081782103,-0.2981086671,0.2938426137,1,156.3,-22.4,2032.7,1,0.9183074236,-0.3714778125,-0.1368053108,0.3861400783,0.9166937470,0.1028025150,0.0872197151,-0.1472303271,0.9852491617,0,-12.9,-186.4,2113.9,1,0.8703414202,-0.4589588940,-0.1785009950,0.4822294414,0.8677807450,0.1200474352,0.0998028964,-0.1905606836,0.9765889645,0,125.4,-527.6,2168.7,0,0.5789709687,0.5595211983,0.5930675864,-0.5724778771,0.7968943119,-0.1929479837,-0.5805706978,-0.2278068066,0.7816918492,1,161.8,-174.3,2116.9,1,-0.3644528389,-0.0071738744,0.9311942458,-0.0102982521,0.9999401569,0.0036729379,-0.9311648607,-0.0082510598,-0.3645049632,0,-46.4,-470.9,2201.7,1,30.7,-86.1,1823.4,1,89.9,-90.5,1826.6,1,289.7,-838.2,2236.9,0,-43.9,-828.8,2204.6,0,
5,0.9972350597,-0.0628523007,-0.0396220610,0.0676295236,0.9886994362,0.1337789595,0.0307652410,-0.1360883713,0.9902197719,1,39.2,381.3,2038.6,1,0.9972350597,-0.0628523007,-0.0396220610,0.0676295236,0.9886994362,0.1337789595,0.0307652410,-0.1360883713,0.9902197719,1,51.1,193.5,2064.5,1,0.9975004792,-0.0588444844,-0.0390920639,0.0633136407,0.9901127219,0.1251611710,0.0313397534,-0.1273230761,0.9913669229,1,62.0,9.3,2088.2,1,0.0286824275,-0.8602995276,-0.5089815259,0.9842830300,0.1130724996,-0.1356524378,0.1742535233,-0.4970910251,0.8500214219,1,-72.1,185.7,2060.6,1,-0.4640363753,-0.8602995872,-0.2110808045,0.2300506085,0.1130725071,-0.9665875435,0.8554221392,-0.4970910549,0.1454426646,1,-78.4,-32.1,2022.0,1,-0.0389782116,0.9361576438,0.3494133651,-0.9855539203,0.0216591991,-0.1679716855,-0.1648159772,-0.3509129584,0.9217895269,1,174.3,201.4,2068.3,1,-0.3324567378,0.9361577034,0.1143744364,-0.2701618075,0.0216592103,-0.9625713825,-0.9035956860,-0.3509129584,0.2457132936,1,165.2,-28.7,2029.9,1,0.9474290013,-0.3017001450,-0.1065614372,0.3111356795,0.9463905692,0.0868304223,0.0746520013,-0.1154207140,0.9905075431,0,-13.5,-180.4,2109.1,1,0.8944871426,-0.4180769324,-0.1584439576,0.4370139241,0.8924033046,0.1124062985,0.0944014266,-0.1697881967,0.9809486866,0,98.8,-532.6,2152.1,0,0.7229939103,0.4753273427,0.5013418794,-0.4838519394,0.8663713932,-0.1236442253,-0.4931197762,-0.1531812251,0.8563693166,0,159.5,-169.4,2114.6,1,-0.1777170897,-0.0058895778,0.9840641022,-0.0091913557,0.9999483824,0.0043247323,-0.9840388298,-0.0082763042,-0.1777620316,0,-17.4,-491.9,2171.6,0,28.1,-84.9,1825.6,1,90.3,-89.5,1826.4,1,248.4,-852.0,2212.9,0,-15.3,-849.8,2174.5,0,
6,0.9969186783,-0.0640220121,-0.0453030095,0.0688974932,0.9908752441,0.1158304885,0.0374731980,-0.1185944974,0.9922362566,1,41.2,381.2,2042.5,1,0.9969186783,-0.0640220121,-0.0453030095,0.0688974932,0.9908752441,0.1158304885,0.0374731980,-0.1185944974,0.9922362566,1,53.4,192.5,2065.1,1,0.9972023964,-0.0595464408,-0.0451628938,0.0643464401,0.9914412498,0.1135827377,0.0380121805,-0.1161706969,0.9925024509,1,64.4,8.0,2086.7,1,0.0386245511,-0.8609989285,-0.5071380138,0.9843481779,0.1201168150,-0.1289598644,0.1719501168,-0.4942193627,0.8521621823,1,-69.8,184.6,2060.4,1,-0.4585917294,-0.8609989882,-0.2199419290,0.2368625402,0.1201168299,-0.9640892744,0.8564985991,-0.4942193627,0.1488538086,1,-78.2,-29.6,2023.0,1,-0.0278365221,0.9217683077,0.3867407143,-0.9801028967,0.0508967675,-0.1918538213,-0.1965286136,-0.3843862414,0.9020109773,1,176.5,200.4,2069.8,1,-0.3559595048,0.9217684269,0.1537401825,-0.2819931209,0.0508967787,-0.9580655098,-0.8909392953,-0.3843862116,0.2418151200,1,170.1,-25.9,2024.4,1,0.9662362337,-0.2438394725,-0.0832453817,0.2498994470,0.9655693173,0.0722920373,0.0627515316,-0.0906541571,0.9939034581,0,-10.5,-182.0,2105.1,1,0.9142123461,-0.3800311685,-0.1406843364,0.3954279423,0.9125181437,0.1046300530,0.0886143371,-0.1512846053,0.9845102429,0,80.2,-541.4,2138.8,0,0.8195685148,0.3949916661,0.4150772095,-0.4005442560,0.9129592776,-0.0779080465,-0.4097216129,-0.1024058089,0.9064443111,0,161.6,-170.9,2111.6,1,-0.0037229061,-0.0047488529,0.9999818206,-0.0081040459,0.9999560118,0.0047185593,-0.9999602437,-0.0080863312,-0.0037611723,0,14.6,-510.7,2149.7,0,27.1,-84.0,1826.3,1,90.7,-88.8,1825.7,1,216.2,-868.0,2193.0,0,16.3,-868.6,2152.6,0,
7,0.9967824221,-0.0642524958,-0.0479009040,0.0694017261,0.9909374714,0.1149940118,0.0400774293,-0.1179480776,0.9922114611,1,41.7,377.1,2043.5,1,0.9967824221,-0.0642524958,-0.0479009040,0.0694017261,0.9909374714,0.1149940118,0.0400774293,-0.1179480776,0.9922114611,1,54.0,188.3,2066.0,1,0.9971352816,-0.0586249232,-0.0477748476,0.0637088194,0.9915535450,0.1129602715,0.0407483131,-0.1156800091,0.9924511313,1,64.9,3.8,2087.5,1,0.0347372890,-0.8644496202,-0.5015181303,0.9854419827,0.1131935343,-0.1268518567,0.1664256305,-0.4898105264,0.8557968736,1,-69.2,180.4,2060.9,1,-0.4539579749,-0.8644495010,-0.2159844339,0.2428374588,0.1131935492,-0.9634402990,0.8572934866,-0.4898105264,0.1585356146,1,-76.6,-29.3,2025.5,1,-0.0314657539,0.9257790446,0.3767535388,-0.9804022908,0.0447546989,-0.1918550432,-0.1944768429,-0.3754069209,0.9062276483,1,177.1,196.2,2071.0,1,-0.3484057188,0.9257791042,0.1467882246,-0.2845371366,0.0447546914,-0.9576198459,-0.8931137919,-0.3754069209,0.2478256971,1,170.0,-24.4,2027.2,1,0.9783426523,-0.1964434981,-0.0652351379,0.2003305852,0.9779148698,0.0595835969,0.0520895943,-0.0713617727,0.9960894585,0,-10.1,-186.2,2105.5,1,0.9303000569,-0.3448528945,-0.1249731332,0.3573623598,0.9289234877,0.0969187319,0.0826677680,-0.1348242015,0.9874150753,0,63.0,-550.2,2132.1,0,0.8832195997,0.3237611949,0.3392665386,-0.3273549974,0.9436647892,-0.0483268611,-0.3358002305,-0.0683773607,0.9394481182,0,161.6,-175.2,2112.5,1,0.1531222463,-0.0037643956,0.9882001281,-0.0070800632,0.9999629259,0.0049062651,-0.9881818891,-0.0077477777,0.1530899405,0,41.1,-526.5,2138.0,0,28.4,-85.5,1827.1,1,91.4,-88.7,1825.5,1,186.5,-882.7,2180.3,0,42.5,-884.4,2140.7,0,
8,0.9961476922,-0.0684142932,-0.0548386760,0.0745313317,0.9901376367,0.1186162233,0.0461820997,-0.1222461462,0.9914255142,1,43.8,374.6,2042.4,1,0.9961476922,-0.0684142932,-0.0548386760,0.0745313317,0.9901376367,0.1186162233,0.0461820997,-0.1222461462,0.9914255142,1,56.8,185.9,2065.7,1,0.9959868193,-0.0709447712,-0.0545447320,0.0768177733,0.9904544950,0.1144386232,0.0459045582,-0.1181690320,0.9919326305,1,70.0,1.6,2087.7,1,0.0287800208,-0.8757802844,-0.4818513393,0.9871922135,0.1005766019,-0.1238381714,0.1569179744,-0.4721158445,0.8674581051,1,-66.2,176.4,2060.1,1,-0.4412389398,-0.8757802844,-0.1957477629,0.2298192978,0.1005766019,-0.9680225253,0.8674625754,-0.4721158445,0.1568928957,1,-72.3,-33.1,2026.8,1,-0.0525185131,0.9351624846,0.3503039181,-0.9816552401,0.0160385408,-0.1899885535,-0.1832885146,-0.3538555801,0.9171649814,1,179.8,195.4,2071.4,1,-0.3360899687,0.9351625443,0.1118685827,-0.2753179669,0.0160385519,-0.9612194300,-0.9006906152,-0.3538556397,0.2520766556,1,168.0,-25.7,2030.1,1,0.9861193895,-0.1579214185,-0.0512777716,0.1604127437,0.9858452082,0.0487546846,0.0428525358,-0.0563035458,0.9974936247,0,-2.4,-189.3,2105.8,1,0.9434036613,-0.3124913275,-0.1110795885,0.3226489723,0.9422859550,0.0894139335,0.0767276585,-0.1201931462,0.9897810221,0,56.4,-556.3,2126.7,0,0.9247224331,0.2630900145,0.2750856280,-0.2654066086,0.9636858702,-0.0294769742,-0.2728512287,-0.0457515232,0.9609677196,0,168.9,-176.1,2113.7,1,0.2911539078,-0.0029335236,0.9566717744,-0.0061434098,0.9999689460,0.0049359775,-0.9566565156,-0.0073143556,0.2911267877,0,71.0,-534.8,2130.7,0,29.8,-86.3,1826.0,1,91.7,-88.2,1825.7,1,168.2,-893.5,2169.7,0,72.0,-892.7,2133.3,0,
9,0.9956318736,-0.0774805471,-0.0520759448,0.0832958743,0.9891758561,0.1207899898,0.0421526916,-0.1245997474,0.9913120866,1,42.4,372.6,2041.4,1,0.9956318736,-0.0774805471,-0.0520759448,0.0832958743,0.9891758561,0.1207899898,0.0421526916,-0.1245997474,0.9913120866,1,57.2,184.1,2065.2,1,0.9955009222,-0.0794183239,-0.0516592972,0.0849479213,0.9896630049,0.1155351773,0.0419489816,-0.1194033921,0.9919599891,1,72.0,-0.1,2087.4,1,0.0135961045,-0.8904961944,-0.4547874331,0.9900907874,0.0755662620,-0.1183632091,0.1397685707,-0.4486715794,0.8826996088,1,-65.8,173.6,2060.0,1,-0.4240485728,-0.8904962540,-0.1649219543,0.2196005881,0.0755662844,-0.9726588726,0.8786116242,-0.4486715794,0.1635097265,1,-68.7,-36.1,2030.4,1,-0.0475290790,0.9351262450,0.3511121869,-0.9837637544,0.0170780309,-0.1786537319,-0.1730601192,-0.3539026976,0.9191316962,1,180.2,194.6,2070.3,1,-0.3362647295,0.9351264238,0.1116459221,-0.2719606161,0.0170780420,-0.9621568918,-0.9016448855,-0.3539027274,0.2485747784,1,169.5,-25.9,2031.6,1,0.8274446726,-0.5203847885,-0.2110327631,0.5512506366,0.8243676424,0.1286103874,0.1070416942,-0.2227499336,0.9689811468,1,1.2,-191.5,2106.0,1,0.8274449706,-0.5203848481,-0.2110315114,0.5512501001,0.8243682981,0.1286083907,0.1070418283,-0.2227475345,0.9689816833,1,194.6,-497.9,2188.8,1,0.9516009092,0.2126142681,0.2219254822,-0.2141036987,0.9766521454,-0.0176135898,-0.2204888910,-0.0307539627,0.9749045372,0,172.3,-176.9,2113.2,1,0.4104689360,-0.0022447517,0.9118717909,-0.0053043254,0.9999741912,0.0048493156,-0.9118591547,-0.0068273582,0.4104464650,0,93.2,-540.5,2124.7,0,29.3,-86.8,1827.4,1,92.7,-88.0,1825.5,1,380.5,-792.5,2268.4,1,94.0,-898.4,2127.1,0,
10,0.9949100018,-0.0785467476,-0.0631070733,0.0857137293,0.9890273213,0.1203144416,0.0529636443,-0.1251108348,0.9907288551,1,43.2,375.0,2041.4,1,0.9949100018,-0.0785467476,-0.0631070733,0.0857137293,0.9890273213,0.1203144416,0.0529636443,-0.1251108348,0.9907288551,1,58.3,186.0,2065.3,1,0.9949376583,-0.0785692111,-0.0626412407,0.0853653252,0.9897534847,0.1144475564,0.0530066602,-0.1192152426,0.9914532304,1,72.9,1.8,2087.5,1,-0.0061255530,-0.9020865560,-0.4315118492,0.9917432666,0.0497955643,-0.1181772351,0.1280934662,-0.4286728799,0.8943330646,1,-64.6,175.5,2058.8,1,-0.4076094329,-0.9020864367,-0.1417552829,0.2279685289,0.0497955456,-0.9723943472,0.8842424750,-0.4286728501,0.1853501946,1,-63.3,-38.0,2031.2,1,-0.0460045300,0.9171394110,0.3959030509,-0.9665067792,0.0593054146,-0.2496950477,-0.2524842918,-0.3941300809,0.8836930394,1,181.1,196.6,2071.9,1,-0.3529774249,0.9171392918,0.1851013899,-0.3383897543,0.0593054071,-0.9391354322,-0.8722954392,-0.3941300213,0.2894170582,1,170.7,-23.0,2014.5,1,0.8882516623,-0.4290850759,-0.1639969349,0.4490740299,0.8862589598,0.1134795174,0.0966513827,-0.1744451225,0.9799119234,0,2.0,-189.7,2105.1,1,0.8593554497,-0.4758262634,-0.1873435676,0.5009836555,0.8568477035,0.1217677966,0.1025846004,-0.1984978914,0.9747179151,0,161.7,-519.6,2170.1,0,0.9689335823,0.1712173969,0.1784721017,-0.1721734256,0.9850134850,-0.0102358749,-0.1775499880,-0.0208102688,0.9838917255,0,173.0,-175.0,2114.2,1,0.5122053623,-0.0016823038,0.8588612676,-0.0045640157,0.9999786019,0.0046805930,-0.8588507771,-0.0063172816,0.5121867061,0,109.2,-541.7,2122.0,0,30.9,-90.7,1826.8,1,87.6,-102.6,1809.2,1,332.0,-826.2,2241.1,0,109.8,-899.6,2124.2,0,
11,0.9964462519,-0.0789618343,-0.0292916596,0.0823741779,0.9861749411,0.1437737942,0.0175332874,-0.1456754059,0.9891777635,1,41.8,371.0,2035.9,1,0.9964462519,-0.0789618343,-0.0292916596,0.0823741779,0.9861749411,0.1437737942,0.0175332874,-0.1456754059,0.9891777635,1,56.9,182.8,2063.7,1,0.9967607856,-0.0753047690,-0.0281992443,0.0783479214,0.9884398580,0.1297908574,0.0180986114,-0.1315794885,0.9911411405,1,70.9,-1.1,2088.2,1,-0.0000978193,-0.8973860741,-0.4412463605,0.9902707338,0.0613143817,-0.1249178275,0.1391542554,-0.4369655848,0.8886491060,1,-66.1,173.2,2061.5,1,-0.4158559442,-0.8973860145,-0.1475201100,0.2135596275,0.0613143593,-0.9750040174,0.8840000629,-0.4369655550,0.1661474854,1,-66.1,-39.5,2031.6,1,-0.0371529125,0.9160600305,0.3993166387,-0.9754081368,0.0536292531,-0.2137823701,-0.2172525376,-0.3974393308,0.8915398717,1,180.0,192.5,2066.0,1,-0.3590773046,0.9160600901,0.1785989255,-0.3316561580,0.0536292419,-0.9418748617,-0.8723918796,-0.3974393010,0.2845599353,1,171.9,-19.5,2018.8,1,0.8137184381,-0.5490056276,-0.1909324527,0.5768185854,0.8032202721,0.1487198919,0.0717127547,-0.2311495095,0.9702717066,1,-0.6,-191.8,2111.2,1,0.8137187958,-0.5490061641,-0.1909293234,0.5768179893,0.8032215238,0.1487152576,0.0717129558,-0.2311438769,0.9702730179,1,203.5,-490.4,2197.1,1,0.9800801873,0.1375675201,0.1432412118,-0.1381805241,0.9903905988,-0.0057077208,-0.1426499337,-0.0141991209,0.9896713495,0,170.5,-178.3,2114.3,1,0.5980411768,-0.0012290203,0.8014643192,-0.0039181518,0.9999824166,0.0044571091,-0.8014557362,-0.0058057937,0.5980257988,0,119.3,-547.0,2119.5,0,30.5,-89.1,1826.3,1,87.9,-97.0,1814.7,1,399.8,-777.6,2279.7,1,119.7,-904.9,2121.6,0,
12,0.9967390299,-0.0804759786,-0.0057519837,0.0804033950,0.9848695397,0.1535077840,-0.0066895830,-0.1534693837,0.9881315827,1,40.2,365.7,2033.2,1,0.9967390299,-0.0804759786,-0.0057519837,0.0804033950,0.9848695397,0.1535077840,-0.0066895830,-0.1534693837,0.9881315827,1,55.5,178.0,2062.4,1,0.9972164035,-0.0744024515,-0.0046753902,0.0743242875,0.9873853326,0.1397982240,-0.0057857689,-0.1397562921,0.9901698232,1,69.4,-5.7,2088.4,1,0.0379050374,-0.8556433916,-0.5161757469,0.9734622240,0.1482793540,-0.1743110716,0.2256863415,-0.4958703220,0.8385572433,1,-67.6,168.8,2063.1,1,-0.4466517866,-0.8556435704,-0.2614888549,0.2725007832,0.1482794136,-0.9506611824,0.8522003889,-0.4958704412,0.1669342667,1,-75.1,-25.2,2018.2,1,0.0038517688,0.9006898999,0.4344455898,-0.9822916985,0.0847887248,-0.1670745164,-0.1873183995,-0.4261087775,0.8850668073,1,178.6,187.2,2061.7,1,-0.3799507320,0.9006899595,0.2107017487,-0.3219239414,0.0847887173,-0.9429612756,-0.8671807647,-0.4261087775,0.2577381134,1,179.5,-21.7,2021.9,1,0.8792305589,-0.4533106089,-0.1465028673,0.4713422060,0.8724244237,0.1292753816,0.0692107677,-0.1827158630,0.9807266593,0,-2.4,-195.9,2114.9,1,0.8480799198,-0.5023768544,-0.1684575826,0.5250585675,0.8395189643,0.1397191286,0.0712316781,-0.2069430947,0.9757564068,0,166.3,-520.6,2183.0,0,0.9872360229,0.1103683487,0.1148211807,-0.1107611433,0.9938426018,-0.0029730999,-0.1144423187,-0.0097825732,0.9933817387,0,168.8,-183.1,2113.9,1,0.6698664427,-0.0008681029,0.7424810529,-0.0033593308,0.9999855161,0.0041999626,-0.7424740195,-0.0053076535,0.6698538065,0,127.7,-553.0,2117.6,0,30.8,-89.8,1816.0,1,90.6,-97.0,1819.0,1,346.1,-821.1,2257.0,0,128.1,-910.9,2119.5,0,
13,0.9967201948,-0.0809020251,0.0013431166,0.0797208026,0.9847371578,0.1547082514,-0.0138396975,-0.1540934592,0.9879600406,1,38.7,364.6,2032.3,1,0.9967201948,-0.0809020251,0.0013431166,0.0797208026,0.9847371578,0.1547082514,-0.0138396975,-0.1540934592,0.9879600406,1,54.2,176.5,2061.7,1,0.9973685145,-0.0724433437,0.0024594800,0.0713820979,0.9875240922,0.1403500736,-0.0125970971,-0.1398048997,0.9900996685,1,67.7,-7.2,2087.8,1,0.0125664333,-0.8741526604,-0.4854886532,0.9790263176,0.1094939411,-0.1718094647,0.2033457607,-0.4731471539,0.8571944833,1,-69.0,167.7,2063.3,1,-0.4398674965,-0.8741527200,-0.2058487833,0.2344431579,0.1094939485,-0.9659438729,0.8669215441,-0.4731471539,0.1567762941,1,-71.6,-33.1,2021.6,1,0.0394306444,0.8853461742,0.4632574618,-0.9837559462,0.1156514958,-0.1372918338,-0.1751272231,-0.4503187835,0.8755246997,1,177.3,185.4,2060.2,1,-0.3984118104,0.8853461146,0.2396461964,-0.3105220199,0.1156514883,-0.9435046315,-0.8630434275,-0.4503188133,0.2288425863,1,185.7,-23.9,2022.9,1,0.8080717325,-0.5698497891,-0.1493028253,0.5879365802,0.7959765792,0.1440551579,0.0367517471,-0.2041874826,0.9782417417,1,-4.5,-197.2,2114.9,1,0.8080716729,-0.5698508024,-0.1492998898,0.5879368782,0.7959772348,0.1440510005,0.0367517397,-0.2041824311,0.9782427549,1,207.5,-493.2,2190.8,1,0.9918247461,0.0884620696,0.0919677988,-0.0887136608,0.9960562587,-0.0013569680,-0.0917251334,-0.0068129264,0.9957610369,0,166.8,-184.9,2112.7,1,0.7295785546,-0.0005840720,0.6838967800,-0.0028787344,0.9999881387,0.0039250487,-0.6838909388,-0.0048323888,0.7295682430,0,133.9,-555.6,2115.2,0,31.4,-88.0,1818.7,1,92.2,-96.8,1820.3,1,411.3,-777.9,2263.8,1,134.1,-913.6,2117.0,0,
14,0.9962417483,-0.0865336731,0.0035345515,0.0850183293,0.9849447608,0.1505089700,-0.0165063068,-0.1496424973,0.9886030555,1,39.5,360.4,2031.9,1,0.9962417483,-0.0865336731,0.0035345515,0.0850183293,0.9849447608,0.1505089700,-0.0165063068,-0.1496424973,0.9886030555,1,56.1,171.9,2060.5,1,0.9967467785,-0.0804599002,0.0044998475,0.0790542960,0.9871151447,0.1391096115,-0.0156354904,-0.1383010149,0.9902675152,1,71.0,-11.8,2086.2,1,0.0011334007,-0.8895030618,-0.4569281340,0.9823237658,0.0865212977,-0.1659945548,0.1871866435,-0.4486632347,0.8738779426,1,-67.1,162.1,2062.4,1,-0.4244203568,-0.8895030022,-0.1692688465,0.2072993517,0.0865212977,-0.9744440317,0.8814161420,-0.4486632049,0.1476719826,1,-67.3,-38.1,2024.3,1,0.0626041368,0.8594968319,0.5072926879,-0.9797431827,0.1498029232,-0.1328999400,-0.1902210116,-0.4886964560,0.8514644504,1,179.2,181.6,2058.6,1,-0.4278956354,0.8594968319,0.2795898914,-0.3120998442,0.1498029381,-0.9381645918,-0.8482328653,-0.4886965156,0.2041488290,1,192.4,-24.9,2018.5,1,0.8755497932,-0.4697463810,-0.1129200906,0.4814742506,0.8677070141,0.1235600561,0.0399396755,-0.1625510901,0.9858914614,0,0.4,-202.3,2113.3,1,0.8434610367,-0.5210207105,-0.1308088303,0.5357719064,0.8335967064,0.1344064027,0.0390133113,-0.1834502369,0.9822545648,0,175.2,-525.3,2173.8,0,0.5750524998,0.5399083495,0.6146655083,-0.5389912724,0.8152394295,-0.2118329704,-0.6154700518,-0.2094842046,0.7598114014,1,171.6,-188.7,2110.6,1,-0.3990689814,0.2738754153,0.8750635982,0.0329739600,0.9580193162,-0.2848011553,-0.9163278341,-0.0848009735,-0.3913465738,1,-30.9,-494.5,2189.2,1,31.3,-86.2,1819.6,1,92.5,-97.8,1820.5,1,361.7,-823.6,2239.5,0,-124.2,-821.0,2218.1,1,
15,0.9961527586,-0.0873463601,0.0069562737,0.0853456855,0.9851837158,0.1487503350,-0.0198468920,-0.1475840509,0.9888510108,1,41.8,367.6,2031.2,1,0.9961527586,-0.0873463601,0.0069562737,0.0853456855,0.9851837158,0.1487503350,-0.0198468920,-0.1475840509,0.9888510108,1,58.5,179.0,2059.4,1,0.9966155291,-0.0817693919,0.0083309151,0.0799467862,0.9879238009,0.1327121556,-0.0190829877,-0.1315966398,0.9911203384,1,73.7,-4.9,2083.9,1,-0.0206108615,-0.9155201912,-0.4017437398,0.9893481731,0.0392400175,-0.1401797831,0.1441018432,-0.4003536403,0.9049594402,1,-64.6,169.1,2061.8,1,-0.3883257210,-0.9155200720,-0.1050045341,0.1735746115,0.0392400175,-0.9840386510,0.9050275683,-0.4003536403,0.1436731517,1,-60.1,-44.5,2030.7,1,0.0767143369,0.8355989456,0.5439572930,-0.9769458175,0.1720085442,-0.1264518052,-0.1992282718,-0.5217161179,0.8295302987,1,181.6,188.8,2057.1,1,-0.4624566436,0.8355988264,0.2964936197,-0.2923259735,0.1720085144,-0.9407223463,-0.8370659947,-0.5217161179,0.1647207439,1,198.7,-28.5,2012.7,1,0.8163117170,-0.5590585470,-0.1452194303,0.5762252212,0.8056039214,0.1377200484,0.0399957746,-0.1961015761,0.9797676206,1,3.3,-195.6,2110.0,1,0.8163126707,-0.5590570569,-0.1452195346,0.5762237310,0.8056049347,0.1377201825,0.0399961323,-0.1961016804,0.9797675014,1,211.3,-495.3,2183.0,1,0.7203408480,0.4576612413,0.5212055445,-0.4570576251,0.8784085512,-0.1396306306,-0.5217349529,-0.1376392990,0.8419311643,0,174.5,-181.9,2106.8,1,-0.2124072313,0.2619582415,0.9414140582,0.0039518327,0.9636203051,-0.2672456503,-0.9771729112,-0.0530446768,-0.2057151794,0,4.2,-508.8,2158.0,0,30.9,-85.2,1818.4,1,91.3,-96.3,1818.4,1,411.2,-783.4,2253.1,1,-89.6,-853.7,2177.0,0,
16,0.9958143234,-0.0913759097,-0.0015424163,0.0904221386,0.9826926589,0.1616678536,-0.0132576814,-0.1611302793,0.9868447185,1,42.8,369.8,2027.3,1,0.9958143234,-0.0913759097,-0.0015424163,0.0904221386,0.9826926589,0.1616678536,-0.0132576814,-0.1611302793,0.9868447185,1,60.2,182.5,2058.0,1,0.9963831902,-0.0849624947,0.0003438536,0.0840701610,0.9864888787,0.1406037658,-0.0122861154,-0.1400659978,0.9900665879,1,76.0,-1.1,2084.1,1,-0.0174822267,-0.9205569029,-0.3902172148,0.9926629066,0.0307210851,-0.1169463396,0.1196436286,-0.3893986344,0.9132657051,1,-62.9,172.1,2059.5,1,-0.3795785308,-0.9205568433,-0.0921693295,0.1648757756,0.0307210833,-0.9858358502,0.9103493690,-0.3893986344,0.1401164830,1,-59.1,-45.3,2033.3,1,0.0707673728,0.8513615727,0.5197842717,-0.9775345325,0.1629090309,-0.1337418407,-0.1985401809,-0.4986425042,0.8437639475,1,183.3,192.9,2056.5,1,-0.4511984885,0.8513615727,0.2675885856,-0.2574728131,0.1629090160,-0.9524539709,-0.8544751406,-0.4986425638,0.1456981450,1,199.3,-29.2,2011.4,1,0.8809680343,-0.4601934552,-0.1100784391,0.4713176489,0.8740292788,0.1180359796,0.0418923944,-0.1558678448,0.9868891835,0,6.2,-191.9,2111.2,1,0.8502327800,-0.5107659101,-0.1273670942,0.5247626305,0.8415023088,0.1284448653,0.0415744446,-0.1760455221,0.9835036993,0,177.5,-517.2,2169.2,0,0.8178094029,0.3796627820,0.4324857891,-0.3792695701,0.9207863808,-0.0911431462,-0.4328306615,-0.0894909650,0.8970223069,0,177.4,-177.4,2109.1,1,-0.0365376472,0.2459772825,0.9685862064,-0.0186396241,0.9688974619,-0.2467593700,-0.9991579056,-0.0270702392,-0.0308163166,0,36.1,-520.2,2142.4,0,30.5,-84.2,1818.4,1,94.1,-89.3,1812.1,1,360.3,-818.4,2232.2,0,-52.0,-866.9,2152.1,0,
17,0.9958415627,-0.0910129622,-0.0037803813,0.0899892449,0.9765100479,0.1957747787,-0.0141273206,-0.1953006089,0.9806422591,1,43.2,376.3,2016.4,1,0.9958415627,-0.0910129622,-0.0037803813,0.0899892449,0.9765100479,0.1957747787,-0.0141273206,-0.1953006089,0.9806422591,1,60.7,189.0,2053.8,1,0.9963755608,-0.0850430727,-0.0012606927,0.0840487257,0.9822404385,0.1677414328,-0.0130278068,-0.1672391891,0.9858309031,1,76.5,6.3,2084.9,1,-0.0105884038,-0.9151898026,-0.4028842449,0.9942221642,0.0334049389,-0.1020121425,0.1068187803,-0.4016366005,0.9095482230,1,-62.4,178.7,2055.4,1,-0.3888822794,-0.9151897430,-0.1058224291,0.1884732991,0.0334049426,-0.9815100431,0.9018028975,-0.4016365707,0.1594982147,1,-60.0,-42.6,2031.7,1,0.0891810507,0.8487862945,0.5211608410,-0.9797254205,0.1690020561,-0.1075938120,-0.1794013977,-0.5009992123,0.8466492891,1,183.8,199.4,2052.2,1,-0.4585063756,0.8487863541,0.2633130848,-0.2366146892,0.1690020561,-0.9567925334,-0.8566127419,-0.5009992123,0.1233467832,1,204.7,-30.1,2010.2,1,0.8390938044,-0.5309439898,-0.1184070110,0.5427492261,0.8317865729,0.1164235324,0.0366749838,-0.1619555652,0.9861163497,1,6.7,-183.6,2117.2,1,0.8390970826,-0.5309386253,-0.1184064001,0.5427437425,0.8317901492,0.1164225712,0.0366760381,-0.1619541943,0.9861164689,1,204.0,-492.6,2177.3,1,0.8820683360,0.3107754588,0.3540820479,-0.3105209470,0.9487251639,-0.0591383465,-0.3543052673,-0.0577857979,0.9333426952,0,177.9,-169.2,2114.9,1,0.1232525110,0.2277737558,0.9658816457,-0.0354819819,0.9736921787,-0.2250878513,-0.9917405248,-0.0065288097,0.1280919313,0,62.2,-522.3,2136.4,0,32.1,-87.3,1817.9,1,96.9,-85.8,1808.8,1,393.6,-789.7,2235.2,1,-19.3,-870.8,2138.8,0,
18,0.9962381124,-0.0860810876,-0.0098849190,0.0861459672,0.9717690945,0.2196392715,-0.0093017723,-0.2196643651,0.9755318165,1,47.0,387.2,2008.9,1,0.9962381124,-0.0860810876,-0.0098849190,0.0861459672,0.9717690945,0.2196392715,-0.0093017723,-0.2196643651,0.9755318165,1,63.5,201.1,2051.0,1,0.9967730045,-0.0799577013,-0.0069615860,0.0798606798,0.9794330597,0.1852857471,-0.0079974663,-0.1852436215,0.9826607108,1,78.3,18.9,2085.4,1,0.0036471221,-0.9084314108,-0.4180182815,0.9944038391,0.0474311039,-0.0944006220,0.1055835485,-0.4153347015,0.9035205245,1,-59.7,191.2,2052.0,1,-0.3979215026,-0.9084312916,-0.1281055063,0.2063549012,0.0474310964,-0.9773269892,0.8939105272,-0.4153346121,0.1685854048,1,-60.5,-40.8,2027.3,1,0.0940843895,0.8383893371,0.5368906260,-0.9799272418,0.1731917709,-0.0987282395,-0.1757577211,-0.5168249607,0.8378551602,1,186.6,210.9,2050.0,1,-0.4761128128,0.8383892775,0.2653675973,-0.2289303839,0.1731917411,-0.9579120874,-0.8490626216,-0.5168249011,0.1094739810,1,209.8,-31.1,2006.6,1,0.8959173560,-0.4350447357,-0.0898227096,0.4426809847,0.8911907077,0.0990588143,0.0369541384,-0.1285113245,0.9910193086,0,7.6,-170.2,2120.6,1,0.8689337373,-0.4839046299,-0.1038770154,0.4935207069,0.8629817367,0.1081656739,0.0373020992,-0.1452542543,0.9886909127,0,169.5,-501.9,2168.4,0,0.6119893789,0.5193595886,0.5964349508,-0.4800634682,0.8432743549,-0.2417177111,-0.6284967661,-0.1383979619,0.7654005289,1,178.8,-156.5,2119.2,1,-0.3422654271,0.5043204427,0.7927895188,0.0583782867,0.8535329103,-0.5177581906,-0.9377879500,-0.1309290230,-0.3215761781,1,-14.1,-469.8,2170.6,1,33.5,-89.5,1816.2,1,98.2,-84.7,1807.5,1,342.7,-810.8,2220.4,0,-193.3,-773.0,2217.2,1,
19,0.9965450168,-0.0743875429,-0.0369136184,0.0806072131,0.9733614922,0.2146334648,0.0199634749,-0.2168672383,0.9759976268,1,56.6,402.9,2008.7,1,0.9965450168,-0.0743875429,-0.0369136184,0.0806072131,0.9733614922,0.2146334648,0.0199634749,-0.2168672383,0.9759976268,1,70.8,216.0,2050.3,1,0.9968329668,-0.0716594905,-0.0344535671,0.0767552629,0.9803481102,0.1817246526,0.0207534209,-0.1837934703,0.9827464223,1,84.2,33.6,2084.5,1,0.0264480095,-0.9060944319,-0.4222482443,0.9946519732,0.0660395026,-0.0794117078,0.0998395458,-0.4178897738,0.9029952288,1,-52.2,206.5,2047.7,1,-0.3990735710,-0.9060944319,-0.1404754966,0.1945522726,0.0660395026,-0.9786666036,0.8960412145,-0.4178898036,0.1499280930,1,-58.8,-38.4,2023.1,1,0.0771533474,0.8244339824,0.5606744885,-0.9788406491,0.1695308536,-0.1145872846,-0.1895212829,-0.5399701595,0.8200694323,1,193.9,225.5,2052.9,1,-0.4942123592,0.8244340420,0.2757946849,-0.2492793649,0.1695308983,-0.9534773827,-0.8328348994,-0.5399702191,0.1217301488,1,213.9,-28.0,2003.8,1,0.8523685932,-0.5104275942,-0.1137157530,0.5192504525,0.8518899083,0.0682819933,0.0620202906,-0.1172484010,0.9911640286,1,11.9,-155.4,2116.9,1,0.8523707390,-0.5104245543,-0.1137145981,0.5192471743,0.8518921733,0.0682800338,0.0620207712,-0.1172458827,0.9911643863,1,201.7,-472.2,2160.5,1,0.7452923656,0.4342638552,0.5059191585,-0.4084680974,0.8971182108,-0.1683230698,-0.5269659162,-0.0812019482,0.8459982872,0,183.1,-142.3,2120.5,1,-0.1621710062,0.4816938639,0.8612033725,0.0055065453,0.8731846809,-0.4873583317,-0.9867470860,-0.0742932111,-0.1442576647,0,21.5,-476.2,2150.7,0,35.4,-84.3,1811.8,1,98.1,-86.5,1808.5,1,384.2,-776.7,2202.4,1,-150.9,-788.7,2177.3,0,
20,0.9977113008,-0.0597404651,-0.0316447094,0.0652955323,0.9728284478,0.2221237719,0.0175143126,-0.2236815393,0.9745055437,1,64.2,416.8,2004.6,1,0.9977113008,-0.0597404651,-0.0316447094,0.0652955323,0.9728284478,0.2221237719,0.0175143126,-0.2236815393,0.9745055437,1,75.7,229.8,2047.6,1,0.9977101088,-0.0608596839,-0.0294743124,0.0653144419,0.9801896214,0.1869760603,0.0175103210,-0.1884728968,0.9819229245,1,87.0,47.4,2082.6,1,0.0473852679,-0.8990809917,-0.4352106154,0.9939485788,0.0856676698,-0.0687566996,0.0991013050,-0.4293189347,0.8976994753,1,-47.5,221.7,2045.4,1,-0.4091450274,-0.8990808725,-0.1557367742,0.1844342947,0.0856676549,-0.9791042209,0.8936354518,-0.4293188453,0.1307708472,1,-59.9,-37.2,2019.6,1,0.0626794919,0.8215036392,0.5667477250,-0.9818168283,0.1527070403,-0.1127655506,-0.1791836768,-0.5493743420,0.8161378503,1,198.9,237.8,2049.7,1,-0.4951764643,0.8215037584,0.2827225029,-0.2866558135,0.1527070999,-0.9457849264,-0.8201394677,-0.5493744612,0.1598718613,1,215.5,-21.5,2002.4,1,0.9046217799,-0.4169580638,-0.0883481205,0.4226581752,0.9043124914,0.0598247088,0.0549499094,-0.0914597958,0.9942914844,0,12.2,-140.6,2116.2,1,0.8798240423,-0.4644611478,-0.1009234414,0.4716431499,0.8794344664,0.0644034371,0.0588426664,-0.1042635366,0.9928074479,0,167.4,-477.3,2150.2,0,0.6295543909,0.5356656909,0.5627821088,-0.4572351873,0.8410617709,-0.2890522480,-0.6281698346,-0.0753497332,0.7744191885,1,184.5,-129.4,2119.2,1,-0.3090977371,0.2597649992,0.9148664474,0.0412206613,0.9647294879,-0.2599960864,-0.9501365423,-0.0426528081,-0.3089033663,0,-14.9,-442.4,2147.3,1,37.0,-80.9,1808.0,1,98.1,-89.4,1808.1,1,333.6,-792.0,2187.5,0,-107.9,-787.7,2162.5,0,
21,0.9984925389,-0.0508108698,-0.0207134578,0.0543557033,0.9675285220,0.2468433976,0.0074977158,-0.2475971282,0.9688347578,1,68.3,421.9,1996.0,1,0.9984925389,-0.0508108698,-0.0207134578,0.0543557033,0.9675285220,0.2468433976,0.0074977158,-0.2475971282,0.9688347578,1,78.0,236.4,2043.5,1,0.9983096719,-0.0550119244,-0.0186975859,0.0577140413,0.9760341048,0.2098194957,0.0067060813,-0.2105439156,0.9775620699,1,88.3,54.9,2082.6,1,0.1116213202,-0.8515571952,-0.5122413039,0.9865847826,0.1567514837,-0.0456014536,0.1191268265,-0.5002793670,0.8576301336,1,-45.3,229.3,2042.6,1,-0.4626045823,-0.8515571356,-0.2466728985,0.2243241668,0.1567514837,-0.9618251324,0.8577154279,-0.5002794266,0.1185108721,1,-74.4,-28.3,2011.5,1,0.0601481572,0.8124575615,0.5799094439,-0.9803447127,0.1574418545,-0.1188959777,-0.1878999323,-0.5613597631,0.8059583902,1,201.3,243.6,2044.3,1,-0.4966910779,0.8124575019,0.3053042889,-0.3172914088,0.1574418247,-0.9351675510,-0.8078514934,-0.5613598228,0.1795858443,1,217.4,-17.3,1994.3,1,0.9385893941,-0.3381130397,-0.0687711835,0.3417831361,0.9383902550,0.0510684997,0.0472672880,-0.0714371800,0.9963245392,0,12.5,-131.7,2121.2,1,0.9022648931,-0.4217712283,-0.0895941108,0.4276120663,0.9019480944,0.0603123643,0.0553712137,-0.0927292556,0.9941505194,0,138.3,-481.0,2147.8,0,0.6273040771,0.5339113474,0.5669467449,-0.4561534524,0.8419499993,-0.2881746888,-0.6312004328,-0.0778414756,0.7717039585,1,184.6,-121.8,2122.4,1,-0.3017666936,0.1285174191,0.9446799755,0.0188280456,0.9914827347,-0.1288702488,-0.9531959295,-0.0211022627,-0.3016161621,0,-14.2,-435.2,2151.3,1,36.4,-82.0,1806.2,1,98.1,-93.5,1800.4,1,289.3,-803.8,2181.0,0,-60.2,-790.0,2158.9,0,
22,0.9978542924,-0.0556788594,-0.0344204120,0.0626816526,0.9642937779,0.2573053539,0.0188641436,-0.2589106858,0.9657176733,1,69.2,419.2,1992.2,1,0.9978542924,-0.0556788594,-0.0344204120,0.0626816526,0.9642937779,0.2573053539,0.0188641436,-0.2589106858,0.9657176733,1,79.8,234.5,2041.8,1,0.9979272485,-0.0558313355,-0.0319725424,0.0614138171,0.9747372866,0.2147397697,0.0191748347,-0.2162581831,0.9761485457,1,90.2,53.2,2082.0,1,0.1397254020,-0.8185191154,-0.5572281480,0.9791063666,0.1981730461,-0.0455870628,0.1477414817,-0.5392159820,0.8291071057,1,-43.4,227.0,2039.4,1,-0.4908671975,-0.8185192347,-0.2984556556,0.2463719696,0.1981730163,-0.9486982822,0.8356735110,-0.5392159820,0.1043835506,1,-79.2,-23.9,2001.6,1,0.0663713738,0.8114249110,0.5806759000,-0.9804303646,0.1611343622,-0.1131025404,-0.1853410602,-0.5618054867,0.8062402010,1,203.1,242.1,2044.2,1,-0.5091798902,0.8114249110,0.2869241238,-0.2770021558,0.1611343324,-0.9472621679,-0.8148653507,-0.5618054271,0.1427200735,1,221.2,-25.2,1993.6,1,0.8599300981,-0.5049425364,-0.0745212659,0.5083625913,0.8603699803,0.0364843756,0.0456933454,-0.0692578331,0.9965518117,1,14.8,-133.5,2120.6,1,0.8599296808,-0.5049430728,-0.0745194033,0.5083627701,0.8603698015,0.0364811793,0.0456933230,-0.0692541525,0.9965519905,1,202.5,-453.4,2146.4,1,0.6479941607,0.5138064623,0.5622336268,-0.4292603135,0.8561452627,-0.2876648903,-0.6291577220,-0.0549394488,0.7753337622,1,186.4,-122.9,2123.9,1,-0.2836633921,0.3193260133,0.9041935205,0.0682369545,0.9472566843,-0.3131269515,-0.9564929605,-0.0271232389,-0.2904918790,1,-4.6,-441.3,2144.4,1,39.1,-83.4,1800.0,1,98.9,-91.7,1797.9,1,383.0,-760.9,2171.1,1,-115.2,-769.3,2153.8,1,
23,0.9974933863,-0.0560045093,-0.0432279035,0.0650005862,0.9667113423,0.2474707812,0.0279286690,-0.2496602237,0.9679313302,1,71.1,418.8,1990.3,1,0.9974933863,-0.0560045093,-0.0432279035,0.0650005862,0.9667113423,0.2474707812,0.0279286690,-0.2496602237,0.9679313302,1,81.9,233.1,2038.3,1,0.9976288080,-0.0553549081,-0.0408755131,0.0626375824,0.9764546752,0.2064228058,0.0284858104,-0.2084936351,0.9776094556,1,92.2,51.4,2077.1,1,0.1584580988,-0.7927183509,-0.5886330605,0.9736927748,0.2243284583,-0.0399905294,0.1637483537,-0.5668109655,0.8074106574,1,-41.3,225.4,2034.8,1,-0.5137510300,-0.7927182913,-0.3281123936,0.2546239793,0.2243284732,-0.9406611919,0.8192842007,-0.5668109655,0.0865960941,1,-81.6,-22.1,1993.1,1,0.0877190456,0.7967810035,0.5978673100,-0.9769062400,0.1861952245,-0.1048117876,-0.1948320717,-0.5748662949,0.7947132587,1,205.1,240.9,2041.8,1,-0.5051249266,0.7967811823,0.3316455185,-0.3169007003,0.1861951947,-0.9300029278,-0.8027594686,-0.5748663545,0.1584486514,1,228.2,-16.1,1990.6,1,0.9095684886,-0.4114512205,-0.0582498536,0.4136592746,0.9098525047,0.0324721523,0.0396380648,-0.0536312424,0.9977737665,0,16.8,-135.7,2113.4,1,0.8860185146,-0.4588803053,-0.0663325116,0.4616631269,0.8863766193,0.0346935019,0.0428754166,-0.0613623634,0.9971942306,0,169.9,-474.3,2133.4,0,0.7694052458,0.4235364497,0.4781553149,-0.3681512773,0.9057624936,-0.2099023312,-0.5219964385,-0.0145335048,0.8528238535,0,188.2,-124.9,2118.3,1,-0.1038821936,0.2977356315,0.9489793777,0.0355478525,0.9546435475,-0.2956213951,-0.9939540625,0.0030243695,-0.1097543240,0,30.6,-462.0,2123.7,0,42.8,-83.7,1794.7,1,106.2,-92.7,1796.6,1,334.1,-791.6,2155.4,0,-76.0,-803.7,2122.7,0,
