1,0.9931942225,-0.0458718650,-0.1070508361,0.0719703734,0.9643970132,0.2544758022,0.0915663987,-0.2604481280,0.9611367583,1,56.8,382.8,2158.9,1,0.9931942225,-0.0458718650,-0.1070508361,0.0719703734,0.9643970132,0.2544758022,0.0915663987,-0.2604481280,0.9611367583,1,65.7,195.7,2209.5,1,0.9935715199,-0.0444253162,-0.1041192934,0.0638474822,0.9794390798,0.1913682073,0.0934770927,-0.1967855543,0.9759811163,1,73.8,17.9,2245.2,1,0.0558839329,-0.6299903393,-0.7745897174,0.8232561946,0.4680208862,-0.3212563694,0.5649124980,-0.6197326779,0.5447983146,1,-59.6,187.6,2197.7,1,-0.6320551038,-0.6299903989,-0.4512410164,0.1546780467,0.4680208564,-0.8700754642,0.7593293190,-0.6197327375,-0.1983692944,1,-74.1,-26.1,2051.0,1,0.0241532102,0.8322840929,0.5538229346,-0.8565129042,0.3029236197,-0.4178790450,-0.5155600905,-0.4642633796,0.7201786637,1,191.0,203.7,2221.3,1,-0.3860302567,0.8322840929,0.3978489935,-0.2843488753,0.3029236197,-0.9096059799,-0.8775683641,-0.4642633498,0.1197213680,0,196.8,0.4,2098.9,1,0.5825552344,-0.0486258864,0.8113355637,0.0129012549,0.9986364245,0.0505880825,-0.8126889467,-0.0190031007,0.5823879838,1,-1.0,-165.2,2273.1,1,-0.9994125366,0.0000000000,-0.0342715867,-0.0000000000,1.0000000000,0.0000000000,0.0342715867,-0.0000000000,-0.9994125366,0,16.6,-527.8,2280.0,1,0.7173069715,0.4365251660,0.5430620909,-0.3722322881,0.8989514112,-0.2309314311,-0.5889937878,-0.0364964828,0.8073129654,1,164.7,-154.6,2288.7,1,-0.8504360318,0.4364022315,0.2937884629,0.3989034593,0.8990116715,-0.1807043403,-0.3429790437,-0.0364842601,-0.9386342764,1,6.3,-480.9,2302.0,1,70.8,-61.5,1877.0,1,105.1,-67.1,1890.5,0,16.6,-877.0,2280.0,0,-146.0,-794.6,2314.7,1,
2,0.9940640330,-0.0450805537,-0.0990116894,0.0674826056,0.9693683982,0.2361574769,0.0853328556,-0.2414369285,0.9666582346,1,55.6,375.0,2163.2,1,0.9940640330,-0.0450805537,-0.0990116894,0.0674826056,0.9693683982,0.2361574769,0.0853328556,-0.2414369285,0.9666582346,1,64.3,186.9,2210.1,1,0.9945641756,-0.0392221101,-0.0964498669,0.0559016131,0.9826506376,0.1768389046,0.0878406987,-0.1812691092,0.9795035720,1,71.4,8.5,2243.0,1,0.0398385003,-0.5787071586,-0.8145618439,0.8116720915,0.4941858351,-0.3113981783,0.5827532411,-0.6487514973,0.4894080758,1,-61.1,179.8,2199.0,1,-0.6944973469,-0.5787072182,-0.4275177717,0.1183799207,0.4941857755,-0.8612587452,0.7096897960,-0.6487514377,-0.2747034132,1,-71.6,-32.5,2046.5,1,0.0450894833,0.8906203508,0.4525068998,-0.9064217806,0.2268959880,-0.3562554717,-0.4199603796,-0.3940986395,0.8175081611,0,189.8,193.9,2221.2,1,-0.3292237520,0.8593799472,0.3912512660,-0.3999683261,0.2484237552,-0.8822192550,-0.8553577065,-0.4469357133,0.2619379163,0,200.5,-21.2,2121.4,0,0.5787544250,-0.0385850593,0.8145886660,-0.0197647922,0.9979227185,0.0613118075,-0.8152623773,-0.0515846312,0.5767896771,1,-2.8,-174.4,2268.7,1,-0.9991990924,0.0000000000,-0.0400128290,-0.0000000000,0.9999999404,0.0000000000,0.0400128253,-0.0000000000,-0.9991991520,0,11.2,-536.7,2287.4,1,0.8157265782,0.3568714857,0.4552283287,-0.3149622083,0.9341315031,-0.1679198742,-0.4851689339,-0.0064030364,0.8743969798,0,159.9,-165.3,2283.1,1,-0.7289878130,0.4232755899,0.5379723310,0.3572072387,0.9056397676,-0.2285161614,-0.5839344263,0.0255821049,-0.8113974333,0,30.3,-504.4,2285.4,0,86.2,-59.4,1885.3,1,122.3,-116.2,1918.4,0,11.2,-885.9,2287.4,0,-117.5,-820.6,2276.5,0,
3,0.9981204271,-0.0463826992,-0.0400391147,0.0554514788,0.9617713094,0.2681797743,0.0260696225,-0.2698956728,0.9625374079,1,54.8,373.7,2154.9,1,0.9981204271,-0.0463826992,-0.0400391147,0.0554514788,0.9617713094,0.2681797743,0.0260696225,-0.2698956728,0.9625374079,1,63.8,187.2,2207.2,1,0.9985133410,-0.0397713520,-0.0372597128,0.0466078930,0.9775217175,0.2056166232,0.0282445848,-0.2070473433,0.9779239893,1,71.0,9.8,2244.8,1,0.0250483267,-0.5423089266,-0.8398058414,0.8027278781,0.5115976334,-0.3064243495,0.5958192348,-0.6664601564,0.4481411278,1,-61.9,181.3,2203.6,1,-0.7294570208,-0.5423088670,-0.4168856144,0.1068905666,0.5115976334,-0.8525505662,0.6756232977,-0.6664601564,-0.3152207732,1,-68.6,-33.4,2044.3,1,0.0526050925,0.9291504622,0.3659402132,-0.9393856525,0.1703683734,-0.2975387573,-0.3388029337,-0.3281068802,0.8817927837,0,189.5,193.1,2210.7,1,-0.2791697979,0.8828896284,0.3775839210,-0.5002853870,0.2019028068,-0.8419913054,-0.8196207881,-0.4239585102,0.3853319883,0,202.0,-29.9,2130.3,0,0.6826605201,-0.0666197464,-0.7276926637,0.1237226650,0.9919956923,0.0252497792,0.7201858163,-0.1072690934,0.6854384542,1,-5.6,-171.5,2280.0,1,-0.9947692752,0.0000000000,-0.1021466479,-0.0000000000,0.9999999404,0.0000000000,0.1021466404,-0.0000000000,-0.9947693348,0,18.6,-531.7,2318.9,1,0.6805647612,0.4390123487,0.5865998864,-0.3559427559,0.8978921771,-0.2590245605,-0.6404185295,-0.0325129405,0.7673374414,1,162.0,-163.7,2284.7,1,-0.8631138206,0.4389827847,0.2496570647,0.4113669395,0.8979071975,-0.1566521823,-0.2929365039,-0.0325079933,-0.9555791616,1,2.6,-489.6,2296.5,1,96.8,-57.6,1891.1,1,135.7,-148.7,1935.7,0,18.6,-880.8,2318.9,0,-150.6,-803.0,2307.8,1,
4,0.9989957809,-0.0446964949,0.0029045339,0.0421642847,0.9603155255,0.2757092714,-0.0151125323,-0.2753096819,0.9612376690,1,54.5,369.4,2149.7,1,0.9989957809,-0.0446964949,0.0029045339,0.0421642847,0.9603155255,0.2757092714,-0.0151125323,-0.2753096819,0.9612376690,1,63.2,182.5,2203.3,1,0.9993028641,-0.0368908383,0.0056374110,0.0348746032,0.9769023061,0.2108195573,-0.0132845361,-0.2104757875,0.9775096774,1,69.9,5.2,2241.5,1,0.0212098267,-0.5112899542,-0.8591465354,0.7912766337,0.5338372588,-0.2981595695,0.6110903621,-0.6734986305,0.4158943892,1,-62.7,178.1,2204.9,1,-0.7490697503,-0.5112900138,-0.4212802649,0.1073357835,0.5338372588,-0.8387472630,0.6537380815,-0.6734986901,-0.3450016379,1,-68.3,-32.7,2042.1,1,0.0526096225,0.9543069601,0.2941612005,-0.9609079361,0.1285590529,-0.2452117205,-0.2718243599,-0.2697612643,0.9237642884,0,189.0,186.9,2201.6,1,-0.2357231379,0.9029932022,0.3592169881,-0.5860689878,0.1627658606,-0.7937441468,-0.7752140164,-0.3976302743,0.4908492565,0,201.5,-41.2,2137.1,0,0.7153653502,-0.0768786818,-0.6945084929,0.0911251530,0.9957051873,-0.0163579192,0.6927832365,-0.0515853204,0.7192984819,1,-6.1,-175.0,2280.8,1,-0.9893403053,0.0000000000,-0.1456219554,-0.0000000000,1.0000000000,0.0000000000,0.1456219554,-0.0000000000,-0.9893403053,0,21.8,-536.5,2299.5,1,0.7912229896,0.3591895103,0.4949231744,-0.3048966527,0.9332643747,-0.1898829937,-0.5300981402,-0.0006606951,0.8479359746,0,159.2,-169.2,2278.6,1,-0.7513686419,0.4263435900,0.5036634803,0.3730040491,0.9040305018,-0.2087986022,-0.5443471074,0.0309838355,-0.8382880688,0,28.8,-508.1,2278.8,0,101.8,-57.1,1893.7,1,145.5,-180.4,1953.0,0,21.8,-885.7,2299.5,0,-120.1,-823.7,2268.0,0,
5,0.9991665483,-0.0408026949,-0.0005087580,0.0397848487,0.9713183641,0.2344295830,-0.0090712085,-0.2342541218,0.9721339345,1,55.5,369.9,2160.6,1,0.9991665483,-0.0408026949,-0.0005087580,0.0397848487,0.9713183641,0.2344295830,-0.0090712085,-0.2342541218,0.9721339345,1,63.4,181.8,2206.0,1,0.9994030595,-0.0344921201,0.0016579083,0.0336450115,0.9834220409,0.1781804264,-0.0077762608,-0.1780180037,0.9839974046,1,69.6,3.4,2238.3,1,0.0152472025,-0.5113614798,-0.8592305183,0.7858392000,0.5374650955,-0.3059215248,0.6182428002,-0.6705526114,0.4100427926,1,-62.6,177.6,2206.9,1,-0.7439100146,-0.5113615394,-0.4302409887,0.1138018221,0.5374650955,-0.8355720043,0.6585187912,-0.6705526114,-0.3416317999,1,-66.6,-31.4,2042.6,1,0.0487633944,0.9706127048,0.2356556207,-0.9748581052,0.0976101756,-0.2003104985,-0.2174263149,-0.2199628651,0.9509690404,0,189.3,186.1,2205.0,1,-0.1984347105,0.9199925065,0.3379873633,-0.6586069465,0.1302219629,-0.7411327362,-0.7258502841,-0.3696681559,0.5800741911,0,200.9,-45.4,2153.4,0,0.7112891674,-0.0948485434,-0.6964706182,0.0973019302,0.9946007133,-0.0360770784,0.6961320043,-0.0421067178,0.7166777253,1,-7.5,-177.8,2271.2,1,-0.9901984334,0.0000000000,-0.1396668404,-0.0000000000,0.9999999404,0.0000000000,0.1396668255,-0.0000000000,-0.9901984930,0,26.9,-539.0,2286.5,1,0.6456130743,0.4424640536,0.6224222183,-0.3777606189,0.8933804631,-0.2432456017,-0.6636873484,-0.0780841112,0.7439234257,1,159.3,-172.2,2269.9,1,-0.8765491247,0.4424607456,0.1894477308,0.4124404788,0.8933825493,-0.1782150865,-0.2481024861,-0.0780783296,-0.9655822515,1,-1.2,-496.2,2298.2,1,102.2,-57.2,1893.1,1,153.8,-201.7,1981.0,0,26.9,-888.1,2286.5,0,-155.5,-807.8,2325.5,1,
6,0.9988073111,-0.0482823774,-0.0071875947,0.0485108271,0.9653784037,0.2563018203,-0.0054361159,-0.2563444972,0.9665709734,1,54.0,365.4,2153.1,1,0.9988073111,-0.0482823774,-0.0071875947,0.0485108271,0.9653784037,0.2563018203,-0.0054361159,-0.2563444972,0.9665709734,1,63.4,176.7,2203.1,1,0.9992392063,-0.0387447216,-0.0043244408,0.0388529971,0.9805700779,0.1922809780,-0.0032094591,-0.1923024505,0.9813312888,1,70.4,-1.2,2238.0,1,0.0501727425,-0.6382784843,-0.7681689262,0.7949764729,0.4911004007,-0.3561360240,0.6045619249,-0.5928078890,0.5320562124,1,-62.6,171.8,2203.6,1,-0.6013246179,-0.6382784247,-0.4806344211,0.1627290845,0.4911004007,-0.8557685614,0.7822582126,-0.5928078890,-0.1914443076,1,-75.1,-26.8,2052.5,1,0.0432392359,0.9811331034,0.1884374470,-0.9838587046,0.0745994449,-0.1626572609,-0.1736457497,-0.1783625782,0.9685215354,0,189.4,181.6,2202.7,1,-0.1667037010,0.9342421889,0.3152762055,-0.7194113135,0.1034167409,-0.6868409514,-0.6742810011,-0.3413131833,0.6548661590,0,199.7,-52.0,2161.5,0,0.7051287889,-0.1017172039,-0.7017457485,0.1407422572,0.9900439978,-0.0020849556,0.6949713230,-0.0972951353,0.7124243975,1,-6.9,-182.4,2273.2,1,-0.9907534719,0.0000000000,-0.1356746554,-0.0000000000,0.9999999404,0.0000000000,0.1356746405,-0.0000000000,-0.9907535315,0,30.0,-541.9,2308.5,1,0.7678733468,0.3653840721,0.5261796713,-0.3230027854,0.9301632047,-0.1745441407,-0.5532085896,-0.0359296948,0.8322675824,0,161.9,-175.9,2272.7,1,-0.7760535479,0.4376209974,0.4541243613,0.3714973330,0.8990921974,-0.2315662205,-0.5096379519,-0.0110018030,-0.8603187799,0,29.2,-513.6,2285.7,0,62.0,-63.9,1874.2,1,160.1,-222.8,2001.4,0,30.0,-891.1,2308.5,0,-123.6,-827.5,2289.6,0,
7,0.9989537597,-0.0455802269,0.0035520415,0.0430740826,0.9643696547,0.2610268593,-0.0153231686,-0.2606004775,0.9653258920,1,55.1,366.1,2148.8,1,0.9989537597,-0.0455802269,0.0035520415,0.0430740826,0.9643696547,0.2610268593,-0.0153231686,-0.2606004775,0.9653258920,1,64.0,177.2,2199.8,1,0.9991359711,-0.0410390384,0.0064752451,0.0389844030,0.9799459577,0.1954106241,-0.0143648777,-0.1949891001,0.9807010293,1,71.4,-0.6,2235.2,1,0.0592051409,-0.7024197578,-0.7092962861,0.8011687994,0.4573087990,-0.3860015571,0.5955024958,-0.5454127789,0.5898318887,1,-62.0,172.3,2201.6,1,-0.5460057259,-0.7024198174,-0.4566006958,0.1453719288,0.4573088288,-0.8773458600,0.8250725269,-0.5454127789,-0.1475811303,1,-76.7,-26.8,2053.6,1,0.0372696519,0.9879010320,0.1505423486,-0.9896488786,0.0573805571,-0.1315405667,-0.1385872662,-0.1440815330,0.9798132777,0,190.0,182.2,2198.0,1,-0.1398742199,0.9461048841,0.2920918465,-0.7700309753,0.0815145969,-0.6327757239,-0.6224824190,-0.3134301305,0.7171306610,0,198.8,-52.8,2165.1,0,0.7133213878,-0.1054306477,-0.6928614974,0.1355190277,0.9907112122,-0.0112326927,0.6876099110,-0.0858833790,0.7209832072,1,-5.5,-181.8,2271.8,1,-0.9890858531,0.0000000000,-0.1473398507,-0.0000000000,0.9999999404,0.0000000000,0.1473398358,-0.0000000000,-0.9890859127,0,32.7,-541.5,2303.0,1,0.6381590962,0.4454011619,0.6279895902,-0.4051234722,0.8878803849,-0.2180447131,-0.6546969414,-0.1152660996,0.7470513582,1,163.3,-175.2,2269.4,1,-0.8779379725,0.4453987479,0.1756266505,0.4078581035,0.8878817558,-0.2128795236,-0.2507519722,-0.1152642742,-0.9611647129,1,1.7,-497.2,2311.2,1,50.0,-60.5,1862.1,1,165.6,-235.6,2017.3,0,32.7,-890.6,2303.0,0,-153.6,-806.9,2351.4,1,
8,0.9987701774,-0.0453597791,0.0199856684,0.0390281379,0.9682122469,0.2470650971,-0.0305572432,-0.2459809184,0.9687936902,1,54.2,368.2,2153.6,1,0.9987701774,-0.0453597791,0.0199856684,0.0390281379,0.9682122469,0.2470650971,-0.0305572432,-0.2459809184,0.9687936902,1,63.0,180.4,2201.3,1,0.9987459183,-0.0445471965,0.0228231996,0.0395538434,0.9818437099,0.1855198741,-0.0306732599,-0.1843841970,0.9823763371,1,71.1,2.2,2234.8,1,0.0585412420,-0.7130790353,-0.6986353993,0.7985385656,0.4534342885,-0.3958960176,0.5990903378,-0.5347110629,0.5959656239,1,-63.0,175.4,2205.2,1,-0.5434743762,-0.7130789161,-0.4428928792,0.1242999807,0.4534342289,-0.8825797439,0.8301717043,-0.5347110629,-0.1577941924,1,-77.7,-26.2,2054.0,1,0.0315134525,0.9922466874,0.1202233285,-0.9933667779,0.0444009304,-0.1060717627,-0.1105873883,-0.1160831526,0.9870638847,0,189.0,185.4,2197.5,1,-0.1172978878,0.9559271932,0.2691484094,-0.8119438291,0.0637415648,-0.5802423358,-0.5718258619,-0.2865959406,0.7686854005,0,196.4,-50.5,2171.2,0,0.7248709202,-0.0869393051,-0.6833767295,0.1214421988,0.9925950170,0.0025379732,0.6780958176,-0.0848304257,0.7300616503,1,-4.7,-179.4,2270.9,1,-0.9869672060,0.0000000000,-0.1609213054,-0.0000000000,0.9999999404,0.0000000000,0.1609212905,-0.0000000000,-0.9869672656,0,26.9,-539.8,2301.7,1,0.7629095316,0.3703663647,0.5299036503,-0.3439750373,0.9265353680,-0.1523592919,-0.5474032164,-0.0660372525,0.8342594504,0,163.1,-172.7,2265.7,1,-0.7786035538,0.4460549653,0.4413746595,0.3620683849,0.8938123584,-0.2645863891,-0.5125262141,-0.0462000892,-0.8574278355,0,28.6,-509.1,2289.7,0,49.8,-55.4,1859.1,1,168.6,-243.2,2035.5,0,26.9,-888.9,2301.7,0,-127.2,-821.2,2305.8,0,
9,0.9989776611,-0.0451737605,0.0013185751,0.0434619300,0.9683015943,0.2459723055,-0.0123882890,-0.2456631958,0.9692768455,1,54.8,369.4,2156.1,1,0.9989776611,-0.0451737605,0.0013185751,0.0434619300,0.9683015943,0.2459723055,-0.0123882890,-0.2456631958,0.9692768455,1,63.5,181.6,2203.7,1,0.9990096688,-0.0442762524,0.0042506363,0.0427639112,0.9823618531,0.1820319295,-0.0122353714,-0.1816695929,0.9832842946,1,71.6,3.3,2236.7,1,0.0677670464,-0.7085001469,-0.7024494410,0.8012707829,0.4581475854,-0.3847933412,0.5944516063,-0.5367758870,0.5987477899,1,-62.4,176.2,2205.2,1,-0.5533678532,-0.7085001469,-0.4379629791,0.1113714799,0.4581475556,-0.8818714619,0.8254576325,-0.5367758870,-0.1746174395,1,-79.4,-25.0,2056.0,1,0.0262883306,0.9950338006,0.0960042402,-0.9957512021,0.0345431566,-0.0853602365,-0.0882525966,-0.0933523551,0.9917140603,0,189.5,187.0,2202.2,1,-0.0983664989,0.9640249014,0.2469332218,-0.8464977741,0.0494077802,-0.5300914049,-0.5232222676,-0.2611731291,0.8111882806,0,195.8,-49.4,2181.2,0,0.7119702101,-0.0685133040,-0.6988590956,0.1141661629,0.9932808280,0.0189307705,0.6928665042,-0.0932641923,0.7150087357,1,-4.2,-178.6,2270.7,1,-0.9900779128,0.0000000000,-0.1405195743,-0.0000000000,0.9999999404,0.0000000000,0.1405195594,-0.0000000000,-0.9900779724,0,20.7,-539.3,2304.6,1,0.6644919515,0.3443235159,0.6632434726,-0.3462574482,0.9283675551,-0.1350537837,-0.6622359157,-0.1399108320,0.7361172438,1,163.4,-171.5,2268.6,1,-0.9498164654,0.2305114418,0.2114545107,0.2126717716,0.9715876579,-0.1038658172,-0.2293888479,-0.0536830723,-0.9718532562,0,38.4,-508.6,2319.4,1,51.2,-51.2,1861.2,1,172.4,-250.4,2057.0,0,20.7,-888.4,2304.6,0,-42.1,-847.8,2338.2,0,
10,0.9988188148,-0.0462559871,0.0148353605,0.0410630442,0.9671475887,0.2508756518,-0.0259525292,-0.2499698400,0.9679065943,1,52.7,363.7,2152.3,1,0.9988188148,-0.0462559871,0.0148353605,0.0410630442,0.9671475887,0.2508756518,-0.0259525292,-0.2499698400,0.9679065943,1,61.7,175.5,2200.9,1,0.9988440275,-0.0445668995,0.0179784428,0.0405229256,0.9821995497,0.1834151745,-0.0258327071,-0.1824743450,0.9828720093,1,69.8,-2.8,2234.1,1,0.0622956827,-0.6858016253,-0.7251174450,0.7845231295,0.4827604294,-0.3891859949,0.6169623733,-0.5446267724,0.5681012273,1,-64.2,170.4,2204.2,1,-0.5625355244,-0.6858018041,-0.4617682695,0.1231852993,0.4827605486,-0.8670454621,0.8175446987,-0.5446269512,-0.1870892197,1,-79.8,-25.3,2050.3,1,0.0217153430,0.9968199134,0.0766715258,-0.9972793460,0.0270012021,-0.0685922801,-0.0704443753,-0.0749734193,0.9946942329,0,187.7,180.6,2197.7,1,-0.0825308561,0.9706779122,0.2257626802,-0.8748869300,0.0379133224,-0.4828371704,-0.4772393107,-0.2373671830,0.8461080790,0,192.9,-56.2,2181.0,0,0.7206234336,-0.0766994208,-0.6890712380,0.1319788396,0.9908647537,0.0277305171,0.6806495190,-0.1109260991,0.7241629362,1,-5.8,-184.5,2269.4,1,-0.9879601002,0.0000000000,-0.1547085941,-0.0000000000,0.9999999404,0.0000000000,0.1547085792,-0.0000000000,-0.9879601598,0,22.0,-544.3,2309.6,1,0.6880131364,0.1690680683,0.7057293653,-0.1887676269,0.9807010889,-0.0509128012,-0.7007173896,-0.0981901437,0.7066497803,1,161.6,-177.7,2265.0,1,-0.9739869833,0.1143895537,0.1956126988,0.1068294421,0.9930787086,-0.0488073491,-0.1998418570,-0.0266405325,-0.9794659019,0,100.2,-533.8,2300.7,1,53.4,-54.4,1856.8,1,173.3,-263.9,2067.7,0,22.0,-893.5,2309.6,0,60.3,-880.6,2310.0,0,
11,0.9989384413,-0.0430784337,-0.0162818898,0.0457302555,0.9696455598,0.2401987463,0.0054402915,-0.2406880111,0.9705880284,1,54.7,364.6,2153.9,1,0.9989384413,-0.0430784337,-0.0162818898,0.0457302555,0.9696455598,0.2401987463,0.0054402915,-0.2406880111,0.9705880284,1,63.0,176.0,2200.7,1,0.9989023805,-0.0448840223,-0.0133508667,0.0465301201,0.9834466577,0.1751191616,0.0052698292,-0.1755478978,0.9844576120,1,71.2,-2.5,2232.6,1,0.0647141263,-0.6819509268,-0.7285293341,0.7906616926,0.4804513752,-0.3795004785,0.6088236570,-0.5514612198,0.5702844262,1,-62.9,170.2,2200.0,1,-0.5676432252,-0.6819509864,-0.4612202048,0.1277893186,0.4804513454,-0.8676614761,0.8132964373,-0.5514611602,-0.1855788827,1,-78.9,-25.8,2049.1,1,0.0178077817,0.9979639649,0.0612424053,-0.9982580543,0.0211918950,-0.0550592504,-0.0562449880,-0.0601552539,0.9966031313,0,189.0,181.9,2201.4,1,-0.0693064928,0.9761291146,0.2058266699,-0.8981469274,0.0287455320,-0.4387508035,-0.4341944158,-0.2152720839,0.8747186065,0,193.2,-55.1,2188.0,0,0.6988192201,-0.0607134812,-0.7127171159,0.1206467152,0.9921209216,0.0337793678,0.7050505877,-0.1095926687,0.7006377578,1,-4.4,-184.9,2264.0,1,-0.9925795197,0.0000000000,-0.1215974241,-0.0000000000,1.0000000000,0.0000000000,0.1215974241,-0.0000000000,-0.9925795197,0,17.7,-545.2,2303.8,1,0.7152934074,0.0719285831,0.6951127648,-0.1258490682,0.9916850924,0.0268855840,-0.6873990893,-0.1067103744,0.7183978558,1,163.0,-177.1,2264.9,1,-0.9740880132,0.0566742457,0.2189533710,0.0523904599,0.9983054996,-0.0253263563,-0.2200177014,-0.0131990332,-0.9754065871,0,136.9,-537.2,2303.6,1,55.6,-56.1,1856.3,1,176.7,-268.3,2084.9,0,17.7,-894.3,2303.8,0,117.1,-885.8,2308.2,0,
12,0.9973857403,-0.0520749986,-0.0500876531,0.0623450875,0.9706405997,0.2323120832,0.0365195498,-0.2348271459,0.9713517427,1,53.2,367.4,2156.7,1,0.9973857403,-0.0520749986,-0.0500876531,0.0623450875,0.9706405997,0.2323120832,0.0365195498,-0.2348271459,0.9713517427,1,63.3,179.2,2202.3,1,0.9977534413,-0.0477296896,-0.0469981954,0.0551452227,0.9835833311,0.1718190461,0.0380258635,-0.1740244925,0.9840077162,1,72.0,0.6,2233.8,1,0.0656811967,-0.6875567436,-0.7231540680,0.7982800007,0.4710303545,-0.3753392398,0.5986945033,-0.5526267290,0.5798006058,1,-62.5,172.2,2197.5,1,-0.5548482537,-0.6875566840,-0.4684113860,0.1501394957,0.4710303545,-0.8692460060,0.8182918429,-0.5526266694,-0.1581209749,1,-78.8,-25.9,2048.9,1,0.0145232081,0.9986968040,0.0489278659,-0.9988850355,0.0166894794,-0.0441612862,-0.0449203178,-0.0482319407,0.9978255630,0,189.1,186.1,2207.0,1,-0.0582734346,0.9805855751,0.1872233897,-0.9171621799,0.0214728117,-0.3979309797,-0.3942259550,-0.1949040294,0.8981080055,0,192.5,-51.0,2196.4,0,0.6738077402,-0.0432841852,-0.7376378179,0.1274914891,0.9901209474,0.0583594665,0.7278248072,-0.1333655715,0.6726697683,1,-2.9,-182.6,2262.3,1,-0.9962984920,0.0000000000,-0.0859608203,-0.0000000000,0.9999999404,0.0000000000,0.0859608129,-0.0000000000,-0.9962985516,0,12.8,-542.1,2310.7,1,0.7387302518,0.0408397913,0.6727627516,-0.0764241517,0.9968006015,0.0234075151,-0.6696543694,-0.0687071607,0.7394880056,1,164.2,-173.3,2268.6,1,-0.9678868055,0.0281720329,0.2498027682,0.0256372169,0.9995814562,-0.0133958580,-0.2500756085,-0.0065614250,-0.9682041407,0,149.4,-535.3,2293.6,1,52.8,-61.5,1854.8,1,178.7,-268.8,2102.8,0,12.8,-891.2,2310.7,0,139.5,-884.2,2295.9,0,
13,0.9982021451,-0.0552154221,-0.0232964866,0.0590376966,0.9728072286,0.2239638865,0.0102967704,-0.2249362469,0.9743199348,1,50.7,361.4,2158.1,1,0.9982021451,-0.0552154221,-0.0232964866,0.0590376966,0.9728072286,0.2239638865,0.0102967704,-0.2249362469,0.9743199348,1,61.4,172.8,2201.7,1,0.9986611605,-0.0476694256,-0.0200601015,0.0503001288,0.9854474664,0.1623643041,0.0120284054,-0.1631556451,0.9865278602,1,70.1,-6.1,2231.3,1,0.0583855025,-0.6668449640,-0.7429058552,0.7798769474,0.4950332046,-0.3830590546,0.6232039928,-0.5570100546,0.5489596725,1,-64.5,166.4,2200.2,1,-0.5515497923,-0.6668448448,-0.5011095405,0.1747661084,0.4950331450,-0.8511162996,0.8156284094,-0.5570099950,-0.1564935297,1,-78.8,-25.0,2047.2,1,0.0117952824,0.9991657734,0.0390972495,-0.9992862940,0.0131818652,-0.0353994407,-0.0358852819,-0.0386517979,0.9986081719,0,187.3,179.1,2203.2,1,-0.0490717888,0.9842223525,0.1699860394,-0.9326798320,0.0157359242,-0.3603578508,-0.3573473990,-0.1762267649,0.9171950221,0,190.1,-58.1,2194.7,0,0.6932818294,-0.0317799076,-0.7199656367,0.1179168820,0.9905655980,0.0698221251,0.7109544873,-0.1333024800,0.6904884577,1,-4.9,-189.2,2259.9,1,-0.9938670397,0.0000000000,-0.1105810627,-0.0000000000,0.9999999404,0.0000000000,0.1105810553,-0.0000000000,-0.9938670993,0,6.6,-548.9,2308.3,1,0.7196553946,0.0241093673,0.6939126849,-0.0211026836,0.9996948242,-0.0128479376,-0.6940106750,-0.0053973328,0.7199445367,1,162.3,-180.8,2262.0,1,-0.9745624065,0.0140406461,0.2236760259,0.0129532432,0.9998960495,-0.0063280961,-0.2237416357,-0.0032697949,-0.9746430516,0,153.6,-543.8,2263.9,1,52.0,-66.5,1853.7,1,178.4,-279.6,2109.9,0,6.6,-898.0,2308.3,0,148.7,-892.9,2265.1,0,
14,0.9978880882,-0.0620483458,-0.0191838648,0.0646216497,0.9780941010,0.1978762150,0.0064857723,-0.1986976266,0.9800401926,1,48.3,358.4,2165.8,1,0.9978880882,-0.0620483458,-0.0191838648,0.0646216497,0.9780941010,0.1978762150,0.0064857723,-0.1986976266,0.9800401926,1,60.3,168.9,2204.3,1,0.9982075691,-0.0577569567,-0.0156404860,0.0593791790,0.9884092808,0.1397146136,0.0073897499,-0.1403925568,0.9900692105,1,70.8,-10.5,2229.8,1,0.0583762415,-0.6582971215,-0.7504912615,0.7690036297,0.5090293884,-0.3866814077,0.6365733743,-0.5545575023,0.5359480977,1,-65.5,161.4,2203.4,1,-0.5459364057,-0.6582971215,-0.5182648301,0.1843629926,0.5090295076,-0.8407731056,0.8172904849,-0.5545575023,-0.1565320939,1,-79.9,-27.6,2046.9,1,0.0095488429,0.9994660616,0.0312477481,-0.9995431900,0.0104363561,-0.0283635166,-0.0286744852,-0.0309626367,0.9991091490,0,186.2,176.4,2205.2,1,-0.0413966179,0.9871858358,0.1541026235,-0.9453248978,0.0112378001,-0.3259322941,-0.3234877586,-0.1591702104,0.9327487946,0,188.5,-60.9,2198.4,0,0.6728081703,-0.2490999997,-0.6966190934,0.2801012099,0.9572830200,-0.0717820823,0.6847425103,-0.1468283236,0.7138409615,1,-2.3,-194.9,2254.6,1,-0.9892604351,0.0000000000,-0.1461632699,-0.0000000000,0.9999999404,0.0000000000,0.1461632550,-0.0000000000,-0.9892604947,0,88.1,-542.4,2308.0,1,0.7030894756,0.2205550075,0.6760330796,-0.2230297625,0.9711102843,-0.0848677158,-0.6752206087,-0.0911058784,0.7319677472,1,164.9,-184.9,2255.9,1,-0.9736211300,0.0070084860,0.2280628532,0.0064515201,0.9999740720,-0.0031875775,-0.2280792743,-0.0016321407,-0.9736412168,0,84.8,-537.5,2289.0,1,49.7,-71.3,1853.0,1,178.6,-285.4,2121.6,0,88.1,-891.6,2308.0,0,82.3,-886.6,2289.5,0,
15,0.9979296923,-0.0598752499,-0.0234503783,0.0634928718,0.9752188921,0.2119339108,0.0101796985,-0.2129837126,0.9770034552,1,49.4,358.7,2162.2,1,0.9979296923,-0.0598752499,-0.0234503783,0.0634928718,0.9752188921,0.2119339108,0.0101796985,-0.2129837126,0.9770034552,1,61.1,169.2,2203.5,1,0.9979625344,-0.0607442074,-0.0194837935,0.0629590750,0.9870700836,0.1474037915,0.0102779884,-0.1483298242,0.9888853431,1,72.1,-10.0,2230.5,1,0.0637978017,-0.6518594027,-0.7556515932,0.7757976055,0.5086928606,-0.3733227849,0.6277484894,-0.5624155402,0.5381643176,1,-64.8,161.3,2202.2,1,-0.5337409377,-0.6518592238,-0.5387022495,0.2190794349,0.5086927414,-0.8326078653,0.8167770505,-0.5624154806,-0.1287012249,1,-80.3,-27.9,2049.2,1,0.0077109337,0.9996582270,0.0249781776,-0.9997075796,0.0082789660,-0.0227182359,-0.0229172651,-0.0247956961,0.9994298220,0,186.9,177.1,2204.8,1,-0.0349910259,0.9895979166,0.1395309269,-0.9556173086,0.0077350140,-0.2945050299,-0.2925210595,-0.1436437666,0.9454087615,0,188.8,-60.2,2199.4,0,0.6670296192,-0.2570917904,-0.6992678046,0.3003961146,0.9517080784,-0.0633566231,0.6817872524,-0.1677965820,0.7120468020,1,-0.5,-194.4,2256.5,1,-0.9893494844,0.0000000000,-0.1455588788,-0.0000000000,0.9999999404,0.0000000000,0.1455588639,-0.0000000000,-0.9893495440,0,92.9,-540.0,2317.4,1,0.6823664904,0.3275146186,0.6535366774,-0.3270399868,0.9363332987,-0.1277689338,-0.6537742615,-0.1265474260,0.7460328341,1,166.7,-183.9,2258.2,1,-0.9679047465,0.0035012225,0.2512925267,0.0031841474,0.9999935031,-0.0016683661,-0.2512967288,-0.0008146670,-0.9679096937,0,47.8,-523.8,2304.2,1,46.3,-79.9,1855.5,1,180.5,-287.1,2129.9,0,92.9,-889.1,2317.4,0,46.6,-873.0,2304.5,0,
16,0.9983911514,-0.0550882891,-0.0133862644,0.0566779412,0.9750738144,0.2145180404,0.0012351839,-0.2149312496,0.9766292572,1,50.6,360.0,2161.3,1,0.9983911514,-0.0550882891,-0.0133862644,0.0566779412,0.9750738144,0.2145180404,0.0012351839,-0.2149312496,0.9766292572,1,61.3,171.1,2203.0,1,0.9980900884,-0.0610110126,-0.0096193096,0.0617640428,0.9866219759,0.1508689076,0.0002859831,-0.1511745602,0.9885078669,1,72.3,-8.0,2230.4,1,0.0689806193,-0.6515308022,-0.7554795146,0.7803753018,0.5070116520,-0.3659966290,0.6214949489,-0.5643108487,0.5434125662,1,-64.6,163.3,2202.9,1,-0.5280235410,-0.6515309215,-0.5447005630,0.2310247272,0.5070116520,-0.8304016590,0.8172017932,-0.5643109083,-0.1171943396,1,-81.6,-28.6,2050.1,1,0.0062146783,0.9997813106,0.0199695732,-0.9998129010,0.0065782666,-0.0181919988,-0.0183193851,-0.0198527779,0.9996350408,0,187.2,178.9,2203.0,1,-0.0296406746,0.9915596843,0.1262093782,-0.9639871716,0.0050280094,-0.2658974826,-0.2642879188,-0.1295460165,0.9557037354,0,188.6,-58.5,2198.7,0,0.7822636366,-0.2189535201,-0.5832005739,0.2472711205,0.9684208632,-0.0319066048,0.5717697144,-0.1192492843,0.8117012978,0,-0.5,-192.3,2257.8,1,-0.9023395777,-0.0000000000,-0.4310258031,0.0000000000,1.0000000000,-0.0000000000,0.4310258031,0.0000000000,-0.9023395777,0,79.0,-543.9,2301.1,0,0.6662266254,0.3650512099,0.6502921581,-0.3539100885,0.9223170280,-0.1551743597,-0.6564220190,-0.1267636716,0.7436673641,1,167.3,-181.9,2257.9,1,-0.9677790999,0.0017498491,0.2517947853,0.0015909497,0.9999983907,-0.0008346420,-0.2517958283,-0.0004071562,-0.9677802920,0,34.7,-516.8,2303.9,1,43.7,-83.4,1856.2,1,181.6,-287.3,2135.9,0,79.0,-893.1,2301.1,0,34.1,-865.9,2304.0,0,
17,0.9982731938,-0.0587218851,0.0010830774,0.0570652708,0.9741425514,0.2186074257,-0.0138921160,-0.2181677520,0.9758131504,1,50.1,359.9,2160.9,1,0.9982731938,-0.0587218851,0.0010830774,0.0570652708,0.9741425514,0.2186074257,-0.0138921160,-0.2181677520,0.9758131504,1,61.4,171.7,2203.1,1,0.9981264472,-0.0609701723,0.0050066514,0.0594690032,0.9862251878,0.1543454379,-0.0143481568,-0.1537581980,0.9880051613,1,72.5,-7.4,2231.0,1,0.1401108950,-0.9291355610,-0.3421639502,0.9737881422,0.1918449253,-0.1221975759,0.1791805178,-0.3160739839,0.9316607118,1,-64.5,164.2,2204.9,1,-0.2989452481,-0.9291355610,-0.2175752372,0.1132558510,0.1918449402,-0.9748685956,0.9475256205,-0.3160739839,0.0478789136,1,-92.4,-30.2,2169.1,1,0.0050011277,0.9998598695,0.0159671474,-0.9998801351,0.0052338243,-0.0145645523,-0.0146460803,-0.0158923976,0.9997664094,0,187.3,179.2,2201.3,1,-0.0251665115,0.9931536913,0.1140648574,-0.9707883596,0.0029548407,-0.2399160713,-0.2386106700,-0.1167709678,0.9640691876,0,188.5,-58.2,2197.8,0,0.7066010237,-0.1544497907,-0.6905507445,0.1760828197,0.9835697412,-0.0398116112,0.6853538752,-0.0934631824,0.7221874595,1,-0.2,-191.4,2260.1,1,-0.9877663255,0.0015104809,-0.1559333205,0.0014623449,0.9999987483,0.0004234114,0.1559337676,0.0001902032,-0.9877675176,0,55.9,-548.5,2294.0,1,0.6567573547,0.3685621023,0.6578995585,-0.3492496610,0.9218820333,-0.1678043604,-0.6683520675,-0.1195644736,0.7341729999,1,167.3,-181.4,2257.7,1,-0.9706125855,0.0008747330,0.2406456620,0.0008000477,0.9999995232,-0.0004080531,-0.2406459004,-0.0002035335,-0.9706130028,0,33.5,-516.2,2301.1,1,-24.4,-55.9,1953.6,1,182.5,-288.7,2141.1,0,55.3,-897.7,2294.0,0,33.2,-865.3,2301.2,0,
18,0.9983553290,-0.0572222844,0.0033077342,0.0544413887,0.9647254944,0.2575658858,-0.0179295801,-0.2569619417,0.9662560225,1,49.5,364.6,2151.2,1,0.9983553290,-0.0572222844,0.0033077342,0.0544413887,0.9647254944,0.2575658858,-0.0179295801,-0.2569619417,0.9662560225,1,60.6,178.0,2200.9,1,0.9979874492,-0.0629335195,0.0076898271,0.0603974164,0.9805733562,0.1866206527,-0.0192851443,-0.1857803911,0.9824028611,1,72.0,0.1,2234.6,1,0.2830144465,-0.9146769047,-0.2885637581,0.9588227272,0.2623838186,0.1086909026,-0.0237025935,-0.3074425757,0.9512714148,1,-65.3,170.4,2203.4,1,-0.3162999451,-0.9146769643,-0.2516357601,0.0088920686,0.2623838782,-0.9649227262,0.9486175179,-0.3074425757,-0.0748586357,0,-132.5,-57.3,2209.0,1,0.0406581163,0.9742016196,0.2219859064,-0.9860764146,0.0749757886,-0.1484306753,-0.1612449586,-0.2128601968,0.9636859298,0,186.5,185.6,2198.5,1,-0.1401817799,0.9523579478,0.2708549500,-0.8328903317,0.0344972610,-0.5523610115,-0.5353893042,-0.3030238152,0.7883747220,0,196.6,-60.3,2158.3,0,0.7145082951,-0.1217695177,-0.6889488697,0.1385474801,0.9898625612,-0.0312675089,0.6857718825,-0.0731112659,0.7241354585,1,-0.2,-182.9,2270.0,1,-0.9871010780,0.0007552395,-0.1600970626,0.0007302724,0.9999997616,0.0002147865,0.1600971818,0.0000951015,-0.9871013165,0,44.0,-542.3,2296.5,1,0.6705263853,0.3202968538,0.6691820025,-0.3110715747,0.9402629733,-0.1383501887,-0.6735200286,-0.1153961122,0.7301058769,1,167.1,-172.8,2266.7,1,-0.9708950520,0.0004373131,0.2395045012,0.0004002980,0.9999998808,-0.0002031930,-0.2395045608,-0.0001014059,-0.9708951712,0,50.8,-514.2,2308.6,1,-57.4,-59.4,1983.8,0,163.5,-257.1,2031.8,0,43.7,-891.5,2296.5,0,50.7,-863.3,2308.7,0,
19,0.9978846312,-0.0647845343,0.0052876924,0.0616925731,0.9695891142,0.2368343174,-0.0204700995,-0.2360067964,0.9715366364,1,49.4,355.3,2154.9,1,0.9978846312,-0.0647845343,0.0052876924,0.0616925731,0.9695891142,0.2368343174,-0.0204700995,-0.2360067964,0.9715366364,1,61.9,168.0,2200.4,1,0.9974858165,-0.0702151358,0.0095200678,0.0674584806,0.9821391106,0.1756456345,-0.0216830224,-0.1745615602,0.9844083786,1,74.6,-10.2,2232.1,1,0.2858746648,-0.8280312419,-0.4823277593,0.9287175536,0.3634353578,-0.0734749436,0.2361345142,-0.4269416332,0.8729040027,1,-63.9,159.5,2203.2,1,-0.3913555443,-0.8280311227,-0.4015037417,0.1706483066,0.3634353876,-0.9158569574,0.9042786956,-0.4269416332,-0.0009303242,1,-120.6,-24.7,2156.3,1,0.0637618303,0.9101133943,0.4094238877,-0.9559163451,0.1735320687,-0.2368764579,-0.2866325974,-0.3762713373,0.8810570836,0,187.7,176.5,2197.7,1,-0.2616691589,0.8804333210,0.3954309523,-0.6793102026,0.1230363846,-0.7234632969,-0.6856137514,-0.4579286575,0.5658930540,0,203.4,-59.0,2127.1,0,0.7186989188,-0.0993835032,-0.6881822348,0.0945486575,0.9945078492,-0.0448801070,0.6888630986,-0.0328114331,0.7241485119,1,3.8,-194.1,2265.6,1,-0.9870445728,0.0003776303,-0.1604459286,0.0003651086,0.9999998808,0.0001075239,0.1604459584,0.0000475507,-0.9870446920,0,39.9,-555.2,2277.5,1,0.6966951489,0.1706514359,0.6967738867,-0.1137800962,0.9852846861,-0.1275454164,-0.7082865238,0.0095812585,0.7058600187,1,171.0,-182.8,2262.0,1,-0.9753781557,0.0002186445,0.2205389589,0.0002020026,1.0000000000,-0.0000980125,-0.2205389738,-0.0000510498,-0.9753781557,0,109.0,-540.6,2258.5,1,-30.5,-64.1,1947.9,1,142.4,-217.5,1967.1,0,39.7,-904.4,2277.5,0,108.9,-889.7,2258.5,0,
20,0.9961639047,-0.0717322528,0.0501064509,0.0554212853,0.9603955746,0.2730717361,-0.0677101612,-0.2692469954,0.9606888890,1,46.5,360.7,2146.2,1,0.9961639047,-0.0717322528,0.0501064509,0.0554212853,0.9603955746,0.2730717361,-0.0677101612,-0.2692469954,0.9606888890,1,60.4,175.2,2198.2,1,0.9955589771,-0.0760032013,0.0555390157,0.0633561164,0.9773718715,0.2018156201,-0.0696209967,-0.1974004060,0.9778485298,1,74.2,-2.2,2234.0,1,0.1427110583,-0.7403668761,-0.6568794250,0.8756779432,0.4037821293,-0.2648552358,0.4613261819,-0.5374170542,0.7059470415,1,-65.1,167.2,2206.9,1,-0.4891846180,-0.7403668165,-0.4610373378,0.2246929407,0.4037820697,-0.8868332505,0.8427404165,-0.5374170542,-0.0311687924,1,-96.7,-26.9,2104.6,1,0.0752945542,0.8427835107,0.5329602361,-0.9326722026,0.2486113310,-0.2613711059,-0.3527792096,-0.4773974121,0.8047599196,0,185.8,183.2,2189.4,1,-0.3729355335,0.8127126694,0.4476793110,-0.5447276831,0.1988136768,-0.8147053123,-0.7511261702,-0.5476960540,0.3685625792,0,203.7,-38.3,2105.6,0,0.7502526641,-0.0535844155,-0.6589764357,0.0806594193,0.9966836572,0.0107867904,0.6562128663,-0.0612454824,0.7520863414,1,4.5,-184.8,2275.6,1,-0.9787588120,0.0001888151,-0.2050150484,0.0001799301,1.0000000000,0.0000619802,0.2050150633,0.0000237753,-0.9787588120,0,24.0,-546.7,2297.9,1,0.6643315554,0.1335967779,0.7354015708,-0.1103127897,0.9906467199,-0.0803138241,-0.7392528057,-0.0277692154,0.6728552580,1,171.4,-174.2,2264.0,1,-0.9841202497,0.0001093302,0.1775033325,0.0001031255,1.0000000000,-0.0000441813,-0.1775033325,-0.0000251746,-0.9841202497,0,122.9,-533.9,2274.0,1,14.5,-78.0,1913.0,1,115.1,-167.6,1927.3,0,23.9,-895.9,2297.9,0,122.8,-883.1,2274.0,0,
21,0.9947007298,-0.0742036477,0.0711551532,0.0502086356,0.9546029568,0.2936182618,-0.0897125974,-0.2884894609,0.9532718062,1,44.7,364.6,2139.8,1,0.9947007298,-0.0742036477,0.0711551532,0.0502086356,0.9546029568,0.2936182618,-0.0897125974,-0.2884894609,0.9532718062,1,59.0,180.6,2195.4,1,0.9941740036,-0.0760383010,0.0763868019,0.0569638051,0.9723392129,0.2265192121,-0.0914981514,-0.2208480686,0.9710077047,1,72.8,4.1,2235.5,1,0.0685383603,-0.6425663829,-0.7631585598,0.8337344527,0.4569958448,-0.3099059463,0.5478954315,-0.6150311232,0.5670514703,1,-66.3,173.4,2207.0,1,-0.5899612308,-0.6425663233,-0.4889317751,0.2171081752,0.4569958448,-0.8625652790,0.7776951790,-0.6150311828,-0.1301034391,1,-83.3,-33.0,2071.3,1,0.0570876598,0.8169652224,0.5738545060,-0.9261837006,0.2579271197,-0.2750589252,-0.3727262616,-0.5157921314,0.7713842392,0,184.3,187.8,2183.9,1,-0.4370486736,0.7933201790,0.4238291383,-0.4423696995,0.2206909657,-0.8692550063,-0.7831328511,-0.5673961043,0.2544884086,0,197.8,-32.1,2095.4,0,0.7671680450,-0.0389257483,-0.6402639151,0.0261125956,0.9992247224,-0.0294610076,0.6409144402,0.0058825938,0.7675896883,1,3.3,-177.1,2283.2,1,-0.9740741253,0.0000944075,-0.2262286395,0.0000894288,0.9999999404,0.0000322560,0.2262286246,0.0000111884,-0.9740741849,0,17.5,-539.9,2281.1,1,0.6497756243,0.0957803428,0.7540674210,-0.0400381908,0.9949650168,-0.0918780267,-0.7590707541,0.0295086075,0.6503388882,1,169.8,-167.5,2267.9,1,-0.9871587753,0.0000546753,0.1597422659,0.0000519625,1.0000000000,-0.0000211594,-0.1597422659,-0.0000125871,-0.9871587753,0,135.0,-528.8,2257.2,1,50.7,-82.3,1894.6,1,94.1,-137.1,1909.5,0,17.5,-889.0,2281.1,0,135.0,-877.9,2257.2,0,
22,0.9939343929,-0.0725754574,0.0826196671,0.0455575287,0.9555435181,0.2913082242,-0.1000886634,-0.2857770920,0.9530557394,1,43.7,356.2,2137.7,1,0.9939343929,-0.0725754574,0.0826196671,0.0455575287,0.9555435181,0.2913082242,-0.1000886634,-0.2857770920,0.9530557394,1,57.8,171.5,2192.9,1,0.9934023619,-0.0737892464,0.0877816379,0.0525685363,0.9733352661,0.2232808024,-0.1019168422,-0.2171929479,0.9707944393,1,71.2,-5.2,2232.4,1,0.0820960626,-0.6974626184,-0.7119032145,0.8138232827,0.4592404366,-0.3560756147,0.5752841234,-0.5501310229,0.6053131819,1,-67.5,164.8,2205.8,1,-0.4761791527,-0.6974626184,-0.5355364680,0.2766911089,0.4592404366,-0.8441210389,0.8346828222,-0.5501310229,-0.0256990194,1,-86.8,-27.0,2070.2,1,0.0330555439,0.8053014278,0.5919432640,-0.9174548388,0.2593901157,-0.3016508520,-0.3964640796,-0.5331100225,0.7474020720,0,183.0,178.1,2180.1,1,-0.4702787399,0.7877079844,0.3979359269,-0.3696174026,0.2336542606,-0.8993264437,-0.8013861775,-0.5700186491,0.1812685132,0,191.0,-43.9,2084.2,0,0.7751366496,-0.0274239928,-0.6311981082,-0.0118690934,0.9982486367,-0.0579471923,0.6316820979,0.0524087362,0.7734539509,1,1.4,-186.3,2280.3,1,-0.9716660976,0.0000472065,-0.2363575846,0.0000445467,0.9999999404,0.0000165933,0.2363575697,0.0000055942,-0.9716661572,0,11.4,-548.7,2261.3,1,0.6397377253,0.0663354695,0.7657252550,0.0462450795,0.9911414981,-0.1244996414,-0.7672007084,0.1150581390,0.6310027838,1,167.7,-177.5,2263.2,1,-0.9886509776,0.0000273156,0.1502304226,0.0000261652,1.0000000000,-0.0000096344,-0.1502304226,-0.0000055942,-0.9886509776,0,143.7,-537.3,2221.5,1,22.8,-90.6,1878.1,1,81.7,-129.8,1897.9,0,11.3,-897.9,2261.3,0,143.6,-886.5,2221.5,0,
23,0.9960718751,-0.0647652075,0.0603736080,0.0452953950,0.9586234093,0.2810493708,-0.0760778785,-0.2772104740,0.9577932954,1,47.9,353.2,2136.1,1,0.9960718751,-0.0647652075,0.0603736080,0.0452953950,0.9586234093,0.2810493708,-0.0760778785,-0.2772104740,0.9577932954,1,60.4,168.2,2189.6,1,0.9954792261,-0.0694690794,0.0647600219,0.0538302884,0.9744894505,0.2178804278,-0.0782440156,-0.2134092003,0.9738254547,1,73.1,-8.7,2228.3,1,0.0861423910,-0.6987223625,-0.7101877332,0.7944778204,0.4782997370,-0.3742116392,0.6011525989,-0.5319929123,0.5963213444,1,-65.1,161.4,2199.4,1,-0.4554899335,-0.6987223625,-0.5516484380,0.2759914696,0.4782997370,-0.8337014914,0.8463791013,-0.5319929123,-0.0250192918,1,-85.9,-30.6,2054.1,1,0.0160582066,0.7921314240,0.6101390123,-0.9048892260,0.2710992098,-0.3281470537,-0.4253437817,-0.5468388796,0.7211447954,0,186.0,175.0,2179.7,1,-0.4911687374,0.7792339325,0.3892908990,-0.3211958408,0.2534015775,-0.9124805331,-0.8096827269,-0.5732206702,0.1258239150,0,189.9,-47.7,2075.0,0,0.7607818842,-0.0399146453,-0.6477791667,-0.0075960848,0.9974914193,-0.0703842491,0.6489633322,0.0584676601,0.7585698962,1,2.3,-190.1,2273.6,1,-0.9771079421,0.0000236032,-0.2127438784,0.0000224678,1.0000000000,0.0000077545,0.2127438784,0.0000027971,-0.9771079421,0,16.8,-552.3,2252.4,1,0.6556752920,0.0435002670,0.7537889481,0.0688805282,0.9907299280,-0.1170888469,-0.7518945932,0.1286936253,0.6466008425,1,169.0,-181.1,2260.5,1,-0.9845744371,0.0000136359,0.1749657243,0.0000129362,1.0000000000,-0.0000051398,-0.1749657243,-0.0000027971,-0.9845744371,0,153.2,-540.8,2213.8,1,20.6,-95.1,1856.4,1,77.3,-121.3,1889.4,0,16.8,-901.4,2252.4,0,153.2,-889.9,2213.8,0,
