1,0.9996357560,-0.0042131897,-0.0266571939,0.0135606127,0.9324063063,0.3611573279,0.0233337544,-0.3613870144,0.9321233034,1,147.1,395.7,1949.9,1,0.9996357560,-0.0042131897,-0.0266571939,0.0135606127,0.9324063063,0.3611573279,0.0233337544,-0.3613870144,0.9321233034,1,147.9,223.9,2016.5,1,0.9995722771,0.0119371368,-0.0266968682,-0.0017905675,0.9361644387,0.3515578508,0.0291892998,-0.3513594270,0.9357849360,1,145.8,61.5,2077.4,1,0.0824823752,-0.7204059362,-0.6886305213,0.9389127493,0.2878378332,-0.1886589676,0.3341249228,-0.6310029030,0.7001398802,1,25.5,224.1,2012.9,1,-0.6889864206,-0.7204059958,0.0794543996,-0.4012434185,0.2878378630,-0.8695707321,0.6035738587,-0.6310029626,-0.4873745441,1,0.4,-62.0,1911.1,1,0.3167826533,0.8060228825,0.4999761581,-0.8829153776,0.0579811335,0.4659385681,0.3465678990,-0.5890378952,0.7300173044,1,270.3,223.7,2020.1,1,-0.5399060249,0.8060227633,0.2425465286,-0.3357917070,0.0579811633,-0.9401501417,-0.7718454003,-0.5890378356,0.2393514067,1,344.9,15.9,2101.6,1,1.0000000000,-0.0000000012,-0.0000000015,0.0000000012,1.0000000000,-0.0000000003,0.0000000015,0.0000000003,1.0000000000,0,63.7,-100.8,2136.1,1,1.0000000000,-0.0000407341,-0.0001218718,0.0000407300,1.0000000000,-0.0000333519,0.0001218732,0.0000333470,1.0000000000,0,63.7,-448.0,2136.1,0,1.0000000000,0.0000000003,0.0000000003,-0.0000000003,1.0000000000,-0.0000000003,-0.0000000003,0.0000000003,1.0000000000,0,223.8,-101.1,2140.7,1,1.0000000000,0.0000117620,0.0000513458,-0.0000117607,1.0000000000,-0.0000266222,-0.0000513462,0.0000266216,1.0000000000,0,223.8,-448.3,2140.7,0,154.7,27.9,1775.9,1,218.8,-62.6,1921.3,1,63.7,-781.9,2136.1,0,223.8,-782.2,2140.7,0,
2,0.9985978603,-0.0060084430,-0.0525938682,0.0229899622,0.9441724420,0.3286484778,0.0476830527,-0.3293965757,0.9429863095,1,147.6,394.1,1957.3,1,0.9985978603,-0.0060084430,-0.0525938682,0.0229899622,0.9441724420,0.3286484778,0.0476830527,-0.3293965757,0.9429863095,1,148.7,221.2,2017.7,1,0.9985598922,0.0103710052,-0.0526366942,0.0064691650,0.9506998658,0.3100448251,0.0532572120,-0.3099386096,0.9492632151,1,146.9,56.3,2071.4,1,0.0605834760,-0.7382103801,-0.6718446612,0.9523743987,0.2442722768,-0.1825215816,0.2988523245,-0.6287898421,0.7178514600,1,26.4,220.4,2011.1,1,-0.6712540388,-0.7382102609,0.0668106675,-0.3583229184,0.2442722768,-0.9010747671,0.6488626599,-0.6287898421,-0.4284864068,1,8.8,-57.1,1924.1,1,0.3187822700,0.7523786426,0.5764583349,-0.8876232505,0.0236715674,0.4599614739,0.3324194849,-0.6583053470,0.6753749251,1,271.0,222.0,2024.2,1,-0.6362801194,0.7523787022,0.1705109328,-0.2325651050,0.0236715525,-0.9722927809,-0.7355685234,-0.6583054662,0.1599152982,1,342.3,23.5,2098.5,1,1.0000000000,-0.0000000009,-0.0000000012,0.0000000009,1.0000000000,-0.0000000002,0.0000000012,0.0000000002,1.0000000000,0,65.1,-109.0,2120.9,1,1.0000000000,-0.0000366605,-0.0001096847,0.0000366572,1.0000000000,-0.0000300165,0.0001096858,0.0000300125,1.0000000000,0,65.1,-456.3,2120.9,0,1.0000000000,0.0000000002,0.0000000002,-0.0000000002,1.0000000000,-0.0000000002,-0.0000000002,0.0000000002,1.0000000000,0,225.1,-108.0,2129.4,1,1.0000000000,0.0000105858,0.0000462113,-0.0000105847,1.0000000000,-0.0000239600,-0.0000462115,0.0000239595,1.0000000000,0,225.1,-455.2,2129.4,0,153.7,20.3,1784.0,1,195.2,-30.3,1928.5,1,65.2,-790.1,2120.9,0,225.1,-789.1,2129.4,0,
3,0.9976785779,-0.0124722412,-0.0669480190,0.0341235623,0.9423197508,0.3329699337,0.0589335933,-0.3344812095,0.9405573010,1,149.4,393.9,1957.0,1,0.9976785779,-0.0124722412,-0.0669480190,0.0341235623,0.9423197508,0.3329699337,0.0589335933,-0.3344812095,0.9405573010,1,151.7,221.2,2018.4,1,0.9977632761,0.0002218738,-0.0668466911,0.0210493114,0.9480800033,0.3173344135,0.0634464547,-0.3180314302,0.9459542632,1,151.7,56.7,2073.5,1,0.0697280094,-0.7731991410,-0.6303182840,0.9680957794,0.2048971057,-0.1442491412,0.2406837046,-0.6001502275,0.7628178596,1,29.5,218.6,2010.6,1,-0.6339294910,-0.7731992006,0.0172212273,-0.2754265368,0.2048971206,-0.9392324090,0.7226850390,-0.6001502872,-0.3428498805,1,10.4,-47.0,1944.5,1,0.3049220145,0.7718081474,0.5579738617,-0.8973438740,0.0365561694,0.4398155212,0.3190557957,-0.6348038912,0.7037240863,1,273.9,223.8,2026.1,1,-0.6016983986,0.7718081474,0.2055996358,-0.2808198035,0.0365561843,-0.9590641260,-0.7477293611,-0.6348038316,0.1947432458,1,339.3,31.5,2094.5,1,1.0000000000,-0.0000000007,-0.0000000009,0.0000000007,1.0000000000,-0.0000000002,0.0000000009,0.0000000002,1.0000000000,0,71.7,-109.5,2123.6,1,1.0000000000,-0.0000329943,-0.0000987163,0.0000329916,1.0000000000,-0.0000270147,0.0000987172,0.0000270114,1.0000000000,0,71.7,-456.7,2123.6,0,1.0000000000,0.0000000002,0.0000000002,-0.0000000002,1.0000000000,-0.0000000002,-0.0000000002,0.0000000002,1.0000000000,0,231.6,-106.1,2133.8,1,1.0000000000,0.0000095271,0.0000415902,-0.0000095262,1.0000000000,-0.0000215640,-0.0000415904,0.0000215636,1.0000000000,0,231.6,-453.3,2133.8,0,147.5,12.6,1788.2,1,199.7,-33.7,1921.0,1,71.7,-790.6,2123.6,0,231.6,-787.2,2133.8,0,
4,0.9975591302,-0.0182437599,-0.0674019530,0.0401433371,0.9396420121,0.3397960961,0.0571345836,-0.3416721225,0.9380803704,1,149.9,393.6,1955.4,1,0.9975591302,-0.0182437599,-0.0674019530,0.0401433371,0.9396420121,0.3397960961,0.0571345836,-0.3416721225,0.9380803704,1,153.2,221.4,2018.0,1,0.9976980686,-0.0088182809,-0.0672374591,0.0304721892,0.9440656304,0.3283464313,0.0605811626,-0.3296391964,0.9421607852,1,154.7,57.6,2075.2,1,0.1233138740,-0.7888044119,-0.6021472216,0.9670280814,0.2317603379,-0.1055648923,0.2228239179,-0.5692756772,0.7913752198,1,31.0,217.7,2010.5,1,-0.6146366596,-0.7888044715,-0.0030663912,-0.2928055525,0.2317603827,-0.9276595116,0.7324525118,-0.5692756772,-0.3734147549,1,-4.5,-60.9,1946.3,1,0.2870722711,0.8153864145,0.5027271509,-0.9014285803,0.0524057895,0.4297443628,0.3240619004,-0.5765402913,0.7500568032,1,275.4,225.2,2025.4,1,-0.5323448181,0.8153862953,0.2274952531,-0.3234795332,0.0524057448,-0.9447828531,-0.7822850347,-0.5765402913,0.2358628958,1,336.6,33.0,2094.5,1,1.0000000000,-0.0000000006,-0.0000000008,0.0000000006,1.0000000000,-0.0000000002,0.0000000008,0.0000000002,1.0000000000,0,76.3,-108.7,2127.5,1,1.0000000000,-0.0000296948,-0.0000888447,0.0000296926,1.0000000000,-0.0000243131,0.0000888454,0.0000243104,1.0000000000,0,76.3,-455.9,2127.5,0,1.0000000000,0.0000000002,0.0000000001,-0.0000000002,1.0000000000,-0.0000000002,-0.0000000001,0.0000000002,1.0000000000,0,236.2,-103.8,2137.2,1,1.0000000000,0.0000085744,0.0000374311,-0.0000085737,1.0000000000,-0.0000194075,-0.0000374313,0.0000194072,1.0000000000,0,236.2,-451.0,2137.2,0,131.7,4.0,1784.0,1,213.1,-42.0,1913.0,1,76.3,-789.8,2127.5,0,236.2,-784.9,2137.2,0,
5,0.9966645241,-0.0223121680,-0.0784985498,0.0480002724,0.9381907582,0.3427740633,0.0659986138,-0.3453984559,0.9361320138,1,149.5,394.1,1955.1,1,0.9966645241,-0.0223121680,-0.0784985498,0.0480002724,0.9381907582,0.3427740633,0.0659986138,-0.3453984559,0.9361320138,1,153.6,222.2,2018.4,1,0.9967897534,-0.0170877986,-0.0782196447,0.0420224667,0.9432352781,0.3294558227,0.0681498870,-0.3316849172,0.9409249425,1,156.6,58.5,2075.9,1,0.1260496378,-0.7929044366,-0.5961661935,0.9628810883,0.2423836887,-0.1187861264,0.2386869639,-0.5590642095,0.7940251231,1,31.5,217.0,2010.0,1,-0.6092574596,-0.7929044366,0.0103877187,-0.3309936821,0.2423836589,-0.9119722843,0.7205889821,-0.5590642095,-0.4101204276,1,-6.8,-75.3,1937.5,1,0.2853852510,0.8352803588,0.4699597061,-0.9090227485,0.0805216432,0.4088936448,0.3036988676,-0.5438963175,0.7822684050,1,275.7,227.3,2026.7,1,-0.4867877066,0.8352802992,0.2556258738,-0.3516079783,0.0805216506,-0.9326779842,-0.7996308804,-0.5438962579,0.2544942796,1,336.7,33.2,2091.6,1,1.0000000000,-0.0000000005,-0.0000000006,0.0000000005,1.0000000000,-0.0000000001,0.0000000006,0.0000000001,1.0000000000,0,79.7,-108.6,2128.0,1,1.0000000000,-0.0000267252,-0.0000799603,0.0000267234,1.0000000000,-0.0000218816,0.0000799608,0.0000218795,1.0000000000,0,79.7,-455.8,2128.0,0,1.0000000000,0.0000000001,0.0000000001,-0.0000000001,1.0000000000,-0.0000000001,-0.0000000001,0.0000000001,1.0000000000,0,239.4,-101.9,2139.0,1,1.0000000000,0.0000077169,0.0000336880,-0.0000077163,1.0000000000,-0.0000174668,-0.0000336882,0.0000174665,1.0000000000,0,239.4,-449.1,2139.0,0,129.8,-1.2,1776.0,1,223.5,-48.5,1905.7,1,79.7,-789.7,2128.0,0,239.4,-783.0,2138.9,0,
6,0.9953907728,-0.0273305140,-0.0919254571,0.0573898777,0.9377120137,0.3426403403,0.0768350959,-0.3463363945,0.9349580407,1,149.9,394.4,1954.4,1,0.9953907728,-0.0273305140,-0.0919254571,0.0573898777,0.9377120137,0.3426403403,0.0768350959,-0.3463363945,0.9349580407,1,154.9,222.0,2018.1,1,0.9954913855,-0.0251303297,-0.0914621800,0.0537799969,0.9438301325,0.3260247111,0.0781316832,-0.3294734061,0.9409260154,1,159.3,58.2,2075.3,1,0.0890638009,-0.8153225780,-0.5721160173,0.9717411399,0.1971935034,-0.1297453046,0.2186018229,-0.5443930626,0.8098453283,1,33.0,215.4,2008.5,1,-0.5788421631,-0.8153225780,-0.0138107985,-0.2551703155,0.1971934587,-0.9465742707,0.7744867802,-0.5443930030,-0.3221900463,1,7.6,-61.2,1946.3,1,0.2884189785,0.7604789138,0.5817958713,-0.9131368995,0.0356397480,0.4060921669,0.2880894542,-0.6483839750,0.7047005296,1,276.9,228.6,2027.6,1,-0.6159270406,0.7604789138,0.2056835294,-0.2766801715,0.0356398001,-0.9603009224,-0.7376191616,-0.6483838558,0.1884578913,1,339.5,30.4,2090.2,1,1.0000000000,-0.0000000004,-0.0000000005,0.0000000004,1.0000000000,-0.0000000001,0.0000000005,0.0000000001,1.0000000000,0,83.9,-110.0,2126.2,1,1.0000000000,-0.0000240526,-0.0000719643,0.0000240512,1.0000000000,-0.0000196934,0.0000719647,0.0000196917,1.0000000000,0,83.9,-457.2,2126.2,0,1.0000000000,0.0000000001,0.0000000001,-0.0000000001,1.0000000000,-0.0000000001,-0.0000000001,0.0000000001,1.0000000000,0,243.4,-101.3,2138.7,1,1.0000000000,0.0000069452,0.0000303192,-0.0000069447,1.0000000000,-0.0000157201,-0.0000303193,0.0000157199,1.0000000000,0,243.4,-448.6,2138.7,0,134.6,-5.2,1776.4,1,197.8,-33.3,1920.5,1,83.9,-791.1,2126.2,0,243.4,-782.4,2138.7,0,
7,0.9939708710,-0.0354443789,-0.1037566140,0.0705568418,0.9311106205,0.3578469157,0.0839252621,-0.3630098999,0.9279975295,1,149.7,390.9,1950.6,1,0.9939708710,-0.0354443789,-0.1037566140,0.0705568418,0.9311106205,0.3578469157,0.0839252621,-0.3630098999,0.9279975295,1,156.2,219.5,2017.4,1,0.9941160083,-0.0332093202,-0.1031041667,0.0666072294,0.9380331635,0.3400836289,0.0854212195,-0.3449497819,0.9347255826,1,162.0,56.7,2077.2,1,0.0976631120,-0.8016861081,-0.5897129774,0.9691241980,0.2114092708,-0.1269026995,0.2264068723,-0.5591114163,0.7975804210,1,34.4,211.4,2006.9,1,-0.5951409340,-0.8016861677,-0.0557382479,-0.1950825900,0.2114093155,-0.9577311873,0.7795833349,-0.5591114759,-0.2822133303,1,7.8,-53.1,1945.1,1,0.2909657061,0.6266620755,0.7229340672,-0.9158723950,-0.0360282511,0.3998497128,0.2766166925,-0.7784578800,0.5634594560,1,278.0,227.7,2027.8,1,-0.7781233788,0.6266620755,0.0426460765,-0.0835941359,-0.0360282436,-0.9958484173,-0.6225239038,-0.7784578800,0.0804196969,1,341.1,29.0,2087.8,1,1.0000000000,-0.0000000003,-0.0000000004,0.0000000003,1.0000000000,-0.0000000001,0.0000000004,0.0000000001,1.0000000000,0,88.1,-111.4,2130.3,1,1.0000000000,-0.0000216473,-0.0000647679,0.0000216461,1.0000000000,-0.0000177240,0.0000647682,0.0000177226,1.0000000000,0,88.1,-458.7,2130.3,0,1.0000000000,0.0000000001,0.0000000001,-0.0000000001,1.0000000000,-0.0000000001,-0.0000000001,0.0000000001,1.0000000000,0,247.4,-100.8,2144.0,1,1.0000000000,0.0000062507,0.0000272873,-0.0000062503,1.0000000000,-0.0000141481,-0.0000272874,0.0000141479,1.0000000000,0,247.4,-448.0,2144.0,0,137.2,-10.6,1775.6,1,167.5,10.4,1949.0,1,88.1,-792.5,2130.3,0,247.4,-781.9,2144.0,0,
8,0.9940167069,-0.0343862996,-0.1036741957,0.0706393495,0.9263244867,0.3700439930,0.0833115429,-0.3751531243,0.9232109189,1,150.5,387.7,1948.7,1,0.9940167069,-0.0343862996,-0.1036741957,0.0706393495,0.9263244867,0.3700439930,0.0833115429,-0.3751531243,0.9232109189,1,156.8,217.5,2017.6,1,0.9939858317,-0.0368916206,-0.1031073853,0.0714441910,0.9320307374,0.3552661836,0.0829929411,-0.3604957163,0.9290608764,1,163.2,55.8,2080.1,1,0.1014069319,-0.7787246704,-0.6191159487,0.9624344110,0.2343460768,-0.1371205896,0.2518665791,-0.5819535255,0.7732356787,1,35.0,208.8,2007.4,1,-0.6199756861,-0.7787246704,-0.0960105732,-0.1454982162,0.2343460619,-0.9612035751,0.7710125446,-0.5819534659,-0.2585919201,1,7.9,-48.5,1940.1,1,0.2740947902,0.5351369381,0.7990623713,-0.9262875915,-0.0765025467,0.3689698577,0.2585796714,-0.8412942290,0.4747217000,1,278.6,226.3,2027.7,1,-0.8367757201,0.5351369381,-0.1159092486,0.0886410028,-0.0765025169,-0.9931214452,-0.5403232574,-0.8412942290,0.0165803768,1,339.5,20.4,2085.2,1,1.0000000000,-0.0000000002,-0.0000000003,0.0000000002,1.0000000000,-0.0000000001,0.0000000003,0.0000000001,1.0000000000,0,90.0,-111.7,2136.1,1,1.0000000000,-0.0000194825,-0.0000582911,0.0000194816,1.0000000000,-0.0000159515,0.0000582914,0.0000159504,1.0000000000,0,90.0,-459.0,2136.1,0,1.0000000000,0.0000000001,0.0000000001,-0.0000000001,1.0000000000,-0.0000000001,-0.0000000001,0.0000000001,1.0000000000,0,249.2,-100.3,2149.4,1,1.0000000000,0.0000056256,0.0000245586,-0.0000056253,1.0000000000,-0.0000127333,-0.0000245587,0.0000127331,1.0000000000,0,249.2,-447.5,2149.4,0,141.5,-17.2,1773.9,1,152.0,40.2,1964.2,1,90.0,-792.8,2136.1,0,249.2,-781.4,2149.4,0,
9,0.9928833842,-0.0419271551,-0.1114666313,0.0789542645,0.9324570298,0.3525474966,0.0891565681,-0.3588390350,0.9291311502,1,149.3,386.9,1951.7,1,0.9928833842,-0.0419271551,-0.1114666313,0.0789542645,0.9324570298,0.3525474966,0.0891565681,-0.3588390350,0.9291311502,1,157.0,216.5,2017.3,1,0.9927057028,-0.0477385968,-0.1107088551,0.0826599076,0.9379620552,0.3367404044,0.0877652243,-0.3434350491,0.9350661635,1,165.3,53.7,2076.9,1,0.0734019354,-0.8041303158,-0.5899039507,0.9729222059,0.1877256930,-0.1348381191,0.2191675305,-0.5640333295,0.7961357832,1,35.4,206.4,2006.5,1,-0.5860295296,-0.8041302562,-0.0997193307,-0.0911769345,0.1877257228,-0.9779804945,0.8051435947,-0.5640333295,-0.1833309531,1,16.5,-44.3,1950.1,1,0.2809632719,0.5031916499,0.8172258139,-0.9230614305,-0.0914094970,0.3736334741,0.2627113760,-0.8593269587,0.4387940764,1,278.6,226.6,2028.0,1,-0.8483211994,0.5031916499,-0.1647708416,0.1373492926,-0.0914094821,-0.9862958789,-0.5113574266,-0.8593268991,0.0084315836,1,341.6,19.8,2086.9,1,1.0000000000,-0.0000000002,-0.0000000002,0.0000000002,1.0000000000,-0.0000000001,0.0000000002,0.0000000001,1.0000000000,0,94.0,-115.7,2129.4,1,1.0000000000,-0.0000175342,-0.0000524620,0.0000175334,1.0000000000,-0.0000143563,0.0000524622,0.0000143554,1.0000000000,0,94.0,-462.9,2129.4,0,1.0000000000,0.0000000001,0.0000000000,-0.0000000001,1.0000000000,-0.0000000001,-0.0000000000,0.0000000001,1.0000000000,0,253.1,-102.5,2143.5,1,1.0000000000,0.0000050630,0.0000221027,-0.0000050627,1.0000000000,-0.0000114599,-0.0000221028,0.0000114598,1.0000000000,0,253.1,-449.7,2143.5,0,144.3,-24.4,1774.3,1,147.7,51.2,1970.0,1,94.0,-796.8,2129.4,0,253.1,-783.6,2143.5,0,
10,0.9945303798,-0.0351708047,-0.0983484611,0.0635349527,0.9510703683,0.3023708165,0.0829017013,-0.3069652021,0.9481027126,1,147.9,388.2,1962.7,1,0.9945303798,-0.0351708047,-0.0983484611,0.0635349527,0.9510703683,0.3023708165,0.0829017013,-0.3069652021,0.9481027126,1,154.3,214.8,2018.7,1,0.9944348335,-0.0388911664,-0.0979129672,0.0659935251,0.9543932676,0.2911663949,0.0821237043,-0.2960073352,0.9516482949,1,161.1,49.3,2070.0,1,0.0110795982,-0.8506908417,-0.5255495906,0.9792792201,0.1155162007,-0.1663374156,0.2022111863,-0.5128168464,0.8343438506,1,32.5,206.7,2008.7,1,-0.5208270550,-0.8506910205,-0.0711641014,-0.0531503707,0.1155162156,-0.9918826818,0.8520060778,-0.5128169656,-0.1053784937,1,29.7,-41.1,1957.5,1,0.3018330932,0.4733984172,0.8275209665,-0.9219501019,-0.0760337934,0.3797721565,0.2427030355,-0.8775608540,0.4135002196,1,276.1,222.9,2028.8,1,-0.8624307513,0.4733984768,-0.1791851521,0.1626553237,-0.0760337934,-0.9837490916,-0.4793293476,-0.8775609136,-0.0114268959,1,343.1,18.3,2082.6,1,1.0000000000,-0.0000000002,-0.0000000002,0.0000000002,1.0000000000,-0.0000000000,0.0000000002,0.0000000000,1.0000000000,0,88.1,-121.4,2114.8,1,1.0000000000,-0.0000157807,-0.0000472158,0.0000157801,1.0000000000,-0.0000129206,0.0000472160,0.0000129199,1.0000000000,0,88.1,-468.7,2114.8,0,1.0000000000,0.0000000000,0.0000000000,-0.0000000000,1.0000000000,-0.0000000000,-0.0000000000,0.0000000000,1.0000000000,0,247.5,-110.9,2127.9,1,1.0000000000,0.0000045567,0.0000198925,-0.0000045565,1.0000000000,-0.0000103139,-0.0000198925,0.0000103138,1.0000000000,0,247.5,-458.1,2127.9,0,143.3,-29.5,1771.7,1,144.0,55.9,1972.0,1,88.1,-802.5,2114.8,0,247.5,-792.0,2127.9,0,
11,0.9971733093,-0.0223310459,-0.0717420503,0.0424471684,0.9552780986,0.2926456630,0.0619985685,-0.2948634028,0.9535254836,1,150.9,384.2,1964.2,1,0.9971733093,-0.0223310459,-0.0717420503,0.0424471684,0.9552780986,0.2926456630,0.0619985685,-0.2948634028,0.9535254836,1,154.9,210.6,2017.8,1,0.9969634414,-0.0316652767,-0.0711433068,0.0498950779,0.9611737132,0.2713946402,0.0597873218,-0.2741199434,0.9598347545,1,160.4,43.9,2065.4,1,-0.0542877465,-0.9030805230,-0.4260263741,0.9813334942,0.0305777341,-0.1898674220,0.1844924986,-0.4283814132,0.8845630884,1,32.8,204.5,2010.5,1,-0.4292231798,-0.9030805230,-0.0145960962,-0.0303609241,0.0305777323,-0.9990713000,0.9026879668,-0.4283814132,-0.0405430384,1,46.3,-39.0,1964.7,1,0.3065626621,0.4885165095,0.8169277310,-0.9093977213,-0.1031357497,0.4029376507,0.2810961306,-0.8664378524,0.4126382470,1,277.0,216.7,2025.2,1,-0.8582454324,0.4885165989,-0.1573733538,0.1222993582,-0.1031357422,-0.9871200323,-0.4984552860,-0.8664379120,0.0287705138,1,342.0,24.0,2084.7,1,1.0000000000,-0.0000000001,-0.0000000002,0.0000000001,1.0000000000,-0.0000000000,0.0000000002,0.0000000000,1.0000000000,0,86.1,-126.8,2108.1,1,1.0000000000,-0.0000142026,-0.0000424942,0.0000142021,1.0000000000,-0.0000116285,0.0000424944,0.0000116279,1.0000000000,0,86.1,-474.1,2108.1,0,1.0000000000,0.0000000000,0.0000000000,-0.0000000000,1.0000000000,-0.0000000000,-0.0000000000,0.0000000000,1.0000000000,0,245.8,-118.8,2117.7,1,1.0000000000,0.0000041010,0.0000179032,-0.0000041008,1.0000000000,-0.0000092825,-0.0000179033,0.0000092825,1.0000000000,0,245.8,-466.1,2117.7,0,140.0,-32.4,1767.6,1,142.8,52.4,1969.1,1,86.1,-807.9,2108.1,0,245.8,-799.9,2117.7,0,
12,0.9962090850,-0.0595032088,-0.0634597465,0.0734031796,0.9664602876,0.2461016476,0.0466874950,-0.2498265207,0.9671638608,1,147.7,379.6,1969.5,1,0.9962090850,-0.0595032088,-0.0634597465,0.0734031796,0.9664602876,0.2461016476,0.0466874950,-0.2498265207,0.9671638608,1,159.0,196.6,2016.8,1,0.9972485900,0.0394102223,-0.0627880245,-0.0274601914,0.9831123352,0.1809298247,0.0688581839,-0.1787075400,0.9814892411,1,152.2,27.2,2047.6,1,-0.1019521356,-0.9429262280,-0.3170109689,0.9822564721,-0.0449946374,-0.1820648164,0.1574098766,-0.3299479783,0.9307827950,1,37.2,199.9,2008.4,1,-0.3305180371,-0.9429261684,0.0405955054,0.0056664906,-0.0449946262,-0.9989712238,0.9437825680,-0.3299479783,0.0202146228,1,62.1,-40.0,1970.0,1,0.3371612728,0.4859051108,0.8063613772,-0.8834939599,-0.1325639039,0.4492942095,0.3252086937,-0.8639000058,0.3845988214,1,280.8,193.2,2025.2,1,-0.8627195358,0.4859051704,-0.1400405318,0.0856271535,-0.1325638741,-0.9874689579,-0.4983805120,-0.8639000058,0.0727587640,1,344.8,25.6,2087.0,1,1.0000000000,-0.0000000001,-0.0000000001,0.0000000001,1.0000000000,-0.0000000000,0.0000000001,0.0000000000,1.0000000000,0,65.8,-139.9,2072.9,1,1.0000000000,-0.0000127824,-0.0000382448,0.0000127820,1.0000000000,-0.0000104657,0.0000382449,0.0000104652,1.0000000000,0,65.8,-487.1,2072.9,0,1.0000000000,0.0000000000,0.0000000000,-0.0000000000,1.0000000000,-0.0000000000,-0.0000000000,0.0000000000,1.0000000000,0,225.1,-144.3,2083.9,1,1.0000000000,0.0000036909,0.0000161129,-0.0000036908,1.0000000000,-0.0000083543,-0.0000161129,0.0000083542,1.0000000000,0,225.1,-491.5,2083.9,0,133.9,-41.3,1764.8,1,144.0,45.5,1971.0,1,65.8,-821.0,2072.9,0,225.0,-825.4,2083.9,0,
13,0.9927681088,0.0490540937,-0.1095686629,-0.0255243313,0.9780870080,0.2066245675,0.1173034310,-0.2023333162,0.9722654819,0,169.1,365.5,1979.0,0,0.9927681088,0.0490540937,-0.1095686629,-0.0255243313,0.9780870080,0.2066245675,0.1173034310,-0.2023333162,0.9722654819,1,160.1,185.7,2016.2,1,0.9885628223,0.1011677906,-0.1118426621,-0.0803650543,0.9809294939,0.1769695729,0.1276133657,-0.1659570038,0.9778405428,1,142.7,16.4,2044.8,1,-0.1601608247,-0.9667812586,-0.1992050558,0.9817087054,-0.1349642873,-0.1342855543,0.1029391810,-0.2170686126,0.9707136154,1,39.6,195.5,2000.6,1,-0.2204388380,-0.9667812586,0.1293864548,0.0103670117,-0.1349642724,-0.9907962084,0.9753457904,-0.2170686126,0.0397739969,1,79.1,-46.6,1975.2,1,0.2465736866,0.6565562487,0.7128362060,-0.9221676588,-0.0672286749,0.3809033632,0.2980074286,-0.7512751818,0.5888779163,0,280.7,175.9,2031.7,1,-0.8269674778,0.5594254732,-0.0562847853,-0.0696275383,-0.2012307644,-0.9770660996,-0.5579218864,-0.8040829301,0.2053627372,0,336.6,-33.5,2099.4,0,1.0000000000,-0.0000000001,-0.0000000001,0.0000000001,1.0000000000,-0.0000000000,0.0000000001,0.0000000000,1.0000000000,0,46.4,-146.5,2063.3,1,1.0000000000,-0.0000115041,-0.0000344203,0.0000115038,1.0000000000,-0.0000094191,0.0000344204,0.0000094187,1.0000000000,0,46.4,-493.7,2063.3,0,1.0000000000,0.0000000000,0.0000000000,-0.0000000000,1.0000000000,-0.0000000000,-0.0000000000,0.0000000000,1.0000000000,0,204.0,-159.3,2083.6,1,1.0000000000,0.0000033218,0.0000145016,-0.0000033217,1.0000000000,-0.0000075188,-0.0000145016,0.0000075188,1.0000000000,0,204.0,-506.6,2083.6,0,127.2,-48.9,1762.4,1,148.9,-49.3,1972.7,0,46.4,-827.6,2063.3,0,204.0,-840.4,2083.6,0,
14,0.9861624241,0.0563699901,-0.1559044421,-0.0268834606,0.9823449850,0.1851355582,0.1635879725,-0.1783822030,0.9702668786,1,173.4,383.4,1976.8,1,0.9861624241,0.0563699901,-0.1559044421,-0.0268834606,0.9823449850,0.1851355582,0.1635879725,-0.1783822030,0.9702668786,1,161.4,174.6,2014.7,1,0.9816289544,0.1094750315,-0.1562687159,-0.0805311799,0.9802125692,0.1808246374,0.1729722917,-0.1649179161,0.9710209370,1,142.4,4.9,2043.3,1,-0.2105756998,-0.9714564085,-0.1092259288,0.9751930237,-0.2009474635,-0.0928373337,0.0682387501,-0.1260656416,0.9896721244,1,41.5,184.4,1993.6,1,-0.1313008368,-0.9714564085,0.1975664943,0.0128857866,-0.2009474635,-0.9795172811,0.9912588000,-0.1260656416,0.0389025509,1,92.5,-51.8,1977.1,1,0.1791148782,0.7741211057,0.6071693897,-0.9488106370,-0.0272693634,0.3146665692,0.2601470351,-0.6324501634,0.7296097279,0,281.2,164.7,2035.9,1,-0.7792563438,0.6266350746,0.0093523860,-0.2115558684,-0.2489759922,-0.9451215267,-0.5899178982,-0.7384707928,0.3265847564,0,321.9,-50.7,2094.9,0,1.0000000000,-0.0000000001,-0.0000000001,0.0000000001,1.0000000000,-0.0000000000,0.0000000001,0.0000000000,1.0000000000,0,45.1,-158.4,2058.0,1,1.0000000000,-0.0000103537,-0.0000309783,0.0000103534,1.0000000000,-0.0000084771,0.0000309784,0.0000084768,1.0000000000,0,45.1,-505.6,2058.0,0,1.0000000000,0.0000000000,0.0000000000,-0.0000000000,1.0000000000,-0.0000000000,-0.0000000000,0.0000000000,1.0000000000,0,201.9,-171.2,2085.6,1,1.0000000000,0.0000029896,0.0000130514,-0.0000029895,1.0000000000,-0.0000067670,-0.0000130515,0.0000067669,1.0000000000,0,201.9,-518.4,2085.6,0,121.3,-54.6,1760.0,1,145.0,-98.7,1961.0,0,45.1,-839.5,2058.0,0,201.9,-852.3,2085.6,0,
15,0.9876210690,0.0526807494,-0.1477477252,-0.0242946297,0.9819225073,0.1877164543,0.1549658030,-0.1818029583,0.9710469842,1,172.6,390.6,1980.8,1,0.9876210690,0.0526807494,-0.1477477252,-0.0242946297,0.9819225073,0.1877164543,0.1549658030,-0.1818029583,0.9710469842,1,162.1,196.3,2016.7,1,0.9852727056,0.0860543922,-0.1477581710,-0.0575144328,0.9805659652,0.1875685155,0.1610276848,-0.1763076186,0.9710740447,1,147.2,26.3,2047.3,1,-0.2212903649,-0.9739183784,-0.0501363650,0.9723189473,-0.2163886726,-0.0881581530,0.0750098974,-0.0682570860,0.9948440194,1,41.7,203.3,1997.1,1,-0.0706947446,-0.9739183784,0.2156045735,0.0035354644,-0.2163886726,-0.9763008952,0.9974917769,-0.0682570785,0.0187407937,1,100.8,-56.4,1977.0,1,0.1301394701,0.8529043794,0.5055865645,-0.9666646123,-0.0042607784,0.2560101449,0.2205064297,-0.5220496655,0.8239181042,0,282.6,189.2,2036.4,1,-0.7248337269,0.6863936782,0.0589845479,-0.3377496600,-0.2794269323,-0.8988021612,-0.6004502773,-0.6714043617,0.4343677759,0,312.2,-30.2,2086.5,0,1.0000000000,-0.0000000001,-0.0000000001,0.0000000001,1.0000000000,-0.0000000000,0.0000000001,0.0000000000,1.0000000000,0,53.5,-139.0,2065.0,1,1.0000000000,-0.0000093183,-0.0000278805,0.0000093181,1.0000000000,-0.0000076294,0.0000278805,0.0000076292,1.0000000000,0,53.5,-486.2,2065.0,0,1.0000000000,0.0000000000,0.0000000000,-0.0000000000,1.0000000000,-0.0000000000,-0.0000000000,0.0000000000,1.0000000000,0,211.1,-148.2,2090.7,1,1.0000000000,0.0000026907,0.0000117463,-0.0000026906,1.0000000000,-0.0000060903,-0.0000117463,0.0000060902,1.0000000000,0,211.1,-495.4,2090.7,0,116.3,-57.2,1757.7,1,147.6,-106.9,1950.2,0,53.5,-820.1,2065.0,0,211.1,-829.3,2090.7,0,
16,0.9923181534,0.0306240432,-0.1198629215,-0.0057205413,0.9791989923,0.2028199583,0.1235807836,-0.2005759478,0.9718519449,1,165.2,383.3,1978.2,1,0.9923181534,0.0306240432,-0.1198629215,-0.0057205413,0.9791989923,0.2028199583,0.1235807836,-0.2005759478,0.9718519449,1,159.5,198.2,2016.1,1,0.9916383624,0.0473820232,-0.1200354546,-0.0227920357,0.9798381925,0.1984866560,0.1270200014,-0.1940908283,0.9727249146,1,151.2,28.4,2049.7,1,-0.2559655607,-0.9666857719,0.0004675034,0.9618535042,-0.2547342479,-0.0997413769,0.0965376645,-0.0250806864,0.9950132966,1,38.2,201.0,2000.6,1,-0.0357813351,-0.9666858315,0.2534527481,0.0374598131,-0.2547342777,-0.9662853479,0.9986573458,-0.0250806846,0.0453266017,1,104.9,-49.7,1975.4,1,0.0949857235,0.9048092961,0.4150874019,-0.9784274697,0.0080107450,0.2064346671,0.1834589392,-0.4257412553,0.8860514164,0,280.7,195.4,2031.6,1,-0.6675745249,0.7384499311,0.0950547904,-0.4476782084,-0.2961018085,-0.8437461257,-0.5949184299,-0.6058176160,0.5282583237,0,302.3,-26.7,2073.3,0,1.0000000000,-0.0000000000,-0.0000000001,0.0000000000,1.0000000000,-0.0000000000,0.0000000001,0.0000000000,1.0000000000,0,63.8,-139.6,2073.2,1,1.0000000000,-0.0000083865,-0.0000250924,0.0000083863,1.0000000000,-0.0000068665,0.0000250925,0.0000068663,1.0000000000,0,63.8,-486.8,2073.2,0,1.0000000000,0.0000000000,0.0000000000,-0.0000000000,1.0000000000,-0.0000000000,-0.0000000000,0.0000000000,1.0000000000,0,222.3,-143.2,2093.5,1,1.0000000000,0.0000024216,0.0000105717,-0.0000024215,1.0000000000,-0.0000054812,-0.0000105717,0.0000054812,1.0000000000,0,222.3,-490.5,2093.5,0,112.8,-58.0,1755.2,1,150.7,-128.4,1938.2,0,63.8,-820.7,2073.2,0,222.3,-824.4,2093.5,0,
17,0.9922897816,0.0202798974,-0.1222701222,0.0035577524,0.9814545512,0.1916599423,0.1238893941,-0.1906169057,0.9738150835,1,162.8,382.8,1980.9,1,0.9922897816,0.0202798974,-0.1222701222,0.0035577524,0.9814545512,0.1916599423,0.1238893941,-0.1906169057,0.9738150835,1,159.0,202.1,2016.0,1,0.9919508100,0.0319552831,-0.1225263104,-0.0091915401,0.9832508564,0.1820235997,0.1262906939,-0.1794319451,0.9756300449,1,153.5,31.6,2047.2,1,-0.2701341808,-0.9622955918,0.0318549275,0.9575574398,-0.2719652057,-0.0954910144,0.1005539894,0.0047075357,0.9949205518,1,37.6,203.2,2000.6,1,-0.0096579995,-0.9622956514,0.2718344033,0.0514585339,-0.2719652057,-0.9609302878,0.9986284971,0.0047075357,0.0521449558,1,108.5,-47.9,1974.2,1,0.0698221922,0.9386450052,0.3377428055,-0.9860954285,0.0137625933,0.1656085551,0.1507994682,-0.3446098268,0.9265546799,0,280.4,201.0,2031.5,1,-0.6102097034,0.7831000686,0.1199916899,-0.5419669747,-0.3021523952,-0.7842037082,-0.5778542757,-0.5435604453,0.6087909937,0,296.3,-22.9,2065.7,0,1.0000000000,-0.0000000000,-0.0000000000,0.0000000000,1.0000000000,-0.0000000000,0.0000000000,0.0000000000,1.0000000000,0,68.6,-138.2,2068.2,1,1.0000000000,-0.0000075478,-0.0000225832,0.0000075477,1.0000000000,-0.0000061798,0.0000225832,0.0000061796,1.0000000000,0,68.6,-485.4,2068.2,0,1.0000000000,0.0000000000,0.0000000000,-0.0000000000,1.0000000000,-0.0000000000,-0.0000000000,0.0000000000,1.0000000000,0,227.3,-139.7,2088.4,1,1.0000000000,0.0000021794,0.0000095145,-0.0000021794,1.0000000000,-0.0000049331,-0.0000095145,0.0000049331,1.0000000000,0,227.3,-486.9,2088.4,0,110.6,-59.2,1753.5,1,157.7,-145.9,1934.5,0,68.6,-819.3,2068.2,0,227.3,-820.8,2088.4,0,
18,0.9956754446,0.0165996738,-0.0914071053,0.0005840753,0.9827687144,0.1848364025,0.0929002613,-0.1840901375,0.9785088897,1,157.7,381.1,1982.8,1,0.9956754446,0.0165996738,-0.0914071053,0.0005840753,0.9827687144,0.1848364025,0.0929002613,-0.1840901375,0.9785088897,1,154.7,202.4,2016.3,1,0.9954872727,0.0250350684,-0.0915346891,-0.0083010569,0.9838482738,0.1788097173,0.0945327505,-0.1772426665,0.9796161652,1,150.4,31.6,2047.0,1,-0.2970603406,-0.9529200196,0.0608180687,0.9470551610,-0.3021607399,-0.1085608006,0.1218265668,0.0253489576,0.9922277331,1,32.9,203.4,2004.7,1,0.0058589671,-0.9529199600,0.3031655550,0.0652348325,-0.3021607697,-0.9510222673,0.9978528023,0.0253489614,0.0603932142,1,111.2,-46.4,1972.6,1,0.0517604947,0.9605545998,0.2732315361,-0.9910606146,0.0157196522,0.1324819028,0.1229610741,-0.2776463628,0.9527817369,0,276.6,201.3,2027.9,1,-0.5545686483,0.8209447861,0.1360230446,-0.6218848228,-0.3002613783,-0.7232576013,-0.5529122353,-0.4856870770,0.6770493984,0,288.3,-23.7,2055.8,0,1.0000000000,-0.0000000000,-0.0000000000,0.0000000000,1.0000000000,-0.0000000000,0.0000000000,0.0000000000,1.0000000000,0,66.4,-138.4,2070.2,1,1.0000000000,-0.0000067930,-0.0000203249,0.0000067929,1.0000000000,-0.0000055618,0.0000203249,0.0000055617,1.0000000000,0,66.4,-485.6,2070.2,0,1.0000000000,0.0000000000,0.0000000000,-0.0000000000,1.0000000000,-0.0000000000,-0.0000000000,0.0000000000,1.0000000000,0,225.7,-139.7,2085.4,1,1.0000000000,0.0000019615,0.0000085631,-0.0000019614,1.0000000000,-0.0000044398,-0.0000085631,0.0000044398,1.0000000000,0,225.7,-487.0,2085.4,0,109.9,-60.8,1752.3,1,162.4,-164.9,1930.2,0,66.4,-819.5,2070.2,0,225.7,-820.8,2085.4,0,
19,0.9977013469,-0.0013161508,-0.0677543804,0.0150623405,0.9791080952,0.2027800679,0.0660719648,-0.2033341825,0.9768772125,1,154.0,374.1,1978.7,1,0.9977013469,-0.0013161508,-0.0677543804,0.0150623405,0.9791080952,0.2027800679,0.0660719648,-0.2033341825,0.9768772125,1,154.2,197.8,2015.4,1,0.9976882339,0.0051714689,-0.0677626505,0.0084067555,0.9800497890,0.1985724717,0.0674376860,-0.1986827850,0.9777405262,1,153.3,27.8,2049.8,1,-0.3224062324,-0.9433206320,0.0787430331,0.9375436306,-0.3296945989,-0.1109658033,0.1306374669,0.0380489640,0.9906998873,1,32.1,196.8,2007.1,1,0.0136311734,-0.9433207512,0.3316028416,0.0760601833,-0.3296945989,-0.9410188794,0.9970100522,0.0380489640,0.0672550201,1,115.7,-46.3,1973.2,1,0.0387161374,0.9746817350,0.2202189565,-0.9942622185,0.0155830979,0.1058284193,0.0997173563,-0.2230526656,0.9696927071,0,276.3,198.8,2023.6,1,-0.5018016100,0.8527263403,0.1450925767,-0.6889986992,-0.2926329374,-0.6630579829,-0.5229482651,-0.4326925576,0.7343719006,0,285.1,-26.9,2046.2,0,1.0000000000,-0.0000000000,-0.0000000000,0.0000000000,1.0000000000,-0.0000000000,0.0000000000,0.0000000000,1.0000000000,0,72.5,-142.9,2078.9,1,1.0000000000,-0.0000061137,-0.0000182924,0.0000061136,1.0000000000,-0.0000050056,0.0000182924,0.0000050055,1.0000000000,0,72.5,-490.1,2078.9,0,1.0000000000,0.0000000000,0.0000000000,-0.0000000000,1.0000000000,-0.0000000000,-0.0000000000,0.0000000000,1.0000000000,0,232.3,-141.6,2089.7,1,1.0000000000,0.0000017653,0.0000077068,-0.0000017653,1.0000000000,-0.0000039958,-0.0000077068,0.0000039958,1.0000000000,0,232.3,-488.8,2089.7,0,112.7,-63.0,1753.4,1,171.2,-183.3,1927.5,0,72.6,-824.0,2078.9,0,232.3,-822.7,2089.7,0,
20,0.9984314442,-0.0130280601,-0.0544549413,0.0230840500,0.9818298817,0.1883515418,0.0510116480,-0.1893128306,0.9805904627,1,150.6,371.3,1981.7,1,0.9984314442,-0.0130280601,-0.0544549413,0.0230840500,0.9818298817,0.1883515418,0.0510116480,-0.1893128306,0.9805904627,1,152.9,195.0,2015.7,1,0.9984939694,-0.0063456343,-0.0544970371,0.0167479776,0.9811307192,0.1926166415,0.0522464551,-0.1932389587,0.9797592759,1,154.0,24.7,2049.3,1,-0.3380910456,-0.9378924370,0.0777966902,0.9312630296,-0.3453362584,-0.1161553934,0.1358072609,0.0331780873,0.9901796579,1,30.6,192.9,2009.3,1,0.0114715379,-0.9378923774,0.3467366397,0.0647116750,-0.3453361988,-0.9362453222,0.9978380203,0.0331780836,0.0567310527,1,118.3,-48.6,1974.1,1,0.0292171240,0.9837660789,0.1770597398,-0.9963208437,0.0143845677,0.0844833329,0.0805649757,-0.1788766980,0.9805673957,0,275.2,197.0,2022.1,1,-0.4525629282,0.8792231083,0.1488383114,-0.7449525595,-0.2810268402,-0.6050364971,-0.4901345670,-0.3846947849,0.7821623683,0,281.8,-29.2,2040.4,0,1.0000000000,-0.0000000000,-0.0000000000,0.0000000000,1.0000000000,-0.0000000000,0.0000000000,0.0000000000,1.0000000000,0,75.1,-146.9,2078.6,1,1.0000000000,-0.0000055023,-0.0000164631,0.0000055023,1.0000000000,-0.0000045051,0.0000164632,0.0000045050,1.0000000000,0,75.1,-494.1,2078.6,0,1.0000000000,0.0000000000,0.0000000000,-0.0000000000,1.0000000000,-0.0000000000,-0.0000000000,0.0000000000,1.0000000000,0,235.0,-144.2,2087.0,1,1.0000000000,0.0000015888,0.0000069361,-0.0000015888,1.0000000000,-0.0000035962,-0.0000069361,0.0000035962,1.0000000000,0,235.0,-491.4,2087.0,0,115.8,-63.0,1752.9,1,179.0,-198.3,1929.1,0,75.1,-828.0,2078.6,0,235.0,-825.3,2087.0,0,
21,0.9992344379,-0.0109419236,-0.0375665464,0.0165201016,0.9883095026,0.1515610069,0.0354690142,-0.1520652622,0.9877334237,1,150.1,366.2,1989.7,1,0.9992344379,-0.0109419236,-0.0375665464,0.0165201016,0.9883095026,0.1515610069,0.0354690142,-0.1520652622,0.9877334237,1,152.1,189.1,2017.0,1,0.9992474914,-0.0093405163,-0.0376526117,0.0152527383,0.9870080352,0.1599430889,0.0356694907,-0.1603967100,0.9864075184,1,153.7,17.9,2044.8,1,-0.3527923822,-0.9317691326,0.0856974497,0.9225557446,-0.3616722822,-0.1344773322,0.1562961936,0.0316180959,0.9872041345,1,29.7,187.2,2012.6,1,0.0089302082,-0.9317690730,0.3629418314,0.0642312318,-0.3616722524,-0.9300900698,0.9978951216,0.0316180997,0.0566188581,1,120.1,-49.3,1972.5,1,0.0222346783,0.9895979166,0.1421307325,-0.9976425171,0.0127305388,0.0674315840,0.0649207979,-0.1432949901,0.9875484109,0,274.4,191.0,2021.4,1,-0.4071564674,0.9011875391,0.1486055851,-0.7913353443,-0.2668157816,-0.5500879884,-0.4560822248,-0.3415690362,0.8217782378,0,279.5,-35.5,2036.1,0,1.0000000000,-0.0000000000,-0.0000000000,0.0000000000,1.0000000000,-0.0000000000,0.0000000000,0.0000000000,1.0000000000,0,75.3,-154.6,2069.8,1,1.0000000000,-0.0000049521,-0.0000148168,0.0000049520,1.0000000000,-0.0000040546,0.0000148169,0.0000040545,1.0000000000,0,75.3,-501.8,2069.8,0,1.0000000000,0.0000000000,0.0000000000,-0.0000000000,1.0000000000,-0.0000000000,-0.0000000000,0.0000000000,1.0000000000,0,235.3,-152.1,2075.5,1,1.0000000000,0.0000014299,0.0000062425,-0.0000014299,1.0000000000,-0.0000032366,-0.0000062425,0.0000032366,1.0000000000,0,235.3,-499.4,2075.5,0,118.1,-63.5,1751.8,1,187.0,-215.2,1932.5,0,75.3,-835.7,2069.8,0,235.3,-833.2,2075.5,0,
22,0.9984008074,-0.0292241294,-0.0483988151,0.0364377089,0.9871467352,0.1556051970,0.0432293154,-0.1571195275,0.9866327047,1,147.7,365.5,1988.3,1,0.9984008074,-0.0292241294,-0.0483988151,0.0364377089,0.9871467352,0.1556051970,0.0432293154,-0.1571195275,0.9866327047,1,153.0,187.5,2016.6,1,0.9984664321,-0.0265924595,-0.0485616475,0.0341164470,0.9863049984,0.1613624245,0.0436055884,-0.1627713740,0.9856994152,1,157.6,16.4,2044.8,1,-0.3561478257,-0.9309769869,0.0802534074,0.9216893315,-0.3641279042,-0.1337893754,0.1537773311,0.0263199136,0.9877549410,1,30.7,183.3,2011.2,1,0.0126290666,-0.9309769869,0.3648594320,0.0399295129,-0.3641279340,-0.9304926991,0.9991226196,0.0263199136,0.0325748660,1,122.1,-53.1,1971.8,1,0.0170512199,0.9933376908,0.1139708832,-0.9984901547,0.0109639764,0.0538254678,0.0522172973,-0.1147165895,0.9920248985,0,275.3,191.7,2021.9,1,-0.3656494617,0.9193120003,0.1454772651,-0.8296095133,-0.2510509491,-0.4987179041,-0.4219553769,-0.3030459285,0.8544685841,0,279.1,-35.0,2033.8,0,1.0000000000,-0.0000000000,-0.0000000000,0.0000000000,1.0000000000,-0.0000000000,0.0000000000,0.0000000000,1.0000000000,0,82.2,-157.5,2069.6,1,1.0000000000,-0.0000044569,-0.0000133352,0.0000044568,1.0000000000,-0.0000036491,0.0000133352,0.0000036490,1.0000000000,0,82.2,-504.7,2069.6,0,1.0000000000,0.0000000000,0.0000000000,-0.0000000000,1.0000000000,-0.0000000000,-0.0000000000,0.0000000000,1.0000000000,0,242.2,-152.0,2076.6,1,1.0000000000,0.0000012869,0.0000056182,-0.0000012869,1.0000000000,-0.0000029129,-0.0000056182,0.0000029129,1.0000000000,0,242.2,-499.3,2076.6,0,119.3,-62.0,1750.6,1,196.1,-223.4,1938.0,0,82.2,-838.6,2069.6,0,242.2,-833.2,2076.6,0,
23,0.9986800551,-0.0342883766,-0.0382491797,0.0397834890,0.9873217940,0.1536629498,0.0324954130,-0.1549814641,0.9873824716,1,145.9,363.2,1986.5,1,0.9986800551,-0.0342883766,-0.0382491797,0.0397834890,0.9873217940,0.1536629498,0.0324954130,-0.1549814641,0.9873824716,1,152.1,185.2,2014.4,1,0.9989063144,-0.0271228179,-0.0380938426,0.0325055420,0.9883527756,0.1486657262,0.0336179398,-0.1497410387,0.9881532192,1,156.8,13.7,2040.4,1,-0.3625278473,-0.9283831716,0.0817221031,0.9194829464,-0.3705994189,-0.1311766356,0.1520683169,0.0275868960,0.9879850149,1,29.8,181.2,2010.3,1,0.0174490921,-0.9283831120,0.3712148070,0.0306807477,-0.3705993295,-0.9282859564,0.9993769526,0.0275868941,0.0220168624,1,122.5,-54.1,1971.4,1,0.0131658316,0.9957340956,0.0913251862,-0.9990332127,0.0092681050,0.0429732129,0.0419434831,-0.0918026790,0.9948934913,0,274.5,189.2,2018.5,1,-0.3279538155,0.9342139363,0.1403105259,-0.8610783219,-0.2345201969,-0.4511553049,-0.3885702491,-0.2687774301,0.8813464642,0,277.5,-37.6,2028.1,0,1.0000000000,-0.0000000000,-0.0000000000,0.0000000000,1.0000000000,-0.0000000000,0.0000000000,0.0000000000,1.0000000000,0,81.5,-160.5,2063.7,1,1.0000000000,-0.0000040112,-0.0000120016,0.0000040112,1.0000000000,-0.0000032842,0.0000120016,0.0000032841,1.0000000000,0,81.5,-507.7,2063.7,0,1.0000000000,0.0000000000,0.0000000000,-0.0000000000,1.0000000000,-0.0000000000,-0.0000000000,0.0000000000,1.0000000000,0,241.6,-155.3,2069.1,1,1.0000000000,0.0000011582,0.0000050564,-0.0000011582,1.0000000000,-0.0000026217,-0.0000050564,0.0000026216,1.0000000000,0,241.6,-502.5,2069.1,0,118.7,-60.9,1750.2,1,203.0,-233.1,1939.8,0,81.5,-841.6,2063.7,0,241.6,-836.4,2069.1,0,
24,0.9985743761,-0.0383078009,-0.0371786803,0.0442119688,0.9837835431,0.1738230884,0.0299170204,-0.1752186716,0.9840745330,1,143.7,362.8,1980.6,1,0.9985743761,-0.0383078009,-0.0371786803,0.0442119688,0.9837835431,0.1738230884,0.0299170204,-0.1752186716,0.9840745330,1,150.6,185.7,2012.1,1,0.9988765717,-0.0297568087,-0.0368869044,0.0354681201,0.9855914712,0.1653809100,0.0314342305,-0.1665030867,0.9855394363,1,155.8,14.6,2041.0,1,-0.3649323285,-0.9273253083,0.0830200166,0.9195206165,-0.3729636967,-0.1240163445,0.1459669471,0.0310810469,0.9888011217,1,28.3,181.3,2008.3,1,0.0243068542,-0.9273252487,0.3734662533,0.0228531249,-0.3729635477,-0.9275645018,0.9994432330,0.0310810469,0.0121267093,1,122.3,-55.5,1970.7,1,0.0102268457,0.9972690344,0.0731438324,-0.9993811846,0.0077315569,0.0343174115,0.0336581692,-0.0734495223,0.9967308044,0,273.0,190.0,2016.0,1,-0.2938845158,0.9464305043,0.1337737441,-0.8868766427,-0.2178020477,-0.4074390829,-0.3564770818,-0.2383822501,0.9033811688,0,275.3,-36.9,2023.6,0,1.0000000000,-0.0000000000,-0.0000000000,0.0000000000,1.0000000000,-0.0000000000,0.0000000000,0.0000000000,1.0000000000,0,80.9,-159.3,2067.4,1,1.0000000000,-0.0000036101,-0.0000108015,0.0000036100,1.0000000000,-0.0000029558,0.0000108015,0.0000029557,1.0000000000,0,80.9,-506.5,2067.4,0,1.0000000000,0.0000000000,0.0000000000,-0.0000000000,1.0000000000,-0.0000000000,-0.0000000000,0.0000000000,1.0000000000,0,241.0,-153.6,2072.5,1,1.0000000000,0.0000010424,0.0000045508,-0.0000010424,1.0000000000,-0.0000023595,-0.0000045508,0.0000023595,1.0000000000,0,241.0,-500.8,2072.5,0,116.9,-60.6,1749.5,1,208.6,-238.2,1942.7,0,80.9,-840.4,2067.4,0,241.0,-834.7,2072.5,0,
