1,0.3963077366,-0.0808013901,0.9145522118,-0.0852881670,0.9885696173,0.1242976189,-0.9141471982,-0.1272606701,0.3848911822,1,120.8,384.5,1528.2,1,0.3963077366,-0.0808013901,0.9145522118,-0.0852881670,0.9885696173,0.1242976189,-0.9141471982,-0.1272606701,0.3848911822,1,137.2,183.9,1554.0,1,0.3972705305,-0.0667898208,0.9152647257,-0.0981858373,0.9885268807,0.1147519276,-0.9124333262,-0.1354536712,0.3861595988,1,150.5,-12.6,1580.9,1,-0.0000026226,-1.0000003576,0.0000000121,1.0000003576,-0.0000026226,0.0000000063,-0.0000000063,0.0000000121,1.0000000000,0,82.1,197.5,1680.7,1,0.0001544356,-0.9999992847,0.0001773040,0.9999992847,0.0001544356,0.0000407268,-0.0000407541,0.0001772977,1.0000000000,0,82.1,-62.4,1680.7,0,0.0475067683,-0.4413277805,0.8960875869,-0.9836289883,0.1354505718,0.1188579500,-0.1738308817,-0.8870643377,-0.4276679754,1,192.4,170.2,1427.3,1,-0.4291717410,-0.4413278103,0.7880618572,-0.9000120759,0.1354505867,-0.4142842889,0.0760917366,-0.8870642781,-0.4553318918,1,205.8,-106.8,1378.3,1,0.1644206792,0.1665822268,0.9722223282,-0.4913723171,0.8684677482,-0.0657046437,-0.8552889228,-0.4669198990,0.2246479392,1,127.4,-200.0,1691.5,1,0.1539735943,0.1272490919,0.9798468947,-0.5640571713,0.8255269527,-0.0185719300,-0.8112533092,-0.5498300195,0.1988850832,1,61.2,-545.1,1877.1,1,-0.0988959298,0.2833469212,0.9539046884,-0.2062190324,0.9319581985,-0.2982076406,-0.9734954834,-0.2262048125,-0.0337353349,1,200.2,-218.0,1524.2,1,-0.1038179249,0.0000000000,0.9945963025,0.0000000000,1.0000000000,0.0000000000,-0.9945963025,0.0000000000,-0.1038179249,0,87.6,-588.4,1614.1,1,82.0,-322.2,1680.7,0,81.8,-366.7,1400.3,1,12.6,-860.2,2086.9,1,87.6,-970.6,1614.1,0,
2,0.3899015188,-0.0835949630,0.9170512557,-0.0804862455,0.9889631867,0.1243687868,-0.9173318744,-0.1223016679,0.3788747489,1,121.0,384.1,1529.0,1,0.3899015188,-0.0835949630,0.9170512557,-0.0804862455,0.9889631867,0.1243687868,-0.9173318744,-0.1223016679,0.3788747489,1,137.9,183.4,1553.8,1,0.3909431994,-0.0694259629,0.9177895784,-0.0939505249,0.9889299273,0.1148250625,-0.9156067371,-0.1311169565,0.3800975680,1,151.7,-13.2,1579.9,1,-0.0000026226,-1.0000003576,0.0000000097,1.0000003576,-0.0000026226,0.0000000050,-0.0000000050,0.0000000097,1.0000000000,0,83.6,196.4,1681.0,1,0.0001404881,-0.9999992847,0.0001595732,0.9999992847,0.0001404881,0.0000366552,-0.0000366775,0.0001595681,1.0000000000,0,83.6,-63.5,1681.0,0,0.0450912006,-0.4461543560,0.8938193321,-0.9833290577,0.1379496753,0.1184650213,-0.1761557907,-0.8842602372,-0.4324961603,1,192.2,170.3,1426.6,1,-0.4348356128,-0.4461543262,0.7822176218,-0.8969971538,0.1379496604,-0.4199593663,0.0794600099,-0.8842602968,-0.4601846635,1,204.9,-105.9,1377.2,1,0.1596816629,0.1493970901,0.9757983088,-0.4848932028,0.8728865385,-0.0542921387,-0.8598722816,-0.4644884765,0.2118256241,1,129.7,-201.1,1689.9,1,0.1406272054,0.1695273668,0.9754406214,-0.5846930146,0.8092947006,-0.0563579686,-0.7989731431,-0.5624078512,0.2129303068,1,70.3,-547.9,1874.5,1,-0.1081932336,0.2760151923,0.9550444484,-0.2117672116,0.9322355390,-0.2934135497,-0.9713129997,-0.2339924425,-0.0424106047,1,201.4,-218.3,1521.9,1,-0.1136050597,0.0000000000,0.9935259819,0.0000000000,1.0000000000,0.0000000000,-0.9935259819,0.0000000000,-0.1136050597,0,91.7,-588.8,1614.9,1,83.6,-323.3,1681.0,0,79.2,-365.1,1400.1,1,5.6,-856.7,2089.0,1,91.7,-971.0,1614.9,0,
3,0.3899070024,-0.0838624835,0.9170244932,-0.0724362582,0.9899624586,0.1213300526,-0.9180002809,-0.1137332618,0.3799233437,1,120.8,385.2,1531.9,1,0.3899070024,-0.0838624835,0.9170244932,-0.0724362582,0.9899624586,0.1213300526,-0.9180002809,-0.1137332618,0.3799233437,1,137.7,185.0,1554.9,1,0.3908563852,-0.0718471855,0.9176402092,-0.0845081285,0.9899342060,0.1135009676,-0.9165635109,-0.1219106391,0.3808551729,1,152.0,-11.7,1579.1,1,-0.0000026226,-1.0000003576,0.0000000078,1.0000003576,-0.0000026226,0.0000000040,-0.0000000040,0.0000000078,1.0000000000,0,83.4,196.8,1682.2,1,0.0001276731,-0.9999992847,0.0001436156,0.9999992847,0.0001276731,0.0000329906,-0.0000330088,0.0001436114,1.0000000000,0,83.4,-63.1,1682.2,0,0.0421125516,-0.4533212781,0.8903518915,-0.9827325940,0.1419104785,0.1187355369,-0.1801755875,-0.8799780607,-0.4395173490,1,192.0,173.3,1427.6,1,-0.4358305633,-0.4533211589,0.7775291204,-0.8964707851,0.1419104636,-0.4197635651,0.0799481869,-0.8799779415,-0.4682381749,1,203.9,-104.9,1376.6,1,0.1585434526,0.1645857841,0.9735376835,-0.4877635837,0.8703462481,-0.0677065775,-0.8584584594,-0.4641217291,0.2182666361,1,130.4,-200.6,1687.4,1,0.1436707377,0.1398945153,0.9796878695,-0.5824523568,0.8122896552,-0.0305745509,-0.8000675440,-0.5662288070,0.1981841326,1,65.0,-546.5,1871.8,1,-0.1126809940,0.2789814770,0.9536625743,-0.2187352180,0.9292663336,-0.2976895273,-0.9692564011,-0.2421435416,-0.0436875783,1,202.1,-216.1,1519.3,1,-0.1185394078,0.0000000000,0.9929492474,0.0000000000,1.0000000000,0.0000000000,-0.9929492474,0.0000000000,-0.1185394078,0,91.3,-585.5,1615.5,1,83.4,-323.0,1682.2,0,78.0,-364.0,1399.7,1,11.6,-856.5,2087.9,1,91.3,-967.6,1615.5,0,
4,0.3899825513,-0.0862811059,0.9167679548,-0.0669714287,0.9903031588,0.1216890886,-0.9183830619,-0.1088538617,0.3804273009,1,120.5,385.8,1533.4,1,0.3899825513,-0.0862811059,0.9167679548,-0.0669714287,0.9903031588,0.1216890886,-0.9183830619,-0.1088538617,0.3804273009,1,137.9,185.7,1555.4,1,0.3910653293,-0.0719419345,0.9175437689,-0.0805265978,0.9904395342,0.1119770333,-0.9168328047,-0.1176769882,0.3815380633,1,152.2,-11.1,1578.7,1,-0.0000026226,-1.0000003576,0.0000000062,1.0000003576,-0.0000026226,0.0000000032,-0.0000000032,0.0000000062,1.0000000000,0,83.6,196.9,1682.7,1,0.0001161695,-0.9999992847,0.0001292537,0.9999992847,0.0001161695,0.0000296922,-0.0000297072,0.0001292503,1.0000000000,0,83.6,-63.0,1682.7,0,0.0395560600,-0.4562161863,0.8889893889,-0.9824293256,0.1446448416,0.1179432943,-0.1823953688,-0.8780345917,-0.4424785376,1,192.3,174.5,1428.0,1,-0.4358379841,-0.4562161565,0.7758299112,-0.8965726495,0.1446448267,-0.4186112583,0.0787574276,-0.8780345917,-0.4720726609,1,203.5,-103.9,1376.3,1,0.1564349532,0.1758484840,0.9719082117,-0.4960547984,0.8649020195,-0.0766444951,-0.8540831804,-0.4701297879,0.2225313485,1,130.7,-200.5,1686.2,1,0.1465692520,0.1162715182,0.9823432565,-0.5705621243,0.8211658597,-0.0120643489,-0.8080694675,-0.5587196350,0.1866977662,1,60.8,-544.2,1873.0,1,-0.1150355637,0.2779791355,0.9536741972,-0.2232311368,0.9282580018,-0.2974977493,-0.9679538608,-0.2471125722,-0.0447290838,1,202.4,-215.3,1518.0,1,-0.1213100553,0.0000000000,0.9926146865,0.0000000000,1.0000000000,0.0000000000,-0.9926146865,0.0000000000,-0.1213100553,0,91.9,-584.2,1616.3,1,83.6,-322.8,1682.7,0,77.4,-363.2,1399.1,1,16.4,-857.7,2086.3,1,91.9,-966.4,1616.3,0,
5,0.3887379169,-0.0900758356,0.9169315696,-0.0625049546,0.9903355241,0.1237844527,-0.9192252159,-0.1054324359,0.3793555200,1,119.8,385.5,1534.6,1,0.3887379169,-0.0900758356,0.9169315696,-0.0625049546,0.9903355241,0.1237844527,-0.9192252159,-0.1054324359,0.3793555200,1,137.9,186.0,1555.8,1,0.3899600208,-0.0726505592,0.9179582596,-0.0773832873,0.9907681346,0.1112847701,-0.9175739884,-0.1144311950,0.3807427585,1,152.4,-10.9,1578.6,1,-0.0000026226,-1.0000003576,0.0000000050,1.0000003576,-0.0000026226,0.0000000026,-0.0000000026,0.0000000050,1.0000000000,0,83.8,196.8,1683.3,1,0.0001059175,-0.9999992847,0.0001163281,0.9999992847,0.0001059175,0.0000267236,-0.0000267358,0.0001163253,1.0000000000,0,83.8,-63.1,1683.3,0,0.0410151705,-0.4573006332,0.8883658648,-0.9816946983,0.1470644027,0.1210278422,-0.1859931052,-0.8770680428,-0.4428976476,1,192.1,175.3,1428.4,1,-0.4374883175,-0.4573006034,0.7742609978,-0.8958442211,0.1470644027,-0.4193271399,0.0778923482,-0.8770679235,-0.4740090072,1,203.7,-102.9,1375.7,1,0.1556637734,0.1727299094,0.9725909829,-0.4931566119,0.8667019606,-0.0749942735,-0.8559002876,-0.4679657519,0.2200970203,1,131.0,-200.6,1685.5,1,0.1451403201,0.1132956222,0.9829030037,-0.5754070282,0.8178142309,-0.0092989858,-0.8048855662,-0.5642197132,0.1838889420,1,62.4,-545.1,1871.4,1,-0.1184868217,0.2793439329,0.9528524280,-0.2280774564,0.9262981415,-0.2999204695,-0.9664064050,-0.2528608143,-0.0460420735,1,202.6,-214.8,1517.2,1,-0.1252459139,0.0000000000,0.9921257496,0.0000000000,1.0000000000,0.0000000000,-0.9921257496,0.0000000000,-0.1252459139,0,91.5,-583.0,1617.7,1,83.7,-323.0,1683.3,0,77.4,-361.6,1398.2,1,19.1,-857.4,2087.0,1,91.5,-965.1,1617.7,0,
6,0.3819850981,-0.0871625245,0.9200459123,-0.0641681552,0.9906354547,0.1204897165,-0.9219375849,-0.1050628647,0.3728196323,1,120.1,384.9,1535.2,1,0.3819850981,-0.0871625245,0.9200459123,-0.0641681552,0.9906354547,0.1204897165,-0.9219375849,-0.1050628647,0.3728196323,1,137.7,185.4,1556.4,1,0.3831588626,-0.0695560202,0.9210568070,-0.0790100023,0.9910351038,0.1077071205,-0.9202966094,-0.1140415743,0.3742329776,1,151.5,-11.5,1579.0,1,-0.0000026226,-1.0000003576,0.0000000040,1.0000003576,-0.0000026226,0.0000000021,-0.0000000021,0.0000000040,1.0000000000,0,84.4,196.4,1684.2,1,0.0000966191,-0.9999992847,0.0001046951,0.9999992847,0.0000966191,0.0000240517,-0.0000240617,0.0001046928,1.0000000000,0,84.4,-63.5,1684.2,0,0.0459861793,-0.4568035901,0.8883782625,-0.9813348651,0.1455778182,0.1256540567,-0.1867273599,-0.8775749207,-0.4415827394,1,190.9,174.4,1428.5,1,-0.4271684587,-0.4568035603,0.7802934051,-0.9012323618,0.1455778331,-0.4081511497,0.0728514642,-0.8775749803,-0.4738724232,1,203.9,-102.5,1375.8,1,0.1463103294,0.1849420220,0.9717972279,-0.5003944635,0.8612556458,-0.0885673538,-0.8533456922,-0.4733235538,0.2185545564,1,130.2,-201.2,1686.1,1,0.1398276389,0.0854072422,0.9864855409,-0.5656263232,0.8246148825,0.0087807775,-0.8127207160,-0.5592100024,0.1636125445,1,56.7,-543.4,1874.2,1,-0.1264198869,0.2828489542,0.9507967830,-0.2283034921,0.9244602323,-0.3053699434,-0.9653474092,-0.2556750476,-0.0522947423,1,200.4,-215.7,1517.3,1,-0.1337118745,0.0000000000,0.9910202622,0.0000000000,1.0000000000,0.0000000000,-0.9910202622,0.0000000000,-0.1337118745,0,88.0,-583.1,1618.9,1,84.4,-323.3,1684.2,0,80.6,-362.4,1396.9,1,24.1,-858.4,2087.7,1,88.0,-965.3,1618.9,0,
7,0.3744760454,-0.0862216577,0.9232161045,-0.0601652004,0.9913066626,0.1169835031,-0.9252821207,-0.0993529111,0.3660377264,1,119.9,385.5,1538.0,1,0.3744760454,-0.0862216577,0.9232161045,-0.0601652004,0.9913066626,0.1169835031,-0.9252821207,-0.0993529111,0.3660377264,1,137.3,185.4,1558.0,1,0.3755737245,-0.0700682700,0.9241369963,-0.0740925148,0.9916735291,0.1052988693,-0.9238256812,-0.1080190167,0.3672596812,1,151.2,-11.7,1579.5,1,-0.0000026226,-1.0000003576,0.0000000032,1.0000003576,-0.0000026226,0.0000000017,-0.0000000017,0.0000000032,1.0000000000,0,85.1,195.7,1686.4,1,0.0000882149,-0.9999992847,0.0000942255,0.9999992847,0.0000882149,0.0000216469,-0.0000216551,0.0000942236,1.0000000000,0,85.1,-64.2,1686.4,0,0.0492273755,-0.4591723979,0.8869822025,-0.9806236029,0.1463744044,0.1301994771,-0.1896154881,-0.8762050867,-0.4430696666,1,189.4,175.1,1429.7,1,-0.4269008934,-0.4591723680,0.7790484428,-0.9013354778,0.1463744044,-0.4076381922,0.0731434375,-0.8762051463,-0.4763557315,1,203.4,-103.2,1375.9,1,0.1365255564,0.1879747063,0.9726387858,-0.5077385306,0.8563424945,-0.0942296535,-0.8506246805,-0.4809814692,0.2123546004,1,130.7,-201.9,1685.7,1,0.1328539103,0.0751733705,0.9882807732,-0.5464538932,0.8374323249,0.0097602932,-0.8268845081,-0.5413464904,0.1523349434,1,56.0,-542.2,1876.8,1,-0.1349750310,0.2844305336,0.9491475821,-0.2247001231,0.9241703749,-0.3088995516,-0.9650345445,-0.2549672723,-0.0608283468,1,199.6,-215.5,1516.3,1,-0.1426230371,0.0000000000,0.9897770286,0.0000000000,1.0000000000,0.0000000000,-0.9897770286,0.0000000000,-0.1426230371,0,86.5,-582.8,1617.6,1,85.1,-324.1,1686.4,0,80.3,-363.2,1397.0,1,27.3,-862.1,2083.6,1,86.5,-965.0,1617.6,0,
8,0.3631147742,-0.0893453434,0.9274477959,-0.0590621009,0.9911800027,0.1186073795,-0.9298701882,-0.0978450179,0.3546397984,1,119.1,385.1,1539.9,1,0.3631147742,-0.0893453434,0.9274477959,-0.0590621009,0.9911800027,0.1186073795,-0.9298701882,-0.0978450179,0.3546397984,1,137.1,185.2,1559.6,1,0.3643451035,-0.0716103688,0.9285036325,-0.0742184445,0.9916320443,0.1056008637,-0.9283014536,-0.1073871553,0.3559860885,1,151.3,-11.9,1581.0,1,-0.0000026226,-1.0000003576,0.0000000025,1.0000003576,-0.0000026226,0.0000000013,-0.0000000013,0.0000000025,1.0000000000,0,86.5,195.5,1688.5,1,0.0000806451,-0.9999992847,0.0000848028,0.9999992847,0.0000806451,0.0000194825,-0.0000194893,0.0000848012,1.0000000000,0,86.5,-64.4,1688.5,0,0.0563903823,-0.4702450037,0.8807325363,-0.9792009592,0.1461528540,0.1407296360,-0.1948989779,-0.8703499436,-0.4522227347,1,187.7,174.9,1430.7,1,-0.4205221236,-0.4702449739,0.7759064436,-0.9041455388,0.1461528242,-0.4014474452,0.0753777251,-0.8703498840,-0.4866304696,1,203.7,-102.6,1375.5,1,0.1254653633,0.1947008967,0.9728052020,-0.5117034912,0.8527613282,-0.1046790332,-0.8499517441,-0.4846542776,0.2066211253,1,132.2,-202.1,1687.4,1,0.1233505905,0.0735661685,0.9896325469,-0.5317627192,0.8468869328,0.0033254998,-0.8378622532,-0.5266599655,0.1435837299,1,54.8,-541.0,1880.0,1,-0.1462116390,0.2844663858,0.9474708438,-0.2235217541,0.9234948754,-0.3117613196,-0.9636700749,-0.2573634982,-0.0714412853,1,199.0,-215.7,1517.2,1,-0.1539211869,0.0000000000,0.9880831838,0.0000000000,1.0000000000,0.0000000000,-0.9880831838,0.0000000000,-0.1539211869,0,85.9,-582.7,1619.4,1,86.5,-324.2,1688.5,0,82.1,-364.0,1397.3,1,26.7,-864.5,2081.2,1,85.9,-964.9,1619.4,0,
9,0.3564143479,-0.0914684981,0.9298369884,-0.0594230331,0.9909597039,0.1202569157,-0.9324361086,-0.0981149375,0.3477615118,1,118.2,385.2,1540.3,1,0.3564143479,-0.0914684981,0.9298369884,-0.0594230331,0.9909597039,0.1202569157,-0.9324361086,-0.0981149375,0.3477615118,1,136.6,185.7,1560.1,1,0.3576494753,-0.0742792487,0.9308941364,-0.0741953105,0.9914174676,0.1076128557,-0.9309034944,-0.1075555757,0.3490733504,1,151.4,-11.4,1581.5,1,-0.0000026226,-1.0000003576,0.0000000020,1.0000003576,-0.0000026226,0.0000000011,-0.0000000011,0.0000000020,1.0000000000,0,86.9,196.0,1689.4,1,0.0000738502,-0.9999992847,0.0000763224,0.9999992847,0.0000738502,0.0000175345,-0.0000175401,0.0000763211,1.0000000000,0,86.9,-63.9,1689.4,0,0.0619275346,-0.4738157094,0.8784439564,-0.9786700010,0.1439072192,0.1466139555,-0.1958823949,-0.8687862158,-0.4547974467,1,186.3,175.4,1430.8,1,-0.4169949293,-0.4738156497,0.7756377459,-0.9056060910,0.1439072192,-0.3989589810,0.0774131492,-0.8687860966,-0.4890989363,1,203.8,-102.3,1375.2,1,0.1222077161,0.1964653730,0.9728652239,-0.5030892491,0.8572164178,-0.1099144891,-0.8555504680,-0.4760055840,0.2035980970,1,133.3,-201.6,1688.2,1,0.1179246753,0.0934644938,0.9886143208,-0.5401939154,0.8414049149,-0.0151113477,-0.8332373500,-0.5322614312,0.1497113407,1,55.2,-542.2,1877.4,1,-0.1517254412,0.2849409580,0.9464607835,-0.2207190394,0.9236001968,-0.3134416938,-0.9634637237,-0.2564589977,-0.0772417486,1,198.9,-215.2,1517.5,1,-0.1592010707,0.0000000000,0.9872460961,0.0000000000,1.0000000000,0.0000000000,-0.9872460961,0.0000000000,-0.1592010707,0,85.7,-582.2,1619.4,1,86.9,-323.8,1689.4,0,83.2,-364.4,1397.6,1,19.5,-863.6,2080.7,1,85.7,-964.4,1619.4,0,
10,0.3597840667,-0.0953003317,0.9281529188,-0.0632477179,0.9899879694,0.1261647940,-0.9308891296,-0.1040955856,0.3501589596,1,116.7,384.8,1538.0,1,0.3597840667,-0.0953003317,0.9281529188,-0.0632477179,0.9899879694,0.1261647940,-0.9308891296,-0.1040955856,0.3501589596,1,135.9,185.3,1559.0,1,0.3609859645,-0.0784106031,0.9292660356,-0.0769511983,0.9905535579,0.1134731323,-0.9293906689,-0.1124702990,0.3515467644,1,151.5,-11.6,1581.4,1,-0.0000026226,-1.0000003576,0.0000000016,1.0000003576,-0.0000026226,0.0000000008,-0.0000000008,0.0000000016,1.0000000000,0,85.8,196.0,1688.1,1,0.0000679493,-0.9999992847,0.0000686900,0.9999992847,0.0000679493,0.0000157813,-0.0000157859,0.0000686890,1.0000000000,0,85.8,-63.9,1688.1,0,0.0629888400,-0.4745322168,0.8779815435,-0.9793786407,0.1398210526,0.1458339542,-0.1919632107,-0.8690623045,-0.4559395611,1,186.1,174.6,1429.9,1,-0.4151645303,-0.4745321870,0.7761814594,-0.9061416388,0.1398210377,-0.3991957903,0.0809047371,-0.8690623045,-0.4880421758,1,203.9,-102.7,1375.6,1,0.1270180792,0.2008597255,0.9713505507,-0.5074992180,0.8545573354,-0.1103459671,-0.8522387743,-0.4789436162,0.2104804069,1,134.0,-201.3,1689.0,1,0.1247628108,0.0978629589,0.9873484969,-0.5245152712,0.8512088656,-0.0180906989,-0.8422102332,-0.5156223178,0.1575298160,1,54.2,-540.9,1879.3,1,-0.1469963193,0.2797531188,0.9487520456,-0.2239432931,0.9248528481,-0.3074031174,-0.9634529948,-0.2576537430,-0.0733011365,1,200.2,-215.5,1518.5,1,-0.1540166885,0.0000000000,0.9880682826,0.0000000000,1.0000000000,0.0000000000,-0.9880682826,0.0000000000,-0.1540166885,0,89.0,-583.0,1620.9,1,85.8,-323.8,1688.1,0,83.8,-364.8,1399.0,1,16.8,-866.1,2076.3,1,89.0,-965.2,1620.9,0,
11,0.3601169884,-0.0959558040,0.9279562235,-0.0607031435,0.9901751280,0.1259453744,-0.9309297204,-0.1016848758,0.3507586420,1,115.9,384.7,1539.4,1,0.3601169884,-0.0959558040,0.9279562235,-0.0607031435,0.9901751280,0.1259453744,-0.9309297204,-0.1016848758,0.3507586420,1,135.3,185.1,1559.9,1,0.3612479866,-0.0789047256,0.9291223884,-0.0735170916,0.9908987880,0.1127332970,-0.9295668006,-0.1090309918,0.3521639705,1,151.0,-11.8,1581.6,1,-0.0000026226,-1.0000003576,0.0000000013,1.0000003576,-0.0000026226,0.0000000007,-0.0000000007,0.0000000013,1.0000000000,0,85.1,195.3,1689.1,1,0.0000624061,-0.9999992847,0.0000618209,0.9999992847,0.0000624061,0.0000142033,-0.0000142071,0.0000618201,1.0000000000,0,85.1,-64.5,1689.1,0,0.0634398460,-0.4853912592,0.8719924092,-0.9789695740,0.1394878775,0.1488681138,-0.1938916445,-0.8630982041,-0.4663341641,1,185.5,174.9,1430.8,1,-0.4124070406,-0.4853912890,0.7709189057,-0.9069929123,0.1394878924,-0.3973752260,0.0853486210,-0.8630983233,-0.4977721870,1,203.5,-102.8,1375.8,1,0.1287007779,0.1970115006,0.9719170332,-0.4992135763,0.8597019315,-0.1081594378,-0.8568676114,-0.4712738991,0.2089951038,1,133.5,-202.0,1688.5,1,0.1229752302,0.1256492287,0.9844232798,-0.5377265215,0.8421548605,-0.0403170511,-0.8341026306,-0.5243926048,0.1711290926,1,55.2,-543.6,1875.8,1,-0.1468114257,0.2876940370,0.9464029074,-0.2211570293,0.9230033159,-0.3148880005,-0.9641244411,-0.2555328310,-0.0718818754,1,199.8,-215.4,1518.0,1,-0.1538168490,0.0000000000,0.9880993962,0.0000000000,1.0000000000,0.0000000000,-0.9880993962,0.0000000000,-0.1538168490,0,85.4,-582.3,1619.6,1,85.1,-324.4,1689.1,0,84.1,-365.3,1400.5,1,7.2,-865.2,2076.1,1,85.4,-964.4,1619.6,0,
12,0.3598765731,-0.0981953293,0.9278151989,-0.0554932654,0.9904299378,0.1263450384,-0.9313476682,-0.0969560444,0.3509879410,1,114.5,384.6,1541.2,1,0.3598765731,-0.0981953293,0.9278151989,-0.0554932654,0.9904299378,0.1263450384,-0.9313476682,-0.0969560444,0.3509879410,1,134.3,185.0,1560.7,1,0.3612112403,-0.0793701634,0.9290969968,-0.0703880936,0.9912046790,0.1120395139,-0.9298232198,-0.1058672220,0.3524521589,1,150.0,-12.0,1581.7,1,-0.0000026226,-1.0000003576,0.0000000010,1.0000003576,-0.0000026226,0.0000000005,-0.0000000005,0.0000000010,1.0000000000,0,84.1,194.8,1689.8,1,0.0000576973,-0.9999992251,0.0000556388,0.9999992251,0.0000576973,0.0000127831,-0.0000127863,0.0000556380,1.0000000000,0,84.1,-65.1,1689.8,0,0.0659629852,-0.4960731268,0.8657716513,-0.9781988263,0.1390804946,0.1542196721,-0.1969161481,-0.8570696115,-0.4760839939,1,184.4,175.2,1431.5,1,-0.4110584259,-0.4960730970,0.7648153305,-0.9070831537,0.1390804946,-0.3973118365,0.0907247961,-0.8570694923,-0.5071498156,1,203.2,-103.4,1375.5,1,0.1307982206,0.1892802417,0.9731726050,-0.4877588749,0.8668749928,-0.1030488759,-0.8631241322,-0.4611949325,0.2057088166,1,132.7,-202.5,1688.0,1,0.1191476285,0.1399717927,0.9829607606,-0.5604951382,0.8266605735,-0.0497756526,-0.8195421100,-0.5450140238,0.1769481450,1,57.5,-547.0,1871.3,1,-0.1482521892,0.2894837558,0.9456323385,-0.2228314877,0.9218314886,-0.3171322942,-0.9635182619,-0.2577321827,-0.0721574202,1,198.9,-215.4,1517.5,1,-0.1556787491,0.0000000000,0.9878076911,0.0000000000,1.0000000000,0.0000000000,-0.9878076911,0.0000000000,-0.1556787491,0,83.9,-581.8,1619.9,1,84.1,-324.9,1689.8,0,84.3,-365.8,1401.7,1,4.0,-862.6,2079.4,1,83.9,-963.9,1619.9,0,
13,0.3543370962,-0.0982518792,0.9299387932,-0.0510124043,0.9909503460,0.1241337806,-0.9337249994,-0.0914235190,0.3461229205,1,113.2,383.0,1542.0,1,0.3543370962,-0.0982518792,0.9299387932,-0.0510124043,0.9909503460,0.1241337806,-0.9337249994,-0.0914235190,0.3461229205,1,132.9,183.7,1560.4,1,0.3559159636,-0.0777284354,0.9312767982,-0.0687999278,0.9916484356,0.1090597287,-0.9319816232,-0.1028877646,0.3476003110,1,148.4,-13.4,1580.8,1,-0.0000026226,-1.0000003576,0.0000000008,1.0000003576,-0.0000026226,0.0000000004,-0.0000000004,0.0000000008,1.0000000000,0,83.5,193.2,1689.8,1,0.0000532866,-0.9999992251,0.0000500748,0.9999992251,0.0000532866,0.0000115049,-0.0000115075,0.0000500742,1.0000000000,0,83.5,-66.6,1689.8,0,0.0712840334,-0.4968742728,0.8648899794,-0.9783393741,0.1341176629,0.1576843560,-0.1943463087,-0.8573963046,-0.4765512943,1,182.4,174.1,1430.9,1,-0.4087660909,-0.4968742132,0.7655235529,-0.9076915383,0.1341176778,-0.3976285160,0.0949011073,-0.8573963046,-0.5058313608,1,202.6,-103.7,1375.7,1,0.1250208914,0.1970773935,0.9723838568,-0.4854383767,0.8669003248,-0.1132850274,-0.8652858138,-0.4578694105,0.2040495723,1,131.2,-204.1,1686.7,1,0.1139734015,0.1224711910,0.9859060049,-0.5644618273,0.8246212602,-0.0371827558,-0.8175528646,-0.5522685647,0.1631152034,1,52.9,-548.6,1868.7,1,-0.1553370655,0.2935957611,0.9432242513,-0.2239963412,0.9194762111,-0.3230931163,-0.9621310234,-0.2614670992,-0.0770643502,1,196.5,-216.7,1515.8,1,-0.1633036733,0.0000000000,0.9865758419,0.0000000000,1.0000000000,0.0000000000,-0.9865758419,0.0000000000,-0.1633036733,0,79.8,-582.2,1619.7,1,83.5,-326.5,1689.8,0,84.4,-366.2,1403.2,1,6.1,-863.6,2079.6,1,79.8,-964.3,1619.7,0,
14,0.3495967090,-0.0995367691,0.9315947890,-0.0492383540,0.9910115600,0.1243610978,-0.9356051683,-0.0893463120,0.3415577710,1,111.6,382.8,1541.9,1,0.3495967090,-0.0995367691,0.9315947890,-0.0492383540,0.9910115600,0.1243610978,-0.9356051683,-0.0893463120,0.3415577710,1,131.6,183.8,1559.8,1,0.3511941135,-0.0799983069,0.9328758121,-0.0668790117,0.9916521907,0.1102145985,-0.9339107275,-0.1010964140,0.3429166377,1,147.5,-13.3,1579.9,1,-0.0000026226,-1.0000003576,0.0000000007,1.0000003576,-0.0000026226,0.0000000003,-0.0000000003,0.0000000007,1.0000000000,0,82.8,193.1,1689.5,1,0.0000494123,-0.9999992251,0.0000450673,0.9999992251,0.0000494123,0.0000103545,-0.0000103567,0.0000450668,1.0000000000,0,82.8,-66.8,1689.5,0,0.0772917792,-0.4967854619,0.8644248247,-0.9785351753,0.1283298731,0.1612461358,-0.1910362393,-0.8583330512,-0.4762032330,1,180.3,174.5,1430.1,1,-0.4069563150,-0.4967854619,0.7665446997,-0.9079810381,0.1283298731,-0.3988758624,0.0997851342,-0.8583331108,-0.5032963753,1,202.3,-103.3,1375.9,1,0.1203359067,0.2027556896,0.9718073606,-0.4885614514,0.8642630577,-0.1198208705,-0.8641915917,-0.4603687823,0.2030605078,1,131.1,-204.2,1685.7,1,0.1115321964,0.1161922291,0.9869447351,-0.5540655255,0.8317241669,-0.0353046395,-0.8249679208,-0.5428944826,0.1571421176,1,50.6,-547.6,1868.6,1,-0.1635218561,0.2926034331,0.9421485662,-0.2342146337,0.9161847234,-0.3251907825,-0.9583340883,-0.2738407552,-0.0812842175,1,195.6,-216.4,1514.3,1,-0.1723255813,0.0000000000,0.9850399494,0.0000000000,1.0000000000,0.0000000000,-0.9850399494,0.0000000000,-0.1723255813,0,79.3,-580.6,1623.2,1,82.8,-326.6,1689.5,0,84.5,-366.2,1404.8,1,6.2,-865.4,2076.0,1,79.3,-962.7,1623.2,0,
15,0.3465406597,-0.1024528518,0.9324201345,-0.0457162224,0.9909889102,0.1258774549,-0.9369199872,-0.0862482637,0.3387385607,1,109.2,382.2,1542.8,1,0.3465406597,-0.1024528518,0.9324201345,-0.0457162224,0.9909889102,0.1258774549,-0.9369199872,-0.0862482637,0.3387385607,1,129.8,183.5,1560.1,1,0.3480728865,-0.0843890607,0.9336584210,-0.0619754940,0.9916871786,0.1127372310,-0.9354163408,-0.0971045867,0.3399537802,1,146.5,-13.5,1579.4,1,-0.0000026226,-1.0000003576,0.0000000005,1.0000003576,-0.0000026226,0.0000000003,-0.0000000003,0.0000000005,1.0000000000,0,81.4,192.1,1690.1,1,0.0000458956,-0.9999992251,0.0000405605,0.9999992251,0.0000458956,0.0000093191,-0.0000093209,0.0000405601,1.0000000000,0,81.4,-67.7,1690.1,0,0.0722257048,-0.5188093185,0.8518336415,-0.9785869718,0.1281870455,0.1610452831,-0.1927457899,-0.8452249169,-0.4984416366,1,178.1,174.9,1430.2,1,-0.3956408203,-0.5188093185,0.7578294277,-0.9124444127,0.1281870604,-0.3886042535,0.1044675484,-0.8452249765,-0.5241007209,1,198.6,-103.2,1375.4,1,0.1190571636,0.2126791328,0.9698417187,-0.4853671193,0.8645895123,-0.1300147176,-0.8661664128,-0.4552501142,0.2061630189,1,131.4,-204.9,1684.5,1,0.1104492992,0.1081869304,0.9879759550,-0.5541787744,0.8318874240,-0.0291410685,-0.8250374198,-0.5442967415,0.1518362761,1,46.8,-548.5,1865.4,1,-0.1700559556,0.2917071581,0.9412693381,-0.2439776808,0.9129805565,-0.3270188868,-0.9547543526,-0.2852602005,-0.0840877518,1,195.2,-216.3,1512.9,1,-0.1796580851,0.0000000000,0.9837291837,0.0000000000,1.0000000000,0.0000000000,-0.9837291837,0.0000000000,-0.1796580851,0,79.3,-579.1,1626.3,1,81.4,-327.6,1690.1,0,84.5,-366.4,1405.6,1,5.5,-866.3,2073.4,1,79.3,-961.3,1626.3,0,
16,0.3437200785,-0.1022982597,0.9334805608,-0.0442954898,0.9911733270,0.1249292940,-0.9380264878,-0.0842895508,0.3361591995,1,107.3,382.3,1542.3,1,0.3437200785,-0.1022982597,0.9334805608,-0.0442954898,0.9911733270,0.1249292940,-0.9380264878,-0.0842895508,0.3361591995,1,127.9,183.6,1559.2,1,0.3451530337,-0.0867361203,0.9345269203,-0.0593265854,0.9917101860,0.1139532402,-0.9366691113,-0.0947734639,0.3371504247,1,145.1,-13.5,1578.1,1,-0.0000026226,-1.0000003576,0.0000000004,1.0000003576,-0.0000026226,0.0000000002,-0.0000000002,0.0000000004,1.0000000000,0,79.9,191.9,1689.3,1,0.0000426769,-0.9999992251,0.0000365044,0.9999992251,0.0000426769,0.0000083872,-0.0000083888,0.0000365041,1.0000000000,0,79.9,-68.0,1689.3,0,0.0736580044,-0.5284426808,0.8457676768,-0.9791691899,0.1225834489,0.1618671268,-0.1892145872,-0.8400725126,-0.5084055662,1,175.8,175.4,1429.1,1,-0.3897815943,-0.5284426808,0.7542006969,-0.9140951633,0.1225834042,-0.3865272999,0.1118050367,-0.8400724530,-0.5308276415,1,196.8,-103.6,1375.2,1,0.1116684228,0.2383046448,0.9647492766,-0.5046414137,0.8499267697,-0.1515305638,-0.8560767174,-0.4699312150,0.2151683718,1,130.7,-205.1,1682.8,1,0.1127924472,0.0440093726,0.9926435351,-0.4749474227,0.8798870444,0.0149572315,-0.8727558851,-0.4731404781,0.1201467589,1,36.0,-542.7,1869.5,1,-0.1748296022,0.2942170203,0.9396120906,-0.2491120249,0.9100425839,-0.3313092291,-0.9525638819,-0.2919913530,-0.0858093649,1,194.0,-216.0,1511.0,1,-0.1850566119,0.0000000000,0.9827278256,0.0000000000,1.0000000000,0.0000000000,-0.9827278256,0.0000000000,-0.1850566119,0,77.1,-577.7,1627.0,1,79.9,-327.9,1689.3,0,84.2,-367.5,1407.5,1,19.3,-877.0,2049.2,1,77.1,-959.8,1627.0,0,
17,0.3386066854,-0.1104939803,0.9344148040,-0.0417609029,0.9903349280,0.1322379261,-0.9400004745,-0.0837985352,0.3307240903,1,103.7,383.1,1541.5,1,0.3386066854,-0.1104939803,0.9344148040,-0.0417609029,0.9903349280,0.1322379261,-0.9400004745,-0.0837985352,0.3307240903,1,126.0,183.9,1558.4,1,0.3403596878,-0.0909783691,0.9358806610,-0.0590026900,0.9912775755,0.1178200245,-0.9384419322,-0.0953205377,0.3320273459,1,144.0,-13.1,1577.4,1,-0.0000026226,-1.0000003576,0.0000000003,1.0000003576,-0.0000026226,0.0000000002,-0.0000000002,0.0000000003,1.0000000000,0,78.7,192.0,1688.8,1,0.0000398159,-0.9999992251,0.0000328539,0.9999992251,0.0000398159,0.0000075485,-0.0000075498,0.0000328536,1.0000000000,0,78.7,-67.8,1688.8,0,0.0681069195,-0.5415892601,0.8378797770,-0.9799528122,0.1212899387,0.1580547392,-0.1872271448,-0.8318472505,-0.5224711895,1,173.2,175.7,1428.1,1,-0.4032521844,-0.5415892601,0.7376102209,-0.9057386518,0.1212899312,-0.4061112404,0.1304807812,-0.8318473101,-0.5394487381,1,192.9,-106.8,1374.1,1,0.1083011627,0.2541560829,0.9610803723,-0.5074954033,0.8454371095,-0.1663863361,-0.8548211455,-0.4697240591,0.2205448896,1,130.9,-204.7,1682.4,1,0.1097796187,0.0235162303,0.9936777949,-0.4435548186,0.8958159089,0.0278028324,-0.8894985914,-0.4438026845,0.1087730676,1,29.9,-540.6,1869.0,1,-0.1816574335,0.2971111536,0.9374036193,-0.2590290606,0.9051407576,-0.3370819986,-0.9486330748,-0.3040482402,-0.0874651223,1,193.3,-215.5,1510.2,1,-0.1928270906,0.0000000000,0.9812328219,0.0000000000,1.0000000000,0.0000000000,-0.9812328219,0.0000000000,-0.1928270906,0,75.3,-575.3,1631.1,1,78.7,-327.7,1688.8,0,76.3,-368.7,1411.8,1,21.0,-881.6,2037.9,1,75.3,-957.4,1631.1,0,
18,0.3292596340,-0.1167842448,0.9369866252,-0.0387090705,0.9898156524,0.1369696259,-0.9434453249,-0.0813683048,0.3213900030,1,100.6,383.6,1542.2,1,0.3292596340,-0.1167842448,0.9369866252,-0.0387090705,0.9898156524,0.1369696259,-0.9434453249,-0.0813683048,0.3213900030,1,124.1,184.8,1558.5,1,0.3308978975,-0.0961931199,0.9387480021,-0.0539479032,0.9912330508,0.1205856726,-0.9421228766,-0.0905448869,0.3228117824,1,143.2,-12.2,1576.5,1,-0.0000026226,-1.0000003576,0.0000000003,1.0000003576,-0.0000026226,0.0000000001,-0.0000000001,0.0000000003,1.0000000000,0,78.1,192.3,1689.4,1,0.0000373125,-0.9999992251,0.0000295685,0.9999992251,0.0000373125,0.0000067937,-0.0000067948,0.0000295683,1.0000000000,0,78.1,-67.6,1689.4,0,0.0616125241,-0.5536060333,0.8304964304,-0.9809181094,0.1201416329,0.1528579593,-0.1844002604,-0.8240669370,-0.5356400013,1,170.0,177.3,1427.7,1,-0.4091580808,-0.5536060929,0.7253344655,-0.9011093974,0.1201416329,-0.4166148305,0.1434976161,-0.8240669966,-0.5480165482,1,187.9,-107.9,1374.1,1,0.0992210954,0.2788034081,0.9552088380,-0.5115015507,0.8377005458,-0.1913738996,-0.8535346389,-0.4696024358,0.2257259339,1,131.9,-204.2,1680.9,1,0.0983485430,-0.0084553706,0.9951161146,-0.3875100613,0.9207109809,0.0461212583,-0.9166043401,-0.3901534677,0.0872740522,1,21.2,-537.0,1867.4,1,-0.1922161132,0.2913499773,0.9371063113,-0.2620229721,0.9050088525,-0.3351161182,-0.9457255602,-0.3099580705,-0.0976169035,1,192.6,-214.1,1508.1,1,-0.2041890919,0.0000000000,0.9789314866,0.0000000000,1.0000000000,0.0000000000,-0.9789314866,0.0000000000,-0.2041890919,0,76.8,-573.8,1631.3,1,78.1,-327.5,1689.4,0,69.3,-369.0,1415.6,1,24.4,-887.4,2015.9,1,76.8,-955.9,1631.3,0,
19,0.3254731596,-0.1195335761,0.9379623532,-0.0247048754,0.9905608296,0.1348077059,-0.9452280998,-0.0670483261,0.3194521964,1,97.2,384.3,1546.5,1,0.3254731596,-0.1195335761,0.9379623532,-0.0247048754,0.9905608296,0.1348077059,-0.9452280998,-0.0670483261,0.3194521964,1,121.1,185.9,1559.9,1,0.3270955086,-0.1040153950,0.9392463565,-0.0390898325,0.9915810823,0.1234227046,-0.9441820383,-0.0770857856,0.3202800751,1,141.8,-11.1,1575.2,1,-0.0000026226,-1.0000003576,0.0000000002,1.0000003576,-0.0000026226,0.0000000001,-0.0000000001,0.0000000002,1.0000000000,0,75.7,191.3,1691.0,1,0.0000351071,-0.9999992251,0.0000266116,0.9999992251,0.0000351071,0.0000061144,-0.0000061153,0.0000266114,1.0000000000,0,75.7,-68.5,1691.0,0,0.0608541407,-0.5570229292,0.8282647133,-0.9806893468,0.1211502701,0.1535287946,-0.1858635247,-0.8216132522,-0.5388938785,1,166.5,180.5,1428.8,1,-0.4194575846,-0.5570228696,0.7167851329,-0.8948870897,0.1211502627,-0.4295342565,0.1524216831,-0.8216131926,-0.5492900014,1,184.5,-108.4,1374.0,1,0.0951803774,0.3041973710,0.9478421807,-0.5113701820,0.8318688869,-0.2156265676,-0.8540734053,-0.4641747177,0.2347350419,1,132.4,-204.5,1677.1,1,0.0909556746,-0.0287100710,0.9954409599,-0.3656581640,0.9288004041,0.0601990558,-0.9262942672,-0.3694666028,0.0739815906,1,11.6,-534.9,1861.5,1,-0.1988882422,0.2907815874,0.9358897805,-0.2650399804,0.9034227133,-0.3370183110,-0.9435028434,-0.3150771558,-0.1026113927,1,192.4,-211.7,1504.0,1,-0.2114102542,0.0000000000,0.9773973823,0.0000000000,1.0000000000,0.0000000000,-0.9773973823,0.0000000000,-0.2114102542,0,76.9,-570.8,1629.2,1,75.7,-328.4,1691.0,0,62.6,-368.4,1418.3,1,22.6,-889.0,2002.3,1,76.9,-952.9,1629.2,0,
20,0.3246323168,-0.1224222556,0.9378811717,-0.0200145543,0.9904744029,0.1362133920,-0.9456279874,-0.0629903078,0.3190940619,1,92.8,384.5,1546.6,1,0.3246323168,-0.1224222556,0.9378811717,-0.0200145543,0.9904744029,0.1362133920,-0.9456279874,-0.0629903078,0.3190940619,1,117.3,186.1,1559.3,1,0.3260693252,-0.1092385873,0.9390101433,-0.0323085859,0.9914304614,0.1265543401,-0.9447931051,-0.0716033429,0.3197500408,1,139.0,-10.9,1573.5,1,-0.0000026226,-1.0000003576,0.0000000002,1.0000003576,-0.0000026226,0.0000000001,-0.0000000001,0.0000000002,1.0000000000,0,72.0,190.6,1690.5,1,0.0000330806,-0.9999992251,0.0000239504,0.9999992251,0.0000330806,0.0000055030,-0.0000055037,0.0000239503,1.0000000000,0,72.0,-69.3,1690.5,0,0.0588116683,-0.5592695475,0.8268970847,-0.9802736044,0.1242156774,0.1537332982,-0.1886919141,-0.8196266890,-0.5409319997,1,162.6,181.6,1428.0,1,-0.4323867559,-0.5592696667,0.7072899938,-0.8872762322,0.1242156848,-0.4441974461,0.1605696529,-0.8196266890,-0.5499358773,1,179.7,-104.2,1373.0,1,0.0967104435,0.3272668421,0.9399700165,-0.5062661171,0.8292750120,-0.2366383970,-0.8569375277,-0.4529894888,0.2458836287,1,130.8,-204.9,1674.4,1,0.0901441872,-0.0437466688,0.9949675202,-0.3666727543,0.9274025559,0.0739965886,-0.9259725213,-0.3714978099,0.0675592422,1,0.8,-534.3,1854.3,1,-0.2061782479,0.2955052853,0.9328274727,-0.2840223908,0.8941952586,-0.3460433185,-0.9363875389,-0.3362905085,-0.1004335061,1,190.6,-210.8,1501.1,1,-0.2204361856,0.0000000000,0.9754014015,0.0000000000,1.0000000000,0.0000000000,-0.9754014015,0.0000000000,-0.2204361856,0,73.1,-566.2,1634.7,1,72.0,-329.1,1690.5,0,54.3,-361.6,1419.6,1,17.5,-888.2,1996.0,1,73.1,-948.4,1634.7,0,
21,0.3133404851,-0.1317461878,0.9404547215,-0.0188110620,0.9892717004,0.1448507160,-0.9494541287,-0.0630783439,0.3075048327,1,87.8,384.9,1546.7,1,0.3133404851,-0.1317461878,0.9404547215,-0.0188110620,0.9892717004,0.1448507160,-0.9494541287,-0.0630783439,0.3075048327,1,114.2,187.0,1559.3,1,0.3149620593,-0.1192187518,0.9415838122,-0.0316012986,0.9902093410,0.1359446049,-0.9485776424,-0.0725724623,0.3081151843,1,137.9,-9.7,1573.7,1,-0.0000026226,-1.0000003576,0.0000000001,1.0000003576,-0.0000026226,0.0000000001,-0.0000000001,0.0000000001,1.0000000000,0,70.4,191.4,1691.1,1,0.0000314116,-0.9999992251,0.0000215554,0.9999992251,0.0000314116,0.0000049527,-0.0000049533,0.0000215552,1.0000000000,0,70.4,-68.5,1691.1,0,0.0543320552,-0.5564777851,0.8290842175,-0.9810238481,0.1250161380,0.1481993794,-0.1861185431,-0.8214033842,-0.5391256809,1,157.9,182.6,1427.6,1,-0.4568209052,-0.5564779043,0.6940081120,-0.8718132973,0.1250161529,-0.4736166596,0.1767949462,-0.8214035034,-0.5422546864,1,173.8,-105.1,1373.0,1,0.0929567739,0.3401431739,0.9357680082,-0.5025939941,0.8273428082,-0.2508052289,-0.8595106006,-0.4469973147,0.2478610277,1,132.7,-203.6,1675.2,1,0.0857562646,-0.0445923284,0.9953176975,-0.3491713703,0.9342930913,0.0719427913,-0.9331265688,-0.3537060022,0.0645511225,1,-2.5,-532.3,1852.7,1,-0.2186773121,0.2988432944,0.9289095402,-0.3000082076,0.8852509260,-0.3554235101,-0.9285339713,-0.3564035296,-0.1039288640,1,190.4,-209.4,1501.2,1,-0.2348842919,0.0000000000,0.9720233083,0.0000000000,1.0000000000,0.0000000000,-0.9720233083,0.0000000000,-0.2348842919,0,71.7,-561.2,1642.8,1,70.4,-328.3,1691.1,0,41.2,-358.3,1424.3,1,14.6,-889.0,1987.8,1,71.7,-943.4,1642.8,0,
22,0.3111715019,-0.1313153803,0.9412347674,-0.0238866098,0.9890114665,0.1458761692,-0.9500532150,-0.0678752363,0.3046197295,1,83.1,384.7,1545.2,1,0.3111715019,-0.1313153803,0.9412347674,-0.0238866098,0.9890114665,0.1458761692,-0.9500532150,-0.0678752363,0.3046197295,1,109.4,186.6,1558.8,1,0.3126752377,-0.1171574220,0.9426041842,-0.0358645283,0.9901976585,0.1349680722,-0.9491823912,-0.0760070384,0.3054127395,1,132.7,-10.1,1573.9,1,-0.0000026226,-1.0000003576,0.0000000001,1.0000003576,-0.0000026226,0.0000000001,-0.0000000001,0.0000000001,1.0000000000,0,66.0,191.6,1690.6,1,0.0000298619,-0.9999992251,0.0000193998,0.9999992251,0.0000298619,0.0000044574,-0.0000044580,0.0000193997,1.0000000000,0,66.0,-68.3,1690.6,0,0.0429945327,-0.5595814586,0.8276594281,-0.9825391769,0.1264175922,0.1365111768,-0.1810198128,-0.8190770149,-0.5443754792,1,152.8,181.6,1427.0,1,-0.4744922519,-0.5595815182,0.6795040369,-0.8591631651,0.1264175773,-0.4958400726,0.1915616542,-0.8190771341,-0.5407559276,1,165.4,-106.1,1374.0,1,0.0942687392,0.3505693078,0.9317803383,-0.4953698516,0.8283731341,-0.2615469098,-0.8635520935,-0.4369201958,0.2517511249,1,127.3,-203.6,1676.1,1,0.0956986845,0.0045094229,0.9954001307,-0.3421157002,0.9392213821,0.0286363978,-0.9347718954,-0.3432824612,0.0914250016,1,-12.0,-532.7,1849.7,1,-0.2223338783,0.3102814853,0.9242798090,-0.3053127825,0.8781687021,-0.3682443798,-0.9259330034,-0.3640676141,-0.1005137488,1,184.6,-210.2,1502.0,1,-0.2393952459,0.0000000000,0.9709221125,0.0000000000,1.0000000000,0.0000000000,-0.9709221125,0.0000000000,-0.2393952459,0,61.3,-559.2,1646.7,1,66.0,-328.1,1690.6,0,27.8,-355.3,1429.6,1,-13.7,-891.0,1980.6,1,61.3,-941.4,1646.7,0,
23,0.3016468585,-0.1260329485,0.9450498819,-0.0249272622,0.9898400903,0.1399610937,-0.9530934691,-0.0657761618,0.2954446673,1,77.4,386.6,1549.5,1,0.3016468585,-0.1260329485,0.9450498819,-0.0249272622,0.9898400903,0.1399610937,-0.9530934691,-0.0657761618,0.2954446673,1,102.6,188.2,1562.7,1,0.3038006723,-0.1126525179,0.9460490942,-0.0427960455,0.9903662205,0.1316710114,-0.9517736435,-0.0804887339,0.2960570455,1,125.0,-8.6,1578.7,1,-0.0000026226,-1.0000003576,0.0000000001,1.0000003576,-0.0000026226,0.0000000000,-0.0000000000,0.0000000001,1.0000000000,0,60.5,194.1,1694.9,1,0.0000283718,-0.9999992251,0.0000174598,0.9999992251,0.0000283718,0.0000040117,-0.0000040122,0.0000174597,1.0000000000,0,60.5,-65.7,1694.9,0,0.0461603999,-0.5589423776,0.8279206753,-0.9804118276,0.1335133761,0.1447994858,-0.1914730519,-0.8183872104,-0.5418306589,1,144.8,182.2,1430.5,1,-0.4956226647,-0.5589423180,0.6647868752,-0.8450458646,0.1335133612,-0.5177563429,0.2006380111,-0.8183871508,-0.5385041833,1,158.2,-102.0,1375.0,1,0.0897556841,0.3540383875,0.9309139848,-0.4866147935,0.8311169147,-0.2691665888,-0.8689936399,-0.4288372397,0.2468778342,1,119.6,-201.5,1682.0,1,0.0954254866,0.0357226804,0.9947953224,-0.3545373380,0.9350417852,0.0004319481,-0.9301597476,-0.3527333438,0.1018918306,1,-21.1,-531.7,1852.4,1,-0.2329500914,0.3063298464,0.9229823947,-0.3109367192,0.8758115768,-0.3691511154,-0.9214406610,-0.3729828298,-0.1087711826,1,175.3,-209.3,1507.4,1,-0.2511862218,0.0000000000,0.9679387808,0.0000000000,1.0000000000,0.0000000000,-0.9679387808,0.0000000000,-0.2511862218,0,53.5,-557.4,1655.6,1,60.4,-325.6,1694.9,0,14.8,-346.5,1433.0,1,-34.8,-888.6,1987.0,1,53.5,-939.6,1655.6,0,
