1,0.3065884411,0.0017639005,0.9518411756,-0.1288541704,0.9908677340,0.0396677703,-0.9430788159,-0.1348104775,0.3040170074,1,-5.8,359.1,1386.8,1,0.3065884411,0.0017639005,0.9518411756,-0.1288541704,0.9908677340,0.0396677703,-0.9430788159,-0.1348104775,0.3040170074,1,-6.2,161.3,1413.7,1,0.3064756989,0.0177515261,0.9517135620,-0.1402956247,0.9897469282,0.0267177224,-0.9414814711,-0.1417096853,0.3058249950,1,-9.7,-35.4,1441.9,1,-0.0000034571,-1.0000004768,0.0000000000,1.0000004768,-0.0000034571,0.0000000000,-0.0000000000,0.0000000000,1.0000000000,0,-48.7,180.8,1544.5,1,0.0000197291,-0.9999990463,0.0000000000,0.9999990463,0.0000197291,0.0000000000,-0.0000000000,0.0000000000,1.0000000000,0,-48.7,-79.1,1544.5,0,-0.1316283792,-0.6791173220,0.7221313119,-0.9816551805,0.1906644255,0.0003736541,-0.1379385144,-0.7088347673,-0.6917558908,1,36.4,141.8,1282.9,1,-0.5571986437,-0.6791173220,0.4778382182,-0.7625401020,0.1906644255,-0.6182067990,0.3287281692,-0.7088347673,-0.6240921617,1,0.2,-128.4,1245.0,1,-0.9127101302,0.3800355196,0.1501112282,0.2463609576,0.8049062490,-0.5398447514,-0.3259856403,-0.4557402134,-0.8282718658,1,-41.3,-219.2,1556.4,1,-0.7680124044,0.0000000000,0.6404349804,0.0000000000,1.0000000000,0.0000000000,-0.6404349804,0.0000000000,-0.7680124044,0,-192.4,-539.1,1737.5,1,0.3225327134,0.1978117377,-0.9256581068,0.1477199495,0.9554190040,0.2556425929,0.9349606037,-0.2191912532,0.2789331973,1,14.9,-244.9,1383.7,1,-0.9327631593,0.0000000000,-0.3604897559,-0.0000000000,1.0000000000,0.0000000000,0.3604897559,-0.0000000000,-0.9327631593,0,-63.7,-624.7,1470.8,1,-48.7,-338.9,1544.5,0,-160.9,-348.9,1340.0,1,-192.4,-921.3,1737.5,0,-63.7,-1006.8,1470.8,0,
2,0.3229018450,0.0080970703,0.9463984966,-0.1292919517,0.9909638166,0.0356347747,-0.9375582933,-0.1338683665,0.3210320771,1,-6.0,359.4,1386.8,1,0.3229018450,0.0080970703,0.9463984966,-0.1292919517,0.9909638166,0.0356347747,-0.9375582933,-0.1338683665,0.3210320771,1,-7.6,161.7,1413.5,1,0.3227451444,0.0190647654,0.9462945461,-0.1407178193,0.9896499515,0.0280552041,-0.9359656572,-0.1422152817,0.3220885992,1,-11.4,-35.0,1441.8,1,-0.0000034571,-1.0000004768,0.0000000000,1.0000004768,-0.0000034571,0.0000000000,-0.0000000000,0.0000000000,1.0000000000,0,-52.4,181.2,1543.5,1,0.0000197291,-0.9999990463,0.0000000000,0.9999990463,0.0000197291,0.0000000000,-0.0000000000,0.0000000000,1.0000000000,0,-52.4,-78.6,1543.5,0,-0.1329621822,-0.6823743582,0.7188090682,-0.9809430838,0.1942728758,0.0029750392,-0.1416751742,-0.7047151923,-0.6952012777,1,37.2,142.1,1283.5,1,-0.5545241833,-0.6823742986,0.4763069153,-0.7657162547,0.1942729205,-0.6131367683,0.3258552551,-0.7047151327,-0.6302340627,1,0.6,-128.2,1244.5,1,-0.9187429547,0.3708078265,0.1356948763,0.2511656284,0.8139829040,-0.5237823725,-0.3046758771,-0.4471394420,-0.8409749866,1,-44.8,-218.7,1555.9,1,-0.7697501183,0.0000000000,0.6383453608,0.0000000000,1.0000000000,0.0000000000,-0.6383453608,0.0000000000,-0.7697501183,0,-192.1,-542.2,1733.6,1,0.3071807623,0.2037286013,-0.9295884967,0.1518621445,0.9538049698,0.2592183948,0.9394562840,-0.2207962275,0.2620518208,1,14.4,-244.5,1384.2,1,-0.9391807318,0.0000000000,-0.3434232771,-0.0000000000,1.0000000000,0.0000000000,0.3434232771,-0.0000000000,-0.9391807318,0,-66.5,-623.6,1471.9,1,-52.4,-338.5,1543.5,0,-159.9,-349.8,1338.8,1,-192.1,-924.4,1733.6,0,-66.5,-1005.8,1471.9,0,
3,0.3311913311,0.0097412989,0.9435139894,-0.1274845451,0.9912375808,0.0345154703,-0.9349105358,-0.1317147762,0.3295322359,1,-6.4,359.3,1386.8,1,0.3311913311,0.0097412989,0.9435139894,-0.1274845451,0.9912375808,0.0345154703,-0.9349105358,-0.1317147762,0.3295322359,1,-8.3,161.8,1413.0,1,0.3309632838,0.0233854167,0.9433544874,-0.1411211789,0.9896749854,0.0249767154,-0.9330304265,-0.1413937509,0.3308473527,1,-13.0,-34.8,1441.1,1,-0.0000034571,-1.0000004768,0.0000000000,1.0000004768,-0.0000034571,0.0000000000,-0.0000000000,0.0000000000,1.0000000000,0,-54.3,181.4,1542.6,1,0.0000197291,-0.9999990463,0.0000000000,0.9999990463,0.0000197291,0.0000000000,-0.0000000000,0.0000000000,1.0000000000,0,-54.3,-78.4,1542.6,0,-0.1325244308,-0.6826612353,0.7186173797,-0.9808047414,0.1949443817,0.0043143560,-0.1430356503,-0.7042515278,-0.6953923702,1,37.6,142.2,1283.4,1,-0.5473943949,-0.6826612353,0.4840795398,-0.7748725414,0.1949444115,-0.6013062000,0.3161197901,-0.7042515874,-0.6356870532,1,1.3,-126.6,1244.2,1,-0.9206724763,0.3692912459,0.1264368296,0.2554169297,0.8149062395,-0.5202788115,-0.2951685488,-0.4467123151,-0.8445849419,1,-48.0,-218.5,1554.8,1,-0.7707346678,0.0000000000,0.6371563077,0.0000000000,1.0000000000,0.0000000000,-0.6371563077,0.0000000000,-0.7707346678,0,-194.8,-542.4,1732.3,1,0.2994169593,0.2027027905,-0.9323415756,0.1516324431,0.9546436667,0.2562475502,0.9419960976,-0.2180981189,0.2551002502,1,12.7,-244.4,1383.7,1,-0.9418581128,0.0000000000,-0.3360108733,-0.0000000000,1.0000000000,0.0000000000,0.3360108733,-0.0000000000,-0.9418581128,0,-67.8,-623.8,1470.3,1,-54.3,-338.3,1542.6,0,-156.9,-350.6,1335.6,1,-194.8,-924.6,1732.3,0,-67.8,-1006.0,1470.3,0,
4,0.3270024359,0.0078901593,0.9449912310,-0.1274530590,0.9911950231,0.0358275846,-0.9363881946,-0.1321578175,0.3251298964,1,-7.3,359.5,1387.3,1,0.3270024359,0.0078901593,0.9449912310,-0.1274530590,0.9911950231,0.0358275846,-0.9363881946,-0.1321578175,0.3251298964,1,-8.9,161.7,1413.7,1,0.3268328607,0.0199288987,0.9448727369,-0.1395289153,0.9898369312,0.0273859054,-0.9347243905,-0.1407877505,0.3262929916,1,-12.8,-35.0,1441.6,1,-0.0000034571,-1.0000004768,0.0000000000,1.0000004768,-0.0000034571,0.0000000000,-0.0000000000,0.0000000000,1.0000000000,0,-54.2,181.1,1543.5,1,0.0000197291,-0.9999990463,0.0000000000,0.9999990463,0.0000197291,0.0000000000,-0.0000000000,0.0000000000,1.0000000000,0,-54.2,-78.7,1543.5,0,-0.1261138171,-0.6777698994,0.7243779302,-0.9812703133,0.1924163401,0.0091971904,-0.1456157267,-0.7096506357,-0.6893417835,1,36.5,142.4,1283.8,1,-0.5444403291,-0.6777698398,0.4941788912,-0.7800130844,0.1924163699,-0.5954456329,0.3084869385,-0.7096506357,-0.6334286332,1,2.1,-125.3,1244.1,1,-0.9232373238,0.3668204546,0.1143480837,0.2586349249,0.8133820891,-0.5210734606,-0.2841491401,-0.4515000582,-0.8458173275,1,-46.7,-218.9,1555.3,1,-0.7761336565,0.0000000000,0.6305685043,0.0000000000,1.0000000000,0.0000000000,-0.6305685043,0.0000000000,-0.7761336565,0,-192.5,-542.1,1734.8,1,0.3044730425,0.1933331788,-0.9326943755,0.1545808017,0.9561757445,0.2486626059,0.9398942590,-0.2198876143,0.2612440586,1,13.2,-244.5,1383.9,1,-0.9399752021,0.0000000000,-0.3412428200,-0.0000000000,1.0000000000,0.0000000000,0.3412428200,-0.0000000000,-0.9399752021,0,-63.6,-624.5,1471.3,1,-54.2,-338.6,1543.5,0,-155.1,-350.6,1333.2,1,-192.5,-924.3,1734.8,0,-63.6,-1006.6,1471.3,0,
5,0.3181476593,0.0021344419,0.9480395317,-0.1260598451,0.9912106991,0.0400721431,-0.9396216273,-0.1322586536,0.3156214952,1,-7.5,359.6,1387.0,1,0.3181476593,0.0021344419,0.9480395317,-0.1260598451,0.9912106991,0.0400721431,-0.9396216273,-0.1322586536,0.3156214952,1,-7.9,161.3,1413.5,1,0.3180023432,0.0195183139,0.9478897452,-0.1393518746,0.9898895025,0.0263671726,-0.9377917051,-0.1404751092,0.3175082207,1,-11.8,-35.5,1441.4,1,-0.0000034571,-1.0000004768,0.0000000000,1.0000004768,-0.0000034571,0.0000000000,-0.0000000000,0.0000000000,1.0000000000,0,-52.1,180.6,1543.7,1,0.0000197291,-0.9999990463,0.0000000000,0.9999990463,0.0000197291,0.0000000000,-0.0000000000,0.0000000000,1.0000000000,0,-52.1,-79.3,1543.7,0,-0.1273898184,-0.6774387360,0.7244643569,-0.9816039801,0.1908387840,0.0058460236,-0.1422162205,-0.7103924155,-0.6892874837,1,36.2,141.9,1283.2,1,-0.5458080769,-0.6774388552,0.4931230247,-0.7778448462,0.1908388138,-0.5987804532,0.3115300834,-0.7103924155,-0.6311036348,1,1.6,-125.2,1244.6,1,-0.9208281040,0.3697596490,0.1239088029,0.2546638846,0.8108050823,-0.5270117521,-0.2953335941,-0.4537320435,-0.8407765627,1,-44.9,-219.4,1555.3,1,-0.7751914263,0.0000000000,0.6317263842,0.0000000000,1.0000000000,0.0000000000,-0.6317263842,0.0000000000,-0.7751914263,0,-191.8,-541.6,1735.7,1,0.3120110035,0.1967522055,-0.9294824600,0.1496566683,0.9559300542,0.2525877655,0.9382173419,-0.2179134339,0.2688154578,1,13.5,-244.9,1383.3,1,-0.9368709326,0.0000000000,-0.3496754766,-0.0000000000,1.0000000000,0.0000000000,0.3496754766,-0.0000000000,-0.9368709326,0,-64.7,-624.9,1469.9,1,-52.1,-339.1,1543.7,0,-156.2,-350.0,1334.6,1,-191.8,-923.8,1735.7,0,-64.7,-1007.0,1469.9,0,
6,0.3255774975,0.0038507269,0.9455083013,-0.1252801567,0.9913482070,0.0391017050,-0.9371776581,-0.1311841458,0.3232442141,1,-8.3,360.1,1386.9,1,0.3255774975,0.0038507269,0.9455083013,-0.1252801567,0.9913482070,0.0391017050,-0.9371776581,-0.1311841458,0.3232442141,1,-9.1,161.8,1413.1,1,0.3254567385,0.0168017391,0.9454084039,-0.1368676871,0.9901470542,0.0295197722,-0.9355976582,-0.1390033364,0.3245507777,1,-12.4,-35.0,1440.8,1,-0.0000034571,-1.0000004768,0.0000000000,1.0000004768,-0.0000034571,0.0000000000,-0.0000000000,0.0000000000,1.0000000000,0,-54.3,180.8,1543.1,1,0.0000197291,-0.9999990463,0.0000000000,0.9999990463,0.0000197291,0.0000000000,-0.0000000000,0.0000000000,1.0000000000,0,-54.3,-79.1,1543.1,0,-0.1271981895,-0.6776859164,0.7242668271,-0.9819021821,0.1893302053,0.0047085290,-0.1403164864,-0.7105602622,-0.6895037889,1,36.1,142.8,1283.2,1,-0.5481497645,-0.6776859760,0.4901771247,-0.7741800547,0.1893301606,-0.6039862037,0.3165076375,-0.7105602026,-0.6284322143,1,1.3,-126.1,1244.8,1,-0.9223916531,0.3703524172,0.1096938550,0.2619529665,0.8084996939,-0.5269809961,-0.2838560939,-0.4573481679,-0.8427682519,1,-45.6,-219.2,1554.2,1,-0.7771466970,0.0000000000,0.6293194890,0.0000000000,1.0000000000,0.0000000000,-0.6293194890,0.0000000000,-0.7771466970,0,-192.8,-540.5,1736.0,1,0.3061628640,0.1951002628,-0.9317727685,0.1550776362,0.9554792047,0.2510195971,0.9392633438,-0.2213499546,0.2622764707,1,14.1,-244.3,1382.6,1,-0.9395791292,0.0000000000,-0.3423315585,-0.0000000000,1.0000000000,0.0000000000,0.3423315585,-0.0000000000,-0.9395791292,0,-63.5,-624.0,1470.6,1,-54.3,-338.9,1543.1,0,-157.4,-350.2,1336.4,1,-192.8,-922.7,1736.0,0,-63.5,-1006.2,1470.6,0,
7,0.3289485276,0.0027896352,0.9443444610,-0.1251575053,0.9913007617,0.0406684317,-0.9360162020,-0.1315697283,0.3264371455,1,-8.4,359.7,1387.3,1,0.3289485276,0.0027896352,0.9443444610,-0.1251575053,0.9913007617,0.0406684317,-0.9360162020,-0.1315697283,0.3264371455,1,-9.0,161.8,1413.6,1,0.3288318217,0.0161379334,0.9442513585,-0.1373749375,0.9900341034,0.0309198089,-0.9343423247,-0.1398839653,0.3277727664,1,-12.2,-35.0,1441.4,1,-0.0000034571,-1.0000004768,0.0000000000,1.0000004768,-0.0000034571,0.0000000000,-0.0000000000,0.0000000000,1.0000000000,0,-54.7,180.8,1543.4,1,0.0000197291,-0.9999990463,0.0000000000,0.9999990463,0.0000197291,0.0000000000,-0.0000000000,0.0000000000,1.0000000000,0,-54.7,-79.0,1543.4,0,-0.1292508692,-0.6777799726,0.7238153815,-0.9814343452,0.1917503178,0.0043011680,-0.1417070478,-0.7098213434,-0.6899803877,1,36.7,142.7,1283.8,1,-0.5504920483,-0.6777799726,0.4874145389,-0.7723094821,0.1917503178,-0.6056153774,0.3170120418,-0.7098213434,-0.6290128827,1,1.1,-127.0,1244.9,1,-0.9282068014,0.3607745171,0.0909604132,0.2657309175,0.8139315844,-0.5166260004,-0.2604209781,-0.4553646445,-0.8513658643,1,-45.6,-219.1,1554.9,1,-0.7838134170,0.0000000000,0.6209964752,0.0000000000,1.0000000000,0.0000000000,-0.6209964752,0.0000000000,-0.7838134170,0,-189.0,-542.6,1735.9,1,0.3031779528,0.1986112744,-0.9320067167,0.1579200178,0.9540441036,0.2546781898,0.9397575259,-0.2243953794,0.2578805089,1,14.7,-244.3,1383.5,1,-0.9411459565,0.0000000000,-0.3380002081,-0.0000000000,1.0000000000,0.0000000000,0.3380002081,-0.0000000000,-0.9411459565,0,-64.2,-623.5,1472.7,1,-54.7,-338.9,1543.4,0,-158.0,-350.3,1336.5,1,-189.0,-924.8,1735.9,0,-64.2,-1005.6,1472.7,0,
8,0.3203230500,0.0004289980,0.9473090172,-0.1243532524,0.9913632274,0.0415998697,-0.9391097426,-0.1311264634,0.3176109791,1,-8.8,359.0,1387.6,1,0.3203230500,0.0004289980,0.9473090172,-0.1243532524,0.9913632274,0.0415998697,-0.9391097426,-0.1311264634,0.3176109791,1,-8.8,162.2,1413.6,1,0.3202076852,0.0157637596,0.9472169876,-0.1384711117,0.9898993969,0.0303361379,-0.9371715784,-0.1408761293,0.3191573620,1,-12.0,-34.5,1441.6,1,-0.0000034571,-1.0000004768,0.0000000000,1.0000004768,-0.0000034571,0.0000000000,-0.0000000000,0.0000000000,1.0000000000,0,-53.3,181.4,1543.8,1,0.0000197291,-0.9999990463,0.0000000000,0.9999990463,0.0000197291,0.0000000000,-0.0000000000,0.0000000000,1.0000000000,0,-53.3,-78.5,1543.8,0,-0.1255080551,-0.6742854118,0.7277273536,-0.9821960330,0.1878025085,0.0046156868,-0.1397812963,-0.7141916156,-0.6858510971,1,35.6,142.9,1283.4,1,-0.5513313413,-0.6742853522,0.4912973642,-0.7714405060,0.1878024936,-0.6079554558,0.3176685572,-0.7141915560,-0.6237124205,1,1.1,-127.5,1244.9,1,-0.9234300852,0.3669670820,0.1123045236,0.2586250007,0.8112715483,-0.5243584514,-0.2835316956,-0.4551635981,-0.8440592289,1,-44.5,-218.5,1555.5,1,-0.7784969211,0.0000000000,0.6276484728,0.0000000000,1.0000000000,0.0000000000,-0.6276484728,0.0000000000,-0.7784969211,0,-190.3,-541.0,1736.4,1,0.3099797070,0.2014792413,-0.9291495085,0.1526884884,0.9540522695,0.2578186393,0.9384022951,-0.2217890173,0.2649732828,1,14.3,-243.9,1383.6,1,-0.9381913543,0.0000000000,-0.3461166918,-0.0000000000,1.0000000000,0.0000000000,0.3461166918,-0.0000000000,-0.9381913543,0,-65.8,-623.1,1471.8,1,-53.3,-338.3,1543.8,0,-158.2,-350.4,1336.7,1,-190.3,-923.1,1736.4,0,-65.8,-1005.3,1471.8,0,
9,0.3202168643,0.0005971075,0.9473448992,-0.1264468133,0.9910765886,0.0421162620,-0.9388664365,-0.1332751662,0.3174360693,1,-9.7,358.9,1387.7,1,0.3202168643,0.0005971075,0.9473448992,-0.1264468133,0.9910765886,0.0421162620,-0.9388664365,-0.1332751662,0.3174360693,1,-9.8,161.9,1414.2,1,0.3201346695,0.0145870065,0.9472604990,-0.1371681541,0.9900567532,0.0311110243,-0.9373881221,-0.1398937702,0.3189535141,1,-12.7,-34.9,1442.0,1,-0.0000034571,-1.0000004768,0.0000000000,1.0000004768,-0.0000034571,0.0000000000,-0.0000000000,0.0000000000,1.0000000000,0,-54.3,180.9,1544.4,1,0.0000197291,-0.9999990463,0.0000000000,0.9999990463,0.0000197291,0.0000000000,-0.0000000000,0.0000000000,1.0000000000,0,-54.3,-78.9,1544.4,0,-0.1221400052,-0.6771371961,0.7256492972,-0.9820985794,0.1880902797,0.0102107311,-0.1434016526,-0.7114119530,-0.6879889369,1,34.6,142.8,1284.0,1,-0.5510798097,-0.6771373153,0.4876434505,-0.7702937722,0.1880902648,-0.6093189716,0.3208715916,-0.7114120722,-0.6252473593,1,1.0,-127.7,1244.5,1,-0.9288458824,0.3520313203,0.1154090315,0.2504115403,0.8261785507,-0.5047008395,-0.2730190158,-0.4398894906,-0.8555454016,1,-45.0,-219.0,1555.8,1,-0.7807651162,0.0000000000,0.6248246431,0.0000000000,1.0000000000,0.0000000000,-0.6248246431,0.0000000000,-0.7807651162,0,-184.9,-547.4,1730.6,1,0.3092479110,0.2007115930,-0.9295593500,0.1496528536,0.9550234079,0.2559966445,0.9391324520,-0.2182776332,0.2653019428,1,13.7,-244.2,1383.8,1,-0.9380101562,0.0000000000,-0.3466077149,-0.0000000000,1.0000000000,0.0000000000,0.3466077149,-0.0000000000,-0.9380101562,0,-66.0,-623.8,1470.6,1,-54.3,-338.8,1544.4,0,-158.5,-350.6,1337.4,1,-184.9,-929.5,1730.6,0,-66.0,-1005.9,1470.6,0,
10,0.3270730078,0.0004563753,0.9449997544,-0.1222188100,0.9916193485,0.0418221503,-0.9370611906,-0.1291757375,0.3243887722,1,-9.7,358.7,1387.2,1,0.3270730078,0.0004563753,0.9449997544,-0.1222188100,0.9916193485,0.0418221503,-0.9370611906,-0.1291757375,0.3243887722,1,-9.8,161.1,1413.0,1,0.3269819021,0.0143969152,0.9449216723,-0.1343737543,0.9904305339,0.0314084925,-0.9354273677,-0.1372427642,0.3257885277,1,-12.6,-35.7,1440.3,1,-0.0000034571,-1.0000004768,0.0000000000,1.0000004768,-0.0000034571,0.0000000000,-0.0000000000,0.0000000000,1.0000000000,0,-55.2,179.8,1542.9,1,0.0000197291,-0.9999990463,0.0000000000,0.9999990463,0.0000197291,0.0000000000,-0.0000000000,0.0000000000,1.0000000000,0,-55.2,-80.1,1542.9,0,-0.1260911673,-0.6767004132,0.7253810167,-0.9819129705,0.1892420948,0.0058585112,-0.1412370652,-0.7115223408,-0.6883227229,1,35.7,142.5,1283.1,1,-0.5509099364,-0.6767004132,0.4884411693,-0.7712681890,0.1892421246,-0.6077275276,0.3188157976,-0.7115222812,-0.6261729598,1,1.0,-127.4,1244.3,1,-0.9248575568,0.3629341722,0.1136541814,0.2571849823,0.8170000315,-0.5161073804,-0.2801685035,-0.4480956197,-0.8489499092,1,-45.5,-220.2,1553.3,1,-0.7770837545,0.0000000000,0.6293973923,0.0000000000,1.0000000000,0.0000000000,-0.6293973923,0.0000000000,-0.7770837545,0,-189.7,-544.9,1731.4,1,0.3035957217,0.1995351017,-0.9316734076,0.1514768600,0.9552819729,0.2539516091,0.9406830072,-0.2182255983,0.2597945333,1,14.5,-244.8,1381.7,1,-0.9402689338,0.0000000000,-0.3404327333,-0.0000000000,1.0000000000,0.0000000000,0.3404327333,-0.0000000000,-0.9402689338,0,-64.8,-624.5,1468.5,1,-55.2,-339.9,1542.9,0,-158.3,-350.4,1336.4,1,-189.7,-927.0,1731.4,0,-64.8,-1006.6,1468.5,0,
11,0.3309023678,-0.0010765987,0.9436652064,-0.1248124912,0.9911617041,0.0448970832,-0.9353733659,-0.1326378286,0.3278444409,1,-9.9,358.9,1387.0,1,0.3309023678,-0.0010765987,0.9436652064,-0.1248124912,0.9911617041,0.0448970832,-0.9353733659,-0.1326378286,0.3278444409,1,-9.7,161.4,1413.4,1,0.3308486640,0.0107858004,0.9436229467,-0.1357692331,0.9900735021,0.0362859517,-0.9338649511,-0.1401202083,0.3290299475,1,-11.8,-35.3,1441.3,1,-0.0000034571,-1.0000004768,0.0000000000,1.0000004768,-0.0000034571,0.0000000000,-0.0000000000,0.0000000000,1.0000000000,0,-55.6,180.3,1543.1,1,0.0000197291,-0.9999990463,0.0000000000,0.9999990463,0.0000197291,0.0000000000,-0.0000000000,0.0000000000,1.0000000000,0,-55.6,-79.6,1543.1,0,-0.1301666051,-0.6807608008,0.7208477855,-0.9812372923,0.1927434504,0.0048385337,-0.1422325671,-0.7066928744,-0.6930766106,1,36.3,142.6,1283.7,1,-0.5496072173,-0.6807607412,0.4842486382,-0.7721903920,0.1927434653,-0.6054518819,0.3188320994,-0.7066928744,-0.6316100955,1,0.5,-127.2,1244.6,1,-0.9312647581,0.3569590449,0.0729801506,0.2716790438,0.8138083816,-0.5137180090,-0.2427681386,-0.4585802555,-0.8548495770,1,-44.3,-219.6,1554.8,1,-0.7891140580,0.0000000000,0.6142466664,0.0000000000,1.0000000000,0.0000000000,-0.6142466664,0.0000000000,-0.7891140580,0,-186.2,-543.0,1737.0,1,0.3016783893,0.2023434043,-0.9316905737,0.1623130143,0.9520537257,0.2593222857,0.9394917488,-0.2294574380,0.2543710768,1,16.4,-244.5,1383.5,1,-0.9423251748,0.0000000000,-0.3346990049,-0.0000000000,1.0000000000,0.0000000000,0.3346990049,-0.0000000000,-0.9423251748,0,-64.0,-622.9,1474.7,1,-55.6,-339.4,1543.1,0,-158.3,-350.4,1336.8,1,-186.2,-925.2,1737.0,0,-64.0,-1005.0,1474.7,0,
12,0.3211041689,-0.0030759398,0.9470396638,-0.1256256998,0.9910170436,0.0458135270,-0.9386736155,-0.1336835325,0.3178343475,1,-10.1,358.6,1386.9,1,0.3211041689,-0.0030759398,0.9470396638,-0.1256256998,0.9910170436,0.0458135270,-0.9386736155,-0.1336835325,0.3178343475,1,-9.5,161.0,1413.6,1,0.3210735023,0.0092725568,0.9470096231,-0.1354273558,0.9901227355,0.0362204164,-0.9373201728,-0.1398805082,0.3191590011,1,-11.3,-35.8,1441.3,1,-0.0000034571,-1.0000004768,0.0000000000,1.0000004768,-0.0000034571,0.0000000000,-0.0000000000,0.0000000000,1.0000000000,0,-54.0,179.8,1543.7,1,0.0000197291,-0.9999990463,0.0000000000,0.9999990463,0.0000197291,0.0000000000,-0.0000000000,0.0000000000,1.0000000000,0,-54.0,-80.1,1543.7,0,-0.1254702955,-0.6732246876,0.7287151217,-0.9823310971,0.1871141493,0.0037277862,-0.1388625503,-0.7153717875,-0.6848068237,1,35.1,142.2,1283.4,1,-0.5503481030,-0.6732248068,0.4938475788,-0.7729266286,0.1871141642,-0.6062778234,0.3157553375,-0.7153717875,-0.6233312488,1,0.7,-127.1,1245.3,1,-0.9258415699,0.3610042632,0.1117733121,0.2563697100,0.8172780871,-0.5160726309,-0.2776542604,-0.4491461813,-0.8492207527,1,-42.6,-220.1,1555.1,1,-0.7794384956,0.0000000000,0.6264788508,0.0000000000,1.0000000000,0.0000000000,-0.6264788508,0.0000000000,-0.7794384956,0,-186.1,-544.9,1733.6,1,0.3069428205,0.2086795419,-0.9285683632,0.1484318823,0.9532304406,0.2632867694,0.9400821328,-0.2186430842,0.2616124749,1,16.3,-245.0,1383.2,1,-0.9389353395,0.0000000000,-0.3440936804,-0.0000000000,1.0000000000,0.0000000000,0.3440936804,-0.0000000000,-0.9389353395,0,-66.6,-623.8,1470.1,1,-54.1,-339.9,1543.7,0,-158.2,-350.3,1336.5,1,-186.1,-927.1,1733.6,0,-66.6,-1006.0,1470.1,0,
13,0.3226715028,-0.0045919162,0.9465005994,-0.1268071830,0.9907612801,0.0480364636,-0.9379770756,-0.1355231702,0.3191091716,1,-10.1,357.4,1384.8,1,0.3226715028,-0.0045919162,0.9465005994,-0.1268071830,0.9907612801,0.0480364636,-0.9379770756,-0.1355231702,0.3191091716,1,-9.2,159.7,1411.9,1,0.3226450384,0.0090361182,0.9464775920,-0.1385977268,0.9896249175,0.0377984792,-0.9363166094,-0.1433752179,0.3205510080,1,-11.0,-36.9,1440.4,1,-0.0000034571,-1.0000004768,0.0000000000,1.0000004768,-0.0000034571,0.0000000000,-0.0000000000,0.0000000000,1.0000000000,0,-54.0,179.0,1541.9,1,0.0000197291,-0.9999990463,0.0000000000,0.9999990463,0.0000197291,0.0000000000,-0.0000000000,0.0000000000,1.0000000000,0,-54.0,-80.9,1541.9,0,-0.1275793314,-0.6726405621,0.7288883924,-0.9826384783,0.1855290234,-0.0007820352,-0.1347039193,-0.7163335681,-0.6846321225,1,35.6,140.5,1281.8,1,-0.5505691171,-0.6726405621,0.4943969846,-0.7722716928,0.1855290383,-0.6075980663,0.3169700503,-0.7163335085,-0.6216078401,1,0.9,-127.1,1245.1,1,-0.9186035991,0.3731285930,0.1301637143,0.2546882331,0.8108386397,-0.5269484520,-0.3021613061,-0.4509055316,-0.8398707509,1,-42.4,-220.9,1554.7,1,-0.7704234719,0.0000000000,0.6375325918,0.0000000000,1.0000000000,0.0000000000,-0.6375325918,0.0000000000,-0.7704234719,0,-190.7,-543.1,1733.9,1,0.3065432906,0.2081778497,-0.9288130999,0.1554597765,0.9517390728,0.2646238506,0.9390763640,-0.2255117297,0.2593858242,1,16.8,-246.3,1383.0,1,-0.9398899674,0.0000000000,-0.3414773345,-0.0000000000,1.0000000000,0.0000000000,0.3414773345,-0.0000000000,-0.9398899674,0,-65.9,-624.6,1472.6,1,-54.0,-340.8,1541.9,0,-158.3,-350.4,1336.8,1,-190.7,-925.3,1733.9,0,-65.9,-1006.7,1472.6,0,
14,0.3197721839,-0.0045095012,0.9474843144,-0.1215812638,0.9915242791,0.0457522795,-0.9396604300,-0.1298267543,0.3165146112,1,-9.9,358.0,1385.8,1,0.3197721839,-0.0045095012,0.9474843144,-0.1215812638,0.9915242791,0.0457522795,-0.9396604300,-0.1298267543,0.3165146112,1,-9.0,159.8,1411.8,1,0.3197386861,0.0101015503,0.9474525452,-0.1334548891,0.9904527664,0.0344771780,-0.9380590916,-0.1374659389,0.3180351853,1,-11.0,-37.0,1439.1,1,-0.0000034571,-1.0000004768,0.0000000000,1.0000004768,-0.0000034571,0.0000000000,-0.0000000000,0.0000000000,1.0000000000,0,-53.4,178.4,1542.0,1,0.0000197291,-0.9999990463,0.0000000000,0.9999990463,0.0000197291,0.0000000000,-0.0000000000,0.0000000000,1.0000000000,0,-53.4,-81.5,1542.0,0,-0.1264612228,-0.6702778935,0.7312558889,-0.9829371572,0.1839362830,-0.0013880581,-0.1335740983,-0.7189541459,-0.6821019053,1,35.4,141.3,1281.5,1,-0.5499134660,-0.6702778935,0.4983199835,-0.7736440897,0.1839362830,-0.6063351631,0.3147538900,-0.7189542055,-0.6197055578,1,0.9,-126.5,1245.1,1,-0.9260563850,0.3593397141,0.1153026819,0.2538817525,0.8192595840,-0.5141573548,-0.2792199552,-0.4468653798,-0.8499103189,1,-42.4,-221.6,1552.4,1,-0.7792948484,0.0000000000,0.6266575456,0.0000000000,1.0000000000,0.0000000000,-0.6266575456,0.0000000000,-0.7792948484,0,-185.2,-547.2,1730.0,1,0.3113197386,0.2104694247,-0.9267053008,0.1549557298,0.9508717060,0.2680142820,0.9375867844,-0.2270364165,0.2634117007,1,16.3,-246.0,1380.4,1,-0.9385131598,0.0000000000,-0.3452434242,-0.0000000000,1.0000000000,0.0000000000,0.3452434242,-0.0000000000,-0.9385131598,0,-67.4,-624.0,1470.6,1,-53.4,-341.4,1542.0,0,-158.1,-350.3,1336.1,1,-185.2,-929.3,1730.0,0,-67.4,-1006.1,1470.6,0,
15,0.3251692355,-0.0019763776,0.9456544518,-0.1221700087,0.9915274978,0.0440811850,-0.9377298951,-0.1298645288,0.3221738040,1,-10.2,358.2,1386.3,1,0.3251692355,-0.0019763776,0.9456544518,-0.1221700087,0.9915274978,0.0440811850,-0.9377298951,-0.1298645288,0.3221738040,1,-9.8,160.6,1412.2,1,0.3250857592,0.0162548125,0.9455454946,-0.1337584555,0.9905884862,0.0289579332,-0.9361761808,-0.1358885765,0.3242014647,1,-13.0,-36.3,1439.2,1,-0.0000034571,-1.0000004768,0.0000000000,1.0000004768,-0.0000034571,0.0000000000,-0.0000000000,0.0000000000,1.0000000000,0,-54.9,179.2,1542.2,1,0.0000197291,-0.9999990463,0.0000000000,0.9999990463,0.0000197291,0.0000000000,-0.0000000000,0.0000000000,1.0000000000,0,-54.9,-80.7,1542.2,0,-0.1272574216,-0.6755591035,0.7262406349,-0.9823393822,0.1870980859,0.0019082276,-0.1371673495,-0.7131719589,-0.6874379516,1,35.4,142.0,1282.1,1,-0.5527763963,-0.6755591035,0.4879119992,-0.7686137557,0.1870980710,-0.6117410660,0.3219798505,-0.7131718993,-0.6226674914,1,0.5,-127.3,1244.5,1,-0.9269334674,0.3632207513,0.0941542238,0.2649336159,0.8112288117,-0.5212658048,-0.2657152116,-0.4582340121,-0.8481845260,1,-46.1,-220.8,1552.0,1,-0.7836693525,0.0000000000,0.6211782694,0.0000000000,1.0000000000,0.0000000000,-0.6211782694,0.0000000000,-0.7836693525,0,-190.4,-543.2,1734.1,1,0.3098586500,0.2094075233,-0.9274352193,0.1627476811,0.9493657947,0.2687337399,0.9367502332,-0.2342073917,0.2600886226,1,13.6,-245.4,1380.3,1,-0.9402229786,0.0000000000,-0.3405595124,-0.0000000000,1.0000000000,0.0000000000,0.3405595124,-0.0000000000,-0.9402229786,0,-69.7,-622.7,1473.4,1,-54.9,-340.6,1542.2,0,-159.3,-349.4,1337.6,1,-190.4,-925.4,1734.1,0,-69.7,-1004.8,1473.4,0,
16,0.3225697875,-0.0009807847,0.9465458989,-0.1239614263,0.9913407564,0.0432715528,-0.9383922815,-0.1312933117,0.3196560144,1,-10.4,358.2,1386.5,1,0.3225697875,-0.0009807847,0.9465458989,-0.1239614263,0.9913407564,0.0432715528,-0.9383922815,-0.1312933117,0.3196560144,1,-10.2,161.3,1412.6,1,0.3224766552,0.0186079368,0.9463951588,-0.1344322264,0.9905706048,0.0263301004,-0.9369816780,-0.1357168853,0.3219384551,1,-13.9,-35.6,1439.6,1,-0.0000034571,-1.0000004768,0.0000000000,1.0000004768,-0.0000034571,0.0000000000,-0.0000000000,0.0000000000,1.0000000000,0,-55.0,179.9,1542.7,1,0.0000197291,-0.9999990463,0.0000000000,0.9999990463,0.0000197291,0.0000000000,-0.0000000000,0.0000000000,1.0000000000,0,-55.0,-79.9,1542.7,0,-0.1245369539,-0.6748532057,0.7273676991,-0.9827313423,0.1850069463,0.0033904989,-0.1368561536,-0.7143847942,-0.6862396002,1,34.5,142.6,1282.5,1,-0.5550926924,-0.6748531461,0.4862563908,-0.7651476264,0.1850069463,-0.6167021394,0.3262225688,-0.7143847942,-0.6190583110,1,0.2,-128.1,1244.8,1,-0.9369187355,0.3454074264,0.0536381304,0.2723464668,0.8175356984,-0.5074079037,-0.2191135287,-0.4607917964,-0.8600350618,1,-47.2,-220.1,1552.5,1,-0.8001553416,0.0000000000,0.5997927785,0.0000000000,1.0000000000,0.0000000000,-0.5997927785,0.0000000000,-0.8001553416,0,-184.5,-545.0,1735.6,1,0.3133237660,0.1997769177,-0.9283950925,0.1633415520,0.9517144561,0.2599211037,0.9354933500,-0.2330849171,0.2655629218,1,11.9,-244.8,1380.6,1,-0.9386451244,0.0000000000,-0.3448844254,-0.0000000000,1.0000000000,0.0000000000,0.3448844254,-0.0000000000,-0.9386451244,0,-67.5,-623.0,1473.2,1,-55.0,-339.8,1542.7,0,-160.1,-349.2,1339.0,1,-184.5,-927.2,1735.6,0,-67.5,-1005.2,1473.2,0,
17,0.3151274025,-0.0010857522,0.9490494132,-0.1261650473,0.9910733700,0.0430263281,-0.9406247735,-0.1332956851,0.3121784627,1,-10.8,358.2,1386.6,1,0.3151274025,-0.0010857522,0.9490494132,-0.1261650473,0.9910733700,0.0430263281,-0.9406247735,-0.1332956851,0.3121784627,1,-10.6,160.9,1413.2,1,0.3150667846,0.0147399288,0.9489556551,-0.1349605322,0.9904116392,0.0294248555,-0.9394234419,-0.1373423934,0.3140361905,1,-13.5,-35.9,1440.5,1,-0.0000034571,-1.0000004768,0.0000000000,1.0000004768,-0.0000034571,0.0000000000,-0.0000000000,0.0000000000,1.0000000000,0,-54.4,179.7,1543.7,1,0.0000197291,-0.9999990463,0.0000000000,0.9999990463,0.0000197291,0.0000000000,-0.0000000000,0.0000000000,1.0000000000,0,-54.4,-80.2,1543.7,0,-0.1202075332,-0.6754485965,0.7275434136,-0.9829147458,0.1838738620,0.0083068246,-0.1393870413,-0.7141146064,-0.6860113740,1,33.2,142.2,1282.7,1,-0.5559424758,-0.6754485965,0.4844555557,-0.7631976008,0.1838738620,-0.6194512248,0.3293287754,-0.7141145468,-0.6177240014,1,0.1,-128.1,1244.4,1,-0.9356138110,0.3463760018,0.0681955218,0.2659946680,0.8186886311,-0.5089163780,-0.2321073115,-0.4580094814,-0.8581103683,1,-45.3,-220.3,1553.9,1,-0.7975956202,0.0000000000,0.6031926274,0.0000000000,1.0000000000,0.0000000000,-0.6031926274,0.0000000000,-0.7975956202,0,-183.0,-545.7,1736.0,1,0.3191576004,0.1959260702,-0.9272277951,0.1609379202,0.9529802203,0.2567634881,0.9339364171,-0.2311741263,0.2726189792,1,12.4,-245.1,1381.6,1,-0.9359058738,0.0000000000,-0.3522500992,-0.0000000000,1.0000000000,0.0000000000,0.3522500992,-0.0000000000,-0.9359058738,0,-65.4,-623.8,1473.5,1,-54.4,-340.0,1543.7,0,-160.9,-349.1,1339.7,1,-183.0,-927.8,1736.0,0,-65.4,-1006.0,1473.5,0,
18,0.3271085620,0.0000557535,0.9449874163,-0.1240661442,0.9913443923,0.0428871363,-0.9368060231,-0.1312697530,0.3242852092,1,-11.4,358.2,1386.7,1,0.3271085620,0.0000557535,0.9449874163,-0.1240661442,0.9913443923,0.0428871363,-0.9368060231,-0.1312697530,0.3242852092,1,-11.4,160.7,1412.9,1,0.3270453215,0.0142024718,0.9449025393,-0.1328568310,0.9906450510,0.0310936775,-0.9356219172,-0.1357058436,0.3258737922,1,-14.2,-36.1,1439.8,1,-0.0000034571,-1.0000004768,0.0000000000,1.0000004768,-0.0000034571,0.0000000000,-0.0000000000,0.0000000000,1.0000000000,0,-56.8,179.2,1542.8,1,0.0000197291,-0.9999990463,0.0000000000,0.9999990463,0.0000197291,0.0000000000,-0.0000000000,0.0000000000,1.0000000000,0,-56.8,-80.7,1542.8,0,-0.1255142838,-0.6758157015,0.7263051867,-0.9820264578,0.1886529624,0.0058326721,-0.1409614384,-0.7125188708,-0.6873475909,1,34.0,142.3,1282.9,1,-0.5586566925,-0.6758157611,0.4808074236,-0.7616981864,0.1886530071,-0.6198596358,0.3282051384,-0.7125188708,-0.6201598644,1,-0.4,-127.5,1244.2,1,-0.9298932552,0.3562557399,0.0915440023,0.2629629374,0.8178874254,-0.5117719173,-0.2571942806,-0.4518206120,-0.8542301059,1,-47.0,-220.8,1552.6,1,-0.7852585316,0.0000000000,0.6191679835,0.0000000000,1.0000000000,0.0000000000,-0.6191679835,0.0000000000,-0.7852585316,0,-188.6,-545.9,1732.2,1,0.3054405451,0.2009015381,-0.9307764769,0.1550994664,0.9539389610,0.2567978799,0.9394949079,-0.2227994204,0.2602118552,1,13.0,-245.2,1381.0,1,-0.9403015375,0.0000000000,-0.3403424621,-0.0000000000,1.0000000000,0.0000000000,0.3403424621,-0.0000000000,-0.9403015375,0,-66.9,-624.3,1469.5,1,-56.8,-340.6,1542.8,0,-162.4,-348.3,1339.3,1,-188.6,-928.0,1732.2,0,-66.9,-1006.5,1469.5,0,
19,0.3246243894,-0.0007942197,0.9458432794,-0.1228173226,0.9914955497,0.0429848582,-0.9378341436,-0.1301199198,0.3217672110,1,-12.6,358.1,1387.2,1,0.3246243894,-0.0007942197,0.9458432794,-0.1228173226,0.9914955497,0.0429848582,-0.9378341436,-0.1301199198,0.3217672110,1,-12.4,160.8,1413.1,1,0.3245543242,0.0140287606,0.9457635880,-0.1333100945,0.9905853868,0.0310538262,-0.9364244938,-0.1361585259,0.3233700395,1,-15.2,-36.1,1440.2,1,-0.0000034571,-1.0000004768,0.0000000000,1.0000004768,-0.0000034571,0.0000000000,-0.0000000000,0.0000000000,1.0000000000,0,-57.5,179.3,1543.2,1,0.0000197291,-0.9999990463,0.0000000000,0.9999990463,0.0000197291,0.0000000000,-0.0000000000,0.0000000000,1.0000000000,0,-57.5,-80.6,1543.2,0,-0.1217199937,-0.6704912782,0.7318645716,-0.9823336005,0.1869704723,0.0079145962,-0.1421437263,-0.7179717422,-0.6814041734,1,32.7,142.3,1283.1,1,-0.5574272275,-0.6704912186,0.4896083772,-0.7655767798,0.1869704723,-0.6155763268,0.3211962283,-0.7179718018,-0.6175349951,1,-0.7,-127.3,1244.1,1,-0.9327406287,0.3547407985,0.0644507408,0.2730965018,0.8118331432,-0.5160865188,-0.2354001999,-0.4637735188,-0.8541082740,1,-47.8,-220.7,1553.1,1,-0.7942830920,0.0000000000,0.6075478792,0.0000000000,1.0000000000,0.0000000000,-0.6075478792,0.0000000000,-0.7942830920,0,-188.7,-543.4,1737.5,1,0.3083118498,0.2048884034,-0.9289587736,0.1568366736,0.9522190690,0.2620710135,0.9382675290,-0.2264944315,0.2614464164,1,11.8,-245.2,1381.4,1,-0.9397380352,0.0000000000,-0.3418952823,-0.0000000000,1.0000000000,0.0000000000,0.3418952823,-0.0000000000,-0.9397380352,0,-69.7,-623.6,1471.4,1,-57.5,-340.4,1543.2,0,-162.0,-348.7,1337.0,1,-188.7,-925.5,1737.5,0,-69.7,-1005.8,1471.4,0,
20,0.3066145182,-0.0071679684,0.9518073201,-0.1279518604,0.9905827045,0.0486782789,-0.9431933761,-0.1367110461,0.3028109670,1,-13.7,358.2,1387.0,1,0.3066145182,-0.0071679684,0.9518073201,-0.1279518604,0.9905827045,0.0486782789,-0.9431933761,-0.1367110461,0.3028109670,1,-12.2,160.8,1414.2,1,0.3066018522,0.0092810225,0.9517931938,-0.1398503482,0.9895372987,0.0354009159,-0.9415068030,-0.1439626366,0.3046929836,1,-14.1,-35.8,1442.8,1,-0.0000034571,-1.0000004768,0.0000000000,1.0000004768,-0.0000034571,0.0000000000,-0.0000000000,0.0000000000,1.0000000000,0,-54.8,180.2,1545.0,1,0.0000197291,-0.9999990463,0.0000000000,0.9999990463,0.0000197291,0.0000000000,-0.0000000000,0.0000000000,1.0000000000,0,-54.8,-79.6,1545.0,0,-0.1113594398,-0.6603289843,0.7426739931,-0.9827915430,0.1840028167,0.0162376612,-0.1473763138,-0.7280855179,-0.6694562435,1,30.3,141.4,1283.5,1,-0.5532301664,-0.6603290439,0.5078405142,-0.7748170495,0.1840028465,-0.6048153043,0.3059329987,-0.7280855179,-0.6134300828,1,0.1,-125.1,1243.5,1,-0.9277069569,0.3619078994,0.0915563107,0.2630808651,0.8078157902,-0.5274674892,-0.2648552060,-0.4652485847,-0.8446274400,1,-44.0,-219.6,1557.8,1,-0.7893129587,0.0000000000,0.6139912605,0.0000000000,1.0000000000,0.0000000000,-0.6139912605,0.0000000000,-0.7893129587,0,-187.9,-540.7,1742.7,1,0.3216409087,0.2041560858,-0.9245904088,0.1508751810,0.9529522061,0.2629041672,0.9347640276,-0.2240584940,0.2757062912,1,12.2,-245.3,1385.1,1,-0.9337237477,0.0000000000,-0.3579945266,-0.0000000000,1.0000000000,0.0000000000,0.3579945266,-0.0000000000,-0.9337237477,0,-68.9,-624.0,1474.2,1,-54.8,-339.5,1545.0,0,-159.4,-348.6,1331.8,1,-187.9,-922.8,1742.7,0,-68.9,-1006.2,1474.2,0,
21,0.3023629785,-0.0118758231,0.9531194568,-0.1244676113,0.9908665419,0.0518316366,-0.9450303316,-0.1343045384,0.2981242537,1,-15.0,358.4,1387.4,1,0.3023629785,-0.0118758231,0.9531194568,-0.1244676113,0.9908665419,0.0518316366,-0.9450303316,-0.1343045384,0.2981242537,1,-12.7,160.3,1414.2,1,0.3023914695,0.0071457159,0.9531576037,-0.1363912076,0.9900038838,0.0358483605,-0.9433740973,-0.1408426166,0.3003443778,1,-14.1,-36.4,1442.2,1,-0.0000034571,-1.0000004768,0.0000000000,1.0000004768,-0.0000034571,0.0000000000,-0.0000000000,0.0000000000,1.0000000000,0,-54.7,179.2,1545.3,1,0.0000197291,-0.9999990463,0.0000000000,0.9999990463,0.0000197291,0.0000000000,-0.0000000000,0.0000000000,1.0000000000,0,-54.7,-80.6,1545.3,0,-0.1086100936,-0.6607888341,0.7426721454,-0.9829642177,0.1828210354,0.0189131442,-0.1482736915,-0.7279660106,-0.6693880558,1,29.3,141.4,1283.2,1,-0.5515064597,-0.6607888341,0.5091155767,-0.7761390209,0.1828210503,-0.6034771204,0.3056938946,-0.7279659510,-0.6136910319,1,0.1,-123.6,1243.3,1,-0.9115791321,0.3793853521,0.1583997309,0.2422997952,0.8070300221,-0.5385104418,-0.3321363330,-0.4525146484,-0.8275964856,1,-43.2,-220.7,1556.7,1,-0.7663109303,0.0000000000,0.6424700618,0.0000000000,1.0000000000,0.0000000000,-0.6424700618,0.0000000000,-0.7663109303,0,-194.0,-541.4,1736.6,1,0.3204629421,0.2077096105,-0.9242079258,0.1321154386,0.9563269615,0.2607382834,0.9380028248,-0.2056591064,0.2790256739,1,12.2,-245.7,1383.7,1,-0.9317509532,0.0000000000,-0.3630980849,-0.0000000000,1.0000000000,0.0000000000,0.3630980849,-0.0000000000,-0.9317509532,0,-70.3,-625.7,1465.4,1,-54.7,-340.5,1545.3,0,-159.3,-347.8,1331.6,1,-194.0,-923.6,1736.6,0,-70.3,-1007.9,1465.4,0,
22,0.3073825836,-0.0138764717,0.9514854550,-0.1196953952,0.9913858175,0.0531266108,-0.9440268278,-0.1302186996,0.3030747771,1,-16.8,357.3,1388.1,1,0.3073825836,-0.0138764717,0.9514854550,-0.1196953952,0.9913858175,0.0531266108,-0.9440268278,-0.1302186996,0.3030747771,1,-14.0,158.9,1414.2,1,0.3074519336,0.0028509235,0.9515599012,-0.1321638972,0.9904287457,0.0397350676,-0.9423395395,-0.1379785538,0.3048870564,1,-14.5,-37.9,1441.6,1,-0.0000034571,-1.0000004768,0.0000000000,1.0000004768,-0.0000034571,0.0000000000,-0.0000000000,0.0000000000,1.0000000000,0,-56.7,177.2,1545.0,1,0.0000197291,-0.9999990463,0.0000000000,0.9999990463,0.0000197291,0.0000000000,-0.0000000000,0.0000000000,1.0000000000,0,-56.7,-82.6,1545.0,0,-0.1120391712,-0.6580377817,0.7446029782,-0.9827558994,0.1842984557,0.0149988327,-0.1470989585,-0.7300825119,-0.6673391461,1,28.7,140.5,1283.3,1,-0.5598198175,-0.6580377817,0.5035753250,-0.7681733966,0.1842984408,-0.6131424904,0.3106627464,-0.7300825119,-0.6086610556,1,-1.5,-124.3,1243.6,1,-0.9169331193,0.3704489470,0.1483278722,0.2437147796,0.8142212033,-0.5269221663,-0.3159694672,-0.4470026791,-0.8368703127,1,-43.3,-222.6,1555.4,1,-0.7699578404,0.0000000000,0.6380948424,0.0000000000,1.0000000000,0.0000000000,-0.6380948424,0.0000000000,-0.7699578404,0,-190.5,-546.2,1733.1,1,0.3187519312,0.2060284764,-0.9251754284,0.1411483586,0.9548887014,0.2612754107,0.9372696280,-0.2138690650,0.2752920389,1,13.1,-246.9,1382.6,1,-0.9336572289,0.0000000000,-0.3581676185,-0.0000000000,1.0000000000,0.0000000000,0.3581676185,-0.0000000000,-0.9336572289,0,-68.8,-626.4,1467.6,1,-56.7,-342.5,1545.0,0,-163.5,-346.7,1333.6,1,-190.5,-928.4,1733.1,0,-68.8,-1008.5,1467.6,0,
23,0.3158029914,-0.0187548734,0.9486399889,-0.1180208325,0.9912611842,0.0588867180,-0.9414548874,-0.1305559427,0.3108308315,1,-19.5,358.2,1387.4,1,0.3158029914,-0.0187548734,0.9486399889,-0.1180208325,0.9912611842,0.0588867180,-0.9414548874,-0.1305559427,0.3108308315,1,-15.8,160.1,1413.5,1,0.3159295619,0.0004611977,0.9487830997,-0.1317322105,0.9903331995,0.0433832072,-0.9395918846,-0.1386913955,0.3129373491,1,-15.9,-36.6,1441.1,1,-0.0000034571,-1.0000004768,0.0000000000,1.0000004768,-0.0000034571,0.0000000000,-0.0000000000,0.0000000000,1.0000000000,0,-59.6,178.4,1544.0,1,0.0000197291,-0.9999990463,0.0000000000,0.9999990463,0.0000197291,0.0000000000,-0.0000000000,0.0000000000,1.0000000000,0,-59.6,-81.4,1544.0,0,-0.1156033948,-0.6588136554,0.7433710694,-0.9827193022,0.1847788841,0.0109355235,-0.1445637345,-0.7292609215,-0.6687899232,1,28.1,141.9,1283.0,1,-0.5620536804,-0.6588136554,0.5000603199,-0.7652349472,0.1847788990,-0.6166622043,0.3138648570,-0.7292609215,-0.6080029011,1,-3.2,-124.6,1243.8,1,-0.9234882593,0.3595484793,0.1337695718,0.2462748140,0.8229951262,-0.5118863583,-0.2941397429,-0.4397769570,-0.8485741615,1,-44.9,-221.4,1554.8,1,-0.7741893530,0.0000000000,0.6329541206,0.0000000000,1.0000000000,0.0000000000,-0.6329541206,0.0000000000,-0.7741893530,0,-187.8,-548.5,1729.6,1,0.3129057288,0.2082880735,-0.9266639352,0.1510319710,0.9523310661,0.2650561333,0.9376990199,-0.2228934914,0.2665317059,1,13.0,-245.5,1382.5,1,-0.9372425079,0.0000000000,-0.3486781418,-0.0000000000,1.0000000000,0.0000000000,0.3486781418,-0.0000000000,-0.9372425079,0,-69.8,-624.0,1471.1,1,-59.6,-341.3,1544.0,0,-166.2,-346.5,1334.8,1,-187.8,-930.6,1729.6,0,-69.8,-1006.2,1471.1,0,
