1,0.3339299262,-0.0881379917,0.9384659529,-0.0343438610,0.9938153625,0.1055564880,-0.9419707656,-0.0674783736,0.3288407028,1,72.1,420.2,1617.8,1,0.3339299262,-0.0881379917,0.9384659529,-0.0343438610,0.9938153625,0.1055564880,-0.9419707656,-0.0674783736,0.3288407028,1,90.0,218.3,1631.5,1,0.3338311315,-0.0842581764,0.9388573766,-0.0332045183,0.9943231940,0.1010423750,-0.9420466423,-0.0649047568,0.3291412890,1,106.7,22.1,1644.3,1,-0.0000026226,-1.0000003576,-0.0000000000,1.0000003576,-0.0000026226,0.0000000000,-0.0000000000,-0.0000000000,1.0000000000,0,43.8,222.9,1762.0,1,0.0000197291,-0.9999990463,-0.0000000000,0.9999990463,0.0000197291,-0.0000000000,0.0000000000,-0.0000000000,1.0000000000,0,43.8,-36.9,1762.0,0,-0.0000005960,1.0000001192,-0.0000000000,-1.0000001192,-0.0000005960,0.0000000000,0.0000000000,0.0000000000,1.0000000000,0,136.3,213.8,1501.0,1,0.0000197291,0.9999990463,-0.0000000000,-0.9999990463,0.0000197291,0.0000000000,0.0000000000,0.0000000000,1.0000000000,0,136.3,-46.1,1501.0,0,-0.9116973877,0.2827296257,0.2981141806,0.1762863398,0.9245814085,-0.3377458155,-0.3711215258,-0.2553685009,-0.8927798271,0,92.8,-171.1,1743.1,0,-0.7391760349,0.0000000000,0.6735123396,0.0000000000,1.0000000000,0.0000000000,-0.6735123396,0.0000000000,-0.7391760349,0,-19.5,-538.5,1844.6,0,-0.9116973877,0.2827296257,0.2981141806,0.1762863398,0.9245814085,-0.3377458155,-0.3711215258,-0.2553685009,-0.8927798271,1,153.8,-177.1,1571.2,1,-0.7391760349,0.0000000000,0.6735123396,0.0000000000,1.0000000000,0.0000000000,-0.6735123396,0.0000000000,-0.7391760349,0,41.4,-544.6,1672.7,1,43.8,-296.8,1762.0,0,136.3,-306.0,1501.0,0,-19.5,-920.7,1844.6,0,41.4,-926.8,1672.7,0,
2,0.3756705225,-0.0830886364,0.9230188727,-0.0367865004,0.9938463569,0.1044364348,-0.9260215163,-0.0731876418,0.3703054488,1,72.5,421.2,1617.9,1,0.3756705225,-0.0830886364,0.9230188727,-0.0367865004,0.9938463569,0.1044364348,-0.9260215163,-0.0731876418,0.3703054488,1,89.4,219.5,1632.8,1,0.3749338090,-0.0791175365,0.9236670732,-0.0277539492,0.9949424863,0.0964883491,-0.9266346693,-0.0618114956,0.3708449602,1,105.0,23.1,1645.0,1,-0.0000026226,-1.0000003576,-0.0000000000,1.0000003576,-0.0000026226,0.0000000000,-0.0000000000,-0.0000000000,1.0000000000,0,37.5,223.3,1761.1,1,0.0000197291,-0.9999990463,-0.0000000000,0.9999990463,0.0000197291,-0.0000000000,0.0000000000,-0.0000000000,1.0000000000,0,37.5,-36.5,1761.1,0,-0.0000005960,1.0000001192,-0.0000000000,-1.0000001192,-0.0000005960,0.0000000000,0.0000000000,0.0000000000,1.0000000000,0,141.3,215.6,1504.4,1,0.0000197291,0.9999990463,-0.0000000000,-0.9999990463,0.0000197291,0.0000000000,0.0000000000,0.0000000000,1.0000000000,0,141.3,-44.2,1504.4,0,-0.9034860134,0.2796557844,0.3248160481,0.1602471620,0.9232585430,-0.3491623402,-0.3975344896,-0.2634125054,-0.8789653778,0,86.1,-170.7,1742.5,0,-0.7172276378,0.0000000000,0.6968388557,0.0000000000,1.0000000000,0.0000000000,-0.6968388557,0.0000000000,-0.7172276378,0,-25.0,-537.6,1847.2,0,-0.9034860134,0.2796557844,0.3248160481,0.1602471620,0.9232585430,-0.3491623402,-0.3975344896,-0.2634125054,-0.8789653778,1,155.2,-175.8,1571.8,1,-0.7172276378,0.0000000000,0.6968388557,0.0000000000,1.0000000000,0.0000000000,-0.6968388557,0.0000000000,-0.7172276378,0,44.0,-542.7,1676.5,1,37.5,-296.4,1761.1,0,141.3,-304.1,1504.4,0,-25.0,-919.8,1847.2,0,44.0,-924.9,1676.5,0,
3,0.4077087343,-0.0792598426,0.9096633196,-0.0351805538,0.9941179156,0.1023861170,-0.9124326110,-0.0737454817,0.4025255442,1,72.8,421.5,1617.9,1,0.4077087343,-0.0792598426,0.9096633196,-0.0351805538,0.9941179156,0.1023861170,-0.9124326110,-0.0737454817,0.4025255442,1,89.0,219.5,1632.9,1,0.4069017768,-0.0771555901,0.9102053642,-0.0249180701,0.9951136708,0.0954922959,-0.9131305218,-0.0615358837,0.4029943347,1,104.2,23.1,1645.1,1,-0.0000026226,-1.0000003576,-0.0000000000,1.0000003576,-0.0000026226,0.0000000000,-0.0000000000,-0.0000000000,1.0000000000,0,32.6,222.9,1759.4,1,0.0000197291,-0.9999990463,-0.0000000000,0.9999990463,0.0000197291,-0.0000000000,0.0000000000,-0.0000000000,1.0000000000,0,32.6,-36.9,1759.4,0,-0.0000005960,1.0000001192,-0.0000000000,-1.0000001192,-0.0000005960,0.0000000000,0.0000000000,0.0000000000,1.0000000000,0,145.3,216.0,1506.5,1,0.0000197291,0.9999990463,-0.0000000000,-0.9999990463,0.0000197291,0.0000000000,0.0000000000,0.0000000000,1.0000000000,0,145.3,-43.8,1506.5,0,-0.8894557953,0.2917535603,0.3517790437,0.1620992720,0.9210726619,-0.3540465832,-0.4273084402,-0.2578856647,-0.8665463924,0,82.0,-171.0,1741.1,0,-0.6937217116,0.0000000000,0.7202432156,0.0000000000,1.0000000000,0.0000000000,-0.7202432156,0.0000000000,-0.6937217116,0,-33.9,-537.0,1843.6,0,-0.8894557953,0.2917535603,0.3517790437,0.1620992720,0.9210726619,-0.3540465832,-0.4273084402,-0.2578856647,-0.8665463924,1,156.8,-175.6,1573.3,1,-0.6937217116,0.0000000000,0.7202432156,0.0000000000,1.0000000000,0.0000000000,-0.7202432156,0.0000000000,-0.6937217116,0,40.8,-541.6,1675.8,1,32.6,-296.8,1759.4,0,145.3,-303.7,1506.5,0,-33.9,-919.2,1843.6,0,40.8,-923.8,1675.8,0,
4,0.4197557569,-0.0771193504,0.9043526053,-0.0326295868,0.9944530129,0.0999476090,-0.9070488214,-0.0714615360,0.4149144590,1,73.8,421.6,1618.5,1,0.4197557569,-0.0771193504,0.9043526053,-0.0326295868,0.9944530129,0.0999476090,-0.9070488214,-0.0714615360,0.4149144590,1,89.5,219.8,1633.0,1,0.4189870656,-0.0741530433,0.9049569368,-0.0225173160,0.9955000877,0.0919973403,-0.9077114463,-0.0589222163,0.4154353738,1,104.1,23.3,1644.6,1,-0.0000026226,-1.0000003576,0.0000000000,1.0000003576,-0.0000026226,0.0000000000,-0.0000000000,0.0000000000,1.0000000000,0,31.5,222.9,1758.7,1,0.0000197291,-0.9999990463,-0.0000000000,0.9999990463,0.0000197291,-0.0000000000,0.0000000000,-0.0000000000,1.0000000000,0,31.5,-37.0,1758.7,0,-0.0000005960,1.0000001192,-0.0000000000,-1.0000001192,-0.0000005960,0.0000000000,0.0000000000,0.0000000000,1.0000000000,0,147.5,216.7,1507.2,1,0.0000197291,0.9999990463,-0.0000000000,-0.9999990463,0.0000197291,0.0000000000,0.0000000000,0.0000000000,1.0000000000,0,147.5,-43.2,1507.2,0,-0.8868827820,0.2918470204,0.3581401408,0.1582501978,0.9202151299,-0.3579958677,-0.4340460300,-0.2608246207,-0.8623078465,0,80.5,-171.1,1739.1,0,-0.6875119209,0.0000000000,0.7261731625,0.0000000000,1.0000000000,0.0000000000,-0.7261731625,0.0000000000,-0.6875119209,0,-35.5,-536.8,1842.8,0,-0.8868827820,0.2918470204,0.3581401408,0.1582501978,0.9202151299,-0.3579958677,-0.4340460300,-0.2608246207,-0.8623078465,1,157.0,-175.2,1573.3,1,-0.6875119209,0.0000000000,0.7261731625,0.0000000000,1.0000000000,0.0000000000,-0.7261731625,0.0000000000,-0.6875119209,0,41.0,-540.9,1677.0,1,31.4,-296.8,1758.7,0,147.5,-303.1,1507.2,0,-35.5,-919.0,1842.8,0,41.0,-923.1,1677.0,0,
5,0.4280135036,-0.0774348602,0.9004466534,-0.0315014496,0.9944345951,0.1004910022,-0.9032216668,-0.0713761896,0.4231956303,1,73.4,421.8,1618.2,1,0.4280135036,-0.0774348602,0.9004466534,-0.0315014496,0.9944345951,0.1004910022,-0.9032216668,-0.0713761896,0.4231956303,1,89.1,219.8,1632.7,1,0.4273217320,-0.0743824244,0.9010323286,-0.0224345587,0.9954261184,0.0928144157,-0.9038197398,-0.0598752089,0.4237019718,1,103.8,23.3,1644.5,1,-0.0000026226,-1.0000003576,0.0000000000,1.0000003576,-0.0000026226,0.0000000000,-0.0000000000,0.0000000000,1.0000000000,0,29.9,222.9,1757.9,1,0.0000197291,-0.9999990463,-0.0000000000,0.9999990463,0.0000197291,-0.0000000000,0.0000000000,-0.0000000000,1.0000000000,0,29.9,-37.0,1757.9,0,-0.0000005960,1.0000001192,-0.0000000000,-1.0000001192,-0.0000005960,0.0000000000,0.0000000000,0.0000000000,1.0000000000,0,148.3,216.6,1507.5,1,0.0000197291,0.9999990463,-0.0000000000,-0.9999990463,0.0000197291,0.0000000000,0.0000000000,0.0000000000,1.0000000000,0,148.3,-43.2,1507.5,0,-0.8859621286,0.2865757048,0.3646167815,0.1503516436,0.9212498069,-0.3587381840,-0.4387088418,-0.2630077600,-0.8592796326,0,79.3,-171.1,1739.3,0,-0.6833057404,0.0000000000,0.7301324010,0.0000000000,1.0000000000,0.0000000000,-0.7301324010,0.0000000000,-0.6833057404,0,-34.6,-537.2,1843.8,0,-0.8859621286,0.2865757048,0.3646167815,0.1503516436,0.9212498069,-0.3587381840,-0.4387088418,-0.2630077600,-0.8592796326,1,157.7,-175.2,1573.4,1,-0.6833057404,0.0000000000,0.7301324010,0.0000000000,1.0000000000,0.0000000000,-0.7301324010,0.0000000000,-0.6833057404,0,43.8,-541.3,1677.9,1,29.9,-296.9,1757.9,0,148.3,-303.1,1507.5,0,-34.6,-919.4,1843.8,0,43.8,-923.5,1677.9,0,
6,0.4270881116,-0.0773898438,0.9008898139,-0.0315317586,0.9944454432,0.1003748178,-0.9036585689,-0.0712748468,0.4222790599,1,73.6,421.5,1618.6,1,0.4270881116,-0.0773898438,0.9008898139,-0.0315317586,0.9944454432,0.1003748178,-0.9036585689,-0.0712748468,0.4222790599,1,89.3,219.9,1633.0,1,0.4264786243,-0.0744445473,0.9014265537,-0.0235444549,0.9953513145,0.0933403745,-0.9041897058,-0.0610306039,0.4227468073,1,104.0,23.5,1645.1,1,-0.0000026226,-1.0000003576,0.0000000000,1.0000003576,-0.0000026226,0.0000000000,-0.0000000000,0.0000000000,1.0000000000,0,30.3,223.1,1758.3,1,0.0000197291,-0.9999990463,-0.0000000000,0.9999990463,0.0000197291,-0.0000000000,0.0000000000,-0.0000000000,1.0000000000,0,30.3,-36.7,1758.3,0,-0.0000005960,1.0000001192,-0.0000000000,-1.0000001192,-0.0000005960,0.0000000000,0.0000000000,0.0000000000,1.0000000000,0,148.4,216.6,1507.8,1,0.0000197291,0.9999990463,-0.0000000000,-0.9999990463,0.0000197291,0.0000000000,0.0000000000,0.0000000000,1.0000000000,0,148.4,-43.2,1507.8,0,-0.8860585690,0.2873352766,0.3637838960,0.1507952213,0.9207097888,-0.3599363565,-0.4383618236,-0.2640678287,-0.8591315746,0,79.5,-170.8,1740.2,0,-0.6830365062,0.0000000000,0.7303842902,0.0000000000,1.0000000000,0.0000000000,-0.7303842902,0.0000000000,-0.6830365062,0,-34.7,-536.7,1845.2,0,-0.8860585690,0.2873352766,0.3637838960,0.1507952213,0.9207097888,-0.3599363565,-0.4383618236,-0.2640678287,-0.8591315746,1,157.9,-175.1,1574.0,1,-0.6830365062,0.0000000000,0.7303842902,0.0000000000,1.0000000000,0.0000000000,-0.7303842902,0.0000000000,-0.6830365062,0,43.7,-541.1,1678.9,1,30.3,-296.6,1758.3,0,148.4,-303.1,1507.8,0,-34.7,-918.9,1845.2,0,43.7,-923.2,1678.9,0,
7,0.4301829040,-0.0779507831,0.8993676305,-0.0313385203,0.9943705201,0.1011745036,-0.9021961093,-0.0717077032,0.4253218472,1,73.1,421.5,1618.8,1,0.4301829040,-0.0779507831,0.8993676305,-0.0313385203,0.9943705201,0.1011745036,-0.9021961093,-0.0717077032,0.4253218472,1,88.9,219.6,1633.3,1,0.4295472801,-0.0736584216,0.9000329971,-0.0229961015,0.9954479337,0.0924419835,-0.9027500153,-0.0604047813,0.4259016216,1,103.4,23.2,1645.3,1,-0.0000026226,-1.0000003576,0.0000000000,1.0000003576,-0.0000026226,0.0000000000,-0.0000000000,0.0000000000,1.0000000000,0,29.4,222.8,1758.4,1,0.0000197291,-0.9999990463,-0.0000000000,0.9999990463,0.0000197291,-0.0000000000,0.0000000000,-0.0000000000,1.0000000000,0,29.4,-37.1,1758.4,0,-0.0000005960,1.0000001192,-0.0000000000,-1.0000001192,-0.0000005960,0.0000000000,0.0000000000,0.0000000000,1.0000000000,0,148.4,216.4,1508.3,1,0.0000197291,0.9999990463,-0.0000000000,-0.9999990463,0.0000197291,0.0000000000,0.0000000000,0.0000000000,1.0000000000,0,148.4,-43.5,1508.3,0,-0.8844182491,0.2864246666,0.3684632182,0.1508774161,0.9225986004,-0.3550320864,-0.4416335821,-0.2584040463,-0.8591780663,0,78.5,-171.2,1740.2,0,-0.6798444986,0.0000000000,0.7333563566,0.0000000000,1.0000000000,0.0000000000,-0.7333563566,0.0000000000,-0.6798444986,0,-35.3,-537.9,1842.9,0,-0.8844182491,0.2864246666,0.3684632182,0.1508774161,0.9225986004,-0.3550320864,-0.4416335821,-0.2584040463,-0.8591780663,1,157.5,-175.4,1574.2,1,-0.6798444986,0.0000000000,0.7333563566,0.0000000000,1.0000000000,0.0000000000,-0.7333563566,0.0000000000,-0.6798444986,0,43.6,-542.1,1676.9,1,29.4,-297.0,1758.4,0,148.4,-303.3,1508.3,0,-35.3,-920.0,1842.9,0,43.6,-924.2,1676.9,0,
8,0.4316823184,-0.0747894794,0.8989174366,-0.0318324082,0.9946684837,0.0980424285,-0.9014623165,-0.0709371939,0.4270035923,1,73.9,421.4,1618.9,1,0.4316823184,-0.0747894794,0.8989174366,-0.0318324082,0.9946684837,0.0980424285,-0.9014623165,-0.0709371939,0.4270035923,1,89.1,219.1,1633.3,1,0.4310396910,-0.0711171255,0.8995236754,-0.0230664723,0.9956905842,0.0897730812,-0.9020365477,-0.0594439246,0.4275452793,1,103.1,22.6,1645.0,1,-0.0000026226,-1.0000003576,0.0000000000,1.0000003576,-0.0000026226,0.0000000000,-0.0000000000,0.0000000000,1.0000000000,0,29.4,222.3,1758.2,1,0.0000197291,-0.9999990463,-0.0000000000,0.9999990463,0.0000197291,-0.0000000000,0.0000000000,-0.0000000000,1.0000000000,0,29.4,-37.6,1758.2,0,-0.0000005960,1.0000001192,-0.0000000000,-1.0000001192,-0.0000005960,0.0000000000,0.0000000000,0.0000000000,1.0000000000,0,148.8,215.9,1508.4,1,0.0000197291,0.9999990463,-0.0000000000,-0.9999990463,0.0000197291,0.0000000000,0.0000000000,0.0000000000,1.0000000000,0,148.8,-44.0,1508.4,0,-0.8864926696,0.2823527157,0.3666167259,0.1460467279,0.9224932790,-0.3573189080,-0.4390913546,-0.2632174492,-0.8590199947,0,77.6,-171.8,1739.5,0,-0.6814625859,0.0000000000,0.7318529487,0.0000000000,1.0000000000,0.0000000000,-0.7318529487,0.0000000000,-0.6814625859,0,-34.6,-538.4,1844.1,0,-0.8864926696,0.2823527157,0.3666167259,0.1460467279,0.9224932790,-0.3573189080,-0.4390913546,-0.2632174492,-0.8590199947,1,156.7,-176.0,1574.0,1,-0.6814625859,0.0000000000,0.7318529487,0.0000000000,1.0000000000,0.0000000000,-0.7318529487,0.0000000000,-0.6814625859,0,44.5,-542.7,1678.7,1,29.4,-297.5,1758.2,0,148.8,-303.9,1508.4,0,-34.6,-920.6,1844.1,0,44.5,-924.8,1678.7,0,
9,0.4345327318,-0.0733025521,0.8976656795,-0.0321338736,0.9947817326,0.0967877954,-0.9000810385,-0.0709022507,0.4299132526,1,74.2,421.5,1618.4,1,0.4345327318,-0.0733025521,0.8976656795,-0.0321338736,0.9947817326,0.0967877954,-0.9000810385,-0.0709022507,0.4299132526,1,89.1,219.6,1632.8,1,0.4339352548,-0.0703826174,0.8981882930,-0.0238568243,0.9956921935,0.0895486400,-0.9006265998,-0.0602855608,0.4303903878,1,103.0,23.1,1644.7,1,-0.0000026226,-1.0000003576,0.0000000000,1.0000003576,-0.0000026226,0.0000000000,-0.0000000000,0.0000000000,1.0000000000,0,29.0,222.9,1757.6,1,0.0000197291,-0.9999990463,-0.0000000000,0.9999990463,0.0000197291,-0.0000000000,0.0000000000,-0.0000000000,1.0000000000,0,29.0,-37.0,1757.6,0,-0.0000005960,1.0000001192,-0.0000000000,-1.0000001192,-0.0000005960,0.0000000000,0.0000000000,0.0000000000,1.0000000000,0,149.2,216.3,1508.1,1,0.0000197291,0.9999990463,-0.0000000000,-0.9999990463,0.0000197291,0.0000000000,0.0000000000,0.0000000000,1.0000000000,0,149.2,-43.6,1508.1,0,-0.8856463432,0.2842755914,0.3671753407,0.1454752535,0.9207636714,-0.3619824052,-0.4409844577,-0.2671735287,-0.8568261862,0,77.1,-171.2,1739.2,0,-0.6803860068,0.0000000000,0.7328538895,0.0000000000,1.0000000000,0.0000000000,-0.7328538895,0.0000000000,-0.6803860068,0,-35.9,-537.2,1845.4,0,-0.8856463432,0.2842755914,0.3671753407,0.1454752535,0.9207636714,-0.3619824052,-0.4409844577,-0.2671735287,-0.8568261862,1,156.7,-175.6,1574.0,1,-0.6803860068,0.0000000000,0.7328538895,0.0000000000,1.0000000000,0.0000000000,-0.7328538895,0.0000000000,-0.6803860068,0,43.7,-541.5,1680.2,1,29.0,-296.8,1757.6,0,149.2,-303.5,1508.1,0,-35.9,-919.3,1845.4,0,43.7,-923.7,1680.2,0,
10,0.4420627356,-0.0694391727,0.8942899108,-0.0342759229,0.9949587584,0.0941988081,-0.8963273764,-0.0722936988,0.4374576807,1,74.7,421.5,1618.2,1,0.4420627356,-0.0694391727,0.8942899108,-0.0342759229,0.9949587584,0.0941988081,-0.8963273764,-0.0722936988,0.4374576807,1,88.8,219.7,1632.9,1,0.4412732720,-0.0695743188,0.8946692348,-0.0229701735,0.9957830310,0.0887667239,-0.8970771432,-0.0597204156,0.4378179014,1,102.5,23.2,1644.7,1,-0.0000026226,-1.0000003576,0.0000000000,1.0000003576,-0.0000026226,0.0000000000,-0.0000000000,0.0000000000,1.0000000000,0,27.7,222.8,1757.1,1,0.0000197291,-0.9999990463,-0.0000000000,0.9999990463,0.0000197291,-0.0000000000,0.0000000000,-0.0000000000,1.0000000000,0,27.7,-37.0,1757.1,0,-0.0000005960,1.0000001192,-0.0000000000,-1.0000001192,-0.0000005960,0.0000000000,0.0000000000,0.0000000000,1.0000000000,0,149.9,216.5,1508.6,1,0.0000197291,0.9999990463,-0.0000000000,-0.9999990463,0.0000197291,0.0000000000,0.0000000000,0.0000000000,1.0000000000,0,149.9,-43.4,1508.6,0,-0.8819797039,0.2850739658,0.3752929568,0.1455171406,0.9221294522,-0.3584718704,-0.4482596815,-0.2615533471,-0.8547826409,0,75.7,-171.2,1738.8,0,-0.6738986969,0.0000000000,0.7388237715,0.0000000000,1.0000000000,0.0000000000,-0.7388237715,0.0000000000,-0.6738986969,0,-37.6,-537.7,1842.7,0,-0.8819797039,0.2850739658,0.3752929568,0.1455171406,0.9221294522,-0.3584718704,-0.4482596815,-0.2615533471,-0.8547826409,1,156.7,-175.4,1574.1,1,-0.6738986969,0.0000000000,0.7388237715,0.0000000000,1.0000000000,0.0000000000,-0.7388237715,0.0000000000,-0.6738986969,0,43.4,-541.9,1678.1,1,27.7,-296.9,1757.1,0,149.9,-303.2,1508.6,0,-37.6,-919.9,1842.7,0,43.4,-924.1,1678.1,0,
11,0.4467417896,-0.0687939227,0.8920117021,-0.0347686261,0.9949466586,0.0941452831,-0.8939855099,-0.0730719492,0.4420960248,1,74.4,422.0,1618.1,1,0.4467417896,-0.0687939227,0.8920117021,-0.0347686261,0.9949466586,0.0941452831,-0.8939855099,-0.0730719492,0.4420960248,1,88.3,220.2,1632.9,1,0.4458441138,-0.0685793385,0.8924772739,-0.0217591636,0.9959312677,0.0873986483,-0.8948445320,-0.0583850481,0.4425414801,1,101.8,23.7,1644.5,1,-0.0000026226,-1.0000003576,0.0000000000,1.0000003576,-0.0000026226,0.0000000000,-0.0000000000,0.0000000000,1.0000000000,0,26.6,223.3,1756.9,1,0.0000197291,-0.9999990463,-0.0000000000,0.9999990463,0.0000197291,-0.0000000000,0.0000000000,-0.0000000000,1.0000000000,0,26.6,-36.6,1756.9,0,-0.0000005960,1.0000001192,-0.0000000000,-1.0000001192,-0.0000005960,0.0000000000,0.0000000000,0.0000000000,1.0000000000,0,150.1,217.2,1509.0,1,0.0000197291,0.9999990463,-0.0000000000,-0.9999990463,0.0000197291,0.0000000000,0.0000000000,0.0000000000,1.0000000000,0,150.1,-42.6,1509.0,0,-0.8789342642,0.2888435125,0.3795309663,0.1486268938,0.9220096469,-0.3575024903,-0.4531935155,-0.2578126788,-0.8533159494,0,74.5,-170.8,1738.0,0,-0.6689915657,0.0000000000,0.7432699800,0.0000000000,1.0000000000,0.0000000000,-0.7432699800,0.0000000000,-0.6689915657,0,-40.3,-537.3,1840.5,0,-0.8789342642,0.2888435125,0.3795309663,0.1486268938,0.9220096469,-0.3575024903,-0.4531935155,-0.2578126788,-0.8533159494,1,156.3,-174.8,1573.9,1,-0.6689915657,0.0000000000,0.7432699800,0.0000000000,1.0000000000,0.0000000000,-0.7432699800,0.0000000000,-0.6689915657,0,41.5,-541.3,1676.4,1,26.6,-296.5,1756.9,0,150.1,-302.5,1509.0,0,-40.3,-919.4,1840.5,0,41.5,-923.4,1676.4,0,
12,0.4390492439,-0.0698524565,0.8957411647,-0.0367406979,0.9947388768,0.0955809206,-0.8977098465,-0.0748742074,0.4341764450,1,74.2,422.4,1618.0,1,0.4390492439,-0.0698524565,0.8957411647,-0.0367406979,0.9947388768,0.0955809206,-0.8977098465,-0.0748742074,0.4341764450,1,88.4,220.6,1633.2,1,0.4383537769,-0.0681767687,0.8962107301,-0.0267126281,0.9956858754,0.0888095200,-0.8984038830,-0.0628694743,0.4346450567,1,101.8,24.1,1645.6,1,-0.0000026226,-1.0000003576,0.0000000000,1.0000003576,-0.0000026226,0.0000000000,-0.0000000000,0.0000000000,1.0000000000,0,27.6,224.3,1757.6,1,0.0000197291,-0.9999990463,-0.0000000000,0.9999990463,0.0000197291,-0.0000000000,0.0000000000,-0.0000000000,1.0000000000,0,27.6,-35.5,1757.6,0,-0.0000005960,1.0000001192,-0.0000000000,-1.0000001192,-0.0000005960,0.0000000000,0.0000000000,0.0000000000,1.0000000000,0,149.1,216.9,1508.8,1,0.0000197291,0.9999990463,-0.0000000000,-0.9999990463,0.0000197291,0.0000000000,0.0000000000,0.0000000000,1.0000000000,0,149.1,-42.9,1508.8,0,-0.8798166513,0.2898650765,0.3766975999,0.1523307264,0.9226772189,-0.3542066216,-0.4502424598,-0.2542542219,-0.8559419513,0,74.6,-169.9,1741.3,0,-0.6721826792,0.0000000000,0.7403853536,0.0000000000,1.0000000000,0.0000000000,-0.7403853536,0.0000000000,-0.6721826792,0,-40.6,-536.6,1842.3,0,-0.8798166513,0.2898650765,0.3766975999,0.1523307264,0.9226772189,-0.3542066216,-0.4502424598,-0.2542542219,-0.8559419513,1,155.9,-174.8,1574.8,1,-0.6721826792,0.0000000000,0.7403853536,0.0000000000,1.0000000000,0.0000000000,-0.7403853536,0.0000000000,-0.6721826792,0,40.7,-541.5,1675.8,1,27.6,-295.4,1757.6,0,149.1,-302.8,1508.8,0,-40.6,-918.7,1842.3,0,40.7,-923.7,1675.8,0,
13,0.4403710067,-0.0694939643,0.8951200247,-0.0374924652,0.9947022796,0.0956701413,-0.8970310092,-0.0756899193,0.4354361594,1,73.9,422.4,1618.0,1,0.4403710067,-0.0694939643,0.8951200247,-0.0374924652,0.9947022796,0.0956701413,-0.8970310092,-0.0756899193,0.4354361594,1,88.0,220.6,1633.4,1,0.4396741688,-0.0658742413,0.8957360387,-0.0272455979,0.9958650470,0.0866113007,-0.8977423310,-0.0624849461,0.4360649586,1,101.0,24.1,1645.7,1,-0.0000026226,-1.0000003576,0.0000000000,1.0000003576,-0.0000026226,0.0000000000,-0.0000000000,0.0000000000,1.0000000000,0,27.1,224.4,1757.7,1,0.0000197291,-0.9999990463,-0.0000000000,0.9999990463,0.0000197291,-0.0000000000,0.0000000000,-0.0000000000,1.0000000000,0,27.1,-35.5,1757.7,0,-0.0000005960,1.0000001192,-0.0000000000,-1.0000001192,-0.0000005960,0.0000000000,0.0000000000,0.0000000000,1.0000000000,0,148.9,216.8,1509.0,1,0.0000197291,0.9999990463,-0.0000000000,-0.9999990463,0.0000197291,0.0000000000,0.0000000000,0.0000000000,1.0000000000,0,148.9,-43.0,1509.0,0,-0.8816207647,0.2870840430,0.3746029139,0.1481822729,0.9219593406,-0.3578168750,-0.4480922222,-0.2599493265,-0.8553594351,0,73.5,-169.9,1740.6,0,-0.6737926602,0.0000000000,0.7389203906,0.0000000000,1.0000000000,0.0000000000,-0.7389203906,0.0000000000,-0.6737926602,0,-40.6,-536.3,1843.9,0,-0.8816207647,0.2870840430,0.3746029139,0.1481822729,0.9219593406,-0.3578168750,-0.4480922222,-0.2599493265,-0.8553594351,1,154.4,-174.9,1575.5,1,-0.6737926602,0.0000000000,0.7389203906,0.0000000000,1.0000000000,0.0000000000,-0.7389203906,0.0000000000,-0.6737926602,0,40.3,-541.3,1678.8,1,27.1,-295.3,1757.7,0,148.9,-302.9,1509.0,0,-40.6,-918.5,1843.9,0,40.3,-923.5,1678.8,0,
14,0.4375283420,-0.0697616339,0.8964921236,-0.0374341160,0.9947041273,0.0956734866,-0.8984234333,-0.0754185542,0.4326033890,1,74.3,422.4,1618.0,1,0.4375283420,-0.0697616339,0.8964921236,-0.0374341160,0.9947041273,0.0956734866,-0.8984234333,-0.0754185542,0.4326033890,1,88.4,220.7,1633.3,1,0.4367328882,-0.0670498535,0.8970866799,-0.0258604400,0.9958661795,0.0870223567,-0.8992177844,-0.0612039119,0.4331971407,1,101.7,24.2,1645.4,1,-0.0000026226,-1.0000003576,0.0000000000,1.0000003576,-0.0000026226,0.0000000000,-0.0000000000,0.0000000000,1.0000000000,0,27.9,224.3,1757.8,1,0.0000197291,-0.9999990463,-0.0000000000,0.9999990463,0.0000197291,-0.0000000000,0.0000000000,-0.0000000000,1.0000000000,0,28.0,-35.6,1757.8,0,-0.0000005960,1.0000001192,-0.0000000000,-1.0000001192,-0.0000005960,0.0000000000,0.0000000000,0.0000000000,1.0000000000,0,148.9,217.1,1508.8,1,0.0000197291,0.9999990463,-0.0000000000,-0.9999990463,0.0000197291,0.0000000000,0.0000000000,0.0000000000,1.0000000000,0,148.9,-42.7,1508.8,0,-0.8851763010,0.2767502069,0.3739947677,0.1417141706,0.9260300398,-0.3498363197,-0.4431477189,-0.2566664815,-0.8589193821,0,75.0,-169.9,1739.5,0,-0.6768596172,0.0000000000,0.7361121774,0.0000000000,1.0000000000,0.0000000000,-0.7361121774,0.0000000000,-0.6768596172,0,-35.0,-538.0,1841.5,0,-0.8851763010,0.2767502069,0.3739947677,0.1417141706,0.9260300398,-0.3498363197,-0.4431477189,-0.2566664815,-0.8589193821,1,154.8,-174.7,1575.4,1,-0.6768596172,0.0000000000,0.7361121774,0.0000000000,1.0000000000,0.0000000000,-0.7361121774,0.0000000000,-0.6768596172,0,44.8,-542.7,1677.4,1,27.9,-295.4,1757.8,0,148.9,-302.6,1508.8,0,-35.0,-920.1,1841.5,0,44.8,-924.8,1677.4,0,
15,0.4403692186,-0.0685108602,0.8951966166,-0.0368419141,0.9948610663,0.0942615941,-0.8970588446,-0.0744899809,0.4355857372,1,74.1,422.5,1618.0,1,0.4403692186,-0.0685108602,0.8951966166,-0.0368419141,0.9948610663,0.0942615941,-0.8970588446,-0.0744899809,0.4355857372,1,88.0,220.4,1633.1,1,0.4396020174,-0.0681003481,0.8956049085,-0.0256624911,0.9957577586,0.0883118659,-0.8978242874,-0.0618048646,0.4359930754,1,101.4,23.9,1645.3,1,-0.0000026226,-1.0000003576,0.0000000000,1.0000003576,-0.0000026226,0.0000000000,-0.0000000000,0.0000000000,1.0000000000,0,27.1,223.9,1757.5,1,0.0000197291,-0.9999990463,-0.0000000000,0.9999990463,0.0000197291,-0.0000000000,0.0000000000,-0.0000000000,1.0000000000,0,27.1,-36.0,1757.5,0,-0.0000005960,1.0000001192,-0.0000000000,-1.0000001192,-0.0000005960,0.0000000000,0.0000000000,0.0000000000,1.0000000000,0,148.9,216.8,1508.8,1,0.0000197291,0.9999990463,-0.0000000000,-0.9999990463,0.0000197291,0.0000000000,0.0000000000,0.0000000000,1.0000000000,0,148.9,-43.1,1508.8,0,-0.8844767809,0.2790353298,0.3739522099,0.1404418051,0.9235129356,-0.3569312692,-0.4449461401,-0.2631789148,-0.8560139537,0,74.5,-170.3,1739.9,0,-0.6758860350,0.0000000000,0.7370061874,0.0000000000,1.0000000000,0.0000000000,-0.7370061874,0.0000000000,-0.6758860350,0,-36.4,-537.3,1844.5,0,-0.8844767809,0.2790353298,0.3739522099,0.1404418051,0.9235129356,-0.3569312692,-0.4449461401,-0.2631789148,-0.8560139537,1,155.2,-175.0,1575.1,1,-0.6758860350,0.0000000000,0.7370061874,0.0000000000,1.0000000000,0.0000000000,-0.7370061874,0.0000000000,-0.6758860350,0,44.3,-542.0,1679.7,1,27.1,-295.8,1757.5,0,148.9,-302.9,1508.8,0,-36.4,-919.5,1844.5,0,44.3,-924.2,1679.7,0,
16,0.4302199483,-0.0696068630,0.9000341296,-0.0390488431,0.9946500659,0.0955895633,-0.9018774033,-0.0762691647,0.4252037704,1,73.9,421.6,1618.5,1,0.4302199483,-0.0696068630,0.9000341296,-0.0390488431,0.9946500659,0.0955895633,-0.9018774033,-0.0762691647,0.4252037704,1,88.1,219.9,1633.9,1,0.4294771850,-0.0698724240,0.9003682137,-0.0284511205,0.9954560399,0.0908226594,-0.9026277065,-0.0646220967,0.4255412519,1,101.8,23.5,1646.7,1,-0.0000026226,-1.0000003576,0.0000000000,1.0000003576,-0.0000026226,0.0000000000,-0.0000000000,0.0000000000,1.0000000000,0,28.6,223.8,1758.9,1,0.0000197291,-0.9999990463,-0.0000000000,0.9999990463,0.0000197291,-0.0000000000,0.0000000000,-0.0000000000,1.0000000000,0,28.6,-36.0,1758.9,0,-0.0000005960,1.0000001192,-0.0000000000,-1.0000001192,-0.0000005960,0.0000000000,0.0000000000,0.0000000000,1.0000000000,0,147.5,215.9,1508.9,1,0.0000197291,0.9999990463,-0.0000000000,-0.9999990463,0.0000197291,0.0000000000,0.0000000000,0.0000000000,1.0000000000,0,147.5,-43.9,1508.9,0,-0.8867149353,0.2838989794,0.3648807108,0.1456286758,0.9205862284,-0.3623716831,-0.4387810528,-0.2681832612,-0.8576415181,0,75.9,-170.3,1742.8,0,-0.6822492480,0.0000000000,0.7311195731,0.0000000000,1.0000000000,0.0000000000,-0.7311195731,0.0000000000,-0.6822492480,0,-36.9,-536.2,1849.4,0,-0.8867149353,0.2838989794,0.3648807108,0.1456286758,0.9205862284,-0.3623716831,-0.4387810528,-0.2681832612,-0.8576415181,1,155.3,-175.6,1576.0,1,-0.6822492480,0.0000000000,0.7311195731,0.0000000000,1.0000000000,0.0000000000,-0.7311195731,0.0000000000,-0.6822492480,0,42.5,-541.5,1682.6,1,28.6,-295.9,1758.9,0,147.5,-303.8,1508.9,0,-36.9,-918.4,1849.4,0,42.5,-923.6,1682.6,0,
17,0.4275271297,-0.0719498768,0.9011323452,-0.0391968265,0.9944102764,0.0979936272,-0.9031506181,-0.0772157982,0.4223207235,1,73.3,421.6,1618.2,1,0.4275271297,-0.0719498768,0.9011323452,-0.0391968265,0.9944102764,0.0979936272,-0.9031506181,-0.0772157982,0.4223207235,1,87.9,219.6,1633.9,1,0.4267474413,-0.0719346628,0.9015030265,-0.0284149498,0.9952684045,0.0928672552,-0.9039226174,-0.0652463883,0.4226877689,1,102.1,23.2,1646.8,1,-0.0000026226,-1.0000003576,0.0000000000,1.0000003576,-0.0000026226,0.0000000000,-0.0000000000,0.0000000000,1.0000000000,0,28.8,223.5,1759.1,1,0.0000197291,-0.9999990463,-0.0000000000,0.9999990463,0.0000197291,-0.0000000000,0.0000000000,-0.0000000000,1.0000000000,0,28.8,-36.3,1759.1,0,-0.0000005960,1.0000001192,-0.0000000000,-1.0000001192,-0.0000005960,0.0000000000,0.0000000000,0.0000000000,1.0000000000,0,147.0,215.7,1508.7,1,0.0000197291,0.9999990463,-0.0000000000,-0.9999990463,0.0000197291,0.0000000000,0.0000000000,0.0000000000,1.0000000000,0,147.0,-44.2,1508.7,0,-0.8854229450,0.2860540152,0.3663326204,0.1499022841,0.9218083620,-0.3574896157,-0.4399496913,-0.2616153359,-0.8590703607,0,77.2,-170.6,1742.5,0,-0.6815142632,0.0000000000,0.7318048477,0.0000000000,1.0000000000,0.0000000000,-0.7318048477,0.0000000000,-0.6815142632,0,-36.5,-536.9,1846.5,0,-0.8854229450,0.2860540152,0.3663326204,0.1499022841,0.9218083620,-0.3574896157,-0.4399496913,-0.2616153359,-0.8590703607,1,155.4,-175.8,1576.8,1,-0.6815142632,0.0000000000,0.7318048477,0.0000000000,1.0000000000,0.0000000000,-0.7318048477,0.0000000000,-0.6815142632,0,41.7,-542.1,1680.8,1,28.8,-296.2,1759.1,0,147.0,-304.1,1508.7,0,-36.5,-919.1,1846.5,0,41.7,-924.3,1680.8,0,
18,0.4308487475,-0.0724404976,0.8995095491,-0.0381162539,0.9944180846,0.0983405858,-0.9016171098,-0.0766552016,0.4256861210,1,72.7,421.6,1618.1,1,0.4308487475,-0.0724404976,0.8995095491,-0.0381162539,0.9944180846,0.0983405858,-0.9016171098,-0.0766552016,0.4256861210,1,87.4,219.8,1633.6,1,0.4301037490,-0.0728544667,0.8998325467,-0.0279146507,0.9951840639,0.0939170346,-0.9023460746,-0.0655119494,0.4260022044,1,101.8,23.4,1646.6,1,-0.0000026226,-1.0000003576,0.0000000000,1.0000003576,-0.0000026226,0.0000000000,-0.0000000000,0.0000000000,1.0000000000,0,27.8,223.7,1758.6,1,0.0000197291,-0.9999990463,-0.0000000000,0.9999990463,0.0000197291,-0.0000000000,0.0000000000,-0.0000000000,1.0000000000,0,27.8,-36.2,1758.6,0,-0.0000005960,1.0000001192,-0.0000000000,-1.0000001192,-0.0000005960,0.0000000000,0.0000000000,0.0000000000,1.0000000000,0,147.0,215.9,1508.7,1,0.0000197291,0.9999990463,-0.0000000000,-0.9999990463,0.0000197291,0.0000000000,0.0000000000,0.0000000000,1.0000000000,0,147.0,-43.9,1508.7,0,-0.8843967915,0.2863848507,0.3685456514,0.1484774053,0.9212332964,-0.3595601916,-0.4424891472,-0.2632731795,-0.8572576046,0,76.7,-170.4,1742.2,0,-0.6797905564,0.0000000000,0.7334063053,0.0000000000,1.0000000000,0.0000000000,-0.7334063053,0.0000000000,-0.6797905564,0,-37.1,-536.5,1846.8,0,-0.8843967915,0.2863848507,0.3685456514,0.1484774053,0.9212332964,-0.3595601916,-0.4424891472,-0.2632731795,-0.8572576046,1,155.6,-175.5,1576.8,1,-0.6797905564,0.0000000000,0.7334063053,0.0000000000,1.0000000000,0.0000000000,-0.7334063053,0.0000000000,-0.6797905564,0,41.8,-541.6,1681.4,1,27.8,-296.1,1758.6,0,147.0,-303.8,1508.7,0,-37.1,-918.7,1846.8,0,41.8,-923.8,1681.4,0,
19,0.4313983619,-0.0740901157,0.8991116881,-0.0383158550,0.9942135811,0.1003107950,-0.9013458490,-0.0777234957,0.4260667861,1,72.5,421.1,1618.5,1,0.4313983619,-0.0740901157,0.8991116881,-0.0383158550,0.9942135811,0.1003107950,-0.9013458490,-0.0777234957,0.4260667861,1,87.5,219.4,1634.3,1,0.4305683374,-0.0756545737,0.8993791938,-0.0272901673,0.9949293137,0.0967567861,-0.9021435976,-0.0662039891,0.4263239205,1,102.4,23.1,1647.4,1,-0.0000026226,-1.0000003576,0.0000000000,1.0000003576,-0.0000026226,0.0000000000,-0.0000000000,0.0000000000,1.0000000000,0,27.9,223.2,1759.2,1,0.0000197291,-0.9999990463,-0.0000000000,0.9999990463,0.0000197291,-0.0000000000,0.0000000000,-0.0000000000,1.0000000000,0,27.9,-36.6,1759.2,0,-0.0000005960,1.0000001192,-0.0000000000,-1.0000001192,-0.0000005960,0.0000000000,0.0000000000,0.0000000000,1.0000000000,0,147.1,215.7,1509.3,1,0.0000197291,0.9999990463,-0.0000000000,-0.9999990463,0.0000197291,0.0000000000,0.0000000000,0.0000000000,1.0000000000,0,147.1,-44.2,1509.3,0,-0.8830756545,0.2862457037,0.3718076944,0.1489464641,0.9223966002,-0.3563700020,-0.4449634850,-0.2593221962,-0.8571811914,0,77.8,-170.7,1743.3,0,-0.6775467396,0.0000000000,0.7354797721,0.0000000000,1.0000000000,0.0000000000,-0.7354797721,0.0000000000,-0.6775467396,0,-36.0,-537.3,1846.4,0,-0.8830756545,0.2862457037,0.3718076944,0.1489464641,0.9223966002,-0.3563700020,-0.4449634850,-0.2593221962,-0.8571811914,1,156.9,-175.7,1577.5,1,-0.6775467396,0.0000000000,0.7354797721,0.0000000000,1.0000000000,0.0000000000,-0.7354797721,0.0000000000,-0.6775467396,0,43.1,-542.3,1680.6,1,27.9,-296.5,1759.2,0,147.1,-304.1,1509.3,0,-36.0,-919.4,1846.4,0,43.1,-924.4,1680.6,0,
20,0.4313531220,-0.0728703663,0.8992331028,-0.0383798517,0.9943437576,0.0989879966,-0.9013647437,-0.0772105604,0.4261199832,1,72.5,420.1,1618.7,1,0.4313531220,-0.0728703663,0.8992331028,-0.0383798517,0.9943437576,0.0989879966,-0.9013647437,-0.0772105604,0.4261199832,1,87.3,218.7,1634.4,1,0.4307899773,-0.0710960850,0.8996449709,-0.0305979215,0.9951636195,0.0932960510,-0.9019315839,-0.0677176341,0.4265345931,1,101.3,22.4,1647.7,1,-0.0000026226,-1.0000003576,0.0000000000,1.0000003576,-0.0000026226,0.0000000000,-0.0000000000,0.0000000000,1.0000000000,0,27.6,222.9,1759.3,1,0.0000197291,-0.9999990463,-0.0000000000,0.9999990463,0.0000197291,-0.0000000000,0.0000000000,-0.0000000000,1.0000000000,0,27.6,-36.9,1759.3,0,-0.0000005960,1.0000001192,-0.0000000000,-1.0000001192,-0.0000005960,0.0000000000,0.0000000000,0.0000000000,1.0000000000,0,147.0,214.5,1509.5,1,0.0000197291,0.9999990463,-0.0000000000,-0.9999990463,0.0000197291,0.0000000000,0.0000000000,0.0000000000,1.0000000000,0,147.0,-45.4,1509.5,0,-0.8810118437,0.2928836048,0.3715336323,0.1550019085,0.9206781387,-0.3582261205,-0.4469815195,-0.2580130696,-0.8565260172,0,75.5,-171.2,1744.5,0,-0.6758211851,0.0000000000,0.7370655537,0.0000000000,1.0000000000,0.0000000000,-0.7370655537,0.0000000000,-0.6758211851,0,-40.9,-537.1,1847.0,0,-0.8810118437,0.2928836048,0.3715336323,0.1550019085,0.9206781387,-0.3582261205,-0.4469815195,-0.2580130696,-0.8565260172,1,155.2,-176.8,1577.7,1,-0.6758211851,0.0000000000,0.7370655537,0.0000000000,1.0000000000,0.0000000000,-0.7370655537,0.0000000000,-0.6758211851,0,38.8,-542.8,1680.3,1,27.6,-296.8,1759.3,0,147.0,-305.3,1509.5,0,-40.9,-919.2,1847.0,0,38.8,-924.9,1680.3,0,
21,0.3694505394,-0.0761824697,0.9261199236,-0.0423579104,0.9942127466,0.0986810997,-0.9282829165,-0.0756856874,0.3640886843,1,72.4,420.3,1618.1,1,0.3694505394,-0.0761824697,0.9261199236,-0.0423579104,0.9942127466,0.0986810997,-0.9282829165,-0.0756856874,0.3640886843,1,87.8,219.0,1633.4,1,0.3691626191,-0.0771557540,0.9261541963,-0.0386235267,0.9944087863,0.0982369035,-0.9285603166,-0.0720361322,0.3641216755,1,103.1,22.8,1647.6,1,-0.0000026226,-1.0000003576,0.0000000000,1.0000003576,-0.0000026226,0.0000000000,-0.0000000000,0.0000000000,1.0000000000,0,36.7,224.3,1762.0,1,0.0000197291,-0.9999990463,-0.0000000000,0.9999990463,0.0000197291,-0.0000000000,0.0000000000,-0.0000000000,1.0000000000,0,36.7,-35.5,1762.0,0,-0.0000005960,1.0000001192,-0.0000000000,-1.0000001192,-0.0000005960,0.0000000000,0.0000000000,0.0000000000,1.0000000000,0,139.0,213.6,1504.8,1,0.0000197291,0.9999990463,-0.0000000000,-0.9999990463,0.0000197291,0.0000000000,0.0000000000,0.0000000000,1.0000000000,0,139.0,-46.2,1504.8,0,-0.9007921815,0.2845550478,0.3280271292,0.1677705646,0.9247824550,-0.3415117264,-0.4005326629,-0.2525978386,-0.8807768226,0,84.6,-169.9,1746.6,0,-0.7151146531,0.0000000000,0.6990071535,0.0000000000,1.0000000000,0.0000000000,-0.6990071535,0.0000000000,-0.7151146531,0,-28.5,-537.5,1847.0,0,-0.9007921815,0.2845550478,0.3280271292,0.1677705646,0.9247824550,-0.3415117264,-0.4005326629,-0.2525978386,-0.8807768226,1,152.0,-177.0,1577.0,1,-0.7151146531,0.0000000000,0.6990071535,0.0000000000,1.0000000000,0.0000000000,-0.6990071535,0.0000000000,-0.7151146531,0,38.9,-544.5,1677.4,1,36.7,-295.4,1762.0,0,139.0,-306.1,1504.8,0,-28.5,-919.6,1847.0,0,38.9,-926.7,1677.4,0,
22,0.3946172595,-0.0788883492,0.9154504538,-0.0386398770,0.9939970970,0.1023131013,-0.9180310965,-0.0757467598,0.3892034590,1,72.0,419.9,1618.6,1,0.3946172595,-0.0788883492,0.9154504538,-0.0386398770,0.9939970970,0.1023131013,-0.9180310965,-0.0757467598,0.3892034590,1,88.0,218.4,1634.0,1,0.3939547539,-0.0770061687,0.9158959389,-0.0301877186,0.9948580265,0.0966295376,-0.9186322689,-0.0657158419,0.3896076977,1,103.1,22.1,1646.9,1,-0.0000026226,-1.0000003576,0.0000000000,1.0000003576,-0.0000026226,0.0000000000,-0.0000000000,0.0000000000,1.0000000000,0,33.4,222.6,1761.2,1,0.0000197291,-0.9999990463,-0.0000000000,0.9999990463,0.0000197291,-0.0000000000,0.0000000000,-0.0000000000,1.0000000000,0,33.4,-37.3,1761.2,0,-0.0000005960,1.0000001192,-0.0000000000,-1.0000001192,-0.0000005960,0.0000000000,0.0000000000,0.0000000000,1.0000000000,0,142.5,214.2,1506.7,1,0.0000197291,0.9999990463,-0.0000000000,-0.9999990463,0.0000197291,0.0000000000,0.0000000000,0.0000000000,1.0000000000,0,142.5,-45.6,1506.7,0,-0.8997181654,0.2702412903,0.3427486420,0.1468408853,0.9269089103,-0.3453658223,-0.4110288620,-0.2604024112,-0.8736394048,0,82.6,-171.4,1743.1,0,-0.7042796612,0.0000000000,0.7099226117,0.0000000000,1.0000000000,0.0000000000,-0.7099226117,0.0000000000,-0.7042796612,0,-24.8,-539.8,1846.6,0,-0.8997181654,0.2702412903,0.3427486420,0.1468408853,0.9269089103,-0.3453658223,-0.4110288620,-0.2604024112,-0.8736394048,1,154.0,-176.9,1576.6,1,-0.7042796612,0.0000000000,0.7099226117,0.0000000000,1.0000000000,0.0000000000,-0.7099226117,0.0000000000,-0.7042796612,0,46.6,-545.3,1680.1,1,33.4,-297.1,1761.2,0,142.5,-305.5,1506.7,0,-24.8,-922.0,1846.6,0,46.6,-927.4,1680.1,0,
23,0.3761689961,-0.0807511955,0.9230231643,-0.0363685600,0.9941359758,0.1017939970,-0.9258353710,-0.0718601272,0.3710294962,1,71.7,419.4,1618.2,1,0.3761689961,-0.0807511955,0.9230231643,-0.0363685600,0.9941359758,0.1017939970,-0.9258353710,-0.0718601272,0.3710294962,1,88.1,217.8,1632.7,1,0.3758711219,-0.0778211728,0.9233961105,-0.0326326638,0.9947333932,0.0971162766,-0.9260954857,-0.0666354448,0.3713552356,1,103.5,21.6,1645.9,1,-0.0000026226,-1.0000003576,0.0000000000,1.0000003576,-0.0000026226,0.0000000000,-0.0000000000,0.0000000000,1.0000000000,0,36.1,222.4,1761.0,1,0.0000197291,-0.9999990463,-0.0000000000,0.9999990463,0.0000197291,-0.0000000000,0.0000000000,-0.0000000000,1.0000000000,0,36.1,-37.5,1761.0,0,-0.0000005960,1.0000001192,-0.0000000000,-1.0000001192,-0.0000005960,0.0000000000,0.0000000000,0.0000000000,1.0000000000,0,140.2,213.3,1504.5,1,0.0000197291,0.9999990463,-0.0000000000,-0.9999990463,0.0000197291,0.0000000000,0.0000000000,0.0000000000,1.0000000000,0,140.2,-46.6,1504.5,0,-0.9016687274,0.2815834284,0.3281832337,0.1618141681,0.9235019684,-0.3477936685,-0.4010108113,-0.2604899704,-0.8782569766,0,84.6,-171.7,1743.4,0,-0.7137578726,0.0000000000,0.7003926039,0.0000000000,1.0000000000,0.0000000000,-0.7003926039,0.0000000000,-0.7137578726,0,-27.3,-538.8,1847.0,0,-0.9016687274,0.2815834284,0.3281832337,0.1618141681,0.9235019684,-0.3477936685,-0.4010108113,-0.2604899704,-0.8782569766,1,153.1,-177.7,1574.7,1,-0.7137578726,0.0000000000,0.7003926039,0.0000000000,1.0000000000,0.0000000000,-0.7003926039,0.0000000000,-0.7137578726,0,41.2,-544.7,1678.2,1,36.0,-297.4,1761.0,0,140.2,-306.4,1504.5,0,-27.3,-920.9,1847.0,0,41.2,-926.9,1678.2,0,
