1,0.9858183861,-0.0917828530,-0.1404813081,0.1128588766,0.9821802974,0.1502793282,0.1241856292,-0.1640027761,0.9786111116,1,-25.7,357.5,1837.0,1,0.9858183861,-0.0917828530,-0.1404813081,0.1128588766,0.9821802974,0.1502793282,0.1241856292,-0.1640027761,0.9786111116,1,-8.8,176.9,1867.2,1,0.9853865504,-0.0963944569,-0.1404224932,0.1173659638,0.9817456603,0.1496654600,0.1234329790,-0.1639592499,0.9787136316,1,8.3,2.4,1896.3,1,0.2357344478,-0.3076963723,-0.9218201041,0.9339784980,-0.1903789192,0.3023906648,-0.2685396075,-0.9322440624,0.2425029129,1,-132.4,162.2,1851.7,1,-0.0865014493,-0.3287379146,-0.9404513836,0.9960704446,-0.0105315857,-0.0879358575,0.0190034080,-0.9443624020,0.3283571303,1,-188.5,-60.1,1915.6,1,-0.0000026226,1.0000003576,0.0000000000,-1.0000003576,-0.0000026226,0.0000000000,0.0000000000,-0.0000000000,1.0000000000,0,114.7,191.6,1882.7,1,0.0000170469,0.9999990463,0.0000000492,-0.9999990463,0.0000170469,-0.0000000119,-0.0000000119,-0.0000000492,1.0000000000,0,114.7,-40.8,1882.7,0,1.0000000000,0.0000000606,0.0000004633,-0.0000000606,1.0000000000,0.0000000555,-0.0000004633,-0.0000000555,1.0000000000,0,-55.4,-181.6,1915.3,1,0.9999920130,0.0000000456,0.0039905445,-0.0000000449,1.0000000000,-0.0000001574,-0.0039905445,0.0000001573,0.9999920130,0,-55.4,-537.0,1915.3,0,0.9998447895,0.0043673501,0.0170681812,-0.0044084997,0.9999874830,0.0023740071,-0.0170575976,-0.0024488836,0.9998515248,0,106.2,-162.4,1935.6,1,0.9242029190,-0.0005757706,0.3819013238,-0.0005097045,0.9999961257,0.0027411233,-0.3819014430,-0.0027280112,0.9241990447,0,104.7,-517.8,1936.4,0,-166.7,-311.6,1910.8,1,114.7,-273.2,1882.7,0,-55.4,-878.8,1915.3,0,104.9,-859.5,1937.4,0,
2,0.9872134328,-0.0926748067,-0.1296844482,0.1113292202,0.9831621647,0.1449034363,0.1140726432,-0.1574883759,0.9809095263,1,-26.2,356.8,1838.9,1,0.9872134328,-0.0926748067,-0.1296844482,0.1113292202,0.9831621647,0.1449034363,0.1140726432,-0.1574883759,0.9809095263,1,-9.1,175.6,1867.9,1,0.9866672158,-0.0980226472,-0.1299093962,0.1169587597,0.9821636677,0.1472217441,0.1131619215,-0.1604530066,0.9805344939,1,8.3,1.1,1896.4,1,0.2330116332,-0.3151983917,-0.9199758172,0.9376725554,-0.1779930592,0.2984771430,-0.2578288317,-0.9321847558,0.2540784478,1,-132.8,160.9,1853.7,1,-0.0730698109,-0.3322962523,-0.9403403401,0.9972028732,-0.0094760507,-0.0741397068,0.0157256369,-0.9431274533,0.3320591748,1,-188.3,-62.2,1915.0,1,-0.0000026226,1.0000003576,0.0000000000,-1.0000003576,-0.0000026226,0.0000000000,0.0000000000,-0.0000000000,1.0000000000,0,114.7,190.2,1882.1,1,0.0000170469,0.9999990463,0.0000000443,-0.9999990463,0.0000170469,-0.0000000107,-0.0000000107,-0.0000000443,1.0000000000,0,114.7,-42.1,1882.1,0,1.0000000000,0.0000000485,0.0000003706,-0.0000000485,1.0000000000,0.0000000444,-0.0000003706,-0.0000000444,1.0000000000,0,-55.2,-183.1,1915.6,1,0.9999935627,0.0000000410,0.0035914921,-0.0000000405,1.0000000000,-0.0000001417,-0.0035914921,0.0000001415,0.9999935627,0,-55.2,-538.5,1915.6,0,0.9999006391,0.0034972471,0.0136539917,-0.0035235831,0.9999919534,0.0019052367,-0.0136472192,-0.0019531585,0.9999049902,0,106.7,-163.9,1934.2,1,0.9384545684,-0.0004705659,0.3454023600,-0.0004108139,0.9999968410,0.0024785432,-0.3454024196,-0.0024678963,0.9384514093,0,105.4,-519.3,1934.9,0,-169.8,-314.0,1911.1,1,114.7,-274.5,1882.1,0,-55.2,-880.2,1915.6,0,105.6,-861.0,1935.7,0,
3,0.9876714945,-0.0915929005,-0.1269365102,0.1096736193,0.9835284352,0.1436754614,0.1116867140,-0.1558258235,0.9814495444,1,-26.3,357.4,1839.8,1,0.9876714945,-0.0915929005,-0.1269365102,0.1096736193,0.9835284352,0.1436754614,0.1116867140,-0.1558258235,0.9814495444,1,-9.4,175.2,1868.6,1,0.9870590568,-0.0978742540,-0.1270125359,0.1160293072,0.9826832414,0.1444643140,0.1106744483,-0.1573320776,0.9813238978,1,8.0,0.6,1896.6,1,0.2299006879,-0.3177956939,-0.9198649526,0.9394382238,-0.1743804961,0.2950377166,-0.2541682422,-0.9319856763,0.2584592402,1,-133.2,160.6,1854.7,1,-0.0606342852,-0.3334441185,-0.9408180118,0.9979303479,-0.0000325739,-0.0643035471,0.0214109942,-0.9427698255,0.3327560127,1,-188.1,-64.0,1915.5,1,-0.0000026226,1.0000003576,0.0000000000,-1.0000003576,-0.0000026226,0.0000000000,0.0000000000,-0.0000000000,1.0000000000,0,114.4,189.8,1882.5,1,0.0000170469,0.9999990463,0.0000000398,-0.9999990463,0.0000170469,-0.0000000096,-0.0000000096,-0.0000000398,1.0000000000,0,114.4,-42.6,1882.5,0,1.0000000000,0.0000000388,0.0000002965,-0.0000000388,1.0000000000,0.0000000355,-0.0000002965,-0.0000000355,1.0000000000,0,-55.5,-183.6,1915.5,1,0.9999947548,0.0000000369,0.0032323450,-0.0000000365,1.0000000000,-0.0000001275,-0.0032323450,0.0000001274,0.9999947548,0,-55.5,-539.0,1915.5,0,0.9999364018,0.0027999433,0.0109228017,-0.0028167984,0.9999948740,0.0015280445,-0.0109184673,-0.0015587145,0.9999392033,0,106.4,-164.5,1933.6,1,0.9500497580,-0.0003846592,0.3120983243,-0.0003306685,0.9999974370,0.0022390699,-0.3120983839,-0.0022304291,0.9500471950,0,105.4,-519.9,1934.2,0,-172.8,-315.9,1910.1,1,114.4,-275.0,1882.5,0,-55.5,-880.7,1915.5,0,105.5,-861.7,1934.9,0,
4,0.9869328141,-0.0939356387,-0.1309076250,0.1103135273,0.9861234426,0.1240591705,0.1174381897,-0.1368789971,0.9836010933,1,-25.9,359.3,1844.7,1,0.9869328141,-0.0939356387,-0.1309076250,0.1103135273,0.9861234426,0.1240591705,0.1174381897,-0.1368789971,0.9836010933,1,-8.5,176.9,1870.0,1,0.9865074754,-0.0970169976,-0.1318627894,0.1147026122,0.9843317866,0.1339154691,0.1168053523,-0.1472337097,0.9821799994,1,8.7,2.0,1896.2,1,0.2310861796,-0.3141384721,-0.9208237529,0.9410387278,-0.1681793928,0.2935335636,-0.2470737100,-0.9343624115,0.2567524910,1,-132.2,162.6,1855.4,1,-0.0543685481,-0.3278219998,-0.9431738257,0.9983738065,-0.0016294681,-0.0569841489,0.0171437860,-0.9447381496,0.3273774683,1,-187.9,-64.4,1915.0,1,-0.0000026226,1.0000003576,0.0000000000,-1.0000003576,-0.0000026226,0.0000000000,0.0000000000,-0.0000000000,1.0000000000,0,115.2,191.3,1884.7,1,0.0000170469,0.9999990463,0.0000000359,-0.9999990463,0.0000170469,-0.0000000087,-0.0000000087,-0.0000000359,1.0000000000,0,115.2,-41.1,1884.7,0,1.0000000000,0.0000000310,0.0000002372,-0.0000000310,1.0000000000,0.0000000284,-0.0000002372,-0.0000000284,1.0000000000,0,-54.9,-182.3,1912.8,1,0.9999957681,0.0000000332,0.0029091120,-0.0000000328,1.0000000000,-0.0000001148,-0.0029091120,0.0000001147,0.9999957681,0,-54.9,-537.7,1912.8,0,0.9999592900,0.0022413225,0.0087379701,-0.0022521100,0.9999967217,0.0012248998,-0.0087351967,-0.0012445288,0.9999610782,0,106.9,-163.5,1931.9,1,0.9594755769,-0.0003145450,0.2817915678,-0.0002657971,0.9999979138,0.0020212464,-0.2817916274,-0.0020142358,0.9594734907,0,106.1,-518.9,1932.4,0,-174.2,-316.4,1910.6,1,115.2,-273.5,1884.7,0,-54.9,-879.5,1912.8,0,106.2,-860.7,1933.1,0,
5,0.9876741171,-0.0930773616,-0.1258312613,0.1095975861,0.9852423072,0.1314724684,0.1117378622,-0.1436428279,0.9833006263,1,-25.8,359.6,1842.7,1,0.9876741171,-0.0930773616,-0.1258312613,0.1095975861,0.9852423072,0.1314724684,0.1117378622,-0.1436428279,0.9833006263,1,-8.6,177.1,1869.3,1,0.9874337912,-0.0945249498,-0.1266357005,0.1121199653,0.9837945700,0.1399156004,0.1113586873,-0.1523558646,0.9820314050,1,8.2,2.3,1896.4,1,0.2317582965,-0.3184237182,-0.9191813469,0.9401984811,-0.1691563129,0.2956567705,-0.2496294677,-0.9327338338,0.2601781189,1,-132.5,163.1,1855.3,1,-0.0551507361,-0.3319925070,-0.9416683912,0.9983726144,-0.0046288567,-0.0568397902,0.0145115359,-0.9432706833,0.3317074776,1,-188.1,-62.8,1915.3,1,-0.0000026226,1.0000003576,0.0000000000,-1.0000003576,-0.0000026226,0.0000000000,0.0000000000,-0.0000000000,1.0000000000,0,115.2,191.2,1883.3,1,0.0000170469,0.9999990463,0.0000000323,-0.9999990463,0.0000170469,-0.0000000078,-0.0000000078,-0.0000000323,1.0000000000,0,115.2,-41.2,1883.3,0,1.0000000000,0.0000000248,0.0000001898,-0.0000000248,1.0000000000,0.0000000228,-0.0000001898,-0.0000000228,1.0000000000,0,-56.0,-181.7,1914.3,1,0.9999965429,0.0000000298,0.0026182018,-0.0000000296,1.0000000000,-0.0000001033,-0.0026182018,0.0000001032,0.9999965429,0,-56.0,-537.1,1914.3,0,0.9999739528,0.0017939312,0.0069901934,-0.0018008351,0.9999979138,0.0009814957,-0.0069884183,-0.0009940583,0.9999750853,0,106.0,-163.3,1932.6,1,0.9671327472,-0.0002573364,0.2542718351,-0.0002133492,0.9999983311,0.0018235316,-0.2542718947,-0.0018178459,0.9671310782,0,105.3,-518.7,1932.9,0,-174.2,-314.9,1911.6,1,115.2,-273.6,1883.3,0,-56.0,-878.9,1914.3,0,105.4,-860.5,1933.6,0,
6,0.9886050820,-0.0922934413,-0.1189078987,0.1060471386,0.9876800776,0.1150700524,0.1068234220,-0.1263687313,0.9862142205,1,-25.9,361.0,1846.7,1,0.9886050820,-0.0922934413,-0.1189078987,0.1060471386,0.9876800776,0.1150700524,0.1068234220,-0.1263687313,0.9862142205,1,-8.9,178.5,1870.0,1,0.9882355928,-0.0940224230,-0.1206123978,0.1099590734,0.9849812388,0.1331168264,0.1062856540,-0.1448132843,0.9837333560,1,7.8,3.5,1895.8,1,0.2306427062,-0.3238641322,-0.9175598621,0.9423092008,-0.1607695520,0.2936094701,-0.2426052392,-0.9323439598,0.2680998445,1,-132.8,164.7,1856.7,1,-0.0559802018,-0.3368666172,-0.9398868084,0.9982705712,-0.0019605476,-0.0587548874,0.0179498643,-0.9415504336,0.3363937438,1,-188.3,-61.8,1915.0,1,-0.0000026226,1.0000003576,0.0000000000,-1.0000003576,-0.0000026226,0.0000000000,0.0000000000,-0.0000000000,1.0000000000,0,115.1,192.3,1883.4,1,0.0000170469,0.9999990463,0.0000000290,-0.9999990463,0.0000170469,-0.0000000070,-0.0000000070,-0.0000000290,1.0000000000,0,115.1,-40.1,1883.4,0,1.0000000000,0.0000000198,0.0000001518,-0.0000000198,1.0000000000,0.0000000182,-0.0000001518,-0.0000000182,1.0000000000,0,-56.5,-180.6,1912.8,1,0.9999971986,0.0000000268,0.0023563823,-0.0000000266,1.0000000000,-0.0000000929,-0.0023563823,0.0000000929,0.9999971986,0,-56.5,-536.0,1912.8,0,0.9999833107,0.0014357024,0.0055920323,-0.0014401211,0.9999986291,0.0007862045,-0.0055908961,-0.0007942446,0.9999840260,0,105.6,-162.6,1930.2,1,0.9733496308,-0.0002106633,0.2293261588,-0.0001709916,0.9999986291,0.0016443725,-0.2293261886,-0.0016397622,0.9733482599,0,105.1,-518.0,1930.5,0,-174.1,-313.9,1910.5,1,115.1,-272.5,1883.4,0,-56.5,-877.8,1912.8,0,105.2,-859.7,1931.1,0,
7,0.9881244898,-0.0929101557,-0.1223714426,0.1077368185,0.9868232608,0.1207135096,0.1095441431,-0.1324639618,0.9851153493,1,-25.9,361.4,1845.2,1,0.9881244898,-0.0929101557,-0.1223714426,0.1077368185,0.9868232608,0.1207135096,0.1095441431,-0.1324639618,0.9851153493,1,-8.7,179.1,1869.7,1,0.9877536297,-0.0952808931,-0.1235372722,0.1116226017,0.9848196507,0.1329277307,0.1089971289,-0.1450894773,0.9833958745,1,8.2,4.1,1895.4,1,0.2331258804,-0.3230431676,-0.9172216654,0.9392595291,-0.1695072204,0.2984272242,-0.2518805265,-0.9310803413,0.2639048696,1,-132.6,165.1,1856.0,1,-0.0605974495,-0.3392852843,-0.9387296438,0.9976367950,0.0099245477,-0.0679870918,0.0323834904,-0.9406310916,0.3378821313,1,-188.5,-60.3,1916.4,1,-0.0000026226,1.0000003576,0.0000000000,-1.0000003576,-0.0000026226,0.0000000000,0.0000000000,-0.0000000000,1.0000000000,0,115.2,193.1,1883.3,1,0.0000170469,0.9999990463,0.0000000261,-0.9999990463,0.0000170469,-0.0000000063,-0.0000000063,-0.0000000261,1.0000000000,0,115.2,-39.3,1883.3,0,1.0000000000,0.0000000159,0.0000001215,-0.0000000159,1.0000000000,0.0000000146,-0.0000001215,-0.0000000146,1.0000000000,0,-55.9,-180.1,1912.3,1,0.9999977350,0.0000000241,0.0021207442,-0.0000000240,1.0000000000,-0.0000000837,-0.0021207442,0.0000000836,0.9999977350,0,-55.9,-535.5,1912.3,0,0.9999893308,0.0011489181,0.0044735461,-0.0011517460,0.9999991655,0.0006296082,-0.0044728187,-0.0006347539,0.9999898076,0,106.2,-161.8,1930.2,1,0.9783948660,-0.0001725841,0.2067448944,-0.0001368188,0.9999988675,0.0014822453,-0.2067449242,-0.0014785076,0.9783937335,0,105.8,-517.2,1930.4,0,-173.2,-312.2,1908.2,1,115.2,-271.7,1883.3,0,-55.9,-877.3,1912.3,0,105.8,-858.9,1930.9,0,
8,0.9877062440,-0.0928515941,-0.1257462502,0.1104062945,0.9838735461,0.1407210231,0.1106529236,-0.1528742909,0.9820306301,1,-26.0,358.4,1840.4,1,0.9877062440,-0.0928515941,-0.1257462502,0.1104062945,0.9838735461,0.1407210231,0.1106529236,-0.1528742909,0.9820306301,1,-8.9,177.1,1868.6,1,0.9872668386,-0.0967943668,-0.1262228191,0.1149626076,0.9826317430,0.1456625313,0.1099319011,-0.1583187729,0.9812486172,1,8.3,2.5,1896.7,1,0.2354734093,-0.3197835982,-0.9177640080,0.9359212518,-0.1798824966,0.3028098941,-0.2619233131,-0.9302585125,0.2569346726,1,-132.7,162.7,1854.8,1,-0.0594624653,-0.3371387124,-0.9395753145,0.9976806045,0.0111704320,-0.0671479106,0.0331336223,-0.9413888454,0.3356924653,1,-188.7,-59.6,1917.0,1,-0.0000026226,1.0000003576,0.0000000000,-1.0000003576,-0.0000026226,0.0000000000,0.0000000000,-0.0000000000,1.0000000000,0,114.9,191.5,1882.4,1,0.0000170469,0.9999990463,0.0000000235,-0.9999990463,0.0000170469,-0.0000000057,-0.0000000057,-0.0000000235,1.0000000000,0,114.9,-40.9,1882.4,0,1.0000000000,0.0000000127,0.0000000972,-0.0000000127,1.0000000000,0.0000000116,-0.0000000972,-0.0000000116,1.0000000000,0,-55.5,-181.5,1915.8,1,0.9999981523,0.0000000217,0.0019086703,-0.0000000216,1.0000000000,-0.0000000753,-0.0019086703,0.0000000752,0.9999981523,0,-55.5,-537.0,1915.8,0,0.9999931455,0.0009193621,0.0035787837,-0.0009211719,0.9999994636,0.0005040989,-0.0035783185,-0.0005073922,0.9999934435,0,106.5,-162.7,1933.9,1,0.9824877977,-0.0001415108,0.1863268018,-0.0001092777,0.9999991059,0.0013356896,-0.1863268316,-0.0013326600,0.9824869037,0,106.1,-518.1,1934.1,0,-173.7,-311.5,1908.7,1,114.9,-273.3,1882.4,0,-55.5,-878.7,1915.8,0,106.2,-859.9,1934.5,0,
9,0.9885345697,-0.0951718688,-0.1172136366,0.1095781028,0.9862986803,0.1233152524,0.1038721651,-0.1347454637,0.9854201674,1,-27.2,360.6,1845.6,1,0.9885345697,-0.0951718688,-0.1172136366,0.1095781028,0.9862986803,0.1233152524,0.1038721651,-0.1347454637,0.9854201674,1,-9.6,178.9,1870.4,1,0.9881682396,-0.0975420102,-0.1183481216,0.1133234799,0.9843548536,0.1349162757,0.1033372059,-0.1467316598,0.9837631583,1,7.7,4.0,1896.5,1,0.2286103368,-0.3265020847,-0.9171335101,0.9412429929,-0.1664363146,0.2938718200,-0.2485940307,-0.9304276109,0.2692687213,1,-133.6,164.6,1857.4,1,-0.0545667075,-0.3418901861,-0.9381543994,0.9978500605,0.0154877659,-0.0636830255,0.0363025106,-0.9396123886,0.3403099775,1,-188.5,-61.6,1917.2,1,-0.0000026226,1.0000003576,0.0000000000,-1.0000003576,-0.0000026226,0.0000000000,0.0000000000,-0.0000000000,1.0000000000,0,114.3,193.1,1883.3,1,0.0000170469,0.9999990463,0.0000000212,-0.9999990463,0.0000170469,-0.0000000051,-0.0000000051,-0.0000000212,1.0000000000,0,114.3,-39.3,1883.3,0,1.0000000000,0.0000000102,0.0000000777,-0.0000000102,1.0000000000,0.0000000093,-0.0000000777,-0.0000000093,1.0000000000,0,-56.0,-180.3,1914.1,1,0.9999985099,0.0000000195,0.0017178034,-0.0000000194,1.0000000000,-0.0000000678,-0.0017178034,0.0000000677,0.9999985099,0,-56.0,-535.7,1914.1,0,0.9999956489,0.0007356351,0.0028629922,-0.0007367934,0.9999996424,0.0004035430,-0.0028626942,-0.0004056507,0.9999958277,0,106.1,-161.7,1931.0,1,0.9858072400,-0.0001161470,0.1678811759,-0.0000871048,0.9999992847,0.0012033243,-0.1678812057,-0.0012008691,0.9858065248,0,105.8,-517.1,1931.1,0,-174.8,-313.6,1908.0,1,114.3,-271.7,1883.3,0,-56.0,-877.4,1914.1,0,105.9,-858.8,1931.6,0,
10,0.9891808629,-0.0900696889,-0.1157834381,0.1071529314,0.9827110171,0.1509847641,0.1001831591,-0.1617578566,0.9817312956,1,-26.9,362.0,1839.1,1,0.9891808629,-0.0900696889,-0.1157834381,0.1071529314,0.9827110171,0.1509847641,0.1001831591,-0.1617578566,0.9817312956,1,-10.3,181.0,1868.9,1,0.9887939095,-0.0942336768,-0.1157747433,0.1112786978,0.9822666049,0.1508920789,0.0995032042,-0.1620845050,0.9817466140,1,6.4,6.5,1897.7,1,0.2235775888,-0.3265120387,-0.9183696508,0.9420636296,-0.1693391204,0.2895517945,-0.2500580847,-0.9298999310,0.2697347105,1,-134.3,167.0,1856.4,1,-0.0585587397,-0.3427987695,-0.9375818968,0.9976280928,0.0139456093,-0.0674078465,0.0361824781,-0.9393053651,0.3411689997,1,-188.4,-60.9,1916.9,1,-0.0000026226,1.0000003576,0.0000000000,-1.0000003576,-0.0000026226,0.0000000000,0.0000000000,-0.0000000000,1.0000000000,0,113.7,194.9,1881.4,1,0.0000170469,0.9999990463,0.0000000191,-0.9999990463,0.0000170469,-0.0000000046,-0.0000000046,-0.0000000191,1.0000000000,0,113.7,-37.5,1881.4,0,1.0000000000,0.0000000081,0.0000000622,-0.0000000081,1.0000000000,0.0000000075,-0.0000000622,-0.0000000075,1.0000000000,0,-57.9,-177.2,1918.3,1,0.9999988079,0.0000000176,0.0015460231,-0.0000000175,1.0000000000,-0.0000000610,-0.0015460231,0.0000000609,0.9999988079,0,-57.9,-532.6,1918.3,0,0.9999971986,0.0005886010,0.0022903709,-0.0005893423,0.9999997616,0.0003230032,-0.0022901804,-0.0003243521,0.9999973178,0,104.3,-158.9,1934.7,1,0.9884986877,-0.0000954349,0.1512294859,-0.0000692733,0.9999994040,0.0010838585,-0.1512294859,-0.0010818690,0.9884980917,0,104.1,-514.4,1934.8,0,-173.6,-312.8,1907.8,1,113.7,-269.8,1881.4,0,-57.9,-874.4,1918.3,0,104.1,-856.1,1935.2,0,
11,0.9885342121,-0.0875644907,-0.1230028495,0.1074233204,0.9803538918,0.1654255390,0.1061015651,-0.1767422706,0.9785209894,1,-26.6,362.1,1835.4,1,0.9885342121,-0.0875644907,-0.1230028495,0.1074233204,0.9803538918,0.1654255390,0.1061015651,-0.1767422706,0.9785209894,1,-10.4,181.6,1867.9,1,0.9880065322,-0.0938877761,-0.1225776449,0.1131254286,0.9804770350,0.1608306915,0.1050851867,-0.1727685183,0.9793400168,1,6.2,7.4,1898.6,1,0.2245941758,-0.3193081915,-0.9206518531,0.9405345321,-0.1760657877,0.2905092239,-0.2548572421,-0.9311515689,0.2607770264,1,-134.4,167.4,1854.7,1,-0.0602675639,-0.3359313607,-0.9399563670,0.9976891279,0.0093233958,-0.0673013330,0.0313722119,-0.9418403506,0.3345931470,1,-188.4,-59.0,1916.1,1,-0.0000026226,1.0000003576,0.0000000000,-1.0000003576,-0.0000026226,0.0000000000,0.0000000000,-0.0000000000,1.0000000000,0,113.5,195.8,1881.1,1,0.0000170469,0.9999990463,0.0000000172,-0.9999990463,0.0000170469,-0.0000000041,-0.0000000041,-0.0000000172,1.0000000000,0,113.5,-36.6,1881.1,0,1.0000000000,0.0000000065,0.0000000497,-0.0000000065,1.0000000000,0.0000000060,-0.0000000497,-0.0000000060,1.0000000000,0,-58.1,-176.1,1920.7,1,0.9999990463,0.0000000158,0.0013914208,-0.0000000157,1.0000000000,-0.0000000549,-0.0013914208,0.0000000549,0.9999990463,0,-58.1,-531.5,1920.7,0,0.9999982119,0.0004709403,0.0018322822,-0.0004714147,0.9999998808,0.0002585106,-0.0018321602,-0.0002593739,0.9999982715,0,104.0,-157.6,1937.9,1,0.9906805158,-0.0000785125,0.1362060457,-0.0000549499,0.9999995232,0.0009760961,-0.1362060457,-0.0009744838,0.9906800389,0,103.8,-513.0,1938.0,0,-173.2,-311.0,1908.2,1,113.5,-269.0,1881.1,0,-58.1,-873.3,1920.7,0,103.8,-854.7,1938.4,0,
12,0.9889013171,-0.0898315459,-0.1183278039,0.1059692204,0.9847425818,0.1380278766,0.1041238233,-0.1490351111,0.9833338261,1,-26.6,361.7,1842.5,1,0.9889013171,-0.0898315459,-0.1183278039,0.1059692204,0.9847425818,0.1380278766,0.1041238233,-0.1490351111,0.9833338261,1,-10.1,180.9,1869.9,1,0.9885115623,-0.0933465660,-0.1188626662,0.1101572067,0.9834598899,0.1437748820,0.1034764275,-0.1552167833,0.9824454188,1,6.5,6.2,1897.5,1,0.2277527303,-0.3245425820,-0.9180418849,0.9417064190,-0.1663516015,0.2924315631,-0.2476242036,-0.9311280251,0.2677367926,1,-134.1,167.1,1856.9,1,-0.0566770323,-0.3389662206,-0.9390896559,0.9980524778,0.0053109583,-0.0621526204,0.0260551106,-0.9407833815,0.3380050957,1,-188.6,-58.2,1916.2,1,-0.0000026226,1.0000003576,0.0000000000,-1.0000003576,-0.0000026226,0.0000000000,0.0000000000,-0.0000000000,1.0000000000,0,113.9,194.7,1882.9,1,0.0000170469,0.9999990463,0.0000000154,-0.9999990463,0.0000170469,-0.0000000037,-0.0000000037,-0.0000000154,1.0000000000,0,113.9,-37.6,1882.9,0,1.0000000000,0.0000000052,0.0000000398,-0.0000000052,1.0000000000,0.0000000048,-0.0000000398,-0.0000000048,1.0000000000,0,-58.0,-177.6,1916.6,1,0.9999992251,0.0000000142,0.0012522787,-0.0000000142,1.0000000000,-0.0000000494,-0.0012522787,0.0000000494,0.9999992251,0,-58.0,-533.0,1916.6,0,0.9999988675,0.0003767902,0.0014658162,-0.0003770939,0.9999998808,0.0002068776,-0.0014657382,-0.0002074301,0.9999989271,0,104.1,-159.5,1933.5,1,0.9924489856,-0.0000646777,0.1226580217,-0.0000434588,0.9999996424,0.0008789339,-0.1226580366,-0.0008776276,0.9924486279,0,104.0,-514.9,1933.6,0,-174.3,-310.2,1909.6,1,113.9,-270.0,1882.9,0,-58.0,-874.7,1916.6,0,104.0,-856.7,1933.9,0,
13,0.9885572791,-0.0910833403,-0.1202307194,0.1060212627,0.9865588546,0.1243392825,0.1072900966,-0.1356635690,0.9849278927,1,-26.7,361.4,1846.1,1,0.9885572791,-0.0910833403,-0.1202307194,0.1060212627,0.9865588546,0.1243392825,0.1072900966,-0.1356635690,0.9849278927,1,-9.9,180.3,1871.0,1,0.9883608222,-0.0919594690,-0.1211751997,0.1081372648,0.9849933386,0.1345123053,0.1069877371,-0.1460503042,0.9834742546,1,6.4,5.3,1897.0,1,0.2282967269,-0.3239707649,-0.9181087017,0.9422889352,-0.1636753380,0.2920650840,-0.2448922992,-0.9318011999,0.2679075003,1,-133.9,166.7,1857.6,1,-0.0548583679,-0.3381026685,-0.9395090342,0.9981006384,0.0078446269,-0.0611026250,0.0280290563,-0.9410765767,0.3370301723,1,-188.5,-58.6,1916.2,1,-0.0000026226,1.0000003576,0.0000000000,-1.0000003576,-0.0000026226,0.0000000000,0.0000000000,-0.0000000000,1.0000000000,0,114.0,193.8,1884.4,1,0.0000170469,0.9999990463,0.0000000139,-0.9999990463,0.0000170469,-0.0000000034,-0.0000000034,-0.0000000139,1.0000000000,0,114.0,-38.6,1884.4,0,1.0000000000,0.0000000042,0.0000000318,-0.0000000042,1.0000000000,0.0000000038,-0.0000000318,-0.0000000038,1.0000000000,0,-58.3,-178.6,1914.1,1,0.9999993443,0.0000000128,0.0011270508,-0.0000000128,1.0000000000,-0.0000000444,-0.0011270508,0.0000000444,0.9999993443,0,-58.3,-534.1,1914.1,0,0.9999992847,0.0003014565,0.0011726470,-0.0003016509,0.9999999404,0.0001655463,-0.0011725969,-0.0001658999,0.9999992847,0,103.8,-160.9,1931.7,1,0.9938822389,-0.0000533588,0.1104451269,-0.0000342527,0.9999997020,0.0007913607,-0.1104451418,-0.0007903024,0.9938818812,0,103.7,-516.3,1931.7,0,-174.6,-310.7,1909.1,1,114.0,-271.0,1884.4,0,-58.3,-875.8,1914.1,0,103.7,-858.1,1932.0,0,
14,0.9883952141,-0.0953883529,-0.1182069629,0.1088270992,0.9876166582,0.1130006611,0.1059648693,-0.1245535016,0.9865376353,1,-28.3,361.1,1848.9,1,0.9883952141,-0.0953883529,-0.1182069629,0.1088270992,0.9876166582,0.1130006611,0.1059648693,-0.1245535016,0.9865376353,1,-10.7,179.2,1871.8,1,0.9885112643,-0.0924715102,-0.1195469871,0.1076082066,0.9860377908,0.1270789504,0.1061273143,-0.1384832859,0.9846613407,1,5.7,4.0,1896.4,1,0.2254586965,-0.3264728189,-0.9179237485,0.9437323809,-0.1607966274,0.2889873981,-0.2419455498,-0.9314290881,0.2718499303,1,-134.7,165.7,1858.5,1,-0.0545464531,-0.3403793573,-0.9387047291,0.9981083274,0.0081161670,-0.0609412529,0.0283618290,-0.9402531385,0.3392927647,1,-188.4,-59.1,1916.1,1,-0.0000026226,1.0000003576,0.0000000000,-1.0000003576,-0.0000026226,0.0000000000,0.0000000000,-0.0000000000,1.0000000000,0,113.3,192.7,1885.1,1,0.0000170469,0.9999990463,0.0000000125,-0.9999990463,0.0000170469,-0.0000000030,-0.0000000030,-0.0000000125,1.0000000000,0,113.3,-39.7,1885.1,0,1.0000000000,0.0000000033,0.0000000255,-0.0000000033,1.0000000000,0.0000000031,-0.0000000255,-0.0000000031,1.0000000000,0,-58.9,-180.1,1912.3,1,0.9999994636,0.0000000115,0.0010143457,-0.0000000115,1.0000000000,-0.0000000400,-0.0010143457,0.0000000400,0.9999994636,0,-58.9,-535.5,1912.3,0,0.9999995232,0.0002411808,0.0009381137,-0.0002413052,0.9999999404,0.0001324653,-0.0009380816,-0.0001326916,0.9999995232,0,103.2,-162.4,1929.8,1,0.9950436354,-0.0000440907,0.0994392410,-0.0000268885,0.9999997616,0.0007124536,-0.0994392410,-0.0007115962,0.9950433969,0,103.1,-517.8,1929.8,0,-174.6,-311.1,1909.0,1,113.3,-272.1,1885.1,0,-58.9,-877.2,1912.3,0,103.2,-859.6,1930.0,0,
15,0.9881768823,-0.0911325738,-0.1232808903,0.1090165228,0.9830933213,0.1471126080,0.1077905148,-0.1588130295,0.9814062119,1,-27.7,361.9,1840.3,1,0.9881768823,-0.0911325738,-0.1232808903,0.1090165228,0.9830933213,0.1471126080,0.1077905148,-0.1588130295,0.9814062119,1,-10.9,180.3,1869.7,1,0.9882282019,-0.0903597847,-0.1234385520,0.1084609926,0.9828976989,0.1488204449,0.1078807265,-0.1604569256,0.9811288714,1,5.1,5.7,1898.2,1,0.2244624048,-0.3205303252,-0.9202591777,0.9418262839,-0.1710690856,0.2893070281,-0.2501595616,-0.9316627979,0.2634853125,1,-134.9,166.7,1856.1,1,-0.0617175810,-0.3374858201,-0.9393051863,0.9974303842,0.0134495385,-0.0703690499,0.0363817774,-0.9412345886,0.3357885182,1,-189.2,-61.4,1916.7,1,-0.0000026226,1.0000003576,0.0000000000,-1.0000003576,-0.0000026226,0.0000000000,0.0000000000,-0.0000000000,1.0000000000,0,113.0,193.9,1883.2,1,0.0000170469,0.9999990463,0.0000000113,-0.9999990463,0.0000170469,-0.0000000027,-0.0000000027,-0.0000000113,1.0000000000,0,113.0,-38.5,1883.2,0,1.0000000000,0.0000000027,0.0000000204,-0.0000000027,1.0000000000,0.0000000024,-0.0000000204,-0.0000000024,1.0000000000,0,-59.9,-177.9,1917.8,1,0.9999995828,0.0000000104,0.0009129111,-0.0000000103,1.0000000000,-0.0000000360,-0.0009129111,0.0000000360,0.9999995828,0,-59.9,-533.3,1917.8,0,0.9999997020,0.0001929546,0.0007504884,-0.0001930342,1.0000000000,0.0001059904,-0.0007504679,-0.0001061352,0.9999997020,0,102.3,-160.1,1935.5,1,0.9959847331,-0.0000364945,0.0895234421,-0.0000210076,0.9999998212,0.0006413710,-0.0895234421,-0.0006406764,0.9959844947,0,102.2,-515.5,1935.6,0,-173.6,-313.3,1907.5,1,113.0,-270.9,1883.2,0,-59.9,-875.0,1917.8,0,102.2,-857.2,1935.8,0,
16,0.9878905416,-0.0891524628,-0.1269694120,0.1099096388,0.9797767401,0.1672020108,0.1094958559,-0.1791325361,0.9777119756,1,-27.5,362.3,1836.0,1,0.9878905416,-0.0891524628,-0.1269694120,0.1099096388,0.9797767401,0.1672020108,0.1094958559,-0.1791325361,0.9777119756,1,-11.0,180.9,1869.1,1,0.9877396822,-0.0914865360,-0.1264816970,0.1115465611,0.9804804325,0.1619094014,0.1092009470,-0.1740330309,0.9786655307,1,5.3,6.7,1900.0,1,0.2245045751,-0.3153489530,-0.9220373034,0.9412413239,-0.1748170853,0.2889702916,-0.2523143291,-0.9327347279,0.2575722039,1,-134.9,166.9,1855.4,1,-0.0617982633,-0.3329024017,-0.9409340620,0.9973642826,0.0153133105,-0.0709223151,0.0380190276,-0.9428368807,0.3310786486,1,-188.9,-59.5,1916.1,1,-0.0000026226,1.0000003576,0.0000000000,-1.0000003576,-0.0000026226,0.0000000000,0.0000000000,-0.0000000000,1.0000000000,0,112.9,194.9,1882.8,1,0.0000170469,0.9999990463,0.0000000101,-0.9999990463,0.0000170469,-0.0000000024,-0.0000000024,-0.0000000101,1.0000000000,0,112.9,-37.5,1882.8,0,1.0000000000,0.0000000021,0.0000000163,-0.0000000021,1.0000000000,0.0000000020,-0.0000000163,-0.0000000020,1.0000000000,0,-59.5,-176.7,1922.0,1,0.9999996424,0.0000000093,0.0008216199,-0.0000000093,1.0000000000,-0.0000000324,-0.0008216199,0.0000000324,0.9999996424,0,-59.5,-532.1,1922.0,0,0.9999998212,0.0001543700,0.0006003891,-0.0001544210,1.0000000000,0.0000848039,-0.0006003760,-0.0000848966,0.9999998212,0,102.5,-158.4,1939.9,1,0.9967471957,-0.0000302622,0.0805916041,-0.0000163204,0.9999998212,0.0005773495,-0.0805916041,-0.0005767868,0.9967470169,0,102.5,-513.8,1940.0,0,-173.3,-311.3,1906.5,1,112.9,-269.9,1882.8,0,-59.5,-873.8,1922.0,0,102.5,-855.5,1940.2,0,
17,0.9859867096,-0.0918575600,-0.1392456442,0.1151714623,0.9787099957,0.1698867530,0.1206763983,-0.1835433394,0.9755755067,1,-27.2,360.6,1835.3,1,0.9859867096,-0.0918575600,-0.1392456442,0.1151714623,0.9787099957,0.1698867530,0.1206763983,-0.1835433394,0.9755755067,1,-10.2,180.1,1869.2,1,0.9858462811,-0.0945379362,-0.1384438127,0.1166473255,0.9799607396,0.1614608169,0.1204059869,-0.1753247529,0.9771193266,1,6.6,6.0,1900.3,1,0.2288336754,-0.3049407899,-0.9244708419,0.9389907718,-0.1813503653,0.2922470570,-0.2567711473,-0.9349455833,0.2448375225,1,-133.9,165.5,1854.1,1,-0.0546910167,-0.3210923672,-0.9454673529,0.9980787635,0.0100279879,-0.0611399822,0.0291127190,-0.9469947219,0.3199270666,1,-188.5,-58.9,1915.4,1,-0.0000026226,1.0000003576,0.0000000000,-1.0000003576,-0.0000026226,0.0000000000,0.0000000000,-0.0000000000,1.0000000000,0,113.4,194.7,1884.3,1,0.0000170469,0.9999990463,0.0000000091,-0.9999990463,0.0000170469,-0.0000000022,-0.0000000022,-0.0000000091,1.0000000000,0,113.4,-37.7,1884.3,0,1.0000000000,0.0000000017,0.0000000130,-0.0000000017,1.0000000000,0.0000000016,-0.0000000130,-0.0000000016,1.0000000000,0,-57.5,-177.7,1921.6,1,0.9999997020,0.0000000084,0.0007394579,-0.0000000084,1.0000000000,-0.0000000292,-0.0007394579,0.0000000292,0.9999997020,0,-57.5,-533.1,1921.6,0,0.9999998808,0.0001235001,0.0004803103,-0.0001235327,1.0000000000,0.0000678505,-0.0004803019,-0.0000679098,0.9999998808,0,104.2,-158.6,1941.3,1,0.9973649383,-0.0000251430,0.0725474209,-0.0000125928,0.9999998808,0.0005196965,-0.0725474209,-0.0005192406,0.9973648190,0,104.2,-514.0,1941.4,0,-174.7,-310.9,1908.1,1,113.4,-270.1,1884.3,0,-57.5,-874.9,1921.6,0,104.2,-855.8,1941.5,0,
18,0.9851519465,-0.0967866704,-0.1417923421,0.1187198982,0.9806849957,0.1554404646,0.1240097061,-0.1699661613,0.9776152968,1,-28.0,359.3,1839.0,1,0.9851519465,-0.0967866704,-0.1417923421,0.1187198982,0.9806849957,0.1554404646,0.1240097061,-0.1699661613,0.9776152968,1,-10.3,179.3,1870.2,1,0.9849007726,-0.0997956619,-0.1414508969,0.1212261170,0.9809125066,0.1520333737,0.1235793307,-0.1668854356,0.9782003760,1,7.5,5.0,1899.8,1,0.2291315496,-0.3030202985,-0.9250283837,0.9395719767,-0.1794850528,0.2915296853,-0.2543681562,-0.9359293580,0.2435837090,1,-133.8,164.1,1854.7,1,-0.0633108988,-0.3214677870,-0.9448016882,0.9972270727,0.0167272780,-0.0725153387,0.0391153060,-0.9467728138,0.3195173144,1,-188.4,-59.6,1915.3,1,-0.0000026226,1.0000003576,0.0000000000,-1.0000003576,-0.0000026226,0.0000000000,0.0000000000,-0.0000000000,1.0000000000,0,113.3,194.5,1885.7,1,0.0000170469,0.9999990463,0.0000000082,-0.9999990463,0.0000170469,-0.0000000020,-0.0000000020,-0.0000000082,1.0000000000,0,113.3,-37.9,1885.7,0,1.0000000000,0.0000000014,0.0000000104,-0.0000000014,1.0000000000,0.0000000013,-0.0000000104,-0.0000000013,1.0000000000,0,-55.6,-179.2,1919.4,1,0.9999997616,0.0000000076,0.0006655121,-0.0000000075,1.0000000000,-0.0000000262,-0.0006655121,0.0000000262,0.9999997616,0,-55.6,-534.6,1919.4,0,0.9999999404,0.0000988027,0.0003842475,-0.0000988236,1.0000000000,0.0000542852,-0.0003842422,-0.0000543231,0.9999999404,0,106.0,-159.3,1939.6,1,0.9978654385,-0.0000209328,0.0653036386,-0.0000096358,0.9999998808,0.0004677848,-0.0653036386,-0.0004674156,0.9978653193,0,105.9,-514.8,1939.6,0,-172.4,-311.4,1905.4,1,113.3,-270.3,1885.7,0,-55.6,-876.4,1919.4,0,105.9,-856.5,1939.8,0,
19,0.9838723540,-0.0981423408,-0.1495341212,0.1204441190,0.9815896153,0.1482369304,0.1322334856,-0.1638568193,0.9775805473,1,-27.7,360.7,1839.8,1,0.9838723540,-0.0981423408,-0.1495341212,0.1204441190,0.9815896153,0.1482369304,0.1322334856,-0.1638568193,0.9775805473,1,-9.6,179.5,1870.1,1,0.9834642410,-0.1024140641,-0.1493540257,0.1244384870,0.9813559651,0.1464741677,0.1315691173,-0.1626375914,0.9778738022,1,8.6,5.1,1899.0,1,0.2297642827,-0.2955372334,-0.9272896647,0.9407207966,-0.1768195182,0.2894465029,-0.2495051324,-0.9388251305,0.2373912036,1,-133.0,163.9,1853.6,1,-0.0748449042,-0.3146228492,-0.9462614655,0.9966465235,0.0078708362,-0.0814471245,0.0330729932,-0.9491840601,0.3129787147,1,-187.9,-61.2,1913.3,1,-0.0000026226,1.0000003576,0.0000000000,-1.0000003576,-0.0000026226,0.0000000000,0.0000000000,-0.0000000000,1.0000000000,0,113.7,195.1,1886.6,1,0.0000170469,0.9999990463,0.0000000074,-0.9999990463,0.0000170469,-0.0000000018,-0.0000000018,-0.0000000074,1.0000000000,0,113.7,-37.3,1886.6,0,1.0000000000,0.0000000011,0.0000000083,-0.0000000011,1.0000000000,0.0000000010,-0.0000000083,-0.0000000010,1.0000000000,0,-53.9,-179.5,1917.1,1,0.9999998212,0.0000000068,0.0005989609,-0.0000000068,1.0000000000,-0.0000000236,-0.0005989609,0.0000000236,0.9999998212,0,-53.9,-534.9,1917.1,0,0.9999999404,0.0000790438,0.0003073976,-0.0000790572,1.0000000000,0.0000434312,-0.0003073942,-0.0000434555,0.9999999404,0,107.4,-159.1,1938.7,1,0.9982708693,-0.0000174655,0.0587811880,-0.0000072968,0.9999999404,0.0004210464,-0.0587811880,-0.0004207473,0.9982708097,0,107.4,-514.5,1938.7,0,-169.0,-312.8,1904.9,1,113.7,-269.7,1886.6,0,-53.9,-876.6,1917.1,0,107.4,-856.2,1938.8,0,
20,0.9825837016,-0.1006856859,-0.1561693549,0.1251827478,0.9798039794,0.1559244096,0.1373166591,-0.1727585942,0.9753446579,1,-28.2,358.5,1838.2,1,0.9825837016,-0.1006856859,-0.1561693549,0.1251827478,0.9798039794,0.1559244096,0.1373166591,-0.1727585942,0.9753446579,1,-9.7,178.6,1870.0,1,0.9822100401,-0.1049994454,-0.1556782573,0.1287430078,0.9800761342,0.1512450874,0.1366965622,-0.1685970277,0.9761596322,1,9.0,4.5,1899.9,1,0.2333490252,-0.2874535620,-0.9289342165,0.9406480193,-0.1753745377,0.2905602157,-0.2464339584,-0.9416021109,0.2294691205,1,-132.9,162.5,1852.8,1,-0.1003335938,-0.3092552423,-0.9456714392,0.9945166707,-0.0029988233,-0.1045352891,0.0294921827,-0.9509744048,0.3078603745,1,-188.6,-62.3,1911.7,1,-0.0000026226,1.0000003576,0.0000000000,-1.0000003576,-0.0000026226,0.0000000000,0.0000000000,-0.0000000000,1.0000000000,0,113.5,194.8,1887.1,1,0.0000170469,0.9999990463,0.0000000066,-0.9999990463,0.0000170469,-0.0000000016,-0.0000000016,-0.0000000066,1.0000000000,0,113.5,-37.6,1887.1,0,1.0000000000,0.0000000009,0.0000000067,-0.0000000009,1.0000000000,0.0000000008,-0.0000000067,-0.0000000008,1.0000000000,0,-52.9,-180.2,1918.7,1,0.9999998808,0.0000000061,0.0005390648,-0.0000000061,1.0000000000,-0.0000000213,-0.0005390648,0.0000000213,0.9999998808,0,-52.9,-535.7,1918.7,0,0.9999999404,0.0000632361,0.0002459179,-0.0000632447,1.0000000000,0.0000347469,-0.0002459156,-0.0000347624,0.9999999404,0,108.2,-159.1,1941.1,1,0.9985993505,-0.0000146057,0.0529088974,-0.0000054528,0.9999999404,0.0003789700,-0.0529088974,-0.0003787277,0.9985992908,0,108.2,-514.5,1941.1,0,-163.3,-313.4,1904.3,1,113.5,-270.0,1887.1,0,-52.9,-877.4,1918.7,0,108.2,-856.3,1941.2,0,
21,0.9819559455,-0.0982420146,-0.1615799367,0.1229364723,0.9809028506,0.1507158726,0.1436882615,-0.1678605378,0.9752820134,1,-27.4,358.2,1839.5,1,0.9819559455,-0.0982420146,-0.1615799367,0.1229364723,0.9809028506,0.1507158726,0.1436882615,-0.1678605378,0.9752820134,1,-9.3,177.9,1870.3,1,0.9814229608,-0.1039433554,-0.1612510532,0.1281080544,0.9807261825,0.1475249976,0.1428095549,-0.1654420793,0.9758241773,1,9.2,3.6,1899.7,1,0.2285592109,-0.2821115553,-0.9317584634,0.9434498549,-0.1718910933,0.2834711373,-0.2401314378,-0.9438573122,0.2268708050,1,-132.4,161.8,1852.4,1,-0.1190951094,-0.3054306805,-0.9447372556,0.9924834967,-0.0096365064,-0.1219986379,0.0281581562,-0.9521656036,0.3042825758,1,-187.5,-65.8,1910.3,1,-0.0000026226,1.0000003576,0.0000000000,-1.0000003576,-0.0000026226,0.0000000000,0.0000000000,-0.0000000000,1.0000000000,0,113.8,193.9,1888.2,1,0.0000170469,0.9999990463,0.0000000060,-0.9999990463,0.0000170469,-0.0000000014,-0.0000000014,-0.0000000060,1.0000000000,0,113.8,-38.5,1888.2,0,1.0000000000,0.0000000007,0.0000000053,-0.0000000007,1.0000000000,0.0000000006,-0.0000000053,-0.0000000006,1.0000000000,0,-52.8,-181.2,1917.4,1,0.9999998808,0.0000000055,0.0004851583,-0.0000000055,1.0000000000,-0.0000000191,-0.0004851583,0.0000000191,0.9999998808,0,-52.8,-536.6,1917.4,0,1.0000000000,0.0000505896,0.0001967341,-0.0000505951,1.0000000000,0.0000277987,-0.0001967327,-0.0000278087,1.0000000000,0,108.1,-160.2,1940.8,1,0.9988654256,-0.0000122432,0.0476222485,-0.0000040049,0.9999999404,0.0003410925,-0.0476222485,-0.0003408962,0.9988653660,0,108.1,-515.6,1940.8,0,-157.5,-316.3,1903.2,1,113.8,-270.9,1888.2,0,-52.8,-878.4,1917.4,0,108.1,-857.4,1941.0,0,
22,0.9806000590,-0.0971899182,-0.1702196151,0.1229850054,0.9812778234,0.1482153684,0.1526283622,-0.1662745625,0.9741950035,1,-26.7,357.9,1840.1,1,0.9806000590,-0.0971899182,-0.1702196151,0.1229850054,0.9812778234,0.1482153684,0.1526283622,-0.1662745625,0.9741950035,1,-8.8,177.5,1870.6,1,0.9801822305,-0.1017474532,-0.1699626297,0.1271065027,0.9811322093,0.1456803083,0.1519338787,-0.1643967032,0.9746221304,1,9.3,3.2,1899.8,1,0.2267958224,-0.2733629644,-0.9347921610,0.9455038309,-0.1684472710,0.2786539793,-0.2336368561,-0.9470471144,0.2202625871,1,-131.7,161.6,1851.6,1,-0.1262053698,-0.2962901890,-0.9467229247,0.9917086363,-0.0143905114,-0.1276985854,0.0242120121,-0.9549895525,0.2956496775,1,-186.9,-68.3,1908.4,1,-0.0000026226,1.0000003576,0.0000000000,-1.0000003576,-0.0000026226,0.0000000000,0.0000000000,-0.0000000000,1.0000000000,0,114.1,193.5,1889.7,1,0.0000170469,0.9999990463,0.0000000054,-0.9999990463,0.0000170469,-0.0000000013,-0.0000000013,-0.0000000054,1.0000000000,0,114.1,-38.9,1889.7,0,1.0000000000,0.0000000006,0.0000000043,-0.0000000006,1.0000000000,0.0000000005,-0.0000000043,-0.0000000005,1.0000000000,0,-53.0,-181.6,1916.6,1,0.9999998808,0.0000000050,0.0004366425,-0.0000000049,1.0000000000,-0.0000000172,-0.0004366425,0.0000000172,0.9999998808,0,-53.0,-537.0,1916.6,0,1.0000000000,0.0000404721,0.0001573872,-0.0000404756,1.0000000000,0.0000222398,-0.0001573863,-0.0000222462,1.0000000000,0,107.7,-160.7,1941.5,1,0.9990809560,-0.0000102883,0.0428631976,-0.0000028733,0.9999999404,0.0003069971,-0.0428631976,-0.0003068382,0.9990808964,0,107.7,-516.2,1941.5,0,-155.0,-318.7,1902.3,1,114.1,-271.3,1889.7,0,-53.0,-878.8,1916.6,0,107.7,-857.9,1941.6,0,
23,0.9782770276,-0.0951166302,-0.1841843575,0.1227562651,0.9817875624,0.1449943185,0.1670392305,-0.1644545048,0.9721373916,1,-25.6,358.6,1840.4,1,0.9782770276,-0.0951166302,-0.1841843575,0.1227562651,0.9817875624,0.1449943185,0.1670392305,-0.1644545048,0.9721373916,1,-8.1,178.0,1870.6,1,0.9779010415,-0.0994602665,-0.1838863343,0.1265503466,0.9817453623,0.1419868320,0.1664081961,-0.1621200442,0.9726375937,1,9.6,3.5,1899.4,1,0.2284503430,-0.2604125738,-0.9380809665,0.9461926222,-0.1674515009,0.2769105732,-0.2291940302,-0.9508656263,0.2081461251,1,-130.7,162.1,1849.7,1,-0.1291090697,-0.2830340564,-0.9503802657,0.9914342165,-0.0177789945,-0.1293914616,0.0197253842,-0.9589451551,0.2829050720,1,-186.5,-68.7,1905.7,1,-0.0000026226,1.0000003576,0.0000000000,-1.0000003576,-0.0000026226,0.0000000000,0.0000000000,-0.0000000000,1.0000000000,0,114.5,193.9,1891.5,1,0.0000170469,0.9999990463,0.0000000048,-0.9999990463,0.0000170469,-0.0000000012,-0.0000000012,-0.0000000048,1.0000000000,0,114.5,-38.5,1891.5,0,1.0000000000,0.0000000004,0.0000000034,-0.0000000004,1.0000000000,0.0000000004,-0.0000000034,-0.0000000004,1.0000000000,0,-52.9,-181.3,1914.6,1,0.9999999404,0.0000000045,0.0003929782,-0.0000000045,1.0000000000,-0.0000000155,-0.0003929782,0.0000000155,0.9999999404,0,-52.9,-536.7,1914.6,0,1.0000000000,0.0000323780,0.0001259097,-0.0000323802,1.0000000000,0.0000177923,-0.0001259091,-0.0000177964,1.0000000000,0,107.5,-160.5,1941.9,1,0.9992555380,-0.0000086675,0.0385790914,-0.0000019936,0.9999999404,0.0002763061,-0.0385790914,-0.0002761774,0.9992555380,0,107.4,-516.0,1941.9,0,-153.9,-319.1,1900.7,1,114.5,-270.9,1891.5,0,-52.9,-878.5,1914.6,0,107.4,-857.7,1942.0,0,
