1,0.9358024001,-0.0480583496,-0.3492256999,0.1195093840,0.9752464294,0.1860384643,0.3316431642,-0.2158306092,0.9183828831,1,-175.6,346.8,1822.4,1,0.9358024001,-0.0480583496,-0.3492256999,0.1195093840,0.9752464294,0.1860384643,0.3316431642,-0.2158306092,0.9183828831,1,-166.9,168.9,1861.8,1,0.9357458353,-0.0452387929,-0.3497534394,0.1206902564,0.9729337096,0.1970588267,0.3313750029,-0.2266084999,0.9158801436,1,-158.8,-4.0,1902.1,1,-0.0000005960,-1.0000001192,-0.0000000000,1.0000001192,-0.0000005960,0.0000000000,-0.0000000000,-0.0000000000,1.0000000000,0,-284.2,153.7,1820.2,1,0.0000170469,-0.9999990463,-0.0000000107,0.9999990463,0.0000170469,-0.0000000003,0.0000000003,-0.0000000107,1.0000000000,0,-284.2,-78.6,1820.2,0,0.2513895929,0.3121474683,0.9161698818,-0.9442576766,-0.1287810355,0.3029735088,0.2125577182,-0.9412648082,0.2623734176,1,-49.5,184.0,1903.4,1,-0.2368916869,0.3133097589,0.9196300507,-0.9702748656,-0.1245110035,-0.2075177729,0.0494867153,-0.9414531589,0.3334922493,1,16.7,-64.5,1959.3,1,1.0000000000,0.0000000000,-0.0000000000,-0.0000000000,1.0000000000,-0.0000000000,0.0000000000,0.0000000000,1.0000000000,0,-227.5,-186.8,1915.2,1,1.0000000000,0.0000000001,-0.0000000007,-0.0000000001,1.0000000000,0.0000000000,0.0000000007,-0.0000000000,1.0000000000,0,-227.5,-542.2,1915.2,0,1.0000000000,0.0000000000,0.0000000000,-0.0000000000,1.0000000000,-0.0000000000,-0.0000000000,0.0000000000,1.0000000000,0,-74.0,-167.0,1969.5,1,1.0000000000,0.0000000019,0.0000000196,-0.0000000019,1.0000000000,-0.0000000034,-0.0000000196,0.0000000034,1.0000000000,0,-74.0,-522.4,1969.5,0,-284.2,-311.0,1820.2,0,-39.8,-295.7,1971.1,1,-227.5,-884.0,1915.2,0,-74.0,-864.2,1969.5,0,
2,0.9356821179,-0.0419093445,-0.3503383398,0.1203711405,0.9712674022,0.2053012550,0.3316709995,-0.2342669964,0.9138437510,1,-173.7,348.7,1818.1,1,0.9356821179,-0.0419093445,-0.3503383398,0.1203711405,0.9712674022,0.2053012550,0.3316709995,-0.2342669964,0.9138437510,1,-166.0,170.8,1861.0,1,0.9357857108,-0.0385603420,-0.3504463136,0.1178713813,0.9710195661,0.2079075575,0.3322760761,-0.2358641773,0.9132129550,1,-159.2,-1.7,1902.9,1,-0.0000005960,-1.0000001192,-0.0000000000,1.0000001192,-0.0000005960,0.0000000000,-0.0000000000,-0.0000000000,1.0000000000,0,-283.4,156.0,1819.3,1,0.0000170469,-0.9999990463,-0.0000000096,0.9999990463,0.0000170469,-0.0000000002,0.0000000002,-0.0000000096,1.0000000000,0,-283.4,-76.4,1819.3,0,0.2484251112,0.3108246028,0.9174274802,-0.9450434446,-0.1300532222,0.2999651432,0.2125509232,-0.9415276647,0.2614342570,1,-48.7,185.6,1902.6,1,-0.2327134758,0.3121426702,0.9210925698,-0.9711819887,-0.1247166172,-0.2031042129,0.0514780469,-0.9418136477,0.3321705759,1,17.2,-64.9,1959.0,1,1.0000000000,0.0000000000,-0.0000000000,-0.0000000000,1.0000000000,-0.0000000000,0.0000000000,0.0000000000,1.0000000000,0,-229.1,-183.9,1917.5,1,1.0000000000,0.0000000001,-0.0000000006,-0.0000000001,1.0000000000,0.0000000000,0.0000000006,-0.0000000000,1.0000000000,0,-229.1,-539.4,1917.5,0,1.0000000000,0.0000000000,0.0000000000,-0.0000000000,1.0000000000,-0.0000000000,-0.0000000000,0.0000000000,1.0000000000,0,-75.6,-164.6,1972.0,1,1.0000000000,0.0000000017,0.0000000176,-0.0000000017,1.0000000000,-0.0000000031,-0.0000000176,0.0000000031,1.0000000000,0,-75.6,-520.0,1972.0,0,-283.4,-308.8,1819.3,0,-38.3,-296.3,1971.2,1,-229.1,-881.1,1917.5,0,-75.6,-861.8,1972.0,0,
3,0.9343346953,-0.0448747054,-0.3535523713,0.1151433513,0.9768468142,0.1803062111,0.3372781873,-0.2091751397,0.9178705812,1,-174.1,349.3,1824.9,1,0.9343346953,-0.0448747054,-0.3535523713,0.1151433513,0.9768468142,0.1803062111,0.3372781873,-0.2091751397,0.9178705812,1,-165.9,170.7,1863.1,1,0.9343500137,-0.0402247868,-0.3540711403,0.1147923172,0.9746173620,0.1922025084,0.3373554349,-0.2202286720,0.9152528644,1,-158.7,-2.4,1902.2,1,-0.0000005960,-1.0000001192,-0.0000000000,1.0000001192,-0.0000005960,0.0000000000,-0.0000000000,-0.0000000000,1.0000000000,0,-283.1,156.3,1820.8,1,0.0000170469,-0.9999990463,-0.0000000086,0.9999990463,0.0000170469,-0.0000000002,0.0000000002,-0.0000000086,1.0000000000,0,-283.1,-76.0,1820.8,0,0.2440384924,0.3148094416,0.9172461033,-0.9492920041,-0.1157791615,0.2923012376,0.1982171386,-0.9420671463,0.2705914676,1,-48.7,185.1,1905.4,1,-0.2268083990,0.3127252460,0.9223670363,-0.9724482298,-0.1251007915,-0.1967083365,0.0538731851,-0.9415692687,0.3324830532,1,15.8,-65.7,1957.8,1,1.0000000000,0.0000000000,-0.0000000000,-0.0000000000,1.0000000000,-0.0000000000,0.0000000000,0.0000000000,1.0000000000,0,-228.2,-185.0,1913.7,1,1.0000000000,0.0000000001,-0.0000000006,-0.0000000001,1.0000000000,0.0000000000,0.0000000006,-0.0000000000,1.0000000000,0,-228.2,-540.4,1913.7,0,1.0000000000,0.0000000000,0.0000000000,-0.0000000000,1.0000000000,-0.0000000000,-0.0000000000,0.0000000000,1.0000000000,0,-74.9,-166.2,1969.0,1,1.0000000000,0.0000000015,0.0000000159,-0.0000000015,1.0000000000,-0.0000000028,-0.0000000159,0.0000000028,1.0000000000,0,-74.9,-521.6,1969.0,0,-283.1,-308.4,1820.8,0,-38.2,-297.4,1970.6,1,-228.2,-882.2,1913.7,0,-74.9,-863.4,1969.0,0,
4,0.9337988496,-0.0464399494,-0.3547637761,0.1128671914,0.9791460037,0.1689144671,0.3395240307,-0.1977728903,0.9195685983,1,-174.9,348.3,1828.3,1,0.9337988496,-0.0464399494,-0.3547637761,0.1128671914,0.9791460037,0.1689144671,0.3395240307,-0.1977728903,0.9195685983,1,-166.4,169.5,1864.4,1,0.9337394834,-0.0427133255,-0.3553876579,0.1141688973,0.9765350223,0.1826002598,0.3392519057,-0.2110749036,0.9167075157,1,-158.8,-4.1,1901.9,1,-0.0000005960,-1.0000001192,-0.0000000000,1.0000001192,-0.0000005960,0.0000000000,-0.0000000000,-0.0000000000,1.0000000000,0,-283.5,155.1,1821.9,1,0.0000170469,-0.9999990463,-0.0000000078,0.9999990463,0.0000170469,-0.0000000002,0.0000000002,-0.0000000078,1.0000000000,0,-283.5,-77.2,1821.9,0,0.2497406006,0.3171636164,0.9148972631,-0.9483538866,-0.1107311323,0.2972600460,0.1955876499,-0.9418842793,0.2731292844,1,-49.3,183.8,1907.0,1,-0.2337067127,0.3140079677,0.9202066660,-0.9709884524,-0.1246485338,-0.2040692717,0.0506230257,-0.9412024021,0.3340292871,1,16.7,-66.7,1958.6,1,1.0000000000,0.0000000000,-0.0000000000,-0.0000000000,1.0000000000,-0.0000000000,0.0000000000,0.0000000000,1.0000000000,0,-227.8,-186.9,1911.6,1,1.0000000000,0.0000000001,-0.0000000005,-0.0000000001,1.0000000000,0.0000000000,0.0000000005,-0.0000000000,1.0000000000,0,-227.8,-542.4,1911.6,0,1.0000000000,0.0000000000,0.0000000000,-0.0000000000,1.0000000000,-0.0000000000,-0.0000000000,0.0000000000,1.0000000000,0,-74.6,-168.2,1967.2,1,1.0000000000,0.0000000014,0.0000000143,-0.0000000014,1.0000000000,-0.0000000025,-0.0000000143,0.0000000025,1.0000000000,0,-74.6,-523.6,1967.2,0,-283.5,-309.6,1821.9,0,-39.0,-298.0,1970.7,1,-227.8,-884.1,1911.6,0,-74.6,-865.4,1967.2,0,
5,0.9351760745,-0.0500210971,-0.3506249785,0.1183863804,0.9771809578,0.1763519943,0.3338055909,-0.2064289898,0.9197597504,1,-175.2,348.4,1826.0,1,0.9351760745,-0.0500210971,-0.3506249785,0.1183863804,0.9771809578,0.1763519943,0.3338055909,-0.2064289898,0.9197597504,1,-166.0,169.4,1863.8,1,0.9351507425,-0.0465054959,-0.3511760533,0.1188990772,0.9750413299,0.1874976903,0.3336943686,-0.2170927525,0.9173417687,1,-157.7,-3.9,1902.4,1,-0.0000005960,-1.0000001192,-0.0000000000,1.0000001192,-0.0000005960,0.0000000000,-0.0000000000,-0.0000000000,1.0000000000,0,-283.3,154.5,1821.9,1,0.0000170469,-0.9999990463,-0.0000000070,0.9999990463,0.0000170469,-0.0000000002,0.0000000002,-0.0000000070,1.0000000000,0,-283.3,-77.9,1821.9,0,0.2496214360,0.3126358390,0.9164867997,-0.9476068020,-0.1159521714,0.2976516485,0.1993251741,-0.9427693486,0.2673116624,1,-48.7,184.3,1905.6,1,-0.2373894602,0.3099851012,0.9206277728,-0.9699560404,-0.1275526136,-0.2071607560,0.0532117337,-0.9421462417,0.3309515715,1,17.4,-66.8,1958.5,1,1.0000000000,0.0000000000,-0.0000000000,-0.0000000000,1.0000000000,-0.0000000000,0.0000000000,0.0000000000,1.0000000000,0,-226.2,-186.9,1913.6,1,1.0000000000,0.0000000001,-0.0000000005,-0.0000000001,1.0000000000,0.0000000000,0.0000000005,-0.0000000000,1.0000000000,0,-226.2,-542.3,1913.6,0,1.0000000000,0.0000000000,0.0000000000,-0.0000000000,1.0000000000,-0.0000000000,-0.0000000000,0.0000000000,1.0000000000,0,-72.8,-167.4,1968.3,1,1.0000000000,0.0000000012,0.0000000129,-0.0000000012,1.0000000000,-0.0000000023,-0.0000000129,0.0000000023,1.0000000000,0,-72.8,-522.8,1968.3,0,-283.3,-310.3,1821.9,0,-39.1,-297.9,1971.1,1,-226.2,-884.1,1913.6,0,-72.8,-864.6,1968.3,0,
6,0.9357969165,-0.0502830148,-0.3489268422,0.1253374070,0.9725607634,0.1959951818,0.3295002580,-0.2271449566,0.9164234400,1,-175.4,347.7,1820.4,1,0.9357969165,-0.0502830148,-0.3489268422,0.1253374070,0.9725607634,0.1959951818,0.3295002580,-0.2271449566,0.9164234400,1,-166.2,168.8,1862.2,1,0.9357558489,-0.0500676371,-0.3490680158,0.1261335760,0.9719026089,0.1987299770,0.3293130696,-0.2299916297,0.9157804847,1,-157.3,-3.9,1903.0,1,-0.0000005960,-1.0000001192,-0.0000000000,1.0000001192,-0.0000005960,0.0000000000,-0.0000000000,-0.0000000000,1.0000000000,0,-283.5,153.0,1820.9,1,0.0000170469,-0.9999990463,-0.0000000063,0.9999990463,0.0000170469,-0.0000000002,0.0000000002,-0.0000000063,1.0000000000,0,-283.5,-79.4,1820.9,0,0.2503588200,0.3093079329,0.9174143672,-0.9458323717,-0.1241611615,0.2999751866,0.2066919208,-0.9428216219,0.2614686191,1,-48.8,184.7,1903.5,1,-0.2390570790,0.3087756932,0.9206027985,-0.9696194530,-0.1265510917,-0.2093394995,0.0518643148,-0.9426784515,0.3296478391,1,17.5,-65.8,1958.2,1,1.0000000000,0.0000000000,-0.0000000000,-0.0000000000,1.0000000000,-0.0000000000,0.0000000000,0.0000000000,1.0000000000,0,-225.1,-186.9,1916.9,1,1.0000000000,0.0000000001,-0.0000000004,-0.0000000001,1.0000000000,0.0000000000,0.0000000004,-0.0000000000,1.0000000000,0,-225.1,-542.3,1916.9,0,1.0000000000,0.0000000000,0.0000000000,-0.0000000000,1.0000000000,-0.0000000000,-0.0000000000,0.0000000000,1.0000000000,0,-71.6,-166.2,1970.9,1,1.0000000000,0.0000000011,0.0000000116,-0.0000000011,1.0000000000,-0.0000000020,-0.0000000116,0.0000000020,1.0000000000,0,-71.6,-521.6,1970.9,0,-283.5,-311.8,1820.9,0,-39.5,-296.7,1970.5,1,-225.1,-884.1,1916.9,0,-71.6,-863.4,1970.9,0,
7,0.9363764524,-0.0500040315,-0.3474090695,0.1247038916,0.9726157784,0.1961261481,0.3280912936,-0.2269708514,0.9169719219,1,-175.3,351.0,1821.5,1,0.9363764524,-0.0500040315,-0.3474090695,0.1247038916,0.9726157784,0.1961261481,0.3280912936,-0.2269708514,0.9169719219,1,-166.1,171.6,1863.4,1,0.9362069964,-0.0529583618,-0.3474279344,0.1279043108,0.9721281528,0.1964825243,0.3273419142,-0.2283855379,0.9168884754,1,-156.6,-1.1,1904.0,1,-0.0000005960,-1.0000001192,-0.0000000000,1.0000001192,-0.0000005960,0.0000000000,-0.0000000000,-0.0000000000,1.0000000000,0,-283.5,155.6,1822.3,1,0.0000170469,-0.9999990463,-0.0000000057,0.9999990463,0.0000170469,-0.0000000001,0.0000000001,-0.0000000057,1.0000000000,0,-283.5,-76.8,1822.3,0,0.2477288842,0.3065518141,0.9190519452,-0.9480566978,-0.1186805442,0.2951331735,0.1995471865,-0.9444263577,0.2612278461,1,-48.6,187.7,1904.4,1,-0.2406830192,0.3045580685,0.9215835333,-0.9691832066,-0.1267630160,-0.2112226188,0.0524931476,-0.9440209866,0.3256823123,1,17.3,-64.6,1957.5,1,1.0000000000,0.0000000000,-0.0000000000,-0.0000000000,1.0000000000,-0.0000000000,0.0000000000,0.0000000000,1.0000000000,0,-224.0,-184.4,1917.7,1,1.0000000000,0.0000000001,-0.0000000004,-0.0000000001,1.0000000000,0.0000000000,0.0000000004,-0.0000000000,1.0000000000,0,-224.0,-539.8,1917.7,0,1.0000000000,0.0000000000,0.0000000000,-0.0000000000,1.0000000000,-0.0000000000,-0.0000000000,0.0000000000,1.0000000000,0,-70.4,-163.4,1971.4,1,1.0000000000,0.0000000010,0.0000000104,-0.0000000010,1.0000000000,-0.0000000018,-0.0000000104,0.0000000018,1.0000000000,0,-70.4,-518.8,1971.4,0,-283.5,-309.2,1822.3,0,-40.0,-295.5,1970.1,1,-224.0,-881.5,1917.7,0,-70.4,-860.6,1971.4,0,
8,0.9352722168,-0.0481648073,-0.3506282866,0.1235926002,0.9727734327,0.1960486323,0.3316420019,-0.2266936302,0.9157624245,1,-175.3,352.8,1822.0,1,0.9352722168,-0.0481648073,-0.3506282866,0.1235926002,0.9727734327,0.1960486323,0.3316420019,-0.2266936302,0.9157624245,1,-166.5,174.0,1863.7,1,0.9352141619,-0.0501778387,-0.3505009115,0.1247420385,0.9731312394,0.1935282350,0.3313753605,-0.2247122526,0.9163470864,1,-157.5,1.1,1903.6,1,-0.0000005960,-1.0000001192,-0.0000000000,1.0000001192,-0.0000005960,0.0000000000,-0.0000000000,-0.0000000000,1.0000000000,0,-283.8,158.4,1822.1,1,0.0000170469,-0.9999990463,-0.0000000051,0.9999990463,0.0000170469,-0.0000000001,0.0000000001,-0.0000000051,1.0000000000,0,-283.8,-74.0,1822.1,0,0.2575953603,0.2915996611,0.9212026596,-0.9452976584,-0.1214232892,0.3027686179,0.2001426816,-0.9488024712,0.2443703711,1,-49.2,189.7,1905.3,1,-0.2430075705,0.2915996611,0.9251578450,-0.9687711000,-0.1214232966,-0.2161920220,0.0492941998,-0.9488024712,0.3120000958,1,18.4,-58.2,1957.7,1,1.0000000000,0.0000000000,-0.0000000000,-0.0000000000,1.0000000000,-0.0000000000,0.0000000000,0.0000000000,1.0000000000,0,-225.3,-182.1,1916.4,1,1.0000000000,0.0000000001,-0.0000000003,-0.0000000001,1.0000000000,0.0000000000,0.0000000003,-0.0000000000,1.0000000000,0,-225.3,-537.5,1916.4,0,1.0000000000,0.0000000000,0.0000000000,-0.0000000000,1.0000000000,-0.0000000000,-0.0000000000,0.0000000000,1.0000000000,0,-71.9,-161.6,1970.7,1,1.0000000000,0.0000000009,0.0000000094,-0.0000000009,1.0000000000,-0.0000000016,-0.0000000094,0.0000000016,1.0000000000,0,-71.9,-517.0,1970.7,0,-283.8,-306.4,1822.1,0,-39.5,-288.9,1969.5,1,-225.3,-879.3,1916.4,0,-71.9,-858.8,1970.7,0,
9,0.9355698228,-0.0505165756,-0.3495016396,0.1223054081,0.9748114347,0.1864999533,0.3312796354,-0.2172293365,0.9181842208,1,-175.2,351.2,1824.5,1,0.9355698228,-0.0505165756,-0.3495016396,0.1223054081,0.9748114347,0.1864999533,0.3312796354,-0.2172293365,0.9181842208,1,-165.9,172.1,1864.4,1,0.9354639053,-0.0506322235,-0.3497683108,0.1243455485,0.9735562801,0.1916364878,0.3308189511,-0.2227608562,0.9170243144,1,-156.9,-0.9,1904.0,1,-0.0000005960,-1.0000001192,-0.0000000000,1.0000001192,-0.0000005960,0.0000000000,-0.0000000000,-0.0000000000,1.0000000000,0,-283.2,156.5,1822.9,1,0.0000170469,-0.9999990463,-0.0000000046,0.9999990463,0.0000170469,-0.0000000001,0.0000000001,-0.0000000046,1.0000000000,0,-283.2,-75.9,1822.9,0,0.2565646470,0.3046801388,0.9172484875,-0.9449353218,-0.1204030961,0.3043030202,0.2031546086,-0.9448138475,0.2570118606,1,-48.5,187.7,1905.9,1,-0.2370216548,0.3046801090,0.9224916697,-0.9703558683,-0.1204030886,-0.2095530927,0.0472241789,-0.9448137879,0.3241863251,1,17.6,-55.8,1958.2,1,1.0000000000,0.0000000000,-0.0000000000,-0.0000000000,1.0000000000,-0.0000000000,0.0000000000,0.0000000000,1.0000000000,0,-224.6,-184.1,1916.4,1,1.0000000000,0.0000000000,-0.0000000003,-0.0000000000,1.0000000000,0.0000000000,0.0000000003,-0.0000000000,1.0000000000,0,-224.6,-539.5,1916.4,0,1.0000000000,0.0000000000,0.0000000000,-0.0000000000,1.0000000000,-0.0000000000,-0.0000000000,0.0000000000,1.0000000000,0,-71.2,-163.7,1970.7,1,1.0000000000,0.0000000008,0.0000000084,-0.0000000008,1.0000000000,-0.0000000015,-0.0000000084,0.0000000015,1.0000000000,0,-71.2,-519.1,1970.7,0,-283.2,-308.2,1822.9,0,-38.9,-286.9,1969.5,1,-224.6,-881.3,1916.4,0,-71.2,-860.9,1970.7,0,
10,0.9357997179,-0.0533724017,-0.3484599888,0.1256524473,0.9740481377,0.1882545501,0.3293720186,-0.2199531198,0.9182221293,1,-175.8,349.2,1824.1,1,0.9357997179,-0.0533724017,-0.3484599888,0.1256524473,0.9740481377,0.1882545501,0.3293720186,-0.2199531198,0.9182221293,1,-166.0,170.8,1864.4,1,0.9357725382,-0.0526628643,-0.3486409783,0.1261524260,0.9733350873,0.1915789992,0.3292582035,-0.2232559919,0.9174655080,1,-156.7,-2.2,1904.1,1,-0.0000005960,-1.0000001192,-0.0000000000,1.0000001192,-0.0000005960,0.0000000000,-0.0000000000,-0.0000000000,1.0000000000,0,-283.4,155.0,1823.1,1,0.0000170469,-0.9999990463,-0.0000000041,0.9999990463,0.0000170469,-0.0000000001,0.0000000001,-0.0000000041,1.0000000000,0,-283.4,-77.4,1823.1,0,0.2541040778,0.3025154471,0.9186487794,-0.9465698004,-0.1172384173,0.3004343808,0.1985869557,-0.9459067583,0.2565612197,1,-48.7,186.6,1905.7,1,-0.2316636890,0.3007053137,0.9251531363,-0.9712772369,-0.1246183738,-0.2027084082,0.0543355867,-0.9455403686,0.3209378123,1,17.4,-59.4,1957.3,1,1.0000000000,0.0000000000,-0.0000000000,-0.0000000000,1.0000000000,-0.0000000000,0.0000000000,0.0000000000,1.0000000000,0,-224.1,-185.5,1916.7,1,1.0000000000,0.0000000000,-0.0000000003,-0.0000000000,1.0000000000,0.0000000000,0.0000000003,-0.0000000000,1.0000000000,0,-224.1,-540.9,1916.7,0,1.0000000000,0.0000000000,0.0000000000,-0.0000000000,1.0000000000,-0.0000000000,-0.0000000000,0.0000000000,1.0000000000,0,-70.5,-164.8,1970.7,1,1.0000000000,0.0000000007,0.0000000076,-0.0000000007,1.0000000000,-0.0000000013,-0.0000000076,0.0000000013,1.0000000000,0,-70.5,-520.2,1970.7,0,-283.4,-309.8,1823.1,0,-37.8,-290.8,1970.2,1,-224.1,-882.7,1916.7,0,-70.5,-862.0,1970.7,0,
11,0.9352595210,-0.0566312857,-0.3493950069,0.1295811683,0.9733698368,0.1890976429,0.3293845356,-0.2221300900,0.9176933765,1,-176.2,349.4,1823.4,1,0.9352595210,-0.0566312857,-0.3493950069,0.1295811683,0.9733698368,0.1890976429,0.3293845356,-0.2221300900,0.9176933765,1,-165.8,170.6,1864.2,1,0.9352892041,-0.0547800213,-0.3496105671,0.1290622503,0.9726998210,0.1928629726,0.3295038939,-0.2255039066,0.9168273211,1,-156.1,-2.3,1904.3,1,-0.0000005960,-1.0000001192,-0.0000000000,1.0000001192,-0.0000005960,0.0000000000,-0.0000000000,-0.0000000000,1.0000000000,0,-283.1,154.4,1822.9,1,0.0000170469,-0.9999990463,-0.0000000037,0.9999990463,0.0000170469,-0.0000000001,0.0000000001,-0.0000000037,1.0000000000,0,-283.1,-78.0,1822.9,0,0.2514058650,0.3026574850,0.9193441868,-0.9476556778,-0.1161956415,0.2974008322,0.1968343407,-0.9459900260,0.2576028407,1,-48.5,186.8,1905.5,1,-0.2313608825,0.3002954721,0.9253620505,-0.9712755084,-0.1256986856,-0.2020489722,0.0556423962,-0.9455277324,0.3207513690,1,17.3,-61.1,1957.0,1,1.0000000000,0.0000000000,-0.0000000000,-0.0000000000,1.0000000000,-0.0000000000,0.0000000000,0.0000000000,1.0000000000,0,-223.0,-185.7,1917.3,1,1.0000000000,0.0000000000,-0.0000000003,-0.0000000000,1.0000000000,0.0000000000,0.0000000003,-0.0000000000,1.0000000000,0,-223.0,-541.2,1917.3,0,1.0000000000,0.0000000000,0.0000000000,-0.0000000000,1.0000000000,-0.0000000000,-0.0000000000,0.0000000000,1.0000000000,0,-69.6,-164.6,1971.4,1,1.0000000000,0.0000000007,0.0000000068,-0.0000000007,1.0000000000,-0.0000000012,-0.0000000068,0.0000000012,1.0000000000,0,-69.6,-520.0,1971.4,0,-283.1,-310.4,1822.9,0,-37.8,-292.5,1970.3,1,-223.0,-882.9,1917.3,0,-69.6,-861.7,1971.4,0,
12,0.9365163445,-0.0556221008,-0.3461756110,0.1282321960,0.9732689857,0.1905310750,0.3263270557,-0.2228260636,0.9186165929,1,-176.0,348.9,1823.1,1,0.9365163445,-0.0556221008,-0.3461756110,0.1282321960,0.9732689857,0.1905310750,0.3263270557,-0.2228260636,0.9186165929,1,-165.8,169.9,1864.0,1,0.9364185333,-0.0562434159,-0.3463398516,0.1299339682,0.9724795222,0.1933878809,0.3259344101,-0.2260930389,0.9179574251,1,-155.8,-2.9,1904.2,1,-0.0000005960,-1.0000001192,-0.0000000000,1.0000001192,-0.0000005960,0.0000000000,-0.0000000000,-0.0000000000,1.0000000000,0,-283.2,153.6,1823.2,1,0.0000170469,-0.9999990463,-0.0000000033,0.9999990463,0.0000170469,-0.0000000001,0.0000000001,-0.0000000033,1.0000000000,0,-283.2,-78.8,1823.2,0,0.2560244799,0.2655074596,0.9294931293,-0.9465175271,-0.1264608651,0.2968370616,0.1963569075,-0.9557790756,0.2189303935,1,-48.3,186.2,1904.9,1,-0.2442354262,0.2655074298,0.9326601624,-0.9678449631,-0.1264608502,-0.2174486816,0.0602107495,-0.9557791352,0.2878562212,1,18.9,-62.2,1956.5,1,1.0000000000,0.0000000000,-0.0000000000,-0.0000000000,1.0000000000,-0.0000000000,0.0000000000,0.0000000000,1.0000000000,0,-222.6,-186.4,1917.7,1,1.0000000000,0.0000000000,-0.0000000002,-0.0000000000,1.0000000000,0.0000000000,0.0000000002,-0.0000000000,1.0000000000,0,-222.6,-541.8,1917.7,0,1.0000000000,0.0000000000,0.0000000000,-0.0000000000,1.0000000000,-0.0000000000,-0.0000000000,0.0000000000,1.0000000000,0,-69.0,-165.1,1971.1,1,1.0000000000,0.0000000006,0.0000000062,-0.0000000006,1.0000000000,-0.0000000011,-0.0000000062,0.0000000011,1.0000000000,0,-69.0,-520.5,1971.1,0,-283.2,-311.2,1823.2,0,-39.3,-292.8,1970.8,1,-222.6,-883.6,1917.7,0,-69.0,-862.3,1971.1,0,
13,0.9351196289,-0.0548133589,-0.3500586450,0.1280774176,0.9734492898,0.1897127777,0.3303683698,-0.2222384959,0.9173135161,1,-176.5,349.0,1823.4,1,0.9351196289,-0.0548133589,-0.3500586450,0.1280774176,0.9734492898,0.1897127777,0.3303683698,-0.2222384959,0.9173135161,1,-166.4,169.2,1864.4,1,0.9348918200,-0.0578067191,-0.3501856625,0.1320140958,0.9724926949,0.1919073462,0.3294622898,-0.2256417871,0.9168083668,1,-156.1,-3.6,1904.5,1,-0.0000005960,-1.0000001192,-0.0000000000,1.0000001192,-0.0000005960,0.0000000000,-0.0000000000,-0.0000000000,1.0000000000,0,-283.7,152.7,1823.1,1,0.0000170469,-0.9999990463,-0.0000000030,0.9999990463,0.0000170469,-0.0000000001,0.0000000001,-0.0000000030,1.0000000000,0,-283.7,-79.7,1823.1,0,0.2578753531,0.2673916817,0.9284406900,-0.9463492632,-0.1237810701,0.2984985411,0.1947393864,-0.9556045532,0.2211258113,1,-49.2,185.8,1905.7,1,-0.2424033433,0.2673916519,0.9325997829,-0.9684630632,-0.1237810552,-0.2162349522,0.0576187596,-0.9556045532,0.2889638841,1,18.2,-61.6,1956.6,1,1.0000000000,0.0000000000,-0.0000000000,-0.0000000000,1.0000000000,-0.0000000000,0.0000000000,0.0000000000,1.0000000000,0,-222.5,-187.2,1917.6,1,1.0000000000,0.0000000000,-0.0000000002,-0.0000000000,1.0000000000,0.0000000000,0.0000000002,-0.0000000000,1.0000000000,0,-222.5,-542.6,1917.6,0,1.0000000000,0.0000000000,0.0000000000,-0.0000000000,1.0000000000,-0.0000000000,-0.0000000000,0.0000000000,1.0000000000,0,-69.2,-165.6,1971.6,1,1.0000000000,0.0000000005,0.0000000055,-0.0000000005,1.0000000000,-0.0000000010,-0.0000000055,0.0000000010,1.0000000000,0,-69.2,-521.0,1971.6,0,-283.7,-312.1,1823.1,0,-39.5,-292.3,1970.3,1,-222.5,-884.4,1917.6,0,-69.2,-862.7,1971.6,0,
14,0.9324588776,-0.0525733754,-0.3574223220,0.1334448904,0.9695083499,0.2055340409,0.3357211053,-0.2393479943,0.9110438824,1,-175.7,349.7,1819.0,1,0.9324588776,-0.0525733754,-0.3574223220,0.1334448904,0.9695083499,0.2055340409,0.3357211053,-0.2393479943,0.9110438824,1,-165.9,170.5,1863.2,1,0.9323662519,-0.0560418591,-0.3571369946,0.1351002157,0.9703457355,0.2004379928,0.3353162408,-0.2351306528,0.9122903943,1,-156.0,-1.9,1905.0,1,-0.0000005960,-1.0000001192,-0.0000000000,1.0000001192,-0.0000005960,0.0000000000,-0.0000000000,-0.0000000000,1.0000000000,0,-282.9,153.6,1821.1,1,0.0000170469,-0.9999990463,-0.0000000027,0.9999990463,0.0000170469,-0.0000000001,0.0000000001,-0.0000000027,1.0000000000,0,-282.9,-78.8,1821.1,0,0.2546262145,0.2720330954,0.9279889464,-0.9472411871,-0.1230230778,0.2959720492,0.1946782470,-0.9543915987,0.2263560593,1,-49.0,187.4,1905.3,1,-0.2369000018,0.2718071342,0.9327375889,-0.9697881937,-0.1236879677,-0.2102666646,0.0582164340,-0.9543700814,0.2928970456,1,18.0,-61.7,1956.5,1,1.0000000000,0.0000000000,-0.0000000000,-0.0000000000,1.0000000000,-0.0000000000,0.0000000000,0.0000000000,1.0000000000,0,-222.5,-185.4,1919.3,1,1.0000000000,0.0000000000,-0.0000000002,-0.0000000000,1.0000000000,0.0000000000,0.0000000002,-0.0000000000,1.0000000000,0,-222.5,-540.9,1919.3,0,1.0000000000,0.0000000000,0.0000000000,-0.0000000000,1.0000000000,-0.0000000000,-0.0000000000,0.0000000000,1.0000000000,0,-69.6,-163.3,1974.3,1,1.0000000000,0.0000000005,0.0000000050,-0.0000000005,1.0000000000,-0.0000000009,-0.0000000050,0.0000000009,1.0000000000,0,-69.6,-518.7,1974.3,0,-282.9,-311.2,1821.1,0,-38.5,-292.7,1970.3,1,-222.5,-882.6,1919.3,0,-69.6,-860.5,1974.3,0,
15,0.9305369258,-0.0530386940,-0.3623288870,0.1316761822,0.9717362523,0.1959292889,0.3416990936,-0.2300292701,0.9112219810,1,-176.1,352.8,1821.3,1,0.9305369258,-0.0530386940,-0.3623288870,0.1316761822,0.9717362523,0.1959292889,0.3416990936,-0.2300292701,0.9112219810,1,-166.3,173.3,1863.8,1,0.9304344058,-0.0556798577,-0.3621959984,0.1335096955,0.9719622135,0.1935532391,0.3412666023,-0.2284449935,0.9117824435,1,-156.4,0.6,1904.4,1,-0.0000005960,-1.0000001192,-0.0000000000,1.0000001192,-0.0000005960,0.0000000000,-0.0000000000,-0.0000000000,1.0000000000,0,-283.0,156.6,1821.0,1,0.0000170469,-0.9999990463,-0.0000000024,0.9999990463,0.0000170469,-0.0000000001,0.0000000001,-0.0000000024,1.0000000000,0,-283.0,-75.8,1821.0,0,0.2527730763,0.2775813341,0.9268519282,-0.9486544728,-0.1171735525,0.2938112617,0.1901590377,-0.9535297751,0.2337104529,1,-49.7,190.1,1906.6,1,-0.2252538502,0.2769767940,0.9341009259,-0.9725996852,-0.1205438450,-0.1987943053,0.0575387068,-0.9532854557,0.2965404689,1,16.8,-59.2,1956.6,1,1.0000000000,0.0000000000,-0.0000000000,-0.0000000000,1.0000000000,-0.0000000000,0.0000000000,0.0000000000,1.0000000000,0,-222.9,-183.0,1917.0,1,1.0000000000,0.0000000000,-0.0000000002,-0.0000000000,1.0000000000,0.0000000000,0.0000000002,-0.0000000000,1.0000000000,0,-222.9,-538.5,1917.0,0,1.0000000000,0.0000000000,0.0000000000,-0.0000000000,1.0000000000,-0.0000000000,-0.0000000000,0.0000000000,1.0000000000,0,-70.2,-161.1,1973.0,1,1.0000000000,0.0000000004,0.0000000045,-0.0000000004,1.0000000000,-0.0000000008,-0.0000000045,0.0000000008,1.0000000000,0,-70.2,-516.6,1973.0,0,-283.0,-308.2,1821.0,0,-36.9,-290.9,1970.3,1,-222.9,-880.2,1917.0,0,-70.2,-858.3,1973.0,0,
16,0.9306420088,-0.0462068617,-0.3629940450,0.1298609078,0.9691299200,0.2095748931,0.3421074450,-0.2421777099,0.9079149961,1,-175.2,352.1,1818.0,1,0.9306420088,-0.0462068617,-0.3629940450,0.1298609078,0.9691299200,0.2095748931,0.3421074450,-0.2421777099,0.9079149961,1,-166.7,173.4,1862.6,1,0.9305045605,-0.0517554320,-0.3625974655,0.1325818747,0.9704268575,0.2017225772,0.3414369226,-0.2357773930,0.9098500013,1,-157.5,1.0,1904.5,1,-0.0000005960,-1.0000001192,-0.0000000000,1.0000001192,-0.0000005960,0.0000000000,-0.0000000000,-0.0000000000,1.0000000000,0,-283.4,156.8,1819.8,1,0.0000170469,-0.9999990463,-0.0000000022,0.9999990463,0.0000170469,-0.0000000001,0.0000000001,-0.0000000022,1.0000000000,0,-283.4,-75.6,1819.8,0,0.2552271485,0.2782561183,0.9259766340,-0.9462066889,-0.1251067221,0.2983977795,0.1988768876,-0.9523245096,0.2313571572,1,-50.0,190.1,1905.4,1,-0.2282665223,0.2804164886,0.9323417544,-0.9722146392,-0.1166945696,-0.2029309869,0.0518940166,-0.9527586699,0.2992624938,1,16.4,-56.2,1957.2,1,1.0000000000,0.0000000000,-0.0000000000,-0.0000000000,1.0000000000,-0.0000000000,0.0000000000,0.0000000000,1.0000000000,0,-224.6,-182.3,1918.4,1,1.0000000000,0.0000000000,-0.0000000001,-0.0000000000,1.0000000000,0.0000000000,0.0000000001,-0.0000000000,1.0000000000,0,-224.6,-537.8,1918.4,0,1.0000000000,0.0000000000,0.0000000000,-0.0000000000,1.0000000000,-0.0000000000,-0.0000000000,0.0000000000,1.0000000000,0,-72.0,-160.6,1974.4,1,1.0000000000,0.0000000004,0.0000000040,-0.0000000004,1.0000000000,-0.0000000007,-0.0000000040,0.0000000007,1.0000000000,0,-72.0,-516.0,1974.4,0,-283.4,-308.0,1819.8,0,-38.0,-287.8,1969.6,1,-224.6,-879.5,1918.4,0,-72.0,-857.8,1974.4,0,
17,0.9330192208,-0.0428751297,-0.3572550714,0.1261891872,0.9688036442,0.2132936716,0.3369677663,-0.2440885901,0.9093242288,1,-174.6,353.4,1816.3,1,0.9330192208,-0.0428751297,-0.3572550714,0.1261891872,0.9688036442,0.2132936716,0.3369677663,-0.2440885901,0.9093242288,1,-166.7,174.1,1861.5,1,0.9328623414,-0.0487634838,-0.3569092751,0.1295075715,0.9699479342,0.2059784383,0.3361419737,-0.2383717597,0.9111446738,1,-158.0,1.7,1903.9,1,-0.0000005960,-1.0000001192,-0.0000000000,1.0000001192,-0.0000005960,0.0000000000,-0.0000000000,-0.0000000000,1.0000000000,0,-283.7,157.8,1819.3,1,0.0000170469,-0.9999990463,-0.0000000020,0.9999990463,0.0000170469,-0.0000000000,0.0000000000,-0.0000000020,1.0000000000,0,-283.7,-74.6,1819.3,0,0.2518890798,0.2742121220,0.9280946255,-0.9454735518,-0.1348805428,0.2964572608,0.2064740658,-0.9521632791,0.2252854109,1,-49.7,190.3,1903.7,1,-0.2300499231,0.2790635228,0.9323092103,-0.9718506336,-0.1159127951,-0.2051112503,0.0508275107,-0.9532511234,0.2978737950,1,15.9,-56.0,1957.4,1,1.0000000000,0.0000000000,-0.0000000000,-0.0000000000,1.0000000000,-0.0000000000,0.0000000000,0.0000000000,1.0000000000,0,-225.9,-181.3,1918.6,1,1.0000000000,0.0000000000,-0.0000000001,-0.0000000000,1.0000000000,0.0000000000,0.0000000001,-0.0000000000,1.0000000000,0,-225.9,-536.7,1918.6,0,1.0000000000,0.0000000000,0.0000000000,-0.0000000000,1.0000000000,-0.0000000000,-0.0000000000,0.0000000000,1.0000000000,0,-72.9,-160.0,1973.8,1,1.0000000000,0.0000000004,0.0000000036,-0.0000000004,1.0000000000,-0.0000000006,-0.0000000036,0.0000000006,1.0000000000,0,-72.9,-515.5,1973.8,0,-283.7,-307.0,1819.3,0,-38.9,-287.5,1969.6,1,-225.9,-878.5,1918.6,0,-72.9,-857.2,1973.8,0,
18,0.9330773354,-0.0372814499,-0.3577302098,0.1222127527,0.9682969451,0.2178605646,0.3382697403,-0.2469997853,0.9080538154,1,-174.3,354.3,1815.0,1,0.9330773354,-0.0372814499,-0.3577302098,0.1222127527,0.9682969451,0.2178605646,0.3382697403,-0.2469997853,0.9080538154,1,-167.4,175.3,1860.6,1,0.9327855110,-0.0467142574,-0.3573837280,0.1289445162,0.9691887498,0.2098684162,0.3365712464,-0.2418446988,0.9100703001,1,-159.1,3.1,1903.6,1,-0.0000005960,-1.0000001192,-0.0000000000,1.0000001192,-0.0000005960,0.0000000000,-0.0000000000,-0.0000000000,1.0000000000,0,-284.4,159.2,1818.4,1,0.0000170469,-0.9999990463,-0.0000000018,0.9999990463,0.0000170469,-0.0000000000,0.0000000000,-0.0000000018,1.0000000000,0,-284.4,-73.2,1818.4,0,0.2525300682,0.2737356722,0.9280611277,-0.9453747869,-0.1345431954,0.2969253361,0.2061433494,-0.9523481727,0.2248065919,1,-50.4,191.5,1902.8,1,-0.2357846946,0.2778549194,0.9312369823,-0.9704273343,-0.1183311939,-0.2104008198,0.0517334789,-0.9533071518,0.2975386977,1,15.6,-55.7,1956.7,1,1.0000000000,0.0000000000,-0.0000000000,-0.0000000000,1.0000000000,-0.0000000000,0.0000000000,0.0000000000,1.0000000000,0,-227.3,-179.7,1919.0,1,1.0000000000,0.0000000000,-0.0000000001,-0.0000000000,1.0000000000,0.0000000000,0.0000000001,-0.0000000000,1.0000000000,0,-227.3,-535.1,1919.0,0,1.0000000000,0.0000000000,0.0000000000,-0.0000000000,1.0000000000,-0.0000000000,-0.0000000000,0.0000000000,1.0000000000,0,-74.3,-158.5,1974.2,1,1.0000000000,0.0000000003,0.0000000033,-0.0000000003,1.0000000000,-0.0000000006,-0.0000000033,0.0000000006,1.0000000000,0,-74.3,-514.0,1974.2,0,-284.4,-305.6,1818.4,0,-40.6,-286.8,1969.0,1,-227.3,-876.9,1919.0,0,-74.3,-855.7,1974.2,0,
19,0.9347201586,-0.0386785008,-0.3532653153,0.1215606332,0.9688931704,0.2155623585,0.3339415789,-0.2444334626,0.9103473425,1,-175.5,355.9,1815.3,1,0.9347201586,-0.0386785008,-0.3532653153,0.1215606332,0.9688931704,0.2155623585,0.3339415789,-0.2444334626,0.9103473425,1,-168.3,176.6,1860.6,1,0.9345044494,-0.0464982502,-0.3528930843,0.1264710426,0.9701121449,0.2070886493,0.3327194452,-0.2381558120,0.9124563336,1,-160.0,4.2,1902.9,1,-0.0000005960,-1.0000001192,-0.0000000000,1.0000001192,-0.0000005960,0.0000000000,-0.0000000000,-0.0000000000,1.0000000000,0,-285.5,160.7,1818.8,1,0.0000170469,-0.9999990463,-0.0000000016,0.9999990463,0.0000170469,-0.0000000000,0.0000000000,-0.0000000016,1.0000000000,0,-285.5,-71.6,1818.8,0,0.2515179217,0.2708564103,0.9291801453,-0.9451674819,-0.1379009485,0.2960436940,0.2083201110,-0.9526911974,0.2213200927,1,-51.1,192.5,1902.3,1,-0.2396584451,0.2762828767,0.9307156801,-0.9695802927,-0.1172647998,-0.2148560137,0.0497791581,-0.9538956285,0.2959818840,1,15.1,-56.4,1957.1,1,1.0000000000,0.0000000000,-0.0000000000,-0.0000000000,1.0000000000,-0.0000000000,0.0000000000,0.0000000000,1.0000000000,0,-228.4,-178.6,1917.9,1,1.0000000000,0.0000000000,-0.0000000001,-0.0000000000,1.0000000000,0.0000000000,0.0000000001,-0.0000000000,1.0000000000,0,-228.4,-534.0,1917.9,0,1.0000000000,0.0000000000,0.0000000000,-0.0000000000,1.0000000000,-0.0000000000,-0.0000000000,0.0000000000,1.0000000000,0,-75.1,-157.8,1972.5,1,1.0000000000,0.0000000003,0.0000000029,-0.0000000003,1.0000000000,-0.0000000005,-0.0000000029,0.0000000005,1.0000000000,0,-75.1,-513.2,1972.5,0,-285.5,-304.0,1818.8,0,-42.0,-287.4,1969.0,1,-228.4,-875.7,1917.9,0,-75.1,-855.0,1972.5,0,
20,0.9325585961,-0.0329264477,-0.3595058620,0.1243783459,0.9641659260,0.2343337983,0.3389103711,-0.2632445991,0.9032381177,1,-175.9,353.6,1810.5,1,0.9325585961,-0.0329264477,-0.3595058620,0.1243783459,0.9641659260,0.2343337983,0.3389103711,-0.2632445991,0.9032381177,1,-169.8,176.2,1858.9,1,0.9323274493,-0.0445883796,-0.3588476181,0.1301383078,0.9672475457,0.2179321200,0.3373800814,-0.2498837262,0.9075956345,1,-161.9,4.3,1903.3,1,-0.0000005960,-1.0000001192,-0.0000000000,1.0000001192,-0.0000005960,0.0000000000,-0.0000000000,-0.0000000000,1.0000000000,0,-286.8,159.9,1816.6,1,0.0000170469,-0.9999990463,-0.0000000014,0.9999990463,0.0000170469,-0.0000000000,0.0000000000,-0.0000000014,1.0000000000,0,-286.8,-72.5,1816.6,0,0.2583670616,0.3240091205,0.9100904465,-0.9417936206,-0.1252901256,0.3119729757,0.2151074260,-0.9377208948,0.2727788985,1,-52.9,192.5,1901.2,1,-0.2436648756,0.3240091205,0.9141365290,-0.9688032866,-0.1252901256,-0.2138282657,0.0452499799,-0.9377208948,0.3444299102,1,15.3,-56.0,1958.0,1,1.0000000000,0.0000000000,-0.0000000000,-0.0000000000,1.0000000000,-0.0000000000,0.0000000000,0.0000000000,1.0000000000,0,-230.5,-178.2,1920.0,1,1.0000000000,0.0000000000,-0.0000000001,-0.0000000000,1.0000000000,0.0000000000,0.0000000001,-0.0000000000,1.0000000000,0,-230.5,-533.6,1920.0,0,1.0000000000,0.0000000000,0.0000000000,-0.0000000000,1.0000000000,-0.0000000000,-0.0000000000,0.0000000000,1.0000000000,0,-77.5,-156.9,1975.4,1,1.0000000000,0.0000000003,0.0000000026,-0.0000000003,1.0000000000,-0.0000000005,-0.0000000026,0.0000000005,1.0000000000,0,-77.5,-512.3,1975.4,0,-286.8,-304.9,1816.6,0,-42.8,-286.8,1968.8,1,-230.5,-875.4,1920.0,0,-77.5,-854.0,1975.4,0,
21,0.9282168150,-0.0349818692,-0.3703834713,0.1314669997,0.9621780515,0.2385958433,0.3480311930,-0.2701617479,0.8977103829,1,-175.9,353.5,1808.1,1,0.9282168150,-0.0349818692,-0.3703834713,0.1314669997,0.9621780515,0.2385958433,0.3480311930,-0.2701617479,0.8977103829,1,-169.5,176.2,1857.9,1,0.9282691479,-0.0397946499,-0.3697660267,0.1301179677,0.9661697745,0.2226732820,0.3483984470,-0.2548137605,0.9020451903,1,-162.4,4.5,1903.1,1,-0.0000005960,-1.0000001192,-0.0000000000,1.0000001192,-0.0000005960,0.0000000000,-0.0000000000,-0.0000000000,1.0000000000,0,-285.9,159.9,1814.2,1,0.0000170469,-0.9999990463,-0.0000000013,0.9999990463,0.0000170469,-0.0000000000,0.0000000000,-0.0000000013,1.0000000000,0,-285.9,-72.5,1814.2,0,0.2558628023,0.3375676274,0.9058600664,-0.9420916438,-0.1230680123,0.3119576871,0.2167891860,-0.9332215786,0.2865310907,1,-53.0,192.5,1901.6,1,-0.2365861833,0.3375676274,0.9110845923,-0.9706836939,-0.1230680048,-0.2064644247,0.0424296483,-0.9332215786,0.3567875326,1,14.0,-54.5,1958.4,1,1.0000000000,0.0000000000,-0.0000000000,-0.0000000000,1.0000000000,-0.0000000000,0.0000000000,0.0000000000,1.0000000000,0,-231.4,-177.9,1919.8,1,1.0000000000,0.0000000000,-0.0000000001,-0.0000000000,1.0000000000,0.0000000000,0.0000000001,-0.0000000000,1.0000000000,0,-231.4,-533.3,1919.8,0,1.0000000000,0.0000000000,0.0000000000,-0.0000000000,1.0000000000,-0.0000000000,-0.0000000000,0.0000000000,1.0000000000,0,-79.2,-156.5,1977.0,1,1.0000000000,0.0000000002,0.0000000024,-0.0000000002,1.0000000000,-0.0000000004,-0.0000000024,0.0000000004,1.0000000000,0,-79.2,-511.9,1977.0,0,-285.9,-304.9,1814.2,0,-42.3,-285.7,1968.5,1,-231.4,-875.0,1919.8,0,-79.2,-853.7,1977.0,0,
22,0.9264627099,-0.0353181660,-0.3747180700,0.1336667836,0.9615620971,0.2398538291,0.3518463075,-0.2723028660,0.8955737352,1,-177.8,350.7,1806.3,1,0.9264627099,-0.0353181660,-0.3747180700,0.1336667836,0.9615620971,0.2398538291,0.3518463075,-0.2723028660,0.8955737352,1,-171.3,174.1,1856.4,1,0.9264071584,-0.0418148674,-0.3741863072,0.1350533515,0.9645841122,0.2265752554,0.3514628112,-0.2604359090,0.8992463946,1,-163.8,2.7,1902.6,1,-0.0000005960,-1.0000001192,-0.0000000000,1.0000001192,-0.0000005960,0.0000000000,-0.0000000000,-0.0000000000,1.0000000000,0,-287.5,157.2,1812.3,1,0.0000170469,-0.9999990463,-0.0000000012,0.9999990463,0.0000170469,-0.0000000000,0.0000000000,-0.0000000012,1.0000000000,0,-287.5,-75.2,1812.3,0,0.2624411583,0.3555649519,0.8970497847,-0.9388564229,-0.1206293628,0.3224861324,0.2228752971,-0.9268345833,0.3021662831,1,-55.1,191.0,1900.4,1,-0.2345205992,0.3555649519,0.9047507048,-0.9714270830,-0.1206293702,-0.2043967694,0.0364631638,-0.9268345833,0.3736954927,1,13.5,-54.2,1958.7,1,1.0000000000,0.0000000000,-0.0000000000,-0.0000000000,1.0000000000,-0.0000000000,0.0000000000,0.0000000000,1.0000000000,0,-232.4,-179.8,1920.1,1,1.0000000000,0.0000000000,-0.0000000001,-0.0000000000,1.0000000000,0.0000000000,0.0000000001,-0.0000000000,1.0000000000,0,-232.4,-535.2,1920.1,0,1.0000000000,0.0000000000,0.0000000000,-0.0000000000,1.0000000000,-0.0000000000,-0.0000000000,0.0000000000,1.0000000000,0,-80.4,-157.6,1977.8,1,1.0000000000,0.0000000002,0.0000000021,-0.0000000002,1.0000000000,-0.0000000004,-0.0000000021,0.0000000004,1.0000000000,0,-80.4,-513.1,1977.8,0,-287.5,-307.6,1812.3,0,-42.4,-285.6,1967.3,1,-232.4,-877.0,1920.1,0,-80.4,-854.8,1977.8,0,
23,0.9206069112,-0.0352903940,-0.3888851404,0.1353120506,0.9630322456,0.2329333425,0.3662914038,-0.2670607269,0.8913507462,1,-178.6,347.6,1807.0,1,0.9206069112,-0.0352903940,-0.3888851404,0.1353120506,0.9630322456,0.2329333425,0.3662914038,-0.2670607269,0.8913507462,1,-172.1,171.0,1856.0,1,0.9204569459,-0.0426556431,-0.3885017037,0.1390201449,0.9647493958,0.2234507501,0.3652782142,-0.2596862018,0.8939417601,1,-164.5,-0.5,1902.1,1,-0.0000005960,-1.0000001192,-0.0000000000,1.0000001192,-0.0000005960,0.0000000000,-0.0000000000,-0.0000000000,1.0000000000,0,-287.5,153.5,1810.2,1,0.0000170469,-0.9999990463,-0.0000000011,0.9999990463,0.0000170469,-0.0000000000,0.0000000000,-0.0000000011,1.0000000000,0,-287.5,-78.9,1810.2,0,0.2703550160,0.3731375039,0.8875114918,-0.9355669618,-0.1157272458,0.3336490989,0.2272062302,-0.9205301404,0.3178076744,1,-56.7,188.4,1901.8,1,-0.2330518514,0.3731375039,0.8980286121,-0.9720686674,-0.1157272607,-0.2041808516,0.0277388580,-0.9205302000,0.3896856904,1,13.4,-54.0,1960.7,1,1.0000000000,0.0000000000,-0.0000000000,-0.0000000000,1.0000000000,-0.0000000000,0.0000000000,0.0000000000,1.0000000000,0,-232.4,-183.3,1918.3,1,1.0000000000,0.0000000000,-0.0000000001,-0.0000000000,1.0000000000,0.0000000000,0.0000000001,-0.0000000000,1.0000000000,0,-232.4,-538.7,1918.3,0,1.0000000000,0.0000000000,0.0000000000,-0.0000000000,1.0000000000,-0.0000000000,-0.0000000000,0.0000000000,1.0000000000,0,-81.4,-160.5,1978.2,1,1.0000000000,0.0000000002,0.0000000019,-0.0000000002,1.0000000000,-0.0000000003,-0.0000000019,0.0000000003,1.0000000000,0,-81.4,-515.9,1978.2,0,-287.5,-311.3,1810.2,0,-42.1,-285.6,1967.3,1,-232.4,-880.5,1918.3,0,-81.4,-857.7,1978.2,0,
