1,0.9791318774,-0.0653099418,-0.1924460232,0.1052623242,0.9730114341,0.2053477466,0.1738411933,-0.2213197351,0.9595814943,1,-114.9,339.6,1735.2,1,0.9791318774,-0.0653099418,-0.1924460232,0.1052623242,0.9730114341,0.2053477466,0.1738411933,-0.2213197351,0.9595814943,1,-102.9,160.6,1775.9,1,0.9791969657,-0.0632349178,-0.1928075552,0.1042775437,0.9719471335,0.2108177245,0.1740679443,-0.2265374660,0.9583219290,1,-91.9,-9.5,1815.5,1,0.2016847283,-0.9652592540,0.1661266387,0.9644634724,0.2252788544,0.1380567551,-0.1706853658,0.1323791444,0.9763925672,1,-223.9,147.8,1754.4,1,-0.1200014427,-0.9846171141,0.1269990653,0.9913104773,-0.1257830262,-0.0384997800,0.0538818687,0.1212754697,0.9911553860,1,-273.3,-88.2,1796.1,1,0.2967784107,0.9513823986,-0.0824257582,-0.9441345930,0.3052749038,0.1241652742,0.1432911605,0.0409714356,0.9888321161,1,18.1,173.5,1797.4,1,-0.0029555487,0.9996988773,-0.0243576244,-0.9983161688,-0.0043608006,-0.0578429066,-0.0579317138,0.0241456535,0.9980284572,1,89.2,-52.7,1831.7,1,1.0000000000,0.0000000000,-0.0000000000,-0.0000000000,1.0000000000,-0.0000000000,0.0000000000,0.0000000000,1.0000000000,0,-159.9,-188.1,1841.1,1,1.0000000000,0.0000018377,-0.0000024444,-0.0000018377,1.0000000000,-0.0000025444,0.0000024444,0.0000025444,1.0000000000,0,-159.9,-538.3,1841.1,0,1.0000000000,-0.0000015723,-0.0000043748,0.0000015723,1.0000000000,0.0000031833,0.0000043748,-0.0000031833,1.0000000000,0,-1.7,-171.3,1869.3,1,0.9999992251,-0.0000233944,-0.0012212484,0.0000234968,1.0000000000,0.0000838639,0.0012212466,-0.0000838925,0.9999992251,0,-1.7,-521.4,1869.3,0,-243.1,-337.9,1782.6,1,88.4,-296.7,1817.5,1,-159.9,-875.0,1841.1,0,-1.7,-858.1,1869.3,0,
2,0.9800534844,-0.0735277236,-0.1846321225,0.1091343835,0.9755427241,0.1908014864,0.1660875380,-0.2071452737,0.9641087055,1,-117.2,340.8,1738.6,1,0.9800534844,-0.0735277236,-0.1846321225,0.1091343835,0.9755427241,0.1908014864,0.1660875380,-0.2071452737,0.9641087055,1,-103.6,161.0,1776.8,1,0.9803712964,-0.0669074953,-0.1854607463,0.1047231629,0.9737071991,0.2023029625,0.1670491099,-0.2177539468,0.9616016150,1,-91.9,-9.5,1814.9,1,0.1926579177,-0.9656208754,0.1745261997,0.9669080973,0.2171264291,0.1339585036,-0.1672473699,0.1429426223,0.9754977822,1,-224.8,148.1,1756.1,1,-0.1108102202,-0.9844236970,0.1364951879,0.9920167327,-0.1178774983,-0.0448060744,0.0601978749,0.1304405332,0.9896269441,1,-272.1,-89.6,1797.3,1,0.2976503670,0.9515749216,-0.0768726692,-0.9443383813,0.3052887022,0.1225714833,0.1401043087,0.0361103676,0.9894780517,1,17.5,173.9,1797.4,1,-0.0029329457,0.9998431206,-0.0174643639,-0.9979794621,-0.0040350514,-0.0634090900,-0.0634696186,0.0172431003,0.9978347421,1,89.1,-53.2,1831.1,1,1.0000000000,0.0000000000,-0.0000000000,-0.0000000000,1.0000000000,-0.0000000000,0.0000000000,0.0000000000,1.0000000000,0,-159.4,-188.4,1839.5,1,1.0000000000,0.0000016539,-0.0000021999,-0.0000016539,1.0000000000,-0.0000022900,0.0000021999,0.0000022900,1.0000000000,0,-159.4,-538.6,1839.5,0,1.0000000000,-0.0000012578,-0.0000034998,0.0000012579,1.0000000000,0.0000025466,0.0000034998,-0.0000025466,1.0000000000,0,-1.0,-171.5,1866.5,1,0.9999994040,-0.0000210596,-0.0010991236,0.0000211425,1.0000000000,0.0000754788,0.0010991220,-0.0000755020,0.9999994040,0,-1.0,-521.6,1866.5,0,-244.2,-339.5,1782.1,1,88.4,-297.2,1815.6,1,-159.4,-875.3,1839.5,0,-1.0,-858.3,1866.6,0,
3,0.9820337892,-0.0764482319,-0.1725273877,0.1071880981,0.9784343243,0.1765674949,0.1553086638,-0.1918879896,0.9690499902,1,-117.7,337.0,1742.8,1,0.9820337892,-0.0764482319,-0.1725273877,0.1071880981,0.9784343243,0.1765674949,0.1553086638,-0.1918879896,0.9690499902,1,-103.7,157.6,1778.0,1,0.9822459817,-0.0708763674,-0.1736941189,0.1043725833,0.9758198857,0.1920442581,0.1558830142,-0.2067634761,0.9658929110,1,-91.3,-13.2,1814.2,1,0.1922093928,-0.9633031487,0.1873574108,0.9674812555,0.2179948390,0.1282900870,-0.1644251794,0.1566062272,0.9738783240,1,-225.1,144.7,1758.8,1,-0.0975066572,-0.9838036299,0.1504091471,0.9934129119,-0.1053508371,-0.0450781211,0.0601937510,0.1450229734,0.9875955582,1,-271.7,-90.2,1798.7,1,0.3018079102,0.9509044886,-0.0685036331,-0.9431459904,0.3082942367,0.1242188662,0.1392395496,0.0271186866,0.9898873568,1,17.7,170.5,1797.3,1,-0.0030657034,0.9999598861,-0.0084183142,-0.9980919957,-0.0035789176,-0.0616417937,-0.0616694577,0.0082132760,0.9980627894,1,89.1,-52.6,1830.2,1,1.0000000000,0.0000000000,-0.0000000000,-0.0000000000,1.0000000000,-0.0000000000,0.0000000000,0.0000000000,1.0000000000,0,-158.2,-192.5,1837.8,1,1.0000000000,0.0000014885,-0.0000019799,-0.0000014885,1.0000000000,-0.0000020610,0.0000019799,0.0000020610,1.0000000000,0,-158.2,-542.6,1837.8,0,1.0000000000,-0.0000010063,-0.0000027999,0.0000010063,1.0000000000,0.0000020373,0.0000027999,-0.0000020373,1.0000000000,0,0.5,-175.6,1863.0,1,0.9999995232,-0.0000189573,-0.0009892111,0.0000190245,1.0000000000,0.0000679320,0.0009892097,-0.0000679508,0.9999995232,0,0.5,-525.8,1863.0,0,-247.2,-340.4,1783.5,1,88.3,-296.6,1815.2,1,-158.2,-879.3,1837.8,0,0.5,-862.5,1863.0,0,
4,0.9826655388,-0.0708274990,-0.1713248938,0.0991780162,0.9816212654,0.1630411893,0.1566285938,-0.1772065312,0.9716300964,1,-115.6,334.8,1747.5,1,0.9826655388,-0.0708274990,-0.1713248938,0.0991780162,0.9816212654,0.1630411893,0.1566285938,-0.1772065312,0.9716300964,1,-102.7,155.4,1779.8,1,0.9825983644,-0.0684266761,-0.1726806462,0.1001237407,0.9781646729,0.1821213067,0.1564483941,-0.1962414086,0.9679942727,1,-90.7,-15.8,1814.2,1,0.1952560991,-0.9623957872,0.1888635904,0.9680017829,0.2200614065,0.1206050739,-0.1576313972,0.1592714190,0.9745691419,1,-224.1,143.1,1760.5,1,-0.1052762568,-0.9828534722,0.1513805985,0.9920494556,-0.1143543124,-0.0525448434,0.0689548999,0.1446453184,0.9870780110,1,-271.8,-93.4,1799.0,1,0.2976244986,0.9524056315,-0.0659044683,-0.9467188716,0.3033358157,0.1082167253,0.1230573952,0.0301850550,0.9919404387,1,18.8,167.8,1799.2,1,-0.0037179699,0.9999057055,-0.0132177584,-0.9983243346,-0.0044747363,-0.0576931983,-0.0577469021,0.0129811084,0.9982468486,1,89.1,-56.0,1828.3,1,1.0000000000,0.0000000000,-0.0000000000,-0.0000000000,1.0000000000,-0.0000000000,0.0000000000,0.0000000000,1.0000000000,0,-158.1,-195.2,1835.9,1,1.0000000000,0.0000013397,-0.0000017819,-0.0000013397,1.0000000000,-0.0000018549,0.0000017819,0.0000018549,1.0000000000,0,-158.1,-545.3,1835.9,0,1.0000000000,-0.0000008050,-0.0000022399,0.0000008050,1.0000000000,0.0000016299,0.0000022399,-0.0000016299,1.0000000000,0,0.7,-179.0,1861.2,1,0.9999995828,-0.0000170646,-0.0008902899,0.0000171191,1.0000000000,0.0000611396,0.0008902889,-0.0000611548,0.9999995828,0,0.7,-529.1,1861.2,0,-245.2,-343.2,1781.7,1,88.2,-300.1,1814.2,1,-158.1,-882.0,1835.9,0,0.7,-865.8,1861.2,0,
5,0.9832158089,-0.0713164583,-0.1679310501,0.0995334759,0.9810690880,0.1661185920,0.1529052407,-0.1800450981,0.9717013240,1,-115.2,334.9,1746.8,1,0.9832158089,-0.0713164583,-0.1679310501,0.0995334759,0.9810690880,0.1661185920,0.1529052407,-0.1800450981,0.9717013240,1,-102.2,155.4,1779.7,1,0.9830860496,-0.0703013241,-0.1691146940,0.1013287231,0.9779713750,0.1824923009,0.1525601298,-0.1965416968,0.9685538411,1,-89.8,-15.8,1814.1,1,0.1969703287,-0.9614181519,0.1920362562,0.9677520394,0.2220339477,0.1189828217,-0.1570307910,0.1624073982,0.9741485119,1,-223.6,142.9,1760.9,1,-0.1094687209,-0.9818553329,0.1548443139,0.9916179776,-0.1186303869,-0.0511914752,0.0686318502,0.1479425430,0.9866117835,1,-271.9,-94.1,1799.3,1,0.2907322049,0.9548833966,-0.0606013797,-0.9496304393,0.2957145274,0.1037056819,0.1169475317,0.0273983330,0.9927601814,1,19.3,168.0,1798.6,1,-0.0030273339,0.9999342561,-0.0110632405,-0.9983860254,-0.0036497004,-0.0566753037,-0.0567119569,0.0108738095,0.9983313680,1,88.9,-59.4,1826.6,1,1.0000000000,0.0000000000,-0.0000000000,-0.0000000000,1.0000000000,-0.0000000000,0.0000000000,0.0000000000,1.0000000000,0,-157.0,-195.2,1836.2,1,1.0000000000,0.0000012057,-0.0000016037,-0.0000012057,1.0000000000,-0.0000016694,0.0000016037,0.0000016694,1.0000000000,0,-157.0,-545.4,1836.2,0,1.0000000000,-0.0000006440,-0.0000017919,0.0000006440,1.0000000000,0.0000013039,0.0000017919,-0.0000013039,1.0000000000,0,1.9,-178.8,1860.9,1,0.9999997020,-0.0000153606,-0.0008012608,0.0000154047,1.0000000000,0.0000550263,0.0008012600,-0.0000550387,0.9999997020,0,1.9,-529.0,1860.9,0,-244.3,-343.8,1782.0,1,88.2,-303.5,1812.7,1,-157.0,-882.1,1836.2,0,1.9,-865.7,1860.9,0,
6,0.9833606482,-0.0728551522,-0.1664159000,0.1038773656,0.9770265222,0.1860847324,0.1490357667,-0.2002751380,0.9683377743,1,-115.7,335.3,1742.4,1,0.9833606482,-0.0728551522,-0.1664159000,0.1038773656,0.9770265222,0.1860847324,0.1490357667,-0.2002751380,0.9683377743,1,-102.3,156.0,1779.2,1,0.9833449125,-0.0721630231,-0.1668098271,0.1040889546,0.9759786129,0.1913900375,0.1489917934,-0.2055653781,0.9672353268,1,-89.7,-14.9,1815.2,1,0.1967989802,-0.9612993002,0.1928052306,0.9675410390,0.2222154737,0.1203518435,-0.1585384309,0.1628618538,0.9738283753,1,-223.8,143.1,1760.8,1,-0.1198654026,-0.9805707335,0.1552840471,0.9902940392,-0.1291769594,-0.0512942821,0.0703568086,0.1476284564,0.9865371585,1,-271.9,-93.3,1799.5,1,0.2895972729,0.9554910064,-0.0563049987,-0.9497417808,0.2941627204,0.1070459113,0.1188442484,0.0224750042,0.9926584959,1,19.2,168.9,1797.6,1,-0.0032157060,0.9999825358,-0.0049533276,-0.9981851578,-0.0035077108,-0.0601170398,-0.0601333641,0.0047510192,0.9981790781,1,88.9,-59.9,1826.2,1,1.0000000000,0.0000000000,-0.0000000000,-0.0000000000,1.0000000000,-0.0000000000,0.0000000000,0.0000000000,1.0000000000,0,-156.5,-194.2,1839.1,1,1.0000000000,0.0000010851,-0.0000014434,-0.0000010851,1.0000000000,-0.0000015024,0.0000014434,0.0000015024,1.0000000000,0,-156.5,-544.3,1839.1,0,1.0000000000,-0.0000005152,-0.0000014335,0.0000005152,1.0000000000,0.0000010431,0.0000014335,-0.0000010431,1.0000000000,0,2.4,-177.3,1863.2,1,0.9999997616,-0.0000138265,-0.0007211348,0.0000138622,1.0000000000,0.0000495243,0.0007211341,-0.0000495342,0.9999997616,0,2.4,-527.5,1863.2,0,-241.7,-342.7,1781.8,1,88.1,-303.9,1811.5,1,-156.5,-881.0,1839.1,0,2.4,-864.2,1863.2,0,
7,0.9851866364,-0.0690869838,-0.1569539607,0.0996765122,0.9754667282,0.1962860674,0.1395428032,-0.2090229392,0.9679034948,1,-115.3,338.9,1740.7,1,0.9851866364,-0.0690869838,-0.1569539607,0.0996765122,0.9754667282,0.1962860674,0.1395428032,-0.2090229392,0.9679034948,1,-102.6,158.9,1779.3,1,0.9848814607,-0.0732398778,-0.1569862813,0.1038585752,0.9749410152,0.1967291385,0.1386442035,-0.2100591362,0.9678082466,1,-89.8,-11.8,1816.1,1,0.1931998581,-0.9605892897,0.1998548806,0.9694880247,0.2182239443,0.1116741970,-0.1508861333,0.1721814722,0.9734407663,1,-224.3,146.1,1762.2,1,-0.1244742125,-0.9783553481,0.1653087586,0.9897027016,-0.1342895627,-0.0495463461,0.0706731752,0.1574392766,0.9849965572,1,-271.9,-93.2,1799.4,1,0.2881232500,0.9565227032,-0.0452706963,-0.9503669739,0.2914262116,0.1089656428,0.1174211800,0.0116282403,0.9930141568,1,19.1,171.8,1796.5,1,-0.0040680263,0.9999800324,0.0048211492,-0.9984420538,-0.0037933793,-0.0556682348,-0.0556488372,-0.0050400980,0.9984376431,1,89.5,-60.3,1825.1,1,1.0000000000,0.0000000000,-0.0000000000,-0.0000000000,1.0000000000,-0.0000000000,0.0000000000,0.0000000000,1.0000000000,0,-156.5,-190.8,1841.7,1,1.0000000000,0.0000009766,-0.0000012990,-0.0000009766,1.0000000000,-0.0000013522,0.0000012990,0.0000013522,1.0000000000,0,-156.5,-541.0,1841.7,0,1.0000000000,-0.0000004122,-0.0000011468,0.0000004122,1.0000000000,0.0000008345,0.0000011468,-0.0000008345,1.0000000000,0,2.7,-174.1,1864.1,1,0.9999997616,-0.0000124455,-0.0006490212,0.0000124744,1.0000000000,0.0000445723,0.0006490207,-0.0000445804,0.9999997616,0,2.7,-524.2,1864.1,0,-240.6,-342.4,1781.6,1,88.5,-304.4,1811.5,1,-156.5,-877.7,1841.7,0,2.7,-860.9,1864.1,0,
8,0.9858455062,-0.0682724193,-0.1531273425,0.0987173617,0.9745996594,0.2010205239,0.1355139762,-0.2132913768,0.9675446749,1,-114.3,337.4,1740.0,1,0.9858455062,-0.0682724193,-0.1531273425,0.0987173617,0.9745996594,0.2010205239,0.1355139762,-0.2132913768,0.9675446749,1,-101.8,158.3,1779.2,1,0.9857778549,-0.0691381395,-0.1531740725,0.0996761024,0.9743651748,0.2016832978,0.1353037357,-0.2140825987,0.9673993587,1,-89.7,-12.3,1816.7,1,0.1938076913,-0.9597364068,0.2033343017,0.9686599970,0.2200293690,0.1152604967,-0.1553591937,0.1746234298,0.9723015428,1,-223.6,145.9,1762.5,1,-0.1201496497,-0.9786924720,0.1665083319,0.9898477197,-0.1309289932,-0.0553086847,0.0759309605,0.1581725776,0.9844876528,1,-271.0,-91.2,1800.5,1,0.2890060246,0.9563962817,-0.0422095545,-0.9495050907,0.2919906676,0.1148108989,0.1221295223,0.0068971440,0.9924901724,1,20.0,170.6,1795.9,1,-0.0036203694,0.9999513626,0.0091741476,-0.9985606074,-0.0031240969,-0.0535432436,-0.0535119772,-0.0093547888,0.9985234141,1,89.6,-58.0,1825.3,1,1.0000000000,0.0000000000,-0.0000000000,-0.0000000000,1.0000000000,-0.0000000000,0.0000000000,0.0000000000,1.0000000000,0,-157.2,-191.0,1843.2,1,1.0000000000,0.0000008790,-0.0000011691,-0.0000008790,1.0000000000,-0.0000012170,0.0000011691,0.0000012170,1.0000000000,0,-157.2,-541.1,1843.2,0,1.0000000000,-0.0000003297,-0.0000009175,0.0000003297,1.0000000000,0.0000006676,0.0000009175,-0.0000006676,1.0000000000,0,2.1,-174.9,1865.1,1,0.9999998212,-0.0000112022,-0.0005841191,0.0000112257,1.0000000000,0.0000401154,0.0005841186,-0.0000401220,0.9999998212,0,2.1,-525.0,1865.1,0,-240.8,-340.5,1781.4,1,88.7,-302.2,1812.2,1,-157.2,-877.8,1843.2,0,2.1,-861.7,1865.1,0,
9,0.9862726331,-0.0654733703,-0.1515910774,0.0939107537,0.9775143266,0.1887999773,0.1358213276,-0.2004441619,0.9702445865,1,-113.3,338.2,1743.5,1,0.9862726331,-0.0654733703,-0.1515910774,0.0939107537,0.9775143266,0.1887999773,0.1358213276,-0.2004441619,0.9702445865,1,-101.2,158.1,1780.4,1,0.9860991836,-0.0672320053,-0.1519494057,0.0964646935,0.9762315750,0.1940756589,0.1352899820,-0.2060354948,0.9691470265,1,-89.5,-12.8,1816.5,1,0.1930786669,-0.9594531655,0.2053540349,0.9693124294,0.2189759910,0.1117272899,-0.1521647125,0.1774800569,0.9722893834,1,-223.1,146.2,1763.7,1,-0.1192904711,-0.9785161614,0.1681543291,0.9894916415,-0.1311062574,-0.0609718822,0.0817080662,0.1591139436,0.9838731885,1,-270.3,-90.6,1800.9,1,0.2887644172,0.9564655423,-0.0422928184,-0.9500927925,0.2917281091,0.1105363593,0.1180622205,0.0082631335,0.9929718375,1,20.6,170.0,1797.1,1,-0.0088828411,0.9999086261,0.0101940632,-0.9980706573,-0.0082391175,-0.0615396649,-0.0614500493,-0.0107210428,0.9980525970,1,90.4,-59.7,1825.7,1,1.0000000000,0.0000000000,-0.0000000000,-0.0000000000,1.0000000000,-0.0000000000,0.0000000000,0.0000000000,1.0000000000,0,-157.4,-191.5,1841.6,1,1.0000000000,0.0000007911,-0.0000010522,-0.0000007911,1.0000000000,-0.0000010953,0.0000010522,0.0000010953,1.0000000000,0,-157.4,-541.7,1841.6,0,1.0000000000,-0.0000002638,-0.0000007340,0.0000002638,1.0000000000,0.0000005341,0.0000007340,-0.0000005341,1.0000000000,0,2.0,-175.9,1863.5,1,0.9999998808,-0.0000100831,-0.0005257071,0.0000101021,1.0000000000,0.0000361042,0.0005257067,-0.0000361095,0.9999998808,0,2.0,-526.1,1863.5,0,-240.2,-339.8,1780.3,1,88.3,-303.7,1810.7,1,-157.4,-878.4,1841.6,0,2.0,-862.8,1863.5,0,
10,0.9857791066,-0.0654079393,-0.1547960192,0.0962579250,0.9748322368,0.2010853738,0.1377478391,-0.2131260037,0.9672656059,1,-113.1,338.5,1741.2,1,0.9857791066,-0.0654079393,-0.1547960192,0.0962579250,0.9748322368,0.2010853738,0.1377478391,-0.2131260037,0.9672656059,1,-101.0,158.8,1780.5,1,0.9857107401,-0.0665698275,-0.1547356844,0.0972670689,0.9749155045,0.2001941204,0.1375275999,-0.2123840898,0.9674600959,1,-89.4,-11.9,1817.7,1,0.1914127171,-0.9607741833,0.2006844729,0.9703575969,0.2159745693,0.1084488034,-0.1475375444,0.1739772260,0.9736347795,1,-222.8,146.8,1763.5,1,-0.1150172949,-0.9793108106,0.1664978564,0.9907073379,-0.1253359020,-0.0528193340,0.0725946948,0.1588755101,0.9846261740,1,-269.6,-90.6,1799.6,1,0.2854007781,0.9574867487,-0.0420196168,-0.9516034126,0.2883172035,0.1064155921,0.1140064970,0.0096149184,0.9934334755,1,20.8,170.8,1797.5,1,-0.0066210874,0.9999450445,0.0081327651,-0.9981697202,-0.0061200010,-0.0601646006,-0.0601115189,-0.0085162353,0.9981553555,1,89.7,-59.0,1825.0,1,1.0000000000,0.0000000000,-0.0000000000,-0.0000000000,1.0000000000,-0.0000000000,0.0000000000,0.0000000000,1.0000000000,0,-157.4,-190.4,1843.8,1,1.0000000000,0.0000007120,-0.0000009470,-0.0000007120,1.0000000000,-0.0000009858,0.0000009470,0.0000009858,1.0000000000,0,-157.4,-540.6,1843.8,0,1.0000000000,-0.0000002110,-0.0000005872,0.0000002110,1.0000000000,0.0000004273,0.0000005872,-0.0000004273,1.0000000000,0,1.9,-174.7,1866.0,1,0.9999998808,-0.0000090756,-0.0004731363,0.0000090910,1.0000000000,0.0000324940,0.0004731361,-0.0000324983,0.9999998808,0,1.9,-524.9,1866.0,0,-240.7,-340.1,1781.3,1,88.1,-303.1,1810.3,1,-157.4,-877.3,1843.8,0,1.9,-861.6,1866.0,0,
11,0.9841572046,-0.0667405948,-0.1642574072,0.1009457484,0.9725493789,0.2096580863,0.1457560211,-0.2229175121,0.9638790488,1,-111.4,336.0,1739.7,1,0.9841572046,-0.0667405948,-0.1642574072,0.1009457484,0.9725493789,0.2096580863,0.1457560211,-0.2229175121,0.9638790488,1,-99.1,157.3,1780.6,1,0.9845702052,-0.0616529882,-0.1637703329,0.0946826413,0.9747412801,0.2022707164,0.1471633911,-0.2146558315,0.9655390382,1,-88.3,-13.3,1818.2,1,0.1972111762,-0.9611315131,0.1932201236,0.9676555991,0.2224652171,0.1189619824,-0.1573228687,0.1635099053,0.9739168286,1,-220.8,145.6,1762.4,1,-0.1190335155,-0.9811534882,0.1522131413,0.9891543388,-0.1304700971,-0.0674625114,0.0860503390,0.1425319910,0.9860425591,1,-268.8,-89.9,1800.7,1,0.2811113000,0.9584074616,-0.0493113287,-0.9533078074,0.2847865224,0.1005029082,0.1103659421,0.0187563729,0.9937140346,1,22.5,169.0,1798.8,1,0.0021961560,0.9999936223,-0.0027959780,-0.9984156489,0.0020354684,-0.0562311336,-0.0562250875,0.0029150406,0.9984138608,1,89.5,-58.1,1825.1,1,1.0000000000,0.0000000000,-0.0000000000,-0.0000000000,1.0000000000,-0.0000000000,0.0000000000,0.0000000000,1.0000000000,0,-157.1,-191.6,1843.9,1,1.0000000000,0.0000006408,-0.0000008523,-0.0000006408,1.0000000000,-0.0000008872,0.0000008523,0.0000008872,1.0000000000,0,-157.1,-541.8,1843.9,0,1.0000000000,-0.0000001688,-0.0000004697,0.0000001688,1.0000000000,0.0000003418,0.0000004697,-0.0000003418,1.0000000000,0,2.0,-176.3,1867.7,1,0.9999998808,-0.0000081687,-0.0004258227,0.0000081812,1.0000000000,0.0000292448,0.0004258225,-0.0000292483,0.9999998808,0,2.0,-526.5,1867.7,0,-238.8,-339.0,1779.1,1,90.0,-302.2,1811.3,1,-157.1,-878.5,1843.9,0,2.0,-863.2,1867.7,0,
12,0.9829666615,-0.0727520436,-0.1687716395,0.1060952172,0.9744710326,0.1978605092,0.1500686258,-0.2123960257,0.9655916691,1,-111.2,335.7,1742.9,1,0.9829666615,-0.0727520436,-0.1687716395,0.1060952172,0.9744710326,0.1978605092,0.1500686258,-0.2123960257,0.9655916691,1,-97.9,156.8,1781.9,1,0.9833784103,-0.0673709810,-0.1686069965,0.1003657058,0.9755399227,0.1955691725,0.1513074636,-0.2092407346,0.9660871029,1,-86.1,-14.0,1818.5,1,0.2004200369,-0.9612101912,0.1894908398,0.9672799110,0.2248530239,0.1175187305,-0.1555677652,0.1597375721,0.9748244286,1,-219.4,144.4,1763.2,1,-0.1176078320,-0.9821634889,0.1467078626,0.9888322949,-0.1294396818,-0.0738645718,0.0915369168,0.1363824159,0.9864181876,1,-267.9,-89.6,1800.8,1,0.2772442400,0.9593555927,-0.0526537076,-0.9553294778,0.2810910046,0.0912874416,0.1023775935,0.0249927193,0.9944316149,1,23.6,169.2,1800.6,1,-0.0061341017,0.9999448657,-0.0085158003,-0.9981985092,-0.0066312049,-0.0596289560,-0.0596821308,0.0081346892,0.9981843233,1,90.4,-61.0,1825.2,1,1.0000000000,0.0000000000,-0.0000000000,-0.0000000000,1.0000000000,-0.0000000000,0.0000000000,0.0000000000,1.0000000000,0,-153.8,-192.9,1842.9,1,1.0000000000,0.0000005767,-0.0000007671,-0.0000005767,1.0000000000,-0.0000007985,0.0000007671,0.0000007985,1.0000000000,0,-153.8,-543.1,1842.9,0,1.0000000000,-0.0000001351,-0.0000003758,0.0000001351,1.0000000000,0.0000002734,0.0000003758,-0.0000002734,1.0000000000,0,5.2,-176.7,1867.4,1,0.9999999404,-0.0000073524,-0.0003832404,0.0000073625,1.0000000000,0.0000263205,0.0003832402,-0.0000263233,0.9999999404,0,5.2,-526.8,1867.4,0,-238.3,-338.6,1777.7,1,88.9,-305.0,1810.6,1,-153.8,-879.7,1842.9,0,5.2,-863.5,1867.4,0,
13,0.9829776883,-0.0693679377,-0.1701269448,0.1026376262,0.9753496051,0.1953390688,0.1523832679,-0.2094752491,0.9658671618,1,-109.5,332.3,1744.5,1,0.9829776883,-0.0693679377,-0.1701269448,0.1026376262,0.9753496051,0.1953390688,0.1523832679,-0.2094752491,0.9658671618,1,-96.8,153.9,1782.8,1,0.9831723571,-0.0667540058,-0.1700477004,0.0998470336,0.9758659005,0.1942033470,0.1529802084,-0.2079140097,0.9661101103,1,-85.1,-17.0,1819.2,1,0.2074077576,-0.9602410197,0.1868666857,0.9668018818,0.2303490192,0.1106050462,-0.1492520720,0.1577227116,0.9761389494,1,-218.3,141.6,1763.9,1,-0.1185504198,-0.9821416736,0.1460947692,0.9893338084,-0.1293756366,-0.0669377819,0.0846434832,0.1366009861,0.9870033860,1,-268.1,-90.7,1799.7,1,0.2744514644,0.9601237774,-0.0532830767,-0.9565804005,0.2782539725,0.0867686570,0.0981348604,0.0271557644,0.9948026538,1,24.7,166.2,1801.7,1,-0.0054383362,0.9999370575,-0.0097943144,-0.9979544282,-0.0060509145,-0.0636413619,-0.0636966303,0.0094281770,0.9979246855,1,90.6,-63.6,1825.3,1,1.0000000000,0.0000000000,-0.0000000000,-0.0000000000,1.0000000000,-0.0000000000,0.0000000000,0.0000000000,1.0000000000,0,-152.9,-195.9,1843.2,1,1.0000000000,0.0000005190,-0.0000006904,-0.0000005190,1.0000000000,-0.0000007186,0.0000006904,0.0000007186,1.0000000000,0,-152.9,-546.0,1843.2,0,1.0000000000,-0.0000001080,-0.0000003006,0.0000001080,1.0000000000,0.0000002188,0.0000003006,-0.0000002188,1.0000000000,0,6.0,-179.7,1867.9,1,0.9999999404,-0.0000066176,-0.0003449163,0.0000066258,1.0000000000,0.0000236885,0.0003449162,-0.0000236908,0.9999999404,0,6.0,-529.9,1867.9,0,-238.3,-339.9,1778.4,1,89.3,-307.6,1809.7,1,-152.9,-882.7,1843.2,0,6.0,-866.6,1867.9,0,
14,0.9816110134,-0.0714915991,-0.1770002395,0.1078779101,0.9727171063,0.2053838074,0.1574882418,-0.2207013220,0.9625425339,1,-109.2,335.0,1741.8,1,0.9816110134,-0.0714915991,-0.1770002395,0.1078779101,0.9727171063,0.2053838074,0.1574882418,-0.2207013220,0.9625425339,1,-96.0,156.1,1782.4,1,0.9820321202,-0.0664925650,-0.1766121686,0.1019345000,0.9744973183,0.1999074072,0.1588160247,-0.2143182755,0.9637660384,1,-84.4,-14.5,1819.9,1,0.2079138160,-0.9615240693,0.1795642227,0.9665418267,0.2301500291,0.1132596806,-0.1502286047,0.1500080824,0.9772046804,1,-217.4,143.5,1762.7,1,-0.1236251518,-0.9826993346,0.1379094571,0.9886551499,-0.1339199841,-0.0680186599,0.0853107125,0.1279360801,0.9881065488,1,-268.3,-93.2,1799.5,1,0.2681468725,0.9615899920,-0.0586694181,-0.9580704570,0.2725584209,0.0883903652,0.1009861156,0.0325078368,0.9943566918,1,25.3,168.7,1802.0,1,-0.0108415755,0.9998347163,-0.0145890573,-0.9976405501,-0.0118046198,-0.0676311776,-0.0677922219,0.0138214063,0.9976036549,1,91.2,-66.7,1826.8,1,1.0000000000,0.0000000000,-0.0000000000,-0.0000000000,1.0000000000,-0.0000000000,0.0000000000,0.0000000000,1.0000000000,0,-152.1,-193.3,1844.6,1,1.0000000000,0.0000004671,-0.0000006213,-0.0000004671,1.0000000000,-0.0000006468,0.0000006213,0.0000006468,1.0000000000,0,-152.1,-543.5,1844.6,0,1.0000000000,-0.0000000864,-0.0000002405,0.0000000864,1.0000000000,0.0000001750,0.0000002405,-0.0000001750,1.0000000000,0,6.6,-176.9,1870.2,1,0.9999999404,-0.0000059562,-0.0003104247,0.0000059629,1.0000000000,0.0000213198,0.0003104246,-0.0000213216,0.9999999404,0,6.6,-527.0,1870.2,0,-237.2,-342.2,1778.0,1,88.6,-310.6,1810.2,1,-152.1,-880.2,1844.6,0,6.6,-863.7,1870.2,0,
15,0.9807260036,-0.0686493069,-0.1829319745,0.1050823480,0.9746315479,0.1976098120,0.1647257656,-0.2130239010,0.9630607367,1,-108.0,338.3,1744.4,1,0.9807260036,-0.0686493069,-0.1829319745,0.1050823480,0.9746315479,0.1976098120,0.1647257656,-0.2130239010,0.9630607367,1,-95.4,158.9,1783.6,1,0.9810288548,-0.0646231249,-0.1827746779,0.1006508097,0.9755628109,0.1953081191,0.1656870395,-0.2099992186,0.9635600448,1,-84.1,-11.9,1820.4,1,0.2099568397,-0.9621283412,0.1738592982,0.9665800333,0.2310142368,0.1111547202,-0.1471090913,0.1447112411,0.9784771204,1,-216.6,146.4,1763.2,1,-0.1237590984,-0.9835066199,0.1319018900,0.9885292053,-0.1337889731,-0.0700738579,0.0865651369,0.1217165962,0.9887827635,1,-268.3,-91.3,1799.4,1,0.2667332292,0.9615904689,-0.0647846982,-0.9588849545,0.2715406120,0.0824944153,0.0969175249,0.0401170701,0.9944835901,1,25.8,171.3,1804.1,1,-0.0132300034,0.9996640086,-0.0222937167,-0.9975301027,-0.0147333862,-0.0686789379,-0.0689843297,0.0213300306,0.9973896742,1,91.5,-64.9,1828.0,1,1.0000000000,0.0000000000,-0.0000000000,-0.0000000000,1.0000000000,-0.0000000000,0.0000000000,0.0000000000,1.0000000000,0,-152.0,-190.9,1843.8,1,1.0000000000,0.0000004204,-0.0000005592,-0.0000004204,1.0000000000,-0.0000005821,0.0000005592,0.0000005821,1.0000000000,0,-152.0,-541.0,1843.8,0,1.0000000000,-0.0000000692,-0.0000001924,0.0000000692,1.0000000000,0.0000001400,0.0000001924,-0.0000001400,1.0000000000,0,6.5,-174.6,1870.6,1,0.9999999404,-0.0000053609,-0.0002793822,0.0000053663,1.0000000000,0.0000191879,0.0002793821,-0.0000191894,0.9999999404,0,6.5,-524.8,1870.6,0,-237.1,-340.3,1777.6,1,88.3,-308.8,1811.1,1,-152.0,-877.7,1843.8,0,6.5,-861.5,1870.6,0,
16,0.9786695838,-0.0638537556,-0.1952665299,0.1055498496,0.9717148542,0.2112533748,0.1762543619,-0.2273574919,0.9577279091,1,-106.6,341.2,1741.2,1,0.9786695838,-0.0638537556,-0.1952665299,0.1055498496,0.9717148542,0.2112533748,0.1762543619,-0.2273574919,0.9577279091,1,-94.9,162.5,1783.0,1,0.9789147973,-0.0618566647,-0.1946792454,0.1017540842,0.9740507007,0.2021632642,0.1771225929,-0.2177099138,0.9598071575,1,-84.1,-8.0,1821.2,1,0.2095823288,-0.9641628861,0.1626808047,0.9653367996,0.2304988950,0.1224542409,-0.1555635780,0.1313775331,0.9790505171,1,-215.8,150.0,1761.2,1,-0.1187482923,-0.9859709144,0.1173043028,0.9890284538,-0.1279093325,-0.0739055052,0.0878729969,0.1072411388,0.9903421998,1,-267.4,-87.4,1799.4,1,0.2642703056,0.9615139365,-0.0751816556,-0.9592767954,0.2701154351,0.0826179609,0.0997460410,0.0502865463,0.9937414527,1,26.1,175.1,1804.9,1,-0.0137093309,0.9993658662,-0.0328620374,-0.9974930286,-0.0159507282,-0.0689443648,-0.0694248229,0.0318344720,0.9970790744,1,91.6,-62.7,1829.6,1,1.0000000000,0.0000000000,-0.0000000000,-0.0000000000,1.0000000000,-0.0000000000,0.0000000000,0.0000000000,1.0000000000,0,-152.3,-186.7,1845.0,1,1.0000000000,0.0000003784,-0.0000005033,-0.0000003784,1.0000000000,-0.0000005239,0.0000005033,0.0000005239,1.0000000000,0,-152.3,-536.9,1845.0,0,1.0000000000,-0.0000000553,-0.0000001539,0.0000000553,1.0000000000,0.0000001120,0.0000001539,-0.0000001120,1.0000000000,0,5.9,-170.3,1873.6,1,0.9999999404,-0.0000048251,-0.0002514440,0.0000048294,1.0000000000,0.0000172692,0.0002514439,-0.0000172704,0.9999999404,0,5.9,-520.5,1873.6,0,-237.5,-336.5,1777.3,1,88.2,-306.5,1812.7,1,-152.3,-873.6,1845.0,0,5.9,-857.2,1873.6,0,
17,0.9769552946,-0.0620087981,-0.2042395324,0.1044150442,0.9734019637,0.2039236724,0.1861623526,-0.2205498666,0.9574450850,1,-105.8,340.1,1744.1,1,0.9769552946,-0.0620087981,-0.2042395324,0.1044150442,0.9734019637,0.2039236724,0.1861623526,-0.2205498666,0.9574450850,1,-94.5,161.6,1784.6,1,0.9770696163,-0.0614583679,-0.2038586885,0.1026111916,0.9748330712,0.1979143769,0.1865649670,-0.2142941803,0.9587863684,1,-83.7,-9.1,1822.1,1,0.2164408416,-0.9639769197,0.1546026319,0.9637456536,0.2362720817,0.1239752993,-0.1560375988,0.1221643016,0.9801674485,1,-215.2,148.9,1761.5,1,-0.1127841100,-0.9876808524,0.1084715202,0.9901961088,-0.1207779944,-0.0701726824,0.0824091882,0.0994937122,0.9916197062,1,-267.5,-83.8,1799.2,1,0.2662742436,0.9601877928,-0.0844838992,-0.9588658810,0.2728087008,0.0784327462,0.0983581096,0.0601241067,0.9933331609,1,26.3,174.3,1807.6,1,-0.0073953909,0.9989972115,-0.0441593118,-0.9978839755,-0.0102255065,-0.0642109066,-0.0645980611,0.0435910039,0.9969589114,1,90.8,-58.1,1831.5,1,1.0000000000,0.0000000000,-0.0000000000,-0.0000000000,1.0000000000,-0.0000000000,0.0000000000,0.0000000000,1.0000000000,0,-151.9,-188.0,1844.6,1,1.0000000000,0.0000003405,-0.0000004529,-0.0000003405,1.0000000000,-0.0000004715,0.0000004529,0.0000004715,1.0000000000,0,-151.9,-538.2,1844.6,0,1.0000000000,-0.0000000443,-0.0000001231,0.0000000443,1.0000000000,0.0000000896,0.0000001231,-0.0000000896,1.0000000000,0,6.0,-171.4,1874.7,1,1.0000000000,-0.0000043428,-0.0002262996,0.0000043463,1.0000000000,0.0000155423,0.0002262995,-0.0000155433,1.0000000000,0,6.0,-521.6,1874.7,0,-239.1,-333.2,1778.5,1,89.0,-302.0,1815.7,1,-151.9,-874.9,1844.6,0,6.0,-858.3,1874.7,0,
18,0.9751423001,-0.0675784498,-0.2110239416,0.1072018594,0.9773643017,0.1823879331,0.1939220577,-0.2004762441,0.9603140950,1,-106.8,339.2,1750.1,1,0.9751423001,-0.0675784498,-0.2110239416,0.1072018594,0.9773643017,0.1823879331,0.1939220577,-0.2004762441,0.9603140950,1,-94.4,160.6,1786.8,1,0.9753699303,-0.0635624975,-0.2112199515,0.1038099676,0.9771809578,0.1853091121,0.1946216822,-0.2026715428,0.9597116113,1,-83.3,-10.5,1822.2,1,0.2210928947,-0.9639420509,0.1480999589,0.9641225338,0.2389119267,0.1157097742,-0.1469203681,0.1172038913,0.9821800590,1,-215.0,147.8,1762.7,1,-0.1239349693,-0.9867848158,0.1043825820,0.9891876578,-0.1311740577,-0.0655821040,0.0784077123,0.0951260477,0.9923725128,1,-268.1,-84.1,1798.0,1,0.2691985369,0.9585953951,-0.0928826332,-0.9585874081,0.2760019004,0.0702371076,0.0929647461,0.0701283962,0.9931966662,1,26.1,173.4,1810.8,1,-0.0049046972,0.9984983802,-0.0545618720,-0.9979403019,-0.0083772745,-0.0635993481,-0.0639609173,0.0541375540,0.9964829087,1,91.6,-59.9,1833.4,1,1.0000000000,0.0000000000,-0.0000000000,-0.0000000000,1.0000000000,-0.0000000000,0.0000000000,0.0000000000,1.0000000000,0,-151.0,-189.9,1842.0,1,1.0000000000,0.0000003065,-0.0000004077,-0.0000003065,1.0000000000,-0.0000004243,0.0000004077,0.0000004243,1.0000000000,0,-151.0,-540.1,1842.0,0,1.0000000000,-0.0000000354,-0.0000000985,0.0000000354,1.0000000000,0.0000000717,0.0000000985,-0.0000000717,1.0000000000,0,6.6,-173.2,1873.5,1,1.0000000000,-0.0000039086,-0.0002036696,0.0000039115,1.0000000000,0.0000139881,0.0002036696,-0.0000139889,1.0000000000,0,6.6,-523.3,1873.5,0,-236.9,-333.2,1778.3,1,90.4,-303.9,1817.8,1,-151.0,-876.8,1842.0,0,6.6,-860.0,1873.5,0,
19,0.9733290076,-0.0677907690,-0.2191701531,0.1073484570,0.9788841009,0.1739561111,0.2027498484,-0.1928439736,0.9600538015,1,-106.9,337.6,1753.1,1,0.9733290076,-0.0677907690,-0.2191701531,0.1073484570,0.9788841009,0.1739561111,0.2027498484,-0.1928439736,0.9600538015,1,-94.5,158.9,1788.3,1,0.9733933806,-0.0657288581,-0.2195121944,0.1064054221,0.9780830145,0.1789694428,0.2029379904,-0.1975648254,0.9590536952,1,-83.0,-12.3,1822.9,1,0.2244818807,-0.9642691016,0.1406879425,0.9637885094,0.2410191000,0.1141120642,-0.1439432055,0.1099773347,0.9834558368,1,-214.8,145.8,1763.2,1,-0.1243145019,-0.9876500368,0.0953582525,0.9887679815,-0.1313416660,-0.0713248476,0.0829685107,0.0854204744,0.9928843975,1,-268.6,-85.3,1797.8,1,0.2718451321,0.9570631981,-0.1006503701,-0.9582828283,0.2788092196,0.0629257187,0.0882861391,0.0793454722,0.9929299951,1,25.7,172.1,1813.4,1,-0.0099801300,0.9978562593,-0.0646777526,-0.9980118275,-0.0139652546,-0.0614589788,-0.0622304603,0.0639357939,0.9960119128,1,91.8,-60.9,1834.9,1,1.0000000000,0.0000000000,-0.0000000000,-0.0000000000,1.0000000000,-0.0000000000,0.0000000000,0.0000000000,1.0000000000,0,-150.2,-192.1,1841.1,1,1.0000000000,0.0000002758,-0.0000003669,-0.0000002758,1.0000000000,-0.0000003819,0.0000003669,0.0000003819,1.0000000000,0,-150.2,-542.3,1841.1,0,1.0000000000,-0.0000000283,-0.0000000788,0.0000000283,1.0000000000,0.0000000573,0.0000000788,-0.0000000573,1.0000000000,0,7.1,-174.9,1873.9,1,1.0000000000,-0.0000035179,-0.0001833026,0.0000035202,1.0000000000,0.0000125893,0.0001833026,-0.0000125900,1.0000000000,0,7.1,-525.1,1873.9,0,-237.3,-334.3,1776.9,1,89.4,-304.9,1819.6,1,-150.2,-879.0,1841.1,0,7.1,-861.8,1873.9,0,
20,0.9714311957,-0.0632788390,-0.2287309021,0.1082511991,0.9758400917,0.1897796839,0.2111960351,-0.2091181576,0.9548117518,1,-106.0,338.9,1749.5,1,0.9714311957,-0.0632788390,-0.2287309021,0.1082511991,0.9758400917,0.1897796839,0.2111960351,-0.2091181576,0.9548117518,1,-94.4,160.0,1787.9,1,0.9715211391,-0.0620142221,-0.2286952734,0.1068500951,0.9761022925,0.1892247945,0.2114956379,-0.2082718611,0.9549304247,1,-83.5,-10.9,1824.3,1,0.2242962867,-0.9658762217,0.1295166463,0.9637973905,0.2395222932,0.1171483397,-0.1441728920,0.0985518619,0.9846328497,1,-214.4,146.8,1761.7,1,-0.1272556484,-0.9883701205,0.0832493082,0.9883646369,-0.1334084719,-0.0730570406,0.0833135396,0.0729837492,0.9938472509,1,-269.2,-88.5,1796.9,1,0.2666306496,0.9576267004,-0.1088994369,-0.9590986371,0.2747763991,0.0680276081,0.0950680524,0.0863070562,0.9917222857,1,25.7,173.2,1814.0,1,-0.0032786778,0.9973582029,-0.0725678876,-0.9981769919,-0.0076375725,-0.0598707609,-0.0602668300,0.0722392946,0.9955648780,1,90.8,-61.3,1837.2,1,1.0000000000,0.0000000000,-0.0000000000,-0.0000000000,1.0000000000,-0.0000000000,0.0000000000,0.0000000000,1.0000000000,0,-151.2,-190.4,1843.7,1,1.0000000000,0.0000002482,-0.0000003302,-0.0000002482,1.0000000000,-0.0000003437,0.0000003302,0.0000003437,1.0000000000,0,-151.2,-540.6,1843.7,0,1.0000000000,-0.0000000227,-0.0000000630,0.0000000227,1.0000000000,0.0000000459,0.0000000630,-0.0000000459,1.0000000000,0,5.8,-173.1,1877.9,1,1.0000000000,-0.0000031662,-0.0001649724,0.0000031681,1.0000000000,0.0000113304,0.0001649723,-0.0000113310,1.0000000000,0,5.8,-523.3,1877.9,0,-237.1,-337.4,1775.9,1,90.0,-305.3,1822.5,1,-151.2,-877.3,1843.7,0,5.8,-860.0,1877.9,0,
21,0.9686188698,-0.0641157776,-0.2401396632,0.1095276549,0.9773963094,0.1808279157,0.2231179923,-0.2014551759,0.9537472725,1,-106.3,338.9,1751.8,1,0.9686188698,-0.0641157776,-0.2401396632,0.1095276549,0.9773963094,0.1808279157,0.2231179923,-0.2014551759,0.9537472725,1,-94.6,160.1,1788.7,1,0.9686560631,-0.0618993379,-0.2405709773,0.1089517400,0.9762000442,0.1875145286,0.2232386619,-0.2078475803,0.9523463249,1,-83.8,-10.8,1825.1,1,0.2224884927,-0.9677774906,0.1179230139,0.9644770026,0.2361548990,0.1183850467,-0.1424184591,0.0873947293,0.9859408140,1,-214.3,146.6,1761.1,1,-0.1211721748,-0.9900512695,0.0715265423,0.9891341925,-0.1264748573,-0.0749515519,0.0832521766,0.0616673082,0.9946187139,1,-268.8,-89.6,1796.0,1,0.2723780572,0.9545664787,-0.1208842248,-0.9572453499,0.2815519869,0.0664059445,0.0974240750,0.0976283401,0.9904429913,1,25.1,173.6,1816.3,1,-0.0110857934,0.9960880876,-0.0876667798,-0.9987420440,-0.0153174903,-0.0477458201,-0.0489018820,0.0870271996,0.9950049520,1,91.5,-59.8,1840.0,1,1.0000000000,0.0000000000,-0.0000000000,-0.0000000000,1.0000000000,-0.0000000000,0.0000000000,0.0000000000,1.0000000000,0,-151.2,-190.5,1843.4,1,1.0000000000,0.0000002234,-0.0000002972,-0.0000002234,1.0000000000,-0.0000003093,0.0000002972,0.0000003093,1.0000000000,0,-151.2,-540.7,1843.4,0,1.0000000000,-0.0000000181,-0.0000000504,0.0000000181,1.0000000000,0.0000000367,0.0000000504,-0.0000000367,1.0000000000,0,5.3,-172.9,1879.5,1,1.0000000000,-0.0000028497,-0.0001484751,0.0000028512,1.0000000000,0.0000101974,0.0001484751,-0.0000101978,1.0000000000,0,5.3,-523.1,1879.5,0,-238.3,-338.7,1775.0,1,88.8,-303.9,1828.1,1,-151.2,-877.4,1843.4,0,5.3,-859.8,1879.5,0,
22,0.9660301208,-0.0623302832,-0.2508011758,0.1118470058,0.9757174253,0.1883194745,0.2329734266,-0.2099735141,0.9495440722,1,-106.0,338.7,1750.5,1,0.9660301208,-0.0623302832,-0.2508011758,0.1118470058,0.9757174253,0.1883194745,0.2329734266,-0.2099735141,0.9495440722,1,-94.6,159.6,1789.0,1,0.9661418796,-0.0593822822,-0.2510859966,0.1100563630,0.9750291705,0.1928842068,0.2333625853,-0.2139869779,0.9485520720,1,-84.2,-11.1,1826.5,1,0.2276950032,-0.9677557945,0.1077209637,0.9622977376,0.2405439913,0.1269709319,-0.1487884670,0.0747489929,0.9860399365,1,-214.0,146.0,1760.2,1,-0.1219233721,-0.9909558296,0.0560485870,0.9884672761,-0.1263394803,-0.0834909305,0.0898169577,0.0452226996,0.9949311614,1,-269.5,-88.6,1796.4,1,0.2725482285,0.9532406926,-0.1305749863,-0.9568009973,0.2828077972,0.0674667656,0.1012396961,0.1065463275,0.9891402125,1,24.8,173.2,1817.8,1,-0.0102414805,0.9950706363,-0.0986389294,-0.9990117550,-0.0144486530,-0.0420328006,-0.0432507992,0.0981109738,0.9942352176,1,90.6,-58.0,1842.3,1,1.0000000000,0.0000000000,-0.0000000000,-0.0000000000,1.0000000000,-0.0000000000,0.0000000000,0.0000000000,1.0000000000,0,-151.9,-190.7,1845.1,1,1.0000000000,0.0000002011,-0.0000002675,-0.0000002011,1.0000000000,-0.0000002784,0.0000002675,0.0000002784,1.0000000000,0,-151.9,-540.8,1845.1,0,1.0000000000,-0.0000000145,-0.0000000404,0.0000000145,1.0000000000,0.0000000294,0.0000000404,-0.0000000294,1.0000000000,0,4.3,-172.9,1882.8,1,1.0000000000,-0.0000025648,-0.0001336276,0.0000025660,1.0000000000,0.0000091777,0.0001336276,-0.0000091780,1.0000000000,0,4.3,-523.0,1882.8,0,-238.8,-337.6,1773.8,1,88.1,-302.2,1831.7,1,-151.9,-877.5,1845.1,0,4.3,-859.7,1882.8,0,
23,0.9619547129,-0.0550559275,-0.2676053643,0.1149317101,0.9701476693,0.2135481536,0.2478599548,-0.2361798286,0.9395659566,1,-105.1,338.7,1744.2,1,0.9619547129,-0.0550559275,-0.2676053643,0.1149317101,0.9701476693,0.2135481536,0.2478599548,-0.2361798286,0.9395659566,1,-95.0,160.3,1787.6,1,0.9619968534,-0.0550526232,-0.2674543858,0.1141882762,0.9708173871,0.2108869255,0.2480398118,-0.2334125638,0.9402098060,1,-85.3,-9.6,1828.5,1,0.2336710244,-0.9682763219,0.0885378569,0.9599896669,0.2442035079,0.1370563209,-0.1543296278,0.0529693365,0.9865986109,1,-213.8,146.2,1757.0,1,-0.1276133358,-0.9911872149,0.0355378501,0.9886736274,-0.1299798936,-0.0750315115,0.0789894760,0.0255603157,0.9965477586,1,-270.9,-88.0,1794.6,1,0.2726223469,0.9511786103,-0.1446949691,-0.9554513097,0.2853310704,0.0754925087,0.1130928099,0.1176680475,0.9865923524,1,23.9,174.4,1818.3,1,-0.0099587357,0.9939360023,-0.1095080972,-0.9989038706,-0.0148974378,-0.0443737060,-0.0457360111,0.1089461520,0.9929949641,1,90.3,-58.3,1845.8,1,1.0000000000,0.0000000000,-0.0000000000,-0.0000000000,1.0000000000,-0.0000000000,0.0000000000,0.0000000000,1.0000000000,0,-153.4,-188.8,1849.3,1,1.0000000000,0.0000001810,-0.0000002407,-0.0000001810,1.0000000000,-0.0000002506,0.0000002407,0.0000002506,1.0000000000,0,-153.4,-538.9,1849.3,0,1.0000000000,-0.0000000116,-0.0000000323,0.0000000116,1.0000000000,0.0000000235,0.0000000323,-0.0000000235,1.0000000000,0,2.0,-170.3,1889.4,1,1.0000000000,-0.0000023084,-0.0001202648,0.0000023094,1.0000000000,0.0000082599,0.0001202648,-0.0000082602,1.0000000000,0,2.0,-520.5,1889.4,0,-238.7,-337.0,1774.7,1,87.8,-302.5,1834.6,1,-153.4,-875.6,1849.3,0,2.0,-857.2,1889.4,0,
