1,0.4311626554,-0.0093791364,0.9022276402,-0.0408920199,0.9987085462,0.0299279094,-0.9013465047,-0.0497966558,0.4302236438,1,239.2,380.7,1546.6,1,0.4311626554,-0.0093791364,0.9022276402,-0.0408920199,0.9987085462,0.0299279094,-0.9013465047,-0.0497966558,0.4302236438,1,241.1,179.1,1556.7,1,0.4311628938,0.0340166762,0.9016350508,-0.0408781804,0.9989926219,-0.0181385707,-0.9013470411,-0.0290356148,0.4321205020,1,234.4,-17.1,1562.4,1,-0.0000005960,-1.0000001192,0.0000010722,1.0000001192,-0.0000005960,0.0000001488,-0.0000001488,0.0000010722,1.0000000000,0,180.6,184.8,1683.2,1,0.0006467104,-0.9999982715,0.0017380605,0.9999998212,0.0006467700,0.0000341894,-0.0000353134,0.0017380379,0.9999985099,0,180.6,-72.0,1683.2,0,-0.0952289701,-0.5589265227,0.8237309456,-0.9861331582,0.1659505069,-0.0014013286,-0.1359153241,-0.8124418259,-0.5669791698,1,301.6,173.3,1430.2,1,-0.4598741829,-0.5486667156,0.6981981397,-0.8831958771,0.2010706365,-0.4237166345,0.0920920596,-0.8115020394,-0.5770472884,1,278.6,-65.2,1397.3,1,0.9407603145,0.0284453779,0.3378769755,-0.0945700407,0.9789445400,0.1808980852,-0.3256171048,-0.2021347880,0.9236422777,0,188.8,-209.7,1649.6,1,-0.6851327419,-0.0808625668,-0.7239156961,0.0409974046,0.9879630804,-0.1491581053,0.7272633314,-0.1318718046,-0.6735707521,0,177.6,-594.2,1729.0,0,0.9407603145,0.0284453779,0.3378769755,-0.0945700407,0.9789445400,0.1808980852,-0.3256171048,-0.2021347880,0.9236422777,0,266.7,-217.1,1486.6,1,-0.6851327419,-0.0808625668,-0.7239156961,0.0409974046,0.9879630804,-0.1491581053,0.7272633314,-0.1318718046,-0.6735707521,0,255.6,-601.6,1566.0,0,180.4,-328.9,1683.2,0,153.7,-305.1,1422.3,1,208.1,-967.4,1778.8,0,286.1,-974.8,1615.8,0,
2,0.4196258485,-0.0114701940,0.9076268673,-0.0397820175,0.9987201095,0.0310179759,-0.9068244100,-0.0491221026,0.4186337590,1,239.4,380.8,1546.5,1,0.4196258485,-0.0114701940,0.9076268673,-0.0397820175,0.9987201095,0.0310179759,-0.9068244100,-0.0491221026,0.4186337590,1,241.7,178.7,1556.4,1,0.4196363389,0.0332969576,0.9070837498,-0.0388238616,0.9990640283,-0.0187094156,-0.9068610668,-0.0273644291,0.4205376804,1,235.2,-17.5,1561.8,1,-0.0000005960,-1.0000001192,0.0000008578,1.0000001192,-0.0000005960,0.0000001190,-0.0000001190,0.0000008578,1.0000000000,0,182.9,184.2,1683.7,1,0.0005820990,-0.9999984503,0.0015642535,0.9999996424,0.0005821586,0.0000308211,-0.0000317314,0.0015642353,0.9999987483,0,182.9,-72.7,1683.7,0,-0.0924124047,-0.5696598291,0.8166686296,-0.9864518046,0.1640274823,0.0027911989,-0.1355461329,-0.8053462505,-0.5771001577,1,300.6,173.3,1429.1,1,-0.4609477818,-0.5563782454,0.6913540959,-0.8823111653,0.2037941813,-0.4242582917,0.0951541215,-0.8055503964,-0.5848371387,1,278.3,-65.3,1396.4,1,0.9368270040,0.0284201093,0.3486365080,-0.0826429650,0.9864600301,0.1416571587,-0.3398900926,-0.1615206003,0.9264911413,0,190.7,-210.2,1649.3,1,-0.4988549948,-0.0902368948,-0.8619745970,0.0547784939,0.9892936945,-0.1352676600,0.8649522066,-0.1146966740,-0.4885710478,0,179.5,-597.7,1712.7,0,0.9368270040,0.0284201093,0.3486365080,-0.0826429650,0.9864600301,0.1416571587,-0.3398900926,-0.1615206003,0.9264911413,0,266.7,-217.2,1485.1,1,-0.4988549948,-0.0902368948,-0.8619745970,0.0547784939,0.9892936945,-0.1352676600,0.8649522066,-0.1146966740,-0.4885710478,0,255.5,-604.7,1548.5,0,182.7,-329.5,1683.7,0,153.1,-304.9,1422.2,1,213.6,-971.4,1756.0,0,289.6,-978.4,1591.8,0,
3,0.4130434990,-0.0116542391,0.9106388092,-0.0389631391,0.9987696409,0.0304588601,-0.9098768234,-0.0480610952,0.4120824933,1,239.9,381.3,1546.4,1,0.4130434990,-0.0116542391,0.9106388092,-0.0389631391,0.9987696409,0.0304588601,-0.9098768234,-0.0480610952,0.4120824933,1,242.3,179.4,1556.1,1,0.4130619764,0.0326723270,0.9101189375,-0.0372114442,0.9991204143,-0.0189756230,-0.9099417925,-0.0260278136,0.4139157832,1,235.9,-16.8,1561.3,1,-0.0000005960,-1.0000001192,0.0000006862,1.0000001192,-0.0000005960,0.0000000952,-0.0000000952,0.0000006862,1.0000000000,0,184.3,184.7,1683.9,1,0.0005244017,-0.9999985695,0.0014078269,0.9999995232,0.0005244613,0.0000277797,-0.0000285176,0.0014078121,0.9999989867,0,184.3,-72.2,1683.9,0,-0.0907785892,-0.5757811666,0.8125486374,-0.9866333604,0.1628730297,0.0051861955,-0.1353283674,-0.8012167811,-0.5828703642,1,300.3,174.2,1428.4,1,-0.4617404640,-0.5606440902,0.6873674989,-0.8815484643,0.2041464746,-0.4256719947,0.0983268097,-0.8024977446,-0.5884975791,1,278.2,-66.0,1395.5,1,0.9346823096,0.0274052136,0.3544262350,-0.0710878968,0.9912947416,0.1108212322,-0.3483037651,-0.1287780553,0.9284937382,0,192.0,-209.7,1648.8,1,-0.3079087734,-0.0950730741,-0.9466530681,0.0641318858,0.9906576276,-0.1203520298,0.9492513537,-0.0977682024,-0.2989349365,0,181.3,-599.1,1699.4,0,0.9346823096,0.0274052136,0.3544262350,-0.0710878968,0.9912947416,0.1108212322,-0.3483037651,-0.1287780553,0.9284937382,0,266.9,-216.4,1483.9,1,-0.3079087734,-0.0950730741,-0.9466530681,0.0641318858,0.9906576276,-0.1203520298,0.9492513537,-0.0977682024,-0.2989349365,0,256.1,-605.8,1534.5,0,184.2,-329.0,1683.9,0,152.8,-305.4,1422.2,1,217.2,-973.2,1736.3,0,292.0,-980.0,1571.4,0,
4,0.4104060233,-0.0058485679,0.9118863344,-0.0366182625,0.9990603924,0.0228921697,-0.9111667871,-0.0427856669,0.4098074734,1,242.3,381.8,1547.4,1,0.4104060233,-0.0058485679,0.9118863344,-0.0366182625,0.9990603924,0.0228921697,-0.9111667871,-0.0427856669,0.4098074734,1,243.4,180.1,1556.0,1,0.4104557037,0.0368719809,0.9111371040,-0.0334199145,0.9991124272,-0.0253737662,-0.9112673402,-0.0200343747,0.4113249779,1,236.2,-16.2,1560.0,1,-0.0000005960,-1.0000001192,0.0000005490,1.0000001192,-0.0000005960,0.0000000762,-0.0000000762,0.0000005490,1.0000000000,0,185.8,184.8,1683.9,1,0.0004727840,-0.9999986291,0.0012670429,0.9999994636,0.0004728436,0.0000250345,-0.0000256331,0.0012670311,0.9999992251,0,185.8,-72.1,1683.9,0,-0.0923347548,-0.5776814818,0.8110230565,-0.9861971140,0.1654814780,0.0055921082,-0.1374397576,-0.7993122339,-0.5849874020,1,301.1,175.4,1428.1,1,-0.4607025087,-0.5638425350,0.6854450107,-0.8817422390,0.2025180161,-0.4260482788,0.1014091596,-0.8006672859,-0.5904643536,1,278.5,-65.3,1394.6,1,0.9339130521,0.0257094130,0.3565744460,-0.0604538880,0.9944038391,0.0866386741,-0.3523516059,-0.1024693027,0.9302409887,0,191.8,-209.4,1646.5,1,-0.1243059635,-0.0963208377,-0.9875569940,0.0697231442,0.9919690490,-0.1055273563,0.9897904992,-0.0819733888,-0.1165919304,0,181.7,-600.0,1686.7,0,0.9339130521,0.0257094130,0.3565744460,-0.0604538880,0.9944038391,0.0866386741,-0.3523516059,-0.1024693027,0.9302409887,0,266.2,-215.4,1481.3,1,-0.1243059635,-0.0963208377,-0.9875569940,0.0697231442,0.9919690490,-0.1055273563,0.9897904992,-0.0819733888,-0.1165919304,0,256.1,-606.0,1521.6,0,185.7,-328.9,1684.0,0,153.4,-304.8,1422.1,1,218.0,-974.7,1717.7,0,292.4,-980.7,1552.6,0,
5,0.4131081402,-0.0054740608,0.9106677175,-0.0421209559,0.9987902045,0.0251151156,-0.9097067714,-0.0487323627,0.4123789966,1,243.3,379.0,1543.9,1,0.4131081402,-0.0054740608,0.9106677175,-0.0421209559,0.9987902045,0.0251151156,-0.9097067714,-0.0487323627,0.4123789966,1,244.4,177.9,1553.7,1,0.4131650627,0.0343723558,0.9100095630,-0.0381875969,0.9990556240,-0.0203945488,-0.9098545313,-0.0263238437,0.4140888155,1,237.6,-18.3,1558.8,1,-0.0000005960,-1.0000001192,0.0000004392,1.0000001192,-0.0000005960,0.0000000609,-0.0000000609,0.0000004392,1.0000000000,0,186.4,183.3,1681.4,1,0.0004263520,-0.9999988079,0.0011403376,0.9999994040,0.0004264116,0.0000225576,-0.0000230431,0.0011403279,0.9999993443,0,186.4,-73.5,1681.4,0,-0.0977975279,-0.5750359297,0.8122618794,-0.9859822392,0.1668492556,-0.0005937941,-0.1351838261,-0.8009338379,-0.5832926631,1,302.3,172.6,1426.0,1,-0.4592554569,-0.5640956759,0.6862073541,-0.8821571469,0.1988991648,-0.4268932939,0.1043225750,-0.8013958335,-0.5889665484,1,278.9,-63.9,1393.6,1,0.9353533983,0.0235987864,0.3529262543,-0.0507462099,0.9964030981,0.0678661317,-0.3500552475,-0.0813884884,0.9331865907,0,193.4,-211.0,1646.5,1,0.0448913574,-0.0948862731,-0.9944748282,0.0722912848,0.9931776524,-0.0914992094,0.9963721633,-0.0677844435,0.0514445305,0,184.1,-602.4,1678.5,0,0.9353533983,0.0235987864,0.3529262543,-0.0507462099,0.9964030981,0.0678661317,-0.3500552475,-0.0813884884,0.9331865907,0,268.3,-218.0,1481.6,1,0.0448913574,-0.0948862731,-0.9944748282,0.0722912848,0.9931776524,-0.0914992094,0.9963721633,-0.0677844435,0.0514445305,0,259.0,-609.4,1513.5,0,186.3,-330.4,1681.4,0,154.2,-303.5,1421.9,1,220.0,-977.6,1704.1,0,294.9,-984.5,1539.1,0,
6,0.4105927348,-0.0104341144,0.9117613435,-0.0456002727,0.9984415174,0.0319652073,-0.9106773138,-0.0547001474,0.4094782770,1,243.2,379.6,1542.1,1,0.4105927348,-0.0104341144,0.9117613435,-0.0456002727,0.9984415174,0.0319652073,-0.9106773138,-0.0547001474,0.4094782770,1,245.3,177.7,1553.1,1,0.4106559455,0.0334477685,0.9111790061,-0.0401166566,0.9990152121,-0.0185888931,-0.9109068513,-0.0289189052,0.4115946889,1,238.7,-18.5,1558.8,1,-0.0000005960,-1.0000001192,0.0000003513,1.0000001192,-0.0000005960,0.0000000488,-0.0000000488,0.0000003513,1.0000000000,0,187.7,183.4,1681.0,1,0.0003847480,-0.9999988675,0.0010263028,0.9999993443,0.0003848076,0.0000203231,-0.0000207174,0.0010262949,0.9999994636,0,187.7,-73.5,1681.0,0,-0.1019833535,-0.5770696998,0.8103022575,-0.9858470559,0.1675804555,-0.0047320160,-0.1330601424,-0.7993166447,-0.5859928727,1,303.0,172.1,1425.3,1,-0.4602948129,-0.5669695735,0.6831356287,-0.8812750578,0.1989335567,-0.4286954105,0.1071586236,-0.7993566990,-0.5912241936,1,278.3,-66.7,1393.1,1,0.9346428514,0.0212616809,0.3549514413,-0.0427547060,0.9976884127,0.0528180674,-0.3530080318,-0.0645418838,0.9333915114,0,195.0,-211.0,1647.1,1,0.1962094307,-0.0915557370,-0.9762778878,0.0725404844,0.9942585230,-0.0786629841,0.9778746963,-0.0553853177,0.2017244101,0,186.6,-603.0,1672.4,0,0.9346428514,0.0212616809,0.3549514413,-0.0427547060,0.9976884127,0.0528180674,-0.3530080318,-0.0645418838,0.9333915114,0,269.4,-218.3,1481.9,1,0.1962094307,-0.0915557370,-0.9762778878,0.0725404844,0.9942585230,-0.0786629841,0.9778746963,-0.0553853177,0.2017244101,0,261.0,-610.2,1507.3,0,187.6,-330.3,1681.0,0,153.2,-306.0,1422.2,1,221.2,-978.5,1693.3,0,295.6,-985.8,1528.2,0,
7,0.4125607610,-0.0130776661,0.9108383656,-0.0445672274,0.9984028935,0.0345254838,-0.9098386168,-0.0548363142,0.4113202393,1,243.4,381.1,1541.2,1,0.4125607610,-0.0130776661,0.9108383656,-0.0445672274,0.9984028935,0.0345254838,-0.9098386168,-0.0548363142,0.4113202393,1,246.0,178.6,1552.3,1,0.4125968516,0.0319369882,0.9103560448,-0.0407487229,0.9990250468,-0.0165761281,-0.9100012779,-0.0302556828,0.4134972990,1,239.7,-17.7,1558.3,1,-0.0000005960,-1.0000001192,0.0000002811,1.0000001192,-0.0000005960,0.0000000390,-0.0000000390,0.0000002811,1.0000000000,0,188.1,184.3,1680.1,1,0.0003473759,-0.9999988675,0.0009236716,0.9999993443,0.0003474355,0.0000183081,-0.0000186284,0.0009236652,0.9999995828,0,188.1,-72.6,1680.1,0,-0.1043995246,-0.5755048394,0.8111071587,-0.9859171510,0.1670239270,-0.0083912471,-0.1306451112,-0.8005605340,-0.5848372579,1,303.9,172.8,1424.6,1,-0.4603740275,-0.5652271509,0.6845247746,-0.8814096451,0.1992259622,-0.4282827973,0.1057019308,-0.8005170226,-0.5899150372,1,278.5,-67.1,1392.8,1,0.9355906248,0.0189117417,0.3525798321,-0.0356962234,0.9985145926,0.0411634669,-0.3512776196,-0.0510979220,0.9348759651,0,196.1,-210.2,1646.7,1,0.3285972476,-0.0869707614,-0.9404571056,0.0710874051,0.9952041507,-0.0671955496,0.9417909384,-0.0447743982,0.3332039118,0,188.6,-602.4,1666.8,0,0.9355906248,0.0189117417,0.3525798321,-0.0356962234,0.9985145926,0.0411634669,-0.3512776196,-0.0510979220,0.9348759651,0,270.9,-217.6,1481.7,1,0.3285972476,-0.0869707614,-0.9404571056,0.0710874051,0.9952041507,-0.0671955496,0.9417909384,-0.0447743982,0.3332039118,0,263.4,-609.8,1501.8,0,188.0,-329.4,1680.1,0,153.5,-306.4,1421.5,1,221.5,-978.3,1683.7,0,296.3,-985.7,1518.7,0,
8,0.4234377146,-0.0111901052,0.9058583379,-0.0420906320,0.9985939860,0.0320146829,-0.9049463272,-0.0516833067,0.4223726392,1,244.0,381.2,1541.3,1,0.4234377146,-0.0111901052,0.9058583379,-0.0420906320,0.9985939860,0.0320146829,-0.9049463272,-0.0516833067,0.4223726392,1,246.3,179.3,1551.7,1,0.4234533608,0.0314727873,0.9053733349,-0.0405509844,0.9990463257,-0.0157597326,-0.9050093293,-0.0300393645,0.4243271351,1,240.1,-16.9,1557.6,1,-0.0000005960,-1.0000001192,0.0000002249,1.0000001192,-0.0000005960,0.0000000312,-0.0000000312,0.0000002249,1.0000000000,0,186.8,185.0,1678.8,1,0.0003139377,-0.9999989271,0.0008313037,0.9999992847,0.0003139377,0.0000164912,-0.0000167516,0.0008312985,0.9999996424,0,186.8,-71.9,1678.8,0,-0.1064560711,-0.5655530691,0.8178122640,-0.9852082729,0.1710724533,-0.0099422168,-0.1342822909,-0.8067737818,-0.5753992796,1,305.7,173.6,1424.7,1,-0.4590650499,-0.5604540110,0.6893116832,-0.8819952011,0.1944954991,-0.4292505383,0.1065071598,-0.8050234914,-0.5836037993,1,279.8,-65.9,1392.1,1,0.9398717284,0.0166263152,0.3411227763,-0.0293987654,0.9990456104,0.0323068984,-0.3402600586,-0.0403929316,0.9394633770,0,195.5,-209.5,1645.6,1,0.4425258636,-0.0816312730,-0.8930326104,0.0684431195,0.9960179329,-0.0571293384,0.8941400647,-0.0358407199,0.4463508129,0,189.0,-601.9,1661.4,0,0.9398717284,0.0166263152,0.3411227763,-0.0293987654,0.9990456104,0.0323068984,-0.3402600586,-0.0403929316,0.9394633770,0,272.3,-216.8,1481.5,1,0.4425258636,-0.0816312730,-0.8930326104,0.0684431195,0.9960179329,-0.0571293384,0.8941400647,-0.0358407199,0.4463508129,0,265.8,-609.3,1497.4,0,186.7,-328.7,1678.8,0,155.1,-305.4,1421.0,1,219.8,-978.1,1675.0,0,296.6,-985.5,1510.9,0,
9,0.4227518141,-0.0132537987,0.9061506987,-0.0399412289,0.9986421466,0.0332447216,-0.9053643346,-0.0502459630,0.4216496646,1,245.2,381.8,1541.4,1,0.4227518141,-0.0132537987,0.9061506987,-0.0399412289,0.9986421466,0.0332447216,-0.9053643346,-0.0502459630,0.4216496646,1,247.9,179.9,1551.5,1,0.4227554500,0.0332310051,0.9056366086,-0.0395809226,0.9990441203,-0.0181787144,-0.9053784609,-0.0281598661,0.4236680269,1,241.3,-16.4,1557.1,1,-0.0000005960,-1.0000001192,0.0000001799,1.0000001192,-0.0000005960,0.0000000250,-0.0000000250,0.0000001799,1.0000000000,0,188.5,185.4,1678.6,1,0.0002837777,-0.9999989867,0.0007481726,0.9999992251,0.0002837777,0.0000148533,-0.0000150651,0.0007481684,0.9999997020,0,188.5,-71.4,1678.6,0,-0.1043537334,-0.5659999251,0.8177741766,-0.9850556850,0.1721104234,-0.0065785642,-0.1370239705,-0.8062396049,-0.5755017996,1,307.2,174.3,1424.4,1,-0.4582360089,-0.5615709424,0.6889541745,-0.8823038340,0.1936298311,-0.4290074706,0.1075160578,-0.8044535518,-0.5842043757,1,281.8,-65.5,1391.1,1,0.9397042990,0.0144448821,0.3416830599,-0.0244682282,0.9993869066,0.0250432994,-0.3411118090,-0.0318936743,0.9394814968,0,196.5,-209.0,1644.7,1,0.5393373370,-0.0759123266,-0.8386611342,0.0650144368,0.9967094660,-0.0484078936,0.8395763040,-0.0284168981,0.5424979925,0,190.8,-601.6,1657.2,0,0.9397042990,0.0144448821,0.3416830599,-0.0244682282,0.9993869066,0.0250432994,-0.3411118090,-0.0318936743,0.9394814968,0,273.1,-216.2,1480.5,1,0.5393373370,-0.0759123266,-0.8386611342,0.0650144368,0.9967094660,-0.0484078936,0.8395763040,-0.0284168981,0.5424979925,0,267.5,-608.7,1493.0,0,188.5,-328.3,1678.6,0,157.3,-305.1,1420.3,1,219.5,-978.0,1667.9,0,296.1,-985.2,1503.8,0,
10,0.4199723303,-0.0176116526,0.9073680639,-0.0435598791,0.9982613921,0.0395415016,-0.9064904451,-0.0561300963,0.4184762537,1,245.3,380.3,1538.3,1,0.4199723303,-0.0176116526,0.9073680639,-0.0435598791,0.9982613921,0.0395415016,-0.9064904451,-0.0561300963,0.4184762537,1,248.9,178.3,1549.7,1,0.4199867547,0.0304789972,0.9070205688,-0.0413286872,0.9990345240,-0.0144309700,-0.9065881968,-0.0314242505,0.4208422899,1,242.9,-17.9,1555.9,1,-0.0000005960,-1.0000001192,0.0000001439,1.0000001192,-0.0000005960,0.0000000200,-0.0000000200,0.0000001439,1.0000000000,0,189.9,184.1,1676.9,1,0.0002566576,-0.9999989867,0.0006733548,0.9999992251,0.0002566576,0.0000133771,-0.0000135495,0.0006733513,0.9999997616,0,189.9,-72.7,1676.9,0,-0.1001705304,-0.5693182945,0.8159916997,-0.9862582684,0.1651057303,-0.0058778846,-0.1313785166,-0.8053673506,-0.5780337453,1,307.8,172.5,1422.4,1,-0.4601240754,-0.5594547987,0.6894173622,-0.8815056682,0.1951648146,-0.4299517274,0.1059885323,-0.8055564761,-0.5829626322,1,283.7,-65.1,1390.8,1,0.9387441278,0.0124616995,0.3443895578,-0.0203563720,0.9996061325,0.0193171687,-0.3440132141,-0.0251444019,0.9386280775,0,198.8,-210.4,1644.2,1,0.6208004355,-0.0700856522,-0.7808296680,0.0611149333,0.9972913861,-0.0409252346,0.7815829515,-0.0223139357,0.6234022379,0,193.9,-603.0,1654.1,0,0.9387441278,0.0124616995,0.3443895578,-0.0203563720,0.9996061325,0.0193171687,-0.3440132141,-0.0251444019,0.9386280775,0,275.0,-217.9,1479.9,1,0.6208004355,-0.0700856522,-0.7808296680,0.0611149333,0.9972913861,-0.0409252346,0.7815829515,-0.0223139357,0.6234022379,0,270.1,-610.5,1489.7,0,189.9,-329.6,1676.9,0,158.7,-304.6,1419.6,1,220.4,-979.7,1662.5,0,296.5,-987.2,1498.2,0,
11,0.4220875502,-0.0211699810,0.9063100815,-0.0457545258,0.9979488850,0.0446235053,-0.9053992629,-0.0603017099,0.4202544093,1,245.2,380.0,1536.3,1,0.4220875502,-0.0211699810,0.9063100815,-0.0457545258,0.9979488850,0.0446235053,-0.9053992629,-0.0603017099,0.4202544093,1,249.5,177.8,1548.5,1,0.4221016169,0.0288444273,0.9060918689,-0.0421040170,0.9990320802,-0.0121857962,-0.9055697918,-0.0330055654,0.4229088724,1,243.9,-18.4,1555.0,1,-0.0000005960,-1.0000001192,0.0000001151,1.0000001192,-0.0000005960,0.0000000160,-0.0000000160,0.0000001151,1.0000000000,0,190.3,183.7,1675.7,1,0.0002323985,-0.9999989867,0.0006060187,0.9999992251,0.0002324581,0.0000120468,-0.0000121872,0.0006060159,0.9999998212,0,190.3,-73.1,1675.7,0,-0.1031394675,-0.5676330328,0.8167954683,-0.9863958359,0.1640482098,-0.0105499486,-0.1280053407,-0.8067718148,-0.5768308043,1,308.8,171.9,1421.4,1,-0.4624844790,-0.5577833056,0.6891924143,-0.8800442219,0.1942427456,-0.4333499074,0.1078447029,-0.8069374561,-0.5807080865,1,283.8,-67.3,1390.4,1,0.9395998120,0.0106904283,0.3421079814,-0.0168145504,0.9997469783,0.0149403838,-0.3418617249,-0.0197903737,0.9395418167,0,199.9,-210.8,1643.6,1,0.6888240576,-0.0643409416,-0.7220677137,0.0569794625,0.9977772832,-0.0345523134,0.7226859331,-0.0173425525,0.6909590960,0,195.7,-603.5,1651.4,0,0.9395998120,0.0106904283,0.3421079814,-0.0168145504,0.9997469783,0.0149403838,-0.3418617249,-0.0197903737,0.9395418167,0,276.5,-218.4,1479.4,1,0.6888240576,-0.0643409416,-0.7220677137,0.0569794625,0.9977772832,-0.0345523134,0.7226859331,-0.0173425525,0.6909590960,0,272.3,-611.2,1487.2,0,190.2,-330.0,1675.7,0,158.2,-306.3,1419.7,1,220.0,-980.4,1657.9,0,296.6,-988.0,1493.7,0,
12,0.4254827797,-0.0259899292,0.9045953751,-0.0447003506,0.9977569580,0.0496958680,-0.9038614035,-0.0615793690,0.4233678877,1,245.3,379.9,1535.3,1,0.4254827797,-0.0259899292,0.9045953751,-0.0447003506,0.9977569580,0.0496958680,-0.9038614035,-0.0615793690,0.4233678877,1,250.6,177.9,1547.8,1,0.4254828990,0.0260464679,0.9045938849,-0.0423173644,0.9990580678,-0.0088589303,-0.9039760232,-0.0345098153,0.4261857271,1,245.5,-18.4,1554.6,1,-0.0000005960,-1.0000001192,0.0000000921,1.0000001192,-0.0000005960,0.0000000128,-0.0000000128,0.0000000921,1.0000000000,0,190.9,183.8,1674.7,1,0.0002107024,-0.9999990463,0.0005454164,0.9999991655,0.0002107024,0.0000108480,-0.0000109625,0.0005454140,0.9999998808,0,190.9,-73.0,1674.7,0,-0.1069567949,-0.5647485256,0.8183026910,-0.9861371517,0.1652680188,-0.0148345921,-0.1268614531,-0.8085453510,-0.5745960474,1,310.3,171.9,1420.9,1,-0.4609342813,-0.5576093793,0.6903705001,-0.8805705905,0.1908147633,-0.4338032901,0.1101598889,-0.8078747392,-0.5789673924,1,284.3,-68.0,1390.1,1,0.9408979416,0.0091166701,0.3385676444,-0.0138433818,0.9998374581,0.0115487082,-0.3384073675,-0.0155530777,0.9408711791,0,201.8,-210.7,1643.3,1,0.7452822924,-0.0588049591,-0.6641507745,0.0527791083,0.9981805682,-0.0291539729,0.6646568179,-0.0133253513,0.7470299006,0,198.2,-603.5,1649.4,0,0.9408979416,0.0091166701,0.3385676444,-0.0138433818,0.9998374581,0.0115487082,-0.3384073675,-0.0155530777,0.9408711791,0,278.9,-218.4,1479.4,1,0.7452822924,-0.0588049591,-0.6641507745,0.0527791083,0.9981805682,-0.0291539729,0.6646568179,-0.0133253513,0.7470299006,0,275.3,-611.2,1485.5,0,190.8,-329.9,1674.7,0,159.1,-307.1,1420.0,1,220.4,-980.5,1654.5,0,297.6,-988.2,1490.6,0,
13,0.4265394509,-0.0265243202,0.9040821195,-0.0445109010,0.9977363348,0.0502761081,-0.9033725858,-0.0616851524,0.4243945181,1,245.3,377.4,1534.9,1,0.4265394509,-0.0265243202,0.9040821195,-0.0445109010,0.9977363348,0.0502761081,-0.9033725858,-0.0616851524,0.4243945181,1,250.7,175.5,1547.4,1,0.4265387356,0.0260279011,0.9040970206,-0.0414924212,0.9990897775,-0.0091839693,-0.9035165906,-0.0335949622,0.4272318184,1,245.6,-20.7,1554.0,1,-0.0000005960,-1.0000001192,0.0000000737,1.0000001192,-0.0000005960,0.0000000102,-0.0000000102,0.0000000737,1.0000000000,0,190.8,181.3,1674.2,1,0.0001913309,-0.9999989867,0.0004908742,0.9999991059,0.0001913309,0.0000097680,-0.0000098615,0.0004908723,0.9999998808,0,190.8,-75.5,1674.2,0,-0.1015698090,-0.5640711188,0.8194554448,-0.9864545465,0.1637571305,-0.0095469598,-0.1288065314,-0.8093252778,-0.5730631948,1,310.6,169.7,1420.6,1,-0.4638802409,-0.5565692186,0.6892356873,-0.8786071539,0.1894275099,-0.4383681715,0.1134220436,-0.8089177608,-0.5768774152,1,286.1,-67.5,1389.6,1,0.9413127303,0.0077325958,0.3374471068,-0.0113973571,0.9998956323,0.0088804653,-0.3373432457,-0.0122053009,0.9413026571,0,201.8,-213.2,1642.5,1,0.7919167280,-0.0535574704,-0.6082758904,0.0486348495,0.9985136390,-0.0245992281,0.6086893082,-0.0101028634,0.7933443785,0,198.8,-606.0,1647.3,0,0.9413127303,0.0077325958,0.3374471068,-0.0113973571,0.9998956323,0.0088804653,-0.3373432457,-0.0122053009,0.9413026571,0,279.1,-220.7,1478.7,1,0.7919167280,-0.0535574704,-0.6082758904,0.0486348495,0.9985136390,-0.0245992281,0.6086893082,-0.0101028634,0.7933443785,0,276.1,-613.5,1483.5,0,190.8,-332.3,1674.2,0,160.2,-306.1,1420.4,1,219.0,-983.1,1651.1,0,296.3,-990.6,1487.3,0,
14,0.4247767627,-0.0275995694,0.9048793912,-0.0434139967,0.9977573752,0.0508164316,-0.9042561054,-0.0608689710,0.4226271808,1,245.3,375.8,1535.2,1,0.4247767627,-0.0275995694,0.9048793912,-0.0434139967,0.9977573752,0.0508164316,-0.9042561054,-0.0608689710,0.4226271808,1,250.9,174.1,1547.5,1,0.4247753918,0.0262492914,0.9049203992,-0.0413321517,0.9990927577,-0.0095762135,-0.9043542743,-0.0333336703,0.4254763126,1,245.7,-22.1,1554.0,1,-0.0000005960,-1.0000001192,0.0000000589,1.0000001192,-0.0000005960,0.0000000082,-0.0000000082,0.0000000589,1.0000000000,0,191.2,179.9,1674.4,1,0.0001736283,-0.9999990463,0.0004417864,0.9999991655,0.0001736283,0.0000087951,-0.0000088715,0.0004417848,0.9999998808,0,191.2,-76.9,1674.4,0,-0.0934129581,-0.5660619736,0.8190530539,-0.9871841073,0.1595691144,-0.0023072741,-0.1293895096,-0.8087716699,-0.5737131834,1,310.5,168.3,1420.5,1,-0.4688693285,-0.5544090271,0.6875989437,-0.8760682940,0.1927103102,-0.4420036077,0.1125433743,-0.8096255660,-0.5760560632,1,288.0,-69.1,1389.4,1,0.9406718612,0.0065300995,0.3392549753,-0.0093868654,0.9999329448,0.0067804391,-0.3391879201,-0.0095627094,0.9406700134,0,202.0,-214.6,1642.5,1,0.8302893043,-0.0486439057,-0.5552057028,0.0446290635,0.9987877607,-0.0207669009,0.5555428267,-0.0075357794,0.8314537406,0,199.5,-607.4,1646.3,0,0.9406718612,0.0065300995,0.3392549753,-0.0093868654,0.9999329448,0.0067804391,-0.3391879201,-0.0095627094,0.9406700134,0,279.1,-222.1,1478.6,1,0.8302893043,-0.0486439057,-0.5552057028,0.0446290635,0.9987877607,-0.0207669009,0.5555428267,-0.0075357794,0.8314537406,0,276.5,-614.9,1482.3,0,191.2,-333.8,1674.4,0,160.7,-307.1,1420.0,1,217.9,-984.6,1649.1,0,294.9,-992.1,1485.2,0,
15,0.4283314645,-0.0303017106,0.9031156301,-0.0429758579,0.9976166487,0.0538593568,-0.9025987387,-0.0618807152,0.4260096252,1,244.7,374.7,1534.8,1,0.4283314645,-0.0303017106,0.9031156301,-0.0429758579,0.9976166487,0.0538593568,-0.9025987387,-0.0618807152,0.4260096252,1,250.8,172.8,1547.3,1,0.4283232391,0.0240221042,0.9033085108,-0.0403492786,0.9991511106,-0.0074352147,-0.9027238488,-0.0332622752,0.4289303124,1,246.1,-23.5,1553.8,1,-0.0000005960,-1.0000001192,0.0000000472,1.0000001192,-0.0000005960,0.0000000065,-0.0000000065,0.0000000472,1.0000000000,0,190.7,178.4,1674.0,1,0.0001579523,-0.9999989867,0.0003976073,0.9999991059,0.0001579523,0.0000079188,-0.0000079812,0.0003976060,0.9999999404,0,190.7,-78.4,1674.0,0,-0.0916604847,-0.5633918643,0.8210895061,-0.9875389338,0.1573588401,-0.0022696699,-0.1279269755,-0.8110658526,-0.5707949400,1,310.9,167.1,1420.6,1,-0.4754680991,-0.5500292778,0.6865841746,-0.8721292019,0.1923142672,-0.4498954415,0.1154157445,-0.8127010465,-0.5711358786,1,288.8,-71.4,1389.7,1,0.9419897795,0.0054956013,0.3355965614,-0.0076865070,0.9999569058,0.0052004312,-0.3355535865,-0.0074783186,0.9419914484,0,202.6,-216.0,1642.2,1,0.8617674112,-0.0440852977,-0.5053843856,0.0408151336,0.9990125895,-0.0175482556,0.5056590438,-0.0055048121,0.8627158999,0,200.4,-608.9,1645.1,0,0.9419897795,0.0054956013,0.3355965614,-0.0076865070,0.9999569058,0.0052004312,-0.3355535865,-0.0074783186,0.9419914484,0,280.2,-223.4,1478.5,1,0.8617674112,-0.0440852977,-0.5053843856,0.0408151336,0.9990125895,-0.0175482556,0.5056590438,-0.0055048121,0.8627158999,0,278.1,-616.2,1481.5,0,190.7,-335.2,1674.0,0,159.7,-308.3,1421.0,1,217.1,-986.2,1647.2,0,294.7,-993.5,1483.5,0,
16,0.4253014326,-0.0316225253,0.9045012593,-0.0405350924,0.9977141023,0.0539454073,-0.9041431546,-0.0596060082,0.4230486751,1,244.3,372.9,1535.6,1,0.4253014326,-0.0316225253,0.9045012593,-0.0405350924,0.9977141023,0.0539454073,-0.9041431546,-0.0596060082,0.4230486751,1,250.7,171.4,1547.6,1,0.4252974987,0.0221076887,0.9047858119,-0.0397012345,0.9991881847,-0.0057494515,-0.9041820168,-0.0334749930,0.4258313179,1,246.3,-24.8,1554.2,1,-0.0000005960,-1.0000001192,0.0000000377,1.0000001192,-0.0000005960,0.0000000052,-0.0000000052,0.0000000377,1.0000000000,0,191.0,177.0,1674.5,1,0.0001439452,-0.9999989867,0.0003578461,0.9999991059,0.0001439452,0.0000071294,-0.0000071806,0.0003578451,0.9999999404,0,191.0,-79.8,1674.5,0,-0.0823939368,-0.5667749047,0.8197422624,-0.9882517457,0.1527067423,0.0062512523,-0.1287232190,-0.8095966578,-0.5726984739,1,310.4,165.9,1420.7,1,-0.4789589942,-0.5500468612,0.6841394305,-0.8699968457,0.1935027838,-0.4534999728,0.1170633659,-0.8124070764,-0.5712189078,1,290.5,-72.4,1389.6,1,0.9408545494,0.0046067317,0.3387794495,-0.0063124173,0.9999724030,0.0039331266,-0.3387519717,-0.0058390172,0.9408575296,0,203.4,-217.5,1642.7,1,0.8875263929,-0.0398857072,-0.4590272605,0.0372249186,0.9991965890,-0.0148478374,0.4592507184,-0.0039094072,0.8882980943,0,201.6,-610.3,1645.0,0,0.9408545494,0.0046067317,0.3387794495,-0.0063124173,0.9999724030,0.0039331266,-0.3387519717,-0.0058390172,0.9408575296,0,280.5,-224.7,1478.8,1,0.8875263929,-0.0398857072,-0.4590272605,0.0372249186,0.9991965890,-0.0148478374,0.4592507184,-0.0039094072,0.8882980943,0,278.7,-617.5,1481.1,0,190.9,-336.7,1674.5,0,160.4,-308.7,1421.4,1,216.7,-987.7,1646.5,0,293.8,-994.9,1482.5,0,
17,0.4190726876,-0.0362737775,0.9072298408,-0.0377865583,0.9976322651,0.0573471375,-0.9071657062,-0.0583126321,0.4167110622,1,241.9,372.0,1538.0,1,0.4190726876,-0.0362737775,0.9072298408,-0.0377865583,0.9976322651,0.0573471375,-0.9071657062,-0.0583126321,0.4167110622,1,249.3,170.8,1549.7,1,0.4190821350,0.0186050609,0.9077599049,-0.0388473906,0.9992350340,-0.0025421923,-0.9071165323,-0.0341978222,0.4194856882,1,245.6,-25.5,1556.4,1,-0.0000005960,-1.0000001192,0.0000000302,1.0000001192,-0.0000005960,0.0000000042,-0.0000000042,0.0000000302,1.0000000000,0,190.4,176.2,1677.0,1,0.0001313686,-0.9999990463,0.0003220612,0.9999990463,0.0001313686,0.0000064185,-0.0000064605,0.0003220603,0.9999999404,0,190.4,-80.6,1677.0,0,-0.0689301565,-0.5729060769,0.8167174459,-0.9883115888,0.1507978737,0.0223682392,-0.1359741390,-0.8056294918,-0.5766041875,1,308.1,165.3,1422.4,1,-0.4780868888,-0.5565585494,0.6794670820,-0.8695971966,0.1912317872,-0.4552263618,0.1234244332,-0.8085004687,-0.5754072070,1,291.5,-73.0,1389.6,1,0.9384880066,0.0038515134,0.3452903628,-0.0051854244,0.9999821782,0.0029395933,-0.3452728987,-0.0045492500,0.9384912848,0,204.0,-218.2,1645.4,1,0.9085637927,-0.0360378213,-0.4161887169,0.0338747166,0.9993468523,-0.0125830909,0.4163703322,-0.0026657367,0.9091911912,0,202.4,-611.0,1647.2,0,0.9384880066,0.0038515134,0.3452903628,-0.0051854244,0.9999821782,0.0029395933,-0.3452728987,-0.0045492500,0.9384912848,0,279.9,-225.3,1480.9,1,0.9085637927,-0.0360378213,-0.4161887169,0.0338747166,0.9993468523,-0.0125830909,0.4163703322,-0.0026657367,0.9091911912,0,278.4,-618.1,1482.7,0,190.4,-337.5,1677.0,0,161.6,-309.2,1423.1,1,216.1,-988.5,1648.2,0,292.0,-995.5,1483.7,0,
18,0.4099554718,-0.0396163650,0.9112466574,-0.0360719785,0.9975636601,0.0596014522,-0.9113914967,-0.0573033467,0.4075288773,1,241.5,372.2,1539.2,1,0.4099554718,-0.0396163650,0.9112466574,-0.0360719785,0.9975636601,0.0596014522,-0.9113914967,-0.0573033467,0.4075288773,1,249.5,171.1,1550.7,1,0.4099732935,0.0180145856,0.9119217992,-0.0377127118,0.9992778897,-0.0027825739,-0.9113171101,-0.0332493670,0.4103579521,1,246.0,-25.1,1557.2,1,-0.0000005960,-1.0000001192,0.0000000241,1.0000001192,-0.0000005960,0.0000000034,-0.0000000034,0.0000000241,1.0000000000,0,191.9,176.4,1678.6,1,0.0001200438,-0.9999990463,0.0002898547,0.9999990463,0.0001200438,0.0000057783,-0.0000058128,0.0002898541,0.9999999404,0,191.9,-80.4,1678.6,0,-0.0603558198,-0.5814961791,0.8113071322,-0.9891203046,0.1440822631,0.0296855941,-0.1341570318,-0.8006886244,-0.5838659406,1,307.0,165.8,1422.8,1,-0.4793393910,-0.5603251457,0.6754771471,-0.8686447144,0.1930524707,-0.4562751949,0.1252599210,-0.8054603338,-0.5792611837,1,292.4,-73.3,1390.4,1,0.9349784255,0.0032135763,0.3546901941,-0.0042585125,0.9999886155,0.0021654884,-0.3546791971,-0.0035351373,0.9349814653,0,205.3,-218.0,1646.4,1,0.9257179499,-0.0325270146,-0.3768133223,0.0307697263,0.9994693995,-0.0106834555,0.3769609034,-0.0017045764,0.9262276292,0,204.0,-610.8,1647.8,0,0.9349784255,0.0032135763,0.3546901941,-0.0042585125,0.9999886155,0.0021654884,-0.3546791971,-0.0035351373,0.9349814653,0,279.6,-224.8,1481.2,1,0.9257179499,-0.0325270146,-0.3768133223,0.0307697263,0.9994693995,-0.0106834555,0.3769609034,-0.0017045764,0.9262276292,0,278.3,-617.6,1482.6,0,191.9,-337.3,1678.6,0,162.3,-309.2,1424.4,1,216.3,-988.3,1648.4,0,290.6,-995.1,1483.2,0,
19,0.4041081667,-0.0476210453,0.9134727716,-0.0355908498,0.9970622063,0.0677279159,-0.9140180945,-0.0598795936,0.4012272358,1,238.9,371.2,1539.8,1,0.4041081667,-0.0476210453,0.9134727716,-0.0355908498,0.9970622063,0.0677279159,-0.9140180945,-0.0598795936,0.4012272358,1,248.5,169.9,1551.8,1,0.4041365385,0.0121942665,0.9146195650,-0.0371886343,0.9992965460,0.0031122016,-0.9139419198,-0.0352703184,0.4043070078,1,246.1,-26.3,1558.8,1,-0.0000005960,-1.0000001192,0.0000000193,1.0000001192,-0.0000005960,0.0000000027,-0.0000000027,0.0000000193,1.0000000000,0,191.8,175.1,1680.1,1,0.0001097918,-0.9999990463,0.0002608690,0.9999990463,0.0001097918,0.0000052018,-0.0000052302,0.0002608684,0.9999999404,0,191.8,-81.7,1680.1,0,-0.0544819981,-0.5874015093,0.8074596524,-0.9890537262,0.1428030133,0.0371499658,-0.1371296346,-0.7965970039,-0.5887517929,1,305.2,164.7,1423.6,1,-0.4742215574,-0.5674632192,0.6731266379,-0.8710369468,0.1911647618,-0.4524937570,0.1280954480,-0.8009004593,-0.5849359035,1,292.1,-73.4,1390.6,1,0.9326531887,0.0026769773,0.3607641160,-0.0034846382,0.9999926686,0.0015883003,-0.3607572019,-0.0027384660,0.9326556921,0,207.1,-219.2,1648.5,1,0.9396877289,-0.0293342266,-0.3407734334,0.0279074218,0.9995691776,-0.0090891179,0.3408932388,-0.0009691757,0.9401015043,0,206.0,-612.1,1649.6,0,0.9326531887,0.0026769773,0.3607641160,-0.0034846382,0.9999926686,0.0015883003,-0.3607572019,-0.0027384660,0.9326556921,0,280.3,-226.0,1482.9,1,0.9396877289,-0.0293342266,-0.3407734334,0.0279074218,0.9995691776,-0.0090891179,0.3408932388,-0.0009691757,0.9401015043,0,279.3,-618.8,1483.9,0,191.7,-338.5,1680.1,0,163.3,-310.0,1425.3,1,217.1,-989.6,1650.0,0,290.4,-996.4,1484.3,0,
20,0.4120919108,-0.0566626899,0.9093806744,-0.0438562110,0.9956670403,0.0819171667,-0.9100857973,-0.0736383200,0.4078224897,1,236.5,370.3,1534.1,1,0.4120919108,-0.0566626899,0.9093806744,-0.0438562110,0.9956670403,0.0819171667,-0.9100857973,-0.0736383200,0.4078224897,1,247.9,169.3,1548.9,1,0.4120620787,0.0037867697,0.9111500978,-0.0427295044,0.9989644885,0.0151755903,-0.9101529121,-0.0451854207,0.4117985070,1,247.2,-26.9,1557.8,1,-0.0000005960,-1.0000001192,0.0000000155,1.0000001192,-0.0000005960,0.0000000021,-0.0000000021,0.0000000155,1.0000000000,0,190.1,175.3,1676.7,1,0.0001004934,-0.9999990463,0.0002347818,0.9999990463,0.0001004934,0.0000046827,-0.0000047061,0.0002347814,1.0000000000,0,190.1,-81.5,1676.7,0,-0.0553777963,-0.5816546082,0.8115485907,-0.9903512597,0.1354092956,0.0294720251,-0.1270337701,-0.8020860553,-0.5835410953,1,305.7,163.3,1421.2,1,-0.4778546691,-0.5626851916,0.6745668650,-0.8675892949,0.1819905341,-0.4627832770,0.1376364976,-0.8063901663,-0.5751446486,1,292.5,-74.1,1390.7,1,0.9357009530,0.0022255161,0.3527872562,-0.0028284199,0.9999952912,0.0011934927,-0.3527829349,-0.0021145826,0.9357027411,0,209.1,-219.2,1649.2,1,0.9510524869,-0.0264380649,-0.3078964055,0.0252801143,0.9996503592,-0.0077497009,0.3079936206,-0.0004132828,0.9513883591,0,208.2,-612.0,1650.0,0,0.9357009530,0.0022255161,0.3527872562,-0.0028284199,0.9999952912,0.0011934927,-0.3527829349,-0.0021145826,0.9357027411,0,283.8,-226.9,1484.2,1,0.9510524869,-0.0264380649,-0.3078964055,0.0252801143,0.9996503592,-0.0077497009,0.3079936206,-0.0004132828,0.9513883591,0,282.9,-619.8,1485.0,0,190.0,-338.4,1676.7,0,162.7,-309.7,1428.1,1,218.2,-989.6,1650.2,0,292.9,-997.3,1485.2,0,
21,0.4134716392,-0.0654026195,0.9081670046,-0.0555740818,0.9937374592,0.0968712345,-0.9088190198,-0.0905229598,0.4072487652,1,233.1,367.1,1527.7,1,0.4134716392,-0.0654026195,0.9081670046,-0.0555740818,0.9937374592,0.0968712345,-0.9088190198,-0.0905229598,0.4072487652,1,246.3,166.5,1546.0,1,0.4132148027,-0.0049538082,0.9106222987,-0.0483000204,0.9984514117,0.0273519568,-0.9093513489,-0.0552844852,0.4123369455,1,247.3,-29.5,1556.8,1,-0.0000005960,-1.0000001192,0.0000000124,1.0000001192,-0.0000005960,0.0000000017,-0.0000000017,0.0000000124,1.0000000000,0,188.4,173.3,1673.6,1,0.0000922680,-0.9999990463,0.0002113034,0.9999990463,0.0000922680,0.0000042153,-0.0000042346,0.0002113030,1.0000000000,0,188.4,-83.5,1673.6,0,-0.0547066219,-0.5819771886,0.8113628030,-0.9919245243,0.1247937754,0.0226314254,-0.1144240201,-0.8035725355,-0.5841045380,1,304.3,159.8,1418.3,1,-0.4792463183,-0.5600246787,0.6757923365,-0.8661425710,0.1773364842,-0.4672780037,0.1418445557,-0.8092737794,-0.5700491667,1,291.3,-75.9,1391.2,1,0.9360732436,0.0018438343,0.3518002629,-0.0022992496,0.9999970198,0.0008767396,-0.3517975211,-0.0016295689,0.9360747337,0,210.8,-221.2,1650.1,1,0.9602904320,-0.0238161907,-0.2779840529,0.0228767805,0.9997163415,-0.0066229752,0.2780629098,0.0000005988,0.9605628848,0,210.1,-614.1,1650.8,0,0.9360732436,0.0018438343,0.3518002629,-0.0022992496,0.9999970198,0.0008767396,-0.3517975211,-0.0016295689,0.9360747337,0,285.8,-230.0,1485.3,1,0.9602904320,-0.0238161907,-0.2779840529,0.0228767805,0.9997163415,-0.0066229752,0.2780629098,0.0000005988,0.9605628848,0,285.0,-622.8,1485.9,0,188.3,-340.4,1673.6,0,161.2,-311.1,1429.7,1,219.1,-991.7,1650.8,0,294.0,-1000.4,1485.9,0,
22,0.4090389013,-0.0710657462,0.9097474217,-0.0559702441,0.9931247830,0.1027484387,-0.9107984900,-0.0929458290,0.4022502303,1,230.2,366.4,1528.0,1,0.4090389013,-0.0710657462,0.9097474217,-0.0559702441,0.9931247830,0.1027484387,-0.9107984900,-0.0929458290,0.4022502303,1,244.6,164.8,1546.9,1,0.4088622034,-0.0074609970,0.9125677943,-0.0514887646,0.9981781840,0.0312328525,-0.9111421108,-0.0597561151,0.4077344537,1,246.1,-31.3,1558.6,1,-0.0000005960,-1.0000001192,0.0000000099,1.0000001192,-0.0000005960,0.0000000014,-0.0000000014,0.0000000099,1.0000000000,0,187.2,172.0,1674.8,1,0.0000848174,-0.9999990463,0.0001901729,0.9999990463,0.0000848174,0.0000037945,-0.0000038104,0.0001901725,1.0000000000,0,187.2,-84.8,1674.8,0,-0.0551127195,-0.5859872103,0.8084440231,-0.9920947552,0.1235601902,0.0219280981,-0.1127410755,-0.8008445501,-0.5881645679,1,302.0,157.5,1419.0,1,-0.4779539406,-0.5646531582,0.6728497744,-0.8664628863,0.1772963405,-0.4666991532,0.1442293227,-0.8060600758,-0.5739904642,1,288.8,-79.9,1392.0,1,0.9343536496,0.0015239272,0.3563438654,-0.0018701118,0.9999980927,0.0006269828,-0.3563421965,-0.0012522265,0.9343546629,0,210.5,-222.6,1652.9,1,0.9677944183,-0.0214463100,-0.2508266568,0.0206844248,0.9997699261,-0.0056736660,0.2508906126,0.0003027380,0.9680153728,0,209.9,-615.5,1653.4,0,0.9343536496,0.0015239272,0.3563438654,-0.0018701118,0.9999980927,0.0006269828,-0.3563421965,-0.0012522265,0.9343546629,0,284.6,-232.0,1487.8,1,0.9677944183,-0.0214463100,-0.2508266568,0.0206844248,0.9997699261,-0.0056736660,0.2508906126,0.0003027380,0.9680153728,0,284.0,-624.8,1488.3,0,187.2,-341.7,1674.8,0,159.0,-315.3,1431.2,1,218.0,-993.1,1653.3,0,292.1,-1002.4,1488.1,0,
23,0.3951280415,-0.0748482794,0.9155735970,-0.0522757843,0.9932208657,0.1037606001,-0.9171369672,-0.0888600349,0.3885378242,1,228.0,365.3,1531.2,1,0.3951280415,-0.0748482794,0.9155735970,-0.0522757843,0.9932208657,0.1037606001,-0.9171369672,-0.0888600349,0.3885378242,1,243.1,164.0,1549.2,1,0.3950602710,-0.0109810792,0.9185916781,-0.0507027768,0.9981367588,0.0337409489,-0.9172544479,-0.0599040538,0.3937686980,1,245.3,-32.1,1561.0,1,-0.0000005960,-1.0000001192,0.0000000079,1.0000001192,-0.0000005960,0.0000000011,-0.0000000011,0.0000000079,1.0000000000,0,187.7,171.1,1677.9,1,0.0000782609,-0.9999990463,0.0001711554,0.9999990463,0.0000782609,0.0000034156,-0.0000034288,0.0001711551,1.0000000000,0,187.7,-85.8,1677.9,0,-0.0466182902,-0.4972918630,0.8663299680,-0.9920579195,0.1244779453,0.0180691164,-0.1168245971,-0.8586071730,-0.4991451800,1,298.6,156.8,1420.5,1,-0.4843863547,-0.4972918332,0.7197713256,-0.8608800769,0.1244779304,-0.4933465719,0.1557415426,-0.8586071134,-0.4884040058,1,287.4,-81.5,1392.4,1,0.9288398623,0.0012573305,0.3704794049,-0.0015230075,0.9999987483,0.0004245881,-0.3704783618,-0.0009586172,0.9288405776,0,211.6,-223.5,1655.9,1,0.9738866687,-0.0193067864,-0.2262121588,0.0186890252,0.9998134971,-0.0048723845,0.2262640446,0.0005174654,0.9740658402,0,211.1,-616.3,1656.2,0,0.9288398623,0.0012573305,0.3704794049,-0.0015230075,0.9999987483,0.0004245881,-0.3704783618,-0.0009586172,0.9288405776,0,283.3,-232.7,1489.6,1,0.9738866687,-0.0193067864,-0.2262121588,0.0186890252,0.9998134971,-0.0048723845,0.2262640446,0.0005174654,0.9740658402,0,282.8,-625.5,1490.0,0,187.7,-342.6,1677.9,0,155.8,-315.2,1434.7,1,218.4,-994.0,1656.1,0,290.1,-1003.2,1489.8,0,
