1,0.6756691933,-0.0533710495,0.7352725267,-0.0194661636,0.9957337976,0.0901681334,-0.7369495034,-0.0752358362,0.6717492342,1,309.9,392.1,1643.6,1,0.6756691933,-0.0533710495,0.7352725267,-0.0194661636,0.9957337976,0.0901681334,-0.7369495034,-0.0752358362,0.6717492342,1,320.8,188.4,1659.0,1,0.6756746173,0.0093927421,0.7371423841,-0.0197085217,0.9997888803,0.0053278338,-0.7369381189,-0.0181272365,0.6757186651,1,319.0,-7.9,1662.6,1,-0.0000005960,-1.0000001192,0.0000000000,1.0000001192,-0.0000005960,0.0000000000,-0.0000000000,0.0000000000,1.0000000000,0,226.0,191.2,1762.4,1,0.0000197291,-0.9999990463,0.0000000000,0.9999990463,0.0000197291,0.0000000000,0.0000000000,0.0000000000,1.0000000000,0,226.0,-65.6,1762.4,0,-0.0000005960,1.0000001192,0.0000000000,-1.0000001192,-0.0000005960,0.0000000000,0.0000000000,-0.0000000000,1.0000000000,0,415.7,185.7,1555.6,1,0.0000170469,0.9999990463,0.0000000000,-0.9999990463,0.0000170469,-0.0000000000,-0.0000000000,-0.0000000000,1.0000000000,0,415.7,-71.2,1555.6,0,0.9298236370,-0.1967752874,0.3109783232,0.2733485997,0.9350787401,-0.2256285995,-0.2463910878,0.2948002815,0.9232465625,0,255.9,-202.5,1732.9,1,0.9116078019,-0.2136648744,0.3511673808,0.3101145327,0.9182270169,-0.2463496029,-0.2698150873,0.3334763348,0.9033234715,0,333.2,-569.8,1617.1,0,0.9990586042,0.0000256032,0.0433805175,-0.0000265615,1.0000000000,0.0000215142,-0.0433805175,-0.0000226462,0.9990586042,0,378.4,-206.1,1599.3,1,0.9907219410,0.0000808283,0.1359046698,-0.0000646894,1.0000000000,-0.0001231678,-0.1359046698,0.0001132334,0.9907219410,0,378.4,-598.9,1599.3,0,226.0,-322.5,1762.4,0,415.7,-328.0,1555.6,0,413.9,-916.6,1491.2,0,378.4,-976.6,1599.3,0,
2,0.6771126986,-0.0539888777,0.7338983417,-0.0246129539,0.9950827360,0.0959141925,-0.7354692817,-0.0830071792,0.6724558473,1,310.2,390.6,1641.0,1,0.6771126986,-0.0539888777,0.7338983417,-0.0246129539,0.9950827360,0.0959141925,-0.7354692817,-0.0830071792,0.6724558473,1,321.3,187.4,1657.9,1,0.6770608425,0.0084244227,0.7358811498,-0.0223391261,0.9997062683,0.0091109574,-0.7355896235,-0.0226069894,0.6770517230,1,319.6,-8.9,1662.4,1,-0.0000005960,-1.0000001192,0.0000000000,1.0000001192,-0.0000005960,0.0000000000,-0.0000000000,0.0000000000,1.0000000000,0,226.2,190.6,1761.2,1,0.0000197291,-0.9999990463,0.0000000000,0.9999990463,0.0000197291,0.0000000000,0.0000000000,0.0000000000,1.0000000000,0,226.2,-66.3,1761.2,0,-0.0000005960,1.0000001192,0.0000000000,-1.0000001192,-0.0000005960,0.0000000000,0.0000000000,-0.0000000000,1.0000000000,0,416.3,184.3,1554.7,1,0.0000170469,0.9999990463,0.0000000000,-0.9999990463,0.0000170469,-0.0000000000,-0.0000000000,-0.0000000000,1.0000000000,0,416.3,-72.5,1554.7,0,0.9303044677,-0.1938146204,0.3113992512,0.2711137533,0.9351793528,-0.2278968692,-0.2470444143,0.2964380980,0.9225473404,0,256.6,-203.2,1733.5,1,0.9122137427,-0.2103122473,0.3516175449,0.3076757193,0.9183540344,-0.2489208132,-0.2705582678,0.3352531493,0.9024431109,0,332.7,-570.6,1617.1,0,0.9991385937,0.0000205615,0.0414977930,-0.0000212920,1.0000000000,0.0000171596,-0.0414977930,-0.0000180284,0.9991385937,0,379.3,-207.3,1600.1,1,0.9924825430,0.0000720598,0.1223863289,-0.0000589834,1.0000000000,-0.0001104679,-0.1223863289,0.0001024187,0.9924825430,0,379.3,-600.1,1600.1,0,226.2,-323.1,1761.2,0,416.3,-329.4,1554.7,0,412.2,-917.4,1490.4,0,379.3,-977.8,1600.1,0,
3,0.6784622669,-0.0596866645,0.7322087288,-0.0238918439,0.9943713546,0.1031981260,-0.7342483401,-0.0875089020,0.6732188463,1,308.7,393.2,1639.7,1,0.6784622669,-0.0596866645,0.7322087288,-0.0238918439,0.9943713546,0.1031981260,-0.7342483401,-0.0875089020,0.6732188463,1,320.9,189.1,1657.6,1,0.6784303188,0.0056189802,0.7346455455,-0.0227120519,0.9996504784,0.0133303860,-0.7343152761,-0.0257284287,0.6783223748,1,319.8,-7.3,1662.7,1,-0.0000005960,-1.0000001192,0.0000000000,1.0000001192,-0.0000005960,0.0000000000,-0.0000000000,0.0000000000,1.0000000000,0,225.7,192.3,1760.7,1,0.0000197291,-0.9999990463,0.0000000000,0.9999990463,0.0000197291,0.0000000000,0.0000000000,0.0000000000,1.0000000000,0,225.7,-64.6,1760.7,0,-0.0000005960,1.0000001192,0.0000000000,-1.0000001192,-0.0000005960,0.0000000000,0.0000000000,-0.0000000000,1.0000000000,0,416.2,185.9,1554.6,1,0.0000170469,0.9999990463,0.0000000000,-0.9999990463,0.0000170469,-0.0000000000,-0.0000000000,-0.0000000000,1.0000000000,0,416.2,-71.0,1554.6,0,0.9307533503,-0.1910233498,0.3117824495,0.2685920596,0.9357607961,-0.2284951657,-0.2481058687,0.2964149117,0.9222698212,0,257.2,-201.5,1734.3,1,0.9127775431,-0.2071911842,0.3520070314,0.3048959076,0.9190849662,-0.2496423423,-0.2718006968,0.3351934254,0.9020918608,0,332.3,-569.1,1617.9,0,0.9992125034,0.0000165093,0.0396778658,-0.0000170659,1.0000000000,0.0000136883,-0.0396778658,-0.0000143546,0.9992125034,0,380.2,-205.7,1601.2,1,0.9939094186,0.0000642948,0.1102003083,-0.0000537004,1.0000000000,-0.0000991054,-0.1102003083,0.0000925840,0.9939094186,0,380.2,-598.5,1601.2,0,225.7,-321.4,1760.7,0,416.2,-327.8,1554.6,0,410.5,-916.3,1491.3,0,380.2,-976.2,1601.2,0,
4,0.6775839329,-0.0615816265,0.7328647375,-0.0236960817,0.9941399097,0.1054477990,-0.7350652814,-0.0888148099,0.6721555591,1,308.9,391.4,1639.0,1,0.6775839329,-0.0615816265,0.7328647375,-0.0236960817,0.9941399097,0.1054477990,-0.7350652814,-0.0888148099,0.6721555591,1,321.5,188.2,1657.2,1,0.6775366664,0.0033812411,0.7354834676,-0.0220739972,0.9996297359,0.0157413930,-0.7351593375,-0.0268998165,0.6773620248,1,320.8,-8.1,1662.5,1,-0.0000005960,-1.0000001192,0.0000000000,1.0000001192,-0.0000005960,0.0000000000,-0.0000000000,0.0000000000,1.0000000000,0,226.4,191.3,1760.4,1,0.0000197291,-0.9999990463,0.0000000000,0.9999990463,0.0000197291,0.0000000000,0.0000000000,0.0000000000,1.0000000000,0,226.4,-65.5,1760.4,0,-0.0000005960,1.0000001192,0.0000000000,-1.0000001192,-0.0000005960,0.0000000000,0.0000000000,-0.0000000000,1.0000000000,0,416.6,185.1,1554.0,1,0.0000170469,0.9999990463,0.0000000000,-0.9999990463,0.0000170469,-0.0000000000,-0.0000000000,-0.0000000000,1.0000000000,0,416.6,-71.7,1554.0,0,0.8924849629,-0.2189761698,0.3943602741,0.3400505185,0.9010360837,-0.2692576349,-0.2963718474,0.3744108379,0.8786240816,1,258.8,-202.4,1734.4,1,0.8924850225,-0.2189763039,0.3943602741,0.3400505781,0.9010361433,-0.2692574859,-0.2963718474,0.3744106889,0.8786242008,1,344.8,-556.4,1587.3,1,-0.5396850109,0.0100507038,-0.8418068886,-0.0114952847,0.9997472763,0.0193060860,0.8417882919,0.0200960189,-0.5394333005,1,381.6,-206.4,1601.1,1,-0.9650985003,-0.0105972905,0.2616724670,-0.0112507185,0.9999362230,-0.0009991077,-0.2616451979,-0.0039082412,-0.9651561379,0,377.6,-599.2,1593.2,1,226.4,-322.4,1760.4,0,416.6,-328.6,1554.0,0,427.5,-896.7,1445.9,1,381.6,-976.9,1594.7,0,
5,0.6781508327,-0.0599710606,0.7324739099,-0.0238103848,0.9943462014,0.1034591496,-0.7345387340,-0.0876004472,0.6728901863,1,308.4,390.3,1639.7,1,0.6781508327,-0.0599710606,0.7324739099,-0.0238103848,0.9943462014,0.1034591496,-0.7345387340,-0.0876004472,0.6728901863,1,320.6,187.4,1657.6,1,0.6780546904,0.0025195424,0.7350093126,-0.0204743166,0.9996681213,0.0154631790,-0.7347279191,-0.0255330801,0.6778828502,1,320.1,-9.0,1662.6,1,-0.0000005960,-1.0000001192,0.0000000000,1.0000001192,-0.0000005960,0.0000000000,-0.0000000000,0.0000000000,1.0000000000,0,225.5,190.3,1760.7,1,0.0000197291,-0.9999990463,0.0000000000,0.9999990463,0.0000197291,0.0000000000,0.0000000000,0.0000000000,1.0000000000,0,225.5,-66.6,1760.7,0,-0.0000005960,1.0000001192,0.0000000000,-1.0000001192,-0.0000005960,0.0000000000,0.0000000000,-0.0000000000,1.0000000000,0,415.8,184.5,1554.4,1,0.0000170469,0.9999990463,0.0000000000,-0.9999990463,0.0000170469,-0.0000000000,-0.0000000000,-0.0000000000,1.0000000000,0,415.8,-72.3,1554.4,0,0.9304470420,-0.1900495440,0.3132881522,0.2683740258,0.9355754852,-0.2295079678,-0.2494868040,0.2976234257,0.9215077758,0,258.2,-203.4,1734.2,1,0.9123942852,-0.2060375661,0.3536739349,0.3046915829,0.9188537002,-0.2507408261,-0.2733125687,0.3365359306,0.9011347294,0,332.8,-571.0,1617.3,0,0.9991270304,0.0121324956,0.0399725735,-0.0115189683,0.9998128414,-0.0155434376,-0.0401536226,0.0150694307,0.9990798831,0,381.1,-207.2,1601.0,1,-0.8511946201,-0.0096355956,0.5247613788,-0.0109460279,0.9999399185,0.0006056360,-0.5247356296,-0.0052285381,-0.8512489796,0,376.4,-599.9,1595.1,0,225.5,-323.4,1760.7,0,415.8,-329.2,1554.4,0,410.7,-918.0,1490.2,0,380.0,-977.6,1597.1,0,
6,0.6796329618,-0.0615626201,0.7309664488,-0.0225424916,0.9942460060,0.1046985388,-0.7332075834,-0.0876334235,0.6743360758,1,309.6,391.2,1639.5,1,0.6796329618,-0.0615626201,0.7309664488,-0.0225424916,0.9942460060,0.1046985388,-0.7332075834,-0.0876334235,0.6743360758,1,322.2,188.0,1657.4,1,0.6795520782,0.0027398805,0.7336242795,-0.0198001657,0.9996945262,0.0146093583,-0.7333617210,-0.0244530868,0.6794003844,1,321.7,-8.4,1662.3,1,-0.0000005960,-1.0000001192,0.0000000000,1.0000001192,-0.0000005960,0.0000000000,-0.0000000000,0.0000000000,1.0000000000,0,226.8,190.7,1760.4,1,0.0000197291,-0.9999990463,0.0000000000,0.9999990463,0.0000197291,0.0000000000,0.0000000000,0.0000000000,1.0000000000,0,226.8,-66.1,1760.4,0,-0.0000005960,1.0000001192,0.0000000000,-1.0000001192,-0.0000005960,0.0000000000,0.0000000000,-0.0000000000,1.0000000000,0,417.6,185.2,1554.5,1,0.0000170469,0.9999990463,0.0000000000,-0.9999990463,0.0000170469,-0.0000000000,-0.0000000000,-0.0000000000,1.0000000000,0,417.6,-71.7,1554.5,0,0.9316295981,-0.1874133348,0.3113559484,0.2646986544,0.9369833469,-0.2280281484,-0.2489998192,0.2948532999,0.9225294590,0,259.5,-202.9,1733.5,1,0.9138765931,-0.2032151073,0.3514728844,0.3005682826,0.9206204414,-0.2492321134,-0.2729254067,0.3334090114,0.9024134874,0,333.1,-571.0,1617.7,0,0.9992308021,0.0096580563,0.0380063690,-0.0091906451,0.9998801947,-0.0124537991,-0.0381220877,0.0120949177,0.9991999269,0,382.7,-206.5,1600.6,1,-0.6884704828,-0.0084807174,0.7252144217,-0.0102917356,0.9999451637,0.0019231464,-0.7251909375,-0.0061396845,-0.6885200739,0,378.9,-599.3,1595.8,0,226.8,-322.9,1760.4,0,417.6,-328.5,1554.5,0,409.9,-918.7,1491.8,0,382.1,-977.0,1598.1,0,
7,0.6772525311,-0.0627010390,0.7330760360,-0.0197433028,0.9944518209,0.1032996178,-0.7354874015,-0.0844323263,0.6722585559,1,308.6,391.5,1641.0,1,0.6772525311,-0.0627010390,0.7330760360,-0.0197433028,0.9944518209,0.1032996178,-0.7354874015,-0.0844323263,0.6722585559,1,321.5,187.9,1658.2,1,0.6772047877,0.0034022015,0.7357888818,-0.0181355458,0.9997599721,0.0120709520,-0.7355727553,-0.0215178188,0.6771054864,1,320.8,-8.5,1662.5,1,-0.0000005960,-1.0000001192,0.0000000000,1.0000001192,-0.0000005960,0.0000000000,-0.0000000000,0.0000000000,1.0000000000,0,226.4,190.4,1761.5,1,0.0000197291,-0.9999990463,0.0000000000,0.9999990463,0.0000197291,0.0000000000,0.0000000000,0.0000000000,1.0000000000,0,226.4,-66.4,1761.5,0,-0.0000005960,1.0000001192,0.0000000000,-1.0000001192,-0.0000005960,0.0000000000,0.0000000000,-0.0000000000,1.0000000000,0,416.5,185.3,1555.0,1,0.0000170469,0.9999990463,0.0000000000,-0.9999990463,0.0000170469,-0.0000000000,-0.0000000000,-0.0000000000,1.0000000000,0,416.5,-71.5,1555.0,0,0.9309533834,-0.1885089576,0.3127142489,0.2660825253,0.9367307425,-0.2274545580,-0.2500518262,0.2949573696,0.9222115874,0,258.7,-203.2,1733.4,1,0.9130272865,-0.2044014037,0.3529889882,0.3021148741,0.9203045964,-0.2485278100,-0.2740579545,0.3335558772,0.9020159245,0,332.8,-571.2,1617.5,0,0.9991192222,0.0076897889,0.0412506759,-0.0072824960,0.9999234080,-0.0100148199,-0.0413245261,0.0097055919,0.9990986586,0,381.5,-206.5,1600.0,1,-0.5023994446,-0.0072722989,0.8646048307,-0.0094314134,0.9999512434,0.0029303620,-0.8645839691,-0.0066822339,-0.5024434328,0,378.5,-599.3,1596.2,0,226.4,-323.3,1761.5,0,416.5,-328.3,1555.0,0,410.0,-918.8,1491.5,0,381.3,-977.0,1598.7,0,
8,0.6787191629,-0.0600983165,0.7319366932,-0.0219283607,0.9945404530,0.1019972265,-0.7340721488,-0.0852766782,0.6736971736,1,309.4,391.2,1640.2,1,0.6787191629,-0.0600983165,0.7319366932,-0.0219283607,0.9945404530,0.1019972265,-0.7340721488,-0.0852766782,0.6736971736,1,321.7,187.1,1657.7,1,0.6785930991,0.0041891467,0.7345045805,-0.0174307059,0.9997912645,0.0104038334,-0.7343091965,-0.0198622793,0.6785259843,1,320.9,-9.3,1661.6,1,-0.0000005960,-1.0000001192,0.0000000000,1.0000001192,-0.0000005960,0.0000000000,-0.0000000000,0.0000000000,1.0000000000,0,226.5,189.6,1760.7,1,0.0000197291,-0.9999990463,0.0000000000,0.9999990463,0.0000197291,0.0000000000,0.0000000000,0.0000000000,1.0000000000,0,226.5,-67.3,1760.7,0,-0.0000005960,1.0000001192,0.0000000000,-1.0000001192,-0.0000005960,0.0000000000,0.0000000000,-0.0000000000,1.0000000000,0,417.0,184.7,1554.6,1,0.0000170469,0.9999990463,0.0000000000,-0.9999990463,0.0000170469,-0.0000000000,-0.0000000000,-0.0000000000,1.0000000000,0,417.0,-72.2,1554.6,0,0.9314546585,-0.1899220496,0.3103577197,0.2662546635,0.9371250272,-0.2256216854,-0.2479934543,0.2927905321,0.9234570861,0,258.6,-204.0,1732.0,1,0.9136543870,-0.2060895562,0.3503751755,0.3022447228,0.9207972288,-0.2465372533,-0.2718157172,0.3311488926,0.9035798907,0,333.2,-572.2,1617.0,0,0.9992050529,0.0061199120,0.0393920392,-0.0058080982,0.9999509454,-0.0080252467,-0.0394392200,0.0077900742,0.9991915822,0,381.6,-207.2,1598.9,1,-0.3113949299,-0.0061035482,0.9502609968,-0.0084765712,0.9999574423,0.0036450271,-0.9502427578,-0.0069199121,-0.3114334345,0,379.2,-600.0,1595.8,0,226.5,-324.1,1760.7,0,417.0,-329.0,1554.6,0,411.0,-919.9,1491.9,0,381.5,-977.7,1598.4,0,
9,0.6768867373,-0.0616933964,0.7334992290,-0.0224813931,0.9942811728,0.1043764576,-0.7357453704,-0.0871401727,0.6716302633,1,309.8,391.3,1639.3,1,0.6768867373,-0.0616933964,0.7334992290,-0.0224813931,0.9942811728,0.1043764576,-0.7357453704,-0.0871401727,0.6716302633,1,322.4,187.6,1657.1,1,0.6767507792,0.0032779980,0.7362069488,-0.0178396609,0.9997667670,0.0119495606,-0.7359975576,-0.0212199371,0.6766529679,1,321.7,-8.7,1661.3,1,-0.0000005960,-1.0000001192,0.0000000000,1.0000001192,-0.0000005960,0.0000000000,-0.0000000000,0.0000000000,1.0000000000,0,227.4,190.1,1760.4,1,0.0000197291,-0.9999990463,0.0000000000,0.9999990463,0.0000197291,0.0000000000,0.0000000000,0.0000000000,1.0000000000,0,227.4,-66.7,1760.4,0,-0.0000005960,1.0000001192,0.0000000000,-1.0000001192,-0.0000005960,0.0000000000,0.0000000000,-0.0000000000,1.0000000000,0,417.4,185.1,1553.8,1,0.0000170469,0.9999990463,0.0000000000,-0.9999990463,0.0000170469,-0.0000000000,-0.0000000000,-0.0000000000,1.0000000000,0,417.4,-71.7,1553.8,0,0.8935577273,-0.2162526548,0.3934326768,0.3361608088,0.9031462669,-0.2670630515,-0.2975741625,0.3708929121,0.8797090650,1,259.8,-203.5,1732.2,1,0.8935577273,-0.2162525505,0.3934327960,0.3361608386,0.9031461477,-0.2670633495,-0.2975741625,0.3708931804,0.8797090054,1,344.7,-558.2,1586.5,1,-0.5359616280,0.0520206094,-0.8426381350,0.0144214649,0.9985182285,0.0524711460,0.8441191912,0.0159704499,-0.5359176993,1,382.4,-206.7,1598.7,1,-0.9657586217,0.0010800995,0.2594395876,0.0020655538,0.9999915957,0.0035258154,-0.2594335973,0.0039409734,-0.9657528400,0,362.0,-599.0,1592.5,1,227.4,-323.6,1760.4,0,417.4,-328.6,1553.8,0,426.4,-899.4,1446.4,1,361.6,-976.7,1591.0,0,
10,0.6732147336,-0.0570776500,0.7372427583,-0.0202135127,0.9952206016,0.0955112576,-0.7391723394,-0.0792009085,0.6688447595,1,310.4,392.3,1642.3,1,0.6732147336,-0.0570776500,0.7372427583,-0.0202135127,0.9952206016,0.0955112576,-0.7391723394,-0.0792009085,0.6688447595,1,322.1,188.4,1658.5,1,0.6731528640,0.0075678136,0.7394666672,-0.0177210290,0.9998228550,0.0059016375,-0.7392925620,-0.0170761868,0.6731692553,1,320.6,-8.0,1661.9,1,-0.0000005960,-1.0000001192,0.0000000000,1.0000001192,-0.0000005960,0.0000000000,-0.0000000000,0.0000000000,1.0000000000,0,227.6,190.8,1762.3,1,0.0000197291,-0.9999990463,0.0000000000,0.9999990463,0.0000197291,0.0000000000,0.0000000000,0.0000000000,1.0000000000,0,227.6,-66.0,1762.3,0,-0.0000005960,1.0000001192,0.0000000000,-1.0000001192,-0.0000005960,0.0000000000,0.0000000000,-0.0000000000,1.0000000000,0,416.6,185.9,1554.8,1,0.0000170469,0.9999990463,0.0000000000,-0.9999990463,0.0000170469,-0.0000000000,-0.0000000000,-0.0000000000,1.0000000000,0,416.6,-71.0,1554.8,0,0.9301092029,-0.1906056255,0.3139527440,0.2679771483,0.9367364645,-0.2251955569,-0.2511674762,0.2935886085,0.9223451614,0,258.1,-202.8,1732.3,1,0.9119654298,-0.2067444623,0.3543667495,0.3042018116,0.9203131199,-0.2459370047,-0.2752822340,0.3320850432,0.9021857977,0,332.9,-570.7,1616.9,0,0.9978376627,0.0466799028,0.0462719053,-0.0464469492,0.9989021420,-0.0060976096,-0.0465057343,0.0039352328,0.9989103079,0,380.1,-206.0,1598.2,1,-0.8523377180,0.0004888073,0.5229911804,0.0024753474,0.9999921322,0.0030995335,-0.5229855776,0.0039364351,-0.8523322344,0,361.8,-598.4,1596.7,0,227.6,-322.8,1762.3,0,416.6,-327.8,1554.8,0,411.0,-918.3,1491.5,0,361.6,-976.1,1595.2,0,
11,0.6715415120,-0.0536076166,0.7390270233,-0.0186668709,0.9958360791,0.0892011523,-0.7407332659,-0.0736966655,0.6677460074,1,310.7,391.7,1644.3,1,0.6715415120,-0.0536076166,0.7390270233,-0.0186668709,0.9958360791,0.0892011523,-0.7407332659,-0.0736966655,0.6677460074,1,321.6,188.0,1659.4,1,0.6714974046,0.0092891846,0.7409507036,-0.0166787077,0.9998548627,0.0025824218,-0.7408207059,-0.0140915532,0.6715563536,1,319.8,-8.3,1662.2,1,-0.0000005960,-1.0000001192,0.0000000000,1.0000001192,-0.0000005960,0.0000000000,-0.0000000000,0.0000000000,1.0000000000,0,227.4,190.4,1763.4,1,0.0000197291,-0.9999990463,0.0000000000,0.9999990463,0.0000197291,0.0000000000,0.0000000000,0.0000000000,1.0000000000,0,227.4,-66.5,1763.4,0,-0.0000005960,1.0000001192,0.0000000000,-1.0000001192,-0.0000005960,0.0000000000,0.0000000000,-0.0000000000,1.0000000000,0,415.9,185.7,1555.4,1,0.0000170469,0.9999990463,0.0000000000,-0.9999990463,0.0000170469,-0.0000000000,-0.0000000000,-0.0000000000,1.0000000000,0,415.9,-71.2,1555.4,0,0.8910951614,-0.2238797098,0.3947496712,0.3430190384,0.9017959833,-0.2628723383,-0.2971318960,0.3696509004,0.8803811073,1,257.1,-203.2,1732.1,1,0.8910952210,-0.2238795757,0.3947496712,0.3430189490,0.9017960429,-0.2628725171,-0.2971319258,0.3696510494,0.8803809881,1,345.1,-557.5,1586.9,1,-0.5290659666,0.0469607636,-0.8472802639,0.0217527375,0.9988898635,0.0417807475,0.8483017683,0.0036741039,-0.5295001864,1,378.9,-206.2,1597.8,1,-0.9676961303,0.0026875732,0.2521054447,0.0034566824,0.9999906421,0.0026079160,-0.2520960867,0.0033951183,-0.9676963091,0,360.4,-598.6,1596.4,1,227.4,-323.3,1763.4,0,415.9,-328.0,1555.4,0,429.6,-898.1,1447.3,1,359.4,-976.3,1595.1,0,
12,0.6723062396,-0.0574838407,0.7380397320,-0.0221086796,0.9949738979,0.0976381004,-0.7399443984,-0.0819588527,0.6676575541,1,309.7,391.4,1641.4,1,0.6723062396,-0.0574838407,0.7380397320,-0.0221086796,0.9949738979,0.0976381004,-0.7399443984,-0.0819588527,0.6676575541,1,321.5,188.3,1658.1,1,0.6722015142,0.0054879873,0.7403498888,-0.0180887226,0.9997930527,0.0090146419,-0.7401487231,-0.0194510147,0.6721631289,1,320.4,-8.1,1661.9,1,-0.0000005960,-1.0000001192,0.0000000000,1.0000001192,-0.0000005960,0.0000000000,-0.0000000000,0.0000000000,1.0000000000,0,227.1,190.8,1762.0,1,0.0000197291,-0.9999990463,0.0000000000,0.9999990463,0.0000197291,0.0000000000,0.0000000000,0.0000000000,1.0000000000,0,227.1,-66.0,1762.0,0,-0.0000005960,1.0000001192,0.0000000000,-1.0000001192,-0.0000005960,0.0000000000,0.0000000000,-0.0000000000,1.0000000000,0,415.8,185.7,1554.2,1,0.0000170469,0.9999990463,0.0000000000,-0.9999990463,0.0000170469,-0.0000000000,-0.0000000000,-0.0000000000,1.0000000000,0,415.8,-71.1,1554.2,0,0.9296435118,-0.1894162148,0.3160449564,0.2675481439,0.9367735386,-0.2255511135,-0.2533394992,0.2942393720,0.9215434194,0,258.4,-202.8,1732.8,1,0.9113813043,-0.2053505033,0.3566724658,0.3037629724,0.9203619957,-0.2462962866,-0.2776907086,0.3328137398,0.9011785984,0,332.8,-570.8,1617.2,0,0.9980478883,0.0401573405,0.0478306264,-0.0403717533,0.9991785884,0.0035248864,-0.0476497859,-0.0054490170,0.9988492131,0,380.3,-206.1,1598.6,1,-0.8558868170,0.0021086931,0.5171597004,0.0036864304,0.9999911785,0.0020235365,-0.5171508789,0.0036383902,-0.8558870554,0,364.5,-598.6,1600.8,0,227.1,-322.9,1762.0,0,415.8,-328.0,1554.2,0,410.4,-918.4,1491.5,0,363.7,-976.3,1599.4,0,
13,0.6778667569,-0.0574161373,0.7329412699,-0.0219976287,0.9949125648,0.0982856154,-0.7348571420,-0.0827465877,0.6731564403,1,310.4,391.0,1640.4,1,0.6778667569,-0.0574161373,0.7329412699,-0.0219976287,0.9949125648,0.0982856154,-0.7348571420,-0.0827465877,0.6731564403,1,322.2,187.8,1657.3,1,0.6778115034,0.0058278358,0.7352147102,-0.0198594332,0.9997461438,0.0103863105,-0.7349690199,-0.0216402840,0.6777566075,1,321.0,-8.6,1661.5,1,-0.0000005960,-1.0000001192,0.0000000000,1.0000001192,-0.0000005960,0.0000000000,-0.0000000000,0.0000000000,1.0000000000,0,227.0,190.6,1760.4,1,0.0000197291,-0.9999990463,0.0000000000,0.9999990463,0.0000197291,0.0000000000,0.0000000000,0.0000000000,1.0000000000,0,227.0,-66.3,1760.4,0,-0.0000005960,1.0000001192,0.0000000000,-1.0000001192,-0.0000005960,0.0000000000,0.0000000000,-0.0000000000,1.0000000000,0,417.3,185.0,1554.1,1,0.0000170469,0.9999990463,0.0000000000,-0.9999990463,0.0000170469,-0.0000000000,-0.0000000000,-0.0000000000,1.0000000000,0,417.3,-71.8,1554.1,0,0.9313040972,-0.1897360831,0.3109225929,0.2661942542,0.9371900558,-0.2254228592,-0.2486227304,0.2927030325,0.9233155847,0,258.4,-203.1,1732.4,1,0.9134652615,-0.2058707476,0.3509963751,0.3021835089,0.9208796024,-0.2463045120,-0.2725185156,0.3310559392,0.9034022689,0,333.0,-571.3,1617.4,0,0.9986726642,0.0321506076,0.0402385294,-0.0322936848,0.9994741678,0.0029106133,-0.0401237942,-0.0042062006,0.9991858602,0,381.3,-206.7,1599.1,1,-0.6943088770,0.0015475057,0.7196758389,0.0037430804,0.9999919534,0.0014608797,-0.7196677327,0.0037081055,-0.6943091154,0,368.7,-599.3,1600.8,0,227.0,-323.1,1760.4,0,417.3,-328.7,1554.1,0,410.7,-919.1,1492.4,0,368.1,-977.1,1599.4,0,
14,0.6767180562,-0.0580223463,0.7339542508,-0.0234185010,0.9946861267,0.1002294570,-0.7358711958,-0.0850142613,0.6717646122,1,310.0,390.9,1639.9,1,0.6767180562,-0.0580223463,0.7339542508,-0.0234185010,0.9946861267,0.1002294570,-0.7358711958,-0.0850142613,0.6717646122,1,321.8,187.5,1657.2,1,0.6766160131,0.0063398215,0.7363107800,-0.0194788221,0.9997643828,0.0092935311,-0.7360798717,-0.0206299946,0.6765815020,1,320.6,-8.8,1661.3,1,-0.0000005960,-1.0000001192,0.0000000000,1.0000001192,-0.0000005960,0.0000000000,-0.0000000000,0.0000000000,1.0000000000,0,226.9,190.3,1760.6,1,0.0000197291,-0.9999990463,0.0000000000,0.9999990463,0.0000197291,0.0000000000,0.0000000000,0.0000000000,1.0000000000,0,226.9,-66.6,1760.6,0,-0.0000005960,1.0000001192,0.0000000000,-1.0000001192,-0.0000005960,0.0000000000,0.0000000000,-0.0000000000,1.0000000000,0,416.8,184.8,1553.9,1,0.0000170469,0.9999990463,0.0000000000,-0.9999990463,0.0000170469,-0.0000000000,-0.0000000000,-0.0000000000,1.0000000000,0,416.8,-72.0,1553.9,0,0.9308825135,-0.1910902709,0.3113555014,0.2673236132,0.9371992946,-0.2240436971,-0.2489895970,0.2917910516,0.9235053658,0,258.0,-203.4,1732.1,1,0.9129346013,-0.2073935866,0.3514801264,0.3034227490,0.9208915830,-0.2447311133,-0.2729194164,0.3300705552,0.9036417603,0,333.1,-571.6,1617.5,0,0.9987895489,0.0257360190,0.0419185795,-0.0258500632,0.9996634722,0.0021808390,-0.0418483354,-0.0032617969,0.9991186261,0,380.7,-207.0,1598.6,1,-0.5086660385,0.0010421436,0.8609637618,0.0036687609,0.9999927878,0.0009571094,-0.8609566092,0.0036455179,-0.5086662769,0,370.6,-599.6,1599.9,0,226.9,-323.4,1760.6,0,416.8,-328.9,1553.9,0,411.4,-919.4,1492.8,0,370.2,-977.3,1598.5,0,
15,0.6786289811,-0.0570585541,0.7322634459,-0.0240433980,0.9947150350,0.0997941867,-0.7340891361,-0.0853283703,0.6736718416,1,310.2,390.4,1639.6,1,0.6786289811,-0.0570585541,0.7322634459,-0.0240433980,0.9947150350,0.0997941867,-0.7340891361,-0.0853283703,0.6736718416,1,321.9,186.7,1657.1,1,0.6784889698,0.0065242965,0.7345836759,-0.0185146127,0.9997920394,0.0082231481,-0.7343788147,-0.0191792194,0.6784700751,1,320.6,-9.7,1660.9,1,-0.0000005960,-1.0000001192,0.0000000000,1.0000001192,-0.0000005960,0.0000000000,-0.0000000000,0.0000000000,1.0000000000,0,226.7,189.3,1760.2,1,0.0000197291,-0.9999990463,0.0000000000,0.9999990463,0.0000197291,0.0000000000,0.0000000000,0.0000000000,1.0000000000,0,226.7,-67.5,1760.2,0,-0.0000005960,1.0000001192,0.0000000000,-1.0000001192,-0.0000005960,0.0000000000,0.0000000000,-0.0000000000,1.0000000000,0,417.1,184.1,1554.0,1,0.0000170469,0.9999990463,0.0000000000,-0.9999990463,0.0000170469,-0.0000000000,-0.0000000000,-0.0000000000,1.0000000000,0,417.1,-72.7,1554.0,0,0.9315068722,-0.1918965876,0.3089832962,0.2671713233,0.9374308586,-0.2232552469,-0.2468085587,0.2905152738,0.9244925380,0,257.8,-204.3,1731.2,1,0.9137173891,-0.2083820105,0.3488515913,0.3032076359,0.9211799502,-0.2439110875,-0.2705284059,0.3286402822,0.9048811793,0,333.2,-572.6,1617.1,0,0.9990099072,0.0206008311,0.0394312143,-0.0206842721,0.9997845888,0.0017093741,-0.0393875130,-0.0025232877,0.9992208481,0,380.8,-207.7,1598.1,1,-0.3175948858,0.0006107163,0.9482266307,0.0035035564,0.9999937415,0.0005294074,-0.9482203126,0.0034903013,-0.3175950050,0,372.7,-600.4,1599.0,0,226.6,-324.4,1760.2,0,417.1,-329.6,1554.0,0,411.9,-920.5,1492.9,0,372.5,-978.1,1597.7,0,
16,0.6800574660,-0.0583689213,0.7308335900,-0.0218406729,0.9947677851,0.0997744352,-0.7328350544,-0.0838132948,0.6752257943,1,309.9,390.0,1639.5,1,0.6800574660,-0.0583689213,0.7308335900,-0.0218406729,0.9947677851,0.0997744352,-0.7328350544,-0.0838132948,0.6752257943,1,321.9,186.1,1656.7,1,0.6799244285,0.0044916268,0.7332704663,-0.0169145968,0.9998084903,0.0095618889,-0.7330886722,-0.0189037081,0.6798716187,1,321.0,-10.2,1660.4,1,-0.0000005960,-1.0000001192,0.0000000000,1.0000001192,-0.0000005960,0.0000000000,-0.0000000000,0.0000000000,1.0000000000,0,226.4,188.5,1759.6,1,0.0000197291,-0.9999990463,0.0000000000,0.9999990463,0.0000197291,0.0000000000,0.0000000000,0.0000000000,1.0000000000,0,226.4,-68.3,1759.6,0,-0.0000005960,1.0000001192,0.0000000000,-1.0000001192,-0.0000005960,0.0000000000,0.0000000000,-0.0000000000,1.0000000000,0,417.3,183.8,1553.8,1,0.0000170469,0.9999990463,0.0000000000,-0.9999990463,0.0000170469,-0.0000000000,-0.0000000000,-0.0000000000,1.0000000000,0,417.3,-73.1,1553.8,0,0.9319258928,-0.1910548061,0.3082405627,0.2661279440,0.9376932979,-0.2233991921,-0.2463536114,0.2902229130,0.9247056246,0,258.5,-205.1,1730.6,1,0.9142434597,-0.2074685097,0.3480167985,0.3020420074,0.9215090275,-0.2441141903,-0.2700546384,0.3282954991,0.9051477909,0,333.5,-573.4,1616.5,0,0.9991590977,0.0164893139,0.0375386253,-0.0165510196,0.9998621345,0.0013335543,-0.0375114568,-0.0019537355,0.9992942810,0,381.8,-208.1,1597.6,1,-0.1333953142,0.0002577850,0.9910632968,0.0032813125,0.9999945760,0.0001815493,-0.9910579324,0.0032762052,-0.1333954334,0,375.3,-600.9,1598.4,0,226.4,-325.2,1759.6,0,417.3,-329.9,1553.8,0,411.9,-921.5,1492.5,0,375.2,-978.6,1597.2,0,
17,0.6810862422,-0.0599990226,0.7297427654,-0.0204672348,0.9946846962,0.1008878052,-0.7319186926,-0.0836481601,0.6762393713,1,309.7,389.8,1638.9,1,0.6810862422,-0.0599990226,0.7297427654,-0.0204672348,0.9946846962,0.1008878052,-0.7319186926,-0.0836481601,0.6762393713,1,322.0,186.1,1656.1,1,0.6809465289,0.0020488808,0.7323322892,-0.0156577788,0.9998054504,0.0117640570,-0.7321673036,-0.0194767639,0.6808475852,1,321.6,-10.3,1659.9,1,-0.0000005960,-1.0000001192,0.0000000000,1.0000001192,-0.0000005960,0.0000000000,-0.0000000000,0.0000000000,1.0000000000,0,226.4,188.3,1758.8,1,0.0000197291,-0.9999990463,0.0000000000,0.9999990463,0.0000197291,0.0000000000,0.0000000000,0.0000000000,1.0000000000,0,226.4,-68.6,1758.8,0,-0.0000005960,1.0000001192,0.0000000000,-1.0000001192,-0.0000005960,0.0000000000,0.0000000000,-0.0000000000,1.0000000000,0,417.5,183.9,1553.3,1,0.0000170469,0.9999990463,0.0000000000,-0.9999990463,0.0000170469,-0.0000000000,-0.0000000000,-0.0000000000,1.0000000000,0,417.5,-73.0,1553.3,0,0.8954086304,-0.2188431323,0.3877513707,0.3353851736,0.9043046832,-0.2641019821,-0.2928484976,0.3665252328,0.8831189275,1,259.4,-205.2,1730.1,1,0.8954085112,-0.2188431174,0.3877514303,0.3353853226,0.9043044448,-0.2641024590,-0.2928483188,0.3665257394,0.8831186891,1,345.4,-560.5,1586.1,1,-0.5400230885,0.0419012234,-0.8406065106,0.0197056886,0.9991156459,0.0371429883,0.8414194584,0.0034933393,-0.5403711796,1,382.9,-208.1,1597.3,1,-0.9644419551,-0.0032630828,0.2642743886,-0.0041716448,0.9999871254,-0.0028768161,-0.2642616034,-0.0038769813,-0.9644432068,0,366.4,-600.6,1596.0,1,226.4,-325.4,1758.8,0,417.6,-329.8,1553.3,0,428.1,-902.0,1447.7,1,367.7,-978.3,1597.4,0,
18,0.6753185987,-0.0588106923,0.7351795435,-0.0142382495,0.9955875278,0.0927238017,-0.7373902798,-0.0730848461,0.6715026498,1,309.9,390.9,1642.2,1,0.6753185987,-0.0588106923,0.7351795435,-0.0142382495,0.9955875278,0.0927238017,-0.7373902798,-0.0730848461,0.6715026498,1,322.0,186.6,1657.1,1,0.6753275990,0.0063052257,0.7374929190,-0.0145809744,0.9998794198,0.0048055253,-0.7373752594,-0.0139980316,0.6753395200,1,320.8,-9.8,1659.9,1,-0.0000005960,-1.0000001192,0.0000000000,1.0000001192,-0.0000005960,0.0000000000,-0.0000000000,0.0000000000,1.0000000000,0,227.2,188.7,1760.6,1,0.0000197291,-0.9999990463,0.0000000000,0.9999990463,0.0000197291,0.0000000000,0.0000000000,0.0000000000,1.0000000000,0,227.2,-68.2,1760.6,0,-0.0000005960,1.0000001192,0.0000000000,-1.0000001192,-0.0000005960,0.0000000000,0.0000000000,-0.0000000000,1.0000000000,0,416.8,184.6,1553.7,1,0.0000170469,0.9999990463,0.0000000000,-0.9999990463,0.0000170469,-0.0000000000,-0.0000000000,-0.0000000000,1.0000000000,0,416.8,-72.3,1553.7,0,0.9310493469,-0.1911361665,0.3108280003,0.2664636672,0.9380950928,-0.2213022411,-0.2492873520,0.2888676822,0.9243437052,0,258.3,-204.8,1729.5,1,0.9131410122,-0.2075315118,0.3508620560,0.3024236560,0.9220166802,-0.2417130023,-0.2733375728,0.3268270493,0.9046936631,0,333.4,-573.3,1616.0,0,0.9983980060,0.0358969979,0.0437346548,-0.0360693894,0.9993442893,0.0031587142,-0.0435925275,-0.0047311396,0.9990381598,0,380.7,-207.5,1595.8,1,-0.8499672413,-0.0025951229,0.5268290043,-0.0044063581,0.9999879003,-0.0021831922,-0.5268169641,-0.0041770395,-0.8499684334,0,366.6,-600.0,1597.7,0,227.2,-325.0,1760.6,0,416.8,-329.1,1553.7,0,411.8,-921.6,1492.6,0,367.6,-977.7,1599.2,0,
19,0.6771925688,-0.0586443543,0.7334670424,-0.0182298608,0.9951729774,0.0964030772,-0.7355815172,-0.0786535144,0.6728559136,1,309.8,390.5,1640.3,1,0.6771925688,-0.0586443543,0.7334670424,-0.0182298608,0.9951729774,0.0964030772,-0.7355815172,-0.0786535144,0.6728559136,1,321.8,186.9,1656.4,1,0.6771025658,0.0043129879,0.7358780503,-0.0149228945,0.9998549819,0.0078729615,-0.7357388735,-0.0163116008,0.6770700812,1,321.0,-9.5,1659.6,1,-0.0000005960,-1.0000001192,0.0000000000,1.0000001192,-0.0000005960,0.0000000000,-0.0000000000,0.0000000000,1.0000000000,0,226.8,189.0,1759.6,1,0.0000197291,-0.9999990463,0.0000000000,0.9999990463,0.0000197291,0.0000000000,0.0000000000,0.0000000000,1.0000000000,0,226.8,-67.9,1759.6,0,-0.0000005960,1.0000001192,0.0000000000,-1.0000001192,-0.0000005960,0.0000000000,0.0000000000,-0.0000000000,1.0000000000,0,416.9,184.8,1553.1,1,0.0000170469,0.9999990463,0.0000000000,-0.9999990463,0.0000170469,-0.0000000000,-0.0000000000,-0.0000000000,1.0000000000,0,416.9,-72.1,1553.1,0,0.9314072728,-0.1903794110,0.3102195263,0.2655651569,0.9383013248,-0.2215079516,-0.2489088625,0.2886976004,0.9244987965,0,258.7,-204.5,1729.5,1,0.9135904312,-0.2067062557,0.3501785398,0.3014214933,0.9222750664,-0.2419787645,-0.2729424238,0.3266208172,0.9048874378,0,333.5,-573.1,1616.1,0,0.9987319708,0.0287368745,0.0413344093,-0.0288635027,0.9995803237,0.0024698398,-0.0412460938,-0.0036597641,0.9991423488,0,381.5,-207.2,1596.1,1,-0.6869288683,-0.0019429802,0.7267223001,-0.0044414573,0.9999889731,-0.0015246618,-0.7267113328,-0.0042750398,-0.6869299412,0,370.2,-599.9,1597.5,0,226.8,-324.7,1759.6,0,416.9,-328.9,1553.1,0,411.6,-921.5,1492.7,0,371.0,-977.6,1599.1,0,
20,0.6764350533,-0.0650846213,0.7336227894,-0.0169020668,0.9944508076,0.1038118154,-0.7363098264,-0.0826207548,0.6715826392,1,308.5,393.0,1639.3,1,0.6764350533,-0.0650846213,0.7336227894,-0.0169020668,0.9944508076,0.1038118154,-0.7363098264,-0.0826207548,0.6715826392,1,321.8,188.9,1656.3,1,0.6763522625,0.0013620658,0.7365791202,-0.0143093737,0.9998311996,0.0112926280,-0.7364408374,-0.0181771517,0.6762589216,1,321.6,-7.5,1659.8,1,-0.0000005960,-1.0000001192,0.0000000000,1.0000001192,-0.0000005960,0.0000000000,-0.0000000000,0.0000000000,1.0000000000,0,226.9,190.9,1759.6,1,0.0000197291,-0.9999990463,0.0000000000,0.9999990463,0.0000197291,0.0000000000,0.0000000000,0.0000000000,1.0000000000,0,226.9,-65.9,1759.6,0,-0.0000005960,1.0000001192,0.0000000000,-1.0000001192,-0.0000005960,0.0000000000,0.0000000000,-0.0000000000,1.0000000000,0,416.8,186.9,1552.9,1,0.0000170469,0.9999990463,0.0000000000,-0.9999990463,0.0000170469,-0.0000000000,-0.0000000000,-0.0000000000,1.0000000000,0,416.8,-70.0,1552.9,0,0.8939021230,-0.2159384638,0.3928225636,0.3340249658,0.9052860737,-0.2624582946,-0.2989419699,0.3658245206,0.8813661337,1,260.0,-202.6,1730.2,1,0.8939021826,-0.2159384340,0.3928225338,0.3340249658,0.9052861929,-0.2624583542,-0.2989419699,0.3658246398,0.8813660145,1,344.8,-558.2,1586.5,1,-0.5349940062,0.0559365451,-0.8430021405,0.0158357918,0.9982944727,0.0561909489,0.8447074890,0.0167122129,-0.5349673629,1,382.6,-205.2,1596.7,1,-0.9660028219,0.0017000616,0.2585260570,0.0019811578,0.9999977350,0.0008267874,-0.2585240602,0.0013108598,-0.9660039544,0,360.6,-597.3,1590.1,1,226.9,-322.8,1759.6,0,416.8,-326.8,1552.9,0,426.4,-900.1,1448.3,1,360.0,-975.0,1589.6,0,
21,0.6682912111,-0.0676121190,0.7408226728,-0.0191073753,0.9939696193,0.1079553664,-0.7436558008,-0.0862998590,0.6629705429,1,308.1,394.8,1638.8,1,0.6682912111,-0.0676121190,0.7408226728,-0.0191073753,0.9939696193,0.1079553664,-0.7436558008,-0.0862998590,0.6629705429,1,321.9,191.3,1656.5,1,0.6681427956,-0.0013375916,0.7440338731,-0.0148148695,0.9997735620,0.0151032247,-0.7438870072,-0.0211132541,0.6679730415,1,322.2,-5.1,1660.7,1,-0.0000005960,-1.0000001192,0.0000000000,1.0000001192,-0.0000005960,0.0000000000,-0.0000000000,0.0000000000,1.0000000000,0,228.2,193.3,1760.9,1,0.0000197291,-0.9999990463,0.0000000000,0.9999990463,0.0000197291,0.0000000000,0.0000000000,0.0000000000,1.0000000000,0,228.2,-63.5,1760.9,0,-0.0000005960,1.0000001192,0.0000000000,-1.0000001192,-0.0000005960,0.0000000000,0.0000000000,-0.0000000000,1.0000000000,0,415.7,189.2,1552.1,1,0.0000170469,0.9999990463,0.0000000000,-0.9999990463,0.0000170469,-0.0000000000,-0.0000000000,-0.0000000000,1.0000000000,0,415.7,-67.7,1552.1,0,0.9290804267,-0.1813547611,0.3223662972,0.2611465454,0.9388357401,-0.2244769037,-0.2619390488,0.2927419245,0.9196140766,0,261.9,-200.1,1732.2,1,0.9106729627,-0.1962438822,0.3635425270,0.2967460454,0.9229602218,-0.2451249063,-0.2874310315,0.3311084211,0.8987495303,0,333.1,-568.9,1617.2,0,0.9973374009,0.0501063950,0.0529875904,-0.0498310253,0.9987364411,-0.0065064090,-0.0532467216,0.0038486535,0.9985741377,0,383.0,-202.8,1597.4,1,-0.8527815342,0.0014506787,0.5222657919,0.0020185406,0.9999978542,0.0005183160,-0.5222638845,0.0014962251,-0.8527826071,0,363.3,-595.1,1595.9,0,228.2,-320.4,1760.9,0,415.7,-324.5,1552.1,0,407.3,-917.5,1492.2,0,362.8,-972.8,1595.3,0,
22,0.6674995422,-0.0669863448,0.7415928841,-0.0195248481,0.9940254092,0.1073649228,-0.7443556190,-0.0861445814,0.6622048616,1,307.8,394.8,1639.1,1,0.6674995422,-0.0669863448,0.7415928841,-0.0195248481,0.9940254092,0.1073649228,-0.7443556190,-0.0861445814,0.6622048616,1,321.6,191.3,1656.7,1,0.6673108935,-0.0025971660,0.7447767258,-0.0141198291,0.9997673631,0.0161396712,-0.7446468472,-0.0212856773,0.6671203971,1,322.1,-5.0,1660.9,1,-0.0000005960,-1.0000001192,0.0000000000,1.0000001192,-0.0000005960,0.0000000000,-0.0000000000,0.0000000000,1.0000000000,0,227.9,193.3,1761.3,1,0.0000197291,-0.9999990463,0.0000000000,0.9999990463,0.0000197291,0.0000000000,0.0000000000,0.0000000000,1.0000000000,0,227.9,-63.5,1761.3,0,-0.0000005960,1.0000001192,0.0000000000,-1.0000001192,-0.0000005960,0.0000000000,0.0000000000,-0.0000000000,1.0000000000,0,415.2,189.3,1552.2,1,0.0000170469,0.9999990463,0.0000000000,-0.9999990463,0.0000170469,-0.0000000000,-0.0000000000,-0.0000000000,1.0000000000,0,415.2,-67.5,1552.2,0,0.9286785126,-0.1815818995,0.3233948946,0.2615187764,0.9388895035,-0.2238177806,-0.2629908323,0.2924286127,0.9194135666,0,262.1,-200.1,1732.6,1,0.9101679325,-0.1964804977,0.3646776676,0.2971639633,0.9230291843,-0.2443579733,-0.2885965705,0.3307758272,0.8984984159,0,333.4,-568.9,1617.7,0,0.9977216125,0.0400758423,0.0542723760,-0.0398374796,0.9991912246,-0.0054672635,-0.0544475913,0.0032927324,0.9985111952,0,383.1,-202.7,1597.6,1,-0.6904280186,0.0011893328,0.7234001160,0.0019758898,0.9999980330,0.0002417460,-0.7233984470,0.0015962671,-0.6904289722,0,367.3,-595.2,1596.3,0,227.9,-320.4,1761.3,0,415.2,-324.3,1552.2,0,407.6,-917.6,1492.8,0,366.9,-972.9,1595.7,0,
23,0.6716489792,-0.0585215613,0.7385564446,-0.0164734572,0.9954465628,0.0938608423,-0.7406877875,-0.0752071738,0.6676279306,1,309.8,393.2,1642.2,1,0.6716489792,-0.0585215613,0.7385564446,-0.0164734572,0.9954465628,0.0938608423,-0.7406877875,-0.0752071738,0.6676279306,1,321.8,189.2,1657.6,1,0.6714903116,0.0017359802,0.7410132885,-0.0108961863,0.9999095798,0.0075335130,-0.7409346700,-0.0131322611,0.6714499593,1,321.5,-7.2,1660.2,1,-0.0000005960,-1.0000001192,0.0000000000,1.0000001192,-0.0000005960,0.0000000000,-0.0000000000,0.0000000000,1.0000000000,0,227.6,190.7,1761.6,1,0.0000197291,-0.9999990463,0.0000000000,0.9999990463,0.0000197291,0.0000000000,0.0000000000,0.0000000000,1.0000000000,0,227.6,-66.1,1761.6,0,-0.0000005960,1.0000001192,0.0000000000,-1.0000001192,-0.0000005960,0.0000000000,0.0000000000,-0.0000000000,1.0000000000,0,416.1,187.7,1553.6,1,0.0000170469,0.9999990463,0.0000000000,-0.9999990463,0.0000170469,-0.0000000000,-0.0000000000,-0.0000000000,1.0000000000,0,416.1,-69.2,1553.6,0,0.9303318858,-0.1864929050,0.3157578409,0.2630355358,0.9393179417,-0.2202138156,-0.2555287182,0.2879274487,0.9229316711,0,260.3,-202.6,1730.0,1,0.9122390151,-0.2022589296,0.3562461436,0.2986797392,0.9235588312,-0.2404778153,-0.2803755105,0.3257767558,0.9029170275,0,333.5,-571.6,1616.9,0,0.9982910156,0.0320504978,0.0488654487,-0.0318746418,0.9994822741,-0.0043740659,-0.0489803478,0.0028090219,0.9987958074,0,382.0,-204.6,1595.6,1,-0.5044919252,0.0009391357,0.8634160757,0.0018779328,0.9999982119,0.0000095756,-0.8634145260,0.0016262680,-0.5044927597,0,369.4,-597.2,1594.5,0,227.6,-323.0,1761.6,0,416.1,-326.0,1553.6,0,409.9,-920.4,1493.8,0,369.1,-974.9,1593.9,0,
