1,0.4096372128,-0.0274845362,0.9118368626,-0.1423407048,0.9853720069,0.0936505198,-0.9010760188,-0.1681540906,0.3997353017,1,290.0,385.0,1445.0,1,0.4096372128,-0.0274845362,0.9118368626,-0.1423407048,0.9853720069,0.0936505198,-0.9010760188,-0.1681540906,0.3997353017,1,295.6,184.2,1479.3,1,0.4097349048,0.0100928610,0.9121513963,-0.1534074992,0.9864539504,0.0579981953,-0.8992135525,-0.1636946201,0.4057354331,1,293.6,-9.5,1511.4,1,-0.0000005960,-1.0000001192,0.0000000067,1.0000001192,-0.0000005960,0.0000000281,-0.0000000281,0.0000000067,1.0000000000,0,238.1,205.8,1605.5,1,0.0000954270,-0.9999990463,0.0000214432,0.9999990463,0.0000954270,-0.0000491528,0.0000491508,0.0000214478,1.0000000000,0,238.1,-51.1,1605.5,0,0.0669712797,-0.6681550741,0.7410019040,-0.9960216284,-0.0010127947,0.0891065747,-0.0587865189,-0.7440214753,-0.6655646563,1,353.1,162.7,1353.1,1,-0.2651738524,-0.6683471799,0.6949782968,-0.9379554391,0.0117790848,-0.3465557396,0.2234333605,-0.7437561750,-0.6300033927,1,368.9,-71.8,1339.2,1,-0.9220961332,-0.0505436957,0.3836454749,-0.1345001459,0.9714802504,-0.1952840835,-0.3628335893,-0.2316711098,-0.9025962353,0,254.6,-189.4,1624.8,0,-0.6953667402,-0.0399615429,0.7175431252,-0.1852286160,0.9746844769,-0.1252216399,-0.6943740845,-0.2199844867,-0.6851652265,0,274.4,-571.0,1715.9,0,-0.9220961332,-0.0505436957,0.3836454749,-0.1345001459,0.9714802504,-0.1952840835,-0.3628335893,-0.2316711098,-0.9025962353,1,328.7,-217.1,1462.3,1,-0.6953667402,-0.0399615429,0.7175431252,-0.1852286160,0.9746844769,-0.1252216399,-0.6943740845,-0.2199844867,-0.6851652265,1,348.4,-595.8,1552.6,1,238.1,-307.9,1605.4,0,300.1,-315.1,1397.2,1,289.5,-939.2,1798.9,0,363.3,-960.6,1634.9,1,
2,0.4062519968,-0.0315775163,0.9132177830,-0.1442010701,0.9846583605,0.0982006043,-0.9023119807,-0.1715810001,0.3954682946,1,297.1,382.9,1439.2,1,0.4062519968,-0.0315775163,0.9132177830,-0.1442010701,0.9846583605,0.0982006043,-0.9023119807,-0.1715810001,0.3954682946,1,303.6,181.3,1474.3,1,0.4063745737,0.0088929404,0.9136658907,-0.1548440754,0.9861535430,0.0592752397,-0.9004912972,-0.1655635685,0.4021272361,1,301.9,-12.4,1506.8,1,-0.0000005960,-1.0000001192,0.0000000054,1.0000001192,-0.0000005960,0.0000000225,-0.0000000225,0.0000000054,1.0000000000,0,246.6,203.0,1600.7,1,0.0000876784,-0.9999990463,0.0000192990,0.9999990463,0.0000876784,-0.0000442374,0.0000442357,0.0000193028,1.0000000000,0,246.6,-53.8,1600.7,0,0.0575894527,-0.6716111302,0.7386623025,-0.9964377284,0.0069895014,0.0840418339,-0.0616063066,-0.7408708930,-0.6688161492,1,360.6,159.6,1347.9,1,-0.2802084684,-0.6742963791,0.6832332611,-0.9293007851,0.0121615678,-0.3691235185,0.2405894399,-0.7383607030,-0.6300318837,1,374.1,-73.2,1333.5,1,-0.7779849172,0.0134617239,0.6281386614,-0.1251146793,0.9764271379,-0.1758874804,-0.6156994104,-0.2154271901,-0.7579612136,0,263.3,-192.1,1620.9,1,-0.5112286806,-0.0130132511,0.8593460917,-0.1877184510,0.9774340987,-0.0968730450,-0.8386935592,-0.2108394206,-0.5021351576,0,258.0,-575.6,1705.5,0,-0.7779849172,0.0134617239,0.6281386614,-0.1251146793,0.9764271379,-0.1758874804,-0.6156994104,-0.2154271901,-0.7579612136,0,336.9,-220.1,1457.8,1,-0.5112286806,-0.0130132511,0.8593460917,-0.1877184510,0.9774340987,-0.0968730450,-0.8386935592,-0.2108394206,-0.5021351576,0,331.6,-603.7,1542.5,0,246.5,-310.7,1600.7,0,301.4,-314.4,1396.0,1,262.9,-944.8,1785.1,0,336.5,-972.8,1622.1,0,
3,0.4106444120,-0.0263342969,0.9114176631,-0.1432631016,0.9852980375,0.0930207595,-0.9004712105,-0.1687707752,0.4008367956,1,306.8,381.9,1435.8,1,0.4106444120,-0.0263342969,0.9114176631,-0.1432631016,0.9852980375,0.0930207595,-0.9004712105,-0.1687707752,0.4008367956,1,312.2,180.0,1470.4,1,0.4107143283,0.0109526105,0.9117009044,-0.1522173733,0.9867125154,0.0567221716,-0.8989689350,-0.1620731801,0.4069266319,1,310.0,-13.8,1502.2,1,-0.0000005960,-1.0000001192,0.0000000043,1.0000001192,-0.0000005960,0.0000000180,-0.0000000180,0.0000000043,1.0000000000,0,254.5,201.4,1596.5,1,0.0000807643,-0.9999990463,0.0000173692,0.9999990463,0.0000807643,-0.0000398136,0.0000398122,0.0000173724,1.0000000000,0,254.5,-55.4,1596.5,0,0.0456256829,-0.6682538986,0.7425328493,-0.9968170524,0.0181896742,0.0776205137,-0.0653766394,-0.7437108755,-0.6652969718,1,369.8,158.7,1344.2,1,-0.3020417988,-0.6746796370,0.6734820604,-0.9172350168,0.0132085681,-0.3981275260,0.2597128153,-0.7379925251,-0.6228293180,1,380.6,-76.7,1328.7,1,-0.9198848009,-0.0432937667,0.3897914588,-0.1576220989,0.9508972168,-0.2663635612,-0.3591197729,-0.3064635992,-0.8815400600,0,270.7,-193.8,1615.5,0,-0.6919489503,-0.0406702124,0.7207999825,-0.2460747659,0.9519115686,-0.1825148612,-0.6787149310,-0.3036616743,-0.6686820388,0,287.7,-567.3,1735.8,0,-0.9198848009,-0.0432937667,0.3897914588,-0.1576220989,0.9508972168,-0.2663635612,-0.3591197729,-0.3064635992,-0.8815400600,1,345.1,-221.3,1452.6,1,-0.6919489503,-0.0406702124,0.7207999825,-0.2460747659,0.9519115686,-0.1825148612,-0.6787149310,-0.3036616743,-0.6686820388,1,362.0,-593.7,1572.6,1,254.5,-312.3,1596.5,0,302.2,-314.7,1396.1,1,303.0,-926.8,1850.5,0,377.3,-951.9,1686.9,1,
4,0.3927149177,-0.0192356296,0.9194615483,-0.1502325982,0.9850037098,0.0847768635,-0.9073073864,-0.1714260876,0.3839381933,1,315.8,380.7,1431.6,1,0.3927149177,-0.0192356296,0.9194615483,-0.1502325982,0.9850037098,0.0847768635,-0.9073073864,-0.1714260876,0.3839381933,1,319.8,178.6,1466.7,1,0.3927441835,0.0089794621,0.9196065068,-0.1558475345,0.9861335158,0.0569332018,-0.9063471556,-0.1656784713,0.3887000382,1,318.0,-15.1,1499.3,1,-0.0000005960,-1.0000001192,0.0000000034,1.0000001192,-0.0000005960,0.0000000144,-0.0000000144,0.0000000034,1.0000000000,0,264.6,200.5,1593.9,1,0.0000745654,-0.9999990463,0.0000156324,0.9999990463,0.0000745654,-0.0000358321,0.0000358310,0.0000156350,1.0000000000,0,264.6,-56.4,1593.9,0,0.0563121662,-0.6821690202,0.7290228605,-0.9966609478,0.0048333257,0.0815081224,-0.0591259226,-0.7311785221,-0.6796190739,1,374.9,156.7,1339.5,1,-0.3130401671,-0.6815359592,0.6614488959,-0.9116665125,0.0204157531,-0.4104234576,0.2662143707,-0.7314997911,-0.6277244091,1,388.1,-78.2,1325.6,1,-0.9265131354,-0.0603823364,0.3713851869,-0.1703552753,0.9473962784,-0.2709597945,-0.3354877234,-0.3143152893,-0.8880617619,0,280.9,-194.8,1613.3,0,-0.7140936852,-0.0205454640,0.6997485757,-0.1218886301,0.9879503846,-0.0953799561,-0.6893572807,-0.1534016430,-0.7079932690,0,304.7,-566.9,1736.8,0,-0.9265131354,-0.0603823364,0.3713851869,-0.1703552753,0.9473962784,-0.2709597945,-0.3354877234,-0.3143152893,-0.8880617619,1,351.5,-222.8,1450.3,1,-0.7140936852,-0.0205454640,0.6997485757,-0.1218886301,0.9879503846,-0.0953799561,-0.6893572807,-0.1534016430,-0.7079932690,0,375.3,-594.9,1573.8,1,264.6,-313.2,1593.9,0,306.9,-314.8,1394.7,1,312.4,-940.1,1794.7,0,383.0,-968.1,1631.8,0,
5,0.3980172873,-0.0147983851,0.9172611237,-0.1600786150,0.9834037423,0.0853302702,-0.9033043981,-0.1807966232,0.3890451789,1,323.9,378.5,1425.5,1,0.3980172873,-0.0147983851,0.9172611237,-0.1600786150,0.9834037423,0.0853302702,-0.9033043981,-0.1807966232,0.3890451789,1,326.9,176.8,1462.5,1,0.3980196714,0.0119796200,0.9173012972,-0.1617034674,0.9851689339,0.0573007911,-0.9030138850,-0.1711375266,0.3940562010,1,324.6,-16.7,1496.1,1,-0.0000005960,-1.0000001192,0.0000000027,1.0000001192,-0.0000005960,0.0000000115,-0.0000000115,0.0000000027,1.0000000000,0,271.1,199.5,1589.3,1,0.0000689626,-0.9999990463,0.0000140692,0.9999990463,0.0000689626,-0.0000322488,0.0000322479,0.0000140714,1.0000000000,0,271.1,-57.4,1589.3,0,0.0569850951,-0.6775900722,0.7332286239,-0.9969239235,0.0009627007,0.0783686265,-0.0538076907,-0.7354390025,-0.6754509807,1,382.8,154.1,1335.8,1,-0.3219660819,-0.6748823524,0.6639816165,-0.9077621102,0.0208672583,-0.4189659059,0.2688972354,-0.7376301885,-0.6193512082,1,396.2,-79.7,1323.2,1,-0.9244795442,-0.0347145125,0.3796480894,-0.1586923003,0.9405090809,-0.3004320860,-0.3466330767,-0.3379904628,-0.8749903440,0,286.3,-195.6,1611.3,0,-0.7035681009,-0.0148423705,0.7104728818,-0.1945215315,0.9656186700,-0.1724584848,-0.6834861636,-0.2595385313,-0.6822656989,0,299.9,-565.1,1744.0,0,-0.9244795442,-0.0347145125,0.3796480894,-0.1586923003,0.9405090809,-0.3004320860,-0.3466330767,-0.3379904628,-0.8749903440,1,358.1,-224.8,1448.3,1,-0.7035681009,-0.0148423705,0.7104728818,-0.1945215315,0.9656186700,-0.1724584848,-0.6834861636,-0.2595385313,-0.6822656989,1,371.8,-593.7,1580.8,1,271.1,-314.2,1589.3,0,312.6,-315.4,1393.0,1,305.5,-929.8,1842.1,0,377.3,-953.8,1677.6,1,
6,0.4142718017,-0.0108408807,0.9100912809,-0.1629963666,0.9828740358,0.0859071314,-0.8954399824,-0.1839303225,0.4054124653,1,332.2,378.2,1420.9,1,0.4142718017,-0.0108408807,0.9100912809,-0.1629963666,0.9828740358,0.0859071314,-0.8954399824,-0.1839303225,0.4054124653,1,334.5,176.5,1458.6,1,0.4142657816,0.0153447408,0.9100292921,-0.1656667441,0.9844205976,0.0588192791,-0.8949525952,-0.1751283109,0.4103563726,1,331.5,-16.8,1493.0,1,-0.0000005960,-1.0000001192,0.0000000022,1.0000001192,-0.0000005960,0.0000000092,-0.0000000092,0.0000000022,1.0000000000,0,276.3,199.8,1584.2,1,0.0000639558,-0.9999990463,0.0000126624,0.9999990463,0.0000639558,-0.0000290239,0.0000290231,0.0000126642,1.0000000000,0,276.3,-57.1,1584.2,0,0.0448805019,-0.6644982696,0.7459409237,-0.9979289174,0.0046237186,0.0641605780,-0.0460836105,-0.7472755909,-0.6629144549,1,392.6,153.3,1333.1,1,-0.3295001984,-0.6640340090,0.6711843610,-0.9045015574,0.0181505829,-0.4260838628,0.2707518041,-0.7474820614,-0.6066004038,1,403.2,-82.9,1322.2,1,-0.9179232121,-0.0350554585,0.3952066898,-0.1692845076,0.9354749322,-0.3102089167,-0.3588314354,-0.3516502976,-0.8646283150,0,291.0,-195.2,1608.4,0,-0.6898682117,-0.0252217688,0.7234954834,-0.2432857156,0.9493459463,-0.1988828927,-0.6818313003,-0.3132191300,-0.6610596180,0,304.7,-562.7,1746.5,0,-0.9179232121,-0.0350554585,0.3952066898,-0.1692845076,0.9354749322,-0.3102089167,-0.3588314354,-0.3516502976,-0.8646283150,1,365.9,-225.1,1446.5,1,-0.6898682117,-0.0252217688,0.7234954834,-0.2432857156,0.9493459463,-0.1988828927,-0.6818313003,-0.3132191300,-0.6610596180,1,379.7,-592.3,1584.5,1,276.3,-313.9,1584.2,0,317.7,-317.8,1392.5,1,314.3,-921.2,1864.8,0,389.1,-948.0,1701.9,1,
7,0.3992229700,-0.0106368233,0.9167947769,-0.1669853032,0.9823592305,0.0841157436,-0.9015201330,-0.1866720468,0.3904066384,1,339.9,376.2,1419.6,1,0.3992229700,-0.0106368233,0.9167947769,-0.1669853032,0.9823592305,0.0841157436,-0.9015201330,-0.1866720468,0.3904066384,1,342.0,174.6,1457.9,1,0.3992131650,0.0164264683,0.9167136550,-0.1703497171,0.9837535620,0.0565598048,-0.9008948207,-0.1787412614,0.3955280781,1,338.8,-18.6,1493.0,1,-0.0000005960,-1.0000001192,0.0000000018,1.0000001192,-0.0000005960,0.0000000074,-0.0000000074,0.0000000018,1.0000000000,0,286.0,198.5,1584.4,1,0.0000593662,-0.9999990463,0.0000113962,0.9999990463,0.0000593662,-0.0000261214,0.0000261208,0.0000113977,1.0000000000,0,286.0,-58.3,1584.4,0,0.0545399562,-0.6759454012,0.7349307537,-0.9975258112,-0.0041868351,0.0701766014,-0.0443585180,-0.7369398475,-0.6745013595,1,398.1,150.7,1331.5,1,-0.3292088509,-0.6705777049,0.6647910476,-0.9048929811,0.0228863209,-0.4250234365,0.2697965801,-0.7414862514,-0.6143354774,1,410.9,-85.0,1321.0,1,-0.9237611294,-0.0695496574,0.3766005039,-0.1938698739,0.9329839349,-0.3032411933,-0.3302718997,-0.3531339765,-0.8753380179,0,299.5,-196.4,1609.6,0,-0.7125008106,-0.0127225723,0.7015559077,-0.1198130548,0.9873576760,-0.1037767157,-0.6913663149,-0.1579965651,-0.7050175071,0,326.8,-562.9,1748.3,0,-0.9237611294,-0.0695496574,0.3766005039,-0.1938698739,0.9329839349,-0.3032411933,-0.3302718997,-0.3531339765,-0.8753380179,1,371.7,-227.2,1446.7,1,-0.7125008106,-0.0127225723,0.7015559077,-0.1198130548,0.9873576760,-0.1037767157,-0.6913663149,-0.1579965651,-0.7050175071,0,399.0,-593.7,1585.4,1,286.0,-315.2,1584.3,0,325.4,-320.0,1391.1,1,331.6,-935.8,1808.0,0,403.8,-966.7,1645.1,0,
8,0.4014569223,-0.0033180211,0.9158745408,-0.1691104025,0.9825249314,0.0776895508,-0.9001309276,-0.1860727370,0.3938827515,1,346.8,373.8,1418.5,1,0.4014569223,-0.0033180211,0.9158745408,-0.1691104025,0.9825249314,0.0776895508,-0.9001309276,-0.1860727370,0.3938827515,1,347.4,172.2,1456.7,1,0.4014470577,0.0218290053,0.9156247377,-0.1701627672,0.9840821028,0.0511483625,-0.8999369740,-0.1763385087,0.3987738490,1,343.2,-21.0,1491.3,1,-0.0000005960,-1.0000001192,0.0000000014,1.0000001192,-0.0000005960,0.0000000059,-0.0000000059,0.0000000014,1.0000000000,0,291.1,196.1,1583.0,1,0.0000551343,-0.9999990463,0.0000102566,0.9999990463,0.0000551343,-0.0000235093,0.0000235087,0.0000102579,1.0000000000,0,291.1,-60.7,1583.0,0,0.0585265718,-0.6730549335,0.7372730970,-0.9972861409,-0.0063750595,0.0733472556,-0.0446665809,-0.7395650148,-0.6716014147,1,403.8,148.4,1330.4,1,-0.3247204125,-0.6683708429,0.6692063212,-0.9064822197,0.0180175304,-0.4218593240,0.2699010074,-0.7436099648,-0.6117169857,1,417.7,-88.1,1319.8,1,-0.9229690433,-0.0768598616,0.3771213293,-0.2012280375,0.9316285253,-0.3026145995,-0.3280780911,-0.3551913202,-0.8753306866,0,303.0,-199.1,1606.3,0,-0.7202439904,-0.0063277800,0.6936918497,-0.0590577871,0.9968875051,-0.0522248223,-0.6912022829,-0.0785825327,-0.7183759809,0,333.2,-565.1,1745.8,0,-0.9229690433,-0.0768598616,0.3771213293,-0.2012280375,0.9316285253,-0.3026145995,-0.3280780911,-0.3551913202,-0.8753306866,1,374.7,-229.5,1445.6,1,-0.7202439904,-0.0063277800,0.6936918497,-0.0590577871,0.9968875051,-0.0522248223,-0.6912022829,-0.0785825327,-0.7183759809,0,404.9,-595.5,1585.1,1,291.1,-317.6,1583.0,0,333.3,-323.5,1389.9,1,335.6,-941.6,1775.5,0,407.3,-972.0,1614.8,0,
9,0.4193236828,0.0039069722,0.9078310728,-0.1715995818,0.9822995663,0.0750373304,-0.8914722800,-0.1872482002,0.4125743806,1,353.3,372.7,1415.4,1,0.4193236828,0.0039069722,0.9078310728,-0.1715995818,0.9822995663,0.0750373304,-0.8914722800,-0.1872482002,0.4125743806,1,352.5,170.6,1453.9,1,0.4192964733,0.0273480229,0.9074401259,-0.1733161062,0.9835680723,0.0504441969,-0.8911529779,-0.1784249693,0.4171490073,1,347.1,-22.6,1489.0,1,-0.0000005960,-1.0000001192,0.0000000011,1.0000001192,-0.0000005960,0.0000000047,-0.0000000047,0.0000000011,1.0000000000,0,293.6,194.9,1579.0,1,0.0000514388,-0.9999990463,0.0000092310,0.9999990463,0.0000514388,-0.0000211583,0.0000211578,0.0000092320,1.0000000000,0,293.6,-62.0,1579.0,0,0.0524190068,-0.6585416198,0.7507163882,-0.9972927570,0.0042992160,0.0734076276,-0.0515694730,-0.7525319457,-0.6565334201,1,411.3,146.2,1328.9,1,-0.3063535690,-0.6627289057,0.6833285093,-0.9138931036,0.0039030761,-0.4059360921,0.2663585246,-0.7488491535,-0.6068590879,1,423.7,-89.5,1316.7,1,0.9119247794,-0.1916398406,0.3628598452,0.2253200561,0.9728715420,-0.0524554402,-0.3429633379,0.1295950264,0.9303661585,1,304.0,-200.2,1604.2,1,0.9138943553,-0.1481129527,-0.3779677153,0.1009062082,0.9847247601,-0.1418980509,0.3932110965,0.0915405378,0.9148799777,0,379.3,-582.4,1553.3,1,-0.9151127338,-0.0948824435,0.3918751478,-0.2256360799,0.9259905815,-0.3027039468,-0.3341514170,-0.3654294014,-0.8687947392,1,379.4,-231.4,1443.9,1,-0.7150731087,-0.0031480375,0.6990426183,-0.0295786411,0.9992306232,-0.0257570446,-0.6984237432,-0.0390949026,-0.7146159410,0,416.7,-595.1,1587.4,1,293.6,-318.8,1579.0,0,344.1,-326.8,1385.9,1,435.2,-954.3,1518.7,0,417.9,-972.5,1602.2,0,
10,0.4120076895,0.0016192101,0.9111816287,-0.1739020944,0.9817509651,0.0768921152,-0.8944324851,-0.1901364028,0.4047729969,1,358.4,371.2,1413.9,1,0.4120076895,0.0016192101,0.9111816287,-0.1739020944,0.9817509651,0.0768921152,-0.8944324851,-0.1901364028,0.4047729969,1,358.0,169.4,1453.0,1,0.4119410217,0.0298802759,0.9107232690,-0.1780663878,0.9828268886,0.0483007431,-0.8936434984,-0.1820661873,0.4101898670,1,352.2,-23.6,1488.7,1,-0.0000005960,-1.0000001192,0.0000000009,1.0000001192,-0.0000005960,0.0000000038,-0.0000000038,0.0000000009,1.0000000000,0,300.2,194.4,1578.4,1,0.0000482202,-0.9999990463,0.0000083079,0.9999990463,0.0000482202,-0.0000190424,0.0000190420,0.0000083088,1.0000000000,0,300.2,-62.4,1578.4,0,0.0628062561,-0.6639608741,0.7451249957,-0.9963724017,0.0012421869,0.0850906670,-0.0574224666,-0.7477661967,-0.6614743471,1,415.9,144.4,1327.6,1,-0.3009462953,-0.6655103564,0.6830279231,-0.9181768894,0.0087027550,-0.3960748315,0.2576477230,-0.7463377118,-0.6136754155,1,430.7,-91.7,1314.0,1,-0.9203255773,-0.0749090314,0.3839135766,-0.2000296563,0.9335778952,-0.2973559201,-0.3361386359,-0.3504583538,-0.8741796017,0,309.1,-200.6,1605.2,0,-0.7204650044,-0.0015692185,0.6934895515,-0.0146446498,0.9998089075,-0.0129519440,-0.6933367252,-0.0194873344,-0.7203502059,0,338.5,-567.3,1742.8,0,-0.9203255773,-0.0749090314,0.3839135766,-0.2000296563,0.9335778952,-0.2973559201,-0.3361386359,-0.3504583538,-0.8741796017,1,383.5,-232.7,1443.8,1,-0.7204650044,-0.0015692185,0.6934895515,-0.0146446498,0.9998089075,-0.0129519440,-0.6933367252,-0.0194873344,-0.7203502059,0,412.9,-599.4,1581.5,1,300.2,-319.3,1578.4,0,352.6,-330.1,1380.9,1,339.1,-944.9,1750.2,0,413.5,-977.1,1588.8,0,
11,0.4139629900,0.0017374756,0.9102948308,-0.1728145778,0.9819567204,0.0767180696,-0.8937402368,-0.1890705079,0.4067964852,1,363.5,372.0,1412.6,1,0.4139629900,0.0017374756,0.9102948308,-0.1728145778,0.9819567204,0.0767180696,-0.8937402368,-0.1890705079,0.4067964852,1,363.1,169.4,1451.6,1,0.4138908684,0.0303323921,0.9098238349,-0.1772384048,0.9829981327,0.0478593484,-0.8929068446,-0.1810642034,0.4122325480,1,357.2,-23.7,1487.2,1,-0.0000005960,-1.0000001192,0.0000000007,1.0000001192,-0.0000005960,0.0000000030,-0.0000000030,0.0000000007,1.0000000000,0,305.0,194.2,1577.0,1,0.0000452399,-0.9999990463,0.0000074771,0.9999990463,0.0000452399,-0.0000171382,0.0000171378,0.0000074779,1.0000000000,0,305.0,-62.6,1577.0,0,0.0641408861,-0.6624026895,0.7463971376,-0.9960952997,0.0029705800,0.0882347375,-0.0606641583,-0.7491421700,-0.6596256495,1,421.2,144.5,1326.3,1,-0.2927869558,-0.6636324525,0.6883806586,-0.9244318604,0.0124924332,-0.3811426759,0.2443390638,-0.7479546070,-0.6171405911,1,436.6,-93.9,1311.8,1,0.9378908873,0.0427317545,0.3442887664,-0.0403422862,0.9990863800,-0.0141045954,-0.3445768356,-0.0006608231,0.9387578964,1,313.8,-200.7,1603.5,1,0.9242979288,-0.0352149755,-0.3800435960,0.0243443344,0.9991464019,-0.0333737880,0.3808944523,0.0215954166,0.9243662357,0,297.0,-593.2,1603.8,1,-0.9191946983,-0.0737567768,0.3868344426,-0.2025233656,0.9309856892,-0.3037266433,-0.3377354741,-0.3575269878,-0.8706946373,1,388.7,-232.8,1442.0,1,-0.7209955454,-0.0007833322,0.6929393411,-0.0073051890,0.9999523759,-0.0064705713,-0.6929012537,-0.0097273048,-0.7209669352,0,417.6,-598.5,1582.4,1,305.0,-319.4,1577.0,0,360.5,-334.0,1375.2,1,310.3,-970.6,1595.6,0,417.9,-976.2,1586.1,0,
12,0.4169037938,-0.0021440494,0.9089507461,-0.1681414843,0.9825512767,0.0794420168,-0.8932644725,-0.1859518886,0.4092713296,1,366.3,372.8,1412.0,1,0.4169037938,-0.0021440494,0.9089507461,-0.1681414843,0.9825512767,0.0794420168,-0.8932644725,-0.1859518886,0.4092713296,1,366.8,170.1,1450.4,1,0.4168124199,0.0312051810,0.9084595442,-0.1743294001,0.9835975170,0.0462015383,-0.8921201825,-0.1776285172,0.4154181778,1,360.7,-23.1,1485.3,1,-0.0000005960,-1.0000001192,0.0000000006,1.0000001192,-0.0000005960,0.0000000024,-0.0000000024,0.0000000006,1.0000000000,0,308.3,194.6,1575.6,1,0.0000426769,-0.9999990463,0.0000067294,0.9999990463,0.0000426769,-0.0000154243,0.0000154240,0.0000067301,1.0000000000,0,308.3,-62.3,1575.6,0,0.0627270862,-0.6601046324,0.7485501766,-0.9957998395,0.0087258741,0.0911409929,-0.0666943416,-0.7511231303,-0.6567846537,1,425.3,145.7,1325.2,1,-0.2785587013,-0.6651278734,0.6928275824,-0.9305547476,0.0084201694,-0.3660559654,0.2376402617,-0.7466820478,-0.6212834120,1,440.4,-94.0,1309.1,1,-0.9165136814,-0.0703412443,0.3937696815,-0.2125989050,0.9195235372,-0.3305724263,-0.3388275802,-0.3866892159,-0.8577104211,0,317.2,-200.6,1600.1,0,-0.7223740220,-0.0003914043,0.6915024519,-0.0036429111,0.9999881983,-0.0032395318,-0.6914930344,-0.0048592361,-0.7223668098,0,344.8,-561.8,1752.0,0,-0.9165136814,-0.0703412443,0.3937696815,-0.2125989050,0.9195235372,-0.3305724263,-0.3388275802,-0.3866892159,-0.8577104211,1,391.9,-231.9,1440.2,1,-0.7223740220,-0.0003914043,0.6915024519,-0.0036429111,0.9999881983,-0.0032395318,-0.6914930344,-0.0048592361,-0.7223668098,0,419.5,-593.1,1592.1,1,308.3,-319.1,1575.6,0,368.1,-335.7,1370.8,1,344.9,-939.5,1753.9,0,419.7,-970.8,1593.9,0,
13,0.4218437672,-0.0000349432,0.9066712856,-0.1669056416,0.9829014540,0.0776972324,-0.8911745548,-0.1841044724,0.4146275222,1,369.6,371.8,1411.7,1,0.4218437672,-0.0000349432,0.9066712856,-0.1669056416,0.9829014540,0.0776972324,-0.8911745548,-0.1841044724,0.4146275222,1,369.6,169.0,1449.7,1,0.4217795134,0.0307529867,0.9061796069,-0.1710262150,0.9841769934,0.0462070443,-0.8904234171,-0.1744695604,0.4203678071,1,363.6,-24.3,1483.9,1,-0.0000005960,-1.0000001192,0.0000000005,1.0000001192,-0.0000005960,0.0000000019,-0.0000000019,0.0000000005,1.0000000000,0,310.4,193.0,1574.6,1,0.0000401735,-0.9999990463,0.0000060565,0.9999990463,0.0000401735,-0.0000138819,0.0000138816,0.0000060570,1.0000000000,0,310.4,-63.8,1574.6,0,0.0626841560,-0.6565278172,0.7516927123,-0.9951360822,0.0162334368,0.0971633196,-0.0759929866,-0.7541271448,-0.6523169279,1,428.8,145.0,1324.7,1,-0.2632496059,-0.6644042730,0.6994760036,-0.9380151629,0.0068410039,-0.3465265036,0.2254485637,-0.7473420501,-0.6250222325,1,443.8,-92.9,1306.5,1,0.9242105484,0.1939108074,0.3289884031,-0.2173234969,0.9754511118,0.0355700403,-0.3140147030,-0.1043711081,0.9436637163,1,319.5,-202.2,1598.5,1,0.9190773964,-0.0086383456,-0.3939821720,0.0052473675,0.9999393225,-0.0096833929,0.3940419257,0.0068324190,0.9190670252,0,243.3,-585.3,1639.5,1,-0.9135637879,-0.0652423054,0.4014279246,-0.2168170512,0.9132137299,-0.3450085521,-0.3440803885,-0.4022237659,-0.8484247327,1,395.5,-233.0,1437.9,1,-0.7201557755,-0.0001956148,0.6938124895,-0.0018258200,0.9999971390,-0.0016132029,-0.6938102245,-0.0024285340,-0.7201539278,0,421.2,-591.7,1595.9,1,310.4,-320.7,1574.6,0,375.4,-336.4,1365.1,1,246.6,-963.0,1636.9,0,421.2,-969.4,1596.9,0,
14,0.4084738195,-0.0050531561,0.9127587676,-0.1664483845,0.9827997684,0.0799328834,-0.8974664211,-0.1845775396,0.4006093144,1,371.2,370.6,1412.5,1,0.4084738195,-0.0050531561,0.9127587676,-0.1664483845,0.9827997684,0.0799328834,-0.8974664211,-0.1845775396,0.4006093144,1,372.2,167.7,1450.6,1,0.4084430933,0.0260219369,0.9124156237,-0.1693385839,0.9843959808,0.0477328449,-0.8969395161,-0.1740032285,0.4064787626,1,367.1,-25.7,1484.8,1,-0.0000005960,-1.0000001192,0.0000000004,1.0000001192,-0.0000005960,0.0000000015,-0.0000000015,0.0000000004,1.0000000000,0,314.9,191.5,1576.5,1,0.0000379682,-0.9999990463,0.0000054508,0.9999990463,0.0000379682,-0.0000124937,0.0000124935,0.0000054513,1.0000000000,0,314.9,-65.4,1576.5,0,0.0722282827,-0.6678802967,0.7407557368,-0.9939908981,0.0130457804,0.1086826250,-0.0822507143,-0.7441543937,-0.6629246473,1,429.6,143.9,1324.7,1,-0.2506861985,-0.6735841036,0.6952992082,-0.9437984228,0.0102380961,-0.3303629160,0.2154086232,-0.7390397191,-0.6382942200,1,446.8,-94.0,1305.1,1,0.9108838439,0.2280088216,0.3439516425,-0.2630935311,0.9630032778,0.0583640635,-0.3179191351,-0.1436543316,0.9371717572,1,325.1,-203.7,1600.1,1,0.9238478541,-0.0043152766,-0.3827352524,0.0026804549,0.9999848008,-0.0048045707,0.3827501833,0.0034127883,0.9238455296,0,235.5,-582.0,1656.5,1,-0.9173988700,-0.0643333569,0.3927345276,-0.2195351869,0.9049214125,-0.3645839393,-0.3319390118,-0.4206880033,-0.8442974091,1,398.9,-234.3,1437.9,1,-0.7319905758,-0.0000977854,0.6813145876,-0.0008985793,0.9999992251,-0.0008218910,-0.6813139915,-0.0012138318,-0.7319901586,0,424.2,-589.8,1603.2,1,314.9,-322.2,1576.5,0,381.8,-339.0,1361.0,1,237.2,-959.7,1655.2,0,424.2,-967.5,1603.6,0,
15,0.4171975553,-0.0077337134,0.9087857008,-0.1618904173,0.9833328128,0.0826911479,-0.8942815065,-0.1816220433,0.4089944363,1,371.2,369.7,1412.4,1,0.4171975553,-0.0077337134,0.9087857008,-0.1618904173,0.9833328128,0.0826911479,-0.8942815065,-0.1816220433,0.4089944363,1,372.7,166.6,1449.9,1,0.4171641469,0.0257131532,0.9084702134,-0.1655573398,0.9850188494,0.0481463820,-0.8936255574,-0.1704887450,0.4151740670,1,367.7,-26.8,1483.4,1,-0.0000005960,-1.0000001192,0.0000000003,1.0000001192,-0.0000005960,0.0000000012,-0.0000000012,0.0000000003,1.0000000000,0,314.2,189.9,1575.4,1,0.0000359416,-0.9999990463,0.0000049058,0.9999990463,0.0000359416,-0.0000112443,0.0000112441,0.0000049062,1.0000000000,0,314.2,-67.0,1575.4,0,0.0735642314,-0.6608415842,0.7469114065,-0.9938225150,0.0138276629,0.1101170331,-0.0830979645,-0.7503980398,-0.6557419300,1,431.3,143.4,1324.5,1,-0.2474804372,-0.6665818095,0.7031515837,-0.9461784959,0.0100492835,-0.3234892786,0.2085659057,-0.7453641891,-0.6331923604,1,448.9,-95.0,1304.6,1,0.9028486609,0.2740548253,0.3312984705,-0.3059206307,0.9508915544,0.0470982641,-0.3021213412,-0.1438736022,0.9423497915,1,324.9,-205.3,1597.8,1,0.9167721868,-0.0021566157,-0.3994047940,0.0012958983,0.9999962449,-0.0024250185,0.3994085193,0.0017056015,0.9167715311,0,217.2,-578.8,1654.3,1,-0.9134000540,-0.0587256923,0.4028050005,-0.2212993950,0.9021713138,-0.3702887893,-0.3416536450,-0.4273622334,-0.8370391130,1,400.4,-235.3,1436.0,1,-0.7256865501,-0.0000489680,0.6880256534,-0.0004531730,0.9999998808,-0.0004068068,-0.6880255938,-0.0006070088,-0.7256863713,0,423.5,-589.7,1603.9,1,314.2,-323.8,1575.4,0,384.7,-340.7,1358.8,1,218.0,-956.5,1653.7,0,423.5,-967.4,1604.1,0,
16,0.4076358974,-0.0120254029,0.9130681157,-0.1550732255,0.9844719172,0.0822013840,-0.8998817205,-0.1751004905,0.3994436264,1,370.6,368.9,1415.4,1,0.4076358974,-0.0120254029,0.9130681157,-0.1550732255,0.9844719172,0.0822013840,-0.8998817205,-0.1751004905,0.3994436264,1,373.1,166.2,1451.5,1,0.4076218307,0.0183467455,0.9129693508,-0.1594777107,0.9858574867,0.0513951816,-0.8991179466,-0.1665479541,0.4047853649,1,369.5,-27.4,1484.2,1,-0.0000005960,-1.0000001192,0.0000000002,1.0000001192,-0.0000005960,0.0000000010,-0.0000000010,0.0000000002,1.0000000000,0,315.9,188.6,1577.6,1,0.0000342727,-0.9999990463,0.0000044152,0.9999990463,0.0000342727,-0.0000101198,0.0000101197,0.0000044155,1.0000000000,0,315.9,-68.2,1577.6,0,0.0714189336,-0.6697331071,0.7391595840,-0.9938353896,0.0152187534,0.1098155156,-0.0847961679,-0.7424458265,-0.6645177007,1,430.3,143.8,1325.3,1,-0.2384024113,-0.6783012152,0.6950334907,-0.9460825324,0.0006036460,-0.3239251673,0.2192993313,-0.7347835898,-0.6418728232,1,448.0,-102.0,1304.3,1,0.8949978352,0.2820013165,0.3456213176,-0.3255520463,0.9426309466,0.0739109218,-0.3049503565,-0.1786678731,0.9354587197,1,329.0,-206.6,1598.3,1,0.9218962789,-0.0010780342,-0.3874350786,0.0006635711,0.9999989867,-0.0012035294,0.3874360025,0.0008524386,0.9218962193,0,218.2,-576.9,1668.5,1,-0.9152922034,-0.0581023991,0.3985778987,-0.2241931856,0.8955799937,-0.3842835724,-0.3346305788,-0.4410902560,-0.8327435255,1,402.8,-235.5,1435.4,1,-0.7332805395,-0.0000244018,0.6799262762,-0.0002244620,1.0000000000,-0.0002061868,-0.6799262762,-0.0003038104,-0.7332804799,0,425.6,-587.3,1608.7,1,315.9,-325.1,1577.6,0,385.8,-348.5,1361.4,1,218.6,-954.6,1668.2,0,425.6,-965.0,1608.8,0,
17,0.4039016366,-0.0074992231,0.9147743583,-0.1482604891,0.9862043262,0.0735501349,-0.9027093053,-0.1653317660,0.3972200453,1,370.1,367.8,1418.9,1,0.4039016366,-0.0074992231,0.9147743583,-0.1482604891,0.9862043262,0.0735501349,-0.9027093053,-0.1653317660,0.3972200453,1,371.6,164.9,1452.9,1,0.4038685858,0.0216963924,0.9145624638,-0.1528642923,0.9872580171,0.0440867171,-0.9019559026,-0.1576090753,0.4020415246,1,367.4,-29.0,1483.9,1,-0.0000005960,-1.0000001192,0.0000000002,1.0000001192,-0.0000005960,0.0000000008,-0.0000000008,0.0000000002,1.0000000000,0,315.0,186.4,1579.5,1,0.0000327229,-0.9999990463,0.0000039737,0.9999990463,0.0000327229,-0.0000091078,0.0000091077,0.0000039740,1.0000000000,0,315.0,-70.5,1579.5,0,0.0663607493,-0.6719700694,0.7375990748,-0.9938812852,0.0208998732,0.1084583625,-0.0882965103,-0.7402833104,-0.6664715409,1,428.3,143.5,1326.3,1,-0.2242232561,-0.6851747036,0.6930076480,-0.9471191168,-0.0142843723,-0.3205641508,0.2295416296,-0.7282387614,-0.6457391381,1,445.0,-106.0,1304.1,1,0.8819370270,0.3164542317,0.3493480086,-0.3621901274,0.9292740822,0.0725811720,-0.3016713560,-0.1905423552,0.9341777563,1,326.5,-209.0,1596.7,1,0.9212625623,-0.0005389331,-0.3889409304,0.0003308073,0.9999997616,-0.0006020778,0.3889411688,0.0004260073,0.9212625623,0,202.1,-574.0,1671.5,1,-0.9161890745,-0.0241174102,0.4000196159,-0.1984840333,0.8944638371,-0.4006723166,-0.3481398821,-0.4464891553,-0.8242850900,1,399.8,-236.7,1432.9,1,-0.7014440298,0.0050700870,0.7127066255,-0.1620119214,0.9726626873,-0.1663711220,-0.6940666437,-0.2321669459,-0.6814470887,1,409.2,-587.9,1608.2,1,314.9,-327.3,1579.5,0,386.2,-354.2,1364.3,1,202.3,-951.7,1671.4,0,407.4,-945.2,1693.5,1,
18,0.4038424492,-0.0053511080,0.9148156047,-0.1408991665,0.9876821041,0.0679805130,-0.9039140344,-0.1563499868,0.3981163502,1,368.0,368.1,1423.1,1,0.4038424492,-0.0053511080,0.9148156047,-0.1408991665,0.9876821041,0.0679805130,-0.9039140344,-0.1563499868,0.3981163502,1,369.1,165.3,1455.2,1,0.4038007557,0.0241007470,0.9145322442,-0.1453013569,0.9886481166,0.0381053239,-0.9032354355,-0.1482695937,0.4027211368,1,364.4,-28.9,1484.3,1,-0.0000005960,-1.0000001192,0.0000000002,1.0000001192,-0.0000005960,0.0000000006,-0.0000000006,0.0000000002,1.0000000000,0,312.4,185.7,1582.0,1,0.0000312328,-0.9999990463,0.0000035763,0.9999990463,0.0000312328,-0.0000081970,0.0000081969,0.0000035766,1.0000000000,0,312.4,-71.2,1582.0,0,0.0806842223,-0.6707063317,0.7373215556,-0.9922416210,0.0161506720,0.1232713088,-0.0945870876,-0.7415471673,-0.6641995907,1,425.8,144.9,1328.5,1,-0.2206470072,-0.6815401316,0.6977233291,-0.9502984881,-0.0108813494,-0.3111499846,0.2196533978,-0.7316997051,-0.6452656984,1,445.8,-101.0,1305.0,1,0.8778249621,0.3205218613,0.3559342027,-0.3770604134,0.9206823111,0.1008449942,-0.2953792810,-0.2227328867,0.9290540218,1,323.1,-209.9,1595.1,1,0.9234659672,-0.0002694304,-0.3836801052,0.0001669654,0.9999999404,-0.0003003636,0.3836801648,0.0002133143,0.9234659672,0,197.2,-571.6,1682.6,1,-0.9140977859,0.0190263987,0.4050469995,-0.1609943956,0.8997642398,-0.4055922627,-0.3721637726,-0.4359613061,-0.8194094300,1,396.1,-236.2,1431.8,1,-0.6915212870,0.0341733620,0.7215471864,-0.2172191888,0.9428104162,-0.2528326511,-0.6889223456,-0.3315730989,-0.6445503235,1,388.7,-589.1,1602.9,1,312.4,-328.0,1582.0,0,387.8,-350.8,1362.8,1,197.3,-949.3,1682.5,0,376.0,-938.4,1725.7,1,
19,0.4074859023,-0.0046151574,0.9132025242,-0.1305996925,0.9894083738,0.0632796064,-0.9038256407,-0.1450493187,0.4025697112,1,364.4,367.0,1428.8,1,0.4074859023,-0.0046151574,0.9132025242,-0.1305996925,0.9894083738,0.0632796064,-0.9038256407,-0.1450493187,0.4025697112,1,365.3,164.3,1458.5,1,0.4074461162,0.0193437189,0.9130271673,-0.1359569132,0.9899135828,0.0397024490,-0.9030532837,-0.1403087974,0.4059688151,1,361.5,-30.1,1486.0,1,-0.0000005960,-1.0000001192,0.0000000001,1.0000001192,-0.0000005960,0.0000000005,-0.0000000005,0.0000000001,1.0000000000,0,308.1,183.4,1585.2,1,0.0000298619,-0.9999990463,0.0000032187,0.9999990463,0.0000298619,-0.0000073773,0.0000073772,0.0000032189,1.0000000000,0,308.1,-73.4,1585.2,0,0.0920318216,-0.6681727171,0.7382922769,-0.9903503060,0.0157335363,0.1376913339,-0.1036175340,-0.7438399792,-0.6602769494,1,422.5,145.2,1331.7,1,-0.2146501243,-0.6782269478,0.7028039098,-0.9536640644,-0.0097885877,-0.3007140458,0.2108318508,-0.7347871661,-0.6446996331,1,445.0,-96.3,1306.4,1,0.8730712533,0.3336469233,0.3555651903,-0.3947576582,0.9117110968,0.1137959808,-0.2862049937,-0.2397139966,0.9276982546,1,321.0,-212.2,1595.1,1,0.9220023751,-0.0001347314,-0.3871840835,0.0000829280,1.0000000000,-0.0001505011,0.3871841133,0.0001066539,0.9220023751,0,189.9,-570.4,1689.2,1,-0.9099174738,0.0397288501,0.4128823876,-0.1442698985,0.9029398561,-0.4048282802,-0.3888912201,-0.4279267788,-0.8158689737,1,394.5,-236.8,1432.1,1,-0.6864134669,0.0474638641,0.7256608605,-0.2436328977,0.9251913428,-0.2909707427,-0.6851857305,-0.3765211105,-0.6235000491,1,378.9,-591.1,1600.1,1,308.1,-330.3,1585.2,0,388.5,-347.4,1362.0,1,190.0,-948.1,1689.2,0,361.2,-936.8,1740.7,1,
20,0.3974679708,-0.0131468121,0.9175246358,-0.1249658316,0.9898006320,0.0683207065,-0.9090679884,-0.1418143213,0.3917735815,1,358.6,365.7,1430.6,1,0.3974679708,-0.0131468121,0.9175246358,-0.1249658316,0.9898006320,0.0683207065,-0.9090679884,-0.1418143213,0.3917735815,1,361.3,162.8,1459.6,1,0.3974736929,0.0111998748,0.9175480008,-0.1307643205,0.9904062152,0.0445599183,-0.9082494974,-0.1376937628,0.3951274455,1,359.1,-31.7,1486.7,1,-0.0000005960,-1.0000001192,0.0000000001,1.0000001192,-0.0000005960,0.0000000004,-0.0000000004,0.0000000001,1.0000000000,0,305.5,181.2,1587.1,1,0.0000286698,-0.9999990463,0.0000028968,0.9999990463,0.0000286698,-0.0000066396,0.0000066395,0.0000028970,1.0000000000,0,305.5,-75.7,1587.1,0,0.1034817621,-0.6759065986,0.7296862602,-0.9899122715,0.0013913065,0.1416749805,-0.0967742428,-0.7369861603,-0.6689442396,1,417.1,144.5,1332.2,1,-0.2181554437,-0.6804137230,0.6996036768,-0.9541661739,-0.0017860979,-0.2992720306,0.2048783749,-0.7328259945,-0.6488381028,1,441.9,-93.5,1308.9,1,-0.9157323241,0.0038262010,0.4017704427,-0.1781298369,0.8924456835,-0.4145002067,-0.3601443172,-0.4511385858,-0.8165598512,0,321.0,-214.4,1595.8,0,-0.7038766146,0.0240569375,0.7099146843,-0.1189312786,0.9813264608,-0.1511740386,-0.7002948523,-0.1908389330,-0.6878716946,0,319.5,-564.9,1773.0,0,-0.9157323241,0.0038262010,0.4017704427,-0.1781298369,0.8924456835,-0.4145002067,-0.3601443172,-0.4511385858,-0.8165598512,1,392.8,-238.0,1431.6,1,-0.7038766146,0.0240569375,0.7099146843,-0.1189312786,0.9813264608,-0.1511740386,-0.7002948523,-0.1908389330,-0.6878716946,0,391.3,-588.6,1608.8,1,305.5,-332.5,1587.1,0,384.5,-344.9,1362.9,1,310.4,-935.6,1845.1,0,382.2,-959.2,1680.9,0,
21,0.4089111686,-0.0196732804,0.9123649001,-0.1186163649,0.9901347756,0.0745162889,-0.9048334956,-0.1386917681,0.4025460780,1,352.1,365.2,1434.0,1,0.4089111686,-0.0196732804,0.9123649001,-0.1186163649,0.9901347756,0.0745162889,-0.9048334956,-0.1386917681,0.4025460780,1,356.2,162.0,1462.4,1,0.4089686871,0.0042500761,0.9125413299,-0.1260008663,0.9906683564,0.0518583730,-0.9038087130,-0.1361892819,0.4056903720,1,355.4,-32.6,1489.2,1,-0.0000005960,-1.0000001192,0.0000000001,1.0000001192,-0.0000005960,0.0000000003,-0.0000000003,0.0000000001,1.0000000000,0,298.8,179.6,1589.3,1,0.0000275373,-0.9999990463,0.0000026071,0.9999990463,0.0000275373,-0.0000059756,0.0000059756,0.0000026073,1.0000000000,0,298.8,-77.2,1589.3,0,0.1011727303,-0.6683528423,0.7369319797,-0.9900092483,0.0054888949,0.1408956051,-0.0982129052,-0.7438243032,-0.6611201763,1,413.6,144.3,1335.6,1,-0.2209884971,-0.6745174527,0.7044078708,-0.9531816840,-0.0034919679,-0.3023782074,0.2064191252,-0.7382507920,-0.6421658993,1,437.9,-93.8,1312.0,1,0.8518209457,0.3813897073,0.3590866923,-0.4532856345,0.8802449107,0.1403612792,-0.2625519335,-0.2823314667,0.9226891994,1,317.5,-215.8,1597.7,1,0.9162025452,-0.0020232419,-0.4007104635,0.0020704954,0.9999978542,-0.0003150517,0.4007102251,-0.0005410179,0.9162046909,0,167.7,-561.6,1708.6,1,-0.9105921388,-0.0086677074,0.4132153392,-0.1998946071,0.8843062520,-0.4219533205,-0.3617515564,-0.4668268859,-0.8069748878,1,391.5,-238.6,1434.1,1,-0.7096158266,0.0119370446,0.7044876218,-0.0582872853,0.9954348207,-0.0755785108,-0.7021737099,-0.0946943834,-0.7056805491,0,394.9,-586.0,1617.5,1,298.8,-334.1,1589.3,0,379.7,-345.1,1366.4,1,168.5,-939.3,1708.8,0,390.4,-961.9,1653.3,0,
22,0.4130256474,-0.0272136759,0.9103154540,-0.1142658740,0.9901006222,0.0814468414,-0.9035236239,-0.1376574337,0.4058298469,1,344.0,365.5,1435.7,1,0.4130256474,-0.0272136759,0.9103154540,-0.1142658740,0.9901006222,0.0814468414,-0.9035236239,-0.1376574337,0.4058298469,1,349.6,162.3,1463.9,1,0.4131240249,-0.0027609742,0.9106733799,-0.1207649037,0.9909920096,0.0577922948,-0.9026328921,-0.1338526011,0.4090717137,1,350.1,-32.3,1490.2,1,-0.0000005960,-1.0000001192,0.0000000001,1.0000001192,-0.0000005960,0.0000000003,-0.0000000003,0.0000000001,1.0000000000,0,291.6,179.3,1590.6,1,0.0000266433,-0.9999990463,0.0000023464,0.9999990463,0.0000266433,-0.0000053781,0.0000053780,0.0000023466,1.0000000000,0,291.6,-77.6,1590.6,0,0.1052288041,-0.6654110551,0.7390229702,-0.9900904298,-0.0006090850,0.1404296607,-0.0929933190,-0.7464768291,-0.6588812470,1,407.6,145.4,1337.2,1,-0.2300351858,-0.6706964970,0.7051596045,-0.9490667582,-0.0057000965,-0.3150234818,0.2153045833,-0.7417100072,-0.6352245808,1,433.0,-94.0,1314.8,1,0.8515360355,0.3845567107,0.3563745022,-0.4579800665,0.8764645457,0.1485409439,-0.2552272081,-0.2897003889,0.9224603176,1,313.3,-216.0,1598.2,1,0.9144276977,-0.0010115741,-0.4047479630,0.0010343683,0.9999994040,-0.0001623688,0.4047479033,-0.0002701840,0.9144282937,0,162.2,-560.3,1712.0,1,-0.9068545103,-0.0011392832,0.4214423895,-0.2006999254,0.8804905415,-0.4294833243,-0.3705867231,-0.4740622938,-0.7987054586,1,388.1,-237.9,1434.7,1,-0.7129794359,0.0059250183,0.7011600137,-0.0287368596,0.9988772869,-0.0376620926,-0.7005959749,-0.0470014289,-0.7120085955,0,388.5,-583.8,1621.0,1,291.6,-334.4,1590.6,0,372.4,-344.2,1371.5,1,162.6,-938.0,1712.1,0,386.3,-961.0,1638.7,0,
23,0.4121956229,-0.0379942842,0.9103055000,-0.1098334491,0.9897658229,0.0910481736,-0.9044518471,-0.1375114024,0.4038065672,1,334.5,363.7,1437.0,1,0.4121956229,-0.0379942842,0.9103055000,-0.1098334491,0.9897658229,0.0910481736,-0.9044518471,-0.1375114024,0.4038065672,1,342.3,160.3,1465.3,1,0.4123144448,-0.0111915451,0.9109756351,-0.1146173030,0.9913368225,0.0640586615,-0.9038038850,-0.1308256984,0.4074622691,1,344.5,-34.4,1491.0,1,-0.0000005960,-1.0000001192,0.0000000000,1.0000001192,-0.0000005960,0.0000000002,-0.0000000002,0.0000000000,1.0000000000,0,284.4,176.4,1592.1,1,0.0000259876,-0.9999990463,0.0000021118,0.9999990463,0.0000259876,-0.0000048402,0.0000048402,0.0000021119,1.0000000000,0,284.4,-80.4,1592.1,0,0.1030905023,-0.6663678885,0.7384621501,-0.9913631678,-0.0083279386,0.1308809817,-0.0810650066,-0.7455767393,-0.6614710093,1,400.2,144.2,1338.4,1,-0.2295687050,-0.6703031063,0.7056853175,-0.9485442638,-0.0083797127,-0.3165334761,0.2180868387,-0.7420399189,-0.6338885427,1,424.9,-93.2,1319.0,1,-0.9044434428,0.0095271915,0.4264872074,-0.1938988864,0.8813290000,-0.4308855236,-0.3799806237,-0.4724069834,-0.7952649593,0,309.2,-218.6,1598.8,0,-0.7136609554,0.0029491703,0.7004850507,-0.0142840063,0.9997219443,-0.0187616963,-0.7003455758,-0.0233952235,-0.7134203911,0,305.5,-564.8,1784.3,0,-0.9044434428,0.0095271915,0.4264872074,-0.1938988864,0.8813290000,-0.4308855236,-0.3799806237,-0.4724069834,-0.7952649593,1,384.2,-239.5,1434.5,1,-0.7136609554,0.0029491703,0.7004850507,-0.0142840063,0.9997219443,-0.0187616963,-0.7003455758,-0.0233952235,-0.7134203911,0,380.4,-585.7,1620.1,1,284.4,-337.3,1592.1,0,364.3,-343.3,1376.5,1,304.4,-942.5,1793.2,0,379.3,-963.3,1629.0,0,
