1,0.9876034856,-0.0752335936,-0.1377548575,0.1000241786,0.9780172110,0.1829699427,0.1209591702,-0.1944812536,0.9734184742,1,-14.3,377.0,2097.9,1,0.9876034856,-0.0752335936,-0.1377548575,0.1000241786,0.9780172110,0.1829699427,0.1209591702,-0.1944812536,0.9734184742,1,-0.1,192.2,2134.6,1,0.9870144725,-0.0803879127,-0.1390587389,0.1074123308,0.9740289450,0.1993253827,0.1194219366,-0.2116744220,0.9700154662,1,14.7,13.3,2173.5,1,0.2099186480,-0.9721712470,-0.1040048003,0.9560745955,0.1818480939,0.2298968583,-0.2045860589,-0.1476959884,0.9676416516,1,-128.0,178.3,2119.1,1,-0.1436391175,-0.9762383103,-0.1622543335,0.9886440039,-0.1342371553,-0.0675514415,0.0441657454,-0.1701148003,0.9844340682,1,-176.3,-41.7,2166.2,1,-0.0000005960,1.0000001192,0.0000000000,-1.0000001192,-0.0000005960,0.0000000000,0.0000000000,-0.0000000000,1.0000000000,0,127.9,206.1,2150.1,1,0.0000197291,0.9999990463,0.0000098696,-0.9999990463,0.0000197291,-0.0000000336,-0.0000000338,-0.0000098696,1.0000000000,0,127.9,-34.1,2150.1,0,0.9738107324,-0.2216632366,-0.0505773574,0.2245114148,0.9726186395,0.0600629486,0.0358787328,-0.0698451400,0.9969124198,0,-54.2,-174.7,2202.2,1,0.9333024025,-0.3484100103,-0.0869311169,0.3556634784,0.9302666783,0.0900410116,0.0494979247,-0.1149537116,0.9921368957,0,27.2,-532.0,2227.9,0,1.0000000000,0.0000000004,-0.0000000003,-0.0000000004,1.0000000000,0.0000000000,0.0000000003,-0.0000000000,1.0000000000,0,113.1,-156.5,2222.5,1,1.0000000000,0.0000184172,-0.0000204838,-0.0000184172,1.0000000000,-0.0000030695,0.0000204837,0.0000030699,1.0000000000,0,113.1,-523.8,2222.5,0,-139.4,-296.2,2154.8,1,127.9,-274.3,2150.1,0,150.3,-860.6,2268.5,0,113.1,-877.1,2222.5,0,
2,0.9866192937,-0.0753892437,-0.1445542425,0.1010585576,0.9785720706,0.1794001311,0.1279299259,-0.1916087717,0.9730969071,1,-14.7,377.2,2098.4,1,0.9866192937,-0.0753892437,-0.1445542425,0.1010585576,0.9785720706,0.1794001311,0.1279299259,-0.1916087717,0.9730969071,1,-0.4,191.9,2134.7,1,0.9859437346,-0.0813712031,-0.1459140927,0.1094757840,0.9744051695,0.1963416338,0.1262009293,-0.2095565945,0.9696169496,1,14.5,12.9,2173.2,1,0.2151802033,-0.9703084826,-0.1104490981,0.9554982185,0.1858153790,0.2291196883,-0.2017936409,-0.1548359394,0.9671117663,1,-128.2,177.7,2118.3,1,-0.1491440982,-0.9742327332,-0.1691941023,0.9880701303,-0.1401915401,-0.0637471825,0.0383850113,-0.1766831577,0.9835190177,1,-178.1,-43.8,2165.1,1,-0.0000005960,1.0000001192,0.0000000000,-1.0000001192,-0.0000005960,0.0000000000,0.0000000000,-0.0000000000,1.0000000000,0,127.4,206.1,2151.1,1,0.0000197291,0.9999990463,0.0000088826,-0.9999990463,0.0000197291,-0.0000000302,-0.0000000304,-0.0000088826,1.0000000000,0,127.4,-34.1,2151.1,0,0.8466067910,-0.5072051287,-0.1612450480,0.5250370502,0.8455334306,0.0970019624,0.0871381909,-0.1667821556,0.9821357131,1,-54.1,-175.3,2201.0,1,0.8466079831,-0.5072032213,-0.1612440795,0.5250349045,0.8455348015,0.0970003679,0.0871385783,-0.1667800248,0.9821361303,1,132.1,-485.8,2262.2,1,1.0000000000,0.0000000003,-0.0000000003,-0.0000000003,1.0000000000,0.0000000000,0.0000000003,-0.0000000000,1.0000000000,0,113.0,-156.8,2222.4,1,1.0000000000,0.0000165754,-0.0000184354,-0.0000165755,1.0000000000,-0.0000027626,0.0000184353,0.0000027629,1.0000000000,0,113.0,-524.1,2222.4,0,-139.7,-298.1,2155.2,1,127.4,-274.3,2151.1,0,311.1,-784.2,2321.1,1,113.0,-877.4,2222.4,0,
3,0.9864480495,-0.0746572018,-0.1460954100,0.1038648337,0.9734784961,0.2038436234,0.1270003468,-0.2162560076,0.9680402279,1,-14.2,373.1,2092.7,1,0.9864480495,-0.0746572018,-0.1460954100,0.1038648337,0.9734784961,0.2038436234,0.1270003468,-0.2162560076,0.9680402279,1,-0.1,189.7,2133.4,1,0.9858451486,-0.0811562464,-0.1466978937,0.1113885269,0.9710401297,0.2113625854,0.1252941638,-0.2247119546,0.9663351178,1,14.8,11.4,2174.7,1,0.2220634371,-0.9684621692,-0.1129995659,0.9527283311,0.1908750832,0.2363800108,-0.2073562890,-0.1601492465,0.9650676847,1,-127.9,175.3,2117.2,1,-0.1521525830,-0.9726139307,-0.1757035851,0.9875304699,-0.1423348784,-0.0672634542,0.0404126160,-0.1837469488,0.9821425080,1,-178.9,-43.6,2164.8,1,-0.0000005960,1.0000001192,0.0000000000,-1.0000001192,-0.0000005960,0.0000000000,0.0000000000,-0.0000000000,1.0000000000,0,127.7,204.2,2149.7,1,0.0000197291,0.9999990463,0.0000079943,-0.9999990463,0.0000197291,-0.0000000272,-0.0000000273,-0.0000079943,1.0000000000,0,127.7,-36.0,2149.7,0,0.9008322358,-0.4156745076,-0.1253634691,0.4272027612,0.9001382589,0.0851402134,0.0774538368,-0.1302526742,0.9884508848,0,-53.9,-176.4,2205.3,1,0.8750884533,-0.4623037875,-0.1431621909,0.4768246114,0.8742145300,0.0915816352,0.0828159377,-0.1484052837,0.9854528904,0,98.8,-507.0,2253.2,0,1.0000000000,0.0000000002,-0.0000000002,-0.0000000002,1.0000000000,0.0000000000,0.0000000002,-0.0000000000,1.0000000000,0,113.3,-157.5,2226.6,1,1.0000000000,0.0000149179,-0.0000165918,-0.0000149179,1.0000000000,-0.0000024864,0.0000165918,0.0000024866,1.0000000000,0,113.3,-524.8,2226.6,0,-139.8,-297.7,2154.4,1,127.7,-276.2,2149.7,0,262.1,-815.8,2305.6,0,113.3,-878.1,2226.6,0,
4,0.9880403280,-0.0732503161,-0.1356761158,0.0990700647,0.9758660197,0.1946049929,0.1181448847,-0.2057196945,0.9714519382,1,-13.3,377.4,2095.3,1,0.9880403280,-0.0732503161,-0.1356761158,0.0990700647,0.9758660197,0.1946049929,0.1181448847,-0.2057196945,0.9714519382,1,0.5,192.7,2134.2,1,0.9874535799,-0.0789465010,-0.1367483884,0.1065798923,0.9722344875,0.2083298266,0.1165026277,-0.2202913910,0.9684506059,1,15.0,14.2,2174.7,1,0.2205982357,-0.9695295691,-0.1065312400,0.9565669894,0.1937125325,0.2178419977,-0.1905678064,-0.1499598324,0.9701525569,1,-127.5,178.9,2119.1,1,-0.1536889076,-0.9741646647,-0.1654783338,0.9872813821,-0.1444945484,-0.0663090870,0.0406852551,-0.1735646427,0.9839817286,1,-179.1,-44.9,2163.7,1,-0.0000005960,1.0000001192,0.0000000000,-1.0000001192,-0.0000005960,0.0000000000,0.0000000000,-0.0000000000,1.0000000000,0,128.5,206.6,2149.3,1,0.0000197291,0.9999990463,0.0000071949,-0.9999990463,0.0000197291,-0.0000000245,-0.0000000246,-0.0000071949,1.0000000000,0,128.5,-33.6,2149.3,0,0.8506717086,-0.5007941723,-0.1598839909,0.5204415321,0.8451710939,0.1217639521,0.0741506517,-0.1867914051,0.9795972109,1,-54.2,-173.4,2205.3,1,0.8506722450,-0.5007941723,-0.1598810852,0.5204405785,0.8451723456,0.1217590943,0.0741508231,-0.1867856830,0.9795982838,1,129.7,-483.7,2273.9,1,1.0000000000,0.0000000002,-0.0000000002,-0.0000000002,1.0000000000,0.0000000000,0.0000000002,-0.0000000000,1.0000000000,0,113.2,-155.4,2225.0,1,1.0000000000,0.0000134261,-0.0000149327,-0.0000134261,1.0000000000,-0.0000022377,0.0000149326,0.0000022379,1.0000000000,0,113.2,-522.7,2225.0,0,-139.5,-299.0,2153.3,1,128.5,-273.8,2149.3,0,306.5,-782.1,2339.8,1,113.2,-875.9,2225.0,0,
5,0.9877592921,-0.0688517913,-0.1399584562,0.0981971025,0.9716584086,0.2150297463,0.1211846545,-0.2261418402,0.9665256143,1,-12.4,372.7,2090.6,1,0.9877592921,-0.0688517913,-0.1399584562,0.0981971025,0.9716584086,0.2150297463,0.1211846545,-0.2261418402,0.9665256143,1,0.6,189.2,2133.3,1,0.9871301055,-0.0764648467,-0.1404442787,0.1066007093,0.9693122506,0.2215187848,0.1191939935,-0.2336400449,0.9649885297,1,14.6,11.1,2176.2,1,0.2300553769,-0.9667981267,-0.1112474278,0.9530676007,0.2007056773,0.2266702056,-0.1968163401,-0.1581730247,0.9675973654,1,-127.4,175.3,2117.9,1,-0.1535384357,-0.9726305604,-0.1744004339,0.9873818755,-0.1440874934,-0.0656944364,0.0387674980,-0.1822864562,0.9824808240,1,-179.6,-41.3,2162.6,1,-0.0000005960,1.0000001192,0.0000000000,-1.0000001192,-0.0000005960,0.0000000000,0.0000000000,-0.0000000000,1.0000000000,0,128.6,203.0,2148.8,1,0.0000197291,0.9999990463,0.0000064754,-0.9999990463,0.0000197291,-0.0000000220,-0.0000000221,-0.0000064754,1.0000000000,0,128.6,-37.2,2148.8,0,0.9034637809,-0.4105622768,-0.1232551485,0.4232636690,0.8999078274,0.1049466208,0.0678311437,-0.1469849050,0.9868102074,0,-55.0,-175.9,2209.0,1,0.8784004450,-0.4565406740,-0.1413622051,0.4725390375,0.8739218116,0.1138750389,0.0715509206,-0.1668270528,0.9833865762,0,95.8,-506.5,2263.0,0,1.0000000000,0.0000000002,-0.0000000001,-0.0000000002,1.0000000000,0.0000000000,0.0000000001,-0.0000000000,1.0000000000,0,112.4,-157.8,2229.3,1,1.0000000000,0.0000120835,-0.0000134394,-0.0000120835,1.0000000000,-0.0000020140,0.0000134394,0.0000020141,1.0000000000,0,112.4,-525.2,2229.3,0,-140.1,-295.4,2152.6,1,128.6,-277.4,2148.8,0,257.1,-815.2,2322.0,0,112.4,-878.4,2229.3,0,
6,0.9874770641,-0.0690110028,-0.1418576390,0.0994907916,0.9702918530,0.2205353379,0.1224219725,-0.2318878621,0.9650070071,1,-12.0,372.3,2088.8,1,0.9874770641,-0.0690110028,-0.1418576390,0.0994907916,0.9702918530,0.2205353379,0.1224219725,-0.2318878621,0.9650070071,1,1.1,188.3,2132.8,1,0.9870104790,-0.0744326338,-0.1423632503,0.1057966053,0.9680451751,0.2273676544,0.1208885238,-0.2394765466,0.9633455276,1,14.8,10.5,2176.7,1,0.2290039808,-0.9666053653,-0.1150268465,0.9538241029,0.1992262006,0.2247855365,-0.1943625510,-0.1611921638,0.9675950408,1,-126.8,174.6,2117.1,1,-0.1499118656,-0.9722418189,-0.1796448380,0.9873771071,-0.1378255486,-0.0780416355,0.0511156879,-0.1890765578,0.9806310534,1,-179.4,-44.5,2161.7,1,-0.0000005960,1.0000001192,0.0000000000,-1.0000001192,-0.0000005960,0.0000000000,0.0000000000,-0.0000000000,1.0000000000,0,129.1,202.0,2148.4,1,0.0000197291,0.9999990463,0.0000058278,-0.9999990463,0.0000197291,-0.0000000198,-0.0000000199,-0.0000058278,1.0000000000,0,129.1,-38.2,2148.4,0,0.9378184676,-0.3337930441,-0.0952821895,0.3419743776,0.9355279803,0.0885489434,0.0595821366,-0.1156269014,0.9915041327,0,-55.2,-176.2,2210.5,1,0.9010801315,-0.4152332246,-0.1250437647,0.4282477200,0.8974368572,0.1058821678,0.0682530776,-0.1489580274,0.9864851832,0,67.4,-519.9,2252.9,0,1.0000000000,0.0000000001,-0.0000000001,-0.0000000001,1.0000000000,0.0000000000,0.0000000001,-0.0000000000,1.0000000000,0,112.1,-158.3,2231.0,1,1.0000000000,0.0000108752,-0.0000120955,-0.0000108752,1.0000000000,-0.0000018126,0.0000120954,0.0000018127,1.0000000000,0,112.1,-525.7,2231.0,0,-140.9,-298.7,2148.6,1,129.1,-278.4,2148.4,0,214.1,-836.9,2305.6,0,112.1,-878.9,2231.0,0,
7,0.9890646338,-0.0643848851,-0.1326762885,0.0931004509,0.9703247547,0.2231648564,0.1143686697,-0.2330774069,0.9657081962,1,-11.9,370.3,2088.4,1,0.9890646338,-0.0643848851,-0.1326762885,0.0931004509,0.9703247547,0.2231648564,0.1143686697,-0.2330774069,0.9657081962,1,0.3,186.7,2132.5,1,0.9886436462,-0.0696081892,-0.1331750304,0.0991896465,0.9680325389,0.2303797454,0.1128794774,-0.2409738153,0.9639437199,1,13.0,8.9,2176.7,1,0.2246006727,-0.9684203863,-0.1082417965,0.9558829665,0.1973764747,0.2175549865,-0.1893203110,-0.1523294896,0.9700275660,1,-127.9,173.9,2117.8,1,-0.1398835629,-0.9752854109,-0.1710292846,0.9885060787,-0.1275466233,-0.0811639503,0.0573438071,-0.1804170012,0.9819172621,1,-179.3,-45.1,2161.2,1,-0.0000005960,1.0000001192,0.0000000000,-1.0000001192,-0.0000005960,0.0000000000,0.0000000000,-0.0000000000,1.0000000000,0,128.4,199.6,2147.1,1,0.0000197291,0.9999990463,0.0000052451,-0.9999990463,0.0000197291,-0.0000000178,-0.0000000179,-0.0000052451,1.0000000000,0,128.4,-40.6,2147.1,0,0.9600399733,-0.2699212432,-0.0739308223,0.2751788497,0.9585680366,0.0736474320,0.0509887189,-0.0910486802,0.9945402145,0,-58.0,-177.3,2211.4,1,0.9195957184,-0.3769539297,-0.1106773689,0.3875323832,0.9166343212,0.0979802832,0.0645166263,-0.1329933107,0.9890148640,0,41.2,-529.4,2244.9,0,1.0000000000,0.0000000001,-0.0000000001,-0.0000000001,1.0000000000,0.0000000000,0.0000000001,-0.0000000000,1.0000000000,0,109.6,-160.5,2230.5,1,1.0000000000,0.0000097876,-0.0000108859,-0.0000097877,1.0000000000,-0.0000016313,0.0000108859,0.0000016314,1.0000000000,0,109.6,-527.8,2230.5,0,-143.3,-299.5,2146.4,1,128.4,-280.8,2147.1,0,174.3,-853.2,2291.8,0,109.6,-881.1,2230.5,0,
8,0.9907892346,-0.0619618446,-0.1203934178,0.0880370662,0.9703471661,0.2251138985,0.1028729826,-0.2336402535,0.9668645263,1,-12.0,367.4,2088.2,1,0.9907892346,-0.0619618446,-0.1203934178,0.0880370662,0.9703471661,0.2251138985,0.1028729826,-0.2336402535,0.9668645263,1,-0.3,184.7,2132.2,1,0.9902021289,-0.0698015019,-0.1209325790,0.0966725722,0.9676494002,0.2330439389,0.1007515639,-0.2424522191,0.9649164081,1,12.5,7.0,2176.7,1,0.2262118906,-0.9690647125,-0.0987012312,0.9568948746,0.2021290660,0.2085572779,-0.1821551174,-0.1416248381,0.9730169177,1,-128.7,172.2,2119.1,1,-0.1275453418,-0.9788694382,-0.1598338187,0.9902325273,-0.1165247709,-0.0765608400,0.0563184731,-0.1680376232,0.9841704965,1,-180.1,-45.4,2160.5,1,-0.0000005960,1.0000001192,0.0000000000,-1.0000001192,-0.0000005960,0.0000000000,0.0000000000,-0.0000000000,1.0000000000,0,128.0,197.2,2145.2,1,0.0000197291,0.9999990463,0.0000047205,-0.9999990463,0.0000197291,-0.0000000161,-0.0000000161,-0.0000047205,1.0000000000,0,128.0,-43.0,2145.2,0,0.9743583202,-0.2175063044,-0.0575928725,0.2208800167,0.9734137654,0.0606438033,0.0428712852,-0.0718099028,0.9964965582,0,-58.6,-179.0,2212.7,1,0.9346888661,-0.3416812420,-0.0980339944,0.3502739668,0.9322834015,0.0903096497,0.0605383515,-0.1187501699,0.9910769463,0,21.3,-536.6,2239.1,0,1.0000000000,0.0000000001,-0.0000000001,-0.0000000001,1.0000000000,0.0000000000,0.0000000001,-0.0000000000,1.0000000000,0,109.3,-162.6,2229.8,1,1.0000000000,0.0000088089,-0.0000097973,-0.0000088089,1.0000000000,-0.0000014682,0.0000097973,0.0000014683,1.0000000000,0,109.3,-529.9,2229.8,0,-147.3,-300.2,2146.0,1,128.0,-283.2,2145.2,0,142.0,-865.9,2281.0,0,109.3,-883.2,2229.8,0,
9,0.9914834499,-0.0600518622,-0.1155489087,0.0847368985,0.9712857604,0.2223151177,0.0988786146,-0.2302137464,0.9681024551,1,-12.3,370.9,2087.6,1,0.9914834499,-0.0600518622,-0.1155489087,0.0847368985,0.9712857604,0.2223151177,0.0988786146,-0.2302137464,0.9681024551,1,-1.0,187.0,2131.1,1,0.9910170436,-0.0665569752,-0.1159853190,0.0918848291,0.9690794349,0.2290034145,0.0971552655,-0.2376043200,0.9664899111,1,11.3,9.0,2174.8,1,0.2197212875,-0.9710572958,-0.0936501771,0.9586748481,0.1971360445,0.2051341385,-0.1807351857,-0.1348524094,0.9742430449,1,-129.4,175.1,2118.5,1,-0.1171768382,-0.9814093709,-0.1520042866,0.9914905429,-0.1068669707,-0.0743366480,0.0567104407,-0.1594213396,0.9855804443,1,-180.4,-47.2,2160.5,1,-0.0000005960,1.0000001192,0.0000000000,-1.0000001192,-0.0000005960,0.0000000000,0.0000000000,-0.0000000000,1.0000000000,0,127.5,198.9,2143.7,1,0.0000197291,0.9999990463,0.0000042485,-0.9999990463,0.0000197291,-0.0000000145,-0.0000000145,-0.0000042485,1.0000000000,0,127.5,-41.3,2143.7,0,0.9835616946,-0.1748650372,-0.0450401455,0.1770278513,0.9829561710,0.0495811589,0.0356024802,-0.0567394905,0.9977540374,0,-60.5,-176.7,2210.2,1,0.9469772577,-0.3093241155,-0.0869061798,0.3163001239,0.9450243711,0.0829649493,0.0564653911,-0.1060543582,0.9927558303,0,3.7,-537.8,2231.0,0,1.0000000000,0.0000000001,-0.0000000001,-0.0000000001,1.0000000000,0.0000000000,0.0000000001,-0.0000000000,1.0000000000,0,107.5,-161.2,2226.7,1,1.0000000000,0.0000079280,-0.0000088176,-0.0000079280,1.0000000000,-0.0000013214,0.0000088176,0.0000013215,1.0000000000,0,107.5,-528.5,2226.7,0,-150.2,-302.4,2145.9,1,127.5,-281.4,2143.7,0,113.0,-871.7,2268.5,0,107.5,-881.8,2226.7,0,
10,0.9907661676,-0.0601051152,-0.1215194315,0.0859579220,0.9716508389,0.2202411443,0.1048348919,-0.2286537588,0.9678454399,1,-13.0,372.5,2087.3,1,0.9907661676,-0.0601051152,-0.1215194315,0.0859579220,0.9716508389,0.2202411443,0.1048348919,-0.2286537588,0.9678454399,1,-1.6,188.3,2130.6,1,0.9903349876,-0.0660856515,-0.1219282970,0.0925910175,0.9695931673,0.2265308648,0.1032484621,-0.2356316596,0.9663411379,1,10.6,10.2,2173.9,1,0.2290492356,-0.9683502316,-0.0991674885,0.9570526481,0.2054269463,0.2045726180,-0.1777262688,-0.1417657137,0.9738150835,1,-129.9,176.3,2117.2,1,-0.1105202809,-0.9811311960,-0.1586399525,0.9925842881,-0.1008334458,-0.0678886771,0.0506114811,-0.1649665982,0.9849997163,1,-182.7,-43.9,2158.1,1,-0.0000005960,1.0000001192,0.0000000000,-1.0000001192,-0.0000005960,0.0000000000,0.0000000000,-0.0000000000,1.0000000000,0,126.8,200.3,2144.0,1,0.0000197291,0.9999990463,0.0000038236,-0.9999990463,0.0000197291,-0.0000000130,-0.0000000131,-0.0000038236,1.0000000000,0,126.8,-39.9,2144.0,0,0.9894681573,-0.1403678954,-0.0353499241,0.1417535841,0.9890801907,0.0403268524,0.0293033160,-0.0449131168,0.9985610247,0,-61.2,-175.7,2208.4,1,0.9569722414,-0.2797471285,-0.0771083683,0.2854081392,0.9553874731,0.0760064498,0.0524057895,-0.0947434083,0.9941213727,0,-9.7,-539.1,2224.9,0,1.0000000000,0.0000000001,-0.0000000000,-0.0000000001,1.0000000000,0.0000000000,0.0000000000,-0.0000000000,1.0000000000,0,106.7,-160.0,2225.9,1,1.0000000000,0.0000071352,-0.0000079358,-0.0000071352,1.0000000000,-0.0000011892,0.0000079358,0.0000011893,1.0000000000,0,106.7,-527.4,2225.9,0,-154.2,-299.3,2145.1,1,126.8,-280.1,2144.0,0,89.1,-876.5,2258.4,0,106.7,-880.6,2225.9,0,
11,0.9881549478,-0.0634366795,-0.1397236586,0.0924917087,0.9727811813,0.2124670148,0.1224404126,-0.2228743583,0.9671261311,1,-13.1,381.2,2087.1,1,0.9881549478,-0.0634366795,-0.1397236586,0.0924917087,0.9727811813,0.2124670148,0.1224404126,-0.2228743583,0.9671261311,1,-1.0,196.4,2129.4,1,0.9876716733,-0.0690120310,-0.1404961199,0.0995790139,0.9695360065,0.2237948626,0.1207695752,-0.2350270748,0.9644556046,1,11.7,18.3,2172.6,1,0.2238319665,-0.9679968357,-0.1134968325,0.9557782412,0.1952176392,0.2199502736,-0.1907545775,-0.1577097028,0.9688861370,1,-129.0,183.5,2113.8,1,-0.0742990971,-0.9817422032,-0.1751056015,0.9952573180,-0.0619438216,-0.0750053898,0.0627892390,-0.1798479557,0.9816884995,1,-181.8,-41.9,2158.8,1,-0.0000005960,1.0000001192,0.0000000000,-1.0000001192,-0.0000005960,0.0000000000,0.0000000000,-0.0000000000,1.0000000000,0,127.0,209.3,2145.1,1,0.0000197291,0.9999990463,0.0000034413,-0.9999990463,0.0000197291,-0.0000000117,-0.0000000118,-0.0000034413,1.0000000000,0,127.0,-30.9,2145.1,0,0.9932549596,-0.1125604287,-0.0278331880,0.1134478822,0.9930065274,0.0326743796,0.0239606965,-0.0356116071,0.9990784526,0,-59.4,-168.2,2205.6,1,0.9650954008,-0.2527883053,-0.0684761032,0.2573805451,0.9638097882,0.0694686174,0.0484370813,-0.0846682638,0.9952312112,0,-18.0,-533.0,2218.6,0,1.0000000000,0.0000000000,-0.0000000000,-0.0000000000,1.0000000000,0.0000000000,0.0000000000,-0.0000000000,1.0000000000,0,108.0,-151.3,2226.0,1,1.0000000000,0.0000064217,-0.0000071422,-0.0000064217,1.0000000000,-0.0000010703,0.0000071422,0.0000010704,1.0000000000,0,108.0,-518.7,2226.0,0,-162.7,-297.9,2142.6,1,127.0,-271.1,2145.1,0,71.3,-873.4,2248.5,0,108.0,-871.9,2226.0,0,
12,0.9889717698,-0.0604333580,-0.1352021694,0.0883500129,0.9734539986,0.2111439705,0.1188510209,-0.2207612842,0.9680581093,1,-13.3,377.4,2086.5,1,0.9889717698,-0.0604333580,-0.1352021694,0.0883500129,0.9734539986,0.2111439705,0.1188510209,-0.2207612842,0.9680581093,1,-1.9,192.9,2128.4,1,0.9883813858,-0.0676426739,-0.1361021996,0.0973073915,0.9695346355,0.2247979492,0.1167479306,-0.2354306430,0.9648522735,1,10.6,14.8,2171.6,1,0.2285548002,-0.9678289890,-0.1052122563,0.9509104490,0.1987748742,0.2371874452,-0.2086433619,-0.1542577595,0.9657496214,1,-130.0,180.3,2113.2,1,-0.0502461120,-0.9834474921,-0.1740880013,0.9956445098,-0.0356173217,-0.0861604437,0.0785337240,-0.1776589900,0.9809535146,1,-181.5,-34.2,2160.3,1,-0.0000005960,1.0000001192,0.0000000000,-1.0000001192,-0.0000005960,0.0000000000,0.0000000000,-0.0000000000,1.0000000000,0,126.2,205.5,2143.5,1,0.0000197291,0.9999990463,0.0000030971,-0.9999990463,0.0000197291,-0.0000000105,-0.0000000106,-0.0000030971,1.0000000000,0,126.2,-34.7,2143.5,0,0.9956812859,-0.0901990086,-0.0219755843,0.0907672346,0.9955222011,0.0263981726,0.0194960944,-0.0282788295,0.9994099140,0,-60.8,-171.5,2205.0,1,0.9716930389,-0.2282721698,-0.0608645044,0.2319963872,0.9706504345,0.0633669645,0.0446132459,-0.0756935775,0.9961326122,0,-27.7,-537.2,2215.4,0,1.0000000000,0.0000000000,-0.0000000000,-0.0000000000,1.0000000000,0.0000000000,0.0000000000,-0.0000000000,1.0000000000,0,106.8,-155.0,2224.8,1,1.0000000000,0.0000057795,-0.0000064280,-0.0000057795,1.0000000000,-0.0000009633,0.0000064280,0.0000009633,1.0000000000,0,106.8,-522.4,2224.8,0,-168.6,-290.2,2140.1,1,126.3,-274.9,2143.5,0,53.0,-880.1,2242.1,0,106.8,-875.6,2224.8,0,
13,0.9896606803,-0.0605309419,-0.1300182790,0.0859889463,0.9759847522,0.2001498193,0.1147786677,-0.2092612684,0.9710989594,1,-13.7,372.8,2088.7,1,0.9896606803,-0.0605309419,-0.1300182790,0.0859889463,0.9759847522,0.2001498193,0.1147786677,-0.2092612684,0.9710989594,1,-2.3,188.7,2128.2,1,0.9890240431,-0.0678605884,-0.1312382072,0.0956442058,0.9711047411,0.2186503410,0.1126063764,-0.2288033962,0.9669365883,1,10.2,10.4,2170.2,1,0.2455088645,-0.9640164375,-0.1019690707,0.9497609138,0.2181390375,0.2244317532,-0.1941124648,-0.1519462168,0.9691401720,1,-130.5,176.3,2113.6,1,-0.0534090213,-0.9826352000,-0.1776954681,0.9940089583,-0.0353226364,-0.1034341678,0.0953613743,-0.1821552068,0.9786346555,1,-185.3,-35.6,2156.9,1,-0.0000005960,1.0000001192,0.0000000000,-1.0000001192,-0.0000005960,0.0000000000,0.0000000000,-0.0000000000,1.0000000000,0,125.9,201.1,2142.8,1,0.0000197291,0.9999990463,0.0000027874,-0.9999990463,0.0000197291,-0.0000000095,-0.0000000095,-0.0000027874,1.0000000000,0,125.9,-39.1,2142.8,0,0.9972352386,-0.0722454712,-0.0173916966,0.0726092383,0.9971333742,0.0212811641,0.0158043727,-0.0224851258,0.9996222258,0,-61.2,-176.1,2202.7,1,0.9770488739,-0.2060185969,-0.0541465916,0.2090381682,0.9762035608,0.0577031858,0.0409701653,-0.0676975399,0.9968643188,0,-34.7,-542.4,2211.0,0,1.0000000000,0.0000000000,-0.0000000000,-0.0000000000,1.0000000000,0.0000000000,0.0000000000,-0.0000000000,1.0000000000,0,106.5,-159.9,2221.8,1,1.0000000000,0.0000052016,-0.0000057852,-0.0000052016,1.0000000000,-0.0000008670,0.0000057852,0.0000008670,1.0000000000,0,106.5,-527.3,2221.8,0,-171.5,-291.3,2132.4,1,125.9,-279.3,2142.8,0,38.1,-887.2,2234.9,0,106.5,-880.5,2221.8,0,
14,0.9889039993,-0.0603251420,-0.1357455701,0.0897662640,0.9707835317,0.2225348651,0.1183531731,-0.2322517186,0.9654269218,1,-14.5,374.9,2080.8,1,0.9889039993,-0.0603251420,-0.1357455701,0.0897662640,0.9707835317,0.2225348651,0.1183531731,-0.2322517186,0.9654269218,1,-3.1,190.9,2124.9,1,0.9883158803,-0.0678436384,-0.1364772767,0.0986593068,0.9673148394,0.2335993648,0.1161663309,-0.2443354875,0.9627061486,1,9.4,13.2,2169.7,1,0.2425942719,-0.9642946720,-0.1062250361,0.9466370940,0.2113469690,0.2433323264,-0.2121937275,-0.1595875919,0.9641087055,1,-131.2,178.1,2109.8,1,-0.0152704678,-0.9819615483,-0.1884625703,0.9922477007,0.0083669946,-0.1239936128,0.1233338341,-0.1888950020,0.9742214084,1,-185.1,-32.3,2157.0,1,-0.0000005960,1.0000001192,0.0000000000,-1.0000001192,-0.0000005960,0.0000000000,0.0000000000,-0.0000000000,1.0000000000,0,125.0,203.7,2139.9,1,0.0000197291,0.9999990463,0.0000025087,-0.9999990463,0.0000197291,-0.0000000085,-0.0000000086,-0.0000025087,1.0000000000,0,125.0,-36.5,2139.9,0,0.9982302189,-0.0578465015,-0.0137912882,0.0580793545,0.9981650114,0.0171275362,0.0127752135,-0.0178982131,0.9997581840,0,-62.0,-172.8,2204.8,1,0.9813948274,-0.1858490705,-0.0482113920,0.1882968843,0.9807095528,0.0524692610,0.0375300087,-0.0605711117,0.9974581003,0,-40.7,-539.5,2211.3,0,1.0000000000,0.0000000000,-0.0000000000,-0.0000000000,1.0000000000,0.0000000000,0.0000000000,-0.0000000000,1.0000000000,0,105.6,-156.1,2224.5,1,1.0000000000,0.0000046814,-0.0000052067,-0.0000046814,1.0000000000,-0.0000007803,0.0000052067,0.0000007803,1.0000000000,0,105.6,-523.4,2224.5,0,-181.3,-284.9,2125.6,1,125.0,-276.7,2139.9,0,24.9,-885.9,2232.7,0,105.6,-876.6,2224.5,0,
15,0.9881449938,-0.0558588542,-0.1429909915,0.0873336345,0.9705825448,0.2243723124,0.1262494326,-0.2342010438,0.9639546871,1,-13.9,379.6,2078.4,1,0.9881449938,-0.0558588542,-0.1429909915,0.0873336345,0.9705825448,0.2243723124,0.1262494326,-0.2342010438,0.9639546871,1,-3.3,195.5,2122.8,1,0.9876312017,-0.0624822788,-0.1437977850,0.0957447961,0.9666382074,0.2375793904,0.1241540015,-0.2484094799,0.9606644511,1,8.2,18.0,2168.4,1,0.2259319872,-0.9678696990,-0.1103748679,0.9465216994,0.1913221180,0.2597928941,-0.2303285599,-0.1631677300,0.9593356252,1,-131.3,183.1,2106.7,1,0.0155593716,-0.9815366268,-0.1906404644,0.9899833798,0.0418806747,-0.1348291785,0.1403239220,-0.1866330355,0.9723565578,1,-182.6,-31.7,2159.0,1,-0.0000005960,1.0000001192,0.0000000000,-1.0000001192,-0.0000005960,0.0000000000,0.0000000000,-0.0000000000,1.0000000000,0,124.7,207.9,2138.9,1,0.0000197291,0.9999990463,0.0000022578,-0.9999990463,0.0000197291,-0.0000000077,-0.0000000077,-0.0000022578,1.0000000000,0,124.7,-32.3,2138.9,0,0.9988672137,-0.0463064872,-0.0109542245,0.0464555286,0.9988254905,0.0137668774,0.0103038633,-0.0142601673,0.9998452067,0,-64.1,-167.7,2203.5,1,0.9849200845,-0.1675906628,-0.0429620966,0.1695746630,0.9843646884,0.0476503670,0.0343046188,-0.0542170852,0.9979397058,0,-47.0,-534.6,2208.8,0,1.0000000000,0.0000000000,-0.0000000000,-0.0000000000,1.0000000000,0.0000000000,0.0000000000,-0.0000000000,1.0000000000,0,103.4,-151.4,2224.6,1,1.0000000000,0.0000042133,-0.0000046860,-0.0000042133,1.0000000000,-0.0000007022,0.0000046860,0.0000007023,1.0000000000,0,103.4,-518.8,2224.6,0,-186.5,-280.1,2123.8,1,124.7,-272.5,2138.9,0,12.2,-882.3,2227.9,0,103.4,-872.0,2224.6,0,
16,0.9885434508,-0.0575426482,-0.1395275891,0.0904596448,0.9659119248,0.2425521761,0.1208123341,-0.2523957193,0.9600512385,1,-14.3,378.3,2071.7,1,0.9885434508,-0.0575426482,-0.1395275891,0.0904596448,0.9659119248,0.2425521761,0.1208123341,-0.2523957193,0.9600512385,1,-3.4,195.4,2119.5,1,0.9883400798,-0.0597352311,-0.1400457919,0.0938050598,0.9634112120,0.2510771453,0.1199216098,-0.2612873912,0.9577814937,1,7.5,18.4,2167.5,1,0.2157395035,-0.9703423977,-0.1090512574,0.9477653503,0.1812202930,0.2624883354,-0.2349412739,-0.1599841118,0.9587531686,1,-131.6,183.2,2103.9,1,0.0480281971,-0.9813137650,-0.1863242090,0.9875308871,0.0746490210,-0.1386012882,0.1499202698,-0.1773441434,0.9726628661,1,-180.3,-30.8,2157.0,1,-0.0000005960,1.0000001192,0.0000000000,-1.0000001192,-0.0000005960,0.0000000000,0.0000000000,-0.0000000000,1.0000000000,0,124.7,207.5,2135.0,1,0.0000197291,0.9999990463,0.0000020320,-0.9999990463,0.0000197291,-0.0000000069,-0.0000000069,-0.0000020320,1.0000000000,0,124.7,-32.7,2135.0,0,0.9992749691,-0.0370624103,-0.0087125776,0.0371578000,0.9992482662,0.0110545550,0.0082963193,-0.0113702808,0.9999009371,0,-65.3,-166.5,2205.3,1,0.9877789617,-0.1510787606,-0.0383144021,0.1526866257,0.9873288274,0.0432272702,0.0312981904,-0.0485490859,0.9983302951,0,-51.7,-533.5,2209.5,0,1.0000000000,0.0000000000,-0.0000000000,-0.0000000000,1.0000000000,0.0000000000,0.0000000000,-0.0000000000,1.0000000000,0,102.3,-150.6,2225.6,1,1.0000000000,0.0000037919,-0.0000042174,-0.0000037919,1.0000000000,-0.0000006320,0.0000042174,0.0000006320,1.0000000000,0,102.3,-517.9,2225.6,0,-192.2,-275.7,2119.8,1,124.7,-272.9,2135.0,0,1.7,-882.3,2226.6,0,102.3,-871.1,2225.6,0,
17,0.9881110787,-0.0605553612,-0.1413042843,0.0973139852,0.9579355717,0.2699809074,0.1190096587,-0.2805227637,0.9524397254,1,-14.8,378.0,2061.8,1,0.9881110787,-0.0605553612,-0.1413042843,0.0973139852,0.9579355717,0.2699809074,0.1190096587,-0.2805227637,0.9524397254,1,-3.4,196.3,2115.0,1,0.9878625274,-0.0643976107,-0.1413431764,0.1011235565,0.9573725462,0.2705772519,0.1178916171,-0.2815870047,0.9522646666,1,8.5,20.5,2166.7,1,0.2373472303,-0.9645467401,-0.1153940931,0.9441233873,0.2010790408,0.2611478567,-0.2286859751,-0.1709289849,0.9583767056,1,-131.4,183.2,2099.7,1,0.0639238730,-0.9783806801,-0.1966846436,0.9894146919,0.0878625363,-0.1154934913,0.1302778274,-0.1872198880,0.9736407399,1,-185.5,-31.8,2151.8,1,-0.0000005960,1.0000001192,0.0000000000,-1.0000001192,-0.0000005960,0.0000000000,0.0000000000,-0.0000000000,1.0000000000,0,124.7,209.4,2130.3,1,0.0000197291,0.9999990463,0.0000018288,-0.9999990463,0.0000197291,-0.0000000062,-0.0000000063,-0.0000018288,1.0000000000,0,124.7,-30.8,2130.3,0,0.8561666012,-0.5145147443,-0.0474683605,0.5144121647,0.8574066758,-0.0152922822,0.0485677943,-0.0113255605,0.9987556934,1,-63.4,-163.9,2208.4,1,0.8561683297,-0.5145123005,-0.0474646874,0.5144093633,0.8574082851,-0.0152983563,0.0485678092,-0.0113183111,0.9987557530,1,121.0,-471.3,2212.5,1,1.0000000000,0.0000000000,-0.0000000000,-0.0000000000,1.0000000000,0.0000000000,0.0000000000,-0.0000000000,1.0000000000,0,104.0,-146.7,2228.4,1,1.0000000000,0.0000034127,-0.0000037957,-0.0000034127,1.0000000000,-0.0000005688,0.0000037957,0.0000005688,1.0000000000,0,104.0,-514.1,2228.4,0,-201.2,-275.7,2119.7,1,124.7,-271.0,2130.3,0,298.4,-766.9,2216.4,1,104.0,-867.3,2228.4,0,
18,0.9891868234,-0.0593097694,-0.1341231912,0.0967715383,0.9511706829,0.2931037247,0.1101882160,-0.3029144704,0.9466251135,1,-12.3,376.9,2052.4,1,0.9891868234,-0.0593097694,-0.1341231912,0.0967715383,0.9511706829,0.2931037247,0.1101882160,-0.3029144704,0.9466251135,1,-1.0,195.9,2110.0,1,0.9890837669,-0.0615743287,-0.1338628978,0.0983951986,0.9522576928,0.2890050411,0.1096747443,-0.2990224361,0.9479212761,1,10.3,21.1,2164.9,1,0.2347834110,-0.9657880664,-0.1101381034,0.9420312047,0.1981283873,0.2707810700,-0.2396955937,-0.1673284322,0.9563196898,1,-129.2,183.2,2095.8,1,0.0831253454,-0.9774378538,-0.1941779107,0.9862759709,0.1085849926,-0.1243733838,0.1426520795,-0.1811744273,0.9730499387,1,-182.2,-29.4,2149.9,1,-0.0000005960,1.0000001192,0.0000000000,-1.0000001192,-0.0000005960,0.0000000000,0.0000000000,-0.0000000000,1.0000000000,0,127.2,208.7,2124.3,1,0.0000197291,0.9999990463,0.0000016459,-0.9999990463,0.0000197291,-0.0000000056,-0.0000000056,-0.0000016459,1.0000000000,0,127.2,-31.5,2124.3,0,0.9071254730,-0.4190719128,-0.0387565456,0.4190056324,0.9079262018,-0.0102091720,0.0394664593,-0.0069782129,0.9991965294,0,-62.3,-162.1,2210.6,1,0.8829487562,-0.4674795568,-0.0431785695,0.4673957527,0.8839578629,-0.0126385475,0.0440762974,-0.0090222890,0.9989874363,0,91.7,-495.7,2213.1,0,1.0000000000,0.0000000000,-0.0000000000,-0.0000000000,1.0000000000,0.0000000000,0.0000000000,-0.0000000000,1.0000000000,0,105.4,-145.5,2229.2,1,1.0000000000,0.0000030715,-0.0000034161,-0.0000030715,1.0000000000,-0.0000005119,0.0000034161,0.0000005119,1.0000000000,0,105.4,-512.8,2229.2,0,-202.5,-270.2,2115.1,1,127.2,-271.7,2124.3,0,256.8,-807.9,2216.3,0,105.4,-866.0,2229.2,0,
19,0.9850859046,-0.0750796571,-0.1548101902,0.1179930121,0.9496467113,0.2902565598,0.1252207011,-0.3041948378,0.9443426728,1,-10.6,387.3,2047.7,1,0.9850859046,-0.0750796571,-0.1548101902,0.1179930121,0.9496467113,0.2902565598,0.1252207011,-0.3041948378,0.9443426728,1,3.7,206.2,2105.7,1,0.9846667647,-0.0810945481,-0.1544421464,0.1230919212,0.9503573179,0.2857789397,0.1235981658,-0.3004083037,0.9457674623,1,18.6,31.7,2160.9,1,0.2472449690,-0.9605435133,-0.1273820400,0.9378962517,0.2042261213,0.2804324925,-0.2433528602,-0.1888066530,0.9513840079,1,-123.9,190.3,2089.7,1,0.0914299712,-0.9725339413,-0.2140515298,0.9871591330,0.1167910174,-0.1089799181,0.1309859753,-0.2013388872,0.9707240462,1,-181.1,-26.7,2146.0,1,-0.0000005960,1.0000001192,0.0000000000,-1.0000001192,-0.0000005960,0.0000000000,0.0000000000,-0.0000000000,1.0000000000,0,131.3,222.2,2121.7,1,0.0000197291,0.9999990463,0.0000014813,-0.9999990463,0.0000197291,-0.0000000050,-0.0000000051,-0.0000014813,1.0000000000,0,131.3,-18.0,2121.7,0,0.9402219653,-0.3391096592,-0.0314207636,0.3390669823,0.9407373667,-0.0068385224,0.0318776928,-0.0042240140,0.9994828701,0,-50.0,-153.2,2205.6,1,0.9048280120,-0.4239687324,-0.0392022021,0.4239006042,0.9056484699,-0.0104458472,0.0399321280,-0.0071661426,0.9991766810,0,74.6,-498.8,2207.1,0,1.0000000000,0.0000000000,-0.0000000000,-0.0000000000,1.0000000000,0.0000000000,0.0000000000,-0.0000000000,1.0000000000,0,116.9,-132.4,2226.5,1,1.0000000000,0.0000027643,-0.0000030745,-0.0000027643,1.0000000000,-0.0000004607,0.0000030745,0.0000004608,1.0000000000,0,116.9,-499.7,2226.5,0,-203.3,-266.3,2114.2,1,131.3,-258.2,2121.7,0,224.3,-818.7,2209.6,0,116.9,-853.0,2226.5,0,
20,0.9874121547,-0.0739907026,-0.1397855878,0.1114776433,0.9525421858,0.2832600176,0.1121910959,-0.2952780128,0.9488001466,1,-9.2,385.3,2044.8,1,0.9874121547,-0.0739907026,-0.1397855878,0.1114776433,0.9525421858,0.2832600176,0.1121910959,-0.2952780128,0.9488001466,1,4.9,203.1,2101.3,1,0.9869510531,-0.0793027803,-0.1401289701,0.1172024235,0.9505756497,0.2875232399,0.1103998497,-0.3001954854,0.9474662542,1,19.5,28.5,2156.4,1,0.2463847250,-0.9627578259,-0.1113196537,0.9350807667,0.2059483230,0.2884601951,-0.2547911704,-0.1751650572,0.9509988427,1,-123.0,187.9,2087.0,1,0.0937092230,-0.9755064845,-0.1990118474,0.9881721139,0.1155041978,-0.1008696556,0.1213856936,-0.1872055382,0.9747921228,1,-179.6,-26.9,2145.5,1,-0.0000005960,1.0000001192,0.0000000000,-1.0000001192,-0.0000005960,0.0000000000,0.0000000000,-0.0000000000,1.0000000000,0,132.8,218.3,2115.6,1,0.0000197291,0.9999990463,0.0000013332,-0.9999990463,0.0000197291,-0.0000000045,-0.0000000046,-0.0000013332,1.0000000000,0,132.8,-21.9,2115.6,0,0.9616029859,-0.2732703686,-0.0253579952,0.2732429504,0.9619340301,-0.0046063419,0.0256514959,-0.0024994225,0.9996678233,0,-49.6,-156.0,2202.2,1,0.9226735234,-0.3839411438,-0.0355353318,0.3838857710,0.9233401418,-0.0086398432,0.0361283906,-0.0056697563,0.9993310571,0,50.8,-509.3,2203.1,0,1.0000000000,0.0000000000,-0.0000000000,-0.0000000000,1.0000000000,0.0000000000,0.0000000000,-0.0000000000,1.0000000000,0,117.7,-136.1,2220.9,1,1.0000000000,0.0000024879,-0.0000027670,-0.0000024879,1.0000000000,-0.0000004147,0.0000027670,0.0000004147,1.0000000000,0,117.7,-503.5,2220.9,0,-202.3,-266.4,2116.1,1,132.8,-262.1,2115.6,0,186.4,-835.5,2205.1,0,117.7,-856.7,2220.9,0,
21,0.9909957051,-0.0667530149,-0.1160566285,0.0963398144,0.9574861526,0.2719169557,0.0929693952,-0.2806499898,0.9552958012,1,-6.4,384.5,2043.4,1,0.9909957051,-0.0667530149,-0.1160566285,0.0963398144,0.9574861526,0.2719169557,0.0929693952,-0.2806499898,0.9552958012,1,6.4,201.4,2097.1,1,0.9903751016,-0.0741578788,-0.1168558076,0.1047554314,0.9534547329,0.2827548683,0.0904462785,-0.2922753096,0.9520464540,1,20.0,26.3,2150.7,1,0.2440626919,-0.9660072923,-0.0852252021,0.9326258302,0.2097225338,0.2936418056,-0.2657864690,-0.1511502266,0.9521088004,1,-121.9,187.9,2085.3,1,0.0896074623,-0.9801219702,-0.1770069003,0.9878015518,0.1101818532,-0.1100367233,0.1273523420,-0.1649875790,0.9780391455,1,-178.8,-29.4,2147.3,1,-0.0000005960,1.0000001192,0.0000000000,-1.0000001192,-0.0000005960,0.0000000000,0.0000000000,-0.0000000000,1.0000000000,0,134.7,215.0,2108.8,1,0.0000197291,0.9999990463,0.0000011999,-0.9999990463,0.0000197291,-0.0000000041,-0.0000000041,-0.0000011999,1.0000000000,0,134.7,-25.2,2108.8,0,0.9753687978,-0.2196346223,-0.0204049069,0.2196170390,0.9755811691,-0.0031258310,0.0205931831,-0.0014324271,0.9997869134,0,-50.3,-157.7,2196.7,1,0.9372096062,-0.3472798467,-0.0321698412,0.3472349048,0.9377509356,-0.0071530691,0.0326514170,-0.0044665667,0.9994568229,0,30.4,-516.0,2197.3,0,1.0000000000,0.0000000000,-0.0000000000,-0.0000000000,1.0000000000,0.0000000000,0.0000000000,-0.0000000000,1.0000000000,0,117.6,-139.9,2212.1,1,1.0000000000,0.0000022391,-0.0000024903,-0.0000022391,1.0000000000,-0.0000003732,0.0000024903,0.0000003732,1.0000000000,0,117.6,-507.3,2212.1,0,-200.4,-267.9,2116.5,1,134.7,-265.4,2108.8,0,153.1,-847.3,2198.9,0,117.6,-860.5,2212.1,0,
22,0.9938085675,-0.0653218180,-0.0898606554,0.0866501033,0.9619761705,0.2590243518,0.0695219114,-0.2652076483,0.9616805315,1,-4.3,384.9,2042.2,1,0.9938085675,-0.0653218180,-0.0898606554,0.0866501033,0.9619761705,0.2590243518,0.0695219114,-0.2652076483,0.9616805315,1,8.1,201.2,2092.8,1,0.9933202267,-0.0707729906,-0.0911237448,0.0935340449,0.9563563466,0.2768282294,0.0675528646,-0.2835029066,0.9565879703,1,21.1,25.5,2144.9,1,0.2420099229,-0.9684308767,-0.0597716607,0.9336734414,0.2156785280,0.2858960629,-0.2639791369,-0.1249968931,0.9563946724,1,-120.6,189.1,2084.1,1,0.0743458048,-0.9853224754,-0.1536623985,0.9882068634,0.0934774131,-0.1212812886,0.1338651776,-0.1428334862,0.9806520939,1,-177.9,-32.2,2146.6,1,-0.0000005960,1.0000001192,0.0000000000,-1.0000001192,-0.0000005960,0.0000000000,0.0000000000,-0.0000000000,1.0000000000,0,136.8,213.3,2101.6,1,0.0000197291,0.9999990463,0.0000010799,-0.9999990463,0.0000197291,-0.0000000037,-0.0000000037,-0.0000010799,1.0000000000,0,136.8,-26.9,2101.6,0,0.9842125773,-0.1762300134,-0.0163877774,0.1762187481,0.9843487144,-0.0021401914,0.0165084545,-0.0007814303,0.9998634458,0,-50.0,-158.0,2191.2,1,0.9490372539,-0.3138182759,-0.0290925205,0.3137817979,0.9494765997,-0.0059292703,0.0294833817,-0.0035016048,0.9995591640,0,14.7,-519.6,2191.5,0,1.0000000000,0.0000000000,-0.0000000000,-0.0000000000,1.0000000000,0.0000000000,0.0000000000,-0.0000000000,1.0000000000,0,118.3,-142.2,2202.7,1,1.0000000000,0.0000020152,-0.0000022413,-0.0000020152,1.0000000000,-0.0000003359,0.0000022413,0.0000003359,1.0000000000,0,118.3,-509.5,2202.7,0,-195.8,-270.0,2114.4,1,136.8,-267.1,2101.6,0,125.6,-855.0,2192.8,0,118.3,-862.8,2202.7,0,
23,0.9962445498,-0.0587722622,-0.0635603815,0.0728356540,0.9658877254,0.2485076338,0.0467848741,-0.2522044480,0.9665411711,1,-1.2,381.7,2041.6,1,0.9962445498,-0.0587722622,-0.0635603815,0.0728356540,0.9658877254,0.2485076338,0.0467848741,-0.2522044480,0.9665411711,1,10.0,197.7,2089.6,1,0.9956401587,-0.0669179931,-0.0649613664,0.0820934549,0.9593635798,0.2699671388,0.0442539603,-0.2741236985,0.9606745243,1,22.3,21.5,2140.0,1,0.2665538788,-0.9632455707,-0.0332730226,0.9277804494,0.2470818311,0.2795961797,-0.2610986233,-0.1053975075,0.9595410228,1,-119.0,187.0,2083.9,1,0.0433465205,-0.9901568294,-0.1330804080,0.9935913682,0.0566433631,-0.0978136957,0.1043890119,-0.1279876530,0.9862667322,1,-180.9,-28.6,2144.6,1,-0.0000005960,1.0000001192,0.0000000000,-1.0000001192,-0.0000005960,0.0000000000,0.0000000000,-0.0000000000,1.0000000000,0,139.0,208.3,2095.4,1,0.0000197291,0.9999990463,0.0000009719,-0.9999990463,0.0000197291,-0.0000000033,-0.0000000033,-0.0000009719,1.0000000000,0,139.0,-31.9,2095.4,0,0.9898864627,-0.1412516534,-0.0131449057,0.1412444413,0.9899736643,-0.0014803479,0.0132222110,-0.0003912684,0.9999125004,0,-49.7,-161.7,2186.6,1,0.9586528540,-0.2833614349,-0.0262870826,0.2833318114,0.9590092897,-0.0049217688,0.0266041979,-0.0027297016,0.9996423125,0,2.2,-525.4,2186.7,0,1.0000000000,0.0000000000,-0.0000000000,-0.0000000000,1.0000000000,0.0000000000,0.0000000000,-0.0000000000,1.0000000000,0,119.0,-147.8,2194.1,1,1.0000000000,0.0000018137,-0.0000020172,-0.0000018137,1.0000000000,-0.0000003023,0.0000020172,0.0000003023,1.0000000000,0,119.0,-515.1,2194.1,0,-191.3,-267.3,2119.5,1,139.0,-272.1,2095.4,0,102.2,-864.1,2187.7,0,119.0,-868.4,2194.1,0,
