1,0.9557845592,-0.0763307065,-0.2839868367,0.1199252009,0.9829435945,0.1394216269,0.2685011625,-0.1673141867,0.9486371875,1,-21.6,345.1,1835.5,1,0.9557845592,-0.0763307065,-0.2839868367,0.1199252009,0.9829435945,0.1394216269,0.2685011625,-0.1673141867,0.9486371875,1,-7.1,158.9,1867.2,1,0.9548261762,-0.0799207464,-0.2862144113,0.1319469064,0.9770251513,0.1673633605,0.2662631273,-0.1975679845,0.9434353113,1,7.5,-20.6,1903.5,1,0.2001550496,-0.9720970392,0.1223324463,0.9616384506,0.2188206613,0.1654355973,-0.1875883192,0.0845268145,0.9786040187,1,-130.9,141.8,1832.7,1,-0.1016021073,-0.9918689132,0.0766357705,0.9935851097,-0.1050188318,-0.0419459827,0.0496531092,0.0718823597,0.9961764812,1,-178.8,-88.1,1877.5,1,0.2517991960,0.8775259852,0.4080995321,-0.9655928612,0.1994707733,0.1668581963,0.0650184825,-0.4360727370,0.8975595832,1,116.6,176.0,1901.7,1,-0.0062352298,0.8895928264,0.4567117989,-0.9969777465,0.0298375431,-0.0717293620,-0.0774370953,-0.4557787478,0.8867182136,1,173.9,-43.6,1916.5,1,1.0000000000,-0.0000000000,-0.0000000000,0.0000000000,1.0000000000,0.0000000000,0.0000000000,-0.0000000000,1.0000000000,0,-58.7,-211.2,1917.2,1,1.0000000000,-0.0000000000,-0.0000000015,0.0000000000,1.0000000000,-0.0000000000,0.0000000015,0.0000000000,1.0000000000,0,-58.7,-578.6,1917.2,0,1.0000000000,0.0000083865,-0.0000116466,-0.0000083864,1.0000000000,0.0000059470,0.0000116466,-0.0000059469,1.0000000000,0,103.2,-188.8,1962.3,1,0.9999988675,-0.0000011676,-0.0015098455,0.0000007475,0.9999999404,-0.0002782849,0.0015098457,0.0002782834,0.9999988079,0,103.2,-556.2,1962.3,0,-153.6,-334.1,1865.2,1,172.4,-283.0,1897.9,1,-58.7,-931.8,1917.2,0,103.2,-909.4,1962.2,0,
2,0.9602259398,-0.0689535365,-0.2705744803,0.1120181605,0.9827593565,0.1470871866,0.2557676435,-0.1715461612,0.9513959289,1,-20.6,345.6,1834.2,1,0.9602259398,-0.0689535365,-0.2705744803,0.1120181605,0.9827593565,0.1470871866,0.2557676435,-0.1715461612,0.9513959289,1,-7.6,159.6,1866.7,1,0.9594853520,-0.0717994720,-0.2724548578,0.1223306283,0.9772465229,0.1732716262,0.2538149953,-0.1995811313,0.9464378953,1,5.6,-19.9,1903.4,1,0.2010301501,-0.9704748988,0.1332869679,0.9634621143,0.2204674184,0.1521013677,-0.1769959778,0.0978399813,0.9793364406,1,-131.9,143.8,1833.8,1,-0.1091492400,-0.9898089767,0.0914571062,0.9929211140,-0.1129009724,-0.0368896015,0.0468392596,0.0867832229,0.9951254725,1,-180.0,-86.6,1876.1,1,0.2491718978,0.8732622266,0.4187199473,-0.9657567143,0.1917744279,0.1747470200,0.0723001957,-0.4479236603,0.8911436796,1,116.8,175.5,1899.6,1,-0.0091673769,0.8839293122,0.4675307870,-0.9970005751,0.0278527513,-0.0722086057,-0.0768493116,-0.4667904377,0.8810226917,1,173.6,-44.7,1916.1,1,1.0000000000,-0.0000000000,-0.0000000000,0.0000000000,1.0000000000,0.0000000000,0.0000000000,-0.0000000000,1.0000000000,0,-62.5,-209.7,1918.5,1,1.0000000000,-0.0000000000,-0.0000000013,0.0000000000,1.0000000000,-0.0000000000,0.0000000013,0.0000000000,1.0000000000,0,-62.5,-577.1,1918.5,0,1.0000000000,0.0000067092,-0.0000093173,-0.0000067091,1.0000000000,0.0000047576,0.0000093173,-0.0000047575,1.0000000000,0,100.1,-189.0,1961.5,1,0.9999991059,-0.0000010320,-0.0013588611,0.0000006916,0.9999999404,-0.0002504563,0.0013588613,0.0002504551,0.9999990463,0,100.1,-556.3,1961.5,0,-153.0,-332.5,1864.5,1,171.4,-284.2,1897.6,1,-62.5,-930.3,1918.5,0,100.1,-909.6,1961.4,0,
3,0.9581406713,-0.0685092136,-0.2779780328,0.1130244508,0.9825959206,0.1474091113,0.2630414367,-0.1726569384,0.9492092133,1,-20.7,347.4,1834.1,1,0.9581406713,-0.0685092136,-0.2779780328,0.1130244508,0.9825959206,0.1474091113,0.2630414367,-0.1726569384,0.9492092133,1,-7.8,161.3,1866.8,1,0.9575716257,-0.0687149689,-0.2798815370,0.1211511716,0.9771581292,0.1745937914,0.2614915669,-0.2010940164,0.9440247416,1,4.9,-18.1,1903.7,1,0.2112070620,-0.9696186781,0.1234144345,0.9631130099,0.2279854119,0.1429546028,-0.1667481661,0.0886690244,0.9820044637,1,-131.9,145.6,1832.9,1,-0.1189201921,-0.9890115261,0.0878296271,0.9926477075,-0.1204323769,-0.0121048242,0.0225493424,0.0857443660,0.9960619211,1,-182.1,-83.2,1872.5,1,0.2483800650,0.8764197826,0.4125480950,-0.9660610557,0.1929308325,0.1717665493,0.0709463358,-0.4412100315,0.8945951462,1,116.4,177.1,1900.7,1,-0.0117277782,0.8874835372,0.4606900811,-0.9972658157,0.0232359767,-0.0701496825,-0.0729612708,-0.4602531493,0.8847845197,1,173.5,-45.3,1917.0,1,1.0000000000,-0.0000000000,-0.0000000000,0.0000000000,1.0000000000,0.0000000000,0.0000000000,-0.0000000000,1.0000000000,0,-63.7,-207.9,1918.5,1,1.0000000000,-0.0000000000,-0.0000000012,0.0000000000,1.0000000000,-0.0000000000,0.0000000012,0.0000000000,1.0000000000,0,-63.7,-575.2,1918.5,0,1.0000000000,0.0000053673,-0.0000074538,-0.0000053673,1.0000000000,0.0000038061,0.0000074538,-0.0000038060,1.0000000000,0,98.6,-187.3,1962.8,1,0.9999992251,-0.0000009135,-0.0012229750,0.0000006378,1.0000000000,-0.0002254106,0.0012229752,0.0002254097,0.9999992251,0,98.6,-554.7,1962.8,0,-152.6,-328.9,1866.9,1,170.7,-284.8,1899.5,1,-63.7,-928.5,1918.5,0,98.6,-907.9,1962.7,0,
4,0.9587818980,-0.0628436804,-0.2771040201,0.1057803780,0.9840784073,0.1428245902,0.2637166977,-0.1662497818,0.9501651525,1,-19.4,346.7,1835.5,1,0.9587818980,-0.0628436804,-0.2771040201,0.1057803780,0.9840784073,0.1428245902,0.2637166977,-0.1662497818,0.9501651525,1,-7.6,160.8,1866.9,1,0.9581609964,-0.0636440367,-0.2790621817,0.1154128164,0.9781001806,0.1732010990,0.2619277835,-0.1981618851,0.9445236921,1,4.1,-18.9,1903.3,1,0.2106249481,-0.9695286155,0.1251050681,0.9629912376,0.2277954668,0.1440727860,-0.1681810468,0.0901297629,0.9816271067,1,-131.8,145.8,1833.0,1,-0.1120165512,-0.9897472858,0.0886142328,0.9933884144,-0.1137900352,-0.0152056972,0.0251332168,0.0863250569,0.9959499240,1,-181.6,-81.9,1872.8,1,0.2515422404,0.8767905235,0.4098353684,-0.9645678997,0.1922808290,0.1806569099,0.0795948058,-0.4407568872,0.8940907121,1,116.6,175.7,1900.9,1,-0.0142003661,0.8874268532,0.4607297480,-0.9969699979,0.0226773433,-0.0744076744,-0.0764794871,-0.4603903592,0.8844159842,1,174.2,-45.0,1919.1,1,1.0000000000,-0.0000000000,-0.0000000000,0.0000000000,1.0000000000,0.0000000000,0.0000000000,-0.0000000000,1.0000000000,0,-65.4,-208.3,1917.5,1,1.0000000000,-0.0000000000,-0.0000000011,0.0000000000,1.0000000000,-0.0000000000,0.0000000011,0.0000000000,1.0000000000,0,-65.4,-575.7,1917.5,0,1.0000000000,0.0000042939,-0.0000059631,-0.0000042939,1.0000000000,0.0000030448,0.0000059631,-0.0000030448,1.0000000000,0,97.0,-188.7,1961.9,1,0.9999994040,-0.0000008097,-0.0011006775,0.0000005864,1.0000000000,-0.0002028695,0.0011006778,0.0002028688,0.9999993443,0,97.0,-556.1,1961.9,0,-153.8,-327.8,1866.5,1,170.8,-284.5,1900.7,1,-65.4,-928.9,1917.5,0,97.0,-909.3,1961.9,0,
5,0.9606416821,-0.0617804863,-0.2708310485,0.1047084033,0.9835727811,0.1470352858,0.2572983503,-0.1696064770,0.9513309002,1,-20.1,344.3,1835.2,1,0.9606416821,-0.0617804863,-0.2708310485,0.1047084033,0.9835727811,0.1470352858,0.2572983503,-0.1696064770,0.9513309002,1,-8.4,158.7,1867.2,1,0.9600610733,-0.0622168556,-0.2727829814,0.1138908565,0.9774341583,0.1779046953,0.2555589378,-0.2018668503,0.9454833269,1,3.0,-20.9,1904.3,1,0.2064589858,-0.9697896242,0.1299329698,0.9643771052,0.2241316587,0.1405052245,-0.1653826237,0.0962958187,0.9815170169,1,-132.9,143.9,1834.1,1,-0.1139054969,-0.9891496897,0.0927807614,0.9928733110,-0.1166312099,-0.0244878791,0.0350433141,0.0893302411,0.9953853488,1,-181.2,-81.8,1872.8,1,0.2561371326,0.8733825088,0.4142424762,-0.9628523588,0.1926176846,0.1892451197,0.0854929388,-0.4473270476,0.8902750015,1,116.0,173.4,1900.4,1,-0.0119491629,0.8836304545,0.4680325091,-0.9964910150,0.0282551460,-0.0787858665,-0.0828419104,-0.4673316181,0.8801922798,1,174.1,-44.9,1919.8,1,1.0000000000,-0.0000000000,-0.0000000000,0.0000000000,1.0000000000,0.0000000000,0.0000000000,-0.0000000000,1.0000000000,0,-67.0,-210.1,1919.7,1,1.0000000000,-0.0000000000,-0.0000000010,0.0000000000,1.0000000000,-0.0000000000,0.0000000010,0.0000000000,1.0000000000,0,-67.0,-577.4,1919.7,0,1.0000000000,0.0000034351,-0.0000047704,-0.0000034351,1.0000000000,0.0000024359,0.0000047705,-0.0000024359,1.0000000000,0,95.8,-190.7,1963.1,1,0.9999995232,-0.0000007187,-0.0009906099,0.0000005378,1.0000000000,-0.0001825825,0.0009906099,0.0001825819,0.9999994636,0,95.8,-558.1,1963.1,0,-153.0,-327.6,1864.2,1,171.2,-284.3,1899.9,1,-67.0,-930.6,1919.7,0,95.8,-911.3,1963.0,0,
6,0.9625768661,-0.0584347658,-0.2646317780,0.1016544402,0.9830312133,0.1526917517,0.2512190044,-0.1738785207,0.9521840811,1,-20.2,343.1,1834.1,1,0.9625768661,-0.0584347658,-0.2646317780,0.1016544402,0.9830312133,0.1526917517,0.2512190044,-0.1738785207,0.9521840811,1,-9.1,157.0,1867.0,1,0.9619693160,-0.0606925972,-0.2663272619,0.1116512269,0.9771999121,0.1805910617,0.2492946684,-0.2034588158,0.9468135834,1,2.0,-22.5,1904.4,1,0.2009871453,-0.9701715708,0.1355409622,0.9659011960,0.2193251401,0.1375916302,-0.1632150263,0.1032650247,0.9811713099,1,-133.8,142.5,1834.7,1,-0.1233067289,-0.9874786139,0.0983943194,0.9914161563,-0.1269244552,-0.0313729160,0.0434687324,0.0936812311,0.9946528077,1,-181.1,-84.5,1873.1,1,0.2579241097,0.8705596924,0.4190478027,-0.9620149136,0.1912454665,0.1948137879,0.0894560143,-0.4533773959,0.8868182898,1,115.6,171.5,1899.3,1,-0.0112778377,0.8803676963,0.4741578698,-0.9962798357,0.0306229591,-0.0805540532,-0.0854373053,-0.4733023942,0.8767470121,1,174.0,-46.2,1919.6,1,1.0000000000,-0.0000000000,-0.0000000000,0.0000000000,1.0000000000,0.0000000000,0.0000000000,-0.0000000000,1.0000000000,0,-68.4,-211.4,1920.6,1,1.0000000000,-0.0000000000,-0.0000000009,0.0000000000,1.0000000000,-0.0000000000,0.0000000009,0.0000000000,1.0000000000,0,-68.4,-578.8,1920.6,0,1.0000000000,0.0000027481,-0.0000038164,-0.0000027481,1.0000000000,0.0000019487,0.0000038164,-0.0000019487,1.0000000000,0,94.7,-192.5,1962.9,1,0.9999995828,-0.0000006387,-0.0008915488,0.0000004922,1.0000000000,-0.0001643243,0.0008915489,0.0001643238,0.9999995828,0,94.7,-559.9,1962.9,0,-150.5,-330.0,1862.3,1,171.2,-285.5,1899.0,1,-68.4,-932.0,1920.6,0,94.7,-913.1,1962.8,0,
7,0.9608821869,-0.0567503013,-0.2710782588,0.1021024510,0.9824257493,0.1562484056,0.2574473917,-0.1778140664,0.9497907162,1,-19.7,344.1,1833.5,1,0.9608821869,-0.0567503013,-0.2710782588,0.1021024510,0.9824257493,0.1562484056,0.2574473917,-0.1778140664,0.9497907162,1,-8.9,158.2,1867.2,1,0.9602066278,-0.0605845377,-0.2726379931,0.1133831069,0.9766848683,0.1822903901,0.2552376688,-0.2059489787,0.9446893930,1,2.2,-21.2,1905.0,1,0.1998220384,-0.9711711407,0.1299912930,0.9652258754,0.2179250121,0.1443874389,-0.1685532779,0.0966191739,0.9809456468,1,-133.4,143.5,1834.1,1,-0.1206216738,-0.9885004759,0.0911981538,0.9917225838,-0.1240661442,-0.0330730341,0.0440073125,0.0864539444,0.9952834249,1,-181.0,-86.3,1874.2,1,0.2539709508,0.8734036684,0.4155295789,-0.9634664655,0.1906794310,0.1880790144,0.0850359499,-0.4481154084,0.8899222016,1,115.6,172.9,1900.3,1,-0.0141940638,0.8832113743,0.4687601924,-0.9963950515,0.0267203003,-0.0805157423,-0.0836378261,-0.4682132006,0.8796483278,1,173.9,-48.5,1919.8,1,1.0000000000,-0.0000000000,-0.0000000000,0.0000000000,1.0000000000,0.0000000000,0.0000000000,-0.0000000000,1.0000000000,0,-68.1,-210.2,1921.2,1,1.0000000000,-0.0000000000,-0.0000000008,0.0000000000,1.0000000000,-0.0000000000,0.0000000008,0.0000000000,1.0000000000,0,-68.1,-577.6,1921.2,0,1.0000000000,0.0000021985,-0.0000030531,-0.0000021985,1.0000000000,0.0000015590,0.0000030531,-0.0000015590,1.0000000000,0,94.7,-191.0,1964.5,1,0.9999997020,-0.0000005682,-0.0008023939,0.0000004496,1.0000000000,-0.0001478918,0.0008023940,0.0001478914,0.9999996424,0,94.7,-558.4,1964.5,0,-151.1,-331.9,1863.3,1,170.5,-287.8,1899.7,1,-68.1,-930.8,1921.2,0,94.7,-911.6,1964.4,0,
8,0.9626622796,-0.0562137403,-0.2648020387,0.1012476757,0.9819724560,0.1596175134,0.2510558665,-0.1804683357,0.9510002136,1,-19.3,345.9,1833.2,1,0.9626622796,-0.0562137403,-0.2648020387,0.1012476757,0.9819724560,0.1596175134,0.2510558665,-0.1804683357,0.9510002136,1,-8.6,159.8,1867.4,1,0.9620880485,-0.0597247109,-0.2661171854,0.1109508649,0.9770481586,0.1818396300,0.2491492480,-0.2044716477,0.9466336966,1,2.3,-19.7,1905.0,1,0.1993854940,-0.9704282284,0.1360677630,0.9658091664,0.2180909514,0.1401750296,-0.1657049507,0.1034666151,0.9807326198,1,-133.3,145.4,1835.1,1,-0.1219001710,-0.9876346588,0.0985809118,0.9915828705,-0.1255463064,-0.0316466652,0.0436318107,0.0938934088,0.9946257472,1,-180.9,-85.2,1874.7,1,0.2506720424,0.8712991476,0.4219020605,-0.9645687342,0.1877536625,0.1853529811,0.0822842345,-0.4534163475,0.8874924779,1,116.1,174.1,1899.7,1,-0.0142896352,0.8813008666,0.4723395705,-0.9971759915,0.0222716015,-0.0717222542,-0.0737286434,-0.4720305502,0.8784937263,1,173.7,-47.5,1918.7,1,1.0000000000,-0.0000000000,-0.0000000000,0.0000000000,1.0000000000,0.0000000000,0.0000000000,-0.0000000000,1.0000000000,0,-68.2,-208.6,1921.4,1,1.0000000000,-0.0000000000,-0.0000000007,0.0000000000,1.0000000000,-0.0000000000,0.0000000007,0.0000000000,1.0000000000,0,-68.2,-575.9,1921.4,0,1.0000000000,0.0000017588,-0.0000024425,-0.0000017588,1.0000000000,0.0000012472,0.0000024425,-0.0000012472,1.0000000000,0,94.9,-189.8,1963.7,1,0.9999997616,-0.0000005061,-0.0007221545,0.0000004099,1.0000000000,-0.0001331026,0.0007221546,0.0001331023,0.9999997020,0,94.9,-557.1,1963.7,0,-150.8,-330.7,1863.9,1,170.3,-287.0,1900.9,1,-68.2,-929.2,1921.4,0,94.9,-910.3,1963.6,0,
9,0.9634010196,-0.0547358841,-0.2624140978,0.0999351740,0.9816961884,0.1621243209,0.2487372011,-0.1824151278,0.9512380362,1,-18.9,346.8,1833.1,1,0.9634010196,-0.0547358841,-0.2624140978,0.0999351740,0.9816961884,0.1621243209,0.2487372011,-0.1824151278,0.9512380362,1,-8.5,160.8,1867.7,1,0.9628871679,-0.0577688403,-0.2636471689,0.1088815853,0.9769533873,0.1835911274,0.2469654232,-0.2054838389,0.9469866753,1,2.1,-18.7,1905.4,1,0.2017008811,-0.9696760178,0.1380040795,0.9654823542,0.2205497622,0.1385696977,-0.1648044884,0.1052908748,0.9806901813,1,-133.3,146.7,1835.6,1,-0.1195842326,-0.9877099991,0.1006402969,0.9919024110,-0.1232244819,-0.0307447482,0.0427682400,0.0961487666,0.9944477677,1,-181.2,-82.7,1874.8,1,0.2492086291,0.8698101044,0.4258233011,-0.9655033350,0.1888722181,0.1792500019,0.0754872635,-0.4558044672,0.8868731856,1,116.3,174.9,1899.7,1,-0.0133971134,0.8809150457,0.4730848372,-0.9981706738,0.0161141418,-0.0582724102,-0.0589563996,-0.4730000794,0.8790876269,1,173.5,-46.5,1917.0,1,1.0000000000,-0.0000000000,-0.0000000000,0.0000000000,1.0000000000,0.0000000000,0.0000000000,-0.0000000000,1.0000000000,0,-68.9,-207.3,1922.2,1,1.0000000000,-0.0000000000,-0.0000000006,0.0000000000,1.0000000000,-0.0000000000,0.0000000006,0.0000000000,1.0000000000,0,-68.9,-574.7,1922.2,0,1.0000000000,0.0000014070,-0.0000019540,-0.0000014070,1.0000000000,0.0000009977,0.0000019540,-0.0000009977,1.0000000000,0,94.3,-188.9,1964.1,1,0.9999997616,-0.0000004511,-0.0006499391,0.0000003733,1.0000000000,-0.0001197923,0.0006499391,0.0001197921,0.9999997616,0,94.3,-556.2,1964.1,0,-151.6,-328.3,1864.2,1,170.3,-286.2,1902.8,1,-68.9,-927.9,1922.2,0,94.3,-909.5,1964.0,0,
10,0.9659344554,-0.0565499105,-0.2525304258,0.0994440317,0.9820179939,0.1604695618,0.2389151156,-0.1801156849,0.9541893005,1,-19.6,347.2,1833.5,1,0.9659344554,-0.0565499105,-0.2525304258,0.0994440317,0.9820179939,0.1604695618,0.2389151156,-0.1801156849,0.9541893005,1,-8.9,161.1,1867.7,1,0.9654079080,-0.0598707087,-0.2537752688,0.1083056182,0.9774227142,0.1814210415,0.2371841520,-0.2026305646,0.9500967860,1,2.1,-18.4,1904.9,1,0.2008497268,-0.9683859348,0.1479457319,0.9658830762,0.2209659815,0.1350698918,-0.1634907722,0.1157695279,0.9797285795,1,-134.1,147.0,1836.9,1,-0.1184810251,-0.9867430925,0.1109065413,0.9919006228,-0.1227635443,-0.0325921178,0.0457753278,0.1061467230,0.9932962656,1,-181.5,-81.0,1875.5,1,0.2504020035,0.8659432530,0.4329448044,-0.9648525715,0.1863760650,0.1852659583,0.0797392428,-0.4641188979,0.8821765184,1,116.2,175.1,1898.4,1,-0.0038018678,0.8772499561,0.4800189734,-0.9984541535,0.0232889857,-0.0504693538,-0.0554533936,-0.4794687927,0.8758051395,1,173.4,-45.3,1916.6,1,1.0000000000,-0.0000000000,-0.0000000000,0.0000000000,1.0000000000,0.0000000000,0.0000000000,-0.0000000000,1.0000000000,0,-68.8,-207.2,1922.0,1,1.0000000000,-0.0000000000,-0.0000000006,0.0000000000,1.0000000000,-0.0000000000,0.0000000006,0.0000000000,1.0000000000,0,-68.8,-574.5,1922.0,0,1.0000000000,0.0000011256,-0.0000015632,-0.0000011256,1.0000000000,0.0000007982,0.0000015632,-0.0000007982,1.0000000000,0,94.9,-188.8,1962.2,1,0.9999998212,-0.0000004025,-0.0005849452,0.0000003394,1.0000000000,-0.0001078131,0.0005849452,0.0001078129,0.9999998212,0,94.9,-556.2,1962.2,0,-152.1,-326.6,1864.2,1,172.5,-285.1,1903.3,1,-68.8,-927.7,1922.0,0,94.9,-909.4,1962.2,0,
11,0.9643898010,-0.0596199520,-0.2576750219,0.1040633991,0.9812143445,0.1624441147,0.2431498021,-0.1834739745,0.9524782896,1,-20.3,344.2,1833.2,1,0.9643898010,-0.0596199520,-0.2576750219,0.1040633991,0.9812143445,0.1624441147,0.2431498021,-0.1834739745,0.9524782896,1,-9.0,158.1,1868.0,1,0.9637463689,-0.0639862046,-0.2590318918,0.1142544597,0.9762755036,0.1839318424,0.2411176562,-0.2068591714,0.9481935501,1,2.7,-21.2,1906.0,1,0.2042782307,-0.9683358073,0.1435127854,0.9638648033,0.2245714515,0.1432904005,-0.1709821075,0.1090558171,0.9792200327,1,-134.0,143.3,1836.8,1,-0.1129877791,-0.9881684184,0.1037166789,0.9925632477,-0.1170127317,-0.0335602872,0.0452993847,0.0991534591,0.9940405488,1,-181.6,-81.3,1876.6,1,0.2538440824,0.8661826849,0.4304540157,-0.9643711448,0.1923645735,0.1816153228,0.0745079517,-0.4612194300,0.8841522336,1,115.9,173.0,1899.3,1,-0.0093633998,0.8777601123,0.4790089726,-0.9981029034,0.0209472179,-0.0578950942,-0.0608519055,-0.4786423445,0.8758987188,1,173.4,-45.6,1916.2,1,1.0000000000,-0.0000000000,-0.0000000000,0.0000000000,1.0000000000,0.0000000000,0.0000000000,-0.0000000000,1.0000000000,0,-67.2,-210.2,1923.6,1,1.0000000000,-0.0000000000,-0.0000000005,0.0000000000,1.0000000000,-0.0000000000,0.0000000005,0.0000000000,1.0000000000,0,-67.2,-577.5,1923.6,0,1.0000000000,0.0000009005,-0.0000012505,-0.0000009005,1.0000000000,0.0000006385,0.0000012505,-0.0000006385,1.0000000000,0,96.2,-190.8,1964.5,1,0.9999998808,-0.0000003594,-0.0005264506,0.0000003083,1.0000000000,-0.0000970318,0.0005264506,0.0000970316,0.9999998808,0,96.2,-558.2,1964.5,0,-153.6,-327.1,1865.4,1,171.2,-285.3,1901.6,1,-67.2,-930.8,1923.6,0,96.2,-911.4,1964.4,0,
12,0.9645516276,-0.0586345308,-0.2572956085,0.1032472104,0.9811307192,0.1634663492,0.2428561300,-0.1842367351,0.9524059892,1,-20.4,345.0,1833.1,1,0.9645516276,-0.0586345308,-0.2572956085,0.1032472104,0.9811307192,0.1634663492,0.2428561300,-0.1842367351,0.9524059892,1,-9.3,158.9,1868.0,1,0.9640335441,-0.0615265705,-0.2585588992,0.1116880476,0.9765505195,0.1840481013,0.2411722392,-0.2063064277,0.9483000636,1,2.0,-20.5,1905.9,1,0.1919407248,-0.9707199335,0.1444349587,0.9663026929,0.2126493752,0.1450491399,-0.1715160906,0.1117270589,0.9788254499,1,-134.2,144.4,1836.8,1,-0.1140746549,-0.9878020883,0.1059900299,0.9922944307,-0.1184824109,-0.0362443440,0.0483601987,0.1010387614,0.9937063456,1,-180.0,-86.1,1877.7,1,0.2511518300,0.8660649061,0.4322666526,-0.9655476213,0.1927297711,0.1748517156,0.0681222677,-0.4612883627,0.8846312761,1,115.7,173.4,1899.3,1,-0.0052631479,0.8785241246,0.4776689410,-0.9986576438,0.0199964307,-0.0477808528,-0.0515283048,-0.4772792161,0.8772395849,1,173.3,-48.0,1914.9,1,1.0000000000,-0.0000000000,-0.0000000000,0.0000000000,1.0000000000,0.0000000000,0.0000000000,-0.0000000000,1.0000000000,0,-68.4,-209.3,1923.4,1,1.0000000000,-0.0000000000,-0.0000000005,0.0000000000,1.0000000000,-0.0000000000,0.0000000005,0.0000000000,1.0000000000,0,-68.4,-576.7,1923.4,0,1.0000000000,0.0000007204,-0.0000010004,-0.0000007204,1.0000000000,0.0000005108,0.0000010004,-0.0000005108,1.0000000000,0,95.1,-190.4,1964.3,1,0.9999998808,-0.0000003212,-0.0004738056,0.0000002798,1.0000000000,-0.0000873286,0.0004738056,0.0000873284,0.9999998808,0,95.1,-557.7,1964.3,0,-151.8,-331.8,1865.7,1,172.0,-287.9,1902.6,1,-68.4,-929.9,1923.4,0,95.1,-911.0,1964.2,0,
13,0.9666997194,-0.0574150905,-0.2493873537,0.0991204754,0.9824448824,0.1580377668,0.2359358668,-0.1774943918,0.9554210305,1,-19.8,344.9,1834.0,1,0.9666997194,-0.0574150905,-0.2493873537,0.0991204754,0.9824448824,0.1580377668,0.2359358668,-0.1774943918,0.9554210305,1,-9.0,158.8,1867.6,1,0.9661413431,-0.0603618957,-0.2508511245,0.1084115580,0.9772300124,0.1823929548,0.2341299355,-0.2034124732,0.9506870508,1,2.1,-20.7,1905.0,1,0.1959270388,-0.9687105417,0.1523568928,0.9655179381,0.2177283466,0.1427217424,-0.1714284420,0.1191402599,0.9779662490,1,-134.2,144.8,1837.3,1,-0.1159614325,-0.9865269661,0.1154020429,0.9924007654,-0.1198914051,-0.0276934896,0.0411560871,0.1113136932,0.9929327369,1,-180.9,-85.2,1878.1,1,0.2492421120,0.8639562130,0.4375590086,-0.9657507539,0.1880789846,0.1787502021,0.0721366853,-0.4671250284,0.8812437057,1,116.3,172.9,1898.0,1,-0.0091533484,0.8752598166,0.4835666716,-0.9984635115,0.0184309781,-0.0522599556,-0.0546536446,-0.4833020270,0.8737460971,1,173.1,-47.5,1914.5,1,1.0000000000,-0.0000000000,-0.0000000000,0.0000000000,1.0000000000,0.0000000000,0.0000000000,-0.0000000000,1.0000000000,0,-68.7,-209.3,1922.5,1,1.0000000000,-0.0000000000,-0.0000000004,0.0000000000,1.0000000000,-0.0000000000,0.0000000004,0.0000000000,1.0000000000,0,-68.7,-576.7,1922.5,0,1.0000000000,0.0000005763,-0.0000008003,-0.0000005763,1.0000000000,0.0000004087,0.0000008003,-0.0000004087,1.0000000000,0,95.1,-191.0,1962.2,1,0.9999998808,-0.0000002872,-0.0004264250,0.0000002537,1.0000000000,-0.0000785957,0.0004264250,0.0000785956,0.9999998808,0,95.1,-558.3,1962.2,0,-152.2,-330.9,1867.9,1,170.9,-287.3,1901.3,1,-68.7,-929.9,1922.5,0,95.1,-911.5,1962.2,0,
14,0.9667531848,-0.0582488887,-0.2489864230,0.0998551548,0.9823945165,0.1578878909,0.2354064137,-0.1775011271,0.9555503130,1,-20.2,346.0,1834.0,1,0.9667531848,-0.0582488887,-0.2489864230,0.0998551548,0.9823945165,0.1578878909,0.2354064137,-0.1775011271,0.9555503130,1,-9.2,160.4,1867.6,1,0.9662789106,-0.0598115847,-0.2504526675,0.1077278405,0.9773366451,0.1822265536,0.2338775992,-0.2030623257,0.9508239627,1,1.8,-19.1,1904.9,1,0.1951947957,-0.9687370062,0.1531258076,0.9653900266,0.2173151225,0.1442089826,-0.1729771495,0.1196772754,0.9776278138,1,-134.4,146.4,1837.2,1,-0.1194570810,-0.9858694077,0.1174364686,0.9922065735,-0.1227650270,-0.0213238522,0.0354396291,0.1139739528,0.9928513765,1,-181.1,-84.6,1878.6,1,0.2476810664,0.8639866710,0.4383848608,-0.9662924409,0.1874917150,0.1764249653,0.0702352822,-0.4673050940,0.8813019395,1,116.1,174.4,1897.9,1,-0.0116262063,0.8747522831,0.4844309092,-0.9981510639,0.0187523998,-0.0578171499,-0.0596599244,-0.4842074215,0.8729168773,1,173.2,-48.3,1914.1,1,1.0000000000,-0.0000000000,-0.0000000000,0.0000000000,1.0000000000,0.0000000000,0.0000000000,-0.0000000000,1.0000000000,0,-69.1,-207.8,1922.3,1,1.0000000000,-0.0000000000,-0.0000000004,0.0000000000,1.0000000000,-0.0000000000,0.0000000004,0.0000000000,1.0000000000,0,-69.1,-575.1,1922.3,0,1.0000000000,0.0000004611,-0.0000006403,-0.0000004611,1.0000000000,0.0000003269,0.0000006403,-0.0000003269,1.0000000000,0,94.7,-189.5,1962.0,1,0.9999999404,-0.0000002570,-0.0003837825,0.0000002298,1.0000000000,-0.0000707361,0.0003837825,0.0000707360,0.9999999404,0,94.7,-556.9,1962.0,0,-151.6,-330.2,1869.9,1,170.4,-288.0,1899.7,1,-69.1,-928.4,1922.3,0,94.7,-910.1,1962.0,0,
15,0.9689312577,-0.0572311804,-0.2406150997,0.0978558958,0.9821823239,0.1604397595,0.2271460146,-0.1790006310,0.9572682977,1,-20.2,347.3,1833.5,1,0.9689312577,-0.0572311804,-0.2406150997,0.0978558958,0.9821823239,0.1604397595,0.2271460146,-0.1790006310,0.9572682977,1,-9.4,161.6,1867.3,1,0.9684155583,-0.0598757565,-0.2420435250,0.1064841971,0.9770770073,0.1843378395,0.2254580557,-0.2042893618,0.9525931478,1,1.6,-17.9,1904.9,1,0.1952151656,-0.9674499035,0.1610338241,0.9653795362,0.2185105830,0.1424626857,-0.1730130911,0.1276478916,0.9766128063,1,-134.9,147.8,1838.1,1,-0.1139284074,-0.9855442643,0.1253907382,0.9928072691,-0.1176146269,-0.0223739054,0.0367982611,0.1219398156,0.9918550849,1,-181.6,-82.8,1879.4,1,0.2475115359,0.8604890108,0.4453053474,-0.9661100507,0.1844313145,0.1806003451,0.0732763559,-0.4749146104,0.8769759536,1,116.1,175.4,1896.6,1,-0.0127644259,0.8706567883,0.4917253852,-0.9981285334,0.0183177181,-0.0583434962,-0.0598044507,-0.4915498793,0.8687934875,1,173.1,-47.0,1913.4,1,1.0000000000,-0.0000000000,-0.0000000000,0.0000000000,1.0000000000,0.0000000000,0.0000000000,-0.0000000000,1.0000000000,0,-69.5,-206.4,1923.3,1,1.0000000000,-0.0000000000,-0.0000000003,0.0000000000,1.0000000000,-0.0000000000,0.0000000003,0.0000000000,1.0000000000,0,-69.5,-573.8,1923.3,0,1.0000000000,0.0000003688,-0.0000005122,-0.0000003688,1.0000000000,0.0000002615,0.0000005122,-0.0000002615,1.0000000000,0,94.7,-188.4,1961.5,1,0.9999999404,-0.0000002301,-0.0003454042,0.0000002081,1.0000000000,-0.0000636625,0.0003454042,0.0000636624,0.9999999404,0,94.7,-555.7,1961.5,0,-153.4,-328.6,1870.3,1,170.0,-286.8,1899.1,1,-69.5,-927.0,1923.3,0,94.7,-908.9,1961.5,0,
16,0.9696891904,-0.0578390025,-0.2373953015,0.0978365168,0.9822021723,0.1603294909,0.2238971442,-0.1786955893,0.9580903053,1,-20.7,347.6,1833.7,1,0.9696891904,-0.0578390025,-0.2373953015,0.0978365168,0.9822021723,0.1603294909,0.2238971442,-0.1786955893,0.9580903053,1,-9.8,161.9,1867.5,1,0.9691987634,-0.0601081401,-0.2388297319,0.1059825122,0.9771652818,0.1841587573,0.2223069519,-0.2037981451,0.9534385204,1,1.3,-17.6,1905.0,1,0.1950766444,-0.9669159651,0.1643742323,0.9652788639,0.2189627439,0.1424504071,-0.1737293899,0.1308782250,0.9760579467,1,-135.4,148.1,1838.7,1,-0.1138859466,-0.9849692583,0.1298661977,0.9929755926,-0.1170712858,-0.0171382334,0.0320842415,0.1270021647,0.9913833141,1,-181.8,-81.6,1880.1,1,0.2492619008,0.8587648869,0.4476511478,-0.9656145573,0.1851306260,0.1825244725,0.0738716647,-0.4777548611,0.8753818870,1,115.9,175.6,1896.3,1,-0.0076372470,0.8691496253,0.4944902062,-0.9981211424,0.0234377440,-0.0566114374,-0.0607935488,-0.4939934611,0.8673375845,1,173.0,-45.8,1913.3,1,1.0000000000,-0.0000000000,-0.0000000000,0.0000000000,1.0000000000,0.0000000000,0.0000000000,-0.0000000000,1.0000000000,0,-69.8,-206.1,1923.5,1,1.0000000000,-0.0000000000,-0.0000000003,0.0000000000,1.0000000000,-0.0000000000,0.0000000003,0.0000000000,1.0000000000,0,-69.8,-573.5,1923.5,0,1.0000000000,0.0000002951,-0.0000004098,-0.0000002951,1.0000000000,0.0000002092,0.0000004098,-0.0000002092,1.0000000000,0,94.5,-188.1,1961.2,1,0.9999999404,-0.0000002061,-0.0003108638,0.0000001882,1.0000000000,-0.0000572963,0.0003108638,0.0000572962,0.9999999404,0,94.5,-555.5,1961.2,0,-153.6,-327.5,1872.1,1,171.2,-285.5,1898.7,1,-69.8,-926.7,1923.5,0,94.5,-908.7,1961.2,0,
17,0.9703769684,-0.0590911359,-0.2342554778,0.0979402587,0.9825940132,0.1578465700,0.2208509594,-0.1761136651,0.9592747092,1,-20.8,346.7,1833.8,1,0.9703769684,-0.0590911359,-0.2342554778,0.0979402587,0.9825940132,0.1578465700,0.2208509594,-0.1761136651,0.9592747092,1,-9.7,161.2,1867.1,1,0.9699150324,-0.0603724718,-0.2358365804,0.1055189520,0.9772857428,0.1837853789,0.2193844169,-0.2031413615,0.9542552829,1,1.4,-18.4,1904.4,1,0.1959526837,-0.9661119580,0.1680192351,0.9644931555,0.2208213806,0.1448831707,-0.1770756096,0.1336631626,0.9750786424,1,-135.4,147.5,1838.7,1,-0.1141393110,-0.9845740199,0.1326134652,0.9929201603,-0.1174749881,-0.0175818168,0.0328893624,0.1296678185,0.9910119176,1,-181.9,-81.4,1880.7,1,0.2496862859,0.8577066064,0.4494398236,-0.9652867913,0.1837193519,0.1856569201,0.0766683742,-0.4801943302,0.8738051653,1,116.1,174.8,1895.5,1,-0.0116074849,0.8672578335,0.4977236688,-0.9976602197,0.0234937370,-0.0642032027,-0.0673741326,-0.4973043501,0.8649560213,1,173.1,-45.6,1913.0,1,1.0000000000,-0.0000000000,-0.0000000000,0.0000000000,1.0000000000,0.0000000000,0.0000000000,-0.0000000000,1.0000000000,0,-69.7,-206.8,1923.1,1,1.0000000000,-0.0000000000,-0.0000000003,0.0000000000,1.0000000000,-0.0000000000,0.0000000003,0.0000000000,1.0000000000,0,-69.7,-574.2,1923.1,0,1.0000000000,0.0000002361,-0.0000003278,-0.0000002361,1.0000000000,0.0000001674,0.0000003278,-0.0000001674,1.0000000000,0,94.7,-188.9,1960.3,1,0.9999999404,-0.0000001847,-0.0002797774,0.0000001702,1.0000000000,-0.0000515666,0.0002797774,0.0000515666,0.9999999404,0,94.7,-556.3,1960.3,0,-153.6,-327.2,1872.5,1,170.3,-285.2,1896.9,1,-69.7,-927.4,1923.1,0,94.7,-909.5,1960.3,0,
18,0.9709735513,-0.0595202148,-0.2316603214,0.0983334705,0.9822412729,0.1597858518,0.2180361152,-0.1779277623,0.9595838189,1,-21.1,346.8,1833.4,1,0.9709735513,-0.0595202148,-0.2316603214,0.0983334705,0.9822412729,0.1597858518,0.2180361152,-0.1779277623,0.9595838189,1,-9.8,160.7,1867.1,1,0.9704880118,-0.0618229657,-0.2330874950,0.1061749831,0.9773932695,0.1828337014,0.2165150791,-0.2021859288,0.9551131725,1,1.6,-18.8,1904.3,1,0.1951842755,-0.9658054113,0.1706539392,0.9648612738,0.2202991843,0.1432161927,-0.1759139001,0.1367038339,0.9748673439,1,-135.6,146.9,1839.1,1,-0.1152743101,-0.9840406179,0.1355585009,0.9927533865,-0.1187934130,-0.0181366038,0.0339506082,0.1324854791,0.9906033874,1,-181.9,-81.8,1880.8,1,0.2493736148,0.8569204211,0.4511101544,-0.9651261568,0.1816025525,0.1885527819,0.0796519667,-0.4823983014,0.8723230958,1,116.0,174.4,1895.2,1,-0.0135362903,0.8658064604,0.5001960397,-0.9973207116,0.0242754575,-0.0690086856,-0.0718906447,-0.4997899830,0.8631580472,1,173.1,-46.5,1913.4,1,1.0000000000,-0.0000000000,-0.0000000000,0.0000000000,1.0000000000,0.0000000000,0.0000000000,-0.0000000000,1.0000000000,0,-69.4,-207.4,1923.0,1,1.0000000000,-0.0000000000,-0.0000000002,0.0000000000,1.0000000000,-0.0000000000,0.0000000002,0.0000000000,1.0000000000,0,-69.4,-574.7,1923.0,0,1.0000000000,0.0000001888,-0.0000002623,-0.0000001888,1.0000000000,0.0000001339,0.0000002623,-0.0000001339,1.0000000000,0,95.2,-189.4,1959.7,1,0.9999999404,-0.0000001655,-0.0002517997,0.0000001539,1.0000000000,-0.0000464100,0.0002517997,0.0000464099,0.9999999404,0,95.2,-556.7,1959.7,0,-153.3,-327.6,1872.4,1,169.8,-286.0,1896.2,1,-69.4,-928.0,1923.0,0,95.2,-910.0,1959.7,0,
19,0.9711773992,-0.0574893802,-0.2313183397,0.0964642018,0.9822476506,0.1608826220,0.2179630995,-0.1785594523,0.9594830871,1,-20.7,347.0,1833.2,1,0.9711773992,-0.0574893802,-0.2313183397,0.0964642018,0.9822476506,0.1608826220,0.2179630995,-0.1785594523,0.9594830871,1,-9.8,160.5,1867.1,1,0.9705161452,-0.0625090227,-0.2327869982,0.1072601452,0.9768934846,0.1848604232,0.2158529013,-0.2043787539,0.9547963142,1,1.7,-19.0,1904.6,1,0.1952533424,-0.9657505155,0.1708859056,0.9645078182,0.2206636965,0.1450248957,-0.1777662188,0.1365041882,0.9745592475,1,-135.6,146.6,1839.1,1,-0.1156443655,-0.9840191603,0.1353974491,0.9927322865,-0.1190702766,-0.0174563490,0.0332991965,0.1323946863,0.9906375408,1,-181.9,-82.3,1881.3,1,0.2487331629,0.8561462164,0.4529299736,-0.9656323195,0.1827882975,0.1847775131,0.0754062608,-0.4833241403,0.8721879125,1,116.1,174.4,1895.1,1,-0.0142196864,0.8650893569,0.5014162660,-0.9972760081,0.0240277462,-0.0697366744,-0.0723763481,-0.5010420680,0.8623912334,1,173.1,-47.0,1912.3,1,1.0000000000,-0.0000000000,-0.0000000000,0.0000000000,1.0000000000,0.0000000000,0.0000000000,-0.0000000000,1.0000000000,0,-69.1,-207.5,1923.9,1,1.0000000000,-0.0000000000,-0.0000000002,0.0000000000,1.0000000000,-0.0000000000,0.0000000002,0.0000000000,1.0000000000,0,-69.1,-574.8,1923.9,0,1.0000000000,0.0000001511,-0.0000002098,-0.0000001511,1.0000000000,0.0000001071,0.0000002098,-0.0000001071,1.0000000000,0,95.5,-189.3,1960.5,1,1.0000000000,-0.0000001485,-0.0002266197,0.0000001390,1.0000000000,-0.0000417690,0.0002266197,0.0000417689,1.0000000000,0,95.5,-556.7,1960.5,0,-153.3,-328.1,1873.0,1,169.7,-286.5,1895.0,1,-69.1,-928.1,1923.9,0,95.5,-909.9,1960.4,0,
20,0.9714549184,-0.0606567487,-0.2293356210,0.0993324220,0.9819331169,0.1610572040,0.2154232711,-0.1792402416,0.9599296451,1,-20.7,348.1,1833.1,1,0.9714549184,-0.0606567487,-0.2293356210,0.0993324220,0.9819331169,0.1610572040,0.2154232711,-0.1792402416,0.9599296451,1,-9.2,161.9,1867.1,1,0.9709926248,-0.0624493882,-0.2308076471,0.1066891998,0.9770276546,0.1844812930,0.2139849514,-0.2037546337,0.9553499818,1,2.2,-17.5,1904.5,1,0.1956109554,-0.9653868079,0.1725240946,0.9647879601,0.2209834456,0.1426550299,-0.1758422405,0.1385442913,0.9746204019,1,-135.1,148.1,1839.3,1,-0.1164506078,-0.9837220907,0.1368573159,0.9925289750,-0.1203131974,-0.0202704594,0.0364062414,0.1334743500,0.9903833270,1,-181.9,-82.7,1881.4,1,0.2442132533,0.8560259342,0.4556090534,-0.9669819474,0.1796795279,0.1807240397,0.0728408322,-0.4847009480,0.8716417551,1,116.7,175.8,1894.8,1,-0.0139060700,0.8650636077,0.5014693141,-0.9977957010,0.0205394290,-0.0631012395,-0.0648864806,-0.5012414455,0.8628712296,1,173.0,-47.2,1911.6,1,1.0000000000,-0.0000000000,-0.0000000000,0.0000000000,1.0000000000,0.0000000000,0.0000000000,-0.0000000000,1.0000000000,0,-68.6,-206.0,1923.8,1,1.0000000000,-0.0000000000,-0.0000000002,0.0000000000,1.0000000000,-0.0000000000,0.0000000002,0.0000000000,1.0000000000,0,-68.6,-573.4,1923.8,0,1.0000000000,0.0000001209,-0.0000001678,-0.0000001209,1.0000000000,0.0000000857,0.0000001678,-0.0000000857,1.0000000000,0,96.0,-187.9,1960.0,1,1.0000000000,-0.0000001332,-0.0002039577,0.0000001255,1.0000000000,-0.0000375921,0.0002039577,0.0000375920,1.0000000000,0,96.0,-555.3,1960.0,0,-153.1,-328.5,1872.4,1,169.6,-286.8,1896.0,1,-68.6,-926.6,1923.8,0,96.0,-908.5,1960.0,0,
21,0.9730757475,-0.0583778769,-0.2229670882,0.0964959487,0.9817131758,0.1640941799,0.2093104422,-0.1811914593,0.9609150887,1,-20.3,350.1,1833.0,1,0.9730757475,-0.0583778769,-0.2229670882,0.0964959487,0.9817131758,0.1640941799,0.2093104422,-0.1811914593,0.9609150887,1,-9.2,164.1,1867.3,1,0.9725918770,-0.0611012392,-0.2243443131,0.1044277176,0.9768561721,0.1866706014,0.2077465355,-0.2049820572,0.9564636946,1,2.0,-15.3,1905.0,1,0.1940439492,-0.9647240639,0.1779170334,0.9656662941,0.2197785079,0.1385134012,-0.1727295369,0.1449307948,0.9742482305,1,-135.3,150.5,1840.4,1,-0.1136931702,-0.9832059741,0.1427572221,0.9927239418,-0.1181594133,-0.0231799986,0.0396588221,0.1390831023,0.9894862771,1,-181.8,-81.1,1881.8,1,0.2424327433,0.8534558415,0.4613453448,-0.9673767090,0.1766061783,0.1816387624,0.0735442266,-0.4903299510,0.8684283495,1,116.9,177.6,1894.3,1,-0.0136523042,0.8625187874,0.5058407784,-0.9982713461,0.0171643794,-0.0562099926,-0.0571646169,-0.5057337880,0.8607935905,1,173.0,-46.2,1911.3,1,1.0000000000,-0.0000000000,-0.0000000000,0.0000000000,1.0000000000,0.0000000000,0.0000000000,-0.0000000000,1.0000000000,0,-69.2,-203.6,1925.0,1,1.0000000000,-0.0000000000,-0.0000000002,0.0000000000,1.0000000000,-0.0000000000,0.0000000002,0.0000000000,1.0000000000,0,-69.2,-571.0,1925.0,0,1.0000000000,0.0000000967,-0.0000001343,-0.0000000967,1.0000000000,0.0000000686,0.0000001343,-0.0000000686,1.0000000000,0,95.7,-185.9,1960.3,1,1.0000000000,-0.0000001195,-0.0001835619,0.0000001133,1.0000000000,-0.0000338329,0.0001835619,0.0000338328,1.0000000000,0,95.7,-553.3,1960.3,0,-153.7,-326.9,1872.0,1,169.7,-286.0,1897.6,1,-69.2,-924.2,1925.0,0,95.7,-906.5,1960.2,0,
22,0.9731146097,-0.0600246936,-0.2223592550,0.0965176448,0.9828585386,0.1570746750,0.2091195583,-0.1743132174,0.9622281194,1,-20.4,349.0,1835.0,1,0.9731146097,-0.0600246936,-0.2223592550,0.0965176448,0.9828585386,0.1570746750,0.2091195583,-0.1743132174,0.9622281194,1,-9.1,163.2,1868.0,1,0.9726240635,-0.0625383332,-0.2238081545,0.1043664813,0.9780666828,0.1802559495,0.2076266110,-0.1986793131,0.9578187466,1,2.4,-16.5,1904.4,1,0.1933472157,-0.9645521641,0.1795987487,0.9658715129,0.2192823887,0.1378671676,-0.1723629385,0.1468130946,0.9740312099,1,-135.2,149.6,1841.0,1,-0.1069508344,-0.9837554693,0.1441752613,0.9934163690,-0.1117176116,-0.0253587961,0.0410537757,0.1405139118,0.9892271161,1,-181.0,-79.4,1881.9,1,0.2528625727,0.8506441712,0.4609393775,-0.9652540088,0.1893443763,0.1800929308,0.0659187287,-0.4904623330,0.8689657450,1,117.0,176.7,1894.9,1,-0.0242371093,0.8606719971,0.5085824728,-0.9980592728,0.0083577801,-0.0617075525,-0.0573605895,-0.5090910792,0.8587991595,1,174.8,-43.7,1909.9,1,1.0000000000,-0.0000000000,-0.0000000000,0.0000000000,1.0000000000,0.0000000000,0.0000000000,-0.0000000000,1.0000000000,0,-68.5,-205.0,1923.3,1,1.0000000000,-0.0000000000,-0.0000000002,0.0000000000,1.0000000000,-0.0000000000,0.0000000002,0.0000000000,1.0000000000,0,-68.5,-572.3,1923.3,0,1.0000000000,0.0000000774,-0.0000001074,-0.0000000774,1.0000000000,0.0000000549,0.0000001074,-0.0000000549,1.0000000000,0,96.4,-187.3,1958.5,1,1.0000000000,-0.0000001073,-0.0001652058,0.0000001023,1.0000000000,-0.0000304496,0.0001652058,0.0000304496,1.0000000000,0,96.4,-554.6,1958.5,0,-154.5,-325.4,1871.7,1,168.9,-283.4,1896.1,1,-68.5,-925.6,1923.3,0,96.4,-907.9,1958.5,0,
23,0.9738665819,-0.0584936701,-0.2194564641,0.0957232118,0.9819621444,0.1630534083,0.2059605420,-0.1797993034,0.9618999958,1,-20.3,347.6,1834.0,1,0.9738665819,-0.0584936701,-0.2194564641,0.0957232118,0.9819621444,0.1630534083,0.2059605420,-0.1797993034,0.9618999958,1,-9.3,162.5,1867.8,1,0.9732774496,-0.0632100850,-0.2207584679,0.1052076593,0.9772765040,0.1840136498,0.2041107416,-0.2023217678,0.9578119516,1,2.3,-17.0,1905.0,1,0.1894031763,-0.9649178386,0.1818238050,0.9667776823,0.2156343758,0.1372686476,-0.1716604531,0.1497840881,0.9737029076,1,-135.4,148.9,1841.4,1,-0.1069288850,-0.9832884669,0.1473435313,0.9934272766,-0.1117472500,-0.0247972328,0.0408480652,0.1437235475,0.9887744784,1,-180.5,-80.9,1882.2,1,0.2501246035,0.8499519825,0.4637016058,-0.9656330943,0.1840447932,0.1835217625,0.0706428215,-0.4936689138,0.8667759299,1,116.9,176.2,1894.3,1,-0.0153255221,0.8593940735,0.5110838413,-0.9978393912,0.0195141733,-0.0627348647,-0.0638873577,-0.5109410286,0.8572382927,1,174.5,-46.0,1910.6,1,1.0000000000,-0.0000000000,-0.0000000000,0.0000000000,1.0000000000,0.0000000000,0.0000000000,-0.0000000000,1.0000000000,0,-68.6,-205.4,1924.9,1,1.0000000000,-0.0000000000,-0.0000000001,0.0000000000,1.0000000000,-0.0000000000,0.0000000001,0.0000000000,1.0000000000,0,-68.6,-572.7,1924.9,0,1.0000000000,0.0000000619,-0.0000000859,-0.0000000619,1.0000000000,0.0000000439,0.0000000859,-0.0000000439,1.0000000000,0,96.4,-187.5,1959.5,1,1.0000000000,-0.0000000963,-0.0001486852,0.0000000923,1.0000000000,-0.0000274046,0.0001486852,0.0000274046,1.0000000000,0,96.4,-554.9,1959.5,0,-154.0,-326.8,1872.1,1,170.8,-285.7,1895.2,1,-68.6,-926.0,1924.9,0,96.4,-908.1,1959.5,0,
