1,0.9933468699,-0.1106066629,0.0320690498,0.1064675301,0.9881718755,0.1103657857,-0.0438969508,-0.1062171012,0.9933737516,1,-133.4,402.4,2236.8,1,0.9933468699,-0.1106066629,0.0320690498,0.1064675301,0.9881718755,0.1103657857,-0.0438969508,-0.1062171012,0.9933737516,1,-111.9,210.2,2257.5,1,0.9934477210,-0.1102053002,0.0302773695,0.1055658907,0.9863476753,0.1263871342,-0.0437925756,-0.1223626509,0.9915190339,1,-90.9,21.9,2280.8,1,0.0800778270,-0.9492368102,0.3041988611,0.9906594753,0.1095795929,0.0811545774,-0.1103689000,0.2948587835,0.9491453767,1,-245.8,196.0,2263.4,1,-0.0170350391,-0.9592482448,0.2820505500,0.9915930629,-0.0523969084,-0.1183114946,0.1282686591,0.2776639163,0.9520766735,1,-265.0,-42.0,2289.9,1,0.3088094592,0.9327439070,-0.1860797852,-0.9438794255,0.3246362209,0.0608531535,0.1171686426,0.1568448544,0.9806483984,1,21.9,224.4,2251.6,1,-0.0253387839,0.9903479218,-0.1362688839,-0.9956492782,-0.0372280926,-0.0854209438,-0.0896694735,0.1335115433,0.9869823456,1,90.8,14.0,2277.7,1,0.7025941610,-0.1821034551,-0.6878952980,0.3050711453,0.9504385591,0.0599844605,0.6428788900,-0.2520016730,0.7233270407,1,-157.5,-175.7,2308.0,1,-0.1871267110,-0.1840433776,-0.9649412632,0.2068378627,0.9528892636,-0.2218558639,0.9603132606,-0.2411015481,-0.1402439177,1,-89.8,-529.0,2401.7,1,0.6430972815,0.2942717671,0.7069866657,-0.4066084027,0.9135437012,-0.0103839189,-0.6489188671,-0.2807888687,0.7071505785,1,17.8,-157.1,2300.3,1,-0.5051704645,0.0263595749,0.8626168966,0.0021045562,0.9995681047,-0.0293120015,-0.8630169630,-0.0129921325,-0.5050077438,0,-94.6,-505.9,2407.5,1,-260.7,-289.5,2257.9,1,84.4,-237.7,2255.0,1,-24.1,-869.4,2487.8,1,-104.2,-872.9,2412.3,0,
2,0.9941164851,-0.1025015265,0.0350165814,0.0973678976,0.9872756004,0.1257220358,-0.0474577472,-0.1215727404,0.9914475679,1,-132.0,401.2,2232.1,1,0.9941164851,-0.1025015265,0.0350165814,0.0973678976,0.9872756004,0.1257220358,-0.0474577472,-0.1215727404,0.9914475679,1,-112.2,210.1,2255.6,1,0.9941400290,-0.1026656181,0.0338485166,0.0971416607,0.9858024120,0.1369552165,-0.0474285744,-0.1328644454,0.9899989963,1,-92.6,21.9,2281.0,1,0.0835259035,-0.9481428266,0.3066734374,0.9901270866,0.1137278900,0.0819406584,-0.1125687584,0.2968015075,0.9482811689,1,-246.1,197.0,2262.0,1,-0.0195811354,-0.9583387971,0.2849621177,0.9926054478,-0.0527842380,-0.1093086973,0.1197962835,0.2807145417,0.9522857666,1,-266.1,-39.8,2288.9,1,0.2990975976,0.9354096055,-0.1885462701,-0.9431764483,0.3197846115,0.0903107300,0.1447716951,0.1508206725,0.9779030681,1,21.8,223.2,2249.2,1,0.0098539079,0.9934780598,-0.1135970131,-0.9911994338,-0.0052929781,-0.1322714686,-0.1320100725,0.1139006838,0.9846826196,1,88.8,11.7,2281.7,1,0.8058243990,-0.1628923565,-0.5693093538,0.2431776375,0.9676414728,0.0673396066,0.5399181843,-0.1927072108,0.8193608522,0,-161.7,-175.0,2310.6,1,-0.0123401880,-0.1892248690,-0.9818562269,0.2086631954,0.9598256350,-0.1876016110,0.9779096842,-0.2071922868,0.0276398659,0,-99.5,-544.4,2384.2,0,0.6619287729,0.2075466514,0.7202600837,-0.3419222236,0.9387097955,0.0437370837,-0.6670377851,-0.2752238214,0.6923238635,1,15.7,-157.6,2302.1,1,-0.5189037919,0.0131316595,0.8547317982,0.0012814440,0.9998928308,-0.0145838801,-0.8548316956,-0.0064723394,-0.5188649893,0,-63.5,-516.1,2407.2,1,-261.2,-287.6,2259.0,1,91.3,-238.4,2248.4,1,-30.0,-896.8,2460.3,0,-68.3,-883.2,2409.6,0,
3,0.9945942163,-0.1004182920,0.0264339931,0.0969242752,0.9891194701,0.1106707528,-0.0372597724,-0.1075102985,0.9935057759,1,-131.6,404.3,2234.7,1,0.9945942163,-0.1004182920,0.0264339931,0.0969242752,0.9891194701,0.1106707528,-0.0372597724,-0.1075102985,0.9935057759,1,-112.1,212.4,2255.6,1,0.9948697090,-0.0981364176,0.0245717335,0.0941823497,0.9871348143,0.1292061806,-0.0369354747,-0.1262289882,0.9913134575,1,-93.4,24.0,2279.7,1,0.0907255933,-0.9500703812,0.2985547483,0.9891037941,0.1208662987,0.0840531886,-0.1159416586,0.2876758575,0.9506840110,1,-246.2,199.7,2260.6,1,-0.0360950492,-0.9595745206,0.2791307271,0.9946753383,-0.0614760518,-0.0827139094,0.0965300053,0.2746588886,0.9566841125,1,-268.0,-38.4,2288.5,1,0.2822677195,0.9385368824,-0.1986799240,-0.9488919377,0.3036176562,0.0861421302,0.1411702633,0.1642106324,0.9762715101,1,21.9,225.1,2250.6,1,0.0560713187,0.9911883473,-0.1200062633,-0.9865676165,0.0365331620,-0.1592157930,-0.1534286588,0.1273217350,0.9799227715,1,86.7,7.1,2283.0,1,0.7164861560,-0.0161882937,-0.6974136829,0.2319077849,0.9483992457,0.2162356824,0.6579260826,-0.3166654706,0.6832689643,1,-163.0,-172.8,2307.1,1,-0.1974305362,-0.0376349315,-0.9795941114,0.1340021491,0.9888470769,-0.0649976507,0.9711149335,-0.1441002637,-0.1901854724,0,-156.8,-535.0,2428.0,1,0.6348854899,0.3327009380,0.6973024011,-0.4366343915,0.8990899324,-0.0314286165,-0.6373938918,-0.2845125794,0.7160878181,1,13.7,-156.1,2300.5,1,-0.4811227918,0.2397103459,0.8432435989,-0.0201322809,0.9586147070,-0.2839938104,-0.8764219880,-0.1536123157,-0.4563854933,1,-109.9,-490.0,2406.2,1,-259.0,-286.6,2264.4,1,100.9,-241.7,2244.3,1,-143.0,-898.0,2480.9,0,-194.4,-828.2,2460.4,1,
4,0.9947163463,-0.0985858664,0.0286423862,0.0953171998,0.9905080795,0.0990361124,-0.0381340981,-0.0957826525,0.9946717024,1,-131.8,403.8,2238.1,1,0.9947163463,-0.0985858664,0.0286423862,0.0953171998,0.9905080795,0.0990361124,-0.0381340981,-0.0957826525,0.9946717024,1,-112.6,211.6,2256.6,1,0.9949795008,-0.0964845195,0.0265853032,0.0926479325,0.9884527922,0.1199049056,-0.0378473103,-0.1168397516,0.9924295545,1,-94.2,22.9,2278.9,1,0.0940067843,-0.9490793347,0.3006845117,0.9894260764,0.1225695610,0.0775412843,-0.1104475856,0.2902157009,0.9505662918,1,-246.7,199.1,2261.7,1,-0.0449222550,-0.9583938718,0.2818923891,0.9942556620,-0.0703332499,-0.0806788206,0.0971485004,0.2766488492,0.9560478926,1,-268.9,-35.2,2287.9,1,0.2863994837,0.9376576543,-0.1969094425,-0.9487938881,0.3061509430,0.0778565705,0.1332868189,0.1645283997,0.9773254395,1,21.4,224.0,2251.5,1,0.0571950488,0.9903084040,-0.1265630871,-0.9893403053,0.0392159149,-0.1402424872,-0.1339200139,0.1332351416,0.9819948673,1,86.2,9.4,2281.7,1,0.8147152662,-0.0331193805,-0.5789147019,0.1740984023,0.9662773013,0.1897311360,0.5531083941,-0.2553649545,0.7930068970,0,-163.8,-174.0,2304.6,1,-0.0219074488,-0.0464319251,-0.9986811876,0.1286733449,0.9904819727,-0.0488733500,0.9914450645,-0.1295743436,-0.0157244205,0,-151.2,-543.0,2402.1,0,0.7605711818,0.2895580530,0.5811089277,-0.3577138186,0.9338268638,0.0028733462,-0.5418231487,-0.2100560963,0.8138207197,0,12.2,-157.6,2297.9,1,-0.2913472652,0.2379112393,0.9265609384,-0.0464676172,0.9639174342,-0.2621144652,-0.9554881454,-0.1194213778,-0.2697795630,0,-98.3,-514.2,2378.1,0,-257.7,-283.3,2263.6,1,100.7,-240.3,2247.9,1,-134.1,-906.7,2449.7,0,-185.7,-868.1,2422.0,0,
5,0.9947720170,-0.0981341824,0.0282569956,0.0946774855,0.9899576306,0.1049752086,-0.0382749103,-0.1017510071,0.9940735102,1,-130.5,404.6,2237.2,1,0.9947720170,-0.0981341824,0.0282569956,0.0946774855,0.9899576306,0.1049752086,-0.0382749103,-0.1017510071,0.9940735102,1,-111.4,211.9,2257.0,1,0.9951670170,-0.0945591778,0.0264832061,0.0906226486,0.9882371426,0.1231849715,-0.0378199853,-0.1201895475,0.9920305014,1,-93.4,23.3,2280.0,1,0.1017694920,-0.9486933947,0.2993724346,0.9894128442,0.1278244853,0.0687244162,-0.1034655198,0.2892088890,0.9516581297,1,-245.5,199.7,2262.1,1,-0.0530914702,-0.9580889940,0.2815078497,0.9942082763,-0.0770933777,-0.0748765618,0.0934408084,0.2759021223,0.9566330314,1,-269.0,-28.1,2285.9,1,0.2735745013,0.9408591986,-0.1998524219,-0.9509089589,0.2958111167,0.0909279138,0.1446689367,0.1651659012,0.9755978584,1,22.6,224.2,2251.9,1,0.0623491891,0.9902133942,-0.1248599216,-0.9876502752,0.0431977957,-0.1506019682,-0.1437344253,0.1327078491,0.9806778431,1,85.2,6.8,2285.0,1,0.8798249960,-0.0394522399,-0.4736576676,0.1308907270,0.9781275988,0.1616602391,0.4569197893,-0.2042301148,0.8657450080,0,-162.7,-173.3,2306.2,1,0.1368510723,-0.0520375818,-0.9892238379,0.1215023696,0.9919606447,-0.0353726894,0.9831118584,-0.1153522581,0.1420735717,0,-147.7,-546.8,2384.2,0,0.6360361576,0.3147773743,0.7045376301,-0.4418900609,0.8970673084,-0.0018714033,-0.6326067448,-0.3101378679,0.7096642256,1,12.0,-157.4,2299.6,1,-0.4958258271,0.1749630570,0.8506142497,-0.0110441968,0.9781445861,-0.2076324821,-0.8683517575,-0.1123438999,-0.4830569923,0,-108.2,-500.0,2418.0,1,-255.9,-273.3,2262.9,1,100.9,-242.7,2248.7,1,-128.6,-911.0,2426.6,0,-172.4,-859.1,2459.3,0,
6,0.9950785637,-0.0969461352,0.0205006097,0.0943991467,0.9903632998,0.1013362706,-0.0301272310,-0.0989022106,0.9946411848,1,-130.4,407.7,2237.3,1,0.9950785637,-0.0969461352,0.0205006097,0.0943991467,0.9903632998,0.1013362706,-0.0301272310,-0.0989022106,0.9946411848,1,-111.4,214.1,2256.6,1,0.9954379201,-0.0936050937,0.0184821244,0.0906674191,0.9883433580,0.1222964525,-0.0297142789,-0.1200627014,0.9923217297,1,-93.6,25.4,2279.6,1,0.1057752371,-0.9502249360,0.2930602431,0.9875554442,0.1348768473,0.0808858126,-0.1163867489,0.2808575332,0.9526664019,1,-245.6,201.9,2260.6,1,-0.0458116792,-0.9614492059,0.2711398900,0.9937362075,-0.0715571642,-0.0858370662,0.1019299775,0.2655091882,0.9587049484,1,-269.5,-21.5,2287.0,1,0.2800168693,0.9384559393,-0.2022158653,-0.9515236020,0.2992406487,0.0711193234,0.1272535324,0.1724985540,0.9767553210,1,22.7,226.3,2252.6,1,0.0678302944,0.9868716002,-0.1465720087,-0.9928480387,0.0523019768,-0.1073181778,-0.0982432589,0.1528031528,0.9833613038,1,86.5,9.5,2281.6,1,0.7139480114,0.0245107412,-0.6997697353,0.2340861857,0.9335292578,0.2715275884,0.6599107981,-0.3576630056,0.6607534289,1,-163.1,-171.3,2305.1,1,-0.2168119997,-0.0039691464,-0.9762052894,0.0163217429,0.9998372197,-0.0076902369,0.9760769010,-0.0176007096,-0.2167119235,0,-172.4,-527.7,2441.7,1,0.6197558045,0.3831926584,0.6848841906,-0.4797320366,0.8756384850,-0.0558072478,-0.6210958958,-0.2939739525,0.7265118361,1,11.7,-155.3,2299.9,1,-0.4731959105,0.3191747963,0.8211047649,-0.0259902477,0.9265961051,-0.3751587570,-0.8805736899,-0.1988643110,-0.4301660955,1,-133.4,-486.9,2411.2,1,-258.3,-264.6,2262.0,1,103.6,-241.1,2256.8,1,-171.0,-894.8,2448.1,0,-246.8,-816.0,2481.8,1,
7,0.9962058663,-0.0859418958,0.0137101393,0.0837207213,0.9893939495,0.1187023148,-0.0237662531,-0.1171040535,0.9928354025,1,-126.6,406.5,2231.3,1,0.9962058663,-0.0859418958,0.0137101393,0.0837207213,0.9893939495,0.1187023148,-0.0237662531,-0.1171040535,0.9928354025,1,-109.9,213.9,2254.1,1,0.9964751005,-0.0829454586,0.0125531256,0.0805688202,0.9879365563,0.1322486103,-0.0233711377,-0.1307709813,0.9911372662,1,-94.1,25.3,2279.1,1,0.1089015454,-0.9518761635,0.2864826322,0.9869215488,0.1379911751,0.0833321437,-0.1188539490,0.2736608982,0.9544546008,1,-244.2,203.0,2257.3,1,-0.0501259565,-0.9631014466,0.2644294202,0.9939197898,-0.0740924627,-0.0814485103,0.0980354175,0.2587389648,0.9609594941,1,-269.5,-26.3,2284.9,1,0.2727783918,0.9390143752,-0.2093896121,-0.9514246583,0.2955892086,0.0861285329,0.1427692324,0.1757244319,0.9740318060,1,24.3,224.7,2251.0,1,0.0548189543,0.9870680571,-0.1506370008,-0.9936124086,0.0390231647,-0.1058854163,-0.0986377969,0.1554793119,0.9829021692,1,85.7,10.8,2283.1,1,0.8127983809,-0.0031624064,-0.5825365782,0.1723964512,0.9564992785,0.2353478670,0.5564515591,-0.2917175889,0.7779862285,0,-165.9,-170.4,2306.1,1,-0.0396047831,-0.0051077297,-0.9992023110,0.0156613924,0.9998609424,-0.0057318574,0.9990926385,-0.0158759095,-0.0395193100,0,-164.7,-535.6,2417.5,0,0.7504014969,0.3320975006,0.5714969635,-0.3954675496,0.9183670878,-0.0143972412,-0.5296252966,-0.2152048051,0.8204778433,0,9.4,-156.2,2302.0,1,-0.2843171358,0.3166123033,0.9049422145,-0.0610170066,0.9360072613,-0.3466515541,-0.9567866921,-0.1537758261,-0.2468041182,0,-117.4,-506.9,2384.2,0,-257.1,-271.9,2260.7,1,99.5,-240.2,2258.2,1,-162.8,-902.7,2423.3,0,-233.7,-850.6,2440.6,0,
8,0.9949195981,-0.0973184928,0.0257767923,0.0941055194,0.9899731278,0.1053421944,-0.0357701071,-0.1023812070,0.9941020608,1,-132.4,406.5,2235.3,1,0.9949195981,-0.0973184928,0.0257767923,0.0941055194,0.9899731278,0.1053421944,-0.0357701071,-0.1023812070,0.9941020608,1,-113.5,213.7,2255.3,1,0.9953334928,-0.0934855267,0.0239151008,0.0898140669,0.9881281853,0.1246427149,-0.0352835022,-0.1219130754,0.9919136167,1,-95.6,25.1,2278.6,1,0.0937482417,-0.9504035115,0.2965544462,0.9907982945,0.1182683483,0.0658126846,-0.0976215973,0.2876558006,0.9527456760,1,-247.6,201.6,2260.0,1,-0.0517036840,-0.9585747719,0.2801089883,0.9941911101,-0.0759181827,-0.0762914270,0.0943963975,0.2745373249,0.9569318891,1,-269.3,-28.0,2282.7,1,0.2777566910,0.9391475320,-0.2021215558,-0.9494247437,0.3004383147,0.0912660211,0.1464373171,0.1665494591,0.9750986695,1,20.6,225.8,2250.5,1,0.0234344769,0.9894544482,-0.1429360062,-0.9950255156,0.0092373751,-0.0991908312,-0.0968244597,0.1445494592,0.9847489595,1,84.9,6.1,2284.4,1,0.8784751892,-0.0173601396,-0.4774724245,0.1272210032,0.9717608690,0.1987352222,0.4605389237,-0.2353284806,0.8558763862,0,-164.5,-171.4,2304.9,1,0.1211264729,-0.0058552437,-0.9926198721,0.0147772245,0.9998824000,-0.0040948624,0.9925271273,-0.0141721694,0.1211987734,0,-157.8,-542.4,2394.8,0,0.6254752874,0.3663873374,0.6888692975,-0.4476953745,0.8916174769,-0.0677269176,-0.6390222311,-0.2660420537,0.7217146754,1,8.9,-155.7,2298.8,1,-0.4773622155,0.2020182014,0.8551689386,-0.0146053582,0.9712547064,-0.2375941724,-0.8785852194,-0.1259085387,-0.4606897533,0,-131.0,-496.2,2400.3,1,-256.4,-274.9,2259.2,1,90.8,-245.2,2260.0,1,-155.7,-909.5,2400.0,0,-205.1,-852.8,2446.6,0,
9,0.9939867854,-0.1026635841,0.0380876660,0.0975916535,0.9883155823,0.1170805097,-0.0496625639,-0.1126593649,0.9923919439,1,-133.6,403.6,2231.4,1,0.9939867854,-0.1026635841,0.0380876660,0.0975916535,0.9883155823,0.1170805097,-0.0496625639,-0.1126593649,0.9923919439,1,-113.7,211.2,2253.3,1,0.9946119189,-0.0971484706,0.0361858308,0.0914127156,0.9864992499,0.1358770281,-0.0488975681,-0.1318369955,0.9900648594,1,-95.1,22.9,2278.5,1,0.0940684304,-0.9469147325,0.3074146807,0.9905757904,0.1199003011,0.0662083924,-0.0995528027,0.2982894182,0.9492695928,1,-247.6,198.9,2259.9,1,-0.0467006862,-0.9561543465,0.2891156971,0.9932893515,-0.0751079619,-0.0879492760,0.1058079749,0.2830682397,0.9532455206,1,-269.5,-31.6,2283.0,1,0.2844933569,0.9396584034,-0.1900154054,-0.9461957812,0.3070988357,0.1019999236,0.1541985869,0.1507734805,0.9764682651,1,20.3,223.5,2246.7,1,0.0003561426,0.9906494617,-0.1364320368,-0.9976577759,-0.0089803198,-0.0678114593,-0.0684025884,0.1361366361,0.9883258343,1,85.0,8.4,2281.8,1,0.7250964642,0.0073313117,-0.6886082888,0.2416883856,0.9336277843,0.2644349635,0.6448424459,-0.3581694961,0.6751983166,1,-163.7,-173.4,2307.9,1,-0.2021007240,-0.0000720635,-0.9793647528,0.0035926965,0.9999933243,-0.0008149666,0.9793582559,-0.0036832655,-0.2020990849,0,-166.5,-529.9,2444.7,1,0.6494663954,0.2558337450,0.7160605192,-0.3722119927,0.9281284213,0.0059946980,-0.6630625129,-0.2704196870,0.6980126500,1,10.6,-157.4,2299.3,1,-0.5020732284,0.0996812880,0.8590611815,-0.0037068836,0.9930779338,-0.1173984259,-0.8648171425,-0.0621270426,-0.4982283711,0,-87.1,-511.8,2402.6,1,-257.9,-278.9,2256.7,1,85.1,-243.5,2264.5,1,-166.5,-897.1,2446.0,0,-123.7,-876.4,2425.4,0,
10,0.9956848025,-0.0874222666,0.0311323162,0.0827375129,0.9882079959,0.1288374364,-0.0420284905,-0.1257055998,0.9911771417,1,-129.8,404.9,2228.4,1,0.9956848025,-0.0874222666,0.0311323162,0.0827375129,0.9882079959,0.1288374364,-0.0420284905,-0.1257055998,0.9911771417,1,-112.8,213.0,2252.8,1,0.9957780242,-0.0867079496,0.0301342141,0.0816808417,0.9867540598,0.1401577890,-0.0418878756,-0.1371045709,0.9896707535,1,-96.2,24.7,2279.0,1,0.0945301428,-0.9487219453,0.3016464710,0.9897088408,0.1222570613,0.0743607208,-0.1074260622,0.2915128469,0.9505155683,1,-246.9,202.0,2258.4,1,-0.0492381901,-0.9582930803,0.2815137506,0.9926334620,-0.0781900361,-0.0925478637,0.1106995419,0.2748830616,0.9550837278,1,-269.5,-34.4,2284.1,1,0.2783008814,0.9412575960,-0.1912662387,-0.9497775435,0.2993476689,0.0911780521,0.1430771202,0.1562854499,0.9772942066,1,21.4,224.0,2247.1,1,-0.0113048935,0.9892463088,-0.1458213329,-0.9981679916,-0.0198325887,-0.0571599044,-0.0594372340,0.1449079961,0.9876583219,1,85.1,6.7,2279.9,1,0.7224251032,0.0004194677,-0.6914491653,0.2241522223,0.9458541274,0.2347677499,0.6541085243,-0.3245919943,0.6832146645,1,-167.2,-170.9,2308.8,1,-0.2036754489,-0.0000360009,-0.9790384769,0.0017951911,0.9999983311,-0.0004102363,0.9790368676,-0.0018411162,-0.2036750317,0,-167.3,-532.0,2432.7,1,0.6679829955,0.1866451204,0.7203904390,-0.3276980817,0.9429030418,0.0595628582,-0.6681411266,-0.2758575380,0.6910064816,1,7.8,-156.5,2301.4,1,-0.5120197535,0.0492458045,0.8575608134,-0.0011510924,0.9983149767,-0.0580159537,-0.8589728475,-0.0306924470,-0.5111003518,0,-63.5,-516.6,2406.8,1,-257.2,-281.9,2256.5,1,82.2,-245.5,2264.9,1,-167.3,-899.2,2433.4,0,-81.6,-883.1,2418.0,0,
11,0.9965205789,-0.0829770118,-0.0078537716,0.0832827687,0.9875844717,0.1331937313,-0.0032957674,-0.1333843023,0.9910591245,1,-128.0,405.1,2226.9,1,0.9965205789,-0.0829770118,-0.0078537716,0.0832827687,0.9875844717,0.1331937313,-0.0032957674,-0.1333843023,0.9910591245,1,-111.9,213.3,2252.8,1,0.9966440201,-0.0813968852,-0.0086835604,0.0818005800,0.9863133430,0.1431583166,-0.0030879416,-0.1433881223,0.9896619320,1,-96.4,25.0,2280.1,1,0.0987310261,-0.9588921070,0.2660421431,0.9870640039,0.1283051223,0.0961385369,-0.1263210326,0.2531087697,0.9591554403,1,-246.1,202.3,2253.2,1,-0.0446332693,-0.9696258307,0.2404858768,0.9917773604,-0.0719087571,-0.1058620512,0.1199396253,0.2337834835,0.9648625255,1,-269.5,-31.8,2283.1,1,0.2704415321,0.9370185137,-0.2210375220,-0.9546017647,0.2907760441,0.0646883547,0.1248865873,0.1935083866,0.9731176496,1,22.3,224.3,2252.4,1,-0.0118527971,0.9831532836,-0.1823980063,-0.9975843430,-0.0241128542,-0.0651458204,-0.0684464648,0.1811852306,0.9810642004,1,84.2,5.5,2281.0,1,0.6957764626,-0.0065420121,-0.7182285786,0.2212010175,0.9533085823,0.2056030333,0.6833484173,-0.3019266129,0.6647369266,1,-168.6,-170.5,2307.8,1,-0.2399404794,-0.0000179979,-0.9707875848,0.0008892217,0.9999996424,-0.0002383200,0.9707872272,-0.0009204280,-0.2399403453,0,-166.1,-534.5,2423.1,1,0.6706988215,0.2995553911,0.6785498857,-0.3942387104,0.9188695550,-0.0159705915,-0.6282828450,-0.2567991316,0.7343808413,1,6.9,-156.1,2307.2,1,-0.4483477771,0.2352404594,0.8623492718,-0.0171464235,0.9623075128,-0.2714227438,-0.8936948180,-0.1364779919,-0.4274148643,1,-106.2,-503.3,2404.3,1,-258.4,-279.3,2253.2,1,81.3,-246.5,2263.7,1,-166.1,-901.6,2423.4,0,-190.0,-845.8,2452.8,1,
12,0.9960817099,-0.0820101202,-0.0331014991,0.0857647136,0.9870923758,0.1352506429,0.0215823129,-0.1375595480,0.9902585745,1,-126.0,407.3,2225.6,1,0.9960817099,-0.0820101202,-0.0331014991,0.0857647136,0.9870923758,0.1352506429,0.0215823129,-0.1375595480,0.9902585745,1,-110.0,214.9,2252.4,1,0.9961770177,-0.0806512162,-0.0335684158,0.0846081823,0.9863994718,0.1409155279,0.0217468552,-0.1432168931,0.9894526005,1,-94.6,26.6,2279.8,1,0.1070923507,-0.9637387395,0.2444156408,0.9831796885,0.1392309964,0.1182054952,-0.1479494423,0.2276455909,0.9624388218,1,-244.1,203.5,2249.5,1,-0.0479306765,-0.9758920670,0.2129260600,0.9909198880,-0.0732665882,-0.1127377972,0.1256202757,0.2055890709,0.9705424905,1,-269.6,-30.4,2284.7,1,0.2571397424,0.9358962774,-0.2407849580,-0.9601852298,0.2755891085,0.0457711630,0.1091947630,0.2194285691,0.9694986939,1,24.1,226.3,2255.4,1,-0.0194391385,0.9769223928,-0.2127077729,-0.9980117679,-0.0317173600,-0.0544639714,-0.0599536039,0.2112261355,0.9755967855,1,84.0,2.8,2280.8,1,0.6539964080,-0.2107587010,-0.7265462875,0.3359105587,0.9414389729,0.0292725302,0.6778295040,-0.2631986737,0.6864936948,1,-166.9,-169.2,2305.2,1,-0.2153278589,-0.2088832855,-0.9539400935,0.0640934110,0.9717261195,-0.2272453308,0.9744362831,-0.1100735217,-0.1958516389,1,-88.2,-521.0,2403.6,1,0.7846120596,0.2592893839,0.5631634593,-0.3212194443,0.9469344020,0.0115465894,-0.5302849412,-0.1899585724,0.8262649775,0,8.5,-154.3,2309.0,1,-0.2592555285,0.2315314710,0.9376460910,-0.0419112369,0.9672285318,-0.2504245341,-0.9648992419,-0.1042217687,-0.2410554886,0,-90.5,-515.9,2381.6,0,-257.6,-277.7,2253.4,1,79.1,-249.4,2265.6,1,-13.7,-867.6,2442.8,1,-175.5,-871.0,2419.8,0,
13,0.9953326583,-0.0912338719,-0.0314546153,0.0946287364,0.9866353869,0.1326483488,0.0189322121,-0.1350056976,0.9906641841,1,-127.4,407.7,2225.5,1,0.9953326583,-0.0912338719,-0.0314546153,0.0946287364,0.9866353869,0.1326483488,0.0189322121,-0.1350056976,0.9906641841,1,-109.7,215.5,2251.8,1,0.9956776500,-0.0871637613,-0.0320709497,0.0908135250,0.9860540032,0.1394636631,0.0194675066,-0.1417732686,0.9897079468,1,-93.0,27.3,2278.9,1,0.1086878181,-0.9632717371,0.2455493808,0.9834955931,0.1401420087,0.1144407392,-0.1446493268,0.2290584147,0.9626051784,1,-243.8,203.3,2249.2,1,-0.0483497977,-0.9747140408,0.2181627303,0.9936579466,-0.0691376626,-0.0886782408,0.1015191749,0.2124915570,0.9718751311,1,-269.4,-28.5,2283.3,1,0.2571665049,0.9362708926,-0.2392951846,-0.9603003263,0.2752965093,0.0451116823,0.1081138700,0.2181940377,0.9698983431,1,24.4,227.8,2254.4,1,-0.0360416993,0.9761614203,-0.2140324861,-0.9978665709,-0.0468192734,-0.0454994366,-0.0544356331,0.2119359970,0.9757663608,1,84.3,4.3,2279.6,1,0.7733567357,-0.1884282231,-0.6053215861,0.2704066336,0.9616406560,0.0461251587,0.5734105706,-0.1993541420,0.7946435213,0,-163.1,-168.9,2304.2,1,-0.0385298729,-0.2016457021,-0.9787004590,0.0779189393,0.9758391976,-0.2041237503,0.9962149262,-0.0841241628,-0.0218869448,0,-91.2,-536.1,2380.4,0,0.6442820430,0.4337764978,0.6298720837,-0.4763461351,0.8719357848,-0.1132356972,-0.5983270407,-0.2270813286,0.7684003711,1,10.3,-153.1,2307.6,1,-0.4159380794,0.1628099084,0.8947002292,-0.0158205852,0.9823990464,-0.1861234307,-0.9092553854,-0.0915705040,-0.4060413837,0,-155.3,-486.0,2394.3,1,-257.3,-276.5,2257.9,1,75.2,-247.8,2265.8,1,-17.1,-894.4,2411.2,0,-215.1,-846.7,2428.0,0,
14,0.9937259555,-0.1101731658,-0.0192522798,0.1118324772,0.9811301827,0.1577241719,0.0015120115,-0.1588876098,0.9872957468,1,-130.9,400.3,2219.4,1,0.9937259555,-0.1101731658,-0.0192522798,0.1118324772,0.9811301827,0.1577241719,0.0015120115,-0.1588876098,0.9872957468,1,-109.4,208.6,2250.5,1,0.9943872690,-0.1040552035,-0.0191459097,0.1057726964,0.9819580317,0.1567494571,0.0024898732,-0.1578947306,0.9874530435,1,-89.6,21.2,2280.6,1,0.1141745001,-0.9599996805,0.2556654513,0.9831972122,0.1460854560,0.1094630957,-0.1424335241,0.2388716638,0.9605483413,1,-243.3,194.3,2250.1,1,-0.0601050928,-0.9715519547,0.2290723324,0.9934931397,-0.0804666281,-0.0806012303,0.0967409760,0.2227372378,0.9700666070,1,-269.3,-29.1,2282.5,1,0.2668406367,0.9367383718,-0.2265331447,-0.9556227326,0.2876242101,0.0636977479,0.1248245314,0.1994830817,0.9719184041,1,24.5,222.8,2250.8,1,-0.0469908044,0.9785573483,-0.2005429566,-0.9982365370,-0.0532939360,-0.0261451639,-0.0362722650,0.1989607215,0.9793360233,1,85.1,6.0,2279.1,1,0.6203200817,-0.3932216465,-0.6786602736,0.4462213516,0.8885092735,-0.1069475263,0.6450499892,-0.2364909500,0.7266240716,1,-156.8,-175.5,2310.5,1,-0.1946726739,-0.1602514833,-0.9676890373,0.0470068976,0.9839059114,-0.1723935455,0.9797412753,-0.0790483654,-0.1840066761,0,-6.7,-514.8,2400.8,1,0.6102504134,0.5008548498,0.6137903929,-0.5237415433,0.8363771439,-0.1617653519,-0.5943812132,-0.2227502167,0.7727181315,1,17.4,-157.0,2310.9,1,-0.4051973224,0.0806009546,0.9106693864,-0.0088220052,0.9957149625,-0.0920534357,-0.9141867161,-0.0453337282,-0.4027499855,0,-173.8,-476.4,2396.0,1,-254.3,-277.0,2258.3,1,73.2,-246.3,2270.0,1,52.2,-876.0,2429.8,0,-203.4,-841.9,2412.6,0,
15,0.9937082529,-0.1118823066,-0.0051297667,0.1114415154,0.9831483960,0.1449129283,-0.0111698825,-0.1445727944,0.9894313812,1,-131.3,401.2,2222.9,1,0.9937082529,-0.1118823066,-0.0051297667,0.1114415154,0.9831483960,0.1449129283,-0.0111698825,-0.1445727944,0.9894313812,1,-109.5,209.6,2251.1,1,0.9940983653,-0.1083215922,-0.0059076156,0.1079590619,0.9824888110,0.1518563479,-0.0106451670,-0.1515978873,0.9883851409,1,-88.8,22.1,2280.0,1,0.0889106095,-0.9594925642,0.2673365474,0.9887430668,0.1174486279,0.0926971436,-0.1203405112,0.2560853958,0.9591342211,1,-243.4,195.1,2252.5,1,-0.0562443249,-0.9672100544,0.2476717532,0.9935770035,-0.0786183327,-0.0813874677,0.0981903151,0.2415033877,0.9654195309,1,-264.7,-41.5,2281.3,1,0.2826198637,0.9359674454,-0.2099789232,-0.9532849193,0.2983936369,0.0470021702,0.1066488698,0.1868859977,0.9765754938,1,24.4,224.2,2249.6,1,-0.0710920915,0.9771494269,-0.2003120333,-0.9974696040,-0.0695456862,0.0147553692,0.0004873618,0.2008541673,0.9796210527,1,89.2,5.5,2274.1,1,0.6150596142,-0.4328979850,-0.6590151787,0.4705324769,0.8721828461,-0.1337765306,0.6326933503,-0.2278074622,0.7401371002,1,-155.5,-175.0,2309.9,1,-0.1888971478,-0.0793434605,-0.9787861705,0.0235271528,0.9960786700,-0.0852857754,0.9817149043,-0.0391382985,-0.1862897128,0,9.8,-508.0,2396.9,1,0.5774180293,0.5545675159,0.5992024541,-0.5509176850,0.8062974811,-0.2153473347,-0.6025600433,-0.2057657540,0.7710916400,1,19.1,-156.0,2308.0,1,-0.3380567431,0.0399693325,0.9402766824,-0.0076518999,0.9989479780,-0.0452144220,-0.9410946965,-0.0224799402,-0.3373952806,0,-192.6,-463.9,2386.6,1,-250.7,-289.5,2256.8,1,71.3,-246.4,2274.2,1,38.9,-873.7,2411.2,0,-207.3,-830.6,2394.8,0,
16,0.9942157865,-0.1040359885,-0.0266747363,0.1071897522,0.9767473936,0.1856737137,0.0067377235,-0.1874589324,0.9822495580,1,-129.3,417.1,2211.6,1,0.9942157865,-0.1040359885,-0.0266747363,0.1071897522,0.9767473936,0.1856737137,0.0067377235,-0.1874589324,0.9822495580,1,-109.1,226.6,2248.2,1,0.9946922064,-0.0996777713,-0.0255294871,0.1026149839,0.9792639017,0.1746772677,0.0075886566,-0.1763697863,0.9842949510,1,-90.0,39.7,2281.8,1,0.0846233815,-0.9652259946,0.2473412752,0.9876880050,0.1140349656,0.1070909798,-0.1315725446,0.2352336198,0.9629921317,1,-243.0,212.8,2247.2,1,-0.0636044294,-0.9712924361,0.2292282730,0.9947882295,-0.0800480098,-0.0631557480,0.0796919614,0.2240166068,0.9713217020,1,-264.7,-39.9,2280.8,1,0.2677293122,0.9377043843,-0.2214304209,-0.9581854343,0.2832193077,0.0408328846,0.1010025367,0.2012392431,0.9743209481,1,24.9,240.4,2249.2,1,-0.0738260671,0.9739593863,-0.2143666148,-0.9972711802,-0.0721170008,0.0157934334,-0.0000773149,0.2149476111,0.9766256213,1,89.2,10.3,2273.5,1,0.5965543389,-0.4584979415,-0.6587128043,0.4883042574,0.8587110639,-0.1554808468,0.6369315982,-0.2288995236,0.7361543179,1,-158.5,-156.2,2314.8,1,-0.1987862438,-0.0393592454,-0.9792521596,0.0112130232,0.9990365505,-0.0424306579,0.9799787402,-0.0194150098,-0.1981533617,0,16.6,-484.1,2402.2,1,0.5814539790,0.5755499601,0.5750248432,-0.5718368888,0.7918665409,-0.2143593132,-0.5787174702,-0.2041803300,0.7895545959,1,16.5,-138.1,2316.2,1,-0.3294336498,0.0198868401,0.9439693689,-0.0040101702,0.9997396469,-0.0224612709,-0.9441702962,-0.0111849736,-0.3292681277,0,-203.3,-440.5,2394.1,1,-248.8,-288.2,2260.9,1,70.6,-241.7,2273.4,1,31.0,-850.9,2409.4,0,-210.6,-807.5,2398.2,0,
17,0.9919844866,-0.0903311744,-0.0883578584,0.1064403057,0.9741928577,0.1990437806,0.0680977553,-0.2068531364,0.9759994745,1,-124.6,429.7,2205.4,1,0.9919844866,-0.0903311744,-0.0883578584,0.1064403057,0.9741928577,0.1990437806,0.0680977553,-0.2068531364,0.9759994745,1,-107.0,239.4,2245.8,1,0.9923593998,-0.0877838135,-0.0866998285,0.1023306921,0.9781689048,0.1808696538,0.0689296573,-0.1883597225,0.9796783924,1,-90.2,52.7,2281.8,1,0.0903753340,-0.9775963426,0.1901000589,0.9818847179,0.1193840057,0.1471392661,-0.1665376723,0.1733585745,0.9706761837,1,-240.4,225.7,2236.6,1,-0.0612979457,-0.9834242463,0.1706438661,0.9971726537,-0.0677832142,-0.0324360952,0.0434652306,0.1681731343,0.9847987890,1,-263.4,-24.4,2279.0,1,0.2639372349,0.9262042642,-0.2692263126,-0.9616073370,0.2744257152,0.0013753690,0.0751564950,0.2585269809,0.9630759358,1,26.5,253.2,2255.1,1,-0.0634596869,0.9587178826,-0.2771874368,-0.9978896379,-0.0571307018,0.0308583435,0.0137485331,0.2785607278,0.9603202343,1,88.9,25.8,2272.9,1,0.5716794729,-0.4416500330,-0.6914678216,0.4409294426,0.8760959506,-0.1950307935,0.6919275522,-0.1933933794,0.6955826283,1,-160.8,-143.0,2311.7,1,-0.2310604155,-0.0195879955,-0.9727421999,0.0048761982,0.9997614622,-0.0212903470,0.9729272127,-0.0096626403,-0.2309097648,0,7.8,-477.5,2385.5,1,0.6368379593,0.5561074615,0.5340241790,-0.5390082598,0.8163782954,-0.2073560059,-0.5512779355,-0.1557911634,0.8196473122,1,13.9,-124.9,2323.8,1,-0.2660284340,0.0099171950,0.9639142752,-0.0027392874,0.9999352098,-0.0110438084,-0.9639613628,-0.0055784038,-0.2659840584,0,-198.4,-436.7,2383.3,1,-248.1,-273.1,2268.1,1,72.9,-226.3,2276.4,1,15.0,-844.6,2389.1,0,-202.1,-803.8,2385.3,0,
18,0.9937725663,-0.0793490782,-0.0782295242,0.0952459276,0.9692751765,0.2267896831,0.0578303821,-0.2328283787,0.9707971215,1,-121.8,434.2,2196.4,1,0.9937725663,-0.0793490782,-0.0782295242,0.0952459276,0.9692751765,0.2267896831,0.0578303821,-0.2328283787,0.9707971215,1,-106.3,244.7,2241.9,1,0.9937374592,-0.0815990269,-0.0763382912,0.0956700370,0.9742949605,0.2039516568,0.0577337593,-0.2099776566,0.9760003090,1,-90.8,58.8,2282.0,1,0.1025412902,-0.9743844271,0.2001510710,0.9761158824,0.1373066753,0.1683593243,-0.1915287971,0.1781068593,0.9651915431,1,-240.1,231.8,2234.1,1,-0.0739397034,-0.9815236330,0.1764766723,0.9965623617,-0.0793522522,-0.0238025952,0.0373666398,0.1741100550,0.9840168953,1,-265.5,-10.0,2281.6,1,0.2591040432,0.9291877747,-0.2635820508,-0.9597924948,0.2782207429,0.0373057947,0.1079980507,0.2433179915,0.9639154077,1,27.4,257.6,2249.7,1,-0.0466104075,0.9650641680,-0.2578345835,-0.9989037514,-0.0439087376,0.0162296370,0.0043414501,0.2583084106,0.9660527706,1,87.5,35.1,2274.7,1,0.6398245096,-0.2066836208,-0.7402073145,0.2714685798,0.9618495703,-0.0339180082,0.7189782858,-0.1792413890,0.6715229750,1,-162.7,-135.6,2317.0,1,-0.2271057665,-0.0097694835,-0.9738211036,0.0024744037,0.9999407530,-0.0106085744,0.9738670588,-0.0048188949,-0.2270680964,0,-83.8,-502.8,2385.4,1,0.7301387191,0.2907404602,0.6183586121,-0.3199434280,0.9450938702,-0.0665857792,-0.6037660837,-0.1492229253,0.7830701470,1,12.3,-118.7,2327.1,1,-0.2934071720,0.0049518268,0.9559747577,-0.0012099176,0.9999839067,-0.0055511352,-0.9559868574,-0.0027853935,-0.2933964133,0,-98.7,-479.6,2384.1,1,-247.0,-258.7,2272.3,1,75.7,-217.3,2275.8,1,-80.2,-870.0,2387.2,0,-100.5,-846.7,2385.1,0,
19,0.9943162203,-0.0604881942,-0.0876154006,0.0780781582,0.9737472534,0.2138221562,0.0723815411,-0.2194476575,0.9729357362,1,-114.8,451.8,2198.9,1,0.9943162203,-0.0604881942,-0.0876154006,0.0780781582,0.9737472534,0.2138221562,0.0723815411,-0.2194476575,0.9729357362,1,-103.0,261.6,2241.7,1,0.9944189787,-0.0605839789,-0.0863739029,0.0764211789,0.9780582786,0.1938079894,0.0727370605,-0.1993271112,0.9772299528,1,-91.4,74.9,2279.8,1,0.1038801968,-0.9761410356,0.1906767637,0.9772291780,0.1358374059,0.1630073190,-0.1850191802,0.1694016606,0.9680242538,1,-236.8,251.3,2232.0,1,-0.0686726719,-0.9833563566,0.1682091057,0.9971253872,-0.0730656534,-0.0200602598,0.0320166945,0.1663479656,0.9855471849,1,-264.2,-5.7,2280.6,1,0.2397757471,0.9299245477,-0.2788332105,-0.9645519257,0.2607944608,0.0403215438,0.1102141365,0.2592809796,0.9594927430,1,30.9,271.8,2251.5,1,-0.0344062410,0.9632166624,-0.2665145695,-0.9992509484,-0.0378824286,-0.0079114540,-0.0177166611,0.2660427094,0.9637984037,1,87.8,43.0,2277.7,1,0.7640014887,-0.1795698702,-0.6197230220,0.2220190167,0.9750025868,-0.0088075399,0.6058130860,-0.1308612674,0.7847713232,0,-169.2,-118.6,2311.3,1,-0.0490953922,-0.0093970420,-0.9987497330,0.0031602262,0.9999492764,-0.0095636742,0.9987889528,-0.0036258092,-0.0490632057,0,-100.6,-490.9,2361.3,0,0.7550190091,0.1889149696,0.6278992891,-0.2232370079,0.9744499326,-0.0247491915,-0.6165318489,-0.1214842275,0.7779011130,1,9.5,-104.9,2324.4,1,-0.2863458991,0.0024741935,0.9581230879,-0.0006252984,0.9999959469,-0.0027692006,-0.9581260681,-0.0013920621,-0.2863432169,0,-62.6,-476.9,2370.7,1,-247.0,-254.6,2272.6,1,79.1,-209.4,2273.2,1,-97.2,-858.0,2362.6,0,-63.5,-844.1,2371.3,0,
20,0.9936717749,-0.0522793382,-0.0994147807,0.0731507540,0.9728520513,0.2195620835,0.0852373242,-0.2254448831,0.9705202579,1,-112.0,462.4,2195.6,1,0.9936717749,-0.0522793382,-0.0994147807,0.0731507540,0.9728520513,0.2195620835,0.0852373242,-0.2254448831,0.9705202579,1,-101.7,272.2,2239.7,1,0.9935889244,-0.0557672568,-0.0983412266,0.0746450275,0.9769094586,0.2001892775,0.0849064812,-0.2062465101,0.9748095274,1,-91.1,85.8,2279.1,1,0.1231768504,-0.9760420918,0.1793582439,0.9725219607,0.1547028124,0.1739772558,-0.1975563467,0.1529998630,0.9682781696,1,-235.6,262.2,2228.3,1,-0.0468569212,-0.9872698784,0.1519961953,0.9985752702,-0.0501855724,-0.0181355625,0.0255327076,0.1509298533,0.9882147312,1,-266.7,16.5,2278.2,1,0.2355943769,0.9267472625,-0.2926342785,-0.9635487795,0.2620163560,0.0540479161,0.1267637312,0.2692340016,0.9546957612,1,32.1,282.3,2251.1,1,-0.0197840650,0.9616841078,-0.2734449804,-0.9994268417,-0.0265365969,-0.0210173931,-0.0274683945,0.2728724480,0.9616579413,1,88.6,51.0,2281.6,1,0.8466789722,-0.1518425047,-0.5099789500,0.1794203818,0.9837599397,0.0049706176,0.5009420514,-0.0957091376,0.8601725101,0,-168.8,-107.3,2310.9,1,0.1126363277,-0.0088838842,-0.9935964346,0.0036085537,0.9999570847,-0.0085316813,0.9936295748,-0.0026244714,0.1126635075,0,-110.8,-483.0,2347.4,0,0.7480075955,0.2744834125,0.6042710543,-0.3013132513,0.9516792297,-0.0593039095,-0.5913500786,-0.1377151012,0.7945688963,1,7.9,-94.1,2326.0,1,-0.2658620775,0.1816090047,0.9467499256,-0.0276779234,0.9802516699,-0.1958077848,-0.9636136293,-0.0782619417,-0.2555851638,1,-93.8,-446.9,2377.0,1,-255.0,-232.7,2271.8,1,83.6,-201.5,2274.6,1,-107.6,-850.1,2348.4,0,-159.2,-799.7,2405.2,1,
21,0.9939937592,-0.0497405827,-0.0974793732,0.0695965961,0.9747220278,0.2123041749,0.0844551846,-0.2178132385,0.9723297358,1,-109.5,460.3,2197.0,1,0.9939937592,-0.0497405827,-0.0974793732,0.0695965961,0.9747220278,0.2123041749,0.0844551846,-0.2178132385,0.9723297358,1,-99.7,269.5,2239.6,1,0.9938588142,-0.0541721173,-0.0964877382,0.0721320286,0.9784121513,0.1936654747,0.0839135274,-0.1994359791,0.9763115048,1,-89.4,82.8,2277.7,1,0.1406552792,-0.9733642936,0.1810474843,0.9711076617,0.1712443084,0.1662087142,-0.1927849650,0.1524384618,0.9693278670,1,-233.6,259.8,2228.3,1,-0.0361670367,-0.9874274731,0.1538798958,0.9992918372,-0.0373337567,-0.0046981475,0.0103839934,0.1536010057,0.9880784154,1,-267.1,28.4,2274.3,1,0.2218801826,0.9280129075,-0.2992681563,-0.9629104137,0.2568641901,0.0826098621,0.1535342783,0.2698389292,0.9505863190,1,34.2,279.3,2250.9,1,0.0087273493,0.9637664557,-0.2666048408,-0.9988337159,-0.0042591188,-0.0480935276,-0.0474864282,0.2667136490,0.9626052976,1,85.9,54.8,2286.7,1,0.9009307027,-0.1261913776,-0.4152103662,0.1440109909,0.9895063639,0.0117452759,0.4093711376,-0.0703765303,0.9096496105,0,-167.0,-110.4,2308.3,1,0.2557928562,-0.0082892329,-0.9666961432,0.0038649603,0.9999639988,-0.0075518098,0.9667239189,-0.0018045430,0.2558156848,0,-118.8,-488.2,2335.2,0,0.8361278772,0.2292446792,0.4983342588,-0.2466922402,0.9685767293,-0.0316550918,-0.4899317324,-0.0964675248,0.8664068580,0,8.9,-97.6,2323.2,1,-0.0853527784,0.1742537916,0.9809945822,-0.0422729477,0.9830676913,-0.1783000380,-0.9954535961,-0.0566879548,-0.0765413046,0,-78.6,-467.4,2360.0,0,-258.1,-221.0,2271.7,1,88.1,-197.5,2274.7,1,-115.8,-855.4,2335.9,0,-142.6,-828.4,2380.8,0,
22,0.9932732582,-0.0542702936,-0.1022873893,0.0745119154,0.9757403135,0.2058604658,0.0886338502,-0.2120973170,0.9732210040,1,-109.0,456.4,2198.2,1,0.9932732582,-0.0542702936,-0.1022873893,0.0745119154,0.9757403135,0.2058604658,0.0886338502,-0.2120973170,0.9732210040,1,-98.4,265.9,2239.6,1,0.9933725595,-0.0541105568,-0.1014038548,0.0727207810,0.9791017175,0.1899241656,0.0890078098,-0.1960396171,0.9765481949,1,-88.1,79.0,2277.0,1,0.1514814645,-0.9726292491,0.1761983633,0.9699926376,0.1805665642,0.1628187150,-0.1901777387,0.1462471038,0.9707957506,1,-232.2,256.1,2227.6,1,-0.0191678517,-0.9886985421,0.1486870944,0.9998126626,-0.0193539020,0.0001956336,0.0026842526,0.1486629993,0.9888843298,1,-267.9,28.0,2272.3,1,0.2355839461,0.9230775833,-0.3040199280,-0.9593605995,0.2708820403,0.0790578052,0.1553300023,0.2730399966,0.9493797421,1,35.4,275.7,2251.6,1,0.0116928890,0.9636800289,-0.2668036819,-0.9981637001,-0.0046108598,-0.0603994951,-0.0594359823,0.2670200169,0.9618563652,1,90.4,51.9,2287.8,1,0.9362065792,-0.1036854386,-0.3358072937,0.1151599735,0.9932428598,0.0143793970,0.3320472538,-0.0521336421,0.9418209791,0,-165.5,-114.4,2306.6,1,0.3800776601,-0.0076571838,-0.9249230623,0.0039717783,0.9999700189,-0.0066463593,0.9249461889,-0.0011474548,0.3800966740,0,-125.9,-493.6,2326.5,0,0.7253447175,0.3618703187,0.5855981112,-0.3836916089,0.9188143015,-0.0925258398,-0.5715382099,-0.1575759053,0.8053036332,1,10.0,-101.5,2322.3,1,-0.2687895000,0.3400119543,0.9011904001,-0.0500640050,0.9294257760,-0.3655970991,-0.9618969560,-0.1433858573,-0.2327975333,1,-126.9,-449.1,2381.9,1,-263.1,-221.5,2271.6,1,93.3,-200.3,2272.8,1,-123.1,-860.8,2326.9,0,-250.4,-786.8,2434.0,1,
23,0.9936450720,-0.0590321310,-0.0958352536,0.0789113045,0.9724973440,0.2191385329,0.0802633241,-0.2253084034,0.9709759355,1,-111.1,445.1,2192.8,1,0.9936450720,-0.0590321310,-0.0958352536,0.0789113045,0.9724973440,0.2191385329,0.0802633241,-0.2253084034,0.9709759355,1,-99.6,255.3,2236.8,1,0.9937176704,-0.0595548488,-0.0947528109,0.0777179003,0.9764313698,0.2013490647,0.0805283114,-0.2074481100,0.9749260545,1,-88.2,68.9,2276.4,1,0.1522790641,-0.9713740945,0.1823286116,0.9678577781,0.1839246750,0.1715317667,-0.2001562119,0.1503474712,0.9681597352,1,-233.5,244.8,2225.9,1,-0.0156568456,-0.9882363677,0.1521312445,0.9998553395,-0.0164853744,-0.0041862717,0.0066449651,0.1520436853,0.9883515239,1,-268.1,25.0,2271.4,1,0.2777307630,0.9127943516,-0.2994532287,-0.9427001476,0.3189511299,0.0979114547,0.1848839372,0.2551015913,0.9490739107,1,34.3,265.8,2247.6,1,-0.0167671107,0.9684615135,-0.2485983670,-0.9975433350,-0.0331164487,-0.0617304370,-0.0680162534,0.2469526082,0.9666375518,1,98.6,47.6,2290.4,1,0.9590122104,-0.0845430717,-0.2704589367,0.0919155553,0.9956585169,0.0146865714,0.2680431008,-0.0389439836,0.9626194835,0,-164.5,-124.3,2308.9,1,0.4864058495,-0.0070191370,-0.8737047911,0.0039658472,0.9999751449,-0.0058257114,0.8737239838,-0.0006313191,0.4864216447,0,-132.2,-504.5,2323.7,0,0.8211220503,0.3019942641,0.4843119383,-0.3162060976,0.9471252561,-0.0544744246,-0.4751550555,-0.1084122211,0.8731978536,0,10.8,-110.6,2323.1,1,-0.0890122652,0.3268766999,0.9408656955,-0.0780120343,0.9394256473,-0.3337568045,-0.9929706454,-0.1031073034,-0.0581200123,0,-104.5,-472.3,2364.5,0,-264.1,-224.6,2269.7,1,94.3,-204.4,2273.2,1,-129.6,-871.7,2324.0,0,-224.5,-817.2,2402.3,0,
