1,0.9806365967,-0.0793510303,-0.1790361553,0.1204175204,0.9652987123,0.2317320108,0.1544351131,-0.2488043606,0.9561619759,1,21.6,380.8,2050.4,1,0.9806365967,-0.0793510303,-0.1790361553,0.1204175204,0.9652987123,0.2317320108,0.1544351131,-0.2488043606,0.9561619759,1,36.9,194.7,2098.4,1,0.9807102084,-0.0825077891,-0.1771966964,0.1195375100,0.9704247713,0.2097334713,0.1546513736,-0.2268697619,0.9615677595,1,52.3,13.9,2140.7,1,0.2141482234,-0.9624127746,0.1670397222,0.9589811563,0.2396600246,0.1513876468,-0.1857301444,0.1277685463,0.9742584825,1,-88.2,179.5,2078.7,1,-0.1573009491,-0.9794904590,0.1259163469,0.9866495132,-0.1613205224,-0.0223241989,0.0421792269,0.1207236871,0.9917896986,1,-138.8,-47.0,2122.6,1,0.2733488679,0.9213343859,-0.2764478624,-0.9560014606,0.2920256555,0.0279666055,0.1064964458,0.2566398978,0.9606220126,1,162.0,210.0,2118.1,1,-0.0832923502,0.9628704190,-0.2567938566,-0.9945970178,-0.0963462219,-0.0386559181,-0.0619617552,0.2521866560,0.9656928182,1,228.2,-21.8,2144.0,1,0.9999333024,-0.0108577749,-0.0039298227,0.0108675761,0.9999378920,0.0024812873,0.0039026374,-0.0025238297,0.9999892116,0,-16.7,-177.3,2169.7,1,0.9988635778,-0.0389316529,-0.0274938736,0.0390852094,0.9992229939,0.0050697150,0.0272751395,-0.0061385576,0.9996091127,0,-12.7,-550.0,2170.6,0,0.9999588132,0.0087202201,-0.0025184352,-0.0087189348,0.9999618530,0.0005210196,0.0025228828,-0.0004990400,0.9999967217,0,152.0,-156.7,2196.3,1,0.9971424937,0.0726148784,-0.0208304599,-0.0725259036,0.9973540306,0.0049967933,0.0211381838,-0.0034717675,0.9997705221,0,148.7,-529.4,2196.5,0,-99.1,-296.3,2111.9,1,207.4,-271.0,2128.4,1,1.3,-908.1,2172.8,0,122.7,-886.9,2197.7,0,
2,0.9772681594,-0.0775475055,-0.1973118186,0.1259220093,0.9610659480,0.2459625453,0.1705558151,-0.2652176917,0.9489835501,1,21.8,388.1,2046.0,1,0.9772681594,-0.0775475055,-0.1973118186,0.1259220093,0.9610659480,0.2459625453,0.1705558151,-0.2652176917,0.9489835501,1,36.8,202.1,2097.3,1,0.9774471521,-0.0813068375,-0.1948971152,0.1237479374,0.9683790207,0.2166335285,0.1711204350,-0.2358663082,0.9566003680,1,51.9,21.6,2141.3,1,0.2024161369,-0.9677169323,0.1501729339,0.9601974487,0.2262606770,0.1637897193,-0.1924802810,0.1110419780,0.9749980569,1,-87.9,186.3,2075.5,1,-0.1699881107,-0.9791820049,0.1109356433,0.9849528074,-0.1723847985,-0.0123118544,0.0311791673,0.1071735024,0.9937513471,1,-137.3,-47.9,2122.4,1,0.2704068124,0.9184306860,-0.2887305021,-0.9576323628,0.2874596715,0.0175301656,0.0990986302,0.2717573941,0.9572498798,1,161.4,217.9,2119.1,1,-0.0787738487,0.9591119885,-0.2718432844,-0.9948205352,-0.0932030901,-0.0405614935,-0.0642396584,0.2672400773,0.9614862800,1,228.4,-19.4,2143.7,1,0.9999573231,-0.0086870864,-0.0031417136,0.0086933598,0.9999602437,0.0019884524,0.0031243146,-0.0020156796,0.9999930859,0,-17.0,-169.5,2170.5,1,0.9990794659,-0.0350480378,-0.0247365031,0.0351724252,0.9993706346,0.0046112034,0.0245593209,-0.0054770010,0.9996833801,0,-13.7,-542.2,2171.2,0,0.9999736547,0.0069761127,-0.0020151155,-0.0069752904,0.9999755621,0.0004150596,0.0020179616,-0.0004009927,0.9999978542,0,151.1,-148.2,2199.9,1,0.9976851940,0.0653612018,-0.0187646654,-0.0652891248,0.9978565574,0.0044292323,0.0190139432,-0.0031938509,0.9998140931,0,148.5,-520.9,2200.1,0,-94.3,-296.7,2114.6,1,208.7,-268.7,2127.6,1,-1.2,-900.4,2173.2,0,125.1,-878.6,2201.2,0,
3,0.9784489274,-0.0738026202,-0.1928458810,0.1221211925,0.9599275589,0.2522438467,0.1665017456,-0.2703586817,0.9482524395,1,22.7,389.5,2043.7,1,0.9784489274,-0.0738026202,-0.1928458810,0.1221211925,0.9599275589,0.2522438467,0.1665017456,-0.2703586817,0.9482524395,1,37.1,203.4,2096.1,1,0.9783902168,-0.0803710297,-0.1905038804,0.1228548735,0.9670531154,0.2229716927,0.1663068533,-0.2415580302,0.9560288191,1,52.0,23.2,2141.2,1,0.2066926807,-0.9662343264,0.1538491845,0.9585003257,0.2315257639,0.1663519591,-0.1963549852,0.1130807698,0.9739905596,1,-87.7,187.7,2074.9,1,-0.1712461710,-0.9785095453,0.1148654446,0.9849146008,-0.1729661971,-0.0051033529,0.0248615164,0.1122587249,0.9933679700,1,-136.9,-40.5,2121.7,1,0.2679219842,0.9197035432,-0.2869901657,-0.9568580389,0.2887734175,0.0321355760,0.1124303117,0.2659990191,0.9573944211,1,161.8,219.1,2117.4,1,-0.0745274723,0.9614241719,-0.2647812963,-0.9950222969,-0.0893081725,-0.0442121550,-0.0661537722,0.2601682544,0.9632943869,1,226.3,-11.1,2144.4,1,0.9999727011,-0.0069502136,-0.0025119942,0.0069542285,0.9999745488,0.0015929497,0.0025008589,-0.0016103752,0.9999955893,0,-17.1,-167.6,2171.9,1,0.9992543459,-0.0315506756,-0.0222561769,0.0316514298,0.9994902015,0.0041892985,0.0221126564,-0.0048906151,0.9997435212,0,-14.6,-540.3,2172.5,0,0.9999831319,0.0055808448,-0.0016123259,-0.0055803186,0.9999843836,0.0003309235,0.0016141476,-0.0003219207,0.9999986291,0,151.2,-146.5,2200.5,1,0.9981248975,0.0588304289,-0.0169018954,-0.0587720387,0.9982637167,0.0039312541,0.0171038248,-0.0029305236,0.9998494387,0,149.1,-519.2,2200.6,0,-93.7,-289.3,2115.4,1,207.6,-260.4,2127.8,1,-3.2,-898.6,2174.2,0,128.0,-877.0,2201.7,0,
4,0.9796581864,-0.0761396587,-0.1856647134,0.1232113242,0.9585137367,0.2570444047,0.1583908200,-0.2746920288,0.9483965039,1,22.4,390.0,2043.1,1,0.9796581864,-0.0761396587,-0.1856647134,0.1232113242,0.9585137367,0.2570444047,0.1583908200,-0.2746920288,0.9483965039,1,37.2,204.1,2096.4,1,0.9798471928,-0.0798837170,-0.1830759645,0.1208786517,0.9668091536,0.2250995338,0.1590176821,-0.2426934838,0.9569810033,1,52.1,23.9,2141.6,1,0.2034107745,-0.9660350680,0.1593746096,0.9605016708,0.2284577191,0.1588819623,-0.1898958832,0.1207612827,0.9743492007,1,-87.8,188.6,2076.1,1,-0.1686545610,-0.9778640270,0.1238442734,0.9854473472,-0.1699805260,-0.0001426530,0.0211906135,0.1220179498,0.9923015833,1,-135.8,-38.2,2121.0,1,0.2715347409,0.9204944372,-0.2809960842,-0.9552308917,0.2934021652,0.0380671099,0.1174854264,0.2580795884,0.9589536190,1,162.2,219.5,2116.7,1,-0.0861661285,0.9625306726,-0.2571185827,-0.9940261245,-0.1004114598,-0.0427730158,-0.0669879988,0.2518970072,0.9654327631,1,227.4,-10.0,2144.9,1,0.9999825358,-0.0055605141,-0.0020087124,0.0055630836,0.9999837279,0.0012757587,0.0020015859,-0.0012869111,0.9999971390,0,-17.3,-166.7,2173.2,1,0.9993960261,-0.0284014065,-0.0200249925,0.0284830201,0.9995870590,0.0038021051,0.0199087374,-0.0043701809,0.9997922778,0,-15.3,-539.4,2173.7,0,0.9999892116,0.0044646449,-0.0012900097,-0.0044643078,0.9999899864,0.0002640192,0.0012911755,-0.0002582574,0.9999991059,0,151.2,-145.9,2200.5,1,0.9984810948,0.0529510155,-0.0152225951,-0.0529037192,0.9985935092,0.0034934841,0.0153861688,-0.0026828460,0.9998780489,0,149.6,-518.6,2200.6,0,-93.2,-287.2,2115.6,1,205.8,-259.1,2128.1,1,-5.1,-897.7,2175.2,0,130.6,-876.5,2201.6,0,
5,0.9809648991,-0.0750232488,-0.1791033894,0.1205353290,0.9584017992,0.2587249577,0.1522425711,-0.2753888071,0.9492010474,1,22.7,386.3,2042.8,1,0.9809648991,-0.0750232488,-0.1791033894,0.1205353290,0.9584017992,0.2587249577,0.1522425711,-0.2753888071,0.9492010474,1,37.3,200.5,2096.2,1,0.9810749292,-0.0798018798,-0.1764151156,0.1191670448,0.9669762850,0.2252940983,0.1526103020,-0.2420536280,0.9581855536,1,52.2,20.3,2141.3,1,0.1971899420,-0.9661868215,0.1661304086,0.9616292715,0.2235953361,0.1589788347,-0.1907492131,0.1284068525,0.9732042551,1,-87.8,185.3,2076.7,1,-0.1589688361,-0.9785063267,0.1313562840,0.9870408773,-0.1604670882,-0.0008320835,0.0218925551,0.1295217425,0.9913349152,1,-133.5,-37.5,2120.9,1,0.2706852257,0.9223099947,-0.2758148313,-0.9551483393,0.2930524945,0.0425672904,0.1200884506,0.2519217432,0.9602677822,1,162.4,215.7,2115.6,1,-0.0878205672,0.9638959765,-0.2513801754,-0.9940538406,-0.1011094525,-0.0404193513,-0.0643769652,0.2463357747,0.9670440555,1,226.1,-9.1,2143.9,1,0.9999887943,-0.0044486285,-0.0016064040,0.0044502732,0.9999895692,0.0010215018,0.0016018430,-0.0010286393,0.9999982119,0,-17.4,-170.1,2173.3,1,0.9995107651,-0.0255660415,-0.0180180371,0.0256321505,0.9996654987,0.0034476100,0.0179238692,-0.0039077643,0.9998317361,0,-15.7,-542.9,2173.7,0,0.9999930859,0.0035716940,-0.0010321024,-0.0035714784,0.9999936223,0.0002107547,0.0010328486,-0.0002070671,0.9999994636,0,151.4,-149.6,2199.5,1,0.9987695813,0.0476584770,-0.0137090478,-0.0476201661,0.9988606572,0.0031079475,0.0138415489,-0.0024512967,0.9999011755,0,150.1,-522.4,2199.6,0,-93.4,-286.9,2115.4,1,204.1,-258.2,2127.8,1,-6.5,-901.2,2175.1,0,133.0,-880.4,2200.5,0,
6,0.9815492630,-0.0804487690,-0.1734580696,0.1243515015,0.9577068090,0.2594909668,0.1452462077,-0.2762733698,0.9500400424,1,21.4,386.3,2043.2,1,0.9815492630,-0.0804487690,-0.1734580696,0.1243515015,0.9577068090,0.2594909668,0.1452462077,-0.2762733698,0.9500400424,1,37.0,200.8,2096.7,1,0.9819451571,-0.0818708986,-0.1705271304,0.1196569428,0.9670454860,0.2247365713,0.1465080678,-0.2410840988,0.9593817592,1,52.3,20.5,2141.6,1,0.1860444546,-0.9675809741,0.1708060503,0.9653086662,0.2124140859,0.1518534124,-0.1832120568,0.1366290748,0.9735327363,1,-88.2,185.5,2078.0,1,-0.1533987373,-0.9786199331,0.1370097995,0.9876066446,-0.1564888507,-0.0120100752,0.0331938080,0.1334694475,0.9904968739,1,-131.7,-40.0,2120.8,1,0.2691783011,0.9249088764,-0.2684897780,-0.9565387964,0.2892102003,0.0372959226,0.1121452972,0.2467816323,0.9625603557,1,162.2,216.0,2115.4,1,-0.0957330912,0.9639977217,-0.2480796427,-0.9936947823,-0.1071643606,-0.0329600647,-0.0583587214,0.2433600873,0.9681788087,1,227.3,-15.2,2142.5,1,0.9999928474,-0.0035590401,-0.0012847604,0.0035600925,0.9999933243,0.0008177737,0.0012818414,-0.0008223418,0.9999988675,0,-16.9,-170.0,2174.0,1,0.9996036887,-0.0230132174,-0.0162125602,0.0230667647,0.9997290373,0.0031236671,0.0161362812,-0.0034964005,0.9998636842,0,-15.6,-542.7,2174.3,0,0.9999955893,0.0028573403,-0.0008257423,-0.0028572024,0.9999958873,0.0001683089,0.0008262199,-0.0001659489,0.9999996424,0,152.0,-149.4,2199.2,1,0.9990033507,0.0428941697,-0.0123450467,-0.0428631380,0.9990771413,0.0027678031,0.0124523761,-0.0022358974,0.9999199510,0,150.9,-522.1,2199.2,0,-93.0,-289.5,2112.4,1,203.3,-264.2,2127.9,1,-7.4,-901.0,2175.5,0,135.5,-880.2,2200.0,0,
7,0.9833949208,-0.0758774504,-0.1648506522,0.1150255725,0.9632297158,0.2428146154,0.1403648406,-0.2577451169,0.9559627175,1,22.4,393.6,2047.8,1,0.9833949208,-0.0758774504,-0.1648506522,0.1150255725,0.9632297158,0.2428146154,0.1403648406,-0.2577451169,0.9559627175,1,37.1,206.4,2097.9,1,0.9834706783,-0.0798685625,-0.1624962687,0.1140844896,0.9702405334,0.2135867178,0.1406015605,-0.2285949439,0.9633146524,1,52.0,25.6,2140.5,1,0.1807571352,-0.9669389129,0.1798785776,0.9672357440,0.2079156488,0.1456923187,-0.1782751232,0.1476500630,0.9728399515,1,-88.3,191.9,2080.0,1,-0.1595400274,-0.9761235714,0.1474099308,0.9864046574,-0.1635861099,-0.0156654883,0.0394056737,0.1429065764,0.9889513850,1,-132.4,-43.9,2123.4,1,0.2595028281,0.9287685156,-0.2646646798,-0.9594147205,0.2792527974,0.0392584912,0.1103703901,0.2437354922,0.9635411501,1,162.6,221.0,2115.9,1,-0.0950188413,0.9649521112,-0.2446195483,-0.9938279390,-0.1060844809,-0.0324343070,-0.0572478957,0.2400278747,0.9690765142,1,226.2,-14.4,2142.9,1,0.9999954104,-0.0028473192,-0.0010275758,0.0028479926,0.9999957085,0.0006545851,0.0010257076,-0.0006575086,0.9999992847,0,-17.7,-165.0,2171.0,1,0.9996789694,-0.0207148921,-0.0145882834,0.0207582656,0.9997805357,0.0028281549,0.0145264976,-0.0031300744,0.9998896122,0,-16.6,-537.8,2171.3,0,0.9999971986,0.0022858626,-0.0006606324,-0.0022857741,0.9999973774,0.0001344584,0.0006609380,-0.0001329480,0.9999997616,0,151.5,-145.4,2195.2,1,0.9991927147,0.0386058204,-0.0111160828,-0.0385806821,0.9992524385,0.0024672374,0.0112030217,-0.0020363797,0.9999351501,0,150.6,-518.1,2195.3,0,-92.1,-293.0,2113.5,1,202.4,-263.4,2128.6,1,-9.2,-896.1,2172.4,0,136.8,-876.3,2196.0,0,
8,0.9840225577,-0.0777130127,-0.1601840854,0.1141127869,0.9659044743,0.2323964536,0.1366622299,-0.2469627857,0.9593395591,1,21.5,396.2,2050.7,1,0.9840225577,-0.0777130127,-0.1601840854,0.1141127869,0.9659044743,0.2323964536,0.1366622299,-0.2469627857,0.9593395591,1,36.6,208.5,2098.7,1,0.9842704535,-0.0786152035,-0.1582085490,0.1110398918,0.9718256593,0.2079092264,0.1374062598,-0.2222067267,0.9652684927,1,51.3,27.3,2140.1,1,0.1892287135,-0.9645688534,0.1838466078,0.9665811658,0.2159542888,0.1381469071,-0.1729546338,0.1515613049,0.9731988311,1,-88.9,194.3,2081.2,1,-0.1679820418,-0.9735648632,0.1547691226,0.9854032993,-0.1702309102,-0.0012970888,0.0276092868,0.1522921175,0.9879498482,1,-134.7,-39.7,2123.0,1,0.2679232061,0.9282737374,-0.2579245865,-0.9587631226,0.2832377553,0.0234458633,0.0948181525,0.2410068959,0.9658805728,1,162.2,222.6,2116.2,1,-0.0982593372,0.9644387364,-0.2453625798,-0.9940929413,-0.1065427586,-0.0206839666,-0.0460900329,0.2418808043,0.9692106247,1,227.6,-11.5,2139.4,1,0.9999970794,-0.0022779105,-0.0008219117,0.0022783417,0.9999972582,0.0005239022,0.0008207160,-0.0005257732,0.9999995232,0,-18.7,-163.3,2169.7,1,0.9997400045,-0.0186457820,-0.0131269768,0.0186809152,0.9998221993,0.0025589855,0.0130769294,-0.0028035438,0.9999105334,0,-17.9,-536.1,2169.9,0,0.9999982119,0.0018286837,-0.0005285306,-0.0018286271,0.9999983311,0.0001074459,0.0005287261,-0.0001064793,0.9999998808,0,150.6,-144.2,2193.3,1,0.9993460774,0.0347457975,-0.0100088753,-0.0347254351,0.9993944764,0.0022012277,0.0100792982,-0.0018522257,0.9999474883,0,149.9,-517.0,2193.4,0,-92.3,-288.6,2116.0,1,203.0,-260.7,2127.8,1,-11.2,-894.4,2170.9,0,137.5,-875.1,2194.0,0,
9,0.9871902466,-0.0747766867,-0.1409336179,0.1061561704,0.9672994018,0.2303558588,0.1190997288,-0.2423664629,0.9628464580,1,22.1,393.7,2052.1,1,0.9871902466,-0.0747766867,-0.1409336179,0.1061561704,0.9672994018,0.2303558588,0.1190997288,-0.2423664629,0.9628464580,1,36.5,206.6,2099.0,1,0.9871385098,-0.0785619095,-0.1392265409,0.1068106368,0.9721161723,0.2087647915,0.1189433858,-0.2209510356,0.9680045247,1,51.2,25.5,2140.1,1,0.1944694370,-0.9597406387,0.2026813030,0.9646529555,0.2245806605,0.1378697753,-0.1778374910,0.1687056720,0.9694908261,1,-89.4,193.0,2083.8,1,-0.1628590077,-0.9717055559,0.1710706651,0.9859670401,-0.1667285264,-0.0084025571,0.0366871729,0.1673016101,0.9852228761,1,-135.4,-35.5,2125.9,1,0.2674075067,0.9320174456,-0.2446153611,-0.9573513269,0.2858003974,0.0423850007,0.1094147265,0.2228487730,0.9686933756,1,162.4,220.2,2114.1,1,-0.0913469270,0.9696664810,-0.2267212719,-0.9949414134,-0.0984262675,-0.0200943481,-0.0418001525,0.2237388343,0.9737523198,1,226.8,-10.2,2140.5,1,0.9999981523,-0.0018223637,-0.0006574340,0.0018226396,0.9999982715,0.0004192716,0.0006566688,-0.0004204691,0.9999997020,0,-19.1,-164.9,2171.1,1,0.9997893572,-0.0167830996,-0.0118122464,0.0168115571,0.9998559952,0.0023141359,0.0117717078,-0.0025122305,0.9999275804,0,-18.4,-537.6,2171.3,0,0.9999988675,0.0014629426,-0.0004228401,-0.0014629065,0.9999989271,0.0000858794,0.0004229653,-0.0000852607,0.9999998808,0,150.7,-146.5,2191.6,1,0.9994702935,0.0312717371,-0.0090115722,-0.0312552415,0.9995095134,0.0019654881,0.0090686157,-0.0016827881,0.9999574423,0,150.2,-519.3,2191.6,0,-94.3,-284.6,2116.7,1,203.9,-259.5,2130.0,1,-12.4,-896.0,2172.2,0,139.0,-877.5,2192.2,0,
10,0.9891183376,-0.0736680999,-0.1273431331,0.1017887667,0.9676531553,0.2308406085,0.1062183678,-0.2412912250,0.9646221399,1,21.3,392.6,2052.8,1,0.9891183376,-0.0736680999,-0.1273431331,0.1017887667,0.9676531553,0.2308406085,0.1062183678,-0.2412912250,0.9646221399,1,35.6,205.6,2099.4,1,0.9889745712,-0.0783328786,-0.1256648749,0.1036239937,0.9723199010,0.2094212025,0.1057818606,-0.2201345414,0.9697167873,1,50.2,24.4,2140.4,1,0.1963161677,-0.9570090771,0.2135263979,0.9660212994,0.2261036634,0.1252195537,-0.1681153476,0.1816884279,0.9688789845,1,-90.6,192.4,2085.9,1,-0.1664531082,-0.9678753614,0.1884431392,0.9857828617,-0.1677843183,0.0089806048,0.0229256954,0.1872588694,0.9820430875,1,-136.8,-35.1,2125.5,1,0.2675138116,0.9349291325,-0.2331179231,-0.9569736123,0.2860206366,0.0489251800,0.1124181002,0.2099995315,0.9712170362,1,161.7,218.8,2112.9,1,-0.0842653736,0.9729393125,-0.2151472569,-0.9959059358,-0.0893236473,-0.0138793383,-0.0327214934,0.2130968869,0.9764829874,1,226.5,-12.9,2140.1,1,0.9999988079,-0.0014579133,-0.0005258861,0.0014580898,0.9999988675,0.0003355131,0.0005253963,-0.0003362795,0.9999998212,0,-20.3,-165.7,2172.4,1,0.9998294115,-0.0151062990,-0.0106293578,0.0151293511,0.9998833537,0.0020916685,0.0105965212,-0.0022521270,0.9999412894,0,-19.7,-538.5,2172.5,0,0.9999992847,0.0011703513,-0.0003382822,-0.0011703282,0.9999992847,0.0000686541,0.0003383623,-0.0000682581,0.9999999404,0,149.8,-147.9,2190.6,1,0.9995709062,0.0281448718,-0.0081132846,-0.0281315092,0.9996026754,0.0017562819,0.0081594912,-0.0015272895,0.9999655485,0,149.4,-520.7,2190.6,0,-94.7,-284.1,2119.7,1,205.3,-262.5,2131.9,1,-14.3,-896.9,2173.3,0,139.3,-878.9,2191.1,0,
11,0.9888745546,-0.0749526545,-0.1284814775,0.1033017635,0.9675412178,0.2306379229,0.1070241779,-0.2413447946,0.9645196199,1,21.5,394.8,2052.7,1,0.9888745546,-0.0749526545,-0.1284814775,0.1033017635,0.9675412178,0.2306379229,0.1070241779,-0.2413447946,0.9645196199,1,36.0,207.3,2099.4,1,0.9889000654,-0.0774891376,-0.1267691702,0.1029774174,0.9725122452,0.2088461220,0.1071012467,-0.2195827216,0.9696970582,1,50.4,26.0,2140.4,1,0.1974519640,-0.9567965269,0.2134317011,0.9649810195,0.2280558795,0.1296231151,-0.1726972908,0.1803632081,0.9683206081,1,-90.1,194.2,2085.8,1,-0.1703296900,-0.9677658677,0.1855181903,0.9849168062,-0.1730202138,0.0017114623,0.0304421019,0.1830115020,0.9826393127,1,-137.5,-37.3,2127.2,1,0.2585701644,0.9378359318,-0.2315284461,-0.9608674645,0.2743580341,0.0382292047,0.0993744060,0.2125832140,0.9720767140,1,162.1,220.4,2113.1,1,-0.0716718137,0.9739509225,-0.2151345313,-0.9967215657,-0.0780536011,-0.0213054232,-0.0375424623,0.2129022330,0.9763519764,1,224.7,-12.1,2137.1,1,0.9999992251,-0.0011663449,-0.0004206697,0.0011664578,0.9999992847,0.0002684718,0.0004203563,-0.0002689623,0.9999998808,0,-20.2,-164.1,2172.1,1,0.9998618364,-0.0135968700,-0.0095650600,0.0136155430,0.9999055266,0.0018897456,0.0095384615,-0.0020197178,0.9999524951,0,-19.7,-536.8,2172.2,0,0.9999995232,0.0009362793,-0.0002706322,-0.0009362645,0.9999995828,0.0000548916,0.0002706835,-0.0000546382,0.9999999404,0,149.9,-146.3,2190.5,1,0.9996524453,0.0253305510,-0.0073042568,-0.0253197290,0.9996781945,0.0015703959,0.0073416848,-0.0013849083,0.9999721050,0,149.6,-519.1,2190.5,0,-94.5,-286.1,2119.5,1,206.8,-261.9,2127.7,1,-14.9,-895.2,2172.9,0,140.5,-877.4,2191.0,0,
12,0.9885073900,-0.0788197890,-0.1289918572,0.1089658514,0.9629656672,0.2466264367,0.1047756523,-0.2578482330,0.9604873061,1,20.0,395.0,2047.6,1,0.9885073900,-0.0788197890,-0.1289918572,0.1089658514,0.9629656672,0.2466264367,0.1047756523,-0.2578482330,0.9604873061,1,35.3,208.2,2097.6,1,0.9885880351,-0.0812938809,-0.1268202066,0.1079928428,0.9694095254,0.2204173803,0.1050221100,-0.2315980941,0.9671257734,1,50.5,27.6,2140.8,1,0.1996559799,-0.9561125040,0.2144446373,0.9612908959,0.2335339189,0.1462252289,-0.1898878664,0.1769489348,0.9657285810,1,-90.8,194.5,2084.2,1,-0.1747648120,-0.9677090645,0.1816493124,0.9840510488,-0.1778841317,-0.0008950619,0.0331786908,0.1785957664,0.9833629727,1,-138.3,-34.2,2129.4,1,0.2622576654,0.9378974438,-0.2270884514,-0.9602019787,0.2770580649,0.0353683084,0.0960885361,0.2087751627,0.9732316732,1,161.4,222.0,2111.0,1,-0.0716875643,0.9741611481,-0.2141744345,-0.9970595241,-0.0758183971,-0.0111245047,-0.0270754267,0.2127471715,0.9767320156,1,224.5,-8.9,2134.1,1,0.9999995232,-0.0009330850,-0.0003365107,0.0009331573,0.9999995232,0.0002148167,0.0003363101,-0.0002151306,0.9999999404,0,-19.4,-162.4,2174.9,1,0.9998880625,-0.0122381439,-0.0086074416,0.0122532686,0.9999234676,0.0017066366,0.0085858963,-0.0018119150,0.9999614954,0,-19.1,-535.1,2175.0,0,0.9999997020,0.0007490222,-0.0002165098,-0.0007490128,0.9999997020,0.0000438930,0.0002165427,-0.0000437308,1.0000000000,0,150.6,-143.8,2192.9,1,0.9997184873,0.0227975696,-0.0065756766,-0.0227888040,0.9997392893,0.0014050433,0.0066059940,-0.0012547961,0.9999774098,0,150.4,-516.5,2193.0,0,-94.1,-282.8,2121.0,1,206.5,-258.7,2127.3,1,-14.7,-893.5,2175.6,0,142.2,-874.8,2193.4,0,
13,0.9887487888,-0.0790532455,-0.1269832253,0.1102334112,0.9589305520,0.2613462806,0.1011077911,-0.2724041045,0.9568557143,1,19.5,398.4,2044.5,1,0.9887487888,-0.0790532455,-0.1269832253,0.1102334112,0.9589305520,0.2613462806,0.1011077911,-0.2724041045,0.9568557143,1,34.9,212.4,2097.4,1,0.9888491035,-0.0821161270,-0.1242283136,0.1090341732,0.9674387574,0.2284184694,0.1014264226,-0.2394169718,0.9656043649,1,50.2,32.1,2142.0,1,0.2094573677,-0.9535933137,0.2163040936,0.9578289986,0.2445920855,0.1507924050,-0.1967009008,0.1755977571,0.9646109343,1,-91.3,198.5,2084.4,1,-0.1797194183,-0.9674135447,0.1783584803,0.9827728868,-0.1845161170,-0.0105407778,0.0431073047,0.1733914912,0.9839090705,1,-141.4,-30.9,2131.5,1,0.2570515275,0.9404815435,-0.2223040760,-0.9618448019,0.2712822556,0.0355020389,0.0936961472,0.2046961635,0.9743309021,1,161.0,226.3,2110.3,1,-0.0685028136,0.9755718708,-0.2087268829,-0.9972210526,-0.0730991587,-0.0143778315,-0.0292843711,0.2071619183,0.9778682590,1,223.5,-7.7,2133.1,1,0.9999997020,-0.0007464737,-0.0002691925,0.0007465201,0.9999997020,0.0001718785,0.0002690641,-0.0001720794,0.9999999404,0,-19.6,-157.5,2177.9,1,0.9999093413,-0.0110150976,-0.0077457894,0.0110273482,0.9999380112,0.0015407228,0.0077283382,-0.0016259986,0.9999688268,0,-19.3,-530.3,2177.9,0,0.9999998212,0.0005992171,-0.0001732105,-0.0005992110,0.9999998212,0.0000351014,0.0001732315,-0.0000349976,1.0000000000,0,150.5,-138.8,2195.3,1,0.9997719526,0.0205178261,-0.0059195915,-0.0205107257,0.9997888207,0.0012578026,0.0059441486,-0.0011361006,0.9999817014,0,150.3,-511.5,2195.3,0,-96.0,-279.1,2120.6,1,206.4,-257.7,2125.8,1,-15.4,-888.7,2178.5,0,142.9,-869.8,2195.7,0,
14,0.9877561331,-0.0793495551,-0.1343121529,0.1109617800,0.9625454545,0.2473762631,0.1096523106,-0.2592514455,0.9595648050,1,18.6,403.9,2048.5,1,0.9877561331,-0.0793495551,-0.1343121529,0.1109617800,0.9625454545,0.2473762631,0.1096523106,-0.2592514455,0.9595648050,1,34.0,217.0,2098.9,1,0.9878043532,-0.0828458741,-0.1318235993,0.1103876382,0.9697473049,0.2177292705,0.1097975820,-0.2296260446,0.9670656323,1,49.5,36.3,2141.6,1,0.2035426646,-0.9559402466,0.2115391791,0.9590712786,0.2381191254,0.1532374024,-0.1968573183,0.1716908067,0.9652820826,1,-92.0,202.9,2084.9,1,-0.1739325523,-0.9689053297,0.1759833246,0.9841737747,-0.1771840006,-0.0028107346,0.0339047611,0.1727093011,0.9843891859,1,-141.0,-28.0,2132.3,1,0.2604344785,0.9379912615,-0.2287934572,-0.9619209170,0.2724423707,0.0219900776,0.0829595253,0.2143542320,0.9732266068,1,160.0,231.1,2112.9,1,-0.0774376318,0.9721905589,-0.2210182697,-0.9967043996,-0.0808610395,-0.0064696409,-0.0241614934,0.2197888941,0.9752482176,1,224.1,-5.7,2133.3,1,0.9999998212,-0.0005971828,-0.0002153438,0.0005972123,0.9999998212,0.0001375189,0.0002152616,-0.0001376474,0.9999999404,0,-20.1,-153.9,2175.0,1,0.9999265671,-0.0099142026,-0.0069704703,0.0099241268,0.9999498129,0.0013904971,0.0069563347,-0.0014595707,0.9999747276,0,-19.8,-526.7,2175.0,0,0.9999998808,0.0004793732,-0.0001385701,-0.0004793693,0.9999998808,0.0000280728,0.0001385835,-0.0000280064,1.0000000000,0,149.9,-134.9,2193.9,1,0.9998152852,0.0184660237,-0.0053288233,-0.0184602719,0.9998289347,0.0011265636,0.0053487155,-0.0010279841,0.9999851584,0,149.7,-507.7,2193.9,0,-97.0,-276.6,2123.7,1,204.7,-255.5,2127.2,1,-16.3,-885.1,2175.6,0,143.1,-866.0,2194.3,0,
15,0.9871318340,-0.0793935284,-0.1388006806,0.1131146923,0.9602504969,0.2551967502,0.1130223945,-0.2676137090,0.9568743706,1,17.9,401.8,2046.0,1,0.9871318340,-0.0793935284,-0.1388006806,0.1131146923,0.9602504969,0.2551967502,0.1130223945,-0.2676137090,0.9568743706,1,33.4,215.3,2098.0,1,0.9871451855,-0.0837647468,-0.1361107677,0.1129573211,0.9681593776,0.2234040350,0.1130634993,-0.2359073460,0.9651756287,1,49.0,34.9,2141.9,1,0.2143642306,-0.9537797570,0.2105996609,0.9517889023,0.2524079680,0.1743216962,-0.2194215208,0.1630780995,0.9619042873,1,-92.6,200.9,2083.6,1,-0.1729118377,-0.9714091420,0.1626822352,0.9836406708,-0.1787846088,-0.0220669992,0.0505211689,0.1562052071,0.9864316583,1,-143.1,-23.4,2135.3,1,0.2651377916,0.9367728829,-0.2283820212,-0.9613891840,0.2749454379,0.0116507988,0.0737067461,0.2164749354,0.9735018611,1,159.3,229.7,2112.4,1,-0.0808689445,0.9699557424,-0.2294472754,-0.9967197180,-0.0794258043,0.0155337006,-0.0031570306,0.2299508154,0.9731971622,1,223.0,-1.3,2130.1,1,0.9999998808,-0.0004777486,-0.0001722684,0.0004777675,0.9999998808,0.0001100254,0.0001722158,-0.0001101077,1.0000000000,0,-20.3,-155.3,2176.2,1,0.9999405146,-0.0089232773,-0.0062728203,0.0089313146,0.9999593496,0.0012545625,0.0062613706,-0.0013105124,0.9999795556,0,-20.2,-528.0,2176.2,0,0.9999999404,0.0003834983,-0.0001108572,-0.0003834958,0.9999999404,0.0000224530,0.0001108658,-0.0000224104,1.0000000000,0,149.5,-135.8,2195.6,1,0.9998503923,0.0166193806,-0.0047968989,-0.0166147202,0.9998614788,0.0010094841,0.0048130117,-0.0009296339,0.9999879599,0,149.3,-508.6,2195.6,0,-99.4,-271.9,2122.5,1,202.7,-251.0,2129.3,1,-17.0,-886.4,2176.7,0,143.4,-866.9,2196.0,0,
16,0.9874948859,-0.0813751072,-0.1350195706,0.1128104627,0.9630255103,0.2446569055,0.1101182774,-0.2568295300,0.9601625204,1,16.8,403.0,2048.8,1,0.9874948859,-0.0813751072,-0.1350195706,0.1128104627,0.9630255103,0.2446569055,0.1101182774,-0.2568295300,0.9601625204,1,32.5,216.9,2098.4,1,0.9874594212,-0.0855663568,-0.1326673180,0.1132208928,0.9694884419,0.2174271941,0.1100149527,-0.2297216505,0.9670182467,1,48.4,36.2,2141.2,1,0.2117940634,-0.9532640576,0.2154785991,0.9520165920,0.2510749698,0.1750022918,-0.2209246457,0.1680747569,0.9606993794,1,-93.5,202.4,2084.4,1,-0.1746334583,-0.9708958864,0.1639033854,0.9824217558,-0.1829611510,-0.0370493867,0.0659590513,0.1545521766,0.9857804179,1,-144.0,-24.7,2137.1,1,0.2639383078,0.9379057884,-0.2250989527,-0.9621500969,0.2724312544,0.0069592549,0.0678511038,0.2147421539,0.9743111730,1,158.4,231.3,2112.4,1,-0.0850424692,0.9696001410,-0.2294416726,-0.9963714480,-0.0819632187,0.0229354370,0.0034324231,0.2305596173,0.9730521441,1,222.5,-2.3,2128.9,1,0.9999999404,-0.0003822004,-0.0001378105,0.0003822125,0.9999999404,0.0000880269,0.0001377769,-0.0000880796,1.0000000000,0,-20.6,-154.2,2174.5,1,0.9999518394,-0.0080313459,-0.0056450479,0.0080378558,0.9999670386,0.0011316290,0.0056357738,-0.0011769485,0.9999834299,0,-20.4,-527.0,2174.6,0,0.9999999404,0.0003067984,-0.0000886864,-0.0003067969,0.9999999404,0.0000179590,0.0000886919,-0.0000179318,1.0000000000,0,149.3,-134.7,2193.5,1,0.9998788238,0.0149573907,-0.0043179798,-0.0149536170,0.9998877645,0.0009049518,0.0043310313,-0.0008402727,0.9999902844,0,149.2,-507.5,2193.5,0,-99.9,-272.9,2120.4,1,201.2,-252.0,2129.8,1,-17.5,-885.4,2175.0,0,143.8,-865.8,2193.8,0,
17,0.9875826836,-0.0838545784,-0.1328423917,0.1155142486,0.9607251883,0.2523193955,0.1064668670,-0.2645319104,0.9584817290,1,14.5,405.5,2045.1,1,0.9875826836,-0.0838545784,-0.1328423917,0.1155142486,0.9607251883,0.2523193955,0.1064668670,-0.2645319104,0.9584817290,1,30.8,218.8,2096.5,1,0.9875872135,-0.0878547505,-0.1301973909,0.1154637709,0.9680470228,0.2226086855,0.1064799502,-0.2348789722,0.9661746621,1,47.2,38.3,2140.3,1,0.2120086104,-0.9524199367,0.2189722210,0.9493556023,0.2538856268,0.1851107776,-0.2318970412,0.1686374247,0.9580111504,1,-95.2,204.0,2083.0,1,-0.1766754240,-0.9708624482,0.1619009823,0.9813520908,-0.1864069402,-0.0469094999,0.0757221356,0.1505941153,0.9856914282,1,-145.7,-22.4,2138.3,1,0.2682102621,0.9374716282,-0.2218338251,-0.9607124329,0.2773465216,0.0105102174,0.0713778660,0.2102995664,0.9750279188,1,156.8,233.5,2110.1,1,-0.0866187960,0.9704574943,-0.2251875848,-0.9962366223,-0.0836681500,0.0226319768,0.0031223439,0.2263004780,0.9740525484,1,222.2,-0.9,2127.5,1,0.9999999404,-0.0003057613,-0.0001102457,0.0003057690,0.9999999404,0.0000704257,0.0001102242,-0.0000704594,1.0000000000,0,-21.4,-152.0,2174.9,1,0.9999609590,-0.0072285277,-0.0050801430,0.0072338018,0.9999732971,0.0010205089,0.0050726309,-0.0010572179,0.9999865890,0,-21.3,-524.7,2175.0,0,0.9999999404,0.0002454386,-0.0000709496,-0.0002454376,0.9999999404,0.0000143650,0.0000709531,-0.0000143476,1.0000000000,0,148.5,-132.1,2193.2,1,0.9999018312,0.0134615963,-0.0038868024,-0.0134585397,0.9999091029,0.0008115529,0.0038973738,-0.0007591625,0.9999921322,0,148.4,-504.9,2193.3,0,-101.1,-270.2,2119.1,1,200.5,-250.6,2128.3,1,-18.7,-883.1,2175.3,0,143.6,-863.2,2193.5,0,
18,0.9882484674,-0.0832466483,-0.1281925589,0.1145093367,0.9587517381,0.2601619363,0.1012472138,-0.2717843354,0.9570173025,1,12.5,406.9,2043.3,1,0.9882484674,-0.0832466483,-0.1281925589,0.1145093367,0.9587517381,0.2601619363,0.1012472138,-0.2717843354,0.9570173025,1,28.6,221.1,2096.0,1,0.9880712628,-0.0895621926,-0.1252684444,0.1164839044,0.9667680264,0.2275799662,0.1007229537,-0.2394573689,0.9656680226,1,45.3,40.9,2140.6,1,0.2055528015,-0.9529623985,0.2227349579,0.9508417249,0.2483374774,0.1850094497,-0.2316204458,0.1737564802,0.9571629167,1,-97.4,206.2,2083.1,1,-0.1766426116,-0.9698258042,0.1680331975,0.9815151691,-0.1863368601,-0.0436634272,0.0736567080,0.1572142988,0.9848138094,1,-146.5,-20.8,2138.4,1,0.2769251168,0.9363201857,-0.2159098238,-0.9580736160,0.2862480879,0.0125293173,0.0735352263,0.2033878267,0.9763329029,1,154.6,236.0,2108.8,1,-0.0860603675,0.9718095660,-0.2194987684,-0.9962703586,-0.0825658068,0.0250623766,0.0062327660,0.2208369970,0.9752908349,1,222.1,2.4,2126.8,1,0.9999999404,-0.0002446097,-0.0000881949,0.0002446146,0.9999999404,0.0000563433,0.0000881811,-0.0000563649,1.0000000000,0,-23.0,-149.3,2176.6,1,0.9999684095,-0.0065059317,-0.0045718043,0.0065102037,0.9999783635,0.0009201127,0.0045657190,-0.0009498470,0.9999891520,0,-22.9,-522.0,2176.6,0,1.0000000000,0.0001963508,-0.0000567599,-0.0001963502,1.0000000000,0.0000114906,0.0000567622,-0.0000114795,1.0000000000,0,147.0,-129.2,2193.9,1,0.9999204874,0.0121153845,-0.0034986222,-0.0121129090,0.9999263883,0.0007280451,0.0035071853,-0.0006856087,0.9999936223,0,146.9,-502.0,2193.9,0,-101.9,-268.7,2119.8,1,200.6,-247.3,2128.3,1,-20.6,-880.4,2176.9,0,142.6,-860.3,2194.1,0,
19,0.9887757897,-0.0878591016,-0.1208378971,0.1171138361,0.9580028653,0.2617563903,0.0927653536,-0.2729706168,0.9575392008,1,9.0,410.5,2042.4,1,0.9887757897,-0.0878591016,-0.1208378971,0.1171138361,0.9580028653,0.2617563903,0.0927653536,-0.2729706168,0.9575392008,1,26.0,225.0,2095.3,1,0.9888632298,-0.0907990709,-0.1179131716,0.1161715165,0.9661716223,0.2302567214,0.0930172578,-0.2413909435,0.9659595490,1,42.9,44.9,2140.3,1,0.1957222372,-0.9534425139,0.2294348031,0.9529947042,0.2401012927,0.1848042011,-0.2312877774,0.1824798584,0.9556186795,1,-100.1,210.2,2083.4,1,-0.1713822633,-0.9692987204,0.1763186008,0.9821882248,-0.1820929497,-0.0463525169,0.0770358071,0.1652340442,0.9832412004,1,-147.3,-19.4,2139.1,1,0.2845455408,0.9357972741,-0.2081280798,-0.9558067918,0.2936761677,0.0136972265,0.0739400834,0.1950327456,0.9780057073,1,152.1,239.8,2107.1,1,-0.0847915486,0.9734476209,-0.2126267552,-0.9963369370,-0.0804576203,0.0289694499,0.0110927988,0.2143042535,0.9767040014,1,222.0,5.3,2125.3,1,1.0000000000,-0.0001956881,-0.0000705548,0.0001956913,1.0000000000,0.0000450764,0.0000705460,-0.0000450902,1.0000000000,0,-25.2,-145.1,2177.3,1,0.9999743700,-0.0058555440,-0.0041143582,0.0058590039,0.9999824762,0.0008294412,0.0041094297,-0.0008535260,0.9999911785,0,-25.1,-517.9,2177.3,0,1.0000000000,0.0001570806,-0.0000454081,-0.0001570802,1.0000000000,0.0000091916,0.0000454096,-0.0000091845,1.0000000000,0,144.9,-125.2,2193.3,1,0.9999355674,0.0109037962,-0.0031491630,-0.0109017901,0.9999403358,0.0006533346,0.0031560990,-0.0006189610,0.9999948144,0,144.9,-497.9,2193.3,0,-104.0,-267.5,2119.7,1,200.7,-244.4,2128.1,1,-23.0,-876.3,2177.6,0,140.9,-856.3,2193.5,0,
20,0.9880272150,-0.0886575431,-0.1262559444,0.1210899130,0.9527516961,0.2785732448,0.0955929235,-0.2905267179,0.9520798326,1,6.5,409.9,2037.0,1,0.9880272150,-0.0886575431,-0.1262559444,0.1210899130,0.9527516961,0.2785732448,0.0955929235,-0.2905267179,0.9520798326,1,23.7,225.6,2093.1,1,0.9881715775,-0.0918101221,-0.1228265315,0.1195576563,0.9628398418,0.2421713918,0.0960284844,-0.2539921105,0.9624272585,1,40.8,46.2,2140.5,1,0.1928905696,-0.9551312327,0.2247615010,0.9507593513,0.2385650575,0.1978470236,-0.2425900996,0.1755312681,0.9541168213,1,-102.4,210.4,2080.9,1,-0.1753862351,-0.9696686864,0.1702421308,0.9819748402,-0.1846777201,-0.0402446389,0.0704638958,0.1601151377,0.9845800996,1,-148.4,-16.4,2138.8,1,0.2968720496,0.9315797091,-0.2098245770,-0.9515838623,0.3069494665,0.0164385922,0.0797193944,0.1947855204,0.9776008725,1,149.7,240.9,2105.4,1,-0.0773458630,0.9740231037,-0.2128298730,-0.9969557524,-0.0734522566,0.0261533186,0.0098411031,0.2142048180,0.9767391682,1,221.9,9.5,2124.8,1,1.0000000000,-0.0001565508,-0.0000564431,0.0001565528,1.0000000000,0.0000360622,0.0000564375,-0.0000360710,1.0000000000,0,-27.1,-143.5,2179.5,1,0.9999792576,-0.0052701556,-0.0037027081,0.0052729580,0.9999858141,0.0007475824,0.0036987155,-0.0007670911,0.9999928474,0,-27.1,-516.3,2179.6,0,1.0000000000,0.0001256645,-0.0000363266,-0.0001256642,1.0000000000,0.0000073527,0.0000363275,-0.0000073481,1.0000000000,0,142.9,-123.0,2196.1,1,0.9999478459,0.0098133711,-0.0028345720,-0.0098117469,0.9999517202,0.0005864570,0.0028401902,-0.0005586143,0.9999958277,0,142.8,-495.7,2196.1,0,-104.1,-264.5,2121.0,1,202.5,-240.4,2127.2,1,-25.2,-874.7,2179.8,0,139.3,-854.1,2196.3,0,
21,0.9898925424,-0.0846756473,-0.1137591749,0.1139985770,0.9522746205,0.2831586003,0.0843533203,-0.2932654619,0.9523022771,1,5.1,413.3,2034.7,1,0.9898925424,-0.0846756473,-0.1137591749,0.1139985770,0.9522746205,0.2831586003,0.0843533203,-0.2932654619,0.9523022771,1,21.5,228.3,2091.7,1,0.9896535873,-0.0917558968,-0.1102953330,0.1165920347,0.9623427391,0.2455693185,0.0836094692,-0.2558885217,0.9630836844,1,38.6,49.0,2139.4,1,0.1831985712,-0.9543061256,0.2360889912,0.9530658722,0.2312933058,0.1953683048,-0.2410469651,0.1892171502,0.9518893361,1,-104.7,213.5,2081.0,1,-0.1738173515,-0.9673603773,0.1843943894,0.9821074605,-0.1840600669,-0.0398336425,0.0724731311,0.1741713285,0.9820447564,1,-148.9,-16.4,2139.2,1,0.3039227128,0.9312525988,-0.2009970397,-0.9482790828,0.3159980476,0.0302015673,0.0916399509,0.1814223528,0.9791262150,1,147.7,243.2,2102.4,1,-0.0873397812,0.9760273099,-0.1993551403,-0.9961487651,-0.0840214491,0.0250617173,0.0077108103,0.2007762641,0.9796067476,1,221.9,11.8,2124.7,1,1.0000000000,-0.0001252408,-0.0000451541,0.0001252421,1.0000000000,0.0000288505,0.0000451504,-0.0000288561,1.0000000000,0,-29.4,-140.4,2179.9,1,0.9999831915,-0.0047432729,-0.0033322624,0.0047455435,0.9999884963,0.0006737030,0.0033290284,-0.0006895051,0.9999942183,0,-29.4,-513.1,2179.9,0,1.0000000000,0.0001005315,-0.0000290614,-0.0001005314,1.0000000000,0.0000058818,0.0000290620,-0.0000058789,1.0000000000,0,140.8,-120.3,2194.3,1,0.9999577403,0.0088319927,-0.0025513768,-0.0088306777,0.9999608994,0.0005265604,0.0025559277,-0.0005040077,0.9999966025,0,140.8,-493.1,2194.3,0,-105.0,-264.5,2120.9,1,200.0,-237.9,2126.7,1,-27.7,-871.5,2180.1,0,137.6,-851.5,2194.4,0,
22,0.9885575771,-0.0788935199,-0.1285618246,0.1156383678,0.9436435699,0.3101064861,0.0968511179,-0.3214252293,0.9419688582,1,5.6,417.1,2026.6,1,0.9885575771,-0.0788935199,-0.1285618246,0.1156383678,0.9436435699,0.3101064861,0.0968511179,-0.3214252293,0.9419688582,1,21.0,233.1,2089.3,1,0.9883995652,-0.0868864134,-0.1245607734,0.1174497604,0.9572829008,0.2642281950,0.0962820426,-0.2757930458,0.9563825727,1,37.2,54.7,2140.6,1,0.1820022613,-0.9578689933,0.2221757174,0.9491028190,0.2301985621,0.2149704695,-0.2570580542,0.1717424840,0.9510129690,1,-105.1,218.1,2077.0,1,-0.1606178135,-0.9735321403,0.1625950485,0.9836518764,-0.1714741737,-0.0550053790,0.0814303532,0.1511020809,0.9851585031,1,-149.5,-13.6,2139.7,1,0.3009907305,0.9301999807,-0.2100775838,-0.9488502145,0.3141475320,0.0315353796,0.0953295603,0.1898403019,0.9771760702,1,147.0,248.1,2101.5,1,-0.0924645960,0.9741701484,-0.2060160637,-0.9957158566,-0.0905496255,0.0187252816,-0.0004130651,0.2068648934,0.9783693552,1,220.7,15.9,2124.9,1,1.0000000000,-0.0001001927,-0.0000361230,0.0001001936,1.0000000000,0.0000230808,0.0000361206,-0.0000230844,1.0000000000,0,-31.6,-133.7,2183.8,1,0.9999864101,-0.0042690532,-0.0029988941,0.0042708917,0.9999907017,0.0006070446,0.0029962747,-0.0006198444,0.9999952912,0,-31.6,-506.5,2183.8,0,1.0000000000,0.0000804252,-0.0000232491,-0.0000804251,1.0000000000,0.0000047052,0.0000232495,-0.0000047033,1.0000000000,0,138.4,-113.5,2200.3,1,0.9999657869,0.0079487581,-0.0022964505,-0.0079476926,0.9999682903,0.0004728908,0.0023001367,-0.0004546232,0.9999972582,0,138.3,-486.3,2200.3,0,-108.9,-262.0,2119.2,1,197.5,-233.6,2124.8,1,-30.1,-864.9,2184.0,0,135.5,-844.7,2200.5,0,
23,0.9892353415,-0.0731272474,-0.1267445982,0.1102157980,0.9421142936,0.3166617155,0.0962512717,-0.3272227049,0.9400323033,1,3.3,415.6,2023.6,1,0.9892353415,-0.0731272474,-0.1267445982,0.1102157980,0.9421142936,0.3166617155,0.0962512717,-0.3272227049,0.9400323033,1,17.5,232.2,2087.3,1,0.9889901280,-0.0824869424,-0.1228529215,0.1132078022,0.9564133286,0.2691823542,0.0952941254,-0.2801269889,0.9552212358,1,32.9,54.0,2139.5,1,0.1721538752,-0.9589720964,0.2252456993,0.9479838610,0.2234346569,0.2267235816,-0.2677492797,0.1744979471,0.9475551844,1,-108.6,217.8,2075.1,1,-0.1588364542,-0.9730134010,0.1673801243,0.9845264554,-0.1688066274,-0.0470330901,0.0740186945,0.1573195904,0.9847699404,1,-149.6,-7.7,2138.8,1,0.3119209707,0.9276435375,-0.2053852379,-0.9459331036,0.3234506845,0.0242982134,0.0889720619,0.1867015809,0.9783796072,1,143.7,246.7,2099.4,1,-0.0970617756,0.9728801847,-0.2099602371,-0.9951126575,-0.0910125449,0.0383078158,0.0181598924,0.2126523107,0.9769592881,1,218.8,18.6,2120.9,1,1.0000000000,-0.0000801542,-0.0000288982,0.0000801548,1.0000000000,0.0000184649,0.0000288967,-0.0000184673,1.0000000000,0,-36.8,-134.0,2183.5,1,0.9999889731,-0.0038422339,-0.0026988892,0.0038437236,0.9999924898,0.0005469166,0.0026967677,-0.0005572843,0.9999961853,0,-36.8,-506.7,2183.5,0,1.0000000000,0.0000643402,-0.0000185993,-0.0000643401,1.0000000000,0.0000037640,0.0000185996,-0.0000037628,1.0000000000,0,133.3,-114.5,2199.9,1,0.9999722838,0.0071538514,-0.0020669764,-0.0071529881,0.9999743104,0.0004247807,0.0020699622,-0.0004099839,0.9999977946,0,133.3,-487.2,2199.9,0,-109.4,-256.4,2120.1,1,194.5,-230.7,2125.4,1,-35.4,-865.1,2183.7,0,130.7,-845.6,2200.0,0,
24,0.9875078201,-0.0723998174,-0.1399463564,0.1139556393,0.9415534735,0.3170058727,0.1088157892,-0.3289938867,0.9380415678,1,0.3,411.9,2021.5,1,0.9875078201,-0.0723998174,-0.1399463564,0.1139556393,0.9415534735,0.3170058727,0.1088157892,-0.3289938867,0.9380415678,1,14.4,228.9,2085.4,1,0.9874726534,-0.0796024352,-0.1362336874,0.1143945605,0.9558545351,0.2706614435,0.1086742580,-0.2828555405,0.9529860616,1,29.2,50.8,2138.2,1,0.1794832945,-0.7407110929,-0.6474047303,0.9381031394,-0.0692920834,0.3393538594,-0.2962231636,-0.6682407856,0.6824266911,1,-111.5,214.3,2071.6,1,-0.1691771001,-0.7407111526,-0.6501739621,0.9818515182,-0.0692920983,-0.1765395105,0.0857128426,-0.6682407260,0.7389910221,1,-153.8,-6.6,2141.4,1,0.3202278912,0.9228466749,-0.2140285969,-0.9438571334,0.3301578462,0.0113800960,0.0811652988,0.1983681917,0.9767611623,1,140.3,243.5,2099.3,1,-0.1036258638,0.9688360095,-0.2249855101,-0.9943900704,-0.0960919261,0.0442127027,0.0212155692,0.2283049375,0.9733585119,1,217.4,16.4,2118.8,1,1.0000000000,-0.0000641234,-0.0000231184,0.0000641238,1.0000000000,0.0000147721,0.0000231175,-0.0000147736,1.0000000000,0,-40.9,-137.2,2181.5,1,0.9999910593,-0.0034580801,-0.0024289065,0.0034592866,0.9999939203,0.0004926919,0.0024271877,-0.0005010897,0.9999969006,0,-40.8,-509.9,2181.5,0,1.0000000000,0.0000514721,-0.0000148795,-0.0000514721,1.0000000000,0.0000030111,0.0000148797,-0.0000030103,1.0000000000,0,129.0,-117.5,2200.2,1,0.9999775290,0.0064384411,-0.0018604170,-0.0064377417,0.9999791980,0.0003816376,0.0018628354,-0.0003696521,0.9999982119,0,129.0,-490.2,2200.2,0,-111.1,-254.6,2119.7,1,191.4,-232.8,2124.2,1,-39.6,-868.3,2181.7,0,126.7,-848.6,2200.3,0,
