1,0.9958805442,-0.0906315073,0.0022406490,0.0878652409,0.9709841013,0.2224191129,-0.0223337915,-0.2213065475,0.9749484658,1,15.8,371.2,1976.0,1,0.9958805442,-0.0906315073,0.0022406490,0.0878652409,0.9709841013,0.2224191129,-0.0223337915,-0.2213065475,0.9749484658,1,31.9,198.4,2015.3,1,0.9951224923,-0.0986310989,-0.0005177525,0.0956127420,0.9633550048,0.2506110668,-0.0242192484,-0.2494388223,0.9680876732,1,48.7,34.5,2057.8,1,0.2041684538,-0.9085147977,0.3645766377,0.9545036554,0.2674372792,0.1319096535,-0.2173432559,0.3210579455,0.9217829108,1,-87.6,186.9,2018.2,1,-0.0908745304,-0.9396222234,0.3299275041,0.9948575497,-0.1005350351,-0.0122988233,0.0447255112,0.3271132112,0.9439262152,1,-136.3,-40.7,2070.1,1,0.3483940661,0.4558006823,0.8190648556,-0.9301123023,0.0597404540,0.3623838723,0.1162435263,-0.8880746961,0.4447591007,1,151.4,209.9,2012.4,1,-0.0569761246,0.4529503584,0.8897132874,-0.9980111718,-0.0017671902,-0.0630117282,-0.0269688908,-0.8915339708,0.4521502554,1,234.2,-11.1,2040.0,1,1.0000000000,-0.0000000000,-0.0000000000,0.0000000000,1.0000000000,-0.0000000000,0.0000000000,0.0000000000,1.0000000000,0,-12.7,-137.0,2102.1,1,1.0000000000,0.0000000055,-0.0000044740,-0.0000000055,1.0000000000,0.0000000151,0.0000044740,-0.0000000151,1.0000000000,0,-12.7,-477.3,2102.1,0,1.0000000000,0.0000000000,0.0000000000,-0.0000000000,1.0000000000,-0.0000000000,-0.0000000000,0.0000000000,1.0000000000,0,143.6,-122.0,2098.3,1,1.0000000000,-0.0000000056,0.0000031000,0.0000000056,1.0000000000,0.0000000013,-0.0000031000,-0.0000000013,1.0000000000,0,143.6,-462.3,2098.3,0,-114.1,-284.3,2059.1,1,220.4,-253.6,2033.5,1,-12.7,-804.6,2102.1,0,143.6,-789.6,2098.3,0,
2,0.9956753254,-0.0926660150,0.0063905907,0.0889936611,0.9713997841,0.2201437205,-0.0266076475,-0.2186234891,0.9754465222,1,14.4,371.8,1975.9,1,0.9956753254,-0.0926660150,0.0063905907,0.0889936611,0.9713997841,0.2201437205,-0.0266076475,-0.2186234891,0.9754465222,1,31.0,198.4,2015.0,1,0.9951416254,-0.0983763710,0.0035306250,0.0944002643,0.9638624191,0.2491152436,-0.0279100798,-0.2475722432,0.9684674144,1,47.7,34.3,2057.1,1,0.2008243799,-0.9078124762,0.3681658506,0.9558193684,0.2639313042,0.1294207424,-0.2146602869,0.3259091973,0.9207084775,1,-88.6,187.0,2018.3,1,-0.0932893232,-0.9373323917,0.3357156813,0.9947546124,-0.1019572169,-0.0082445499,0.0419565216,0.3331855834,0.9419272542,1,-136.0,-38.8,2069.0,1,0.3621182740,0.4500287473,0.8162992597,-0.9251924157,0.0668651909,0.3735612929,0.1135313287,-0.8905072212,0.4405762851,1,150.5,209.7,2011.6,1,-0.0648622811,0.4461309612,0.8926141858,-0.9976857901,-0.0107099693,-0.0671444982,-0.0203953665,-0.8949036002,0.4457931817,1,236.4,-9.9,2038.6,1,1.0000000000,-0.0000000000,-0.0000000000,0.0000000000,1.0000000000,-0.0000000000,0.0000000000,0.0000000000,1.0000000000,0,-13.7,-137.1,2101.4,1,1.0000000000,0.0000000049,-0.0000040266,-0.0000000049,1.0000000000,0.0000000136,0.0000040266,-0.0000000136,1.0000000000,0,-13.7,-477.5,2101.4,0,1.0000000000,0.0000000000,0.0000000000,-0.0000000000,1.0000000000,-0.0000000000,-0.0000000000,0.0000000000,1.0000000000,0,142.6,-122.3,2097.0,1,1.0000000000,-0.0000000051,0.0000027900,0.0000000051,1.0000000000,0.0000000012,-0.0000027900,-0.0000000012,1.0000000000,0,142.6,-462.6,2097.0,0,-113.2,-282.3,2058.8,1,220.7,-252.3,2033.6,1,-13.7,-804.7,2101.4,0,142.6,-789.9,2097.0,0,
3,0.9956858754,-0.0919380710,0.0124178613,0.0874421224,0.9747489095,0.2054729164,-0.0309950709,-0.2035011947,0.9785839915,1,13.2,373.7,1979.9,1,0.9956858754,-0.0919380710,0.0124178613,0.0874421224,0.9747489095,0.2054729164,-0.0309950709,-0.2035011947,0.9785839915,1,29.6,199.4,2016.3,1,0.9951117635,-0.0983133912,0.0091782203,0.0933005884,0.9666428566,0.2385313362,-0.0323228799,-0.2365096211,0.9710914493,1,46.4,34.9,2056.6,1,0.1963663250,-0.9067852497,0.3730693758,0.9595016241,0.2560786605,0.1173898280,-0.2019824833,0.3349092603,0.9203471541,1,-89.9,188.2,2020.2,1,-0.0998174921,-0.9332699180,0.3450273275,0.9940940738,-0.1083799452,-0.0055640964,0.0425868444,0.3424342275,0.9385761619,1,-136.5,-39.7,2068.2,1,0.3625859320,0.4484738410,0.8169471622,-0.9251772761,0.0677229762,0.3734442890,0.1121539026,-0.8912265897,0.4394731820,1,149.2,210.6,2012.4,1,-0.0602504984,0.4452448785,0.8933794498,-0.9976780415,0.0016116016,-0.0680877045,-0.0317554735,-0.8954073787,0.4441139400,1,234.8,-7.9,2038.9,1,1.0000000000,-0.0000000000,-0.0000000000,0.0000000000,1.0000000000,-0.0000000000,0.0000000000,0.0000000000,1.0000000000,0,-15.1,-136.9,2099.4,1,1.0000000000,0.0000000044,-0.0000036239,-0.0000000044,1.0000000000,0.0000000122,0.0000036239,-0.0000000122,1.0000000000,0,-15.1,-477.3,2099.4,0,1.0000000000,0.0000000000,0.0000000000,-0.0000000000,1.0000000000,-0.0000000000,-0.0000000000,0.0000000000,1.0000000000,0,141.3,-122.3,2094.3,1,1.0000000000,-0.0000000046,0.0000025110,0.0000000046,1.0000000000,0.0000000010,-0.0000025110,-0.0000000010,1.0000000000,0,141.3,-462.6,2094.3,0,-112.1,-283.1,2057.7,1,220.1,-250.3,2031.2,1,-15.1,-804.6,2099.4,0,141.3,-789.9,2094.3,0,
4,0.9955890179,-0.0932555944,0.0101594543,0.0895787627,0.9772696495,0.1921470463,-0.0278472994,-0.1903899610,0.9813135862,1,11.6,375.2,1982.9,1,0.9955890179,-0.0932555944,0.0101594543,0.0895787627,0.9772696495,0.1921470463,-0.0278472994,-0.1903899610,0.9813135862,1,28.2,200.3,2017.0,1,0.9951159358,-0.0984887928,0.0064384174,0.0943792984,0.9686252475,0.2299095690,-0.0288799237,-0.2281796336,0.9731907248,1,45.0,35.4,2055.8,1,0.1988286823,-0.9070327878,0.3711585402,0.9600000381,0.2564411163,0.1124181077,-0.1971472055,0.3339602649,0.9217393994,1,-91.3,188.9,2020.5,1,-0.0999793261,-0.9329310656,0.3458955586,0.9943700433,-0.1059507355,0.0016528148,0.0351059325,0.3441134393,0.9382714629,1,-138.3,-38.3,2067.1,1,0.3621610701,0.4520520866,0.8151615262,-0.9257812500,0.0726646036,0.3710107803,0.1084828153,-0.8890269399,0.4448176026,1,147.8,211.6,2013.5,1,-0.0568612106,0.4490448534,0.8916981220,-0.9976918101,0.0076521728,-0.0674736500,-0.0371221229,-0.8934765458,0.4475731850,1,233.8,-8.3,2039.3,1,1.0000000000,-0.0000000000,-0.0000000000,0.0000000000,1.0000000000,-0.0000000000,0.0000000000,0.0000000000,1.0000000000,0,-16.4,-136.8,2096.9,1,1.0000000000,0.0000000040,-0.0000032615,-0.0000000040,1.0000000000,0.0000000110,0.0000032615,-0.0000000110,1.0000000000,0,-16.4,-477.2,2096.9,0,1.0000000000,0.0000000000,0.0000000000,-0.0000000000,1.0000000000,-0.0000000000,-0.0000000000,0.0000000000,1.0000000000,0,139.9,-122.0,2092.4,1,1.0000000000,-0.0000000041,0.0000022599,0.0000000041,1.0000000000,0.0000000009,-0.0000022599,-0.0000000009,1.0000000000,0,139.9,-462.4,2092.4,0,-113.9,-281.7,2058.5,1,220.0,-250.8,2030.3,1,-16.4,-804.5,2096.9,0,139.9,-789.6,2092.4,0,
5,0.9955385923,-0.0937591791,0.0104509098,0.0901148319,0.9778829217,0.1887462437,-0.0279164482,-0.1869629622,0.9819703102,1,11.8,376.6,1983.4,1,0.9955385923,-0.0937591791,0.0104509098,0.0901148319,0.9778829217,0.1887462437,-0.0279164482,-0.1869629622,0.9819703102,1,28.5,201.9,2016.8,1,0.9950906038,-0.0987316668,0.0066281795,0.0946467444,0.9691882133,0.2274136841,-0.0288768802,-0.2256705016,0.9737756848,1,45.4,37.0,2055.2,1,0.2101539969,-0.9043194652,0.3715396225,0.9570091367,0.2679907978,0.1109706238,-0.1999220848,0.3322458863,0.9217612743,1,-91.0,190.5,2020.3,1,-0.1092761159,-0.9324640632,0.3443391621,0.9931199551,-0.1170857921,-0.0018992994,0.0420882516,0.3417625427,0.9388434291,1,-140.9,-36.7,2067.8,1,0.3537729681,0.4521448910,0.8187854886,-0.9297145605,0.0741982013,0.3607289195,0.1023493111,-0.8888529539,0.4466150701,1,148.1,213.3,2013.4,1,-0.0513448641,0.4492516220,0.8919286728,-0.9984629154,-0.0044319965,-0.0552453063,-0.0208660178,-0.8933942914,0.4487887025,1,232.7,-9.1,2037.8,1,1.0000000000,-0.0000000000,-0.0000000000,0.0000000000,1.0000000000,-0.0000000000,0.0000000000,0.0000000000,1.0000000000,0,-16.0,-135.4,2095.9,1,1.0000000000,0.0000000036,-0.0000029354,-0.0000000036,1.0000000000,0.0000000099,0.0000029354,-0.0000000099,1.0000000000,0,-16.0,-475.8,2095.9,0,1.0000000000,0.0000000000,0.0000000000,-0.0000000000,1.0000000000,-0.0000000000,-0.0000000000,0.0000000000,1.0000000000,0,140.3,-120.5,2091.4,1,1.0000000000,-0.0000000037,0.0000020339,0.0000000037,1.0000000000,0.0000000008,-0.0000020339,-0.0000000008,1.0000000000,0,140.3,-460.9,2091.4,0,-114.1,-279.8,2057.5,1,220.2,-251.7,2032.8,1,-16.0,-803.0,2095.9,0,140.3,-788.2,2091.4,0,
6,0.9954479337,-0.0951135904,0.0058471132,0.0913977697,0.9703227282,0.2238774747,-0.0269673690,-0.2223245203,0.9745997787,1,11.0,377.5,1973.7,1,0.9954479337,-0.0951135904,0.0058471132,0.0913977697,0.9703227282,0.2238774747,-0.0269673690,-0.2223245203,0.9745997787,1,28.1,203.8,2013.5,1,0.9949092865,-0.1007127538,0.0031170603,0.0967155918,0.9631872773,0.2508329153,-0.0282643829,-0.2492551804,0.9680253863,1,45.2,39.9,2055.9,1,0.2117812485,-0.9059312940,0.3666568696,0.9535105228,0.2738320231,0.1258324534,-0.2143979371,0.3229622245,0.9218074679,1,-91.4,192.2,2016.9,1,-0.1112202257,-0.9354954362,0.3353778720,0.9929441810,-0.1185733750,-0.0014591585,0.0411319174,0.3328492343,0.9420825839,1,-141.8,-34.7,2067.9,1,0.3654415011,0.4527775049,0.8132927418,-0.9223763943,0.0586274862,0.3818175197,0.1251970679,-0.8896939754,0.4390562177,1,147.6,215.4,2010.1,1,-0.0606128760,0.4497447014,0.8910979629,-0.9976872206,0.0002162308,-0.0679722354,-0.0307628438,-0.8931570649,0.4486913979,1,234.7,-4.5,2039.9,1,1.0000000000,-0.0000000000,-0.0000000000,0.0000000000,1.0000000000,-0.0000000000,0.0000000000,0.0000000000,1.0000000000,0,-15.8,-131.6,2100.5,1,1.0000000000,0.0000000032,-0.0000026418,-0.0000000032,1.0000000000,0.0000000089,0.0000026418,-0.0000000089,1.0000000000,0,-15.8,-471.9,2100.5,0,1.0000000000,0.0000000000,0.0000000000,-0.0000000000,1.0000000000,-0.0000000000,-0.0000000000,0.0000000000,1.0000000000,0,140.5,-116.4,2096.1,1,1.0000000000,-0.0000000033,0.0000018305,0.0000000033,1.0000000000,0.0000000008,-0.0000018305,-0.0000000008,1.0000000000,0,140.5,-456.7,2096.1,0,-114.6,-277.8,2057.8,1,219.9,-246.9,2032.4,1,-15.8,-799.2,2100.5,0,140.5,-784.0,2096.1,0,
7,0.9957682490,-0.0915961191,0.0072818208,0.0877650529,0.9715933204,0.2197825909,-0.0272061992,-0.2182140350,0.9755217433,1,11.2,376.9,1974.8,1,0.9957682490,-0.0915961191,0.0072818208,0.0877650529,0.9715933204,0.2197825909,-0.0272061992,-0.2182140350,0.9755217433,1,27.6,203.7,2013.7,1,0.9949321747,-0.1004321203,0.0045406139,0.0961928666,0.9641231298,0.2474150062,-0.0292261243,-0.2457250208,0.9688990116,1,44.7,39.6,2055.5,1,0.2130950242,-0.9048069715,0.3686664701,0.9530234337,0.2756275535,0.1256017536,-0.2152599543,0.3245826662,0.9210370779,1,-91.9,192.1,2017.2,1,-0.1187401414,-0.9338660240,0.3373354375,0.9919604659,-0.1265432835,-0.0011529957,0.0437642746,0.3344865143,0.9413838387,1,-142.3,-33.1,2068.1,1,0.3680783212,0.4558590651,0.8103770614,-0.9197738767,0.0509011969,0.3891337812,0.1361409724,-0.8885953426,0.4380228817,1,147.1,215.2,2010.2,1,-0.0665880740,0.4531679451,0.8889347315,-0.9968328476,0.0086058695,-0.0790576562,-0.0434764512,-0.8913836479,0.4511597157,1,234.6,-3.4,2042.5,1,1.0000000000,-0.0000000000,-0.0000000000,0.0000000000,1.0000000000,-0.0000000000,0.0000000000,0.0000000000,1.0000000000,0,-16.4,-132.0,2099.6,1,1.0000000000,0.0000000029,-0.0000023776,-0.0000000029,1.0000000000,0.0000000080,0.0000023776,-0.0000000080,1.0000000000,0,-16.4,-472.3,2099.6,0,1.0000000000,0.0000000000,0.0000000000,-0.0000000000,1.0000000000,-0.0000000000,-0.0000000000,0.0000000000,1.0000000000,0,139.9,-116.8,2095.0,1,1.0000000000,-0.0000000030,0.0000016475,0.0000000030,1.0000000000,0.0000000007,-0.0000016475,-0.0000000007,1.0000000000,0,139.9,-457.2,2095.0,0,-113.2,-275.9,2057.4,1,218.4,-245.6,2032.0,1,-16.4,-799.6,2099.6,0,139.9,-784.5,2095.0,0,
8,0.9951193333,-0.0985748768,0.0042166621,0.0947440639,0.9666295648,0.2380153835,-0.0275382884,-0.2364548296,0.9712523222,1,9.3,376.5,1969.9,1,0.9951193333,-0.0985748768,0.0042166621,0.0947440639,0.9666295648,0.2380153835,-0.0275382884,-0.2364548296,0.9712523222,1,26.8,204.6,2011.9,1,0.9943814874,-0.1058291495,0.0016809648,0.1016972065,0.9597187638,0.2619123757,-0.0293312203,-0.2602705359,0.9650902748,1,44.8,41.3,2056.2,1,0.2068026066,-0.9077411294,0.3650187552,0.9531147480,0.2711578012,0.1343341619,-0.2209183127,0.3201241195,0.9212576747,1,-92.6,192.3,2015.4,1,-0.1193476319,-0.9355918765,0.3323010504,0.9919170737,-0.1268839240,-0.0009888870,0.0430888534,0.3294970691,0.9431728721,1,-141.5,-32.9,2067.6,1,0.3653726280,0.4542841613,0.8124831915,-0.9205238819,0.0466126129,0.3878958821,0.1383429617,-0.8896367550,0.4352103174,1,146.3,216.8,2008.4,1,-0.0690142214,0.4518355727,0.8894276619,-0.9964956045,0.0110134892,-0.0829169676,-0.0472605415,-0.8920332193,0.4494920671,1,234.0,-4.2,2041.6,1,1.0000000000,-0.0000000000,-0.0000000000,0.0000000000,1.0000000000,-0.0000000000,0.0000000000,0.0000000000,1.0000000000,0,-15.3,-130.0,2102.8,1,1.0000000000,0.0000000026,-0.0000021399,-0.0000000026,1.0000000000,0.0000000072,0.0000021399,-0.0000000072,1.0000000000,0,-15.3,-470.4,2102.8,0,1.0000000000,0.0000000000,0.0000000000,-0.0000000000,1.0000000000,-0.0000000000,-0.0000000000,0.0000000000,1.0000000000,0,141.0,-114.0,2098.2,1,1.0000000000,-0.0000000027,0.0000014827,0.0000000027,1.0000000000,0.0000000006,-0.0000014827,-0.0000000006,1.0000000000,0,141.0,-454.4,2098.2,0,-112.2,-275.7,2057.1,1,217.2,-246.4,2030.1,1,-15.3,-797.7,2102.8,0,141.0,-781.7,2098.2,0,
9,0.9939826131,-0.1094372422,0.0043768683,0.1049322486,0.9629952908,0.2482536137,-0.0313831009,-0.2463011295,0.9686852694,1,7.2,374.3,1966.9,1,0.9939826131,-0.1094372422,0.0043768683,0.1049322486,0.9629952908,0.2482536137,-0.0313831009,-0.2463011295,0.9686852694,1,26.7,202.9,2010.7,1,0.9936106801,-0.1128286049,0.0021255785,0.1081453338,0.9574127197,0.2677050829,-0.0322398543,-0.2657654285,0.9634987116,1,45.9,40.0,2055.9,1,0.2050189376,-0.9078728557,0.3656969070,0.9522501230,0.2713878453,0.1398872882,-0.2262455523,0.3195553720,0.9201616049,1,-92.6,190.0,2014.6,1,-0.1144186556,-0.9369304776,0.3302569985,0.9923248291,-0.1234864965,-0.0065336968,0.0469039045,0.3269746304,0.9438683987,1,-141.1,-34.9,2068.0,1,0.3696797490,0.4546696544,0.8103162646,-0.9169389009,0.0375421941,0.3972577751,0.1501999944,-0.8898686767,0.4307828248,1,146.0,215.9,2006.8,1,-0.0707757995,0.4526984692,0.8888503909,-0.9962792397,0.0118504651,-0.0853654966,-0.0491781160,-0.8915849924,0.4501753449,1,233.3,-0.6,2042.3,1,1.0000000000,-0.0000000000,-0.0000000000,0.0000000000,1.0000000000,-0.0000000000,0.0000000000,0.0000000000,1.0000000000,0,-13.0,-131.4,2103.7,1,1.0000000000,0.0000000023,-0.0000019259,-0.0000000023,1.0000000000,0.0000000065,0.0000019259,-0.0000000065,1.0000000000,0,-13.0,-471.7,2103.7,0,1.0000000000,0.0000000000,0.0000000000,-0.0000000000,1.0000000000,-0.0000000000,-0.0000000000,0.0000000000,1.0000000000,0,143.1,-114.4,2098.6,1,1.0000000000,-0.0000000024,0.0000013344,0.0000000024,1.0000000000,0.0000000006,-0.0000013344,-0.0000000006,1.0000000000,0,143.1,-454.7,2098.6,0,-113.0,-277.8,2056.5,1,216.1,-242.7,2030.3,1,-13.0,-799.0,2103.7,0,143.1,-782.0,2098.6,0,
10,0.9940394759,-0.1089968234,-0.0014667147,0.1058721840,0.9621658921,0.2510543466,-0.0259529054,-0.2497138679,0.9679720402,1,7.2,381.3,1965.4,1,0.9940394759,-0.1089968234,-0.0014667147,0.1058721840,0.9621658921,0.2510543466,-0.0259529054,-0.2497138679,0.9679720402,1,26.7,209.6,2010.0,1,0.9932082295,-0.1162821874,-0.0035766957,0.1129516587,0.9564874172,0.2690246105,-0.0278617069,-0.2676021457,0.9631268382,1,46.5,46.8,2055.5,1,0.1955303699,-0.9123549461,0.3596890271,0.9560046196,0.2591093779,0.1375404298,-0.2186844796,0.3169710636,0.9228794575,1,-92.6,196.0,2013.3,1,-0.1117522046,-0.9380791187,0.3279008567,0.9929361343,-0.1186457425,-0.0010256064,0.0398661457,0.3254700005,0.9447115660,1,-140.5,-38.1,2066.9,1,0.3529039621,0.4598811269,0.8148424029,-0.9241498113,0.0351434425,0.3804101944,0.1463071108,-0.8872846961,0.4374013841,1,146.0,223.2,2006.6,1,-0.0634033605,0.4584752619,0.8864424825,-0.9966900945,0.0161956009,-0.0796653703,-0.0508810803,-0.8885595202,0.4559308887,1,233.1,-5.1,2042.7,1,1.0000000000,-0.0000000000,-0.0000000000,0.0000000000,1.0000000000,-0.0000000000,0.0000000000,0.0000000000,1.0000000000,0,-11.7,-124.8,2103.2,1,1.0000000000,0.0000000021,-0.0000017333,-0.0000000021,1.0000000000,0.0000000059,0.0000017333,-0.0000000059,1.0000000000,0,-11.7,-465.2,2103.2,0,1.0000000000,0.0000000000,0.0000000000,-0.0000000000,1.0000000000,-0.0000000000,-0.0000000000,0.0000000000,1.0000000000,0,144.3,-107.1,2098.8,1,1.0000000000,-0.0000000022,0.0000012010,0.0000000022,1.0000000000,0.0000000005,-0.0000012010,-0.0000000005,1.0000000000,0,144.3,-447.4,2098.8,0,-113.1,-281.1,2057.1,1,217.7,-247.3,2030.4,1,-11.7,-792.4,2103.2,0,144.3,-774.7,2098.8,0,
11,0.9944359064,-0.1049406081,-0.0090330038,0.1038085073,0.9619562030,0.2527146339,-0.0178306643,-0.2522468865,0.9674989581,1,7.9,380.5,1965.2,1,0.9944359064,-0.1049406081,-0.0090330038,0.1038085073,0.9619562030,0.2527146339,-0.0178306643,-0.2522468865,0.9674989581,1,26.5,209.2,2010.1,1,0.9936294556,-0.1121388227,-0.0110598635,0.1109348461,0.9562720060,0.2706250548,-0.0197713245,-0.2701286376,0.9626215100,1,45.6,46.5,2056.0,1,0.2013786733,-0.9135589600,0.3533505201,0.9533250928,0.2656559348,0.1435204297,-0.2249840349,0.3079559505,0.9244161844,1,-92.8,195.9,2012.4,1,-0.1097904667,-0.9413149357,0.3191744089,0.9932297468,-0.1161630005,-0.0009361724,0.0379574858,0.3169107437,0.9476955533,1,-140.9,-32.0,2066.2,1,0.3644626737,0.4637642503,0.8075208068,-0.9194763899,0.0419483855,0.3909009695,0.1474116892,-0.8849651217,0.4417088628,1,145.9,222.6,2007.7,1,-0.0536329448,0.4623103440,0.8850947022,-0.9974198341,0.0175543446,-0.0696085095,-0.0477179922,-0.8865443468,0.4601760805,1,232.7,3.6,2042.8,1,1.0000000000,-0.0000000000,-0.0000000000,0.0000000000,1.0000000000,-0.0000000000,0.0000000000,0.0000000000,1.0000000000,0,-13.3,-124.9,2103.5,1,1.0000000000,0.0000000019,-0.0000015600,-0.0000000019,1.0000000000,0.0000000053,0.0000015600,-0.0000000053,1.0000000000,0,-13.3,-465.3,2103.5,0,1.0000000000,0.0000000000,0.0000000000,-0.0000000000,1.0000000000,-0.0000000000,-0.0000000000,0.0000000000,1.0000000000,0,142.7,-107.5,2100.4,1,1.0000000000,-0.0000000020,0.0000010809,0.0000000020,1.0000000000,0.0000000005,-0.0000010809,-0.0000000005,1.0000000000,0,142.7,-447.9,2100.4,0,-114.1,-275.1,2056.9,1,219.6,-238.8,2031.2,1,-13.3,-792.6,2103.5,0,142.7,-775.1,2100.4,0,
12,0.9944002628,-0.1045956910,-0.0149960155,0.1050111204,0.9624757171,0.2502274215,-0.0117393881,-0.2504015863,0.9680711627,1,7.5,378.0,1965.5,1,0.9944002628,-0.1045956910,-0.0149960155,0.1050111204,0.9624757171,0.2502274215,-0.0117393881,-0.2504015863,0.9680711627,1,26.1,206.9,2010.0,1,0.9935043454,-0.1124707088,-0.0172163993,0.1129301265,0.9562562704,0.2698542774,-0.0138873924,-0.2700463235,0.9627474546,1,45.2,44.2,2056.0,1,0.2026072145,-0.9149435759,0.3490397036,0.9516797066,0.2679656148,0.1500007361,-0.2307728529,0.3017827868,0.9250249267,1,-93.2,193.4,2011.7,1,-0.1105573401,-0.9428133368,0.3144519031,0.9933621287,-0.1149349585,0.0046470026,0.0317602605,0.3128783703,0.9492620230,1,-141.0,-30.8,2066.1,1,0.3774676621,0.4673130810,0.7994602919,-0.9136542678,0.0473109409,0.4037297070,0.1508449614,-0.8828251958,0.4448208809,1,145.4,220.5,2008.4,1,-0.0610081665,0.4655155838,0.8829344511,-0.9966550469,0.0197785087,-0.0792938843,-0.0543756671,-0.8848186731,0.4627518058,1,234.3,5.4,2043.9,1,1.0000000000,-0.0000000000,-0.0000000000,0.0000000000,1.0000000000,-0.0000000000,0.0000000000,0.0000000000,1.0000000000,0,-13.7,-127.4,2103.0,1,1.0000000000,0.0000000017,-0.0000014040,-0.0000000017,1.0000000000,0.0000000047,0.0000014040,-0.0000000047,1.0000000000,0,-13.7,-467.8,2103.0,0,1.0000000000,0.0000000000,0.0000000000,-0.0000000000,1.0000000000,-0.0000000000,-0.0000000000,0.0000000000,1.0000000000,0,142.4,-109.7,2100.9,1,1.0000000000,-0.0000000018,0.0000009728,0.0000000018,1.0000000000,0.0000000004,-0.0000009728,-0.0000000004,1.0000000000,0,142.4,-450.0,2100.9,0,-113.9,-274.0,2058.3,1,219.4,-236.8,2030.7,1,-13.7,-795.0,2103.0,0,142.4,-777.3,2100.9,0,
13,0.9944061041,-0.1052373499,-0.0088611888,0.1040698141,0.9621756673,0.2517700195,-0.0179695766,-0.2512844801,0.9677466750,1,6.6,375.2,1965.2,1,0.9944061041,-0.1052373499,-0.0088611888,0.1040698141,0.9621756673,0.2517700195,-0.0179695766,-0.2512844801,0.9677466750,1,25.3,204.5,2009.8,1,0.9935475588,-0.1128596067,-0.0110862497,0.1116208211,0.9559896588,0.2713394761,-0.0200249162,-0.2708268166,0.9624199867,1,44.5,41.8,2055.9,1,0.1972030103,-0.9142625928,0.3538852036,0.9537225366,0.2624879181,0.1466745883,-0.2269897014,0.3085836172,0.9237162471,1,-94.1,191.1,2012.2,1,-0.1099079773,-0.9408524632,0.3204947114,0.9933506250,-0.1150939539,0.0027792801,0.0342721008,0.3186691105,0.9472463131,1,-140.6,-34.1,2065.8,1,0.3697191775,0.4604654312,0.8070188761,-0.9183797240,0.0492782891,0.3926199079,0.1410193741,-0.8863089085,0.4411012232,1,144.6,217.9,2007.4,1,-0.0508978888,0.4585571587,0.8872061968,-0.9979850054,0.0103461891,-0.0626006201,-0.0378851630,-0.8886047006,0.4571065903,1,232.6,-0.7,2040.9,1,1.0000000000,-0.0000000000,-0.0000000000,0.0000000000,1.0000000000,-0.0000000000,0.0000000000,0.0000000000,1.0000000000,0,-14.4,-129.6,2103.5,1,1.0000000000,0.0000000015,-0.0000012636,-0.0000000015,1.0000000000,0.0000000043,0.0000012636,-0.0000000043,1.0000000000,0,-14.4,-470.0,2103.5,0,1.0000000000,0.0000000000,0.0000000000,-0.0000000000,1.0000000000,-0.0000000000,-0.0000000000,0.0000000000,1.0000000000,0,141.7,-112.1,2100.4,1,1.0000000000,-0.0000000016,0.0000008755,0.0000000016,1.0000000000,0.0000000004,-0.0000008755,-0.0000000004,1.0000000000,0,141.7,-452.5,2100.4,0,-113.7,-277.3,2057.4,1,220.2,-243.2,2031.7,1,-14.4,-797.3,2103.5,0,141.7,-779.7,2100.4,0,
14,0.9946616888,-0.1031093597,-0.0036831405,0.1005643010,0.9608953595,0.2580067515,-0.0230637956,-0.2570005059,0.9661362171,1,6.3,374.0,1964.1,1,0.9946616888,-0.1031093597,-0.0036831405,0.1005643010,0.9608953595,0.2580067515,-0.0230637956,-0.2570005059,0.9661362171,1,24.6,203.2,2009.8,1,0.9937852025,-0.1111672744,-0.0054528769,0.1084035337,0.9556480646,0.2738357484,-0.0252305381,-0.2727257013,0.9617611170,1,43.5,40.6,2056.2,1,0.1920249164,-0.9138147235,0.3578675091,0.9558739066,0.2567654550,0.1427468508,-0.2223321646,0.3146652579,0.9227969646,1,-94.8,190.2,2012.8,1,-0.1102826595,-0.9387934804,0.3263505995,0.9932924509,-0.1155864447,0.0031596108,0.0347554795,0.3245100379,0.9452435374,1,-140.4,-37.1,2065.7,1,0.3446067274,0.4612194002,0.8176325560,-0.9274528027,0.0325723588,0.3725188375,0.1451806873,-0.8866881132,0.4389839172,1,143.9,216.2,2006.7,1,-0.0277936291,0.4607940614,0.8870718479,-0.9986578822,0.0259987898,-0.0447950363,-0.0437040776,-0.8871263266,0.4594529867,1,226.7,-6.4,2041.6,1,1.0000000000,-0.0000000000,-0.0000000000,0.0000000000,1.0000000000,-0.0000000000,0.0000000000,0.0000000000,1.0000000000,0,-15.6,-130.6,2104.6,1,1.0000000000,0.0000000014,-0.0000011372,-0.0000000014,1.0000000000,0.0000000038,0.0000011372,-0.0000000038,1.0000000000,0,-15.6,-470.9,2104.6,0,1.0000000000,0.0000000000,0.0000000000,-0.0000000000,1.0000000000,-0.0000000000,-0.0000000000,0.0000000000,1.0000000000,0,140.5,-113.5,2100.6,1,1.0000000000,-0.0000000014,0.0000007880,0.0000000014,1.0000000000,0.0000000003,-0.0000007880,-0.0000000003,1.0000000000,0,140.5,-453.9,2100.6,0,-113.4,-280.3,2057.1,1,219.9,-249.0,2031.0,1,-15.6,-798.2,2104.6,0,140.5,-781.2,2100.6,0,
15,0.9946215153,-0.1035384014,0.0021901238,0.0995057374,0.9613168240,0.2568447888,-0.0286986958,-0.2552460432,0.9664502144,1,6.2,372.8,1964.0,1,0.9946215153,-0.1035384014,0.0021901238,0.0995057374,0.9613168240,0.2568447888,-0.0286986958,-0.2552460432,0.9664502144,1,24.6,201.8,2009.4,1,0.9940789938,-0.1086450294,0.0004254780,0.1044090688,0.9563906193,0.2727935910,-0.0300445892,-0.2711346149,0.9620725513,1,43.1,39.1,2055.5,1,0.1972723752,-0.9108767509,0.3624735177,0.9552941918,0.2616643310,0.1376398802,-0.2202193737,0.3191162944,0.9217744470,1,-94.7,189.3,2013.0,1,-0.1143114045,-0.9363455772,0.3319487572,0.9928361773,-0.1193713918,0.0051804013,0.0347745381,0.3301629126,0.9432832003,1,-141.4,-36.5,2065.0,1,0.3437530398,0.4604230523,0.8184402585,-0.9261611104,0.0222674757,0.3764700294,0.1551108956,-0.8874202371,0.4340804517,1,144.0,214.4,2005.8,1,-0.0224246997,0.4601979256,0.8875330687,-0.9990128279,0.0237358771,-0.0375487618,-0.0383462384,-0.8874989748,0.4592114091,1,226.7,-8.3,2043.1,1,1.0000000000,-0.0000000000,-0.0000000000,0.0000000000,1.0000000000,-0.0000000000,0.0000000000,0.0000000000,1.0000000000,0,-16.5,-131.9,2104.0,1,1.0000000000,0.0000000012,-0.0000010235,-0.0000000012,1.0000000000,0.0000000035,0.0000010235,-0.0000000035,1.0000000000,0,-16.5,-472.2,2104.0,0,1.0000000000,0.0000000000,0.0000000000,-0.0000000000,1.0000000000,-0.0000000000,-0.0000000000,0.0000000000,1.0000000000,0,139.7,-115.5,2099.3,1,1.0000000000,-0.0000000013,0.0000007092,0.0000000013,1.0000000000,0.0000000003,-0.0000007092,-0.0000000003,1.0000000000,0,139.7,-455.8,2099.3,0,-113.4,-279.5,2056.5,1,221.3,-251.1,2033.8,1,-16.5,-799.5,2104.0,0,139.7,-783.1,2099.3,0,
16,0.9945731163,-0.1040225700,-0.0008105260,0.1012457609,0.9661769867,0.2371748090,-0.0238884091,-0.2359703332,0.9714667201,1,5.8,374.0,1969.0,1,0.9945731163,-0.1040225700,-0.0008105260,0.1012457609,0.9661769867,0.2371748090,-0.0238884091,-0.2359703332,0.9714667201,1,24.3,202.3,2010.9,1,0.9942352772,-0.1071566120,-0.0032633727,0.1043270528,0.9600787163,0.2595482767,-0.0246792100,-0.2583931386,0.9657246470,1,42.6,38.9,2054.9,1,0.1975471228,-0.9116186500,0.3604534566,0.9565919638,0.2596330643,0.1323731542,-0.2142594755,0.3186569512,0.9233366847,1,-95.1,189.7,2013.9,1,-0.1172491908,-0.9360991716,0.3316186965,0.9925087690,-0.1219984740,0.0065381322,0.0343366414,0.3299010694,0.9433907866,1,-141.8,-36.5,2064.5,1,0.3489733040,0.4636571407,0.8143953085,-0.9256618619,0.0349915326,0.3767301440,0.1461766809,-0.8853234649,0.4414009154,1,143.7,214.8,2007.9,1,-0.0287703592,0.4630112052,0.8858854175,-0.9988899827,0.0197534077,-0.0427645221,-0.0372997038,-0.8861324191,0.4619288445,1,228.3,-9.4,2043.3,1,1.0000000000,-0.0000000000,-0.0000000000,0.0000000000,1.0000000000,-0.0000000000,0.0000000000,0.0000000000,1.0000000000,0,-17.3,-132.7,2100.8,1,1.0000000000,0.0000000011,-0.0000009211,-0.0000000011,1.0000000000,0.0000000031,0.0000009211,-0.0000000031,1.0000000000,0,-17.3,-473.0,2100.8,0,1.0000000000,0.0000000000,0.0000000000,-0.0000000000,1.0000000000,-0.0000000000,-0.0000000000,0.0000000000,1.0000000000,0,138.9,-116.3,2096.9,1,1.0000000000,-0.0000000012,0.0000006383,0.0000000012,1.0000000000,0.0000000003,-0.0000006383,-0.0000000003,1.0000000000,0,138.9,-456.6,2096.9,0,-113.1,-279.4,2056.1,1,221.3,-252.2,2034.3,1,-17.3,-800.3,2100.8,0,138.9,-783.9,2096.9,0,
17,0.9943277836,-0.1062218025,-0.0051083509,0.1042218357,0.9638068080,0.2453873158,-0.0211420022,-0.2445284277,0.9694116712,1,5.6,376.7,1966.4,1,0.9943277836,-0.1062218025,-0.0051083509,0.1042218357,0.9638068080,0.2453873158,-0.0211420022,-0.2445284277,0.9694116712,1,24.6,204.6,2010.1,1,0.9939248562,-0.1098303050,-0.0068999920,0.1078082398,0.9592092633,0.2613341808,-0.0220838636,-0.2604910433,0.9652237296,1,43.3,41.4,2054.4,1,0.2016641051,-0.9119853973,0.3572309017,0.9550979733,0.2639344633,0.1346340626,-0.2170698941,0.3140396476,0.9242616296,1,-94.8,191.7,2012.8,1,-0.1182273701,-0.9375830889,0.3270477653,0.9923707843,-0.1231589317,0.0056678504,0.0349647775,0.3252227604,0.9449908137,1,-142.8,-35.8,2064.5,1,0.3416743577,0.4652558565,0.8165755868,-0.9292047024,0.0370238200,0.3677062094,0.1408447027,-0.8844016790,0.4449680448,1,143.9,217.6,2007.4,1,-0.0296909697,0.4644958079,0.8850775361,-0.9989619255,0.0168150086,-0.0423360132,-0.0345474817,-0.8854157329,0.4635143578,1,227.4,-9.4,2041.9,1,1.0000000000,-0.0000000000,-0.0000000000,0.0000000000,1.0000000000,-0.0000000000,0.0000000000,0.0000000000,1.0000000000,0,-16.1,-130.3,2100.5,1,1.0000000000,0.0000000010,-0.0000008290,-0.0000000010,1.0000000000,0.0000000028,0.0000008290,-0.0000000028,1.0000000000,0,-16.1,-470.7,2100.5,0,1.0000000000,0.0000000000,0.0000000000,-0.0000000000,1.0000000000,-0.0000000000,-0.0000000000,0.0000000000,1.0000000000,0,140.0,-113.4,2097.0,1,1.0000000000,-0.0000000010,0.0000005744,0.0000000010,1.0000000000,0.0000000002,-0.0000005744,-0.0000000002,1.0000000000,0,140.0,-453.7,2097.0,0,-113.9,-278.8,2055.9,1,220.2,-252.2,2033.5,1,-16.1,-798.0,2100.5,0,140.0,-781.0,2097.0,0,
18,0.9945438504,-0.1035483927,-0.0125346696,0.1033549383,0.9621732235,0.2520732880,-0.0140412366,-0.2519940734,0.9676269889,1,6.4,375.9,1964.7,1,0.9945438504,-0.1035483927,-0.0125346696,0.1033549383,0.9621732235,0.2520732880,-0.0140412366,-0.2519940734,0.9676269889,1,24.8,204.6,2009.5,1,0.9939426780,-0.1089685485,-0.0141653661,0.1087855473,0.9575916529,0.2668040991,-0.0155085977,-0.2667296231,0.9636466503,1,43.4,41.6,2054.9,1,0.2054625750,-0.9133142829,0.3516277671,0.9516255856,0.2703186274,0.1460704505,-0.2284597903,0.3046059608,0.9246736169,1,-94.5,191.5,2011.4,1,-0.1192305535,-0.9413194656,0.3157561719,0.9919707775,-0.1264450103,-0.0023813024,0.0421673544,0.3129369617,0.9488374591,1,-143.2,-33.7,2065.5,1,0.3499397337,0.4679005742,0.8115487695,-0.9261071086,0.0424453691,0.3748653531,0.1409531981,-0.8827613592,0.4481793642,1,144.2,217.6,2007.7,1,-0.0343293808,0.4670174420,0.8835814595,-0.9985359311,0.0209516101,-0.0498696417,-0.0418024473,-0.8839998245,0.4656144679,1,229.0,-6.6,2041.8,1,1.0000000000,-0.0000000000,-0.0000000000,0.0000000000,1.0000000000,-0.0000000000,0.0000000000,0.0000000000,1.0000000000,0,-16.1,-129.9,2101.5,1,1.0000000000,0.0000000009,-0.0000007461,-0.0000000009,1.0000000000,0.0000000025,0.0000007461,-0.0000000025,1.0000000000,0,-16.1,-470.2,2101.5,0,1.0000000000,0.0000000000,0.0000000000,-0.0000000000,1.0000000000,-0.0000000000,-0.0000000000,0.0000000000,1.0000000000,0,140.0,-112.8,2099.1,1,1.0000000000,-0.0000000009,0.0000005170,0.0000000009,1.0000000000,0.0000000002,-0.0000005170,-0.0000000002,1.0000000000,0,140.0,-453.2,2099.1,0,-114.0,-276.5,2055.1,1,220.6,-249.2,2031.6,1,-16.1,-797.5,2101.5,0,140.0,-780.4,2099.1,0,
19,0.9942495823,-0.1063879579,-0.0120924842,0.1060037166,0.9621034265,0.2512385249,-0.0150945093,-0.2510762513,0.9678496122,1,6.0,374.5,1964.8,1,0.9942495823,-0.1063879579,-0.0120924842,0.1060037166,0.9621034265,0.2512385249,-0.0150945093,-0.2510762513,0.9678496122,1,25.0,202.9,2009.6,1,0.9936230779,-0.1118658260,-0.0139972894,0.1115117446,0.9569475651,0.2679870427,-0.0165838990,-0.2678396404,0.9633207917,1,44.1,40.1,2055.2,1,0.2079909593,-0.9127246737,0.3516720831,0.9508211017,0.2730292082,0.1462678760,-0.2295190990,0.3039548397,0.9246255159,1,-94.3,189.5,2011.6,1,-0.1257883310,-0.9401243925,0.3167701364,0.9912932515,-0.1316394359,0.0029538015,0.0389225036,0.3143836558,0.9484977126,1,-143.0,-33.0,2065.3,1,0.3535347283,0.4644085169,0.8119964004,-0.9257617593,0.0492795780,0.3748823404,0.1340836883,-0.8842491508,0.4473536611,1,144.4,216.3,2007.6,1,-0.0426260829,0.4628457725,0.8854133487,-0.9985329509,0.0098830834,-0.0532382838,-0.0333917290,-0.8863837123,0.4617454708,1,229.7,-7.1,2039.9,1,1.0000000000,-0.0000000000,-0.0000000000,0.0000000000,1.0000000000,-0.0000000000,0.0000000000,0.0000000000,1.0000000000,0,-15.0,-131.5,2102.0,1,1.0000000000,0.0000000008,-0.0000006715,-0.0000000008,1.0000000000,0.0000000023,0.0000006715,-0.0000000023,1.0000000000,0,-15.0,-471.9,2102.0,0,1.0000000000,0.0000000000,0.0000000000,-0.0000000000,1.0000000000,-0.0000000000,-0.0000000000,0.0000000000,1.0000000000,0,141.1,-114.0,2099.4,1,1.0000000000,-0.0000000008,0.0000004653,0.0000000008,1.0000000000,0.0000000002,-0.0000004653,-0.0000000002,1.0000000000,0,141.1,-454.4,2099.4,0,-112.2,-275.7,2055.8,1,219.3,-249.7,2031.8,1,-15.0,-799.2,2102.0,0,141.1,-781.7,2099.4,0,
20,0.9934409857,-0.1124499291,-0.0206590928,0.1140505821,0.9620161057,0.2480282634,-0.0080163488,-0.2487582564,0.9685324430,1,5.2,372.4,1964.9,1,0.9934409857,-0.1124499291,-0.0206590928,0.1140505821,0.9620161057,0.2480282634,-0.0080163488,-0.2487582564,0.9685324430,1,25.3,200.5,2009.3,1,0.9930797219,-0.1151214540,-0.0231623370,0.1170953140,0.9559605718,0.2691256404,-0.0088398270,-0.2699761093,0.9628264308,1,44.9,37.8,2055.2,1,0.2091583163,-0.9152160883,0.3444305062,0.9491309524,0.2747800052,0.1537739784,-0.2353790551,0.2947465479,0.9261323810,1,-94.0,186.4,2010.4,1,-0.1172942221,-0.9445677400,0.3066495955,0.9923892021,-0.1231404692,0.0002837633,0.0374929383,0.3043490350,0.9518224597,1,-142.7,-34.4,2065.1,1,0.3556781411,0.4714952707,0.8069605231,-0.9243432879,0.0498454571,0.3782921135,0.1381396353,-0.8804587722,0.4535524249,1,144.5,214.6,2008.2,1,-0.0635131672,0.4689694941,0.8809277415,-0.9970484972,0.0083312932,-0.0763204917,-0.0431312472,-0.8831750154,0.4670562148,1,230.2,-8.0,2041.5,1,1.0000000000,-0.0000000000,-0.0000000000,0.0000000000,1.0000000000,-0.0000000000,0.0000000000,0.0000000000,1.0000000000,0,-13.6,-134.1,2101.9,1,1.0000000000,0.0000000007,-0.0000006044,-0.0000000007,1.0000000000,0.0000000020,0.0000006044,-0.0000000020,1.0000000000,0,-13.6,-474.4,2101.9,0,1.0000000000,0.0000000000,0.0000000000,-0.0000000000,1.0000000000,-0.0000000000,-0.0000000000,0.0000000000,1.0000000000,0,142.4,-115.7,2100.5,1,1.0000000000,-0.0000000008,0.0000004188,0.0000000008,1.0000000000,0.0000000002,-0.0000004188,-0.0000000002,1.0000000000,0,142.4,-456.0,2100.5,0,-114.0,-277.3,2056.0,1,214.7,-250.2,2031.0,1,-13.6,-801.7,2101.9,0,142.4,-783.3,2100.5,0,
21,0.9938471317,-0.1078132689,-0.0253168978,0.1107457653,0.9671327472,0.2288890332,-0.0001924302,-0.2302850634,0.9731231332,1,5.8,372.5,1969.4,1,0.9938471317,-0.1078132689,-0.0253168978,0.1107457653,0.9671327472,0.2288890332,-0.0001924302,-0.2302850634,0.9731231332,1,25.1,199.5,2010.6,1,0.9931004047,-0.1137571931,-0.0284188073,0.1172389388,0.9595780969,0.2558622956,-0.0018360754,-0.2574294209,0.9662953615,1,44.5,36.2,2054.4,1,0.2070612013,-0.9168412685,0.3413614929,0.9509147406,0.2706302702,0.1500681341,-0.2299714237,0.2935323715,0.9278748631,1,-94.2,185.4,2010.8,1,-0.1261326373,-0.9437375665,0.3056957424,0.9913030863,-0.1315680742,0.0028456934,0.0375342183,0.3033960760,0.9521249533,1,-142.7,-37.5,2064.7,1,0.3561872840,0.4779898226,0.8029050827,-0.9248126745,0.0574655607,0.3760576546,0.1336123049,-0.8764837384,0.4625194967,1,144.4,213.6,2010.4,1,-0.0839764923,0.4736744761,0.8766872287,-0.9953878522,0.0010723323,-0.0959260240,-0.0463778116,-0.8806993365,0.4713998139,1,230.4,-9.7,2042.6,1,1.0000000000,-0.0000000000,-0.0000000000,0.0000000000,1.0000000000,-0.0000000000,0.0000000000,0.0000000000,1.0000000000,0,-14.2,-136.3,2098.3,1,1.0000000000,0.0000000007,-0.0000005439,-0.0000000007,1.0000000000,0.0000000018,0.0000005439,-0.0000000018,1.0000000000,0,-14.2,-476.6,2098.3,0,1.0000000000,0.0000000000,0.0000000000,-0.0000000000,1.0000000000,-0.0000000000,-0.0000000000,0.0000000000,1.0000000000,0,141.8,-117.8,2098.0,1,1.0000000000,-0.0000000007,0.0000003769,0.0000000007,1.0000000000,0.0000000002,-0.0000003769,-0.0000000002,1.0000000000,0,141.8,-458.2,2098.0,0,-111.9,-280.2,2055.5,1,210.0,-251.5,2031.4,1,-14.2,-803.9,2098.3,0,141.8,-785.5,2098.0,0,
22,0.9935854673,-0.1102407426,-0.0251317993,0.1130668893,0.9701344371,0.2146056890,0.0007229772,-0.2160712630,0.9763773084,1,3.9,373.4,1972.1,1,0.9935854673,-0.1102407426,-0.0251317993,0.1130668893,0.9701344371,0.2146056890,0.0007229772,-0.2160712630,0.9763773084,1,23.6,200.1,2010.7,1,0.9924660921,-0.1190782636,-0.0287779998,0.1224967688,0.9616716504,0.2453216612,-0.0015374537,-0.2469992936,0.9690144658,1,43.8,36.5,2052.8,1,0.1995769441,-0.9181722403,0.3422406316,0.9541755915,0.2615790367,0.1453456432,-0.2229753435,0.2975500226,0.9283027053,1,-95.6,185.4,2010.9,1,-0.1224285737,-0.9430142045,0.3094113767,0.9918480515,-0.1273529977,0.0043142033,0.0353361107,0.3074172437,0.9509184957,1,-142.5,-38.8,2063.3,1,0.3553914130,0.4804565310,0.8017845750,-0.9253801703,0.0599082485,0.3742761314,0.1317898929,-0.8749700785,0.4658957720,1,142.8,214.8,2010.6,1,-0.0869803727,0.4757075608,0.8752924204,-0.9951398373,-0.0007764809,-0.0984679908,-0.0461623110,-0.8796031475,0.4734631479,1,228.9,-9.4,2042.5,1,1.0000000000,-0.0000000000,-0.0000000000,0.0000000000,1.0000000000,-0.0000000000,0.0000000000,0.0000000000,1.0000000000,0,-13.9,-136.8,2094.9,1,1.0000000000,0.0000000006,-0.0000004895,-0.0000000006,1.0000000000,0.0000000017,0.0000004895,-0.0000000017,1.0000000000,0,-13.9,-477.2,2094.9,0,1.0000000000,0.0000000000,0.0000000000,-0.0000000000,1.0000000000,-0.0000000000,-0.0000000000,0.0000000000,1.0000000000,0,142.0,-117.6,2094.7,1,1.0000000000,-0.0000000006,0.0000003392,0.0000000006,1.0000000000,0.0000000001,-0.0000003392,-0.0000000001,1.0000000000,0,142.0,-457.9,2094.7,0,-112.6,-281.6,2054.7,1,207.7,-251.2,2031.3,1,-13.9,-804.4,2094.9,0,142.0,-785.2,2094.7,0,
23,0.9930599928,-0.1125080884,-0.0342142358,0.1174891219,0.9616136551,0.2479839325,0.0050007310,-0.2502833307,0.9681597352,1,2.6,377.8,1962.5,1,0.9930599928,-0.1125080884,-0.0342142358,0.1174891219,0.9616136551,0.2479839325,0.0050007310,-0.2502833307,0.9681597352,1,22.7,205.9,2007.3,1,0.9923934340,-0.1175227389,-0.0366123132,0.1230442151,0.9555378556,0.2679702640,0.0034918943,-0.2704375386,0.9627312422,1,42.7,43.3,2053.3,1,0.1898015738,-0.9237087965,0.3327721655,0.9545659423,0.2529172301,0.1575965881,-0.2297371626,0.2877408862,0.9297451377,1,-96.4,191.1,2006.9,1,-0.1147168726,-0.9476960301,0.2978461087,0.9928146601,-0.1196505800,0.0016794523,0.0340458527,0.2958986461,0.9546124339,1,-142.4,-39.9,2062.5,1,0.3467645943,0.4833069444,0.8038462996,-0.9277117848,0.0504345447,0.3698746264,0.1382213086,-0.8739970922,0.4658584893,1,141.9,220.7,2007.7,1,-0.0847412646,0.4791535735,0.8736308813,-0.9954588413,-0.0025516674,-0.0951589644,-0.0433665365,-0.8777275085,0.4771938622,1,227.8,-9.1,2041.9,1,1.0000000000,-0.0000000000,-0.0000000000,0.0000000000,1.0000000000,-0.0000000000,0.0000000000,0.0000000000,1.0000000000,0,-15.2,-128.9,2099.0,1,1.0000000000,0.0000000005,-0.0000004406,-0.0000000005,1.0000000000,0.0000000015,0.0000004406,-0.0000000015,1.0000000000,0,-15.2,-469.2,2099.0,0,1.0000000000,0.0000000000,0.0000000000,-0.0000000000,1.0000000000,-0.0000000000,-0.0000000000,0.0000000000,1.0000000000,0,140.7,-109.6,2099.6,1,1.0000000000,-0.0000000006,0.0000003053,0.0000000006,1.0000000000,0.0000000001,-0.0000003053,-0.0000000001,1.0000000000,0,140.7,-449.9,2099.6,0,-114.3,-282.9,2054.1,1,207.2,-251.0,2031.4,1,-15.2,-796.5,2099.0,0,140.7,-777.2,2099.6,0,
