1,0.9993873835,-0.0318298601,-0.0144790467,0.0344223753,0.9683622122,0.2471666485,0.0061535034,-0.2475141585,0.9688651562,1,-2.8,389.2,1884.9,1,0.9993873835,-0.0318298601,-0.0144790467,0.0344223753,0.9683622122,0.2471666485,0.0061535034,-0.2475141585,0.9688651562,1,3.6,195.6,1934.4,1,0.9993558526,-0.0333056897,-0.0132864909,0.0353638828,0.9767271280,0.2115543336,0.0059311292,-0.2118883878,0.9772763252,1,10.1,5.9,1975.6,1,0.1765823960,-0.4908648431,-0.8531531692,0.9633250237,-0.0917396471,0.2521680892,-0.2020484358,-0.8663921952,0.4566627741,1,-123.3,191.1,1933.7,1,-0.0764077604,-0.4986625314,-0.8634219766,0.9963782430,-0.0057824515,-0.0848340169,0.0373108499,-0.8667768836,0.4972984195,1,-169.0,-58.3,1986.0,1,0.2631363869,0.5002743006,0.8249150515,-0.9519145489,-0.0044256151,0.3063314557,0.1569005102,-0.8658555746,0.4750539362,1,130.5,200.1,1935.2,1,0.0489462130,0.5027952790,0.8630186915,-0.9958848953,-0.0414157361,0.0806105658,0.0762731656,-0.8634128571,0.4986990392,1,196.3,-37.8,1974.4,1,1.0000000000,-0.0000000000,-0.0000000000,0.0000000000,1.0000000000,-0.0000000000,0.0000000000,0.0000000000,1.0000000000,0,-73.0,-186.9,2016.2,1,1.0000000000,0.0000000000,-0.0000000000,-0.0000000000,1.0000000000,-0.0000000000,0.0000000000,0.0000000000,1.0000000000,0,-73.0,-575.3,2016.2,0,0.9405885339,0.1800164878,0.2879014015,-0.1804187298,0.9832626581,-0.0253687948,-0.2876495123,-0.0280812122,0.9573239684,0,106.1,-180.6,2017.2,1,0.3764833212,0.0026334731,0.9264196157,-0.0098557174,0.9999507666,0.0011627227,-0.9263709784,-0.0095682759,0.3764907122,0,36.1,-562.5,2028.1,0,-149.6,-311.3,1976.5,1,208.7,-290.7,1993.7,1,-73.0,-948.7,2016.2,0,35.2,-935.9,2031.7,0,
2,0.9994810224,-0.0300341379,-0.0115621928,0.0319823250,0.9669660330,0.2528942823,0.0035846068,-0.2531333566,0.9674252272,1,-2.4,392.1,1883.0,1,0.9994810224,-0.0300341379,-0.0115621928,0.0319823250,0.9669660330,0.2528942823,0.0035846068,-0.2531333566,0.9674252272,1,3.6,199.0,1933.5,1,0.9994521141,-0.0313943177,-0.0103869904,0.0328962170,0.9759007692,0.2157248408,0.0033639544,-0.2159488052,0.9763993621,1,9.7,9.5,1975.5,1,0.1889582276,-0.4921901226,-0.8497316241,0.9601319432,-0.0889355019,0.2650226057,-0.2060127705,-0.8659327030,0.4557624459,1,-123.3,194.8,1933.1,1,-0.0750663877,-0.4997043312,-0.8629372120,0.9964458346,-0.0044214465,-0.0841198787,0.0382196344,-0.8661847711,0.4982602000,1,-171.0,-47.5,1985.1,1,0.2590774298,0.4984923601,0.8272751570,-0.9524106383,-0.0105688497,0.3046345711,0.1606013477,-0.8668295741,0.4720313251,1,130.5,203.2,1933.9,1,0.0217055678,0.5006131530,0.8653989434,-0.9960654378,-0.0635623336,0.0617522225,0.0859207511,-0.8633343577,0.4972638488,1,194.5,-32.3,1973.6,1,1.0000000000,-0.0000000000,-0.0000000000,0.0000000000,1.0000000000,-0.0000000000,0.0000000000,0.0000000000,1.0000000000,0,-73.8,-183.0,2017.1,1,1.0000000000,0.0000000000,-0.0000000000,-0.0000000000,1.0000000000,-0.0000000000,0.0000000000,0.0000000000,1.0000000000,0,-73.8,-571.4,2017.1,0,0.9618393183,0.1450938135,0.2319761664,-0.1453521699,0.9892494082,-0.0160729419,-0.2318143696,-0.0182586629,0.9725886583,0,105.3,-177.1,2017.7,1,0.4833493829,0.0029086631,0.8754227161,-0.0088930689,0.9999591708,0.0015877073,-0.8753824234,-0.0085526109,0.4833555222,0,49.0,-561.3,2024.8,0,-152.0,-300.5,1975.4,1,200.0,-285.1,1995.5,1,-73.8,-944.8,2017.1,0,47.9,-934.7,2028.0,0,
3,0.9995564222,-0.0296312366,-0.0026431433,0.0293145664,0.9659546614,0.2570486665,-0.0050636935,-0.2570126057,0.9663951993,1,-3.6,387.3,1882.0,1,0.9995564222,-0.0296312366,-0.0026431433,0.0293145664,0.9659546614,0.2570486665,-0.0050636935,-0.2570126057,0.9663951993,1,2.3,195.0,1933.2,1,0.9995441437,-0.0301160403,-0.0015946338,0.0297129378,0.9743668437,0.2229978144,-0.0051622395,-0.2229439914,0.9748180509,1,8.2,5.7,1976.4,1,0.1902605295,-0.4982675016,-0.8458903432,0.9597681761,-0.0868408605,0.2670274973,-0.2065089643,-0.8626634479,0.4616989195,1,-124.6,191.2,1933.8,1,-0.0711618736,-0.5057993531,-0.8597109914,0.9965853691,0.0001304448,-0.0825682953,0.0418751352,-0.8626511097,0.5040630102,1,-171.5,-45.7,1984.8,1,0.2680756152,0.4909849763,0.8288964033,-0.9482119679,-0.0176947862,0.3171450198,0.1703805923,-0.8709883690,0.4608142674,1,129.3,198.7,1932.5,1,0.0035705401,0.4924230576,0.8703486919,-0.9956883788,-0.0789251998,0.0487387776,0.0926925316,-0.8667701483,0.4900180995,1,193.9,-30.0,1973.6,1,1.0000000000,-0.0000000000,-0.0000000000,0.0000000000,1.0000000000,-0.0000000000,0.0000000000,0.0000000000,1.0000000000,0,-75.5,-186.1,2020.2,1,1.0000000000,0.0000000000,-0.0000000000,-0.0000000000,1.0000000000,-0.0000000000,0.0000000000,0.0000000000,1.0000000000,0,-75.5,-574.5,2020.2,0,0.9755207300,0.1166344583,0.1864286959,-0.1168001890,0.9931037426,-0.0101331361,-0.1863248944,-0.0118898246,0.9824162126,0,103.6,-180.8,2019.3,1,0.5737755299,0.0030521089,0.8190068603,-0.0079891011,0.9999663234,0.0018704906,-0.8189736009,-0.0076163709,0.5737805963,0,58.3,-566.5,2023.9,0,-153.5,-298.8,1974.1,1,194.9,-282.8,1997.1,1,-75.5,-948.0,2020.2,0,57.2,-940.0,2026.7,0,
4,0.9994442463,-0.0332945324,0.0008459769,0.0319558755,0.9658064246,0.2572901845,-0.0093835872,-0.2571206391,0.9663342237,1,-5.7,383.2,1882.0,1,0.9994442463,-0.0332945324,0.0008459769,0.0319558755,0.9658064246,0.2572901845,-0.0093835872,-0.2571206391,0.9663342237,1,0.9,191.1,1933.1,1,0.9995478392,-0.0299770609,0.0018777307,0.0287801046,0.9737812877,0.2256618142,-0.0085933656,-0.2255061865,0.9742043018,1,6.7,2.0,1976.9,1,0.1941599399,-0.4991815686,-0.8444642425,0.9604339004,-0.0784877986,0.2672196925,-0.1996712536,-0.8629354239,0.4641917348,1,-126.0,187.4,1934.2,1,-0.0688972250,-0.5050891638,-0.8603127599,0.9970203638,-0.0048736185,-0.0769840106,0.0346909575,-0.8630533218,0.5039200187,1,-173.7,-48.1,1983.2,1,0.2739958167,0.4900580645,0.8275080323,-0.9439699054,-0.0275602490,0.3288789093,0.1839760691,-0.8712540865,0.4550486505,1,127.8,194.7,1932.0,1,-0.0010358375,0.4909141958,0.8712072372,-0.9960949421,-0.0774179548,0.0424397253,0.0882813558,-0.8677611351,0.4890774488,1,194.0,-33.1,1976.5,1,1.0000000000,-0.0000000000,-0.0000000000,0.0000000000,1.0000000000,-0.0000000000,0.0000000000,0.0000000000,1.0000000000,0,-77.0,-189.7,2021.5,1,1.0000000000,0.0000000000,-0.0000000000,-0.0000000000,1.0000000000,-0.0000000000,0.0000000000,0.0000000000,1.0000000000,0,-77.0,-578.1,2021.5,0,0.9843101501,0.0935973227,0.1495763212,-0.0937035531,0.9955798984,-0.0063529988,-0.1495098025,-0.0077625127,0.9887297750,0,102.1,-184.5,2019.9,1,0.6496143341,0.0030953381,0.7602575421,-0.0071538845,0.9999723434,0.0020414304,-0.7602302432,-0.0067649381,0.6496185064,0,65.8,-571.2,2023.0,0,-156.2,-301.3,1974.4,1,193.7,-286.0,1998.9,1,-77.0,-951.5,2021.5,0,64.6,-944.7,2025.5,0,
5,0.9995768666,-0.0289369281,0.0026169233,0.0274480674,0.9700010419,0.2415494025,-0.0095283007,-0.2413758337,0.9703853726,1,-4.5,381.0,1886.5,1,0.9995768666,-0.0289369281,0.0026169233,0.0274480674,0.9700010419,0.2415494025,-0.0095283007,-0.2413758337,0.9703853726,1,1.2,188.2,1934.5,1,0.9995645881,-0.0292843562,0.0033354980,0.0278577041,0.9756555557,0.2175358534,-0.0096248835,-0.2173486501,0.9760470390,1,6.9,-1.2,1976.7,1,0.2072062939,-0.4982016683,-0.8419386744,0.9603446126,-0.0605323985,0.2721656263,-0.1865579337,-0.8649457097,0.4659025371,1,-125.7,184.7,1935.7,1,-0.0731999576,-0.5022369623,-0.8616262078,0.9967525601,-0.0077698994,-0.0801506415,0.0335598700,-0.8646951318,0.5011746287,1,-176.3,-49.8,1981.2,1,0.2713463902,0.4901313782,0.8283371329,-0.9455504417,-0.0249675363,0.3245165348,0.1797372550,-0.8712909222,0.4566690922,1,128.1,191.8,1933.2,1,-0.0064635165,0.4907526672,0.8712749481,-0.9958977699,-0.0817985684,0.0386856794,0.0902541429,-0.8674507141,0.4892682135,1,193.7,-36.8,1976.7,1,1.0000000000,-0.0000000000,-0.0000000000,0.0000000000,1.0000000000,-0.0000000000,0.0000000000,0.0000000000,1.0000000000,0,-77.0,-193.2,2019.7,1,1.0000000000,0.0000000000,-0.0000000000,-0.0000000000,1.0000000000,-0.0000000000,0.0000000000,0.0000000000,1.0000000000,0,-77.0,-581.6,2019.7,0,0.9899489880,0.0750281438,0.1198822185,-0.0750961974,0.9971684217,-0.0039563593,-0.1198396012,-0.0050861049,0.9927802086,0,102.2,-188.2,2018.0,1,0.7127764821,0.0030643125,0.7013844848,-0.0063912463,0.9999772906,0.0021262043,-0.7013620734,-0.0059982301,0.7127798796,0,73.0,-575.5,2020.0,0,-157.7,-302.9,1972.7,1,192.1,-289.7,1999.6,1,-77.0,-955.0,2019.7,0,71.9,-948.9,2022.2,0,
6,0.9994669557,-0.0325343087,-0.0023127776,0.0321690440,0.9715846777,0.2344992757,-0.0053823949,-0.2344491333,0.9721140265,1,-3.5,382.4,1888.2,1,0.9994669557,-0.0325343087,-0.0023127776,0.0321690440,0.9715846777,0.2344992757,-0.0053823949,-0.2344491333,0.9721140265,1,3.0,188.9,1934.9,1,0.9994711280,-0.0324528180,-0.0015180032,0.0320439376,0.9770330787,0.2106682062,-0.0053538242,-0.2106058598,0.9775568843,1,9.3,-0.8,1975.8,1,0.2167755663,-0.4937499166,-0.8421517015,0.9590580463,-0.0533397943,0.2781410217,-0.1822522730,-0.8679665327,0.4619721174,1,-123.9,184.9,1935.6,1,-0.0808374584,-0.4969843030,-0.8639860153,0.9961937666,-0.0119252019,-0.0863475949,0.0326101929,-0.8676776290,0.4960565865,1,-177.5,-51.9,1980.6,1,0.2598486543,0.4956200719,0.8287578821,-0.9498489499,-0.0234344453,0.3118299842,0.1739706546,-0.8682233691,0.4646747410,1,129.9,193.0,1934.2,1,0.0010082857,0.4966450334,0.8679531813,-0.9956818223,-0.0800705031,0.0469732136,0.0928264633,-0.8642525673,0.4944196641,1,193.6,-39.7,1976.9,1,1.0000000000,-0.0000000000,-0.0000000000,0.0000000000,1.0000000000,-0.0000000000,0.0000000000,0.0000000000,1.0000000000,0,-74.0,-193.4,2017.2,1,1.0000000000,0.0000000000,-0.0000000000,-0.0000000000,1.0000000000,-0.0000000000,0.0000000000,0.0000000000,1.0000000000,0,-74.0,-581.8,2017.2,0,0.9935634732,0.0601006448,0.0960184485,-0.0601442233,0.9981867075,-0.0024428940,-0.0959911644,-0.0033477847,0.9953765273,0,105.2,-187.7,2016.2,1,0.7650915384,0.0029799216,0.6439146996,-0.0057008858,0.9999814630,0.0021459889,-0.6438963413,-0.0053127613,0.7650943398,0,81.8,-575.3,2017.5,0,-156.9,-304.9,1972.3,1,193.8,-292.5,2000.4,1,-74.0,-955.2,2017.2,0,80.7,-948.8,2019.5,0,
7,0.9993429184,-0.0339124352,-0.0127093047,0.0359971076,0.9686268568,0.2459017932,0.0039712689,-0.2461981922,0.9692118764,1,-2.1,382.1,1884.6,1,0.9993429184,-0.0339124352,-0.0127093047,0.0359971076,0.9686268568,0.2459017932,0.0039712689,-0.2461981922,0.9692118764,1,4.7,188.6,1933.8,1,0.9993650317,-0.0336161517,-0.0117197083,0.0353607200,0.9754398465,0.2174124867,0.0041231187,-0.2176893055,0.9760099053,1,11.2,-0.9,1976.1,1,0.2022749782,-0.4882963598,-0.8489120007,0.9592933655,-0.0756503940,0.2720904946,-0.1970812976,-0.8693927526,0.4531172812,1,-122.2,184.1,1933.3,1,-0.0706207231,-0.4930503368,-0.8671298027,0.9972164035,-0.0140510406,-0.0732258037,0.0239199307,-0.8698872924,0.4926701784,1,-172.1,-52.4,1981.9,1,0.2576373219,0.5025564432,0.8252636194,-0.9504309893,-0.0220674798,0.3101513982,0.1740800589,-0.8642627001,0.4719598293,1,131.6,193.1,1934.3,1,0.0068062432,0.5037996173,0.8637937307,-0.9958806634,-0.0746907368,0.0514096916,0.0904175714,-0.8605853319,0.5012159348,1,194.1,-37.5,1976.6,1,1.0000000000,-0.0000000000,-0.0000000000,0.0000000000,1.0000000000,-0.0000000000,0.0000000000,0.0000000000,1.0000000000,0,-71.9,-193.4,2018.0,1,1.0000000000,0.0000000000,-0.0000000000,-0.0000000000,1.0000000000,-0.0000000000,0.0000000000,0.0000000000,1.0000000000,0,-71.9,-581.8,2018.0,0,0.9958790541,0.0481211767,0.0768719465,-0.0481490791,0.9988390207,-0.0014914937,-0.0768544674,-0.0022159659,0.9970398545,0,107.3,-187.1,2018.7,1,0.8082326651,0.0028586520,0.5888563395,-0.0050799092,0.9999848604,0.0021179016,-0.5888413191,-0.0047030938,0.8082349300,0,88.6,-575.0,2019.6,0,-154.2,-305.6,1975.8,1,195.8,-290.4,1999.5,1,-71.9,-955.3,2018.0,0,87.5,-948.5,2021.3,0,
8,0.9991952181,-0.0358509682,-0.0179306194,0.0392221883,0.9667221904,0.2528067827,0.0082703857,-0.2533071041,0.9673510194,1,-2.7,382.3,1882.8,1,0.9991952181,-0.0358509682,-0.0179306194,0.0392221883,0.9667221904,0.2528067827,0.0082703857,-0.2533071041,0.9673510194,1,4.5,188.7,1933.5,1,0.9992456436,-0.0349901468,-0.0167840812,0.0378402993,0.9744517207,0.2213896364,0.0086086430,-0.2218582034,0.9750414491,1,11.3,-0.5,1976.6,1,0.1906153560,-0.4863751233,-0.8527045846,0.9593783021,-0.0917412713,0.2667898536,-0.2079881281,-0.8689205647,0.4491304457,1,-122.4,183.9,1932.4,1,-0.0700538531,-0.4927985966,-0.8673188090,0.9972556233,-0.0137225371,-0.0727519616,0.0239502564,-0.8700351119,0.4924075305,1,-169.3,-52.1,1983.6,1,0.2695323527,0.5028892159,0.8212519884,-0.9480638504,-0.0110039413,0.3178898096,0.1689003557,-0.8642809391,0.4738051593,1,131.4,193.5,1934.6,1,-0.0132806078,0.5035345554,0.8638730645,-0.9956936240,-0.0859332234,0.0347816460,0.0917491466,-0.8596909642,0.5025073886,1,196.6,-35.9,1975.5,1,1.0000000000,-0.0000000000,-0.0000000000,0.0000000000,1.0000000000,-0.0000000000,0.0000000000,0.0000000000,1.0000000000,0,-71.5,-193.2,2018.9,1,1.0000000000,0.0000000000,-0.0000000000,-0.0000000000,1.0000000000,-0.0000000000,0.0000000000,0.0000000000,1.0000000000,0,-71.5,-581.6,2018.9,0,0.9973619580,0.0385182202,0.0615265667,-0.0385360792,0.9992567897,-0.0008967470,-0.0615153834,-0.0014766115,0.9981050491,0,107.6,-186.4,2020.5,1,0.8436843753,0.0027133031,0.5368326306,-0.0045239204,0.9999876618,0.0020555588,-0.5368204713,-0.0041628312,0.8436862230,0,92.7,-574.5,2021.0,0,-151.5,-305.3,1977.5,1,193.2,-288.7,1998.8,1,-71.5,-955.0,2018.9,0,91.7,-947.9,2022.6,0,
9,0.9994466305,-0.0332065485,-0.0012798744,0.0324318148,0.9662937522,0.2553940415,-0.0072442070,-0.2552947402,0.9668366313,1,-3.5,384.4,1882.4,1,0.9994466305,-0.0332065485,-0.0012798744,0.0324318148,0.9662937522,0.2553940415,-0.0072442070,-0.2552947402,0.9668366313,1,3.2,190.8,1933.5,1,0.9993845820,-0.0350483321,-0.0001225490,0.0341968872,0.9743360877,0.2224888504,-0.0076786513,-0.2223565727,0.9749356508,1,10.0,1.6,1976.7,1,0.1799560934,-0.4992938042,-0.8475385308,0.9637051225,-0.0832412988,0.2536598444,-0.1972009838,-0.8624248505,0.4661922157,1,-123.7,186.5,1934.5,1,-0.0793156624,-0.5048990846,-0.8595265150,0.9965523481,-0.0191076901,-0.0807360113,0.0243399777,-0.8629667759,0.5046738982,1,-168.6,-54.1,1983.7,1,0.2654218972,0.4915196300,0.8294333816,-0.9479964972,-0.0236851797,0.3173983097,0.1756527722,-0.8705444336,0.4596723020,1,130.1,195.2,1932.6,1,0.0008208962,0.4925726652,0.8702709675,-0.9955835342,-0.0812950879,0.0469520576,0.0938760489,-0.8664659858,0.4903305173,1,195.1,-37.3,1975.6,1,1.0000000000,-0.0000000000,-0.0000000000,0.0000000000,1.0000000000,-0.0000000000,0.0000000000,0.0000000000,1.0000000000,0,-72.8,-190.7,2020.6,1,1.0000000000,0.0000000000,-0.0000000000,-0.0000000000,1.0000000000,-0.0000000000,0.0000000000,0.0000000000,1.0000000000,0,-72.8,-579.1,2020.6,0,0.9983113408,0.0308258217,0.0492360368,-0.0308372546,0.9995242953,-0.0005275779,-0.0492288768,-0.0009916172,0.9987870455,0,106.3,-184.5,2019.2,1,0.8727357388,0.0025536502,0.4881862700,-0.0040277629,0.9999899268,0.0019696341,-0.4881763160,-0.0036852686,0.8727372885,0,94.4,-572.7,2019.6,0,-148.5,-307.1,1977.6,1,195.4,-290.1,1999.5,1,-72.8,-952.5,2020.6,0,93.4,-946.2,2021.0,0,
10,0.9993478060,-0.0356471241,-0.0055722226,0.0358799808,0.9656609297,0.2573192120,-0.0037919949,-0.2573518455,0.9663108587,1,-3.7,382.8,1882.2,1,0.9993478060,-0.0356471241,-0.0055722226,0.0358799808,0.9656609297,0.2573192120,-0.0037919949,-0.2573518455,0.9663108587,1,3.4,190.0,1933.6,1,0.9993913770,-0.0345774963,-0.0043791016,0.0346779712,0.9738885164,0.2243661284,-0.0034934515,-0.2243818939,0.9744955301,1,10.1,0.9,1977.1,1,0.1848322898,-0.4951415062,-0.8489240408,0.9626120925,-0.0828445256,0.2579047382,-0.1980280429,-0.8648536801,0.4613168240,1,-123.5,185.6,1934.0,1,-0.0802884325,-0.5009720922,-0.8617313504,0.9964255095,-0.0175550822,-0.0826322958,0.0262687057,-0.8652855158,0.5005908012,1,-169.6,-54.4,1983.4,1,0.2642629743,0.4954184890,0.8274815083,-0.9477059841,-0.0257938355,0.3181006312,0.1789368391,-0.8682714105,0.4626947343,1,130.3,194.4,1933.1,1,-0.0008495973,0.4962621927,0.8681722283,-0.9952229857,-0.0851741210,0.0477130637,0.0976240039,-0.8639844060,0.4939638972,1,194.5,-35.8,1976.6,1,1.0000000000,-0.0000000000,-0.0000000000,0.0000000000,1.0000000000,-0.0000000000,0.0000000000,0.0000000000,1.0000000000,0,-72.7,-191.4,2021.0,1,1.0000000000,0.0000000000,-0.0000000000,-0.0000000000,1.0000000000,-0.0000000000,0.0000000000,0.0000000000,1.0000000000,0,-72.7,-579.7,2021.0,0,0.9989191890,0.0246665683,0.0393962301,-0.0246738847,0.9996954799,-0.0003005382,-0.0393916480,-0.0006718448,0.9992236495,0,106.4,-185.1,2020.4,1,0.8964887857,0.0023870384,0.4430599809,-0.0035860175,0.9999918342,0.0018683827,-0.4430518746,-0.0032638051,0.8964900374,0,96.8,-573.4,2020.7,0,-149.2,-307.5,1976.7,1,194.3,-288.5,2001.4,1,-72.7,-953.2,2021.0,0,95.9,-946.9,2021.9,0,
11,0.9991931319,-0.0339680798,-0.0213820525,0.0383384190,0.9654077291,0.2579137981,0.0118813915,-0.2585259676,0.9659317732,1,-2.2,388.7,1882.6,1,0.9991931319,-0.0339680798,-0.0213820525,0.0383384190,0.9654077291,0.2579137981,0.0118813915,-0.2585259676,0.9659317732,1,4.6,195.7,1934.3,1,0.9992225766,-0.0338530280,-0.0201540161,0.0374968238,0.9741448760,0.2227942944,0.0120904921,-0.2233772576,0.9746575952,1,11.2,6.5,1977.7,1,0.1936538368,-0.4810602069,-0.8550317883,0.9612892270,-0.0810854062,0.2633402944,-0.1960131377,-0.8729296923,0.4467355311,1,-122.3,190.9,1932.7,1,-0.0815783218,-0.4872294664,-0.8694553375,0.9962034822,-0.0132594556,-0.0860403180,0.0303928684,-0.8731734753,0.4864613116,1,-171.5,-53.6,1982.6,1,0.2519016862,0.5064790845,0.8246360421,-0.9538404942,-0.0140285343,0.2999859452,0.1635050178,-0.8621382117,0.4795664251,1,131.5,200.4,1935.8,1,-0.0077561419,0.5072774887,0.8617478609,-0.9953548312,-0.0866158083,0.0420286879,0.0959611982,-0.8574188948,0.5055928826,1,194.1,-36.9,1976.5,1,1.0000000000,-0.0000000000,-0.0000000000,0.0000000000,1.0000000000,-0.0000000000,0.0000000000,0.0000000000,1.0000000000,0,-71.8,-186.0,2019.9,1,1.0000000000,0.0000000000,-0.0000000000,-0.0000000000,1.0000000000,-0.0000000000,0.0000000000,0.0000000000,1.0000000000,0,-71.8,-574.4,2019.9,0,0.9993082285,0.0197364669,0.0315208100,-0.0197411496,0.9998050928,-0.0001626423,-0.0315178744,-0.0004597271,0.9995030761,0,107.3,-179.3,2022.1,1,0.9158748388,0.0022188891,0.4014577866,-0.0031933174,0.9999933839,0.0017581056,-0.4014512300,-0.0028921869,0.9158758521,0,99.6,-567.6,2022.3,0,-150.8,-306.6,1974.9,1,192.2,-289.6,2000.9,1,-71.8,-947.9,2019.9,0,98.8,-941.1,2023.4,0,
12,0.9992349148,-0.0327584259,-0.0213149060,0.0370215587,0.9681415558,0.2476546764,0.0125228986,-0.2482548058,0.9686143398,1,-2.8,390.1,1885.8,1,0.9992349148,-0.0327584259,-0.0213149060,0.0370215587,0.9681415558,0.2476546764,0.0125228986,-0.2482548058,0.9686143398,1,3.7,197.0,1935.3,1,0.9993149042,-0.0309368223,-0.0202628728,0.0345816761,0.9758819342,0.2155458629,0.0131056914,-0.2160993814,0.9762839675,1,9.7,7.5,1977.3,1,0.1849379689,-0.4826626778,-0.8560577035,0.9632874727,-0.0834714472,0.2551662028,-0.1946155578,-0.8718195558,0.4495058656,1,-123.2,192.6,1933.6,1,-0.0628556162,-0.4887257218,-0.8701703548,0.9975493550,-0.0039156470,-0.0698574632,0.0307338610,-0.8724288344,0.4877741039,1,-169.3,-47.5,1982.2,1,0.2631501257,0.5070183277,0.8207828403,-0.9506366849,-0.0087428987,0.3101831079,0.1644445211,-0.8618910313,0.4796894789,1,130.6,201.4,1937.0,1,-0.0117342742,0.5076087117,0.8615077138,-0.9957757592,-0.0843963847,0.0361640900,0.0910653546,-0.8574441075,0.5064548254,1,194.9,-30.7,1977.1,1,1.0000000000,-0.0000000000,-0.0000000000,0.0000000000,1.0000000000,-0.0000000000,0.0000000000,0.0000000000,1.0000000000,0,-73.8,-185.1,2018.1,1,1.0000000000,0.0000000000,-0.0000000000,-0.0000000000,1.0000000000,-0.0000000000,0.0000000000,0.0000000000,1.0000000000,0,-73.8,-573.5,2018.1,0,0.9995572567,0.0157906897,0.0252182391,-0.0157936886,0.9998752475,-0.0000803197,-0.0252163615,-0.0003180047,0.9996819496,0,105.3,-178.9,2020.4,1,0.9316737652,0.0020531151,0.3632902503,-0.0028445437,0.9999945760,0.0016435417,-0.3632848859,-0.0025646398,0.9316745400,0,99.2,-567.2,2020.5,0,-153.3,-300.8,1974.4,1,191.9,-283.6,2000.3,1,-73.8,-946.9,2018.1,0,98.4,-940.7,2021.5,0,
13,0.9992046356,-0.0321307592,-0.0235705413,0.0369014032,0.9693319201,0.2429716587,0.0150406491,-0.2436487228,0.9697475433,1,-2.6,390.3,1887.4,1,0.9992046356,-0.0321307592,-0.0235705413,0.0369014032,0.9693319201,0.2429716587,0.0150406491,-0.2436487228,0.9697475433,1,3.8,197.2,1935.9,1,0.9993120432,-0.0293806884,-0.0225869268,0.0335048102,0.9767278433,0.2118526697,0.0158367306,-0.2124641687,0.9770410657,1,9.5,7.5,1977.2,1,0.2002951503,-0.4786665440,-0.8548452258,0.9616843462,-0.0706634894,0.2648959160,-0.1872031242,-0.8751486540,0.4461725950,1,-123.1,192.9,1933.9,1,-0.0782662630,-0.4833073616,-0.8719452024,0.9965795279,-0.0146587119,-0.0813283920,0.0265250169,-0.8753280640,0.4828015268,1,-172.9,-46.2,1980.5,1,0.2589282990,0.5098350644,0.8203805685,-0.9521383643,-0.0081189871,0.3055593371,0.1624455303,-0.8602337837,0.4833313525,1,130.7,201.5,1937.9,1,-0.0105358874,0.5104103088,0.8598664403,-0.9958819151,-0.0827913210,0.0369418412,0.0900449678,-0.8559362292,0.5091807246,1,194.2,-31.9,1977.8,1,1.0000000000,-0.0000000000,-0.0000000000,0.0000000000,1.0000000000,-0.0000000000,0.0000000000,0.0000000000,1.0000000000,0,-74.4,-185.2,2017.0,1,1.0000000000,0.0000000000,-0.0000000000,-0.0000000000,1.0000000000,-0.0000000000,0.0000000000,0.0000000000,1.0000000000,0,-74.4,-573.5,2017.0,0,0.9997166395,0.0126335518,0.0201756563,-0.0126354704,0.9999201894,-0.0000323893,-0.0201744530,-0.0002225488,0.9997964501,0,104.8,-179.1,2019.9,1,0.9445342422,0.0018924651,0.3284075558,-0.0025349297,0.9999956489,0.0015281960,-0.3284032047,-0.0022759235,0.9445348978,0,99.9,-567.5,2019.9,0,-153.0,-299.3,1973.7,1,191.5,-284.8,2000.6,1,-74.4,-947.0,2017.0,0,99.2,-941.0,2020.8,0,
14,0.9991170764,-0.0304886233,-0.0288690031,0.0365037993,0.9704719186,0.2384389937,0.0207467154,-0.2392828315,0.9707288146,1,-2.7,390.2,1888.7,1,0.9991170764,-0.0304886233,-0.0288690031,0.0365037993,0.9704719186,0.2384389937,0.0207467154,-0.2392828315,0.9707288146,1,3.4,196.7,1936.4,1,0.9991465211,-0.0304219536,-0.0279044509,0.0355623662,0.9775698781,0.2075906694,0.0209630672,-0.2084063292,0.9778181911,1,9.3,6.9,1976.9,1,0.2002376765,-0.4748946428,-0.8569597006,0.9617742896,-0.0714913085,0.2643465400,-0.1868019104,-0.8771339655,0.4424262643,1,-123.5,192.2,1933.7,1,-0.0735802650,-0.4798040390,-0.8742848635,0.9968606830,-0.0096878465,-0.0785796791,0.0292329080,-0.8773220778,0.4790107012,1,-173.3,-47.3,1980.2,1,0.2591398656,0.5133172870,0.8181393743,-0.9532559514,-0.0003614575,0.3021638989,0.1554016471,-0.8581988811,0.4892290831,1,130.3,201.2,1939.0,1,-0.0039717853,0.5147896409,0.8573073149,-0.9953845143,-0.0842396840,0.0459721424,0.0958852842,-0.8531678319,0.5127481818,1,193.8,-32.4,1977.1,1,1.0000000000,-0.0000000000,-0.0000000000,0.0000000000,1.0000000000,-0.0000000000,0.0000000000,0.0000000000,1.0000000000,0,-74.3,-186.2,2015.4,1,1.0000000000,0.0000000000,-0.0000000000,-0.0000000000,1.0000000000,-0.0000000000,0.0000000000,0.0000000000,1.0000000000,0,-74.3,-574.5,2015.4,0,0.9998186231,0.0101073850,0.0161410496,-0.0101086125,0.9999489188,-0.0000055156,-0.0161402822,-0.0001576490,0.9998697042,0,104.8,-179.8,2019.2,1,0.9549928308,0.0017387926,0.2966237366,-0.0022601141,0.9999964237,0.0014146084,-0.2966202199,-0.0020213444,0.9549933672,0,100.9,-568.2,2019.3,0,-154.6,-300.4,1972.8,1,192.8,-285.1,2001.5,1,-74.3,-948.0,2015.4,0,100.2,-941.6,2020.0,0,
15,0.9990964532,-0.0313113965,-0.0287022032,0.0374410078,0.9682996869,0.2469724119,0.0200591218,-0.2478244454,0.9685978293,1,-2.5,389.9,1885.8,1,0.9990964532,-0.0313113965,-0.0287022032,0.0374410078,0.9682996869,0.2469724119,0.0200591218,-0.2478244454,0.9685978293,1,3.7,196.2,1935.4,1,0.9991745949,-0.0296925008,-0.0276834629,0.0349495411,0.9760988951,0.2145017385,0.0206525344,-0.2152927220,0.9763316512,1,9.5,6.6,1977.2,1,0.1954248995,-0.4761771858,-0.8573590517,0.9606516361,-0.0829974711,0.2650660276,-0.1973769963,-0.8754238486,0.4412205517,1,-123.1,191.8,1932.8,1,-0.0633053407,-0.4822331667,-0.8737525940,0.9974842668,-0.0025880523,-0.0708415955,0.0319008529,-0.8760391474,0.4811837971,1,-172.2,-49.2,1982.3,1,0.2574587762,0.5123949647,0.8192474842,-0.9533464313,-0.0036068410,0.3018569648,0.1576248556,-0.8587423563,0.4875612557,1,130.6,200.6,1938.0,1,-0.0068281568,0.5135810971,0.8580139279,-0.9954698086,-0.0848622993,0.0428739488,0.0948322788,-0.8538342118,0.5118339658,1,193.6,-32.6,1976.6,1,1.0000000000,-0.0000000000,-0.0000000000,0.0000000000,1.0000000000,-0.0000000000,0.0000000000,0.0000000000,1.0000000000,0,-74.3,-186.0,2017.2,1,1.0000000000,0.0000000000,-0.0000000000,-0.0000000000,1.0000000000,-0.0000000000,0.0000000000,0.0000000000,1.0000000000,0,-74.3,-574.4,2017.2,0,0.9998839498,0.0080862055,0.0129130986,-0.0080869915,0.9999672771,0.0000086413,-0.0129126068,-0.0001130684,0.9999166131,0,104.8,-179.8,2020.9,1,0.9634917378,0.0015932735,0.2677333355,-0.0020161518,0.9999971390,0.0013045690,-0.2677304745,-0.0017967324,0.9634921551,0,101.7,-568.2,2020.9,0,-156.1,-302.5,1974.2,1,191.9,-285.4,2000.7,1,-74.3,-947.9,2017.2,0,101.1,-941.6,2021.6,0,
16,0.9995687008,-0.0282410309,-0.0079277260,0.0293287914,0.9665091634,0.2549535930,0.0004618904,-0.2550767064,0.9669211507,1,-2.5,388.7,1883.4,1,0.9995687008,-0.0282410309,-0.0079277260,0.0293287914,0.9665091634,0.2549535930,0.0004618904,-0.2550767064,0.9669211507,1,3.2,195.2,1934.5,1,0.9995491505,-0.0291830953,-0.0069131032,0.0299890116,0.9748924375,0.2206511199,0.0003000665,-0.2207594663,0.9753286839,1,8.9,5.8,1977.4,1,0.1902914643,-0.4914849997,-0.8498422503,0.9634613991,-0.0727184489,0.2577872574,-0.1884977520,-0.8678449392,0.4596890807,1,-123.7,191.3,1934.5,1,-0.0647668540,-0.4961657524,-0.8658087254,0.9975076914,-0.0078502055,-0.0701199099,0.0279943217,-0.8681923151,0.4954375625,1,-171.4,-49.9,1981.7,1,0.2580747008,0.4969829917,0.8284958601,-0.9512704611,-0.0190840885,0.3077665865,0.1687658429,-0.8675504327,0.4678401649,1,130.1,199.0,1934.5,1,-0.0113137439,0.4974872470,0.8673974872,-0.9950442314,-0.0913000107,0.0393855423,0.0987872034,-0.8626532555,0.4960547984,1,193.0,-32.9,1975.7,1,1.0000000000,-0.0000000000,-0.0000000000,0.0000000000,1.0000000000,-0.0000000000,0.0000000000,0.0000000000,1.0000000000,0,-75.0,-186.2,2020.2,1,1.0000000000,0.0000000000,-0.0000000000,-0.0000000000,1.0000000000,-0.0000000000,0.0000000000,0.0000000000,1.0000000000,0,-75.0,-574.6,2020.2,0,0.9999257326,0.0064691296,0.0103306025,-0.0064696325,0.9999790788,0.0000152676,-0.0103302877,-0.0000821017,0.9999466538,0,104.1,-180.8,2020.3,1,0.9703938365,0.0014565762,0.2415236235,-0.0017995066,0.9999976754,0.0011992923,-0.2415212989,-0.0015984091,0.9703941941,0,101.6,-569.2,2020.3,0,-154.9,-303.2,1974.6,1,190.1,-285.6,2000.7,1,-75.0,-948.0,2020.2,0,101.0,-942.6,2020.9,0,
17,0.9995533228,-0.0298139900,0.0014798937,0.0285484549,0.9692636728,0.2443655133,-0.0087201018,-0.2442146540,0.9696823955,1,-3.5,387.0,1886.2,1,0.9995533228,-0.0298139900,0.0014798937,0.0285484549,0.9692636728,0.2443655133,-0.0087201018,-0.2442146540,0.9696823955,1,2.4,193.5,1935.0,1,0.9995640516,-0.0293946043,0.0023611016,0.0281959772,0.9761168957,0.2154121995,-0.0086368555,-0.2152522206,0.9765207171,1,8.1,3.9,1976.8,1,0.1964588761,-0.4990965426,-0.8439825177,0.9626823664,-0.0652198792,0.2626576722,-0.1861359924,-0.8640884757,0.4676584005,1,-124.5,189.9,1936.0,1,-0.0759763494,-0.5032286644,-0.8608068824,0.9966661930,-0.0125834178,-0.0806112513,0.0297339987,-0.8640616536,0.5025070310,1,-173.3,-49.5,1982.3,1,0.2613962293,0.4916062653,0.8306596279,-0.9493123293,-0.0247145370,0.3133612573,0.1745796949,-0.8704668880,0.4602276087,1,129.3,197.1,1933.9,1,0.0014355758,0.4924117029,0.8703612685,-0.9958124757,-0.0788538978,0.0462545305,0.0914076418,-0.8667830229,0.4902365506,1,193.1,-34.5,1976.4,1,1.0000000000,-0.0000000000,-0.0000000000,0.0000000000,1.0000000000,-0.0000000000,0.0000000000,0.0000000000,1.0000000000,0,-75.7,-188.2,2019.3,1,1.0000000000,0.0000000000,-0.0000000000,-0.0000000000,1.0000000000,-0.0000000000,0.0000000000,0.0000000000,1.0000000000,0,-75.7,-576.5,2019.3,0,0.9999524355,0.0051753963,0.0082645416,-0.0051757186,0.9999865890,0.0000175611,-0.0082643405,-0.0000603352,0.9999658465,0,103.4,-183.1,2017.8,1,0.9759963751,0.0013289929,0.2177826464,-0.0016070288,0.9999980927,0.0010995540,-0.2177807689,-0.0014231437,0.9759966731,0,101.4,-571.5,2017.8,0,-154.0,-302.5,1974.8,1,193.5,-287.4,1999.6,1,-75.7,-950.0,2019.3,0,100.9,-944.9,2018.3,0,
18,0.9995809793,-0.0288053993,-0.0024308979,0.0284868199,0.9672508240,0.2522220910,-0.0049142479,-0.2521862090,0.9676666856,1,-3.0,390.0,1883.1,1,0.9995809793,-0.0288053993,-0.0024308979,0.0284868199,0.9672508240,0.2522220910,-0.0049142479,-0.2521862090,0.9676666856,1,2.7,197.4,1933.3,1,0.9996086359,-0.0278946590,-0.0014982570,0.0275392178,0.9750500917,0.2202737778,-0.0046837712,-0.2202293575,0.9754372835,1,8.2,8.0,1976.1,1,0.1968657970,-0.4963485003,-0.8455070257,0.9610604048,-0.0728799552,0.2665546238,-0.1939244717,-0.8650588393,0.4626733363,1,-124.2,193.9,1933.9,1,-0.0752859637,-0.5016735792,-0.8617746830,0.9965438247,-0.0074271169,-0.0827359781,0.0351059549,-0.8650251031,0.5004988909,1,-174.3,-50.9,1983.3,1,0.2547743022,0.4947702885,0.8308383822,-0.9508971572,-0.0279618651,0.3082414567,0.1757405102,-0.8685738444,0.4633516669,1,129.7,200.9,1932.7,1,-0.0007880198,0.4954071343,0.8686606288,-0.9958229661,-0.0796993747,0.0445500910,0.0913021341,-0.8649970889,0.4934005737,1,193.2,-36.3,1976.6,1,1.0000000000,-0.0000000000,-0.0000000000,0.0000000000,1.0000000000,-0.0000000000,0.0000000000,0.0000000000,1.0000000000,0,-76.0,-183.8,2019.3,1,1.0000000000,0.0000000000,-0.0000000000,-0.0000000000,1.0000000000,-0.0000000000,0.0000000000,0.0000000000,1.0000000000,0,-76.0,-572.2,2019.3,0,0.9999695420,0.0041403696,0.0066116606,-0.0041405754,0.9999914169,0.0000174709,-0.0066115311,-0.0000448465,0.9999781251,0,103.2,-178.9,2018.4,1,0.9805422425,0.0012105432,0.1963045597,-0.0014359242,0.9999984503,0.0010057990,-0.1963030398,-0.0012681070,0.9805424809,0,101.5,-567.2,2018.5,0,-155.2,-304.0,1974.4,1,193.0,-289.1,1999.7,1,-76.0,-945.6,2019.3,0,101.1,-940.7,2018.9,0,
19,0.9994754195,-0.0323063917,-0.0016884250,0.0317095369,0.9680109620,0.2488993853,-0.0064068092,-0.2488229424,0.9685282111,1,-4.6,388.2,1883.5,1,0.9994754195,-0.0323063917,-0.0016884250,0.0317095369,0.9680109620,0.2488993853,-0.0064068092,-0.2488229424,0.9685282111,1,1.9,195.3,1933.1,1,0.9994919896,-0.0318260528,-0.0007268402,0.0312074404,0.9750542641,0.2197655588,-0.0062857494,-0.2196771353,0.9755527973,1,8.1,6.0,1975.8,1,0.1974315792,-0.4981809556,-0.8442965746,0.9596441984,-0.0777204111,0.2702639699,-0.2002594024,-0.8635829687,0.4627319872,1,-125.0,191.4,1933.9,1,-0.0685244352,-0.5041228533,-0.8609091640,0.9969341755,-0.0019302033,-0.0782211348,0.0377713293,-0.8636298180,0.5027095079,1,-174.2,-47.5,1983.8,1,0.2637177706,0.4926553965,0.8293031454,-0.9487434030,-0.0227692872,0.3152260482,0.1741804332,-0.8699266315,0.4613989294,1,128.8,199.3,1932.3,1,-0.0021418470,0.4934720397,0.8697589636,-0.9955732226,-0.0827792212,0.0445144773,0.0939646289,-0.8658133745,0.4914648533,1,193.3,-32.6,1974.9,1,1.0000000000,-0.0000000000,-0.0000000000,0.0000000000,1.0000000000,-0.0000000000,0.0000000000,0.0000000000,1.0000000000,0,-75.3,-186.2,2019.0,1,1.0000000000,0.0000000000,-0.0000000000,-0.0000000000,1.0000000000,-0.0000000000,0.0000000000,0.0000000000,1.0000000000,0,-75.3,-574.6,2019.0,0,0.9999805093,0.0033123256,0.0052893395,-0.0033124574,0.9999945164,0.0000161669,-0.0052892566,-0.0000336873,0.9999859929,0,103.8,-180.6,2017.9,1,0.9842294455,0.0011010512,0.1768931001,-0.0012837227,0.9999987483,0.0009182260,-0.1768918782,-0.0011308268,0.9842296243,0,102.5,-569.0,2017.9,0,-156.8,-300.7,1974.2,1,192.7,-285.4,1998.7,1,-75.3,-948.0,2019.0,0,102.1,-942.4,2018.3,0,
20,0.9993718266,-0.0346506946,-0.0072786398,0.0353606567,0.9662773013,0.2550673783,-0.0018052582,-0.2551651001,0.9668962955,1,-6.3,386.7,1881.8,1,0.9993718266,-0.0346506946,-0.0072786398,0.0353606567,0.9662773013,0.2550673783,-0.0018052582,-0.2551651001,0.9668962955,1,0.6,194.2,1932.6,1,0.9994037151,-0.0339363962,-0.0061786301,0.0344577618,0.9739923477,0.2239490300,-0.0015822705,-0.2240289301,0.9745816588,1,7.2,5.1,1976.1,1,0.1926527023,-0.4944749773,-0.8475726247,0.9593155980,-0.0867679790,0.2686723769,-0.2063939422,-0.8648501039,0.4576415122,1,-126.3,189.9,1932.8,1,-0.0713768899,-0.5015205741,-0.8621962667,0.9966847897,-0.0020218752,-0.0813344344,0.0390476398,-0.8651432991,0.5000022650,1,-174.1,-48.5,1984.1,1,0.2677235901,0.4942437708,0.8270714879,-0.9485703707,-0.0153007507,0.3161963522,0.1689328849,-0.8691887259,0.4647286534,1,127.6,198.6,1932.4,1,0.0094069839,0.4961775839,0.8681700230,-0.9946549535,-0.0846343711,0.0591478422,0.1028248668,-0.8640860319,0.4927293658,1,193.2,-34.1,1973.8,1,1.0000000000,-0.0000000000,-0.0000000000,0.0000000000,1.0000000000,-0.0000000000,0.0000000000,0.0000000000,1.0000000000,0,-75.7,-187.1,2019.7,1,1.0000000000,0.0000000000,-0.0000000000,-0.0000000000,1.0000000000,-0.0000000000,0.0000000000,0.0000000000,1.0000000000,0,-75.7,-575.5,2019.7,0,0.9999875426,0.0026498784,0.0042314772,-0.0026499627,0.9999964833,0.0000143352,-0.0042314241,-0.0000255483,0.9999910593,0,103.4,-181.0,2019.5,1,0.9872194529,0.0010002063,0.1593635231,-0.0011482442,0.9999989867,0.0008368528,-0.1593625396,-0.0010091456,0.9872196317,0,102.4,-569.4,2019.5,0,-156.0,-301.6,1974.2,1,195.6,-286.7,1999.9,1,-75.7,-949.0,2019.7,0,102.0,-942.8,2019.8,0,
21,0.9993195534,-0.0323552229,-0.0176415611,0.0357907601,0.9661660790,0.2554282844,0.0087800659,-0.2558864951,0.9666674137,1,-6.2,385.7,1881.4,1,0.9993195534,-0.0323552229,-0.0176415611,0.0357907601,0.9661660790,0.2554282844,0.0087800659,-0.2558864951,0.9666674137,1,0.2,193.5,1932.3,1,0.9992775321,-0.0341584235,-0.0165898819,0.0370156318,0.9737125635,0.2247559279,0.0084762909,-0.2252081782,0.9742742181,1,6.8,4.4,1976.0,1,0.1998838782,-0.4856720567,-0.8509812951,0.9569862485,-0.0896357372,0.2759398818,-0.2102946192,-0.8695333004,0.4468647242,1,-126.7,188.8,1931.2,1,-0.0933560207,-0.4920291007,-0.8655588627,0.9953057170,-0.0238394123,-0.0937984884,0.0255171675,-0.8702523112,0.4919449389,1,-176.3,-48.8,1983.4,1,0.2681885660,0.5014432073,0.8225749731,-0.9490457177,-0.0091576129,0.3150050938,0.1654899865,-0.8651420474,0.4734366834,1,127.1,198.2,1933.3,1,0.0074680806,0.5032266378,0.8641222119,-0.9956156611,-0.0768336579,0.0533490255,0.0932403207,-0.8607320189,0.5004464984,1,193.1,-35.4,1974.1,1,1.0000000000,-0.0000000000,-0.0000000000,0.0000000000,1.0000000000,-0.0000000000,0.0000000000,0.0000000000,1.0000000000,0,-76.1,-188.0,2019.0,1,1.0000000000,0.0000000000,-0.0000000000,-0.0000000000,1.0000000000,-0.0000000000,0.0000000000,0.0000000000,1.0000000000,0,-76.1,-576.4,2019.0,0,0.9999920130,0.0021199130,0.0033851829,-0.0021199670,0.9999977350,0.0000123652,-0.0033851489,-0.0000195416,0.9999942780,0,103.0,-181.4,2020.5,1,0.9896435738,0.0009076088,0.1435437053,-0.0010275682,0.9999991655,0.0007615676,-0.1435429007,-0.0009011815,0.9896436930,0,102.2,-569.8,2020.5,0,-152.6,-301.4,1976.9,1,195.0,-288.2,1997.8,1,-76.1,-949.8,2019.0,0,101.9,-943.2,2020.8,0,
22,0.9994364381,-0.0301233940,-0.0147306863,0.0328819938,0.9665115476,0.2545108199,0.0065704715,-0.2548523545,0.9669580460,1,-6.1,386.2,1881.2,1,0.9994364381,-0.0301233940,-0.0147306863,0.0328819938,0.9665115476,0.2545108199,0.0065704715,-0.2548523545,0.9669580460,1,-0.1,193.6,1932.0,1,0.9993304610,-0.0338927880,-0.0136940740,0.0360948704,0.9741310477,0.2230860591,0.0057786340,-0.2234315127,0.9747028947,1,6.5,4.4,1975.3,1,0.2019801885,-0.4874740839,-0.8494545817,0.9574047923,-0.0844638869,0.2761192620,-0.2063492090,-0.8690425158,0.4496500194,1,-127.0,189.0,1931.2,1,-0.1110556647,-0.4916108847,-0.8637045622,0.9937385321,-0.0442056656,-0.1026141569,0.0122656012,-0.8696923852,0.4934419394,1,-177.2,-49.3,1982.6,1,0.2660739720,0.4980492294,0.8253191710,-0.9509411454,-0.0045810789,0.3093377650,0.1578462571,-0.8671367168,0.4723966718,1,126.8,198.2,1932.7,1,-0.0065586236,0.4993965030,0.8663486838,-0.9951955676,-0.0878948644,0.0431319065,0.0976875350,-0.8619034886,0.4975736141,1,192.6,-36.7,1971.7,1,1.0000000000,-0.0000000000,-0.0000000000,0.0000000000,1.0000000000,-0.0000000000,0.0000000000,0.0000000000,1.0000000000,0,-76.5,-188.0,2018.2,1,1.0000000000,0.0000000000,-0.0000000000,-0.0000000000,1.0000000000,-0.0000000000,0.0000000000,0.0000000000,1.0000000000,0,-76.5,-576.4,2018.2,0,0.9999948740,0.0016959365,0.0027081463,-0.0016959710,0.9999985695,0.0000104663,-0.0027081249,-0.0000150592,0.9999963045,0,102.7,-181.5,2019.2,1,0.9916085005,0.0008228031,0.1292743236,-0.0009200022,0.9999993443,0.0006921673,-0.1292736679,-0.0008052917,0.9916086197,0,102.0,-569.9,2019.3,0,-149.0,-301.5,1979.5,1,190.9,-289.4,1996.5,1,-76.5,-949.8,2018.2,0,101.7,-943.3,2019.6,0,
23,0.9993329048,-0.0327201709,-0.0161477346,0.0358784571,0.9617130756,0.2717021406,0.0066391728,-0.2721008360,0.9622462988,1,-6.5,379.8,1876.1,1,0.9993329048,-0.0327201709,-0.0161477346,0.0358784571,0.9617130756,0.2717021406,0.0066391728,-0.2721008360,0.9622462988,1,0.0,188.4,1930.2,1,0.9993178248,-0.0337608606,-0.0148897460,0.0363169499,0.9712871909,0.2351248860,0.0065240217,-0.2355057746,0.9718514681,1,6.6,-0.2,1976.0,1,0.2084219307,-0.4858400822,-0.8488343954,0.9534202814,-0.0925747454,0.2870881557,-0.2180595100,-0.8691314459,0.4439152181,1,-126.9,183.8,1929.4,1,-0.1148376092,-0.4906462729,-0.8637584448,0.9933408499,-0.0485880263,-0.1044659764,0.0092875194,-0.8700031638,0.4929587245,1,-177.8,-49.1,1982.7,1,0.2735040784,0.4976578355,0.8231235147,-0.9470694661,-0.0102180541,0.3208661377,0.1680922359,-0.8673133254,0.4685218334,1,126.9,193.0,1931.1,1,-0.0209982451,0.4977026582,0.8670934439,-0.9959753156,-0.0859995037,0.0252434686,0.0871333554,-0.8630735874,0.4975053966,1,193.0,-35.6,1971.6,1,1.0000000000,-0.0000000000,-0.0000000000,0.0000000000,1.0000000000,-0.0000000000,0.0000000000,0.0000000000,1.0000000000,0,-76.4,-192.1,2021.1,1,1.0000000000,0.0000000000,-0.0000000000,-0.0000000000,1.0000000000,-0.0000000000,0.0000000000,0.0000000000,1.0000000000,0,-76.4,-580.5,2021.1,0,0.9999967217,0.0013567529,0.0021665171,-0.0013567751,0.9999991059,0.0000087405,-0.0021665031,-0.0000116799,0.9999976754,0,102.7,-185.6,2022.3,1,0.9932010770,0.0007453043,0.1164088696,-0.0008240564,0.9999994636,0.0006283881,-0.1164083332,-0.0007200433,0.9932011962,0,102.2,-574.0,2022.3,0,-148.6,-301.3,1980.3,1,187.6,-288.5,1993.8,1,-76.4,-953.9,2021.1,0,101.9,-947.4,2022.6,0,
