1,0.9905198812,-0.0252461731,-0.1350287646,0.0716836080,0.9335129261,0.3513061106,0.1171821207,-0.3576553166,0.9264727831,1,-36.3,433.6,1714.7,1,0.9905198812,-0.0252461731,-0.1350287646,0.0716836080,0.9335129261,0.3513061106,0.1171821207,-0.3576553166,0.9264727831,1,-30.9,233.9,1791.2,1,0.9904674888,-0.0341653526,-0.1334411204,0.0733434185,0.9508152008,0.3009520173,0.1165958941,-0.3078705072,0.9442573786,1,-23.8,35.1,1855.6,1,0.2610333860,-0.8071768284,-0.5294592977,0.9291437268,0.0613222122,0.3645977378,-0.2618272305,-0.5871159434,0.7659904361,1,-171.1,223.5,1774.7,1,-0.0555999726,-0.8056809306,-0.5897344947,0.9927992225,0.0181564093,-0.1184056476,0.1061046347,-0.5920712948,0.7988700271,1,-242.5,-30.6,1846.3,1,-0.0000005960,1.0000001192,0.0000000003,-1.0000001192,-0.0000005960,0.0000000001,0.0000000001,-0.0000000003,1.0000000000,0,109.3,244.3,1807.7,1,0.0000170469,0.9999990463,0.0000361901,-0.9999990463,0.0000170469,-0.0000032263,-0.0000032269,-0.0000361900,1.0000000000,0,109.3,-29.1,1807.7,0,1.0000000000,-0.0000086513,-0.0000234353,0.0000086513,1.0000000000,-0.0000040364,0.0000234353,0.0000040361,1.0000000000,0,-112.2,-170.7,1908.7,1,0.9999842048,-0.0006742994,-0.0055803065,0.0006828230,0.9999986291,0.0015256745,0.0055792700,-0.0015294608,0.9999832511,0,-112.2,-588.8,1908.7,0,0.9999365807,0.0016966746,0.0111330310,-0.0016140048,0.9999710917,-0.0074304081,-0.0111453170,0.0074119680,0.9999104142,0,78.9,-156.6,1931.2,1,0.9834580421,-0.0381863937,0.1770653576,0.0415839553,0.9990145564,-0.0155158052,-0.1762983650,0.0226222202,0.9840767980,0,78.2,-574.7,1928.1,0,-227.4,-300.8,1817.4,1,109.3,-302.5,1807.7,0,-111.9,-990.8,1909.3,0,93.6,-976.3,1919.0,0,
2,0.9905219078,-0.0279276390,-0.1344845295,0.0739858150,0.9334135652,0.3510927260,0.1157246679,-0.3577153087,0.9266328812,1,-36.6,434.2,1714.5,1,0.9905219078,-0.0279276390,-0.1344845295,0.0739858150,0.9334135652,0.3510927260,0.1157246679,-0.3577153087,0.9266328812,1,-30.6,234.4,1791.1,1,0.9904061556,-0.0384959243,-0.1327155232,0.0772689357,0.9505144358,0.3009198010,0.1145640165,-0.3082878888,0.9443698525,1,-22.5,35.7,1855.5,1,0.2734211981,-0.8044703603,-0.5273218155,0.9262228012,0.0722829252,0.3699817657,-0.2595230043,-0.5895783305,0.7648824453,1,-170.8,223.5,1774.9,1,-0.0703331158,-0.8017027974,-0.5935703516,0.9924544692,0.0036730394,-0.1225585043,0.1004357114,-0.5977114439,0.7953951955,1,-245.6,-29.8,1845.8,1,-0.0000005960,1.0000001192,0.0000000003,-1.0000001192,-0.0000005960,0.0000000001,0.0000000001,-0.0000000003,1.0000000000,0,109.6,245.4,1807.3,1,0.0000170469,0.9999990463,0.0000325710,-0.9999990463,0.0000170469,-0.0000029037,-0.0000029042,-0.0000325710,1.0000000000,0,109.6,-28.0,1807.3,0,1.0000000000,-0.0000069211,-0.0000187482,0.0000069210,1.0000000000,-0.0000032291,0.0000187483,0.0000032289,1.0000000000,0,-110.0,-170.4,1908.9,1,0.9999871850,-0.0006072538,-0.0050222357,0.0006141579,0.9999988675,0.0013732791,0.0050213956,-0.0013763460,0.9999864697,0,-110.0,-588.5,1908.9,0,0.9999594092,0.0013507428,0.0089075174,-0.0012978336,0.9999815226,-0.0059429249,-0.0089153796,0.0059311232,0.9999426603,0,81.1,-155.5,1931.0,1,0.9865938425,-0.0345581360,0.1594938040,0.0373116247,0.9992013574,-0.0143007599,-0.1588722169,0.0200600140,0.9870953560,0,80.5,-573.6,1928.6,0,-226.4,-300.5,1818.5,1,109.6,-301.4,1807.3,0,-109.8,-990.6,1909.5,0,94.4,-975.3,1920.5,0,
3,0.9907761216,-0.0283411648,-0.1325103194,0.0734633878,0.9340484142,0.3495105803,0.1138656959,-0.3560217321,0.9275148511,1,-37.5,436.0,1714.4,1,0.9907761216,-0.0283411648,-0.1325103194,0.0734633878,0.9340484142,0.3495105803,0.1138656959,-0.3560217321,0.9275148511,1,-31.4,235.6,1790.8,1,0.9905952811,-0.0407061651,-0.1306280196,0.0784033462,0.9513053894,0.2981138229,0.1121322513,-0.3055521250,0.9455500841,1,-22.9,36.7,1854.7,1,0.2693529129,-0.8060799837,-0.5269574523,0.9288626909,0.0729687959,0.3631663024,-0.2542896271,-0.5872910023,0.7683919072,1,-171.6,224.5,1774.9,1,-0.0732294843,-0.8030393124,-0.5914096832,0.9925060868,-0.0005151592,-0.1221945062,0.0978223160,-0.5959259868,0.7970590591,1,-246.3,-32.9,1845.4,1,-0.0000005960,1.0000001192,0.0000000002,-1.0000001192,-0.0000005960,0.0000000001,0.0000000001,-0.0000000002,1.0000000000,0,108.8,246.7,1806.7,1,0.0000170469,0.9999990463,0.0000293139,-0.9999990463,0.0000170469,-0.0000026133,-0.0000026138,-0.0000293138,1.0000000000,0,108.8,-26.7,1806.7,0,1.0000000000,-0.0000055369,-0.0000149986,0.0000055368,1.0000000000,-0.0000025832,0.0000149986,0.0000025832,1.0000000000,0,-110.0,-169.7,1907.8,1,0.9999896288,-0.0005468395,-0.0045199776,0.0005524319,0.9999991059,0.0012360904,0.0045192977,-0.0012385745,0.9999890327,0,-110.0,-587.8,1907.8,0,0.9999740124,0.0010763698,0.0071266987,-0.0010425078,0.9999881387,-0.0047534327,-0.0071317307,0.0047458797,0.9999632835,0,81.2,-154.6,1929.4,1,0.9891363382,-0.0312536359,0.1436400861,0.0334849209,0.9993528128,-0.0131421788,-0.1431363970,0.0178091843,0.9895427227,0,80.7,-572.7,1927.4,0,-226.3,-303.1,1818.8,1,108.8,-300.1,1806.7,0,-109.7,-989.8,1908.3,0,93.3,-974.4,1920.2,0,
4,0.9902341962,-0.0292920787,-0.1363005936,0.0754081011,0.9348519444,0.3469384909,0.1172585040,-0.3538288474,0.9279311895,1,-38.0,434.8,1714.9,1,0.9902341962,-0.0292920787,-0.1363005936,0.0754081011,0.9348519444,0.3469384909,0.1172585040,-0.3538288474,0.9279311895,1,-31.7,234.7,1790.6,1,0.9900295734,-0.0423140489,-0.1343525946,0.0807998404,0.9518857002,0.2956111431,0.1153799891,-0.3035197258,0.9458138943,1,-22.9,35.7,1854.1,1,0.2593547702,-0.8069824576,-0.5305792093,0.9311799407,0.0632078648,0.3590384126,-0.2562009394,-0.5871830583,0.7678391933,1,-171.9,223.3,1774.3,1,-0.0642218143,-0.8048108220,-0.5900465846,0.9928154945,0.0082899965,-0.1193673611,0.1009596288,-0.5934733748,0.7984963655,1,-243.6,-34.5,1845.2,1,-0.0000005960,1.0000001192,0.0000000002,-1.0000001192,-0.0000005960,0.0000000000,0.0000000000,-0.0000000002,1.0000000000,0,108.4,246.2,1807.0,1,0.0000170469,0.9999990463,0.0000263825,-0.9999990463,0.0000170469,-0.0000023520,-0.0000023524,-0.0000263824,1.0000000000,0,108.4,-27.2,1807.0,0,1.0000000000,-0.0000044295,-0.0000119989,0.0000044295,1.0000000000,-0.0000020666,0.0000119989,0.0000020665,1.0000000000,0,-109.5,-171.1,1906.4,1,0.9999915957,-0.0004924076,-0.0040679518,0.0004969374,0.9999992847,0.0011125939,0.0040674014,-0.0011146060,0.9999911189,0,-109.5,-589.2,1906.4,0,0.9999833703,0.0008583912,0.0057017901,-0.0008367195,0.9999924302,-0.0038021612,-0.0057050106,0.0037973272,0.9999765158,0,81.5,-155.5,1928.7,1,0.9911974072,-0.0282487012,0.1293435842,0.0300566703,0.9994755983,-0.0120470412,-0.1289354414,0.0158286318,0.9915266633,0,81.2,-573.6,1927.1,0,-226.2,-304.8,1817.7,1,108.4,-300.6,1807.0,0,-109.3,-991.2,1906.8,0,92.5,-975.4,1920.7,0,
5,0.9901011586,-0.0311713088,-0.1368486434,0.0771700889,0.9353224039,0.3452790976,0.1172349826,-0.3524221778,0.9284693003,1,-38.8,435.4,1714.6,1,0.9901011586,-0.0311713088,-0.1368486434,0.0771700889,0.9353224039,0.3452790976,0.1172349826,-0.3524221778,0.9284693003,1,-32.1,234.9,1790.1,1,0.9899112582,-0.0435130335,-0.1348402798,0.0819702670,0.9521228671,0.2945230305,0.1155691072,-0.3026048541,0.9460839033,1,-23.0,35.9,1853.4,1,0.2593815625,-0.8067919016,-0.5308558941,0.9313324094,0.0634703487,0.3585965037,-0.2556191385,-0.5874166489,0.7678544521,1,-172.2,223.3,1773.8,1,-0.0629023090,-0.8048665524,-0.5901126862,0.9934497476,0.0060231574,-0.1141106188,0.0953981653,-0.5934251547,0.7992156744,1,-243.6,-32.8,1844.1,1,-0.0000005960,1.0000001192,0.0000000001,-1.0000001192,-0.0000005960,0.0000000000,0.0000000000,-0.0000000001,1.0000000000,0,108.0,246.5,1806.5,1,0.0000170469,0.9999990463,0.0000237442,-0.9999990463,0.0000170469,-0.0000021168,-0.0000021172,-0.0000237442,1.0000000000,0,108.0,-26.9,1806.5,0,1.0000000000,-0.0000035436,-0.0000095991,0.0000035436,1.0000000000,-0.0000016533,0.0000095991,0.0000016532,1.0000000000,0,-109.4,-171.1,1905.5,1,0.9999932051,-0.0004433710,-0.0036611352,0.0004470402,0.9999994040,0.0010014259,0.0036606891,-0.0010030557,0.9999927878,0,-109.4,-589.2,1905.5,0,0.9999893904,0.0006849815,0.0045617050,-0.0006711116,0.9999951720,-0.0030413521,-0.0045637661,0.0030382583,0.9999849796,0,81.6,-155.3,1927.8,1,0.9928678870,-0.0255198199,0.1164566353,0.0269846898,0.9995751381,-0.0110191694,-0.1161259487,0.0140831256,0.9931346774,0,81.3,-573.4,1926.5,0,-226.4,-303.8,1818.1,1,108.0,-300.2,1806.5,0,-109.2,-991.2,1905.9,0,91.6,-975.2,1920.9,0,
6,0.9897929430,-0.0315767266,-0.1389697045,0.0777631998,0.9368465543,0.3409873545,0.1194261983,-0.3483139575,0.9297394753,1,-38.3,435.7,1715.5,1,0.9897929430,-0.0315767266,-0.1389697045,0.0777631998,0.9368465543,0.3409873545,0.1194261983,-0.3483139575,0.9297394753,1,-31.6,234.9,1790.1,1,0.9896458387,-0.0426890776,-0.1370344907,0.0815060213,0.9530187249,0.2917413712,0.1181424409,-0.2998900712,0.9466302991,1,-22.6,35.7,1852.8,1,0.2639322281,-0.8038866520,-0.5330160260,0.9321947694,0.0706837773,0.3549883962,-0.2476948351,-0.5905676484,0.7680346370,1,-171.6,223.4,1773.4,1,-0.0681196675,-0.8014771342,-0.5941330791,0.9934508801,0.0002641119,-0.1142593026,0.0917331278,-0.5980253220,0.7962102294,1,-244.8,-34.9,1842.0,1,-0.0000005960,1.0000001192,0.0000000001,-1.0000001192,-0.0000005960,0.0000000000,0.0000000000,-0.0000000001,1.0000000000,0,108.5,246.5,1806.9,1,0.0000170469,0.9999990463,0.0000213698,-0.9999990463,0.0000170469,-0.0000019051,-0.0000019055,-0.0000213697,1.0000000000,0,108.5,-26.9,1806.9,0,1.0000000000,-0.0000028349,-0.0000076793,0.0000028349,1.0000000000,-0.0000013226,0.0000076793,0.0000013226,1.0000000000,0,-109.2,-171.4,1904.1,1,0.9999945164,-0.0003991993,-0.0032950032,0.0004021712,0.9999995232,0.0009013570,0.0032946419,-0.0009026771,0.9999941587,0,-109.2,-589.5,1904.1,0,0.9999932051,0.0005468767,0.0036495361,-0.0005379999,0.9999969006,-0.0024328390,-0.0036508553,0.0024308590,0.9999904037,0,81.8,-155.7,1926.9,1,0.9942216277,-0.0230444297,0.1048440039,0.0242312476,0.9996557832,-0.0100600161,-0.1045760810,0.0125423856,0.9944378138,0,81.6,-573.8,1925.9,0,-226.3,-304.9,1817.1,1,108.5,-300.3,1806.9,0,-109.0,-991.5,1904.5,0,90.8,-975.7,1920.9,0,
7,0.9905099869,-0.0301178172,-0.1340992749,0.0745160207,0.9375262260,0.3398423791,0.1154864654,-0.3466101289,0.9308732152,1,-38.7,435.8,1715.4,1,0.9905099869,-0.0301178172,-0.1340992749,0.0745160207,0.9375262260,0.3398423791,0.1154864654,-0.3466101289,0.9308732152,1,-32.2,234.9,1789.7,1,0.9903157353,-0.0420318469,-0.1323169917,0.0796050578,0.9527478218,0.2931476235,0.1137433797,-0.3008421361,0.9468669891,1,-23.5,35.7,1852.6,1,0.2682246566,-0.8048896194,-0.5293471217,0.9315047860,0.0765670985,0.3555787206,-0.2456709743,-0.5884643793,0.7702957988,1,-172.4,223.6,1773.6,1,-0.0756129622,-0.8017815351,-0.5928145647,0.9938038588,-0.0120247453,-0.1104953289,0.0814646706,-0.5974963307,0.7977228165,1,-246.3,-33.0,1841.3,1,-0.0000005960,1.0000001192,0.0000000001,-1.0000001192,-0.0000005960,0.0000000000,0.0000000000,-0.0000000001,1.0000000000,0,107.9,246.1,1805.8,1,0.0000170469,0.9999990463,0.0000192328,-0.9999990463,0.0000170469,-0.0000017146,-0.0000017149,-0.0000192327,1.0000000000,0,107.9,-27.2,1805.8,0,1.0000000000,-0.0000022679,-0.0000061434,0.0000022679,1.0000000000,-0.0000010581,0.0000061434,0.0000010581,1.0000000000,0,-110.2,-171.2,1904.5,1,0.9999955297,-0.0003594132,-0.0029654885,0.0003618205,0.9999995828,0.0008112810,0.0029651956,-0.0008123504,0.9999952912,0,-110.2,-589.3,1904.5,0,0.9999956489,0.0004367918,0.0029197386,-0.0004311107,0.9999980330,-0.0019461155,-0.0029205829,0.0019448482,0.9999938607,0,80.9,-155.8,1926.5,1,0.9953186512,-0.0208011903,0.0943824798,0.0217626877,0.9997211099,-0.0091693029,-0.0941654295,0.0111803953,0.9954937696,0,80.7,-573.9,1925.6,0,-225.7,-303.9,1819.1,1,107.9,-300.6,1805.8,0,-110.1,-991.3,1904.8,0,89.1,-975.8,1921.1,0,
8,0.9905956388,-0.0280519389,-0.1339142621,0.0729698911,0.9362586737,0.3436510563,0.1157384962,-0.3501912951,0.9295006394,1,-38.8,435.8,1714.4,1,0.9905956388,-0.0280519389,-0.1339142621,0.0729698911,0.9362586737,0.3436510563,0.1157384962,-0.3501912951,0.9295006394,1,-32.8,235.2,1789.4,1,0.9904981852,-0.0377592817,-0.1322392374,0.0757660866,0.9523081779,0.2955833673,0.1147716939,-0.3027943671,0.9461203814,1,-24.9,36.2,1852.7,1,0.2722188532,-0.8035129905,-0.5293995142,0.9305892587,0.0799017251,0.3572385311,-0.2447458357,-0.5899005532,0.7694913149,1,-173.0,224.5,1773.1,1,-0.0841937438,-0.7996246219,-0.5945688486,0.9924887419,-0.0141463764,-0.1215158626,0.0887560695,-0.6003338099,0.7948093414,1,-248.7,-34.0,1841.1,1,-0.0000005960,1.0000001192,0.0000000001,-1.0000001192,-0.0000005960,0.0000000000,0.0000000000,-0.0000000001,1.0000000000,0,107.4,246.0,1805.6,1,0.0000170469,0.9999990463,0.0000173095,-0.9999990463,0.0000170469,-0.0000015431,-0.0000015434,-0.0000173094,1.0000000000,0,107.4,-27.4,1805.6,0,1.0000000000,-0.0000018143,-0.0000049147,0.0000018143,1.0000000000,-0.0000008465,0.0000049147,0.0000008465,1.0000000000,0,-112.6,-170.2,1904.9,1,0.9999963641,-0.0003235803,-0.0026689277,0.0003255303,0.9999997020,0.0007302015,0.0026686906,-0.0007310676,0.9999961853,0,-112.6,-588.3,1904.9,0,0.9999971986,0.0003489793,0.0023358606,-0.0003453433,0.9999987483,-0.0015567922,-0.0023364008,0.0015559812,0.9999960661,0,78.5,-155.6,1927.1,1,0.9962075353,-0.0187700205,0.0849599019,0.0195489489,0.9997740984,-0.0083454940,-0.0847840682,0.0099747218,0.9963493943,0,78.4,-573.7,1926.4,0,-225.7,-304.9,1816.9,1,107.4,-300.8,1805.6,0,-112.5,-990.4,1905.2,0,85.9,-975.7,1922.4,0,
9,0.9899125695,-0.0274064075,-0.1390018165,0.0742461607,0.9359520674,0.3442123830,0.1206656024,-0.3510608673,0.9285455942,1,-38.2,435.8,1714.4,1,0.9899125695,-0.0274064075,-0.1390018165,0.0742461607,0.9359520674,0.3442123830,0.1206656024,-0.3510608673,0.9285455942,1,-32.3,235.7,1789.4,1,0.9898338914,-0.0370247513,-0.1373230368,0.0765531212,0.9524229765,0.2950101495,0.1198671311,-0.3025238812,0.9455749393,1,-24.6,36.6,1852.6,1,0.2663679421,-0.8024920821,-0.5339050889,0.9318515062,0.0728161633,0.3554582894,-0.2463755161,-0.5922029614,0.7671993375,1,-172.5,224.9,1772.4,1,-0.0737121254,-0.7996126413,-0.5959749818,0.9933820963,-0.0060893893,-0.1146946773,0.0880821869,-0.6004852653,0.7947697639,1,-246.0,-32.4,1840.4,1,-0.0000005960,1.0000001192,0.0000000001,-1.0000001192,-0.0000005960,0.0000000000,0.0000000000,-0.0000000001,1.0000000000,0,107.8,246.6,1806.4,1,0.0000170469,0.9999990463,0.0000155785,-0.9999990463,0.0000170469,-0.0000013888,-0.0000013891,-0.0000155785,1.0000000000,0,107.8,-26.8,1806.4,0,1.0000000000,-0.0000014514,-0.0000039318,0.0000014514,1.0000000000,-0.0000006772,0.0000039318,0.0000006772,1.0000000000,0,-112.4,-169.9,1904.3,1,0.9999970794,-0.0002913101,-0.0024020248,0.0002928896,0.9999997616,0.0006572204,0.0024018330,-0.0006579221,0.9999969006,0,-112.4,-588.0,1904.3,0,0.9999982119,0.0002788927,0.0018687330,-0.0002765657,0.9999991655,-0.0012453697,-0.0018690787,0.0012448507,0.9999974966,0,78.6,-155.1,1927.4,1,0.9969277382,-0.0169322379,0.0764746442,0.0175632499,0.9998169541,-0.0075861895,-0.0763321891,0.0089060264,0.9970426559,0,78.5,-573.2,1926.9,0,-225.9,-303.7,1816.4,1,107.8,-300.2,1806.4,0,-112.2,-990.0,1904.6,0,85.3,-975.2,1923.3,0,
10,0.9899744391,-0.0303770602,-0.1379399151,0.0763503388,0.9367129803,0.3416728973,0.1188312471,-0.3487795591,0.9296411872,1,-39.1,436.8,1714.9,1,0.9899744391,-0.0303770602,-0.1379399151,0.0763503388,0.9367129803,0.3416728973,0.1188312471,-0.3487795591,0.9296411872,1,-32.6,236.4,1789.5,1,0.9899982810,-0.0369557478,-0.1361516863,0.0756814703,0.9535816908,0.2914708555,0.1190604046,-0.2988601327,0.9468410611,1,-24.8,37.0,1852.0,1,0.2473363280,-0.8074201345,-0.5356281400,0.9374876618,0.0597368032,0.3428535163,-0.2448301613,-0.5869448781,0.7717213631,1,-172.7,225.7,1772.6,1,-0.0568132587,-0.8061425090,-0.5889876485,0.9927756190,0.0168315768,-0.1187995374,0.1056829616,-0.5914819837,0.7993623614,1,-241.0,-33.2,1840.2,1,-0.0000005960,1.0000001192,0.0000000000,-1.0000001192,-0.0000005960,0.0000000000,0.0000000000,-0.0000000000,1.0000000000,0,107.6,247.1,1806.3,1,0.0000170469,0.9999990463,0.0000140206,-0.9999990463,0.0000170469,-0.0000012499,-0.0000012502,-0.0000140206,1.0000000000,0,107.6,-26.3,1806.3,0,1.0000000000,-0.0000011612,-0.0000031454,0.0000011612,1.0000000000,-0.0000005417,0.0000031454,0.0000005417,1.0000000000,0,-112.6,-169.6,1902.9,1,0.9999976158,-0.0002622503,-0.0021618146,0.0002635296,0.9999997616,0.0005915302,0.0021616591,-0.0005920985,0.9999974966,0,-112.6,-587.7,1902.9,0,0.9999988675,0.0002229281,0.0014950146,-0.0002214389,0.9999994636,-0.0009962549,-0.0014952361,0.0009959226,0.9999983907,0,78.4,-155.0,1925.9,1,0.9975112081,-0.0152704455,0.0688343421,0.0157816149,0.9998517632,-0.0068883752,-0.0687189475,0.0079575488,0.9976043105,0,78.3,-573.1,1925.5,0,-225.5,-303.7,1811.4,1,107.6,-299.7,1806.3,0,-112.5,-989.8,1903.2,0,84.5,-975.1,1922.3,0,
11,0.9902305603,-0.0275051016,-0.1366984695,0.0731647611,0.9370464683,0.3414556086,0.1187012196,-0.3481216431,0.9299044013,1,-38.3,437.0,1715.1,1,0.9902305603,-0.0275051016,-0.1366984695,0.0731647611,0.9370464683,0.3414556086,0.1187012196,-0.3481216431,0.9299044013,1,-32.5,236.6,1789.6,1,0.9902085662,-0.0355536379,-0.1349908561,0.0738248304,0.9541014433,0.2902437449,0.1184759140,-0.2973678708,0.9473840594,1,-25.0,37.2,1851.7,1,0.2514227331,-0.8073112965,-0.5338867903,0.9364898801,0.0635762960,0.3448838592,-0.2444861233,-0.5866912603,0.7720233202,1,-172.6,226.2,1772.8,1,-0.0586418509,-0.8058651686,-0.5891879201,0.9930007458,0.0135241151,-0.1173310131,0.1025212258,-0.5919445753,0.7994316816,1,-241.9,-31.7,1840.1,1,-0.0000005960,1.0000001192,0.0000000000,-1.0000001192,-0.0000005960,0.0000000000,0.0000000000,-0.0000000000,1.0000000000,0,107.7,247.1,1806.3,1,0.0000170469,0.9999990463,0.0000126186,-0.9999990463,0.0000170469,-0.0000011249,-0.0000011251,-0.0000126185,1.0000000000,0,107.7,-26.3,1806.3,0,1.0000000000,-0.0000009289,-0.0000025163,0.0000009289,1.0000000000,-0.0000004334,0.0000025163,0.0000004334,1.0000000000,0,-113.1,-169.4,1902.5,1,0.9999980927,-0.0002360829,-0.0019456268,0.0002371192,0.9999998212,0.0005324029,0.0019455008,-0.0005328633,0.9999979734,0,-113.1,-587.5,1902.5,0,0.9999992847,0.0001782234,0.0011960296,-0.0001772703,0.9999996424,-0.0007969774,-0.0011961712,0.0007967648,0.9999989867,0,78.0,-155.2,1925.3,1,0.9979839325,-0.0137686022,0.0619555265,0.0141826812,0.9998798966,-0.0062486753,-0.0618620515,0.0071147736,0.9980593324,0,77.9,-573.3,1925.0,0,-225.9,-302.8,1812.1,1,107.7,-299.7,1806.3,0,-113.0,-989.6,1902.7,0,83.4,-975.3,1922.1,0,
12,0.9901577234,-0.0289067496,-0.1369364411,0.0741342306,0.9382247925,0.3379931450,0.1187070534,-0.3448186219,0.9311334491,1,-38.4,435.7,1715.7,1,0.9901577234,-0.0289067496,-0.1369364411,0.0741342306,0.9382247925,0.3379931450,0.1187070534,-0.3448186219,0.9311334491,1,-32.2,235.0,1789.5,1,0.9901365638,-0.0367236957,-0.1352053285,0.0747447833,0.9546900988,0.2880644202,0.1185005680,-0.2953293920,0.9480183721,1,-24.5,35.5,1851.2,1,0.2551207840,-0.8068743944,-0.5327917337,0.9352434874,0.0660599470,0.3477868438,-0.2454241216,-0.5870176554,0.7714772820,1,-172.4,224.5,1772.7,1,-0.0572546683,-0.8055069447,-0.5898140073,0.9930028319,0.0151708163,-0.1171119213,0.1032824144,-0.5923922062,0.7990020514,1,-241.6,-29.2,1839.3,1,-0.0000005960,1.0000001192,0.0000000000,-1.0000001192,-0.0000005960,0.0000000000,0.0000000000,-0.0000000000,1.0000000000,0,108.0,245.6,1806.3,1,0.0000170469,0.9999990463,0.0000113567,-0.9999990463,0.0000170469,-0.0000010124,-0.0000010126,-0.0000113567,1.0000000000,0,108.0,-27.7,1806.3,0,1.0000000000,-0.0000007431,-0.0000020131,0.0000007431,1.0000000000,-0.0000003467,0.0000020131,0.0000003467,1.0000000000,0,-112.4,-171.3,1901.5,1,0.9999984503,-0.0002125213,-0.0017510589,0.0002133607,0.9999998808,0.0004791834,0.0017509569,-0.0004795563,0.9999983311,0,-112.4,-589.4,1901.5,0,0.9999995232,0.0001425025,0.0009568350,-0.0001418925,0.9999997616,-0.0006375649,-0.0009569257,0.0006374288,0.9999993443,0,78.7,-156.9,1924.4,1,0.9983668923,-0.0124120051,0.0557630323,0.0127474321,0.9999027252,-0.0056635435,-0.0556873120,0.0063651293,0.9984279871,0,78.6,-575.0,1924.1,0,-225.9,-300.5,1811.1,1,108.0,-301.1,1806.3,0,-112.3,-991.5,1901.7,0,83.6,-977.0,1921.6,0,
13,0.9903185368,-0.0301427096,-0.1354996562,0.0750846788,0.9373323321,0.3402521014,0.1167522520,-0.3471323252,0.9305207133,1,-37.9,435.5,1715.0,1,0.9903185368,-0.0301427096,-0.1354996562,0.0750846788,0.9373323321,0.3402521014,0.1167522520,-0.3471323252,0.9305207133,1,-31.5,235.3,1789.2,1,0.9903164506,-0.0371006168,-0.1337774396,0.0751431361,0.9535162449,0.2918242216,0.1167322621,-0.2990511656,0.9470705390,1,-23.7,36.0,1851.7,1,0.2601179481,-0.8057503700,-0.5320761204,0.9343425035,0.0710184574,0.3492284119,-0.2436036915,-0.5879819393,0.7713199854,1,-171.6,224.7,1772.7,1,-0.0612903573,-0.8040761948,-0.5913587213,0.9928146005,0.0118934438,-0.1190702096,0.1027747914,-0.5944074392,0.7975696325,1,-242.5,-29.7,1839.0,1,-0.0000005960,1.0000001192,0.0000000000,-1.0000001192,-0.0000005960,0.0000000000,0.0000000000,-0.0000000000,1.0000000000,0,108.7,245.9,1805.7,1,0.0000170469,0.9999990463,0.0000102210,-0.9999990463,0.0000170469,-0.0000009112,-0.0000009114,-0.0000102210,1.0000000000,0,108.7,-27.4,1805.7,0,1.0000000000,-0.0000005945,-0.0000016105,0.0000005945,1.0000000000,-0.0000002774,0.0000016105,0.0000002774,1.0000000000,0,-111.5,-170.6,1903.0,1,0.9999987483,-0.0001913069,-0.0015759486,0.0001919868,0.9999998808,0.0004312819,0.0015758659,-0.0004315840,0.9999986887,0,-111.5,-588.7,1903.0,0,0.9999997020,0.0001139532,0.0007654754,-0.0001135628,0.9999998808,-0.0005100411,-0.0007655334,0.0005099541,0.9999995828,0,79.6,-156.1,1925.5,1,0.9986771345,-0.0111870700,0.0501885451,0.0114587797,0.9999212027,-0.0051293094,-0.0501272045,0.0056976229,0.9987266064,0,79.6,-574.2,1925.3,0,-225.7,-301.0,1810.9,1,108.7,-300.8,1805.7,0,-111.4,-990.8,1903.1,0,84.1,-976.2,1923.0,0,
14,0.9904248714,-0.0310267434,-0.1345196217,0.0757505372,0.9367651939,0.3416635692,0.1154127494,-0.3485824466,0.9301456213,1,-37.7,436.4,1714.7,1,0.9904248714,-0.0310267434,-0.1345196217,0.0757505372,0.9367651939,0.3416635692,0.1154127494,-0.3485824466,0.9301456213,1,-31.1,236.2,1789.2,1,0.9903743863,-0.0390759446,-0.1327830255,0.0771119893,0.9524232745,0.2948640585,0.1149437055,-0.3022653461,0.9462686181,1,-22.9,37.1,1852.4,1,0.2441486567,-0.8082854748,-0.5357854962,0.9402318597,0.0620541126,0.3348334432,-0.2373933047,-0.5855117440,0.7751260996,1,-171.3,225.3,1772.9,1,-0.0496200062,-0.8076928854,-0.5875117779,0.9912341833,0.0322907381,-0.1281098425,0.1224445999,-0.5887185931,0.7990105152,1,-238.7,-34.4,1838.5,1,-0.0000005960,1.0000001192,0.0000000000,-1.0000001192,-0.0000005960,0.0000000000,0.0000000000,-0.0000000000,1.0000000000,0,109.1,247.1,1805.5,1,0.0000170469,0.9999990463,0.0000091989,-0.9999990463,0.0000170469,-0.0000008201,-0.0000008202,-0.0000091989,1.0000000000,0,109.1,-26.3,1805.5,0,1.0000000000,-0.0000004756,-0.0000012884,0.0000004756,1.0000000000,-0.0000002219,0.0000012884,0.0000002219,1.0000000000,0,-110.3,-169.5,1904.5,1,0.9999989867,-0.0001722068,-0.0014183500,0.0001727576,0.9999998808,0.0003881673,0.0014182830,-0.0003884120,0.9999989271,0,-110.3,-587.6,1904.5,0,0.9999998212,0.0000911313,0.0006123850,-0.0000908815,0.9999999404,-0.0004080259,-0.0006124221,0.0004079702,0.9999997020,0,80.8,-154.6,1926.7,1,0.9989284277,-0.0100814421,0.0451707281,0.0103015359,0.9999361634,-0.0046423529,-0.0451210402,0.0051027057,0.9989684820,0,80.7,-572.7,1926.5,0,-225.1,-306.0,1804.9,1,109.1,-299.7,1805.5,0,-110.3,-989.6,1904.7,0,84.8,-974.7,1924.5,0,
15,0.9900300503,-0.0313009396,-0.1373330057,0.0769494548,0.9368351698,0.3412032425,0.1179785728,-0.3483695984,0.9299033880,1,-38.0,436.6,1714.5,1,0.9900300503,-0.0313009396,-0.1373330057,0.0769494548,0.9368351698,0.3412032425,0.1179785728,-0.3483695984,0.9299033880,1,-31.3,235.7,1789.2,1,0.9899388552,-0.0407249928,-0.1355071813,0.0793425962,0.9527217746,0.2933037877,0.1171559989,-0.3011047244,0.9463672638,1,-22.8,36.6,1852.2,1,0.2499142289,-0.8047429323,-0.5384530425,0.9407644272,0.0702071637,0.3317126632,-0.2291401476,-0.5894571543,0.7746192813,1,-171.5,224.5,1772.6,1,-0.0591151454,-0.8033714890,-0.5925365686,0.9915754199,0.0212753601,-0.1277712584,0.1152542233,-0.5950978994,0.7953457832,1,-241.4,-38.7,1836.7,1,-0.0000005960,1.0000001192,0.0000000000,-1.0000001192,-0.0000005960,0.0000000000,0.0000000000,-0.0000000000,1.0000000000,0,108.8,247.0,1805.8,1,0.0000170469,0.9999990463,0.0000082790,-0.9999990463,0.0000170469,-0.0000007381,-0.0000007382,-0.0000082790,1.0000000000,0,108.8,-26.4,1805.8,0,1.0000000000,-0.0000003805,-0.0000010307,0.0000003805,1.0000000000,-0.0000001775,0.0000010307,0.0000001775,1.0000000000,0,-109.8,-170.3,1903.8,1,0.9999991655,-0.0001550109,-0.0012765119,0.0001554570,0.9999999404,0.0003493616,0.0012764577,-0.0003495597,0.9999991059,0,-109.8,-588.4,1903.8,0,0.9999998808,0.0000728851,0.0004899109,-0.0000727252,0.9999999404,-0.0003264163,-0.0004899347,0.0003263806,0.9999998212,0,81.2,-155.0,1926.4,1,0.9991319776,-0.0090838410,0.0406542644,0.0092621241,0.9999482632,-0.0041991337,-0.0406140164,0.0045720334,0.9991644621,0,81.2,-573.1,1926.3,0,-225.2,-310.4,1805.2,1,108.8,-299.8,1805.8,0,-109.7,-990.4,1904.0,0,84.8,-975.1,1924.5,0,
16,0.9904513955,-0.0300007910,-0.1345571876,0.0751801431,0.9356721044,0.3447708488,0.1155581325,-0.3515952528,0.9289929271,1,-38.1,436.1,1713.9,1,0.9904513955,-0.0300007910,-0.1345571876,0.0751801431,0.9356721044,0.3447708488,0.1155581325,-0.3515952528,0.9289929271,1,-31.7,235.9,1789.2,1,0.9903215766,-0.0407151543,-0.1326841712,0.0786458999,0.9523287416,0.2947643399,0.1143577099,-0.3023469746,0.9463135004,1,-23.2,36.8,1852.4,1,0.2640538812,-0.8039087057,-0.5329224467,0.9353951216,0.0787147284,0.3447316885,-0.2351839542,-0.5895208120,0.7727572322,1,-171.9,224.8,1773.0,1,-0.0762224123,-0.8009894490,-0.5938063264,0.9917643666,0.0005698502,-0.1280739605,0.1029242724,-0.5986780524,0.7943494916,1,-245.4,-35.8,1838.5,1,-0.0000005960,1.0000001192,0.0000000000,-1.0000001192,-0.0000005960,0.0000000000,0.0000000000,-0.0000000000,1.0000000000,0,108.5,247.1,1805.3,1,0.0000170469,0.9999990463,0.0000074511,-0.9999990463,0.0000170469,-0.0000006643,-0.0000006644,-0.0000074511,1.0000000000,0,108.5,-26.3,1805.3,0,1.0000000000,-0.0000003044,-0.0000008246,0.0000003044,1.0000000000,-0.0000001420,0.0000008246,0.0000001420,1.0000000000,0,-110.2,-169.8,1904.5,1,0.9999993443,-0.0001395299,-0.0011488583,0.0001398913,0.9999999404,0.0003144344,0.0011488143,-0.0003145948,0.9999992847,0,-110.2,-587.9,1904.5,0,0.9999999404,0.0000582953,0.0003919307,-0.0000581929,0.9999999404,-0.0002611302,-0.0003919459,0.0002611074,0.9999998808,0,80.9,-154.7,1926.6,1,0.9992969036,-0.0081839254,0.0365890078,0.0083283382,0.9999580979,-0.0037962107,-0.0365564041,0.0040982673,0.9993231893,0,80.9,-572.8,1926.5,0,-224.6,-307.5,1810.3,1,108.5,-299.7,1805.3,0,-110.2,-990.0,1904.7,0,84.2,-974.8,1924.8,0,
17,0.9906206131,-0.0281689223,-0.1337047368,0.0731024221,0.9359627962,0.3444284797,0.1154406145,-0.3509725630,0.9292429686,1,-38.3,436.4,1714.1,1,0.9906206131,-0.0281689223,-0.1337047368,0.0731024221,0.9359627962,0.3444284797,0.1154406145,-0.3509725630,0.9292429686,1,-32.3,235.8,1789.4,1,0.9904047251,-0.0415631011,-0.1317979544,0.0789511949,0.9529160857,0.2927778959,0.1134237647,-0.3003746569,0.9470537305,1,-23.6,36.6,1852.1,1,0.2518072128,-0.8071814775,-0.5339021683,0.9389349818,0.0700811446,0.3368826807,-0.2345089316,-0.5861289501,0.7755376697,1,-172.5,224.6,1773.3,1,-0.0643889830,-0.8052750230,-0.5893948078,0.9928361177,0.0078762248,-0.1192243770,0.1006506234,-0.5928491950,0.7989989519,1,-242.7,-37.4,1838.7,1,-0.0000005960,1.0000001192,0.0000000000,-1.0000001192,-0.0000005960,0.0000000000,0.0000000000,-0.0000000000,1.0000000000,0,108.0,247.0,1805.4,1,0.0000170469,0.9999990463,0.0000067060,-0.9999990463,0.0000170469,-0.0000005978,-0.0000005979,-0.0000067060,1.0000000000,0,108.0,-26.4,1805.4,0,1.0000000000,-0.0000002435,-0.0000006596,0.0000002435,1.0000000000,-0.0000001136,0.0000006596,0.0000001136,1.0000000000,0,-110.4,-170.3,1904.0,1,0.9999994636,-0.0001255932,-0.0010339705,0.0001258859,0.9999999404,0.0002829981,0.0010339349,-0.0002831282,0.9999994040,0,-110.4,-588.4,1904.0,0,0.9999999404,0.0000466280,0.0003135458,-0.0000465625,1.0000000000,-0.0002089023,-0.0003135555,0.0002088877,0.9999999404,0,80.7,-155.0,1925.9,1,0.9994304776,-0.0073723337,0.0329299793,0.0074893096,0.9999660850,-0.0034303251,-0.0329035744,0.0036749942,0.9994517565,0,80.7,-573.1,1925.8,0,-225.0,-310.8,1811.0,1,108.0,-299.8,1805.4,0,-110.4,-990.4,1904.1,0,83.6,-975.1,1924.3,0,
18,0.9904732704,-0.0277894046,-0.1348710358,0.0732042268,0.9358254075,0.3447797894,0.1166346371,-0.3513687849,0.9289439917,1,-37.5,436.4,1714.2,1,0.9904732704,-0.0277894046,-0.1348710358,0.0732042268,0.9358254075,0.3447797894,0.1166346371,-0.3513687849,0.9289439917,1,-31.5,236.0,1789.5,1,0.9902799129,-0.0406112298,-0.1330267489,0.0785418004,0.9526162148,0.2938619256,0.1147894710,-0.3014541864,0.9465460181,1,-23.0,36.9,1852.5,1,0.2483378947,-0.8070226908,-0.5357636809,0.9399692416,0.0671193749,0.3345936239,-0.2340645343,-0.5866936445,0.7752447128,1,-171.7,224.9,1773.2,1,-0.0594933517,-0.8055853844,-0.5894854069,0.9917954206,0.0192337297,-0.1263807863,0.1131485030,-0.5921677351,0.7978314161,1,-241.4,-38.7,1838.9,1,-0.0000005960,1.0000001192,0.0000000000,-1.0000001192,-0.0000005960,0.0000000000,0.0000000000,-0.0000000000,1.0000000000,0,108.6,247.1,1805.7,1,0.0000170469,0.9999990463,0.0000060354,-0.9999990463,0.0000170469,-0.0000005381,-0.0000005382,-0.0000060354,1.0000000000,0,108.6,-26.2,1805.7,0,1.0000000000,-0.0000001948,-0.0000005277,0.0000001948,1.0000000000,-0.0000000909,0.0000005277,0.0000000909,1.0000000000,0,-110.1,-169.9,1904.5,1,0.9999995828,-0.0001130470,-0.0009305718,0.0001132841,0.9999999404,0.0002547042,0.0009305429,-0.0002548095,0.9999995232,0,-110.1,-588.0,1904.5,0,0.9999999404,0.0000372972,0.0002508374,-0.0000372553,1.0000000000,-0.0001671207,-0.0002508436,0.0001671114,0.9999999404,0,81.0,-154.7,1926.6,1,0.9995386600,-0.0066406336,0.0296369921,0.0067353863,0.9999725223,-0.0030984294,-0.0296156015,0.0032966167,0.9995559454,0,81.0,-572.8,1926.5,0,-224.9,-312.8,1807.6,1,108.7,-299.6,1805.7,0,-110.1,-990.0,1904.6,0,83.6,-974.8,1925.2,0,
19,0.9902642965,-0.0300867725,-0.1359078288,0.0752734095,0.9370356798,0.3410268128,0.1170902103,-0.3479374349,0.9301774502,1,-38.8,437.2,1715.3,1,0.9902642965,-0.0300867725,-0.1359078288,0.0752734095,0.9370356798,0.3410268128,0.1170902103,-0.3479374349,0.9301774502,1,-32.4,236.8,1789.7,1,0.9901758432,-0.0398638994,-0.1340235323,0.0776659176,0.9538428783,0.2900913358,0.1162733510,-0.2976509631,0.9475679398,1,-24.0,37.4,1852.0,1,0.2396282256,-0.8085505366,-0.5374237299,0.9425981641,0.0611551329,0.3282813132,-0.2325657904,-0.5852401257,0.7767928839,1,-172.5,225.8,1773.3,1,-0.0551533513,-0.8075709343,-0.5871859789,0.9912577868,0.0263084956,-0.1292898208,0.1198586673,-0.5891833901,0.7990599871,1,-240.2,-40.4,1838.9,1,-0.0000005960,1.0000001192,0.0000000000,-1.0000001192,-0.0000005960,0.0000000000,0.0000000000,-0.0000000000,1.0000000000,0,107.8,247.8,1806.2,1,0.0000170469,0.9999990463,0.0000054318,-0.9999990463,0.0000170469,-0.0000004842,-0.0000004843,-0.0000054318,1.0000000000,0,107.8,-25.6,1806.2,0,1.0000000000,-0.0000001558,-0.0000004222,0.0000001558,1.0000000000,-0.0000000727,0.0000004222,0.0000000727,1.0000000000,0,-111.2,-169.5,1903.0,1,0.9999996424,-0.0001017530,-0.0008375133,0.0001019450,0.9999999404,0.0002292385,0.0008374899,-0.0002293238,0.9999996424,0,-111.2,-587.6,1903.0,0,1.0000000000,0.0000298344,0.0002006704,-0.0000298076,1.0000000000,-0.0001336958,-0.0002006744,0.0001336898,1.0000000000,0,79.9,-154.5,1925.4,1,0.9996263385,-0.0059810295,0.0266731996,0.0060577807,0.9999777675,-0.0027975973,-0.0266558733,0.0029581322,0.9996402860,0,79.8,-572.6,1925.3,0,-225.0,-314.0,1805.8,1,107.8,-299.0,1806.2,0,-111.2,-989.6,1903.1,0,82.2,-974.7,1924.2,0,
20,0.9905237556,-0.0288070254,-0.1342855394,0.0734265372,0.9373632073,0.3405288458,0.1160648316,-0.3471625149,0.9305953979,1,-38.3,435.8,1715.8,1,0.9905237556,-0.0288070254,-0.1342855394,0.0734265372,0.9373632073,0.3405288458,0.1160648316,-0.3471625149,0.9305953979,1,-32.2,235.4,1790.0,1,0.9904273748,-0.0387708284,-0.1324768960,0.0761230513,0.9540229440,0.2899082005,0.1151461452,-0.2972179949,0.9478414655,1,-24.1,36.0,1852.2,1,0.2470399588,-0.8085322976,-0.5340849161,0.9395341873,0.0649612993,0.3362371922,-0.2371637821,-0.5848550797,0.7756918669,1,-172.4,224.6,1773.7,1,-0.0592504889,-0.8072320819,-0.5872527957,0.9910084605,0.0231322274,-0.1317845136,0.1199651286,-0.5897807479,0.7986032367,1,-241.5,-38.1,1840.0,1,-0.0000005960,1.0000001192,0.0000000000,-1.0000001192,-0.0000005960,0.0000000000,0.0000000000,-0.0000000000,1.0000000000,0,108.0,246.2,1806.3,1,0.0000170469,0.9999990463,0.0000048886,-0.9999990463,0.0000170469,-0.0000004358,-0.0000004359,-0.0000048886,1.0000000000,0,108.0,-27.2,1806.3,0,1.0000000000,-0.0000001247,-0.0000003377,0.0000001247,1.0000000000,-0.0000000582,0.0000003377,0.0000000582,1.0000000000,0,-111.5,-170.8,1903.2,1,0.9999997020,-0.0000915863,-0.0007537609,0.0000917419,1.0000000000,0.0002063185,0.0007537420,-0.0002063876,0.9999997020,0,-111.5,-588.9,1903.2,0,1.0000000000,0.0000238654,0.0001605367,-0.0000238482,1.0000000000,-0.0001069562,-0.0001605392,0.0001069523,1.0000000000,0,79.6,-156.1,1925.4,1,0.9996973276,-0.0053865234,0.0240057334,0.0054486929,0.9999819398,-0.0025251291,-0.0239917003,0.0026551646,0.9997086525,0,79.6,-574.2,1925.4,0,-225.1,-311.5,1806.9,1,108.0,-300.6,1806.3,0,-111.5,-990.9,1903.3,0,81.7,-976.3,1924.3,0,
21,0.9903551936,-0.0288272705,-0.1355181783,0.0743128061,0.9360402822,0.3439582884,0.1169352382,-0.3507120609,0.9291543961,1,-38.0,434.1,1715.1,1,0.9903551936,-0.0288272705,-0.1355181783,0.0743128061,0.9360402822,0.3439582884,0.1169352382,-0.3507120609,0.9291543961,1,-31.9,233.9,1790.1,1,0.9902698398,-0.0387257710,-0.1336625963,0.0767018721,0.9533198476,0.2920603156,0.1161130890,-0.2994711101,0.9470139742,1,-23.8,34.6,1852.7,1,0.2568395734,-0.8064137101,-0.5326634049,0.9353840947,0.0687916875,0.3468777835,-0.2430842072,-0.5873368382,0.7719751000,1,-172.0,223.1,1773.7,1,-0.0675071701,-0.8045362830,-0.5900545120,0.9902046323,0.0184205621,-0.1384040117,0.1222201809,-0.5936179757,0.7954118848,1,-243.7,-38.0,1841.5,1,-0.0000005960,1.0000001192,0.0000000000,-1.0000001192,-0.0000005960,0.0000000000,0.0000000000,-0.0000000000,1.0000000000,0,108.3,244.8,1806.6,1,0.0000170469,0.9999990463,0.0000043998,-0.9999990463,0.0000170469,-0.0000003922,-0.0000003923,-0.0000043998,1.0000000000,0,108.3,-28.6,1806.6,0,1.0000000000,-0.0000000997,-0.0000002702,0.0000000997,1.0000000000,-0.0000000465,0.0000002702,0.0000000465,1.0000000000,0,-111.2,-172.1,1904.1,1,0.9999997616,-0.0000824347,-0.0006783840,0.0000825607,1.0000000000,0.0001856897,0.0006783686,-0.0001857457,0.9999997616,0,-111.2,-590.2,1904.1,0,1.0000000000,0.0000190909,0.0001284295,-0.0000190799,1.0000000000,-0.0000855646,-0.0001284312,0.0000855622,1.0000000000,0,79.9,-157.3,1926.5,1,0.9997548461,-0.0048507722,0.0216049924,0.0049011307,0.9999853969,-0.0022785170,-0.0215936229,0.0023838473,0.9997639656,0,79.9,-575.4,1926.5,0,-225.3,-308.8,1808.1,1,108.3,-302.0,1806.6,0,-111.2,-992.2,1904.2,0,81.8,-977.4,1925.5,0,
22,0.9903971553,-0.0289675035,-0.1351817399,0.0741917714,0.9364402890,0.3428938389,0.1166570187,-0.3496308625,0.9295967221,1,-38.1,435.8,1715.2,1,0.9903971553,-0.0289675035,-0.1351817399,0.0741917714,0.9364402890,0.3428938389,0.1166570187,-0.3496308625,0.9295967221,1,-31.9,234.8,1790.3,1,0.9902668595,-0.0401273817,-0.1332708597,0.0777564943,0.9536743164,0.2906206548,0.1154353023,-0.2981550694,0.9475119114,1,-23.5,35.4,1852.6,1,0.2583339810,-0.8059043884,-0.5327118039,0.9360494018,0.0724462718,0.3443299532,-0.2389039844,-0.5875966549,0.7730816007,1,-172.1,223.8,1773.9,1,-0.0706139281,-0.8037746549,-0.5907283425,0.9900172949,0.0159462914,-0.1400410682,0.1219813973,-0.5947201252,0.7946247458,1,-244.4,-38.0,1840.8,1,-0.0000005960,1.0000001192,0.0000000000,-1.0000001192,-0.0000005960,0.0000000000,0.0000000000,-0.0000000000,1.0000000000,0,108.3,245.8,1806.6,1,0.0000170469,0.9999990463,0.0000039598,-0.9999990463,0.0000170469,-0.0000003530,-0.0000003531,-0.0000039598,1.0000000000,0,108.3,-27.6,1806.6,0,1.0000000000,-0.0000000798,-0.0000002162,0.0000000798,1.0000000000,-0.0000000372,0.0000002162,0.0000000372,1.0000000000,0,-110.7,-171.4,1903.8,1,0.9999998212,-0.0000741969,-0.0006105449,0.0000742990,1.0000000000,0.0001671233,0.0006105324,-0.0001671686,0.9999998212,0,-110.7,-589.5,1903.8,0,1.0000000000,0.0000152719,0.0001027438,-0.0000152648,1.0000000000,-0.0000684515,-0.0001027448,0.0000684499,1.0000000000,0,80.4,-156.4,1926.1,1,0.9998013973,-0.0043680375,0.0194443204,0.0044088284,0.9999881983,-0.0020554413,-0.0194351114,0.0021407597,0.9998088479,0,80.4,-574.5,1926.0,0,-225.2,-306.9,1807.6,1,108.3,-300.9,1806.6,0,-110.7,-991.6,1903.9,0,82.2,-976.6,1925.2,0,
23,0.9898999333,-0.0300698075,-0.1385408342,0.0764454827,0.9362146258,0.3430151045,0.1193897203,-0.3501419425,0.9290572405,1,-38.2,434.2,1715.3,1,0.9898999333,-0.0300698075,-0.1385408342,0.0764454827,0.9362146258,0.3430151045,0.1193897203,-0.3501419425,0.9290572405,1,-31.8,233.7,1790.3,1,0.9898213148,-0.0397474580,-0.1366516799,0.0785750374,0.9532195330,0.2918897569,0.1186573356,-0.2996565104,0.9466398358,1,-23.4,34.4,1852.9,1,0.2645166516,-0.8031757474,-0.5337975025,0.9333388805,0.0739022493,0.3513076603,-0.2427129596,-0.5911406875,0.7691834569,1,-171.9,222.6,1773.5,1,-0.0730405301,-0.8007395864,-0.5945429802,0.9908444881,0.0096075535,-0.1346663684,0.1135447919,-0.5989357233,0.7927065492,1,-244.9,-35.2,1840.5,1,-0.0000005960,1.0000001192,0.0000000000,-1.0000001192,-0.0000005960,0.0000000000,0.0000000000,-0.0000000000,1.0000000000,0,108.4,244.8,1807.1,1,0.0000170469,0.9999990463,0.0000035638,-0.9999990463,0.0000170469,-0.0000003177,-0.0000003178,-0.0000035638,1.0000000000,0,108.4,-28.6,1807.1,0,1.0000000000,-0.0000000638,-0.0000001729,0.0000000638,1.0000000000,-0.0000000298,0.0000001729,0.0000000298,1.0000000000,0,-110.6,-172.4,1904.1,1,0.9999998212,-0.0000667818,-0.0005494897,0.0000668645,1.0000000000,0.0001504130,0.0005494797,-0.0001504497,0.9999998212,0,-110.6,-590.5,1904.1,0,1.0000000000,0.0000122169,0.0000821951,-0.0000122124,1.0000000000,-0.0000547611,-0.0000821958,0.0000547601,1.0000000000,0,80.4,-157.3,1927.0,1,0.9998391271,-0.0039331247,0.0174997188,0.0039661652,0.9999904037,-0.0018537627,-0.0174922608,0.0019228712,0.9998451471,0,80.4,-575.4,1927.0,0,-225.0,-305.1,1809.6,1,108.4,-301.9,1807.1,0,-110.6,-992.6,1904.2,0,81.9,-977.4,1926.2,0,
