1,0.9830135107,-0.0120157311,-0.1831381023,0.0564913005,0.9692211151,0.2396288514,0.1746207774,-0.2459055185,0.9534334540,1,-21.3,446.1,1776.1,1,0.9830135107,-0.0120157311,-0.1831381023,0.0564913005,0.9692211151,0.2396288514,0.1746207774,-0.2459055185,0.9534334540,1,-18.8,240.8,1828.2,1,0.9829879403,-0.0158250630,-0.1829858273,0.0582751557,0.9716787934,0.2290137112,0.1741780639,-0.2357825935,0.9560678601,1,-15.5,37.6,1877.5,1,0.2638432384,-0.6424977779,-0.7194327712,0.9501593709,0.0446946174,0.3085443676,-0.1660842896,-0.7649831772,0.6222676039,1,-157.9,232.5,1803.6,1,-0.1490336806,-0.6424977779,-0.7516553402,0.9719466567,0.0446946248,-0.2309157103,0.1819577366,-0.7649831176,0.6178125739,1,-229.0,-23.4,1848.3,1,0.3397882283,0.5879926682,0.7340359688,-0.9312931299,0.1014019400,0.3498724103,0.1312897056,-0.8024851680,0.5820487142,1,120.4,249.0,1852.9,1,-0.0373447239,0.5858376622,0.8095676303,-0.9931872487,0.0677280724,-0.0948258862,-0.1103830189,-0.8075934649,0.5793172121,1,209.5,4.8,1887.3,1,1.0000000000,0.0000028530,-0.0000090631,-0.0000028531,1.0000000000,-0.0000051384,0.0000090631,0.0000051384,1.0000000000,0,-107.0,-171.1,1910.0,1,0.9999977946,0.0004852146,-0.0020328574,-0.0004866309,0.9999996424,-0.0006962393,0.0020325189,0.0006972271,0.9999976754,0,-107.0,-589.2,1910.0,0,0.9999996424,-0.0003482836,0.0007729477,0.0003484790,0.9999998808,-0.0002527701,-0.0007728596,0.0002530394,0.9999996424,0,82.7,-159.9,1943.6,1,0.9992035627,-0.0065847901,0.0393555649,0.0067365379,0.9999703765,-0.0037244572,-0.0393298753,0.0039866110,0.9992183447,0,82.8,-578.0,1943.5,0,-184.1,-316.2,1793.5,1,198.6,-285.4,1855.0,1,-107.2,-991.2,1909.7,0,85.5,-980.0,1941.9,0,
2,0.9835404754,-0.0127181336,-0.1802383512,0.0564007089,0.9692897201,0.2393729538,0.1716575474,-0.2455999553,0.9540500641,1,-21.1,446.3,1776.8,1,0.9835404754,-0.0127181336,-0.1802383512,0.0564007089,0.9692897201,0.2393729538,0.1716575474,-0.2455999553,0.9540500641,1,-18.4,240.7,1828.8,1,0.9835169911,-0.0165091269,-0.1800592244,0.0579628721,0.9720588326,0.2274751067,0.1712715030,-0.2341637462,0.9569903612,1,-14.9,37.5,1877.8,1,0.2651843131,-0.6393206716,-0.7217661738,0.9498823881,0.0447103232,0.3093934655,-0.1655312330,-0.7676392198,0.6191360354,1,-157.6,232.5,1804.6,1,-0.1475057900,-0.6393207312,-0.7546595931,0.9726366401,0.0447103307,-0.2279886603,0.1794989258,-0.7676392198,0.6152318120,1,-229.0,-23.2,1849.1,1,0.3374175727,0.5861129165,0.7366281748,-0.9325134158,0.1011139899,0.3466908932,0.1287165880,-0.8038952351,0.5806759000,1,120.8,248.9,1853.1,1,-0.0275089778,0.5841339827,0.8111910820,-0.9944520593,0.0664316639,-0.0815607384,-0.1015311554,-0.8089342713,0.5790656805,1,208.9,5.4,1886.7,1,1.0000000000,0.0000022824,-0.0000072505,-0.0000022824,1.0000000000,-0.0000041107,0.0000072505,0.0000041107,1.0000000000,0,-106.4,-171.3,1910.2,1,0.9999982119,0.0004367571,-0.0018295569,-0.0004379042,0.9999997020,-0.0006266601,0.0018292826,0.0006274601,0.9999981523,0,-106.4,-589.4,1910.2,0,0.9999997616,-0.0002786425,0.0006183512,0.0002787676,0.9999999404,-0.0002022376,-0.0006182948,0.0002024099,0.9999997616,0,83.4,-160.1,1943.3,1,0.9993548989,-0.0059334277,0.0354205631,0.0060563465,0.9999759793,-0.0033639735,-0.0353997536,0.0035763225,0.9993668199,0,83.5,-578.2,1943.2,0,-184.6,-316.1,1795.1,1,200.9,-285.2,1857.0,1,-106.6,-991.5,1910.0,0,85.9,-980.3,1941.7,0,
3,0.9838550091,-0.0131375473,-0.1784834117,0.0587341525,0.9657696486,0.2526700199,0.1690531522,-0.2590751350,0.9509460926,1,-21.2,444.9,1773.1,1,0.9838550091,-0.0131375473,-0.1784834117,0.0587341525,0.9657696486,0.2526700199,0.1690531522,-0.2590751350,0.9509460926,1,-18.4,240.2,1828.0,1,0.9838477373,-0.0166195463,-0.1782328933,0.0592052490,0.9698581696,0.2363745272,0.1689309478,-0.2431101948,0.9551737905,1,-14.9,37.4,1878.8,1,0.2646436691,-0.6361649036,-0.7247468829,0.9497574568,0.0417097732,0.3101952374,-0.1671062708,-0.7704249620,0.6152405739,1,-157.7,231.8,1804.1,1,-0.1495536566,-0.6361648440,-0.7569201589,0.9729335904,0.0417097583,-0.2272895873,0.1761645824,-0.7704250216,0.6127082705,1,-229.0,-24.1,1849.1,1,0.3374526203,0.5852534771,0.7372951508,-0.9310322404,0.0918979123,0.3531769216,0.1389421523,-0.8056260347,0.5759009719,1,120.9,248.6,1851.9,1,-0.0234699082,0.5829955339,0.8121362925,-0.9931517243,0.0794037208,-0.0857013762,-0.1144501567,-0.8085860014,0.5771393776,1,209.5,3.9,1888.4,1,1.0000000000,0.0000018259,-0.0000058004,-0.0000018260,1.0000000000,-0.0000032885,0.0000058004,0.0000032886,1.0000000000,0,-106.4,-171.0,1913.3,1,0.9999985695,0.0003931331,-0.0016465891,-0.0003940622,0.9999997616,-0.0005640301,0.0016463670,0.0005646782,0.9999985099,0,-106.4,-589.1,1913.3,0,0.9999998808,-0.0002229240,0.0004946764,0.0002230041,0.9999999404,-0.0001618039,-0.0004946403,0.0001619142,0.9999998808,0,83.5,-159.6,1945.9,1,0.9994774461,-0.0053458614,0.0318790264,0.0054454282,0.9999805689,-0.0030372720,-0.0318621732,0.0032092799,0.9994871020,0,83.6,-577.7,1945.8,0,-184.0,-316.8,1796.1,1,202.7,-286.3,1854.9,1,-106.6,-991.2,1913.1,0,85.7,-979.7,1944.5,0,
4,0.9840581417,-0.0138824927,-0.1773035675,0.0597469173,0.9648151398,0.2560567260,0.1675091982,-0.2625694275,0.9502606392,1,-21.7,443.2,1771.7,1,0.9840581417,-0.0138824927,-0.1773035675,0.0597469173,0.9648151398,0.2560567260,0.1675091982,-0.2625694275,0.9502606392,1,-18.8,239.2,1827.2,1,0.9840525389,-0.0172443185,-0.1770390421,0.0600914732,0.9690060616,0.2396233678,0.1674185097,-0.2464418411,0.9545861483,1,-15.2,36.6,1878.8,1,0.2652383745,-0.6499001980,-0.7122347951,0.9475730062,0.0391797125,0.3171283305,-0.1781966090,-0.7590090632,0.6262198687,1,-158.1,230.6,1803.5,1,-0.1517704129,-0.6499001980,-0.7447116375,0.9718653560,0.0391797572,-0.2322554737,0.1801204830,-0.7590089440,0.6256691813,1,-229.5,-24.5,1851.5,1,0.3393143713,0.5843473077,0.7371593714,-0.9296672344,0.0887928307,0.3575395644,0.1434728205,-0.8066312075,0.5733773112,1,120.5,247.7,1850.9,1,-0.0283248778,0.5818543434,0.8127995729,-0.9929494858,0.0772537962,-0.0899060965,-0.1151041090,-0.8096155524,0.5755637884,1,209.7,3.5,1888.6,1,1.0000000000,0.0000014608,-0.0000046403,-0.0000014608,1.0000000000,-0.0000026308,0.0000046403,0.0000026308,1.0000000000,0,-106.5,-171.8,1914.1,1,0.9999988675,0.0003538616,-0.0014819204,-0.0003546142,0.9999998212,-0.0005076564,0.0014817404,0.0005081813,0.9999987483,0,-106.5,-589.9,1914.1,0,0.9999998808,-0.0001783456,0.0003957383,0.0001783969,1.0000000000,-0.0001294519,-0.0003957151,0.0001295225,0.9999999404,0,83.4,-160.2,1946.4,1,0.9995766878,-0.0048159356,0.0286914352,0.0048965872,0.9999842644,-0.0027413883,-0.0286777820,0.0028807179,0.9995845556,0,83.5,-578.3,1946.4,0,-183.7,-317.6,1797.2,1,201.4,-286.7,1855.0,1,-106.6,-991.9,1913.9,0,85.4,-980.3,1945.2,0,
5,0.9838795066,-0.0159019977,-0.1781232804,0.0601158366,0.9674869180,0.2456788272,0.1684239209,-0.2524277568,0.9528436065,1,-22.6,444.3,1775.0,1,0.9838795066,-0.0159019977,-0.1781232804,0.0601158366,0.9674869180,0.2456788272,0.1684239209,-0.2524277568,0.9528436065,1,-19.2,239.3,1828.5,1,0.9838379622,-0.0207764655,-0.1778507084,0.0623116940,0.9708926678,0.2312740684,0.1678676605,-0.2386197299,0.9564927220,1,-14.9,36.3,1878.4,1,0.2624871731,-0.6570961475,-0.7066293955,0.9487121105,0.0420214757,0.3133362234,-0.1761984229,-0.7526345849,0.6344251633,1,-158.5,230.5,1804.8,1,-0.1521453857,-0.6570962071,-0.7382929325,0.9705030322,0.0420214981,-0.2373986542,0.1870179027,-0.7526346445,0.6313204765,1,-229.2,-25.3,1852.3,1,0.3401558101,0.5838986039,0.7371272445,-0.9308151603,0.0976114124,0.3522146940,0.1337056160,-0.8059371114,0.5767047405,1,120.1,248.1,1852.3,1,-0.0313167125,0.5811452866,0.8131970167,-0.9931123853,0.0738104582,-0.0909934714,-0.1129028648,-0.8104456663,0.5748311281,1,209.8,2.4,1887.6,1,1.0000000000,0.0000011686,-0.0000037123,-0.0000011686,1.0000000000,-0.0000021047,0.0000037123,0.0000021047,1.0000000000,0,-105.5,-172.6,1912.1,1,0.9999990463,0.0003185093,-0.0013337204,-0.0003191190,0.9999998212,-0.0004569143,0.0013335746,0.0004573395,0.9999989867,0,-105.5,-590.7,1912.1,0,0.9999999404,-0.0001426806,0.0003165888,0.0001427134,1.0000000000,-0.0001035672,-0.0003165740,0.0001036124,0.9999999404,0,84.4,-160.6,1944.5,1,0.9996571541,-0.0043381019,0.0258224513,0.0044034305,0.9999872446,-0.0024735939,-0.0258113910,0.0025864530,0.9996634722,0,84.5,-578.7,1944.5,0,-183.4,-317.7,1795.9,1,200.7,-287.8,1854.6,1,-105.6,-992.8,1911.9,0,86.2,-980.7,1943.4,0,
6,0.9835525751,-0.0150159346,-0.1799963564,0.0586561076,0.9690833688,0.2396661043,0.1708314270,-0.2462834716,0.9540222287,1,-21.8,447.2,1777.2,1,0.9835525751,-0.0150159346,-0.1799963564,0.0586561076,0.9690833688,0.2396661043,0.1708314270,-0.2462834716,0.9540222287,1,-18.6,241.6,1829.5,1,0.9834929109,-0.0207161512,-0.1797559559,0.0618927181,0.9720193744,0.2266067713,0.1700306237,-0.2339930981,0.9572533965,1,-14.3,38.4,1878.4,1,0.2617642283,-0.6638488770,-0.7005598545,0.9494031668,0.0466038585,0.3105828166,-0.1735312641,-0.7464132309,0.6424594522,1,-157.9,232.8,1805.4,1,-0.1528717726,-0.6638489962,-0.7320757508,0.9685267210,0.0466038808,-0.2445079684,0.1964338869,-0.7464132905,0.6358309984,1,-229.1,-25.6,1852.6,1,0.3366118371,0.5859459639,0.7371295094,-0.9327525496,0.1001630500,0.3463236988,0.1290938258,-0.8041360974,0.5802586079,1,120.6,250.3,1853.5,1,-0.0311303772,0.5830871463,0.8118129969,-0.9930600524,0.0741165876,-0.0913150758,-0.1134134531,-0.8090217113,0.5767332911,1,209.6,3.6,1887.7,1,1.0000000000,0.0000009349,-0.0000029698,-0.0000009349,1.0000000000,-0.0000016837,0.0000029698,0.0000016837,1.0000000000,0,-104.9,-170.8,1910.9,1,0.9999992251,0.0002866858,-0.0012003420,-0.0002871797,0.9999998808,-0.0004112421,0.0012002239,0.0004115865,0.9999991655,0,-104.9,-588.9,1910.9,0,0.9999999404,-0.0001141471,0.0002532699,0.0001141681,1.0000000000,-0.0000828574,-0.0002532604,0.0000828863,0.9999999404,0,84.9,-158.9,1943.7,1,0.9997223020,-0.0039073266,0.0232402738,0.0039602434,0.9999896884,-0.0022313676,-0.0232313145,0.0023227849,0.9997274280,0,85.0,-577.0,1943.7,0,-183.1,-317.5,1793.4,1,200.5,-286.7,1854.5,1,-105.0,-990.9,1910.7,0,86.5,-979.0,1942.7,0,
7,0.9837542772,-0.0199035238,-0.1784126312,0.0629671291,0.9689533710,0.2390972376,0.1681134254,-0.2464484423,0.9544623494,1,-23.0,445.6,1777.3,1,0.9837542772,-0.0199035238,-0.1784126312,0.0629671291,0.9689533710,0.2390972376,0.1681134254,-0.2464484423,0.9544623494,1,-18.8,239.8,1829.6,1,0.9837651253,-0.0216122512,-0.1781538427,0.0624602176,0.9718914628,0.2269992232,0.1682390422,-0.2344428003,0.9574599266,1,-14.3,36.6,1878.7,1,0.2633088827,-0.6462402940,-0.7162694931,0.9498590827,0.0438868180,0.3095830679,-0.1686302572,-0.7618710399,0.6253929734,1,-158.0,230.9,1805.8,1,-0.1519990116,-0.6462402344,-0.7478434443,0.9709393382,0.0438867882,-0.2352674603,0.1848597527,-0.7618710399,0.6207892895,1,-229.1,-25.3,1851.3,1,0.3404672444,0.5842122436,0.7367348671,-0.9311541915,0.1007341370,0.3504346907,0.1305138618,-0.8053252697,0.5782883763,1,120.5,248.6,1853.5,1,-0.0289896615,0.5814498663,0.8130656481,-0.9932004809,0.0749946460,-0.0890434459,-0.1127498597,-0.8101185560,0.5753221512,1,209.7,4.6,1887.7,1,1.0000000000,0.0000007479,-0.0000023758,-0.0000007479,1.0000000000,-0.0000013470,0.0000023758,0.0000013470,1.0000000000,0,-104.7,-172.6,1911.4,1,0.9999994040,0.0002580395,-0.0010803024,-0.0002584395,0.9999998808,-0.0003701334,0.0010802067,0.0003704124,0.9999993443,0,-104.7,-590.7,1911.4,0,1.0000000000,-0.0000913194,0.0002026151,0.0000913328,1.0000000000,-0.0000662882,-0.0002026091,0.0000663067,1.0000000000,0,85.2,-160.6,1943.9,1,0.9997750521,-0.0035190445,0.0209162533,0.0035619077,0.9999916553,-0.0020123846,-0.0209089965,0.0020864336,0.9997792244,0,85.2,-578.7,1943.9,0,-183.2,-318.0,1795.6,1,201.3,-285.7,1854.7,1,-104.8,-992.7,1911.3,0,86.6,-980.7,1943.0,0,
8,0.9830738306,-0.0185938962,-0.1822631061,0.0624160990,0.9693169594,0.2377640158,0.1722485721,-0.2451171130,0.9540678859,1,-22.3,445.9,1777.8,1,0.9830738306,-0.0185938962,-0.1822631061,0.0624160990,0.9693169594,0.2377640158,0.1722485721,-0.2451171130,0.9540678859,1,-18.3,240.1,1829.9,1,0.9830157161,-0.0236730669,-0.1819873154,0.0650846437,0.9721619487,0.2250955701,0.1715912372,-0.2331184149,0.9571884274,1,-13.4,36.8,1878.6,1,0.2663136423,-0.6468186378,-0.7146347165,0.9483780265,0.0433738157,0.3141619861,-0.1722093672,-0.7614094615,0.6249796748,1,-157.5,230.9,1805.6,1,-0.1535238475,-0.6468186378,-0.7470315099,0.9705379009,0.0433738381,-0.2370123863,0.1857056618,-0.7614094019,0.6211031079,1,-229.5,-25.7,1852.2,1,0.3376757205,0.5882834792,0.7347773910,-0.9318708777,0.0989410654,0.3490375280,0.1326333284,-0.8025791645,0.5816143155,1,120.8,249.3,1854.2,1,-0.0341243297,0.5852577090,0.8101288676,-0.9926597476,0.0742578432,-0.0954586640,-0.1160263568,-0.8074397445,0.5784277916,1,209.9,3.4,1889.2,1,1.0000000000,0.0000005983,-0.0000019007,-0.0000005983,1.0000000000,-0.0000010776,0.0000019007,0.0000010776,1.0000000000,0,-103.3,-172.7,1910.8,1,0.9999995232,0.0002322535,-0.0009722678,-0.0002325775,0.9999999404,-0.0003331326,0.0009721904,0.0003333586,0.9999994636,0,-103.3,-590.8,1910.8,0,1.0000000000,-0.0000730566,0.0001620916,0.0000730652,1.0000000000,-0.0000530321,-0.0001620877,0.0000530439,1.0000000000,0,86.4,-160.1,1943.9,1,0.9998177886,-0.0031691198,0.0188246034,0.0032038395,0.9999932051,-0.0018145075,-0.0188187249,0.0018744880,0.9998211265,0,86.4,-578.2,1943.9,0,-183.3,-318.2,1796.2,1,199.9,-286.7,1855.2,1,-103.4,-992.8,1910.6,0,87.7,-980.2,1943.1,0,
9,0.9826425910,-0.0145547157,-0.1849364638,0.0625422522,0.9645472169,0.2563978136,0.1746469587,-0.2635151148,0.9487126470,1,-21.2,444.7,1773.1,1,0.9826425910,-0.0145547157,-0.1849364638,0.0625422522,0.9645472169,0.2563978136,0.1746469587,-0.2635151148,0.9487126470,1,-18.1,239.7,1829.1,1,0.9825494289,-0.0232750848,-0.1845390499,0.0673042834,0.9694010615,0.2360814512,0.1733963490,-0.2443832606,0.9540481567,1,-13.2,37.0,1880.2,1,0.2666849196,-0.6535065770,-0.7083842754,0.9472555518,0.0421914160,0.3176897168,-0.1777245849,-0.7557439804,0.6302895546,1,-157.2,230.2,1804.6,1,-0.1526708305,-0.6535065770,-0.7413641214,0.9705772996,0.0421913862,-0.2370646000,0.1862024665,-0.7557440400,0.6278372407,1,-229.3,-25.8,1852.6,1,0.3373164237,0.5881107450,0.7350805998,-0.9315682054,0.0960229039,0.3506570160,0.1356405765,-0.8030601144,0.5802553296,1,121.0,249.2,1853.6,1,-0.0271130968,0.5854195356,0.8102769256,-0.9932906032,0.0753826052,-0.0877004191,-0.1124223396,-0.8072182536,0.5794478059,1,210.0,3.3,1889.4,1,1.0000000000,0.0000004787,-0.0000015205,-0.0000004787,1.0000000000,-0.0000008621,0.0000015205,0.0000008621,1.0000000000,0,-103.2,-172.1,1914.5,1,0.9999995828,0.0002090427,-0.0008750376,-0.0002093052,0.9999999404,-0.0002998295,0.0008749748,0.0003000125,0.9999995828,0,-103.2,-590.2,1914.5,0,1.0000000000,-0.0000584459,0.0001296730,0.0000584514,1.0000000000,-0.0000424266,-0.0001296705,0.0000424342,1.0000000000,0,86.4,-159.1,1948.0,1,0.9998524189,-0.0028538075,0.0169421006,0.0028819307,0.9999945164,-0.0016357773,-0.0169373397,0.0016843618,0.9998551607,0,86.4,-577.2,1948.0,0,-183.3,-318.2,1796.5,1,202.1,-287.0,1856.6,1,-103.3,-992.2,1914.4,0,87.6,-979.2,1947.3,0,
10,0.9835429788,-0.0117074344,-0.1802935749,0.0574275553,0.9664072394,0.2505229115,0.1713028550,-0.2567552626,0.9511726499,1,-21.1,445.0,1775.2,1,0.9835429788,-0.0117074344,-0.1802935749,0.0574275553,0.9664072394,0.2505229115,0.1713028550,-0.2567552626,0.9511726499,1,-18.6,239.8,1829.7,1,0.9835019112,-0.0178763345,-0.1800114363,0.0601190627,0.9708459377,0.2320485860,0.1706140339,-0.2390436679,0.9559007883,1,-14.8,36.9,1879.7,1,0.2657604516,-0.6525625587,-0.7096009851,0.9477572441,0.0421467572,0.3161959946,-0.1764302850,-0.7565618753,0.6296718121,1,-157.8,231.3,1805.6,1,-0.1507394165,-0.6525625587,-0.7425899506,0.9712750316,0.0421467721,-0.2341976613,0.1841263771,-0.7565618753,0.6274644732,1,-229.6,-24.9,1853.3,1,0.3398146331,0.5874972343,0.7344202995,-0.9298924208,0.0929690674,0.3558889031,0.1408053339,-0.8038681149,0.5779014230,1,120.7,248.3,1853.9,1,-0.0246308111,0.5849035978,0.8107287288,-0.9931619763,0.0782569945,-0.0866321698,-0.1141166613,-0.8073188066,0.5789765120,1,210.1,3.6,1891.0,1,1.0000000000,0.0000003829,-0.0000012164,-0.0000003829,1.0000000000,-0.0000006897,0.0000012164,0.0000006897,1.0000000000,0,-106.0,-171.9,1913.2,1,0.9999997020,0.0001881503,-0.0007875310,-0.0001883628,0.9999999404,-0.0002698548,0.0007874801,0.0002700030,0.9999996424,0,-106.0,-590.0,1913.2,0,1.0000000000,-0.0000467572,0.0001037382,0.0000467607,1.0000000000,-0.0000339419,-0.0001037366,0.0000339467,1.0000000000,0,83.8,-160.3,1946.1,1,0.9998804331,-0.0025697195,0.0152478367,0.0025924996,0.9999955297,-0.0014744014,-0.0152439792,0.0015137552,0.9998826385,0,83.8,-578.4,1946.1,0,-184.2,-317.6,1797.8,1,202.9,-286.6,1857.6,1,-106.1,-992.0,1913.1,0,84.9,-980.4,1945.5,0,
11,0.9839618206,-0.0090235872,-0.1781500876,0.0533738360,0.9678595066,0.2457679808,0.1702053845,-0.2513362467,0.9528156519,1,-21.2,446.4,1776.8,1,0.9839618206,-0.0090235872,-0.1781500876,0.0533738360,0.9678595066,0.2457679808,0.1702053845,-0.2513362467,0.9528156519,1,-19.3,240.4,1830.3,1,0.9839009047,-0.0168595966,-0.1779173017,0.0579411425,0.9718613029,0.2283224016,0.1690603644,-0.2349566817,0.9571892619,1,-15.8,37.3,1879.4,1,0.2622843683,-0.6523744464,-0.7110658288,0.9496191144,0.0434932560,0.3103739917,-0.1715534925,-0.7566479445,0.6309147477,1,-158.6,232.2,1806.4,1,-0.1483558267,-0.6523743868,-0.7432349324,0.9717100263,0.0434932262,-0.2321375608,0.1837662756,-0.7566478252,0.6274663210,1,-229.3,-24.0,1852.6,1,0.3416001797,0.5871991515,0.7338300347,-0.9289907217,0.0926356018,0.3583225012,0.1424278915,-0.8041242957,0.5771468282,1,120.0,248.6,1854.2,1,-0.0250908174,0.5844910741,0.8110121489,-0.9936298728,0.0745760202,-0.0844870284,-0.1098639667,-0.8079657555,0.5788966417,1,210.4,2.8,1891.9,1,1.0000000000,0.0000003063,-0.0000009731,-0.0000003063,1.0000000000,-0.0000005517,0.0000009731,0.0000005517,1.0000000000,0,-107.2,-171.5,1912.2,1,0.9999997616,0.0001693448,-0.0007087756,-0.0001695170,0.9999999404,-0.0002428760,0.0007087344,0.0002429961,0.9999997020,0,-107.2,-589.6,1912.2,0,1.0000000000,-0.0000374060,0.0000829904,0.0000374083,1.0000000000,-0.0000271539,-0.0000829894,0.0000271570,1.0000000000,0,82.7,-160.3,1944.8,1,0.9999031425,-0.0023137920,0.0137229944,0.0023322438,0.9999964237,-0.0013287434,-0.0137198707,0.0013606200,0.9999049306,0,82.7,-578.4,1944.8,0,-184.6,-316.8,1797.3,1,203.1,-287.6,1859.8,1,-107.2,-991.6,1912.1,0,83.6,-980.4,1944.3,0,
12,0.9837604761,-0.0091771297,-0.1792510450,0.0536895990,0.9680128098,0.2450946867,0.1712668538,-0.2507397532,0.9527825713,1,-21.3,446.7,1777.1,1,0.9837604761,-0.0091771297,-0.1792510450,0.0536895990,0.9680128098,0.2450946867,0.1712668538,-0.2507397532,0.9527825713,1,-19.4,241.2,1830.3,1,0.9837316871,-0.0146835968,-0.1790424883,0.0560313277,0.9720165133,0.2281382978,0.1706812084,-0.2344601899,0.9570233226,1,-16.3,38.0,1879.3,1,0.2600398958,-0.6615728140,-0.7033495307,0.9498207569,0.0441172272,0.3096676469,-0.1738378704,-0.7485819459,0.6398479939,1,-158.6,233.2,1806.2,1,-0.1500872523,-0.6615729928,-0.7347075343,0.9702785015,0.0441172197,-0.2379357219,0.1898250878,-0.7485820055,0.6352885365,1,-229.2,-24.5,1853.3,1,0.3414773345,0.5865761638,0.7343853712,-0.9299793839,0.0976966172,0.3543921709,0.1361310035,-0.8039801717,0.5788648725,1,119.9,249.1,1854.5,1,-0.0194215029,0.5841110349,0.8114413619,-0.9948679805,0.0693165362,-0.0737088174,-0.0993004441,-0.8087085485,0.5797671080,1,210.4,2.7,1890.5,1,1.0000000000,0.0000002451,-0.0000007785,-0.0000002451,1.0000000000,-0.0000004414,0.0000007785,0.0000004414,1.0000000000,0,-108.1,-170.7,1911.9,1,0.9999997616,0.0001524181,-0.0006378961,-0.0001525575,0.9999999404,-0.0002185938,0.0006378628,0.0002186911,0.9999997616,0,-108.1,-588.8,1911.9,0,1.0000000000,-0.0000299250,0.0000663923,0.0000299265,1.0000000000,-0.0000217234,-0.0000663916,0.0000217253,1.0000000000,0,81.7,-159.8,1944.8,1,0.9999215603,-0.0020832575,0.0123506384,0.0020982034,0.9999970794,-0.0011973117,-0.0123481089,0.0012231319,0.9999229908,0,81.7,-577.9,1944.8,0,-183.9,-317.0,1796.1,1,204.7,-288.0,1861.5,1,-108.2,-990.8,1911.8,0,82.6,-980.0,1944.3,0,
13,0.9837997556,-0.0129573774,-0.1788011938,0.0596187934,0.9642641544,0.2581525743,0.1690654457,-0.2646317482,0.9494125843,1,-21.8,445.7,1773.7,1,0.9837997556,-0.0129573774,-0.1788011938,0.0596187934,0.9642641544,0.2581525743,0.1690654457,-0.2646317482,0.9494125843,1,-19.1,240.8,1830.0,1,0.9838365912,-0.0145262387,-0.1784778535,0.0570286438,0.9702270031,0.2353932112,0.1697434932,-0.2417681366,0.9553704262,1,-16.1,37.9,1880.5,1,0.2613030076,-0.6650958061,-0.6995487809,0.9493465424,0.0460370257,0.3108405173,-0.1745335460,-0.7453377843,0.6434359550,1,-158.4,232.7,1805.9,1,-0.1486163437,-0.6650957465,-0.7318202853,0.9699721932,0.0460370407,-0.2388192117,0.1925284714,-0.7453377247,0.6382824779,1,-229.1,-24.2,1853.2,1,0.3419650495,0.5861111879,0.7345296144,-0.9287376404,0.0916828141,0.3592224419,0.1432005465,-0.8050268292,0.5756958127,1,120.2,248.8,1854.0,1,-0.0203647427,0.5837280750,0.8116937280,-0.9941803217,0.0740786567,-0.0782167092,-0.1057864875,-0.8085628152,0.5788223743,1,210.3,4.1,1891.7,1,1.0000000000,0.0000001961,-0.0000006228,-0.0000001961,1.0000000000,-0.0000003531,0.0000006228,0.0000003531,1.0000000000,0,-107.9,-170.4,1914.7,1,0.9999998212,0.0001371825,-0.0005741050,-0.0001372955,1.0000000000,-0.0001967388,0.0005740780,0.0001968176,0.9999998212,0,-107.9,-588.5,1914.7,0,1.0000000000,-0.0000239401,0.0000531138,0.0000239410,1.0000000000,-0.0000173788,-0.0000531133,0.0000173801,1.0000000000,0,81.9,-159.4,1947.4,1,0.9999364614,-0.0018756149,0.0111155231,0.0018877211,0.9999976158,-0.0010787484,-0.0111134741,0.0010996629,0.9999376535,0,81.9,-577.5,1947.4,0,-184.3,-316.5,1795.1,1,204.3,-286.5,1860.8,1,-108.0,-990.5,1914.6,0,82.7,-979.5,1947.0,0,
14,0.9836165905,-0.0090785688,-0.1800440103,0.0578681752,0.9617795944,0.2676449418,0.1707316488,-0.2736802399,0.9465448856,1,-21.0,445.4,1771.5,1,0.9836165905,-0.0090785688,-0.1800440103,0.0578681752,0.9617795944,0.2676449418,0.1707316488,-0.2736802399,0.9465448856,1,-19.1,240.9,1829.7,1,0.9836183190,-0.0137557145,-0.1797376275,0.0577207357,0.9686232805,0.2417436093,0.1707715243,-0.2481593639,0.9535467029,1,-16.2,38.4,1881.6,1,0.2610911727,-0.6642339230,-0.7004459500,0.9499155879,0.0477029607,0.3088442087,-0.1717314571,-0.7460010052,0.6434210539,1,-158.3,232.7,1805.6,1,-0.1510655284,-0.6642341018,-0.7321013808,0.9688052535,0.0477029681,-0.2431890070,0.1964578182,-0.7460011840,0.6363071203,1,-229.0,-24.6,1852.1,1,0.3416582942,0.5871279836,0.7338598967,-0.9278752804,0.0866091400,0.3626928627,0.1493881345,-0.8048474789,0.5743724108,1,120.2,249.1,1853.9,1,-0.0204302780,0.5849795938,0.8107907176,-0.9939954281,0.0753099173,-0.0793822184,-0.1074975505,-0.8075440526,0.5799283981,1,210.3,4.2,1893.3,1,1.0000000000,0.0000001568,-0.0000004983,-0.0000001568,1.0000000000,-0.0000002825,0.0000004983,0.0000002825,1.0000000000,0,-108.2,-169.7,1917.0,1,0.9999998808,0.0001234693,-0.0005166933,-0.0001235609,1.0000000000,-0.0001770685,0.0005166714,0.0001771323,0.9999998212,0,-108.2,-587.8,1917.0,0,1.0000000000,-0.0000191522,0.0000424910,0.0000191528,1.0000000000,-0.0000139032,-0.0000424907,0.0000139040,1.0000000000,0,81.6,-158.5,1950.0,1,0.9999485612,-0.0016886061,0.0100039253,0.0016984122,0.9999980927,-0.0009718194,-0.0100022657,0.0009887601,0.9999495149,0,81.6,-576.6,1950.0,0,-183.5,-316.5,1792.9,1,204.4,-286.3,1861.9,1,-108.3,-989.8,1916.9,0,82.3,-978.7,1949.6,0,
15,0.9828801751,-0.0089165876,-0.1840293258,0.0597288273,0.9603092074,0.2724726200,0.1742943376,-0.2788012326,0.9443986416,1,-20.4,445.2,1770.4,1,0.9828801751,-0.0089165876,-0.1840293258,0.0597288273,0.9603092074,0.2724726200,0.1742943376,-0.2788012326,0.9443986416,1,-18.5,241.2,1829.7,1,0.9828787446,-0.0139909321,-0.1837208420,0.0598485135,0.9672907591,0.2465147078,0.1742613316,-0.2532908320,0.9515640140,1,-15.6,39.0,1882.6,1,0.2620335519,-0.6668189168,-0.6976324916,0.9488274455,0.0459855497,0.3124289811,-0.1762525290,-0.7437996864,0.6447458267,1,-157.6,232.7,1805.0,1,-0.1615365744,-0.6668189168,-0.7275015116,0.9654443860,0.0459855199,-0.2565198839,0.2045068443,-0.7437995672,0.6363482475,1,-229.0,-25.8,1853.0,1,0.3402551711,0.5896461010,0.7324914932,-0.9279274940,0.0844309404,0.3630728722,0.1522395462,-0.8032364249,0.5758769512,1,120.6,249.7,1854.4,1,-0.0216891244,0.5875792503,0.8088760376,-0.9938847423,0.0749473721,-0.0810927898,-0.1082715467,-0.8056883812,0.5823604465,1,210.6,4.4,1894.6,1,1.0000000000,0.0000001255,-0.0000003986,-0.0000001255,1.0000000000,-0.0000002260,0.0000003986,0.0000002260,1.0000000000,0,-107.5,-169.0,1918.8,1,0.9999998808,0.0001111265,-0.0004650230,-0.0001112007,1.0000000000,-0.0001593645,0.0004650053,0.0001594162,0.9999998808,0,-107.5,-587.1,1918.8,0,1.0000000000,-0.0000153218,0.0000339928,0.0000153222,1.0000000000,-0.0000111226,-0.0000339926,0.0000111231,1.0000000000,0,82.2,-157.5,1952.4,1,0.9999583364,-0.0015201925,0.0090034921,0.0015281355,0.9999984503,-0.0008754029,-0.0090021472,0.0008891250,0.9999591112,0,82.2,-575.6,1952.4,0,-180.3,-317.1,1791.3,1,204.2,-286.0,1862.9,1,-107.5,-989.1,1918.7,0,82.8,-977.6,1952.0,0,
16,0.9822458625,-0.0103872512,-0.1873095334,0.0650186688,0.9554311633,0.2879692614,0.1759689450,-0.2950366437,0.9391409755,1,-19.7,443.0,1766.4,1,0.9822458625,-0.0103872512,-0.1873095334,0.0650186688,0.9554311633,0.2879692614,0.1759689450,-0.2950366437,0.9391409755,1,-17.5,239.8,1829.2,1,0.9822761416,-0.0139992386,-0.1869152635,0.0626359060,0.9643993378,0.2569306493,0.1766629219,-0.2640857697,0.9481804967,1,-14.6,38.2,1884.4,1,0.2708533108,-0.6595239043,-0.7011895180,0.9457333684,0.0464732498,0.3216032088,-0.1795184463,-0.7502456307,0.6363211870,1,-156.5,230.9,1804.1,1,-0.1685086191,-0.6595238447,-0.7325524688,0.9635437131,0.0464732349,-0.2634837031,0.2078178674,-0.7502455711,0.6276489496,1,-229.5,-23.9,1852.5,1,0.3389801979,0.5904870629,0.7324051857,-0.9277041554,0.0803901553,0.3645578027,0.1563884914,-0.8030332327,0.5750480294,1,121.6,248.6,1854.2,1,-0.0229556039,0.5885648131,0.8081240654,-0.9935618043,0.0762707591,-0.0837718993,-0.1109414324,-0.8048442006,0.5830246210,1,210.5,5.1,1895.2,1,1.0000000000,0.0000001004,-0.0000003189,-0.0000001004,1.0000000000,-0.0000001808,0.0000003189,0.0000001808,1.0000000000,0,-106.4,-169.5,1922.5,1,0.9999998808,0.0001000172,-0.0004185199,-0.0001000773,1.0000000000,-0.0001434304,0.0004185055,0.0001434723,0.9999998808,0,-106.4,-587.6,1922.5,0,1.0000000000,-0.0000122575,0.0000271942,0.0000122577,1.0000000000,-0.0000088981,-0.0000271941,0.0000088985,1.0000000000,0,83.1,-157.4,1956.6,1,0.9999662042,-0.0013685346,0.0081031062,0.0013749684,0.9999987483,-0.0007884824,-0.0081020165,0.0007995973,0.9999668598,0,83.1,-575.5,1956.6,0,-179.0,-312.9,1790.2,1,203.8,-285.2,1862.8,1,-106.4,-989.6,1922.5,0,83.7,-977.5,1956.3,0,
17,0.9810157418,-0.0101381904,-0.1936622560,0.0682871565,0.9527337551,0.2960367799,0.1815060526,-0.3036427498,0.9353363514,1,-20.1,442.1,1763.9,1,0.9810157418,-0.0101381904,-0.1936622560,0.0682871565,0.9527337551,0.2960367799,0.1815060526,-0.3036427498,0.9353363514,1,-17.9,239.0,1828.6,1,0.9810249209,-0.0161338300,-0.1932085603,0.0676182061,0.9624348283,0.2629632652,0.1817068160,-0.2710391879,0.9452607036,1,-14.6,37.8,1885.3,1,0.2690804303,-0.6710432172,-0.6908665895,0.9465636611,0.0518325716,0.3183246553,-0.1778002232,-0.7396041155,0.6491323113,1,-156.8,229.4,1802.9,1,-0.1803481579,-0.6710432768,-0.7191491127,0.9561796188,0.0518325642,-0.2881560028,0.2306404859,-0.7396041155,0.6322900057,1,-229.3,-25.4,1850.8,1,0.3400651217,0.5932227969,0.7296865582,-0.9269927740,0.0808953866,0.3662517071,0.1582405716,-0.8009636402,0.5774229765,1,120.9,248.6,1854.3,1,-0.0272312630,0.5915420055,0.8058143258,-0.9917219281,0.0852043256,-0.0960615650,-0.1254832894,-0.8017596006,0.5843249559,1,210.8,3.5,1896.2,1,1.0000000000,0.0000000803,-0.0000002551,-0.0000000803,1.0000000000,-0.0000001446,0.0000002551,0.0000001446,1.0000000000,0,-105.8,-169.9,1924.4,1,0.9999999404,0.0000900182,-0.0003766672,-0.0000900668,1.0000000000,-0.0001290892,0.0003766556,0.0001291231,0.9999999404,0,-105.8,-588.0,1924.4,0,1.0000000000,-0.0000098060,0.0000217553,0.0000098061,1.0000000000,-0.0000071185,-0.0000217553,0.0000071187,1.0000000000,0,83.5,-156.8,1959.4,1,0.9999726415,-0.0012319738,0.0072927652,0.0012371852,0.9999989867,-0.0007101361,-0.0072918832,0.0007191392,0.9999731779,0,83.5,-574.9,1959.4,0,-175.4,-311.2,1781.8,1,202.9,-286.3,1859.5,1,-105.9,-990.0,1924.3,0,84.0,-977.0,1959.2,0,
18,0.9808122516,-0.0075951051,-0.1948063523,0.0670366287,0.9514504075,0.3004180193,0.1830656081,-0.3077141941,0.9337004423,1,-20.4,442.6,1762.6,1,0.9808122516,-0.0075951051,-0.1948063523,0.0670366287,0.9514504075,0.3004180193,0.1830656081,-0.3077141941,0.9337004423,1,-18.8,239.6,1828.3,1,0.9808009267,-0.0153730828,-0.1944041550,0.0679751560,0.9613189101,0.2669234276,0.1827797145,-0.2750146687,0.9439046383,1,-15.5,38.6,1885.8,1,0.2637975216,-0.6765108109,-0.6875638962,0.9512981176,0.0645934567,0.3014293611,-0.1595080644,-0.7335945368,0.6606030464,1,-157.6,229.9,1802.4,1,-0.1881271750,-0.6765108109,-0.7119981647,0.9479359388,0.0645934418,-0.3118416369,0.2569546402,-0.7335945368,0.6291370988,1,-228.6,-26.2,1845.4,1,0.3423166573,0.5938751698,0.7281012535,-0.9253458381,0.0786899850,0.3708677292,0.1629548818,-0.8006996512,0.5764768720,1,120.1,249.2,1854.2,1,-0.0307744071,0.5925294757,0.8049606681,-0.9906371236,0.0890855491,-0.1034486443,-0.1330067366,-0.8006074429,0.5842402577,1,210.9,3.7,1897.4,1,1.0000000000,0.0000000642,-0.0000002041,-0.0000000642,1.0000000000,-0.0000001157,0.0000002041,0.0000001157,1.0000000000,0,-107.0,-168.9,1925.6,1,0.9999999404,0.0000810186,-0.0003390000,-0.0000810580,1.0000000000,-0.0001161818,0.0003389905,0.0001162093,0.9999999404,0,-107.0,-587.0,1925.6,0,1.0000000000,-0.0000078448,0.0000174043,0.0000078449,1.0000000000,-0.0000056948,-0.0000174042,0.0000056950,1.0000000000,0,82.3,-155.8,1960.9,1,0.9999778271,-0.0011090131,0.0065634614,0.0011132343,0.9999991655,-0.0006395289,-0.0065627471,0.0006468213,0.9999782443,0,82.3,-573.9,1960.9,0,-172.5,-309.0,1768.7,1,201.9,-285.8,1858.5,1,-107.0,-989.1,1925.6,0,82.8,-975.9,1960.7,0,
19,0.9793944955,-0.0058097024,-0.2018721849,0.0707018375,0.9461959004,0.3157801628,0.1891747862,-0.3235474527,0.9271070957,1,-20.4,441.8,1757.5,1,0.9793944955,-0.0058097024,-0.2018721849,0.0707018375,0.9461959004,0.3157801628,0.1891747862,-0.3235474527,0.9271070957,1,-19.2,239.5,1826.7,1,0.9794065356,-0.0123216556,-0.2015210688,0.0694381893,0.9578055143,0.2789079249,0.1895801276,-0.2871587574,0.9389337897,1,-16.6,39.3,1886.7,1,0.2612932920,-0.6978474855,-0.6668843031,0.9530268908,0.0768692419,0.2929691374,-0.1531848907,-0.7121095657,0.6851528287,1,-157.8,229.6,1799.8,1,-0.1948203892,-0.6978476048,-0.6892415285,0.9363672733,0.0768692121,-0.3425017893,0.2919954658,-0.7121095657,0.6384659410,1,-228.3,-27.6,1841.2,1,0.3454844952,0.5972256064,0.7238522768,-0.9228156805,0.0761144236,0.3776476085,0.1704452038,-0.7984536290,0.5774255395,1,119.5,249.3,1853.5,1,-0.0322164036,0.5962122083,0.8021802902,-0.9897583723,0.0926446095,-0.1086068824,-0.1390704215,-0.7974635959,0.5871213078,1,211.3,4.2,1898.8,1,1.0000000000,0.0000000514,-0.0000001633,-0.0000000514,1.0000000000,-0.0000000926,0.0000001633,0.0000000926,1.0000000000,0,-108.5,-167.7,1928.4,1,0.9999999404,0.0000729185,-0.0003050995,-0.0000729504,1.0000000000,-0.0001045649,0.0003050919,0.0001045871,0.9999999404,0,-108.5,-585.8,1928.4,0,1.0000000000,-0.0000062758,0.0000139234,0.0000062759,1.0000000000,-0.0000045559,-0.0000139234,0.0000045560,1.0000000000,0,80.5,-154.3,1965.0,1,0.9999820590,-0.0009983035,0.0059070936,0.0010017226,0.9999993443,-0.0005759051,-0.0059065144,0.0005818121,0.9999824166,0,80.5,-572.4,1965.0,0,-170.3,-306.5,1754.2,1,201.8,-285.1,1858.1,1,-108.5,-987.8,1928.4,0,80.9,-974.4,1964.8,0,
20,0.9778379798,-0.0088011269,-0.2091773450,0.0772355124,0.9438109994,0.3213378191,0.1945944577,-0.3303736150,0.9235712886,1,-21.6,438.4,1755.4,1,0.9778379798,-0.0088011269,-0.2091773450,0.0772355124,0.9438109994,0.3213378191,0.1945944577,-0.3303736150,0.9235712886,1,-19.8,237.4,1825.8,1,0.9779000878,-0.0106905252,-0.2087986171,0.0711815059,0.9560542107,0.2844225466,0.1965808868,-0.2930006683,0.9356836677,1,-17.5,37.5,1887.1,1,0.2489922345,-0.7104910016,-0.6581835151,0.9592741132,0.0873121247,0.2686444521,-0.1334020495,-0.6982687712,0.7032956481,1,-158.2,227.3,1798.0,1,-0.1953177601,-0.7104909420,-0.6760574579,0.9288183451,0.0873121470,-0.3601014316,0.3148767948,-0.6982687712,0.6428634524,1,-224.7,-28.8,1833.6,1,0.3524021208,0.6018961072,0.7166128755,-0.9183874130,0.0751909465,0.3884726763,0.1799373925,-0.7950268388,0.5792711973,1,118.7,247.4,1853.6,1,-0.0269634742,0.6014322639,0.7984687686,-0.9877631664,0.1067142636,-0.1137363464,-0.1536126882,-0.7917647362,0.5911952257,1,211.5,5.4,1901.1,1,1.0000000000,0.0000000411,-0.0000001306,-0.0000000411,1.0000000000,-0.0000000741,0.0000001306,0.0000000741,1.0000000000,0,-109.7,-169.2,1929.3,1,0.9999999404,0.0000656281,-0.0002745892,-0.0000656539,1.0000000000,-0.0000941094,0.0002745831,0.0000941274,0.9999999404,0,-109.7,-587.3,1929.3,0,1.0000000000,-0.0000050207,0.0000111387,0.0000050207,1.0000000000,-0.0000036447,-0.0000111387,0.0000036448,1.0000000000,0,79.0,-155.5,1967.3,1,0.9999854565,-0.0008986280,0.0053163636,0.0009013976,0.9999994636,-0.0005185810,-0.0053158952,0.0005233656,0.9999857545,0,79.0,-573.6,1967.3,0,-166.4,-306.0,1739.6,1,203.6,-283.2,1856.2,1,-109.7,-989.3,1929.3,0,79.4,-975.6,1967.1,0,
21,0.9764232039,-0.0088294186,-0.2156840265,0.0823314413,0.9388702512,0.3342853785,0.1995464563,-0.3441629112,0.9174588323,1,-23.2,434.4,1751.4,1,0.9764232039,-0.0088294186,-0.2156840265,0.0823314413,0.9388702512,0.3342853785,0.1995464563,-0.3441629112,0.9174588323,1,-21.3,234.5,1824.6,1,0.9764800072,-0.0128964400,-0.2152216583,0.0773882642,0.9526596069,0.2940295339,0.2012397498,-0.3037707508,0.9312482476,1,-18.6,35.4,1888.1,1,0.2317994088,-0.7430011034,-0.6278681159,0.9658420086,0.0989295542,0.2395038754,-0.1158369109,-0.6619382501,0.7405534983,1,-159.5,223.6,1796.2,1,-0.1931711584,-0.7430011630,-0.6408075094,0.9152285457,0.0989295393,-0.3906017542,0.3536123037,-0.6619383097,0.6609054804,1,-220.8,-31.9,1826.8,1,0.3595460951,0.6573941112,0.6622382402,-0.9133326411,0.1025253236,0.3940963447,0.1911804378,-0.7465395927,0.6372821927,1,116.9,245.5,1853.1,1,-0.0320837237,0.6573942900,0.7528635859,-0.9859944582,0.1025253534,-0.1315430254,-0.1636632085,-0.7465397120,0.6448976398,1,212.1,3.8,1903.7,1,1.0000000000,0.0000000329,-0.0000001045,-0.0000000329,1.0000000000,-0.0000000592,0.0000001045,0.0000000592,1.0000000000,0,-110.1,-171.2,1932.2,1,0.9999999404,0.0000590664,-0.0002471300,-0.0000590873,1.0000000000,-0.0000846993,0.0002471250,0.0000847139,0.9999999404,0,-110.1,-589.3,1932.2,0,1.0000000000,-0.0000040166,0.0000089110,0.0000040166,1.0000000000,-0.0000029158,-0.0000089110,0.0000029158,1.0000000000,0,78.3,-156.3,1971.0,1,0.9999881983,-0.0008088907,0.0047847112,0.0008111341,0.9999995828,-0.0004669387,-0.0047843312,0.0004708142,0.9999884367,0,78.3,-574.4,1971.0,0,-163.3,-304.3,1721.5,1,202.7,-284.4,1855.9,1,-110.1,-991.3,1932.2,0,78.6,-976.4,1970.9,0,
22,0.9741172791,-0.0112126265,-0.2257647663,0.0903816298,0.9347783923,0.3435449600,0.2071866244,-0.3550592959,0.9115943313,1,-24.3,432.2,1747.9,1,0.9741172791,-0.0112126265,-0.2257647663,0.0903816298,0.9347783923,0.3435449600,0.2071866244,-0.3550592959,0.9115943313,1,-21.9,233.8,1823.2,1,0.9741969109,-0.0148538714,-0.2252103090,0.0846270770,0.9490758181,0.3034733832,0.2092325687,-0.3147028387,0.9258408546,1,-18.8,35.4,1889.0,1,0.2123514861,-0.7628709078,-0.6106841564,0.9732161760,0.1087764651,0.2025294155,-0.0880757049,-0.6373351216,0.7655369639,1,-159.8,221.8,1793.6,1,-0.1976750940,-0.7628707886,-0.6155914068,0.8993039727,0.1087764502,-0.4235801697,0.3900988102,-0.6373350024,0.6645502448,1,-215.9,-35.4,1816.9,1,0.3625985980,0.6628960967,0.6550504565,-0.9109597206,0.1037871689,0.3992251158,0.1966589391,-0.7414830327,0.6415046453,1,116.0,245.8,1852.8,1,-0.0295276176,0.6628960967,0.7481289506,-0.9859511256,0.1037871614,-0.1308770031,-0.1644040346,-0.7414830327,0.6505184770,1,212.5,3.2,1905.2,1,1.0000000000,0.0000000263,-0.0000000836,-0.0000000263,1.0000000000,-0.0000000474,0.0000000836,0.0000000474,1.0000000000,0,-109.7,-171.1,1934.6,1,1.0000000000,0.0000531607,-0.0002224168,-0.0000531777,1.0000000000,-0.0000762300,0.0002224127,0.0000762418,1.0000000000,0,-109.7,-589.2,1934.6,0,1.0000000000,-0.0000032132,0.0000071288,0.0000032133,1.0000000000,-0.0000023326,-0.0000071288,0.0000023326,1.0000000000,0,78.3,-154.8,1975.0,1,0.9999904633,-0.0007281031,0.0043062260,0.0007299202,0.9999996424,-0.0004204196,-0.0043059187,0.0004235588,0.9999906421,0,78.3,-572.9,1975.0,0,-157.5,-301.3,1701.6,1,203.9,-284.9,1857.2,1,-109.7,-991.3,1934.6,0,78.6,-974.9,1974.8,0,
23,0.9716672897,-0.0128038730,-0.2360055447,0.0985926017,0.9294666648,0.3554908335,0.2148062587,-0.3686884642,0.9043919444,1,-24.5,430.9,1742.6,1,0.9716672897,-0.0128038730,-0.2360055447,0.0985926017,0.9294666648,0.3554908335,0.2148062587,-0.3686884642,0.9043919444,1,-21.8,233.3,1821.0,1,0.9717758894,-0.0154407341,-0.2353998721,0.0913875848,0.9445815682,0.3153042197,0.2174844891,-0.3279187679,0.9193297625,1,-18.5,35.9,1889.6,1,0.2028315067,-0.7636516094,-0.6129401922,0.9772942066,0.1186969504,0.1755194962,-0.0612816103,-0.6346238256,0.7703877687,1,-159.3,220.4,1790.2,1,-0.2110620290,-0.7636516094,-0.6101549864,0.8830506206,0.1186969578,-0.4540183544,0.4191353619,-0.6346237659,0.6492905617,1,-213.0,-38.2,1806.4,1,0.3681620359,0.7006955147,0.6111323237,-0.9033828974,0.1141259819,0.4133699834,0.2199003696,-0.7042735815,0.6750131249,1,115.8,246.2,1851.8,1,-0.0324902646,0.7006953955,0.7127203941,-0.9809949994,0.1141259372,-0.1569203287,-0.1912932247,-0.7042735219,0.6836707592,1,214.3,4.6,1910.6,1,1.0000000000,0.0000000211,-0.0000000669,-0.0000000211,1.0000000000,-0.0000000379,0.0000000669,0.0000000379,1.0000000000,0,-108.7,-170.4,1937.2,1,1.0000000000,0.0000478454,-0.0002001749,-0.0000478591,1.0000000000,-0.0000686075,0.0002001716,0.0000686171,1.0000000000,0,-108.7,-588.5,1937.2,0,0.8008654118,-0.2030456066,0.5633713007,0.2991178036,0.9506350160,-0.0825935006,-0.5187902451,0.2346606553,0.8220651150,1,78.1,-152.8,1979.0,1,0.6287288070,-0.0059707202,0.7776016593,-0.0024758091,0.9999499917,0.0096798092,-0.7776206136,-0.0080111679,0.6286826730,0,163.0,-550.3,1880.9,1,-151.0,-297.5,1683.4,1,204.8,-281.0,1854.9,1,-108.7,-990.5,1937.2,0,165.4,-952.3,1884.1,0,
