1,0.9838437438,0.0186902303,-0.1780432016,0.0198617354,0.9769984484,0.2123139799,0.1779166311,-0.2124204189,0.9608439207,1,9.5,442.4,1777.0,1,0.9838437438,0.0186902303,-0.1780432016,0.0198617354,0.9769984484,0.2123139799,0.1779166311,-0.2124204189,0.9608439207,1,5.7,241.7,1820.6,1,0.9839374423,0.0086800922,-0.1782946140,0.0265638344,0.9805747271,0.1943330169,0.1765185148,-0.1959481090,0.9645949602,1,4.0,45.3,1859.9,1,0.2683686316,-0.4171570539,-0.8683077693,0.9563944340,0.0075188279,0.2919814587,-0.1152734533,-0.9088033438,0.4009844959,1,-130.0,238.0,1796.3,1,-0.1944199950,-0.4098342061,-0.8911995888,0.9793376923,-0.0295416191,-0.2000625134,0.0556649938,-0.9116814733,0.4071095586,1,-203.1,-22.4,1827.7,1,0.2781392038,0.5300570726,0.8010481596,-0.9438725710,-0.0038633645,0.3302870393,0.1781656891,-0.8479531407,0.4992318153,1,141.4,245.4,1845.0,1,-0.1526899338,0.5324794054,0.8325572014,-0.9829799533,0.0052544102,-0.1836378425,-0.1021579579,-0.8464266658,0.5226142406,1,220.6,-23.4,1895.7,1,1.0000000000,-0.0000000000,0.0000000000,0.0000000000,1.0000000000,0.0000000000,-0.0000000000,-0.0000000000,1.0000000000,0,-88.7,-153.5,1882.8,1,1.0000000000,-0.0000000000,0.0000000000,0.0000000000,1.0000000000,0.0000000000,-0.0000000000,-0.0000000000,1.0000000000,0,-88.7,-554.0,1882.8,0,1.0000000000,0.0000000235,0.0000000179,-0.0000000235,1.0000000000,-0.0000000034,-0.0000000179,0.0000000034,1.0000000000,0,93.2,-148.6,1915.4,1,0.9999998808,-0.0000069317,0.0005159942,0.0000069330,1.0000000000,-0.0000025457,-0.0005159942,0.0000025492,0.9999998808,0,93.2,-549.1,1915.4,0,-149.2,-293.6,1812.3,1,180.6,-280.8,1868.9,1,-88.7,-939.2,1882.8,0,93.2,-934.3,1915.4,0,
2,0.9837219119,0.0204744376,-0.1785193086,0.0186915994,0.9764369130,0.2149863839,0.1787150949,-0.2148240209,0.9601610899,1,9.6,442.3,1776.5,1,0.9837219119,0.0204744376,-0.1785193086,0.0186915994,0.9764369130,0.2149863839,0.1787150949,-0.2148240209,0.9601610899,1,5.4,242.0,1820.5,1,0.9838398099,0.0091722691,-0.1788077205,0.0264743511,0.9802550077,0.1959511787,0.1770749986,-0.1975187808,0.9641724825,1,3.6,45.7,1860.1,1,0.2660481334,-0.4167153239,-0.8692334890,0.9569731355,0.0058077201,0.2901185453,-0.1158485711,-0.9090186357,0.4003304839,1,-130.3,238.3,1796.1,1,-0.1851272434,-0.4092704058,-0.8934347630,0.9816330671,-0.0343741290,-0.1876563579,0.0460911505,-0.9117654562,0.4081169665,1,-202.5,-21.6,1827.6,1,0.2805120945,0.5533477068,0.7842954993,-0.9426299334,0.0047286600,0.3338060081,0.1810020953,-0.8329370618,0.5229285955,1,141.1,245.6,1844.9,1,-0.1531449109,0.5533476472,0.8187509179,-0.9823592901,0.0047286823,-0.1869432479,-0.1073162258,-0.8329370022,0.5428621173,1,221.1,-23.5,1896.6,1,1.0000000000,-0.0000000000,0.0000000000,0.0000000000,1.0000000000,0.0000000000,-0.0000000000,-0.0000000000,1.0000000000,0,-89.2,-153.1,1883.3,1,1.0000000000,-0.0000000000,0.0000000000,0.0000000000,1.0000000000,0.0000000000,-0.0000000000,-0.0000000000,1.0000000000,0,-89.2,-553.6,1883.3,0,1.0000000000,0.0000000188,0.0000000143,-0.0000000188,1.0000000000,-0.0000000027,-0.0000000143,0.0000000027,1.0000000000,0,92.7,-148.2,1916.0,1,0.9999998808,-0.0000062386,0.0004643948,0.0000062397,1.0000000000,-0.0000022913,-0.0004643948,0.0000022942,0.9999998808,0,92.7,-548.7,1916.0,0,-151.3,-293.4,1814.8,1,181.0,-280.7,1868.5,1,-89.2,-938.8,1883.3,0,92.7,-933.9,1916.0,0,
3,0.9835512638,0.0173256900,-0.1797887236,0.0210459474,0.9776145816,0.2093429714,0.1793916076,-0.2096837461,0.9611707330,1,8.8,441.8,1777.7,1,0.9835512638,0.0173256900,-0.1797887236,0.0210459474,0.9776145816,0.2093429714,0.1793916076,-0.2096837461,0.9611707330,1,5.3,241.1,1820.8,1,0.9836493134,0.0062104743,-0.1799796373,0.0292058326,0.9806724191,0.1934587657,0.1777030528,-0.1955524087,0.9644576907,1,4.0,44.7,1860.0,1,0.2671955526,-0.4155362248,-0.8694459200,0.9570081234,0.0087359995,0.2899296284,-0.1128807962,-0.9095347524,0.4000057280,1,-130.3,237.0,1796.3,1,-0.1916948706,-0.4061661065,-0.8934664130,0.9805453420,-0.0400815420,-0.1921569258,0.0422361195,-0.9129198194,0.4059477150,1,-202.7,-22.3,1826.9,1,0.2794218957,0.5538471937,0.7843320966,-0.9437518716,0.0080131590,0.3305575252,0.1767933518,-0.8325799108,0.5249333382,1,140.9,245.1,1845.3,1,-0.1459355950,0.5531747341,0.8201832175,-0.9841319919,0.0034074858,-0.1774052680,-0.1009308770,-0.8330582976,0.5438997149,1,219.9,-21.7,1895.3,1,1.0000000000,-0.0000000000,0.0000000000,0.0000000000,1.0000000000,0.0000000000,-0.0000000000,-0.0000000000,1.0000000000,0,-88.1,-154.4,1882.7,1,1.0000000000,-0.0000000000,0.0000000000,0.0000000000,1.0000000000,0.0000000000,-0.0000000000,-0.0000000000,1.0000000000,0,-88.1,-554.9,1882.7,0,1.0000000000,0.0000000150,0.0000000115,-0.0000000150,1.0000000000,-0.0000000022,-0.0000000115,0.0000000022,1.0000000000,0,93.7,-149.0,1915.5,1,0.9999999404,-0.0000056148,0.0004179553,0.0000056156,1.0000000000,-0.0000020623,-0.0004179553,0.0000020646,0.9999999404,0,93.7,-549.5,1915.5,0,-149.7,-293.8,1815.2,1,181.7,-279.4,1868.8,1,-88.1,-940.1,1882.7,0,93.7,-934.7,1915.5,0,
4,0.9830915928,0.0196385849,-0.1820505708,0.0198001191,0.9769994617,0.2123151720,0.1820334196,-0.2123302966,0.9600924253,1,9.3,442.1,1777.4,1,0.9830915928,0.0196385849,-0.1820505708,0.0198001191,0.9769994617,0.2123151720,0.1820334196,-0.2123302966,0.9600924253,1,5.3,241.2,1821.0,1,0.9832363725,0.0043951604,-0.1822749972,0.0315883532,0.9804843068,0.1940370351,0.1795711219,-0.1965424120,0.9639102817,1,4.4,44.9,1860.4,1,0.2666364014,-0.4138241410,-0.8704336882,0.9570215344,0.0067785308,0.2899378240,-0.1140829995,-0.9103317857,0.3978459835,1,-130.3,236.9,1796.3,1,-0.1988905072,-0.4050684869,-0.8923913240,0.9788061976,-0.0367659815,-0.2014615387,0.0487960801,-0.9135469794,0.4037959278,1,-202.9,-23.5,1827.3,1,0.2831926346,0.5369979143,0.7946289778,-0.9428678155,0.0042653829,0.3331399560,0.1755060703,-0.8435728550,0.5075258613,1,140.8,245.6,1845.8,1,-0.1526419967,0.5369978547,0.8296588659,-0.9829893112,0.0042653531,-0.1836127788,-0.1021384448,-0.8435727954,0.5272121429,1,221.4,-22.6,1895.7,1,1.0000000000,-0.0000000000,0.0000000000,0.0000000000,1.0000000000,0.0000000000,-0.0000000000,-0.0000000000,1.0000000000,0,-87.4,-154.4,1883.1,1,1.0000000000,-0.0000000000,0.0000000000,0.0000000000,1.0000000000,0.0000000000,-0.0000000000,-0.0000000000,1.0000000000,0,-87.4,-554.9,1883.1,0,1.0000000000,0.0000000120,0.0000000092,-0.0000000120,1.0000000000,-0.0000000017,-0.0000000092,0.0000000017,1.0000000000,0,94.4,-148.6,1916.3,1,0.9999999404,-0.0000050533,0.0003761597,0.0000050540,1.0000000000,-0.0000018561,-0.0003761597,0.0000018580,0.9999999404,0,94.4,-549.1,1916.3,0,-147.8,-294.5,1813.8,1,181.4,-280.0,1868.9,1,-87.4,-940.1,1883.1,0,94.4,-934.2,1916.3,0,
5,0.9827035666,0.0205380395,-0.1840359420,0.0201258585,0.9760968685,0.2163966149,0.1840818077,-0.2163580060,0.9588017464,1,9.4,442.1,1776.7,1,0.9827035666,0.0205380395,-0.1840359420,0.0201258585,0.9760968685,0.2163966149,0.1840818077,-0.2163580060,0.9588017464,1,5.2,241.6,1821.1,1,0.9828604460,0.0037296957,-0.1843060255,0.0327757038,0.9803292155,0.1946228892,0.1814070046,-0.1973282844,0.9634057879,1,4.4,45.2,1860.7,1,0.2634153962,-0.4127560258,-0.8719202280,0.9576889277,0.0032519624,0.2877874076,-0.1159505323,-0.9108359814,0.3961483836,1,-130.4,237.0,1796.1,1,-0.2014669329,-0.4050445259,-0.8918240070,0.9781434536,-0.0353769474,-0.2048995495,0.0514434315,-0.9136123061,0.4033189714,1,-202.5,-25.1,1827.9,1,0.2862999141,0.5454390049,0.7877363563,-0.9409468174,0.0050059557,0.3385174572,0.1806972623,-0.8381355405,0.5146622658,1,140.7,246.1,1846.2,1,-0.1600966901,0.5454390645,0.8227183223,-0.9809479117,0.0050059929,-0.1942062378,-0.1100461632,-0.8381355405,0.5342459083,1,222.4,-22.4,1897.7,1,1.0000000000,-0.0000000000,0.0000000000,0.0000000000,1.0000000000,0.0000000000,-0.0000000000,-0.0000000000,1.0000000000,0,-87.2,-154.1,1883.4,1,1.0000000000,-0.0000000000,0.0000000000,0.0000000000,1.0000000000,0.0000000000,-0.0000000000,-0.0000000000,1.0000000000,0,-87.2,-554.6,1883.4,0,1.0000000000,0.0000000096,0.0000000073,-0.0000000096,1.0000000000,-0.0000000014,-0.0000000073,0.0000000014,1.0000000000,0,94.5,-148.1,1916.9,1,0.9999999404,-0.0000045480,0.0003385438,0.0000045486,1.0000000000,-0.0000016706,-0.0003385438,0.0000016722,0.9999999404,0,94.5,-548.6,1916.9,0,-146.7,-296.0,1813.6,1,180.5,-279.3,1868.9,1,-87.2,-939.8,1883.4,0,94.5,-933.7,1916.9,0,
6,0.9819418788,0.0180267077,-0.1883153468,0.0237345584,0.9758433104,0.2171733975,0.1876817048,-0.2177216113,0.9577946067,1,10.1,443.0,1776.8,1,0.9819418788,0.0180267077,-0.1883153468,0.0237345584,0.9758433104,0.2171733975,0.1876817048,-0.2177216113,0.9577946067,1,6.4,242.2,1821.6,1,0.9820529222,0.0035590213,-0.1885649711,0.0338032395,0.9803087115,0.1945504844,0.1855448335,-0.1974333525,0.9625958800,1,5.7,45.9,1861.2,1,0.2691708207,-0.4084978402,-0.8721677661,0.9560757875,0.0042217895,0.2930893600,-0.1160442606,-0.9127495885,0.3916912377,1,-129.0,237.6,1796.1,1,-0.2034063935,-0.4003613889,-0.8934966922,0.9777927995,-0.0360257290,-0.2064540088,0.0504673533,-0.9156486988,0.3987984061,1,-202.8,-24.4,1827.9,1,0.2837054431,0.5437554717,0.7898362875,-0.9423946738,0.0058865994,0.3344511688,0.1772101820,-0.8392231464,0.5141023397,1,141.8,246.9,1847.2,1,-0.1575933099,0.5437554121,0.8243144751,-0.9814707637,0.0058865994,-0.1915216595,-0.1089933515,-0.8392230868,0.5327523351,1,222.9,-22.3,1897.8,1,1.0000000000,-0.0000000000,0.0000000000,0.0000000000,1.0000000000,0.0000000000,-0.0000000000,-0.0000000000,1.0000000000,0,-85.8,-153.5,1883.6,1,1.0000000000,-0.0000000000,0.0000000000,0.0000000000,1.0000000000,0.0000000000,-0.0000000000,-0.0000000000,1.0000000000,0,-85.8,-554.0,1883.6,0,1.0000000000,0.0000000077,0.0000000059,-0.0000000077,1.0000000000,-0.0000000011,-0.0000000059,0.0000000011,1.0000000000,0,95.7,-147.3,1917.9,1,0.9999999404,-0.0000040933,0.0003046894,0.0000040937,1.0000000000,-0.0000015036,-0.0003046894,0.0000015049,0.9999999404,0,95.7,-547.8,1917.9,0,-146.4,-295.1,1813.9,1,181.6,-279.3,1869.3,1,-85.8,-939.2,1883.6,0,95.8,-932.9,1917.9,0,
7,0.9822119474,0.0167048965,-0.1870241165,0.0245001614,0.9761167169,0.2158554047,0.1861637384,-0.2165982872,0.9583454132,1,9.9,443.7,1777.0,1,0.9822119474,0.0167048965,-0.1870241165,0.0245001614,0.9761167169,0.2158554047,0.1861637384,-0.2165982872,0.9583454132,1,6.4,243.0,1821.5,1,0.9823039770,0.0033653649,-0.1872564703,0.0334706381,0.9805868268,0.1932016909,0.1842719615,-0.1960507631,0.9631228447,1,5.7,46.6,1860.8,1,0.2670844197,-0.4100407064,-0.8720851541,0.9567331076,0.0044136420,0.2909334600,-0.1154454798,-0.9120565057,0.3934783340,1,-129.0,238.4,1796.1,1,-0.2009644657,-0.4012738466,-0.8936400414,0.9785972834,-0.0410038233,-0.2016578615,0.0442773700,-0.9150398374,0.4009258747,1,-202.4,-24.4,1827.8,1,0.2932623327,0.5294288397,0.7960542440,-0.9389513135,0.0028061420,0.3440386355,0.1799101233,-0.8483497500,0.4979308248,1,141.9,247.6,1846.9,1,-0.1633574069,0.5294288397,0.8324779272,-0.9809429646,0.0028061196,-0.1942753941,-0.1051910147,-0.8483496904,0.5188811421,1,225.1,-18.9,1898.0,1,1.0000000000,-0.0000000000,0.0000000000,0.0000000000,1.0000000000,0.0000000000,-0.0000000000,-0.0000000000,1.0000000000,0,-85.7,-152.9,1883.0,1,1.0000000000,-0.0000000000,0.0000000000,0.0000000000,1.0000000000,0.0000000000,-0.0000000000,-0.0000000000,1.0000000000,0,-85.7,-553.4,1883.0,0,1.0000000000,0.0000000062,0.0000000047,-0.0000000062,1.0000000000,-0.0000000009,-0.0000000047,0.0000000009,1.0000000000,0,95.9,-146.7,1917.1,1,0.9999999404,-0.0000036840,0.0002742204,0.0000036843,1.0000000000,-0.0000013533,-0.0002742204,0.0000013543,0.9999999404,0,95.9,-547.2,1917.1,0,-146.7,-295.3,1815.5,1,182.3,-275.8,1870.4,1,-85.7,-938.5,1883.0,0,95.9,-932.3,1917.1,0,
8,0.9824662805,0.0174986441,-0.1856108308,0.0230922550,0.9764957428,0.2142903209,0.1849985123,-0.2148195803,0.9589712620,1,10.2,442.4,1777.0,1,0.9824662805,0.0174986441,-0.1856108308,0.0230922550,0.9764957428,0.2142903209,0.1849985123,-0.2148195803,0.9589712620,1,6.6,241.8,1821.1,1,0.9825670719,0.0050327573,-0.1858336776,0.0318472683,0.9802976847,0.1949354559,0.1831539273,-0.1974558234,0.9630491138,1,5.6,45.5,1860.6,1,0.2709172368,-0.4104731381,-0.8706984520,0.9556107521,0.0058621690,0.2945740223,-0.1158105284,-0.9118539691,0.3938406408,1,-128.9,237.5,1795.8,1,-0.1996981502,-0.4015963972,-0.8937789798,0.9787805080,-0.0390021987,-0.2011654973,0.0459279940,-0.9149858356,0.4008633792,1,-202.8,-23.1,1827.4,1,0.2910543680,0.5304404497,0.7961911559,-0.9396607876,0.0021009296,0.3421012163,0.1797915846,-0.8477196693,0.4990455806,1,142.1,246.2,1846.3,1,-0.1603045911,0.5304404497,0.8324273825,-0.9817061424,0.0021009222,-0.1903906763,-0.1027397886,-0.8477195501,0.5203998685,1,224.2,-18.7,1897.0,1,1.0000000000,-0.0000000000,0.0000000000,0.0000000000,1.0000000000,0.0000000000,-0.0000000000,-0.0000000000,1.0000000000,0,-86.2,-153.7,1883.2,1,1.0000000000,-0.0000000000,0.0000000000,0.0000000000,1.0000000000,0.0000000000,-0.0000000000,-0.0000000000,1.0000000000,0,-86.2,-554.3,1883.2,0,1.0000000000,0.0000000049,0.0000000038,-0.0000000049,1.0000000000,-0.0000000007,-0.0000000038,0.0000000007,1.0000000000,0,95.4,-147.9,1917.1,1,0.9999999404,-0.0000033156,0.0002467984,0.0000033159,1.0000000000,-0.0000012180,-0.0002467984,0.0000012188,0.9999999404,0,95.4,-548.4,1917.1,0,-147.5,-294.2,1814.7,1,182.2,-275.8,1870.1,1,-86.2,-939.4,1883.2,0,95.4,-933.5,1917.1,0,
9,0.9824801087,0.0170070808,-0.1855830997,0.0236653276,0.9763787389,0.2147606909,0.1848523617,-0.2153903693,0.9588713646,1,10.3,443.0,1777.0,1,0.9824801087,0.0170070808,-0.1855830997,0.0236653276,0.9763787389,0.2147606909,0.1848523617,-0.2153903693,0.9588713646,1,6.8,242.3,1821.3,1,0.9825626016,0.0061538252,-0.1858236492,0.0306320116,0.9804351926,0.1944380701,0.1833851039,-0.1967400908,0.9631515741,1,5.5,46.0,1860.7,1,0.2701166868,-0.4111103714,-0.8706465364,0.9556189179,0.0040257201,0.2945783138,-0.1175992116,-0.9115768075,0.3939522207,1,-128.7,238.1,1796.0,1,-0.1959583610,-0.4040845037,-0.8934854269,0.9792785048,-0.0331354327,-0.1997887641,0.0511255115,-0.9141213894,0.4022044837,1,-202.3,-22.2,1828.0,1,0.2862635553,0.5401021242,0.7914183140,-0.9414157867,0.0048440099,0.3372133374,0.1782959849,-0.8415855765,0.5098473430,1,142.3,246.6,1846.6,1,-0.1557884961,0.5401021838,0.8270547390,-0.9821261764,0.0048440471,-0.1881618947,-0.1056329533,-0.8415855765,0.5296937227,1,223.6,-21.1,1897.3,1,1.0000000000,-0.0000000000,0.0000000000,0.0000000000,1.0000000000,0.0000000000,-0.0000000000,-0.0000000000,1.0000000000,0,-86.5,-153.2,1883.2,1,1.0000000000,-0.0000000000,0.0000000000,0.0000000000,1.0000000000,0.0000000000,-0.0000000000,-0.0000000000,1.0000000000,0,-86.5,-553.7,1883.2,0,1.0000000000,0.0000000039,0.0000000030,-0.0000000039,1.0000000000,-0.0000000006,-0.0000000030,0.0000000006,1.0000000000,0,95.1,-147.5,1917.1,1,1.0000000000,-0.0000029840,0.0002221185,0.0000029843,1.0000000000,-0.0000010963,-0.0002221185,0.0000010969,1.0000000000,0,95.1,-548.1,1917.1,0,-148.0,-293.3,1813.9,1,182.8,-278.3,1869.6,1,-86.5,-938.8,1883.2,0,95.1,-933.2,1917.1,0,
10,0.9831834435,0.0190104321,-0.1816218942,0.0205651969,0.9767125845,0.2135589123,0.1814527214,-0.2137030661,0.9598976970,1,10.3,442.4,1777.0,1,0.9831834435,0.0190104321,-0.1816218942,0.0205651969,0.9767125845,0.2135589123,0.1814527214,-0.2137030661,0.9598976970,1,6.4,241.4,1821.0,1,0.9833028913,0.0061499448,-0.1818658262,0.0298571754,0.9804302454,0.1945837438,0.1795039326,-0.1967651248,0.9638773203,1,5.2,45.1,1860.4,1,0.2677246332,-0.4143278301,-0.8698598146,0.9564983249,0.0056844503,0.2916825712,-0.1159075201,-0.9101100564,0.3978257179,1,-129.2,237.3,1796.2,1,-0.1966857314,-0.4072511196,-0.8918862939,0.9789595604,-0.0311544612,-0.2016621083,0.0543408878,-0.9127846956,0.4048100114,1,-202.3,-23.7,1827.9,1,0.2840368152,0.5404121876,0.7920087576,-0.9421218038,0.0038441420,0.3352486789,0.1781278700,-0.8413916826,0.5102260113,1,142.0,245.6,1845.7,1,-0.1524835527,0.5404121876,0.8274681568,-0.9829837680,0.0038441420,-0.1836521327,-0.1024287418,-0.8413916826,0.5306302309,1,222.5,-21.5,1896.2,1,1.0000000000,-0.0000000000,0.0000000000,0.0000000000,1.0000000000,0.0000000000,-0.0000000000,-0.0000000000,1.0000000000,0,-86.9,-154.0,1883.2,1,1.0000000000,-0.0000000000,0.0000000000,0.0000000000,1.0000000000,0.0000000000,-0.0000000000,-0.0000000000,1.0000000000,0,-86.9,-554.5,1883.2,0,1.0000000000,0.0000000031,0.0000000024,-0.0000000031,1.0000000000,-0.0000000005,-0.0000000024,0.0000000005,1.0000000000,0,94.8,-148.5,1916.4,1,1.0000000000,-0.0000026856,0.0001999067,0.0000026858,1.0000000000,-0.0000009867,-0.0001999067,0.0000009872,1.0000000000,0,94.8,-549.0,1916.4,0,-147.8,-294.8,1812.8,1,182.6,-278.9,1869.4,1,-86.9,-939.7,1883.2,0,94.8,-934.1,1916.4,0,
11,0.9830259085,0.0175152272,-0.1826219410,0.0219583921,0.9770421386,0.2119059116,0.1821414232,-0.2123195082,0.9600743055,1,9.8,443.4,1777.1,1,0.9830259085,0.0175152272,-0.1826219410,0.0219583921,0.9770421386,0.2119059116,0.1821414232,-0.2123195082,0.9600743055,1,6.2,242.2,1820.8,1,0.9831266999,0.0055039180,-0.1828364432,0.0305269677,0.9805916548,0.1936641634,0.1803542972,-0.1959782392,0.9638789296,1,5.1,45.9,1860.0,1,0.2678084970,-0.4140795171,-0.8699522614,0.9562955499,0.0042384639,0.2923712730,-0.1173776686,-0.9102309942,0.3971174657,1,-129.3,238.0,1795.9,1,-0.1981629729,-0.4078034163,-0.8913067579,0.9785001278,-0.0292634144,-0.2041595131,0.0571742766,-0.9126006365,0.4048346281,1,-202.7,-23.8,1828.0,1,0.2839356363,0.5496745110,0.7856453657,-0.9411491156,0.0030841380,0.3379775882,0.1833545864,-0.8353733420,0.5182013512,1,141.8,246.5,1845.6,1,-0.1557403952,0.5496743917,0.8207331896,-0.9820829630,0.0030841529,-0.1884233654,-0.1061027497,-0.8353732228,0.5393456221,1,222.8,-22.1,1898.0,1,1.0000000000,-0.0000000000,0.0000000000,0.0000000000,1.0000000000,0.0000000000,-0.0000000000,-0.0000000000,1.0000000000,0,-86.8,-153.3,1882.6,1,1.0000000000,-0.0000000000,0.0000000000,0.0000000000,1.0000000000,0.0000000000,-0.0000000000,-0.0000000000,1.0000000000,0,-86.8,-553.9,1882.6,0,1.0000000000,0.0000000025,0.0000000019,-0.0000000025,1.0000000000,-0.0000000004,-0.0000000019,0.0000000004,1.0000000000,0,94.9,-147.7,1915.9,1,1.0000000000,-0.0000024171,0.0001799160,0.0000024172,1.0000000000,-0.0000008880,-0.0001799160,0.0000008885,1.0000000000,0,94.9,-548.2,1915.9,0,-147.8,-294.8,1812.2,1,182.0,-279.3,1870.2,1,-86.8,-939.0,1882.6,0,94.9,-933.3,1915.9,0,
12,0.9830307961,0.0180607922,-0.1825428903,0.0216222536,0.9767935276,0.2130835950,0.1821556836,-0.2134151012,0.9598286152,1,10.0,441.9,1777.0,1,0.9830307961,0.0180607922,-0.1825428903,0.0216222536,0.9767935276,0.2130835950,0.1821556836,-0.2134151012,0.9598286152,1,6.3,241.2,1820.9,1,0.9831285477,0.0072191074,-0.1827668846,0.0291917305,0.9802193642,0.1957434863,0.1805652380,-0.1977766603,0.9634719491,1,4.8,44.9,1860.5,1,0.2672991753,-0.4137472510,-0.8702669144,0.9563924074,0.0035522431,0.2920634747,-0.1177490503,-0.9103850126,0.3966542184,1,-129.3,237.1,1796.0,1,-0.1903220117,-0.4078761041,-0.8929808140,0.9802414179,-0.0290205628,-0.1956645995,0.0538921095,-0.9125760198,0.4053402841,1,-202.4,-24.3,1828.2,1,0.2823750377,0.5421580672,0.7914095521,-0.9422677159,0.0019654781,0.3348548114,0.1799887270,-0.8402743340,0.5114130378,1,141.8,245.2,1845.8,1,-0.1517241448,0.5421580076,0.8264650702,-0.9833313823,0.0019655079,-0.1818114072,-0.1001949236,-0.8402742743,0.5328229070,1,221.9,-21.9,1896.8,1,1.0000000000,-0.0000000000,0.0000000000,0.0000000000,1.0000000000,0.0000000000,-0.0000000000,-0.0000000000,1.0000000000,0,-87.5,-154.1,1883.4,1,1.0000000000,-0.0000000000,0.0000000000,0.0000000000,1.0000000000,0.0000000000,-0.0000000000,-0.0000000000,1.0000000000,0,-87.5,-554.7,1883.4,0,1.0000000000,0.0000000020,0.0000000015,-0.0000000020,1.0000000000,-0.0000000003,-0.0000000015,0.0000000003,1.0000000000,0,94.2,-148.7,1916.8,1,1.0000000000,-0.0000021754,0.0001619244,0.0000021755,1.0000000000,-0.0000007992,-0.0001619244,0.0000007996,1.0000000000,0,94.2,-549.3,1916.8,0,-149.7,-295.8,1813.2,1,182.1,-279.4,1870.5,1,-87.5,-939.8,1883.4,0,94.2,-934.4,1916.8,0,
13,0.9832705259,0.0157295465,-0.1814638227,0.0206639655,0.9801979065,0.1969330907,0.1809686422,-0.1973886192,0.9634758830,1,9.7,442.9,1781.0,1,0.9832705259,0.0157295465,-0.1814638227,0.0206639655,0.9801979065,0.1969330907,0.1809686422,-0.1973886192,0.9634758830,1,6.5,241.4,1821.6,1,0.9833545685,0.0062900279,-0.1815813482,0.0281491820,0.9820579886,0.1864602119,0.1794967502,-0.1884682178,0.9655352235,1,5.2,44.7,1859.3,1,0.2685109377,-0.4155171514,-0.8690497875,0.9567310810,0.0100416392,0.2908006608,-0.1121059731,-0.9095301032,0.4002343714,1,-129.1,237.5,1796.8,1,-0.1974144280,-0.4068670571,-0.8919006586,0.9791252017,-0.0369280837,-0.1998750120,0.0483863726,-0.9127406478,0.4056639671,1,-202.6,-24.2,1827.5,1,0.2825662494,0.5534662604,0.7834740281,-0.9416140914,0.0041508228,0.3366685510,0.1830825955,-0.8328613639,0.5223245025,1,142.1,245.3,1846.3,1,-0.1513626575,0.5534662008,0.8190022111,-0.9828338623,0.0041507855,-0.1844460070,-0.1054841205,-0.8328613043,0.5433370471,1,222.6,-23.1,1898.5,1,1.0000000000,-0.0000000000,0.0000000000,0.0000000000,1.0000000000,0.0000000000,-0.0000000000,-0.0000000000,1.0000000000,0,-87.0,-154.5,1880.5,1,1.0000000000,-0.0000000000,0.0000000000,0.0000000000,1.0000000000,0.0000000000,-0.0000000000,-0.0000000000,1.0000000000,0,-87.0,-555.1,1880.5,0,1.0000000000,0.0000000016,0.0000000012,-0.0000000016,1.0000000000,-0.0000000002,-0.0000000012,0.0000000002,1.0000000000,0,94.8,-149.3,1913.7,1,1.0000000000,-0.0000019579,0.0001457320,0.0000019580,1.0000000000,-0.0000007193,-0.0001457320,0.0000007196,1.0000000000,0,94.8,-549.9,1913.7,0,-147.9,-295.3,1814.1,1,183.0,-280.5,1870.9,1,-87.0,-940.2,1880.5,0,94.8,-935.0,1913.7,0,
14,0.9829630256,0.0144094741,-0.1832309067,0.0239787940,0.9783464670,0.2055745721,0.1822260320,-0.2064662129,0.9613339305,1,9.4,442.6,1778.5,1,0.9829630256,0.0144094741,-0.1832309067,0.0239787940,0.9783464670,0.2055745721,0.1822260320,-0.2064662129,0.9613339305,1,6.4,241.3,1821.0,1,0.9830113649,0.0076487917,-0.1833783388,0.0282745268,0.9808922410,0.1924803108,0.1813471168,-0.1943956167,0.9640130401,1,4.9,44.9,1859.9,1,0.2662321925,-0.4136403799,-0.8706446886,0.9569312930,0.0049350709,0.2902728617,-0.1157718822,-0.9104271531,0.3971392214,1,-129.1,237.4,1796.0,1,-0.1938937008,-0.4068706930,-0.8926710486,0.9796693325,-0.0325274728,-0.1979645938,0.0515096486,-0.9129065275,0.4049056172,1,-201.8,-23.9,1827.6,1,0.2795231342,0.5534615517,0.7845681310,-0.9429540038,0.0043341070,0.3328948915,0.1808441132,-0.8328634501,0.5231002569,1,142.0,245.2,1846.0,1,-0.1503552645,0.5532328486,0.8193454146,-0.9831717610,0.0033105314,-0.1826537997,-0.1037625372,-0.8330202103,0.5434251428,1,221.6,-23.3,1897.5,1,1.0000000000,-0.0000000000,0.0000000000,0.0000000000,1.0000000000,0.0000000000,-0.0000000000,-0.0000000000,1.0000000000,0,-87.5,-154.2,1882.1,1,1.0000000000,-0.0000000000,0.0000000000,0.0000000000,1.0000000000,0.0000000000,-0.0000000000,-0.0000000000,1.0000000000,0,-87.5,-554.7,1882.1,0,1.0000000000,0.0000000013,0.0000000010,-0.0000000013,1.0000000000,-0.0000000002,-0.0000000010,0.0000000002,1.0000000000,0,94.2,-149.0,1915.6,1,1.0000000000,-0.0000017621,0.0001311588,0.0000017622,1.0000000000,-0.0000006474,-0.0001311588,0.0000006476,1.0000000000,0,94.2,-549.5,1915.6,0,-148.1,-295.2,1813.3,1,182.2,-280.7,1870.3,1,-87.5,-939.8,1882.1,0,94.2,-934.6,1915.6,0,
15,0.9828661680,0.0177942812,-0.1834526509,0.0212685540,0.9777293205,0.2087842226,0.1830826849,-0.2091091126,0.9605996609,1,10.0,443.4,1777.2,1,0.9828661680,0.0177942812,-0.1834526509,0.0212685540,0.9777293205,0.2087842226,0.1830826849,-0.2091091126,0.9605996609,1,6.4,242.5,1820.2,1,0.9829723239,0.0061713383,-0.1836432666,0.0299390238,0.9806998372,0.1932080537,0.1812917441,-0.1954166144,0.9638170004,1,5.1,46.1,1859.3,1,0.2646405399,-0.4145466685,-0.8706988096,0.9568086267,0.0001977682,0.2907185853,-0.1203442290,-0.9100281000,0.3966941237,1,-129.2,238.3,1795.2,1,-0.1939439625,-0.4096089005,-0.8914069533,0.9793798923,-0.0284407996,-0.2000155151,0.0565757975,-0.9118178487,0.4066786170,1,-202.0,-25.1,1828.3,1,0.2805978060,0.5566837192,0.7819003463,-0.9419970512,0.0034380704,0.3356034458,0.1841367334,-0.8307174444,0.5253592134,1,141.9,246.6,1845.2,1,-0.1572057307,0.5566837788,0.8157141209,-0.9814867377,0.0034380704,-0.1914999485,-0.1094094142,-0.8307174444,0.5458371639,1,222.3,-23.3,1898.0,1,1.0000000000,-0.0000000000,0.0000000000,0.0000000000,1.0000000000,0.0000000000,-0.0000000000,-0.0000000000,1.0000000000,0,-87.0,-153.1,1881.7,1,1.0000000000,-0.0000000000,0.0000000000,0.0000000000,1.0000000000,0.0000000000,-0.0000000000,-0.0000000000,1.0000000000,0,-87.0,-553.6,1881.7,0,1.0000000000,0.0000000010,0.0000000008,-0.0000000010,1.0000000000,-0.0000000001,-0.0000000008,0.0000000001,1.0000000000,0,94.7,-147.6,1915.2,1,1.0000000000,-0.0000015859,0.0001180429,0.0000015859,1.0000000000,-0.0000005827,-0.0001180429,0.0000005829,1.0000000000,0,94.7,-548.1,1915.2,0,-148.3,-296.3,1812.7,1,181.1,-280.4,1869.3,1,-87.0,-938.7,1881.7,0,94.7,-933.2,1915.2,0,
16,0.9825218916,0.0176630374,-0.1853005737,0.0216897987,0.9778415561,0.2082143575,0.1848727912,-0.2085946798,0.9603685737,1,10.8,442.0,1777.1,1,0.9825218916,0.0176630374,-0.1853005737,0.0216897987,0.9778415561,0.2082143575,0.1848727912,-0.2085946798,0.9603685737,1,7.1,240.4,1820.1,1,0.9826312065,0.0053642290,-0.1854851693,0.0309852045,0.9808041453,0.1925123185,0.1829577833,-0.1949162483,0.9636034369,1,6.0,44.0,1859.2,1,0.2677157223,-0.4146767259,-0.8696962595,0.9549468160,-0.0057929307,0.2967202663,-0.1280810684,-0.9099503160,0.3944433928,1,-128.4,236.1,1794.9,1,-0.2003742009,-0.4147291183,-0.8876091242,0.9762817025,-0.0086942092,-0.2163293958,0.0820010379,-0.9099033475,0.4066345692,1,-202.0,-26.6,1830.2,1,0.2788342237,0.5553775430,0.7834584713,-0.9428144097,0.0031686574,0.3333030641,0.1826265305,-0.8315922022,0.5245015025,1,142.6,244.7,1845.4,1,-0.1551755518,0.5553776622,0.8169922829,-0.9820340872,0.0031687021,-0.1886768788,-0.1073756963,-0.8315923214,0.5449081063,1,221.6,-22.4,1897.1,1,1.0000000000,-0.0000000000,0.0000000000,0.0000000000,1.0000000000,0.0000000000,-0.0000000000,-0.0000000000,1.0000000000,0,-85.9,-155.3,1881.3,1,1.0000000000,-0.0000000000,0.0000000000,0.0000000000,1.0000000000,0.0000000000,-0.0000000000,-0.0000000000,1.0000000000,0,-85.9,-555.8,1881.3,0,1.0000000000,0.0000000008,0.0000000006,-0.0000000008,1.0000000000,-0.0000000001,-0.0000000006,0.0000000001,1.0000000000,0,95.8,-149.6,1915.1,1,1.0000000000,-0.0000014273,0.0001062386,0.0000014273,1.0000000000,-0.0000005244,-0.0001062386,0.0000005246,1.0000000000,0,95.8,-550.1,1915.1,0,-146.5,-297.3,1807.4,1,180.9,-279.6,1869.0,1,-85.9,-941.0,1881.3,0,95.8,-935.2,1915.1,0,
17,0.9827082753,0.0179165974,-0.1842852831,0.0240525305,0.9745193124,0.2230051607,0.1835855544,-0.2235819548,0.9572381377,1,11.5,442.2,1773.1,1,0.9827082753,0.0179165974,-0.1842852831,0.0240525305,0.9745193124,0.2230051607,0.1835855544,-0.2235819548,0.9572381377,1,7.8,241.2,1819.2,1,0.9827908278,0.0074796625,-0.1845637262,0.0304063987,0.9789974689,0.2015866935,0.1821957082,-0.2037298381,0.9619232416,1,6.3,45.2,1860.0,1,0.2685954869,-0.4350547493,-0.8594090343,0.9541493058,-0.0022072643,0.2993226051,-0.1321186572,-0.9004012346,0.4145144224,1,-127.7,237.0,1794.0,1,-0.2037003189,-0.4350547791,-0.8770596385,0.9743117690,-0.0022072718,-0.2251926064,0.0960352123,-0.9004012942,0.4243286252,1,-202.0,-26.8,1830.6,1,0.2858541310,0.5398154259,0.7917618752,-0.9402421117,-0.0015287548,0.3405031264,0.1850192249,-0.8417820930,0.5071202517,1,143.3,245.4,1844.3,1,-0.1687743068,0.5398153663,0.8246905804,-0.9798893929,-0.0015287325,-0.1995353401,-0.1064515263,-0.8417819738,0.5292174220,1,224.6,-22.1,1896.9,1,1.0000000000,-0.0000000000,0.0000000000,0.0000000000,1.0000000000,0.0000000000,-0.0000000000,-0.0000000000,1.0000000000,0,-86.1,-153.7,1883.9,1,1.0000000000,-0.0000000000,0.0000000000,0.0000000000,1.0000000000,0.0000000000,-0.0000000000,-0.0000000000,1.0000000000,0,-86.1,-554.2,1883.9,0,1.0000000000,0.0000000007,0.0000000005,-0.0000000007,1.0000000000,-0.0000000001,-0.0000000005,0.0000000001,1.0000000000,0,95.6,-148.1,1917.6,1,1.0000000000,-0.0000012846,0.0000956147,0.0000012846,1.0000000000,-0.0000004720,-0.0000956147,0.0000004721,1.0000000000,0,95.6,-548.6,1917.6,0,-145.3,-297.9,1803.8,1,180.4,-278.7,1869.0,1,-86.1,-939.3,1883.9,0,95.6,-933.7,1917.6,0,
18,0.9825312495,0.0173216052,-0.1852830648,0.0265215542,0.9724598527,0.2315522134,0.1841916591,-0.2324216813,0.9550136328,1,12.0,440.4,1770.5,1,0.9825312495,0.0173216052,-0.1852830648,0.0265215542,0.9724598527,0.2315522134,0.1841916591,-0.2324216813,0.9550136328,1,8.4,240.0,1818.4,1,0.9825894833,0.0084746964,-0.1855899841,0.0309218243,0.9775640368,0.2083512694,0.1831922829,-0.2104629129,0.9602829814,1,6.7,44.3,1860.5,1,0.2719015181,-0.4572780132,-0.8467387557,0.9528525472,0.0047782436,0.3033959866,-0.1346903592,-0.8893110156,0.4370177686,1,-127.0,235.8,1793.1,1,-0.2061322629,-0.4572779536,-0.8651047945,0.9721834660,0.0047782585,-0.2341720313,0.1112154126,-0.8893109560,0.4435730875,1,-202.0,-26.9,1830.3,1,0.2892928421,0.5564599037,0.7788851261,-0.9377374649,0.0013315082,0.3473423719,0.1922450066,-0.8308734298,0.5221984982,1,143.9,244.3,1843.7,1,-0.1660810113,0.5564599037,0.8141065836,-0.9796394706,0.0013315082,-0.2007605135,-0.1127991602,-0.8308734894,0.5449089408,1,225.6,-20.4,1897.9,1,1.0000000000,-0.0000000000,0.0000000000,0.0000000000,1.0000000000,0.0000000000,-0.0000000000,-0.0000000000,1.0000000000,0,-85.8,-154.3,1885.8,1,1.0000000000,-0.0000000000,0.0000000000,0.0000000000,1.0000000000,0.0000000000,-0.0000000000,-0.0000000000,1.0000000000,0,-85.8,-554.9,1885.8,0,1.0000000000,0.0000000005,0.0000000004,-0.0000000005,1.0000000000,-0.0000000001,-0.0000000004,0.0000000001,1.0000000000,0,95.9,-148.6,1919.6,1,1.0000000000,-0.0000011561,0.0000860533,0.0000011561,1.0000000000,-0.0000004248,-0.0000860533,0.0000004249,1.0000000000,0,95.9,-549.2,1919.6,0,-144.6,-297.8,1799.3,1,182.1,-276.9,1868.4,1,-85.8,-940.0,1885.8,0,95.9,-934.3,1919.6,0,
19,0.9820924401,0.0215894599,-0.1871523261,0.0239220858,0.9710789323,0.2375532687,0.1868687719,-0.2377767265,0.9531735182,1,12.9,439.4,1768.8,1,0.9820924401,0.0215894599,-0.1871523261,0.0239220858,0.9710789323,0.2375532687,0.1868687719,-0.2377767265,0.9531735182,1,8.5,239.2,1817.8,1,0.9822066426,0.0100699533,-0.1875268519,0.0309477746,0.9762289524,0.2145163715,0.1852297783,-0.2165033072,0.9585477114,1,6.5,43.7,1861.1,1,0.2781950533,-0.4383618236,-0.8546615839,0.9511556625,0.0017501712,0.3087065518,-0.1338293552,-0.8987968564,0.4174372554,1,-127.0,234.9,1792.2,1,-0.2119683027,-0.4383617938,-0.8734462261,0.9715899229,0.0017501637,-0.2366642058,0.1052732319,-0.8987968564,0.4255369306,1,-202.2,-22.5,1828.5,1,0.2896630764,0.5688161850,0.7697684169,-0.9379373193,0.0084484518,0.3467019200,0.1907063127,-0.8224212527,0.5359611511,1,143.9,243.4,1843.3,1,-0.1561979502,0.5688162446,0.8074963093,-0.9806391597,0.0084484741,-0.1956411004,-0.1181059480,-0.8224212527,0.5564838648,1,226.1,-22.6,1897.4,1,1.0000000000,-0.0000000000,0.0000000000,0.0000000000,1.0000000000,0.0000000000,-0.0000000000,-0.0000000000,1.0000000000,0,-86.3,-154.7,1887.4,1,1.0000000000,-0.0000000000,0.0000000000,0.0000000000,1.0000000000,0.0000000000,-0.0000000000,-0.0000000000,1.0000000000,0,-86.3,-555.2,1887.4,0,1.0000000000,0.0000000004,0.0000000003,-0.0000000004,1.0000000000,-0.0000000001,-0.0000000003,0.0000000001,1.0000000000,0,95.2,-149.0,1921.6,1,1.0000000000,-0.0000010405,0.0000774479,0.0000010405,1.0000000000,-0.0000003823,-0.0000774479,0.0000003824,1.0000000000,0,95.2,-549.5,1921.6,0,-143.1,-293.5,1799.1,1,185.2,-279.4,1866.5,1,-86.3,-940.3,1887.4,0,95.2,-934.6,1921.6,0,
20,0.9824084640,0.0261569005,-0.1848974228,0.0221402273,0.9668413401,0.2544123828,0.1854215711,-0.2540309727,0.9492547512,1,14.4,438.8,1764.4,1,0.9824084640,0.0261569005,-0.1848974228,0.0221402273,0.9668413401,0.2544123828,0.1854215711,-0.2540309727,0.9492547512,1,9.0,239.2,1816.8,1,0.9825803638,0.0114867017,-0.1854764223,0.0310031436,0.9739658833,0.2245602161,0.1832276285,-0.2263991833,0.9566444159,1,6.7,44.2,1862.2,1,0.2753720880,-0.4401114285,-0.8546767235,0.9523696899,0.0037386417,0.3049230576,-0.1310047656,-0.8979355097,0.4201782644,1,-126.5,234.9,1791.6,1,-0.2309406847,-0.4401113987,-0.8677375317,0.9658815861,0.0037386492,-0.2589571178,0.1172141284,-0.8979354501,0.4242320955,1,-201.1,-22.9,1827.0,1,0.2864944935,0.5764232874,0.7652823925,-0.9390608072,0.0105714798,0.3435883820,0.1899621636,-0.8170828819,0.5443252325,1,144.4,243.5,1842.1,1,-0.1458179802,0.5764232278,0.8040356636,-0.9825364351,0.0105714723,-0.1857692748,-0.1155815795,-0.8170828819,0.5648154020,1,226.4,-25.2,1896.4,1,1.0000000000,-0.0000000000,0.0000000000,0.0000000000,1.0000000000,0.0000000000,-0.0000000000,-0.0000000000,1.0000000000,0,-86.5,-153.7,1890.6,1,1.0000000000,-0.0000000000,0.0000000000,0.0000000000,1.0000000000,0.0000000000,-0.0000000000,-0.0000000000,1.0000000000,0,-86.5,-554.3,1890.6,0,1.0000000000,0.0000000003,0.0000000003,-0.0000000003,1.0000000000,-0.0000000000,-0.0000000003,0.0000000000,1.0000000000,0,95.2,-148.0,1924.4,1,1.0000000000,-0.0000009364,0.0000697031,0.0000009365,1.0000000000,-0.0000003441,-0.0000697031,0.0000003442,1.0000000000,0,95.2,-548.5,1924.4,0,-136.6,-292.3,1794.3,1,188.2,-282.5,1866.2,1,-86.5,-939.4,1890.6,0,95.2,-933.7,1924.4,0,
21,0.9815902710,0.0282409973,-0.1888931394,0.0222279057,0.9653943777,0.2598415017,0.1896950155,-0.2592569888,0.9469947219,1,16.3,438.5,1762.2,1,0.9815902710,0.0282409973,-0.1888931394,0.0222279057,0.9653943777,0.2598415017,0.1896950155,-0.2592569888,0.9469947219,1,10.5,238.5,1815.9,1,0.9817705154,0.0139056277,-0.1895544231,0.0305178966,0.9728455544,0.2294301093,0.1875980198,-0.2310329080,0.9546874762,1,7.7,43.7,1862.2,1,0.2765829265,-0.4774080515,-0.8340165019,0.9519400001,0.0172833204,0.3057963550,-0.1315750629,-0.8785117269,0.4592441618,1,-124.9,234.3,1790.0,1,-0.2636302710,-0.4774081409,-0.8382008076,0.9509280920,0.0172833353,-0.3089290857,0.1619721651,-0.8785117865,0.4494243264,1,-200.5,-25.9,1826.0,1,0.2896945179,0.5777828693,0.7630492449,-0.9376084805,0.0111631006,0.3475138247,0.1922695190,-0.8161143064,0.5449678898,1,145.8,242.7,1841.8,1,-0.1491117030,0.5777828097,0.8024542332,-0.9816344976,0.0111630857,-0.1904445589,-0.1189934462,-0.8161142468,0.5655069947,1,228.4,-24.4,1896.5,1,1.0000000000,-0.0000000000,0.0000000000,0.0000000000,1.0000000000,0.0000000000,-0.0000000000,-0.0000000000,1.0000000000,0,-85.9,-154.0,1891.1,1,1.0000000000,-0.0000000000,0.0000000000,0.0000000000,1.0000000000,0.0000000000,-0.0000000000,-0.0000000000,1.0000000000,0,-85.9,-554.5,1891.1,0,1.0000000000,0.0000000003,0.0000000002,-0.0000000003,1.0000000000,-0.0000000000,-0.0000000002,0.0000000000,1.0000000000,0,95.6,-148.3,1925.8,1,1.0000000000,-0.0000008428,0.0000627328,0.0000008428,1.0000000000,-0.0000003097,-0.0000627328,0.0000003097,1.0000000000,0,95.6,-548.9,1925.8,0,-126.9,-291.7,1780.7,1,189.3,-281.5,1865.4,1,-85.9,-939.6,1891.1,0,95.6,-934.0,1925.8,0,
22,0.9809184074,0.0351312421,-0.1912135184,0.0195273906,0.9607591033,0.2766923010,0.1934311390,-0.2751468718,0.9417409301,1,19.2,438.4,1757.6,1,0.9809184074,0.0351312421,-0.1912135184,0.0195273906,0.9607591033,0.2766923010,0.1934311390,-0.2751468718,0.9417409301,1,11.9,239.0,1814.7,1,0.9811496139,0.0199255832,-0.1922134608,0.0276376847,0.9699745774,0.2416266948,0.1912571937,-0.2423846573,0.9511402249,1,7.9,44.8,1863.2,1,0.2765185237,-0.4890077114,-0.8272902369,0.9530045390,0.0286595821,0.3015975058,-0.1237736940,-0.8718086481,0.4739514589,1,-123.4,235.2,1788.3,1,-0.2890750170,-0.4890076518,-0.8229867220,0.9376557469,0.0286595672,-0.3463817835,0.1929697841,-0.8718085289,0.4502360821,1,-199.8,-28.0,1822.5,1,0.2906940877,0.5999491215,0.7453576922,-0.9367686510,0.0198257715,0.3493874669,0.1948374063,-0.7997925878,0.5677766800,1,147.2,242.9,1841.1,1,-0.1452585608,0.5999491811,0.7867408395,-0.9803776741,0.0198257715,-0.1961290240,-0.1332651675,-0.7997925878,0.5852968693,1,230.0,-23.9,1896.5,1,1.0000000000,-0.0000000000,0.0000000000,0.0000000000,1.0000000000,0.0000000000,-0.0000000000,-0.0000000000,1.0000000000,0,-86.8,-152.0,1894.1,1,1.0000000000,-0.0000000000,0.0000000000,0.0000000000,1.0000000000,0.0000000000,-0.0000000000,-0.0000000000,1.0000000000,0,-86.8,-552.5,1894.1,0,1.0000000000,0.0000000002,0.0000000002,-0.0000000002,1.0000000000,-0.0000000000,-0.0000000002,0.0000000000,1.0000000000,0,94.6,-146.9,1929.4,1,1.0000000000,-0.0000007585,0.0000564595,0.0000007585,1.0000000000,-0.0000002787,-0.0000564595,0.0000002788,1.0000000000,0,94.6,-547.4,1929.4,0,-118.6,-291.1,1768.3,1,191.9,-280.6,1861.6,1,-86.8,-937.6,1894.1,0,94.6,-932.5,1929.4,0,
23,0.9799442291,0.0452201962,-0.1940665841,0.0151776411,0.9541416168,0.2989673615,0.1986868382,-0.2959173322,0.9343199134,1,23.7,434.6,1751.3,1,0.9799442291,0.0452201962,-0.1940665841,0.0151776411,0.9541416168,0.2989673615,0.1986868382,-0.2959173322,0.9343199134,1,14.3,236.2,1812.8,1,0.9802565575,0.0286931619,-0.1956305206,0.0232888684,0.9657711983,0.2583440542,0.1963475049,-0.2577998936,0.9460360408,1,8.5,42.8,1864.4,1,0.2696147263,-0.5117317438,-0.8157442212,0.9570370913,0.0485185608,0.2858774066,-0.1067137942,-0.8577741981,0.5028275847,1,-120.9,233.0,1785.8,1,-0.3380754292,-0.5117317438,-0.7898327708,0.9064847231,0.0485185832,-0.4194417000,0.2529631555,-0.8577742577,0.4474740922,1,-195.4,-31.5,1815.2,1,0.2902578115,0.5968259573,0.7480301857,-0.9396052361,0.0296001136,0.3409777582,0.1813625991,-0.8018245697,0.5693724751,1,149.4,239.4,1839.9,1,-0.1301905662,0.5968259573,0.7917380929,-0.9825043082,0.0296001285,-0.1838725805,-0.1331754774,-0.8018245697,0.5825304389,1,230.7,-23.8,1890.7,1,1.0000000000,-0.0000000000,0.0000000000,0.0000000000,1.0000000000,0.0000000000,-0.0000000000,-0.0000000000,1.0000000000,0,-87.8,-152.7,1897.9,1,1.0000000000,-0.0000000000,0.0000000000,0.0000000000,1.0000000000,0.0000000000,-0.0000000000,-0.0000000000,1.0000000000,0,-87.8,-553.2,1897.9,0,1.0000000000,0.0000000002,0.0000000001,-0.0000000002,1.0000000000,-0.0000000000,-0.0000000001,0.0000000000,1.0000000000,0,93.4,-148.4,1934.2,1,1.0000000000,-0.0000006827,0.0000508136,0.0000006827,1.0000000000,-0.0000002508,-0.0000508136,0.0000002509,1.0000000000,0,93.4,-548.9,1934.2,0,-100.9,-284.9,1744.5,1,196.7,-281.0,1855.8,1,-87.8,-938.3,1897.9,0,93.4,-934.0,1934.2,0,
24,0.9789052606,0.0492415428,-0.1982857287,0.0149595691,0.9506403208,0.3099308610,0.2037603557,-0.3063597083,0.9298509359,1,27.7,432.7,1747.6,1,0.9789052606,0.0492415428,-0.1982857287,0.0149595691,0.9506403208,0.3099308610,0.2037603557,-0.3063597083,0.9298509359,1,17.5,235.1,1811.3,1,0.9792029262,0.0335858800,-0.2000779659,0.0218356568,0.9630248547,0.2685226500,0.2016990930,-0.2673074305,0.9422640800,1,10.8,42.3,1864.9,1,0.2652621269,-0.5123985410,-0.8167519569,0.9602128267,0.0636611208,0.2719163895,-0.0873342156,-0.8563848138,0.5088985562,1,-117.5,232.1,1783.5,1,-0.3865494728,-0.5123986006,-0.7668293715,0.8734067082,0.0636611432,-0.4828125238,0.2962096632,-0.8563848138,0.4229242206,1,-190.7,-32.7,1807.6,1,0.2924379110,0.5862530470,0.7555047870,-0.9421423078,0.0412595645,0.3326644003,0.1638537198,-0.8090766668,0.5643996000,1,152.5,238.1,1839.2,1,-0.1273691207,0.5862529874,0.8000528812,-0.9815875888,0.0412595794,-0.1865032911,-0.1423479468,-0.8090767264,0.5702034235,1,234.1,-24.8,1884.9,1,1.0000000000,-0.0000000000,0.0000000000,0.0000000000,1.0000000000,0.0000000000,-0.0000000000,-0.0000000000,1.0000000000,0,-86.5,-152.6,1899.7,1,1.0000000000,-0.0000000000,0.0000000000,0.0000000000,1.0000000000,0.0000000000,-0.0000000000,-0.0000000000,1.0000000000,0,-86.5,-553.1,1899.7,0,1.0000000000,0.0000000001,0.0000000001,-0.0000000001,1.0000000000,-0.0000000000,-0.0000000001,0.0000000000,1.0000000000,0,94.5,-148.6,1937.0,1,1.0000000000,-0.0000006144,0.0000457322,0.0000006144,1.0000000000,-0.0000002258,-0.0000457322,0.0000002258,1.0000000000,0,94.5,-549.1,1937.0,0,-83.1,-275.8,1725.2,1,200.8,-281.8,1847.6,1,-86.5,-938.2,1899.7,0,94.5,-934.2,1937.0,0,
