1,0.9033775330,0.0529443361,-0.4255648255,0.0449093953,0.9752141237,0.2166585624,0.4264877439,-0.2148368210,0.8786094785,1,-347.7,354.8,2238.4,1,0.9033775330,0.0529443361,-0.4255648255,0.0449093953,0.9752141237,0.2166585624,0.4264877439,-0.2148368210,0.8786094785,1,-358.2,161.8,2280.9,1,0.9031932354,0.0334766731,-0.4279260933,0.0407276414,0.9857723713,0.1630780995,0.4272971153,-0.1647199392,0.8889801502,1,-364.4,-20.9,2311.4,1,0.0207954478,0.3379709423,-0.9409267902,0.8381643295,0.5071535707,0.2006884813,0.5450212359,-0.7928246856,-0.2727286816,1,-476.4,156.4,2225.0,1,-0.5568490624,0.3379709423,-0.7587455511,0.7868785262,0.5071536303,-0.3515927494,0.2659723759,-0.7928246856,-0.5483500957,1,-481.2,-37.6,2098.8,1,0.7462542653,0.6250377893,0.2289810032,-0.6541478634,0.6248925924,0.4261453450,0.1232684031,-0.4678002000,0.8751959801,1,-240.0,167.1,2336.8,1,-0.1481443495,0.6250378489,0.7664078474,-0.4934344590,0.6248925924,-0.6050055623,-0.8570739627,-0.4678002000,0.2158408761,1,-83.7,30.1,2362.6,1,0.5949575305,-0.5131832957,0.6186019778,0.5390986204,-0.3160595298,-0.7806913853,0.5961528420,0.7979657650,0.0886143968,1,-447.4,-207.1,2305.6,1,0.5949577093,-0.7872614861,-0.1620024592,0.5390985608,0.5403581262,-0.6460540891,0.5961529016,0.2970395088,0.7459017634,1,-257.2,-90.0,2010.0,1,1.0000000000,-0.0000000000,0.0000000000,0.0000000000,1.0000000000,-0.0000000000,-0.0000000000,0.0000000000,1.0000000000,0,-293.8,-200.2,2378.3,1,1.0000000000,-0.0000000000,0.0000000000,0.0000000000,1.0000000000,-0.0000000000,-0.0000000000,0.0000000000,1.0000000000,0,-293.8,-571.0,2378.3,0,-346.2,-228.3,2034.4,1,-121.2,-95.0,2145.5,1,23.1,-282.4,1904.2,1,-293.8,-927.5,2378.3,0,
2,0.9045845270,0.0569802038,-0.4224683344,0.0415743440,0.9745108485,0.2204553336,0.4242616594,-0.2169848084,0.8791591525,1,-347.0,355.5,2237.3,1,0.9045845270,0.0569802038,-0.4224683344,0.0415743440,0.9745108485,0.2204553336,0.4242616594,-0.2169848084,0.8791591525,1,-358.3,162.4,2280.3,1,0.9044366479,0.0353584662,-0.4251394272,0.0384350307,0.9857529402,0.1637505889,0.4248724878,-0.1644427627,0.8901927471,1,-364.9,-20.3,2310.8,1,0.0132280830,0.3695066571,-0.9291340113,0.8375283480,0.5035186410,0.2121679038,0.5462336540,-0.7809826732,-0.3028117418,1,-476.7,157.4,2224.7,1,-0.5415949821,0.3695067167,-0.7550760508,0.7996467948,0.5035187006,-0.3271606863,0.2593067884,-0.7809827328,-0.5681779981,1,-479.7,-36.4,2098.4,1,0.7443429828,0.6226033568,0.2414922118,-0.6587201357,0.6251132488,0.4187137783,0.1097326279,-0.4707424641,0.8754200935,1,-240.0,167.5,2335.9,1,-0.1469793171,0.6226034760,0.7686105371,-0.4974379241,0.6251133680,-0.6014890075,-0.8549576998,-0.4707424641,0.2178278267,1,-84.4,29.8,2358.8,1,0.6127008200,-0.4985036850,0.6132633686,0.5037761927,-0.3515385091,-0.7890692949,0.6089396477,0.7924107909,0.0357463472,1,-448.4,-206.3,2305.2,1,0.6127008200,-0.7679342628,-0.1867481470,0.5037761927,0.5615645647,-0.6563954353,0.6089397073,0.3080947101,0.7309380174,1,-263.7,-76.1,2011.7,1,1.0000000000,-0.0000000000,0.0000000000,0.0000000000,1.0000000000,-0.0000000000,-0.0000000000,0.0000000000,1.0000000000,0,-294.5,-199.7,2377.4,1,1.0000000000,-0.0000000000,0.0000000000,0.0000000000,1.0000000000,-0.0000000000,-0.0000000000,0.0000000000,1.0000000000,0,-294.5,-570.5,2377.4,0,-348.5,-230.1,2035.5,1,-121.7,-96.3,2142.1,1,9.7,-276.1,1902.0,1,-294.5,-927.0,2377.4,0,
3,0.8962244391,0.0571469963,-0.4399039447,0.0423647314,0.9761084318,0.2131147534,0.4415729344,-0.2096355110,0.8723918200,1,-346.3,354.1,2238.8,1,0.8962244391,0.0571469963,-0.4399039447,0.0423647314,0.9761084318,0.2131147534,0.4415729344,-0.2096355110,0.8723918200,1,-357.6,160.1,2280.5,1,0.8962078691,0.0306974202,-0.4425704181,0.0419948511,0.9872533679,0.1535175145,0.4416418374,-0.1561697423,0.8834957480,1,-363.3,-22.9,2309.4,1,0.0278286766,0.3498226702,-0.9364025593,0.8395206928,0.5003203154,0.2118598819,0.5426145792,-0.7920250893,-0.2797601223,1,-474.9,154.6,2222.7,1,-0.5416245461,0.3498226702,-0.7643735409,0.7978358269,0.5003203154,-0.3363592625,0.2647655308,-0.7920250893,-0.5500868559,1,-481.2,-35.5,2099.8,1,0.7474269867,0.6095874906,0.2641140223,-0.6593842506,0.6322135925,0.4068396986,0.0810279176,-0.4782356024,0.8744857311,1,-240.4,165.6,2338.3,1,-0.1411042511,0.6095873713,0.7800594568,-0.5071139932,0.6322134733,-0.5857827663,-0.8502498865,-0.4782355130,0.2199222744,1,-85.0,28.5,2355.1,1,0.5946103930,-0.5091653466,0.6222453117,0.5418497920,-0.3179988265,-0.7779946327,0.5940011740,0.7997670770,0.0868057087,1,-446.1,-209.5,2300.4,1,0.5946105123,-0.7867410183,-0.1657623202,0.5418498516,0.5444333553,-0.6403055787,0.5940012336,0.2909140885,0.7500212193,1,-257.5,-91.7,2004.2,1,1.0000000000,-0.0000000000,0.0000000000,0.0000000000,1.0000000000,-0.0000000000,-0.0000000000,0.0000000000,1.0000000000,0,-291.9,-202.3,2376.4,1,1.0000000000,-0.0000000000,0.0000000000,0.0000000000,1.0000000000,-0.0000000000,-0.0000000000,0.0000000000,1.0000000000,0,-291.9,-573.0,2376.4,0,-349.9,-228.9,2035.7,1,-120.7,-100.1,2139.6,1,22.7,-285.6,1900.6,1,-291.9,-929.6,2376.4,0,
4,0.8932864666,0.0550752021,-0.4461004436,0.0475918055,0.9752974510,0.2157089710,0.4469609559,-0.2139210701,0.8685993552,1,-346.8,354.6,2238.1,1,0.8932864666,0.0550752021,-0.4461004436,0.0475918055,0.9752974510,0.2157089710,0.4469609559,-0.2139210701,0.8685993552,1,-357.7,160.6,2280.6,1,0.8931615353,0.0314590484,-0.4486337900,0.0447608754,0.9863795638,0.1582790166,0.4475026429,-0.1614504308,0.8795887232,1,-363.5,-22.2,2310.5,1,0.0154816797,0.3810331523,-0.9244318008,0.8392422199,0.4976317883,0.2191693187,0.5435373783,-0.7792153358,-0.3120749295,1,-474.6,154.8,2222.1,1,-0.5270400643,0.3810331821,-0.7596330643,0.8093599081,0.4976317286,-0.3119280934,0.2591626048,-0.7792151570,-0.5706648827,1,-478.1,-37.5,2097.5,1,0.7360124588,0.6099663377,0.2936438024,-0.6758705974,0.6374045610,0.3700194061,0.0385294817,-0.4708040953,0.8813960552,1,-240.9,166.5,2339.2,1,-0.1482200772,0.6099663377,0.7784420848,-0.4918716848,0.6374046206,-0.5931085348,-0.8579586744,-0.4708042145,0.2055490017,1,-82.0,20.6,2347.5,1,0.5906767845,-0.5114873648,0.6240847707,0.5471113324,-0.3146221340,-0.7756818533,0.5931023359,0.7996208668,0.0940005630,1,-446.1,-208.9,2302.0,1,0.5906766653,-0.7883872986,-0.1718910635,0.5471112728,0.5478854775,-0.6328433752,0.5931023359,0.2797622681,0.7549587488,1,-256.5,-92.3,2005.8,1,1.0000000000,-0.0000000000,0.0000000000,0.0000000000,1.0000000000,-0.0000000000,-0.0000000000,0.0000000000,1.0000000000,0,-292.7,-201.2,2378.9,1,1.0000000000,-0.0000000000,0.0000000000,0.0000000000,1.0000000000,-0.0000000000,-0.0000000000,0.0000000000,1.0000000000,0,-292.7,-572.0,2378.9,0,-350.4,-233.7,2034.7,1,-119.6,-104.1,2130.0,1,24.4,-287.6,1906.1,1,-292.7,-928.5,2378.9,0,
5,0.8929505348,0.0574006811,-0.4464796185,0.0344952270,0.9801953435,0.1950065792,0.4488309026,-0.1895330846,0.8732864261,1,-347.5,357.8,2245.7,1,0.8929505348,0.0574006811,-0.4464796185,0.0344952270,0.9801953435,0.1950065792,0.4488309026,-0.1895330846,0.8732864261,1,-358.9,163.6,2283.2,1,0.8925229311,0.0396287069,-0.4492570758,0.0258127395,0.9900108576,0.1386096627,0.4502624571,-0.1353092939,0.8825849891,1,-366.2,-19.9,2308.3,1,0.0215907656,0.3540245891,-0.9349869490,0.8446717858,0.4938508868,0.2064974308,0.5348492265,-0.7942155004,-0.2883718908,1,-475.6,160.2,2224.3,1,-0.5409107208,0.3540244699,-0.7629431486,0.8008896112,0.4938507676,-0.3386549950,0.2568878829,-0.7942153811,-0.5506637096,1,-480.7,-37.6,2099.1,1,0.7291576266,0.6004093885,0.3283866048,-0.6843454838,0.6392155886,0.3508200943,0.0007258134,-0.4805330336,0.8769762516,1,-242.1,166.9,2342.1,1,-0.1825138479,0.6004093885,0.7785867453,-0.4755049348,0.6392156482,-0.6043992639,-0.8605718017,-0.4805330932,0.1688318998,1,-81.2,15.9,2342.3,1,0.5910719037,-0.5001587272,0.6328310966,0.5521271229,-0.3210775554,-0.7694574594,0.5880387425,0.8042079210,0.0863713026,1,-446.9,-205.5,2296.4,1,0.5910719633,-0.7911358476,-0.1572830677,0.5521270633,0.5389716625,-0.6361330748,0.5880388021,0.2891601622,0.7553786039,1,-261.5,-86.5,1998.3,1,1.0000000000,-0.0000000000,0.0000000000,0.0000000000,1.0000000000,-0.0000000000,-0.0000000000,0.0000000000,1.0000000000,0,-300.3,-201.2,2370.4,1,1.0000000000,-0.0000000000,0.0000000000,0.0000000000,1.0000000000,-0.0000000000,-0.0000000000,0.0000000000,1.0000000000,0,-300.3,-572.0,2370.4,0,-349.6,-231.7,2036.9,1,-127.5,-104.6,2124.2,1,20.4,-278.5,1895.3,1,-300.3,-928.5,2370.4,0,
6,0.8926057816,0.0564602502,-0.4472880363,0.0291710459,0.9828153849,0.1822725087,0.4498929083,-0.1757457852,0.8756203651,1,-348.9,357.4,2248.5,1,0.8926057816,0.0564602502,-0.4472880363,0.0291710459,0.9828153849,0.1822725087,0.4498929083,-0.1757457852,0.8756203651,1,-360.0,163.7,2283.1,1,0.8919069767,0.0440591574,-0.4500668943,0.0154436091,0.9916945100,0.1276866794,0.4519548118,-0.1208357215,0.8838194013,1,-368.2,-20.1,2305.5,1,0.0196840614,0.3634361625,-0.9314111471,0.8448073864,0.4921803176,0.2099023461,0.5347083211,-0.7909947634,-0.2973454595,1,-476.7,161.6,2224.0,1,-0.5369988084,0.3634362817,-0.7612795234,0.8044855595,0.4921804070,-0.3325080872,0.2538413405,-0.7909948230,-0.5566794276,1,-481.3,-34.1,2100.1,1,0.6999895573,0.5890835524,0.4037264884,-0.7096866965,0.6369155645,0.3011366427,-0.0797450244,-0.4973118305,0.8638991714,1,-243.4,165.7,2342.3,1,-0.2278236896,0.5890836716,0.7752915025,-0.4595588744,0.6369156241,-0.6189864874,-0.8584300280,-0.4973118901,0.1256141514,1,-78.3,-1.7,2323.5,1,0.6046432257,-0.5573281646,0.5690271258,0.5084462166,-0.2798373997,-0.8143546581,0.6130978465,0.7817136645,0.1141696125,1,-450.5,-205.2,2290.4,1,0.6046432853,-0.7821015716,-0.1507437825,0.5084462762,0.5246810317,-0.6827827692,0.6130978465,0.3361949027,0.7149014473,1,-244.4,-101.7,2001.4,1,1.0000000000,-0.0000000000,0.0000000000,0.0000000000,1.0000000000,-0.0000000000,-0.0000000000,0.0000000000,1.0000000000,0,-302.3,-202.6,2365.5,1,1.0000000000,-0.0000000000,0.0000000000,0.0000000000,1.0000000000,-0.0000000000,-0.0000000000,0.0000000000,1.0000000000,0,-302.3,-573.4,2365.5,0,-351.1,-229.1,2038.6,1,-136.0,-118.0,2106.1,1,34.0,-288.5,1881.7,1,-302.3,-929.9,2365.5,0,
7,0.8945482969,0.0609221309,-0.4427991807,0.0322233401,0.9792998433,0.1998342127,0.4458076954,-0.1930302680,0.8740685582,1,-349.1,358.2,2242.9,1,0.8945482969,0.0609221309,-0.4427991807,0.0322233401,0.9792998433,0.1998342127,0.4458076954,-0.1930302680,0.8740685582,1,-361.1,165.1,2281.0,1,0.8936297894,0.0506621897,-0.4459356368,0.0160164963,0.9893756509,0.1444980204,0.4485186040,-0.1362704933,0.8833246827,1,-370.5,-18.3,2306.2,1,0.0251711830,0.3339551389,-0.9422528744,0.8535290360,0.4835148156,0.1941692978,0.5204370022,-0.8091276288,-0.2728697360,1,-478.0,163.0,2222.3,1,-0.5330851674,0.3339551091,-0.7773636580,0.8048236370,0.4835147858,-0.3441983163,0.2609200180,-0.8091276288,-0.5265294313,1,-483.9,-33.9,2102.2,1,0.7045535445,0.5950363278,0.3866990209,-0.7071687579,0.6342314482,0.3125107288,-0.0593014210,-0.4936420023,0.8676410913,1,-244.2,167.2,2339.7,1,-0.2274104208,0.5950362086,0.7708542943,-0.4562454522,0.6342313290,-0.6241719723,-0.8603048921,-0.4936419725,0.1272517890,1,-79.8,2.1,2325.8,1,0.6117456555,-0.5696083307,0.5489203334,0.4756655991,-0.2895748615,-0.8305953741,0.6320675611,0.7692155838,0.0937969536,1,-455.7,-203.0,2293.4,1,0.6117457151,-0.7699176073,-0.1816425771,0.4756655693,0.5414887667,-0.6932042837,0.6320676208,0.3376635909,0.6974768043,1,-244.9,-95.8,2008.7,1,1.0000000000,-0.0000000000,0.0000000000,0.0000000000,1.0000000000,-0.0000000000,-0.0000000000,0.0000000000,1.0000000000,0,-304.1,-200.3,2369.5,1,1.0000000000,-0.0000000000,0.0000000000,0.0000000000,1.0000000000,-0.0000000000,-0.0000000000,0.0000000000,1.0000000000,0,-304.1,-571.1,2369.5,0,-354.6,-229.0,2039.0,1,-137.4,-113.5,2107.8,1,29.3,-288.7,1888.4,1,-304.1,-927.6,2369.5,0,
8,0.8964415789,0.0599403158,-0.4390890598,0.0274367779,0.9814033508,0.1899868548,0.4423115551,-0.1823597401,0.8781268001,1,-349.1,357.1,2247.1,1,0.8964415789,0.0599403158,-0.4390890598,0.0274367779,0.9814033508,0.1899868548,0.4423115551,-0.1823597401,0.8781268001,1,-360.8,164.8,2282.8,1,0.8953948617,0.0530215688,-0.4421043694,0.0091653233,0.9904802442,0.1373509616,0.4451783895,-0.1270357966,0.8863855004,1,-370.7,-18.8,2306.4,1,0.0139250187,0.3800131679,-0.9248763323,0.8453669548,0.4895097315,0.2138576359,0.5340046287,-0.7848378420,-0.3144341111,1,-478.0,163.6,2224.6,1,-0.5225261450,0.3800131679,-0.7632539272,0.8137435317,0.4895097613,-0.3133716881,0.2545348406,-0.7848378420,-0.5650148392,1,-481.2,-33.9,2099.9,1,0.6672573090,0.5765774250,0.4715149403,-0.7281724215,0.6381039619,0.2501767278,-0.1566292793,-0.5102764368,0.8456271887,1,-243.7,166.0,2341.1,1,-0.3067642152,0.5765773058,0.7572677732,-0.4097801447,0.6381039619,-0.6518463492,-0.8590552211,-0.5102764368,0.0405224897,1,-75.0,-18.1,2301.5,1,0.6342778802,-0.5859546661,0.5043299794,0.4097525477,-0.2983886003,-0.8620134592,0.6555870771,0.7534064651,0.0508351400,1,-456.6,-203.2,2292.1,1,0.6342778206,-0.7438968420,-0.2104970664,0.4097524881,0.5543589592,-0.7244232297,0.6555870771,0.3732338846,0.6564312577,1,-239.5,-92.7,2013.1,1,1.0000000000,-0.0000000000,0.0000000000,0.0000000000,1.0000000000,-0.0000000000,-0.0000000000,0.0000000000,1.0000000000,0,-304.4,-201.6,2367.7,1,1.0000000000,-0.0000000000,0.0000000000,0.0000000000,1.0000000000,-0.0000000000,-0.0000000000,0.0000000000,1.0000000000,0,-304.4,-572.4,2367.7,0,-354.6,-231.1,2038.2,1,-152.4,-121.6,2084.6,1,25.3,-290.0,1880.2,1,-304.4,-928.9,2367.7,0,
9,0.8996682167,0.0631164834,-0.4319871366,0.0298772100,0.9782733321,0.2051561028,0.4355504513,-0.1974794418,0.8782362938,1,-348.5,355.6,2242.7,1,0.8996682167,0.0631164834,-0.4319871366,0.0298772100,0.9782733321,0.2051561028,0.4355504513,-0.1974794418,0.8782362938,1,-360.8,163.9,2281.4,1,0.8986393809,0.0561052822,-0.4350850880,0.0129085854,0.9879767299,0.1540639699,0.4384979308,-0.1440647244,0.8871111274,1,-371.2,-19.2,2308.1,1,0.0126977721,0.3619415164,-0.9321143627,0.8446265459,0.4950707853,0.2037426978,0.5352054834,-0.7898756266,-0.2994190753,1,-478.4,162.2,2224.0,1,-0.5335061550,0.3619414568,-0.7644406557,0.8048462868,0.4950706363,-0.3273031712,0.2599875629,-0.7898754478,-0.5554305315,1,-481.3,-32.8,2100.5,1,0.6679788232,0.5777555108,0.4690445662,-0.7283930779,0.6367301941,0.2530181706,-0.1524721831,-0.5106595755,0.8461554050,1,-243.3,165.5,2338.8,1,-0.3106787801,0.5777555108,0.7547696829,-0.4069952965,0.6367301941,-0.6549270749,-0.8589724302,-0.5106596351,0.0373252146,1,-77.2,-15.5,2300.9,1,0.6174454093,-0.5791330338,0.5323215723,0.4562218189,-0.2876291871,-0.8420993090,0.6407987475,0.7628069520,0.0866177827,1,-459.1,-203.5,2297.0,1,0.6174453497,-0.7653518319,-0.1816529185,0.4562217593,0.5365501642,-0.7099124193,0.6407986879,0.3554580808,0.6804605722,1,-244.5,-96.9,2014.4,1,1.0000000000,-0.0000000000,0.0000000000,0.0000000000,1.0000000000,-0.0000000000,-0.0000000000,0.0000000000,1.0000000000,0,-304.2,-201.2,2372.6,1,1.0000000000,-0.0000000000,0.0000000000,0.0000000000,1.0000000000,-0.0000000000,-0.0000000000,0.0000000000,1.0000000000,0,-304.2,-572.0,2372.6,0,-352.0,-227.9,2037.5,1,-155.8,-118.5,2083.5,1,28.0,-287.9,1887.8,1,-304.2,-928.5,2372.6,0,
10,0.8889057636,0.0555398278,-0.4547103643,0.0400110632,0.9794162512,0.1978462785,0.4563392401,-0.1940605640,0.8683871627,1,-347.2,355.7,2240.0,1,0.8889057636,0.0555398278,-0.4547103643,0.0400110632,0.9794162512,0.1978462785,0.4563392401,-0.1940605640,0.8683871627,1,-358.1,163.1,2278.2,1,0.8878436089,0.0529707409,-0.4570857882,0.0207560956,0.9877306223,0.1547828913,0.4596767724,-0.1469107568,0.8758514524,1,-367.9,-20.0,2305.4,1,0.0252113231,0.3422075808,-0.9392860532,0.8536720276,0.4815580845,0.1983581185,0.5202004910,-0.8068431020,-0.2799923122,1,-474.3,160.4,2218.0,1,-0.5286287069,0.3422076106,-0.7768176794,0.8085729480,0.4815581143,-0.3381000161,0.2583824396,-0.8068431020,-0.5312652588,1,-480.0,-33.8,2099.7,1,0.6955686212,0.5863416195,0.4151961803,-0.7129792571,0.6345725060,0.2982923687,-0.0885708258,-0.5035090446,0.8594381809,1,-242.0,165.8,2338.3,1,-0.2810352147,0.5863416195,0.7597518563,-0.4236114323,0.6345724463,-0.6464295983,-0.8611459732,-0.5035090446,0.0700438023,1,-77.3,-2.9,2317.3,1,0.6110892296,-0.5472771525,0.5718895197,0.4781287909,-0.3205856681,-0.8176904321,0.6308428645,0.7731186748,0.0657625049,1,-454.8,-204.9,2292.7,1,0.6110892296,-0.7696881890,-0.1847970039,0.4781288207,0.5449749231,-0.6887634993,0.6308428645,0.3325391412,0.7010385394,1,-252.2,-86.2,2006.5,1,1.0000000000,-0.0000000000,0.0000000000,0.0000000000,1.0000000000,-0.0000000000,-0.0000000000,0.0000000000,1.0000000000,0,-300.7,-201.2,2372.5,1,1.0000000000,-0.0000000000,0.0000000000,0.0000000000,1.0000000000,-0.0000000000,-0.0000000000,0.0000000000,1.0000000000,0,-300.7,-572.0,2372.5,0,-351.9,-229.8,2037.1,1,-148.5,-110.2,2099.3,1,21.9,-280.3,1888.1,1,-300.7,-928.5,2372.5,0,
11,0.8902903795,0.0586084574,-0.4516055286,0.0424294956,0.9766947031,0.2103986740,0.4534120560,-0.2064777613,0.8670557737,1,-347.2,355.8,2238.7,1,0.8902903795,0.0586084574,-0.4516055286,0.0424294956,0.9766947031,0.2103986740,0.4534120560,-0.2064777613,0.8670557737,1,-358.7,163.2,2279.4,1,0.8893377185,0.0517585166,-0.4543115795,0.0254840441,0.9864180684,0.1622664481,0.4565399587,-0.1558878273,0.8759403825,1,-368.3,-19.7,2308.3,1,0.0281657893,0.3197679520,-0.9470772147,0.8544890285,0.4839418530,0.1888087541,0.5187052488,-0.8145850301,-0.2596076131,1,-475.1,159.8,2219.7,1,-0.5413547158,0.3197679520,-0.7776141167,0.7988951206,0.4839419127,-0.3571650684,0.2621100545,-0.8145851493,-0.5174452662,1,-481.5,-35.6,2101.0,1,0.7168581486,0.5910874009,0.3697705865,-0.6964201927,0.6324236393,0.3391746283,-0.0333698019,-0.5006557703,0.8650030494,1,-242.4,166.5,2339.1,1,-0.2609942853,0.5910873413,0.7632154226,-0.4373455048,0.6324235797,-0.6393507123,-0.8605874777,-0.5006557107,0.0934504643,1,-78.3,7.1,2331.5,1,0.6003924608,-0.5496996641,0.5808263421,0.5026737452,-0.3054701388,-0.8087071180,0.6219711304,0.7775077224,0.0929176435,1,-454.9,-204.7,2297.7,1,0.6003924012,-0.7785987854,-0.1825178713,0.5026736856,0.5449372530,-0.6710904837,0.6219710112,0.3111706972,0.7185574174,1,-251.2,-91.6,2009.6,1,1.0000000000,-0.0000000000,0.0000000000,0.0000000000,1.0000000000,-0.0000000000,-0.0000000000,0.0000000000,1.0000000000,0,-300.9,-200.3,2376.7,1,1.0000000000,-0.0000000000,0.0000000000,0.0000000000,1.0000000000,-0.0000000000,-0.0000000000,0.0000000000,1.0000000000,0,-300.9,-571.1,2376.7,0,-350.3,-229.3,2037.5,1,-144.4,-103.7,2113.5,1,26.1,-285.7,1898.8,1,-300.9,-927.6,2376.7,0,
12,0.8991540074,0.0637196153,-0.4329682887,0.0362351090,0.9751068354,0.2187560201,0.4361294806,-0.2123844624,0.8744628429,1,-345.9,356.5,2238.0,1,0.8991540074,0.0637196153,-0.4329682887,0.0362351090,0.9751068354,0.2187560201,0.4361294806,-0.2123844624,0.8744628429,1,-358.4,165.0,2279.7,1,0.8985528350,0.0493311994,-0.4360834658,0.0258074738,0.9860035181,0.1647165716,0.4381056130,-0.1592612267,0.8847036958,1,-367.6,-17.8,2309.2,1,0.0151739968,0.3524251580,-0.9357170463,0.8498786688,0.4884659350,0.1977560520,0.5267600417,-0.7982466817,-0.2921065986,1,-476.0,161.6,2222.4,1,-0.5372079611,0.3524251282,-0.7662925124,0.8040331602,0.4884658754,-0.3390159011,0.2548300028,-0.7982466221,-0.5457692146,1,-479.5,-36.3,2099.7,1,0.7276699543,0.6028469801,0.3272185326,-0.6854715943,0.6217211485,0.3789347708,0.0250009652,-0.5000385046,0.8656423688,1,-240.9,168.3,2337.0,1,-0.2416023761,0.6028469801,0.7603971958,-0.4550514221,0.6217211485,-0.6374881268,-0.8570627570,-0.5000385046,0.1241170466,1,-78.2,15.1,2342.6,1,0.6097958088,-0.5460143685,0.5744714737,0.4876195490,-0.3129414916,-0.8150428534,0.6248010397,0.7771332264,0.0754168332,1,-454.4,-202.8,2300.9,1,0.6097958684,-0.7715489864,-0.1812767535,0.4876194894,0.5455404520,-0.6816252470,0.6248010993,0.3272581398,0.7088905573,1,-252.0,-86.8,2012.9,1,1.0000000000,-0.0000000000,0.0000000000,0.0000000000,1.0000000000,-0.0000000000,-0.0000000000,0.0000000000,1.0000000000,0,-299.0,-198.4,2376.6,1,1.0000000000,-0.0000000000,0.0000000000,0.0000000000,1.0000000000,-0.0000000000,-0.0000000000,0.0000000000,1.0000000000,0,-299.0,-569.1,2376.6,0,-349.3,-231.2,2038.0,1,-139.4,-100.2,2125.4,1,22.9,-281.2,1896.2,1,-299.0,-925.6,2376.6,0,
13,0.9004338384,0.0587493703,-0.4310070276,0.0385487676,0.9761623144,0.2135918289,0.4332813621,-0.2089405656,0.8767054677,1,-346.6,355.1,2239.6,1,0.9004338384,0.0587493703,-0.4310070276,0.0385487676,0.9761623144,0.2135918289,0.4332813621,-0.2089405656,0.8767054677,1,-358.2,162.4,2280.9,1,0.9002758861,0.0362852179,-0.4338043928,0.0352867842,0.9871582389,0.1558009833,0.4338869750,-0.1555719078,0.8874349594,1,-365.0,-20.6,2309.7,1,0.0147089101,0.3713992238,-0.9283567667,0.8411382437,0.4974009097,0.2123176605,0.5406200886,-0.7839993834,-0.3050818741,1,-476.0,157.7,2224.1,1,-0.5346726179,0.3713992536,-0.7590703964,0.8049102426,0.4974009395,-0.3235921264,0.2573804259,-0.7839993834,-0.5648897290,1,-479.4,-35.2,2100.1,1,0.7364805937,0.6131632924,0.2857047915,-0.6732230186,0.6231153011,0.3981182575,0.0660844520,-0.4855493903,0.8717079163,1,-240.5,167.0,2337.6,1,-0.2069261968,0.6131633520,0.7623728514,-0.4664979279,0.6231153607,-0.6277794838,-0.8599775434,-0.4855493903,0.1571005136,1,-81.3,21.5,2351.9,1,0.6204844713,-0.5492582917,0.5597450137,0.4778617620,-0.3011332452,-0.8252072334,0.6218097806,0.7795090079,0.0756209865,1,-450.7,-206.7,2300.5,1,0.6204844713,-0.7644939423,-0.1747801006,0.4778617024,0.5452964306,-0.6886944771,0.6218097210,0.3438034952,0.7036703229,1,-247.1,-95.1,2011.6,1,1.0000000000,-0.0000000000,0.0000000000,0.0000000000,1.0000000000,-0.0000000000,-0.0000000000,0.0000000000,1.0000000000,0,-292.7,-200.5,2376.6,1,1.0000000000,-0.0000000000,0.0000000000,0.0000000000,1.0000000000,-0.0000000000,-0.0000000000,0.0000000000,1.0000000000,0,-292.7,-571.3,2376.6,0,-349.8,-230.3,2037.7,1,-133.7,-96.7,2134.1,1,25.3,-289.4,1889.0,1,-292.7,-927.8,2376.6,0,
14,0.8986537457,0.0529790409,-0.4354471564,0.0442992896,0.9766442776,0.2102469802,0.4364158511,-0.2082297206,0.8753187656,1,-347.3,352.0,2240.0,1,0.8986537457,0.0529790409,-0.4354471564,0.0442992896,0.9766442776,0.2102469802,0.4364158511,-0.2082297206,0.8753187656,1,-357.8,158.4,2281.3,1,0.8984640837,0.0331821963,-0.4377907813,0.0399773680,0.9868148565,0.1568396837,0.4372228682,-0.1584170312,0.8852917552,1,-363.9,-24.5,2310.6,1,0.0279523656,0.3567184508,-0.9337936640,0.8391737342,0.4992075861,0.2158222497,0.5431446433,-0.7896478772,-0.2853947282,1,-475.3,153.2,2224.0,1,-0.5351149440,0.3567184806,-0.7657701969,0.8020380139,0.4992075861,-0.3279129267,0.2653056681,-0.7896479368,-0.5532351732,1,-481.6,-35.9,2101.7,1,0.7462025881,0.6142302155,0.2567158937,-0.6597288847,0.6306793690,0.4086581469,0.0891047865,-0.4743046761,0.8758398294,1,-240.2,163.7,2338.5,1,-0.1790765226,0.6142301559,0.7685394883,-0.4739692211,0.6306793094,-0.6144890189,-0.8621395826,-0.4743046165,0.1781863719,1,-83.0,24.7,2357.2,1,0.6100417376,-0.5383654237,0.5813878775,0.5010006428,-0.3063801825,-0.8094007969,0.6138791442,0.7850438952,0.0828167349,1,-447.8,-210.9,2302.1,1,0.6100417376,-0.7741736770,-0.1688324511,0.5010007024,0.5419365168,-0.6747615933,0.6138791442,0.3270475566,0.7184653282,1,-248.3,-97.3,2011.1,1,1.0000000000,-0.0000000000,0.0000000000,0.0000000000,1.0000000000,-0.0000000000,-0.0000000000,0.0000000000,1.0000000000,0,-292.3,-204.0,2377.8,1,1.0000000000,-0.0000000000,0.0000000000,0.0000000000,1.0000000000,-0.0000000000,-0.0000000000,0.0000000000,1.0000000000,0,-292.3,-574.7,2377.8,0,-351.9,-230.3,2037.4,1,-128.4,-95.4,2138.8,1,27.6,-290.4,1894.6,1,-292.3,-931.2,2377.8,0,
15,0.9042085409,0.0595599338,-0.4229172468,0.0402783751,0.9739231467,0.2232750952,0.4251873493,-0.2189221680,0.8782312274,1,-345.7,358.0,2238.1,1,0.9042085409,0.0595599338,-0.4229172468,0.0402783751,0.9739231467,0.2232750952,0.4251873493,-0.2189221680,0.8782312274,1,-357.5,164.6,2281.6,1,0.9040931463,0.0368882790,-0.4257397652,0.0379336476,0.9854068756,0.1659360379,0.4256481528,-0.1661719829,0.8895008564,1,-364.3,-18.0,2312.4,1,0.0093903374,0.3870436549,-0.9220136404,0.8410786986,0.4956406951,0.2166264951,0.5408313274,-0.7775202394,-0.3208799064,1,-475.8,159.7,2225.9,1,-0.5202537775,0.3870436549,-0.7612708807,0.8135830760,0.4956406951,-0.3040115237,0.2596510649,-0.7775202394,-0.5727510452,1,-478.0,-38.1,2098.7,1,0.7284526229,0.6371190548,0.2518654466,-0.6777159572,0.6163241863,0.4010557532,0.1002895162,-0.4628433585,0.8807485700,1,-239.2,169.6,2337.3,1,-0.1636047065,0.6371191144,0.7532017827,-0.4786759019,0.6163241863,-0.6253111959,-0.8626140356,-0.4628434181,0.2041400075,1,-86.4,27.5,2358.3,1,0.6182267666,-0.5034960508,0.6035622954,0.4809499979,-0.3650291860,-0.7971454859,0.6216774583,0.7830998302,0.0164856482,1,-448.9,-203.9,2306.6,1,0.6182267070,-0.7600082755,-0.2004574686,0.4809499979,0.5674979091,-0.6683062315,0.6216774583,0.3167547584,0.7163683176,1,-262.7,-68.9,2017.0,1,1.0000000000,-0.0000000000,0.0000000000,0.0000000000,1.0000000000,-0.0000000000,-0.0000000000,0.0000000000,1.0000000000,0,-293.5,-197.4,2379.8,1,1.0000000000,-0.0000000000,0.0000000000,0.0000000000,1.0000000000,-0.0000000000,-0.0000000000,0.0000000000,1.0000000000,0,-293.5,-568.2,2379.8,0,-351.9,-235.3,2035.8,1,-127.9,-93.8,2139.7,1,8.1,-271.1,1904.1,1,-293.5,-924.7,2379.8,0,
16,0.9005798101,0.0560153127,-0.4310658872,0.0467669293,0.9734211564,0.2241974473,0.4321673512,-0.2220678031,0.8740243912,1,-347.2,357.5,2237.7,1,0.9005798101,0.0560153127,-0.4310658872,0.0467669293,0.9734211564,0.2241974473,0.4321673512,-0.2220678031,0.8740243912,1,-358.3,164.4,2281.8,1,0.9003376365,0.0330635644,-0.4339336455,0.0414402150,0.9860655069,0.1611146629,0.4332142174,-0.1630403847,0.8864223361,1,-364.4,-18.4,2312.0,1,0.0260749888,0.3428037465,-0.9390451312,0.8415837288,0.4994289875,0.2056880891,0.5394969583,-0.7956483960,-0.2754754424,1,-476.1,159.0,2225.1,1,-0.5417159200,0.3428037763,-0.7674826384,0.7970570922,0.4994290173,-0.3395156264,0.2669158280,-0.7956485152,-0.5437827110,1,-482.1,-33.9,2101.4,1,0.7266693711,0.6338346601,0.2649627924,-0.6815839410,0.6168944240,0.3935538530,0.0859940052,-0.4665779173,0.8802897930,1,-240.5,169.9,2338.4,1,-0.1402456760,0.6338346601,0.7606476545,-0.5015665889,0.6168944836,-0.6065247655,-0.8536756635,-0.4665779173,0.2313935161,1,-89.9,28.6,2356.3,1,0.6143822670,-0.5276013613,0.5866611004,0.5092823505,-0.3027265072,-0.8055980206,0.6026324630,0.7937212586,0.0827082694,1,-447.6,-204.7,2305.1,1,0.6143823266,-0.7753744125,-0.1460445523,0.5092823505,0.5310890675,-0.6771823764,0.6026325822,0.3416709602,0.7211761475,1,-252.7,-92.9,2011.9,1,1.0000000000,-0.0000000000,0.0000000000,0.0000000000,1.0000000000,-0.0000000000,-0.0000000000,0.0000000000,1.0000000000,0,-293.5,-197.6,2379.3,1,1.0000000000,-0.0000000000,0.0000000000,0.0000000000,1.0000000000,-0.0000000000,-0.0000000000,0.0000000000,1.0000000000,0,-293.5,-568.4,2379.3,0,-350.8,-227.0,2036.8,1,-125.4,-98.5,2140.0,1,23.3,-281.9,1890.2,1,-293.5,-924.9,2379.3,0,
17,0.9021348953,0.0575241335,-0.4276016057,0.0432389788,0.9740290046,0.2222573161,0.4292817712,-0.2189956307,0.8762187958,1,-346.9,356.3,2238.5,1,0.9021348953,0.0575241335,-0.4276016057,0.0432389788,0.9740290046,0.2222573161,0.4292817712,-0.2189956307,0.8762187958,1,-358.2,164.1,2281.7,1,0.9019845724,0.0328434296,-0.4305166602,0.0399785489,0.9864664674,0.1590159535,0.4299131036,-0.1606418639,0.8884650469,1,-364.3,-18.7,2311.5,1,0.0166983716,0.3738792539,-0.9273271561,0.8393301964,0.4987765849,0.2162102461,0.5433654785,-0.7819440365,-0.3054793477,1,-476.3,158.9,2225.5,1,-0.5291032195,0.3738792241,-0.7617507577,0.8071414232,0.4987765551,-0.3158237934,0.2618634105,-0.7819439173,-0.5656777024,1,-480.1,-34.8,2100.1,1,0.7181626558,0.6412182450,0.2703362405,-0.6922630072,0.6187876463,0.3713136613,0.0708123296,-0.4538073838,0.8882818222,1,-240.2,169.4,2338.0,1,-0.1135220230,0.6412182450,0.7589150071,-0.5083869696,0.6187876463,-0.5988694429,-0.8536131978,-0.4538073838,0.2557409406,1,-91.0,25.5,2352.7,1,0.6198180318,-0.5344244838,0.5746444464,0.4944483638,-0.3026733696,-0.8148065805,0.6093821526,0.7891637087,0.0766429007,1,-447.4,-205.0,2304.6,1,0.6198179722,-0.7698028684,-0.1524112374,0.4944483638,0.5339117646,-0.6859001517,0.6093820930,0.3497737348,0.7115559578,1,-249.6,-93.0,2012.5,1,1.0000000000,-0.0000000000,0.0000000000,0.0000000000,1.0000000000,-0.0000000000,-0.0000000000,0.0000000000,1.0000000000,0,-293.4,-198.2,2378.0,1,1.0000000000,-0.0000000000,0.0000000000,0.0000000000,1.0000000000,-0.0000000000,-0.0000000000,0.0000000000,1.0000000000,0,-293.4,-569.0,2378.0,0,-351.9,-230.4,2036.6,1,-119.8,-103.3,2136.4,1,24.6,-283.2,1887.9,1,-293.4,-925.5,2378.0,0,
18,0.9010180235,0.0538324118,-0.4304278195,0.0442170054,0.9757034183,0.2145883441,0.4315219522,-0.2123807073,0.8767465353,1,-348.2,354.6,2238.9,1,0.9010180235,0.0538324118,-0.4304278195,0.0442170054,0.9757034183,0.2145883441,0.4315219522,-0.2123807073,0.8767465353,1,-358.8,161.4,2281.0,1,0.9008311629,0.0305435434,-0.4330933988,0.0398681089,0.9874888659,0.1525672525,0.4323351085,-0.1547044516,0.8883434534,1,-364.5,-21.6,2309.6,1,0.0115186479,0.3740343750,-0.9273434281,0.8400530219,0.4994212687,0.2118708342,0.5423818827,-0.7814580798,-0.3084560931,1,-476.7,156.2,2224.4,1,-0.5303595662,0.3740343153,-0.7608003020,0.8064252734,0.4994212091,-0.3166333139,0.2615280449,-0.7814581394,-0.5665035844,1,-479.3,-35.1,2100.8,1,0.7231208086,0.6228223443,0.2986446917,-0.6898111701,0.6289852858,0.3585221171,0.0354524851,-0.4652632475,0.8844621181,1,-241.0,166.6,2337.5,1,-0.1273588091,0.6228223443,0.7719275951,-0.5052459240,0.6289853454,-0.5908502936,-0.8535257578,-0.4652632773,0.2345716357,1,-87.3,20.1,2345.1,1,0.6153702140,-0.5104555488,0.6006286740,0.5058311224,-0.3286647499,-0.7975679040,0.6045284271,0.7946160436,0.0559538528,1,-446.7,-208.1,2301.6,1,0.6153700948,-0.7704017162,-0.1667357683,0.5058311224,0.5481912494,-0.6660490036,0.6045283675,0.3255265057,0.7270336747,1,-257.8,-86.4,2007.4,1,1.0000000000,-0.0000000000,0.0000000000,0.0000000000,1.0000000000,-0.0000000000,-0.0000000000,0.0000000000,1.0000000000,0,-293.6,-201.3,2375.1,1,1.0000000000,-0.0000000000,0.0000000000,0.0000000000,1.0000000000,-0.0000000000,-0.0000000000,0.0000000000,1.0000000000,0,-293.6,-572.1,2375.1,0,-350.8,-230.6,2037.5,1,-119.6,-108.0,2128.7,1,16.7,-281.7,1891.4,1,-293.6,-928.6,2375.1,0,
19,0.8964588046,0.0475219004,-0.4405709803,0.0431901217,0.9801291227,0.1936027557,0.4410170913,-0.1925857067,0.8765933514,1,-347.6,357.1,2245.1,1,0.8964588046,0.0475219004,-0.4405709803,0.0431901217,0.9801291227,0.1936027557,0.4410170913,-0.1925857067,0.8765933514,1,-357.1,162.1,2283.4,1,0.8965128064,0.0182064734,-0.4426430464,0.0448082276,0.9903051257,0.1314854920,0.4407458305,-0.1377129704,0.8870058656,1,-360.4,-21.5,2308.9,1,0.0317500792,0.3352796733,-0.9415835142,0.8399837017,0.5016025305,0.2069351375,0.5416817665,-0.7974850535,-0.2657035887,1,-474.4,156.2,2225.8,1,-0.5498439074,0.3352796733,-0.7650223374,0.7915446162,0.5016025305,-0.3490731418,0.2667000592,-0.7974850535,-0.5411918759,1,-481.6,-35.7,2102.0,1,0.7119930983,0.6163623929,0.3363973200,-0.7021730542,0.6279125810,0.3356765807,-0.0043296926,-0.4752085507,0.8798625469,1,-239.8,168.0,2341.1,1,-0.1781858951,0.6163624525,0.7670379281,-0.4766044021,0.6279125810,-0.6152837276,-0.8608704805,-0.4752085209,0.1818758845,1,-84.8,15.1,2340.1,1,0.6055983305,-0.5175105333,0.6045110822,0.5187856555,-0.3192780912,-0.7930467129,0.6034171581,0.7938792706,0.0751227662,1,-442.4,-208.9,2295.9,1,0.6055983305,-0.7806997299,-0.1541385949,0.5187856555,0.5342066288,-0.6674464941,0.6034171581,0.3242395520,0.7285304070,1,-250.7,-90.6,2001.8,1,1.0000000000,-0.0000000000,0.0000000000,0.0000000000,1.0000000000,-0.0000000000,-0.0000000000,0.0000000000,1.0000000000,0,-285.3,-201.1,2373.1,1,1.0000000000,-0.0000000000,0.0000000000,0.0000000000,1.0000000000,-0.0000000000,-0.0000000000,0.0000000000,1.0000000000,0,-285.3,-571.8,2373.1,0,-348.4,-227.5,2037.4,1,-129.9,-105.5,2122.3,1,27.5,-281.0,1886.2,1,-285.3,-928.3,2373.1,0,
20,0.8942829370,0.0456834547,-0.4451636672,0.0537644476,0.9766018391,0.2082271874,0.4442604780,-0.2101485133,0.8709027171,1,-348.9,356.0,2241.2,1,0.8942829370,0.0456834547,-0.4451636672,0.0537644476,0.9766018391,0.2082271874,0.4442604780,-0.2101485133,0.8709027171,1,-358.0,162.1,2282.9,1,0.8942583203,0.0200165771,-0.4471028745,0.0530294031,0.9872231483,0.1502625942,0.4443982840,-0.1580836922,0.8817714453,1,-361.7,-20.9,2312.2,1,0.0217005350,0.3458751440,-0.9380296469,0.8394182920,0.5033360720,0.2050119191,0.5430526137,-0.7918481231,-0.2794112265,1,-475.0,155.1,2224.8,1,-0.5402275920,0.3458751440,-0.7671535015,0.7968441248,0.5033360124,-0.3342039585,0.2705431581,-0.7918479443,-0.5475245714,1,-479.9,-35.7,2101.3,1,0.7239448428,0.6115432978,0.3192470968,-0.6894898415,0.6263033152,0.3637965918,0.0225318279,-0.4834862947,0.8750618696,1,-241.0,169.0,2341.1,1,-0.1973134875,0.6115432978,0.7662129402,-0.4710432589,0.6263033748,-0.6211782098,-0.8597590923,-0.4834862947,0.1644852161,1,-82.5,18.1,2346.0,1,0.6075128317,-0.5058014989,0.6124483943,0.5198389292,-0.3298115134,-0.7880303860,0.6005795002,0.7971130610,0.0625705719,1,-442.7,-208.4,2303.1,1,0.6075128913,-0.7723646760,-0.1854214072,0.5198389292,0.5631065965,-0.6424006224,0.6005795598,0.2938773632,0.7435996532,1,-255.3,-86.2,2007.7,1,1.0000000000,-0.0000000000,0.0000000000,0.0000000000,1.0000000000,-0.0000000000,-0.0000000000,0.0000000000,1.0000000000,0,-288.0,-199.2,2380.0,1,1.0000000000,-0.0000000000,0.0000000000,0.0000000000,1.0000000000,-0.0000000000,-0.0000000000,0.0000000000,1.0000000000,0,-288.0,-570.0,2380.0,0,-349.0,-228.8,2035.8,1,-132.5,-101.2,2128.2,1,19.7,-286.7,1903.1,1,-288.0,-926.5,2380.0,0,
21,0.8888798952,0.0438979678,-0.4560317993,0.0606651120,0.9753558636,0.2121345848,0.4541058540,-0.2162279189,0.8643115759,1,-347.0,355.9,2239.8,1,0.8888798952,0.0438979678,-0.4560317993,0.0606651120,0.9753558636,0.2121345848,0.4541058540,-0.2162279189,0.8643115759,1,-355.7,161.9,2282.8,1,0.8889715672,0.0114590647,-0.4578185380,0.0639129058,0.9867995977,0.1488025635,0.4534805715,-0.1615422964,0.8765047789,1,-357.8,-21.0,2312.7,1,0.0266962331,0.3642971814,-0.9309000969,0.8372445107,0.5006502867,0.2199341804,0.5461767316,-0.7852624059,-0.2916403115,1,-472.0,153.5,2223.5,1,-0.5338960290,0.3642971516,-0.7630482912,0.8031567931,0.5006502867,-0.3229373693,0.2643751204,-0.7852624059,-0.5598829389,1,-478.1,-36.7,2099.4,1,0.7245771289,0.6145899892,0.3118770421,-0.6884675026,0.6246922612,0.3684728146,0.0316325277,-0.4817041755,0.8757628202,1,-239.4,170.2,2342.1,1,-0.1940736324,0.6145900488,0.7646009922,-0.4721367061,0.6246922016,-0.6219699979,-0.8598967195,-0.4817041755,0.1689342111,1,-83.0,21.6,2348.9,1,0.6149705052,-0.4324001968,0.6594251990,0.5126573443,-0.4161702991,-0.7509893179,0.5991611481,0.7998952270,-0.0342593081,1,-438.4,-209.6,2302.7,1,0.6149704456,-0.7579367757,-0.2175850719,0.5126573443,0.5939461589,-0.6200084686,0.5991610289,0.2697402537,0.7538211346,1,-279.1,-56.3,2008.1,1,1.0000000000,-0.0000000000,0.0000000000,0.0000000000,1.0000000000,-0.0000000000,-0.0000000000,0.0000000000,1.0000000000,0,-281.5,-198.3,2382.7,1,1.0000000000,-0.0000000000,0.0000000000,0.0000000000,1.0000000000,-0.0000000000,-0.0000000000,0.0000000000,1.0000000000,0,-281.5,-569.1,2382.7,0,-348.7,-231.4,2035.3,1,-132.2,-98.0,2131.0,1,-9.3,-267.7,1912.1,1,-281.5,-925.6,2382.7,0,
22,0.8939450383,0.0470249765,-0.4457021952,0.0581826866,0.9738876224,0.2194495499,0.4443838000,-0.2221085429,0.8678663969,1,-345.5,358.0,2239.0,1,0.8939450383,0.0470249765,-0.4457021952,0.0581826866,0.9738876224,0.2194495499,0.4443838000,-0.2221085429,0.8678663969,1,-354.9,164.1,2283.2,1,0.8941597342,0.0109144486,-0.4476146400,0.0654421896,0.9857817292,0.1547649354,0.4429398179,-0.1676779985,0.8807324171,1,-356.9,-18.6,2314.3,1,0.0620076172,0.2020486593,-0.9774106145,0.8362973928,0.5239897966,0.1613735706,0.5447584391,-0.8274123073,-0.1364814043,1,-471.8,155.6,2225.3,1,-0.6139584184,0.2020486593,-0.7630409598,0.7259874940,0.5239897966,-0.4453952312,0.3098341227,-0.8274123669,-0.4683927596,1,-485.7,-31.7,2103.3,1,0.7163682580,0.6246223450,0.3109076023,-0.6968784928,0.6186286211,0.3628485501,0.0343069546,-0.4765979946,0.8784517050,1,-237.9,172.7,2341.2,1,-0.1847957522,0.6246222854,0.7587473392,-0.4758745134,0.6186286211,-0.6251736283,-0.8598801494,-0.4765979648,0.1829219311,1,-84.8,23.8,2348.5,1,0.5980795622,-0.4743647277,0.6459714770,0.5545294285,-0.3369854093,-0.7608798742,0.5786175728,0.8132767081,0.0615051612,1,-436.5,-207.0,2307.0,1,0.5980794430,-0.7884180546,-0.1438681781,0.5545294881,0.5367040038,-0.6359606385,0.5786174536,0.3005758226,0.7581926584,1,-261.9,-83.0,2007.7,1,1.0000000000,-0.0000000000,0.0000000000,0.0000000000,1.0000000000,-0.0000000000,-0.0000000000,0.0000000000,1.0000000000,0,-281.4,-195.6,2383.8,1,1.0000000000,-0.0000000000,0.0000000000,0.0000000000,1.0000000000,-0.0000000000,-0.0000000000,0.0000000000,1.0000000000,0,-281.4,-566.4,2383.8,0,-338.0,-206.5,2028.7,1,-131.6,-96.9,2130.5,1,18.3,-273.7,1900.9,1,-281.4,-922.9,2383.8,0,
23,0.8937932253,0.0399936922,-0.4466919601,0.0455166623,0.9827837348,0.1790666133,0.4461634457,-0.1803809851,0.8765854836,1,-347.4,360.1,2251.2,1,0.8937932253,0.0399936922,-0.4466919601,0.0455166623,0.9827837348,0.1790666133,0.4461634457,-0.1803809851,0.8765854836,1,-355.3,165.7,2286.8,1,0.8939992785,0.0030184258,-0.4480578005,0.0549729913,0.9916840196,0.1163670421,0.4446833134,-0.1286636442,0.8863992095,1,-355.9,-18.0,2310.7,1,0.0397445820,0.2598532736,-0.9648299217,0.8309326172,0.5276859403,0.1763481498,0.5549517870,-0.8087175488,-0.1949478835,1,-472.3,158.5,2228.7,1,-0.5882020593,0.2598532438,-0.7658295035,0.7506833076,0.5276859403,-0.3975201249,0.3008204997,-0.8087176085,-0.5054534078,1,-481.5,-33.1,2100.6,1,0.7132721543,0.6203171611,0.3262659609,-0.7008600235,0.6271594763,0.3398031592,0.0061649350,-0.4710388780,0.8820909262,1,-238.4,172.9,2345.0,1,-0.1667554528,0.6203171611,0.7664198875,-0.4813657105,0.6271595955,-0.6123382449,-0.8605113029,-0.4710389972,0.1940171570,1,-84.1,21.4,2346.4,1,0.6155787706,-0.4666339457,0.6350714564,0.5307801366,-0.3501714170,-0.7717853785,0.5825251341,0.8121777773,0.0321219303,1,-431.9,-206.3,2297.0,1,0.6155787110,-0.7710685730,-0.1628375947,0.5307800174,0.5583871007,-0.6375550628,0.5825250745,0.3060343564,0.7529990673,1,-259.5,-76.9,1997.0,1,1.0000000000,-0.0000000000,0.0000000000,0.0000000000,1.0000000000,-0.0000000000,-0.0000000000,0.0000000000,1.0000000000,0,-281.0,-197.0,2372.0,1,1.0000000000,-0.0000000000,0.0000000000,0.0000000000,1.0000000000,-0.0000000000,-0.0000000000,0.0000000000,1.0000000000,0,-281.0,-567.8,2372.0,0,-339.5,-214.3,2028.0,1,-126.4,-100.7,2128.2,1,14.8,-275.6,1888.1,1,-281.0,-924.3,2372.0,0,
