1,0.9881187081,-0.0521315858,-0.1446134597,0.0470701680,0.9981598258,-0.0382021070,0.1463394314,0.0309413671,0.9887483120,1,-212.7,372.6,2651.2,1,0.9881187081,-0.0521315858,-0.1446134597,0.0470701680,0.9981598258,-0.0382021070,0.1463394314,0.0309413671,0.9887483120,1,-202.0,168.9,2644.8,1,0.9877074361,-0.0861235559,-0.1304843724,0.0529241264,0.9695037007,-0.2392892241,0.1471139491,0.2294414043,0.9621382952,1,-185.5,-16.7,2600.9,1,0.5586086512,-0.3512150049,-0.7514017224,0.7880549431,0.5072961450,0.3487407267,0.2587001324,-0.7869554758,0.5601567626,1,-336.8,161.7,2624.8,1,-0.8537937999,-0.3512150347,-0.3842970431,0.1714532226,0.5072961450,-0.8445439935,0.4915688634,-0.7869553566,-0.3729093373,1,-462.8,-16.1,2566.4,1,-0.0000033379,1.0000003576,-0.0000000000,-1.0000003576,-0.0000033379,-0.0000000000,-0.0000000000,0.0000000000,1.0000000000,0,-67.3,176.1,2664.9,1,0.0000170469,0.9999990463,-0.0000000000,-0.9999990463,0.0000170469,-0.0000000000,-0.0000000000,0.0000000000,1.0000000000,0,-67.3,-75.9,2664.9,0,0.9151660800,-0.3813115060,0.1306622624,0.2459759116,0.2715138793,-0.9304708838,0.3193226159,0.8836751580,0.3422737122,1,-256.3,-206.9,2544.0,1,0.9151660204,-0.2837890983,-0.2862425745,0.2459759116,0.9557833076,-0.1611644626,0.3193226159,0.0770834610,0.9445058703,1,-120.3,-303.7,2228.9,1,0.9448678493,0.0465368517,-0.3241281509,-0.3248603344,0.0089324936,-0.9457198381,-0.0411155522,0.9988766313,0.0235580038,1,-81.8,-197.6,2570.0,1,0.9448678493,0.3157372475,-0.0868025869,-0.3248603046,0.8705701828,-0.3695582151,-0.0411155522,0.3773823678,0.9251443744,1,-99.0,-200.9,2201.4,1,-247.8,-59.3,2442.6,1,-67.3,-328.0,2664.9,0,-31.3,-603.7,2204.7,1,-210.4,-508.3,2068.1,1,
2,0.9905710816,-0.0517674722,-0.1268806458,0.0398418829,0.9946989417,-0.0947876871,0.1311155111,0.0888387710,0.9873763919,1,-212.5,373.1,2662.5,1,0.9905710816,-0.0517674722,-0.1268806458,0.0398418829,0.9946989417,-0.0947876871,0.1311155111,0.0888387710,0.9873763919,1,-202.2,174.7,2644.7,1,0.9904075265,-0.0682622343,-0.1201777756,0.0425286219,0.9778487086,-0.2049415410,0.1315059513,0.1978642642,0.9713659286,1,-189.1,-13.1,2606.8,1,0.5282671452,-0.3664010167,-0.7659531236,0.8072074056,0.4965092242,0.3192097545,0.2633439898,-0.7869110703,0.5580511093,1,-337.2,168.9,2626.8,1,-0.8534249067,-0.3664010167,-0.3706970513,0.1576081067,0.4965092242,-0.8536030650,0.4968155622,-0.7869110107,-0.3659855127,1,-460.4,-19.4,2565.4,1,-0.0000033379,1.0000003576,-0.0000000000,-1.0000003576,-0.0000033379,-0.0000000000,-0.0000000000,0.0000000000,1.0000000000,0,-67.2,180.5,2662.7,1,0.0000170469,0.9999990463,-0.0000000000,-0.9999990463,0.0000170469,-0.0000000000,-0.0000000000,0.0000000000,1.0000000000,0,-67.2,-71.6,2662.7,0,0.9160865545,-0.3984763026,0.0447453447,0.2465352714,0.4717140794,-0.8465850949,0.3162370920,0.7865763903,0.5303694010,1,-260.9,-204.4,2557.5,1,0.9160864353,-0.2849223018,-0.2821432054,0.2465352565,0.9551430345,-0.1640795767,0.3162370324,0.0807528347,0.9452370405,1,-110.4,-382.7,2260.2,1,0.9720759988,0.0084604025,-0.2345140129,-0.2282624990,-0.1977844238,-0.9532982707,-0.0544485077,0.9802090526,-0.1903302819,1,-91.0,-197.1,2580.1,1,0.9720759988,0.2344195545,-0.0107643614,-0.2282624841,0.9339092970,-0.2751538754,-0.0544485115,0.2699275315,0.9613400102,1,-94.2,-121.4,2204.6,1,-245.4,-59.1,2440.3,1,-67.2,-323.6,2662.7,0,-43.8,-605.9,2241.4,1,-178.2,-455.8,2108.0,1,
3,0.9921341538,-0.0521636605,-0.1138338223,0.0416670367,0.9948194027,-0.0927145183,0.1180810407,0.0872422531,0.9891619086,1,-211.4,372.2,2659.1,1,0.9921341538,-0.0521636605,-0.1138338223,0.0416670367,0.9948194027,-0.0927145183,0.1180810407,0.0872422531,0.9891619086,1,-201.1,174.9,2641.8,1,0.9920004010,-0.0624818504,-0.1097300649,0.0439783297,0.9855445027,-0.1636021733,0.1183666065,0.1574675441,0.9804025292,1,-189.1,-14.6,2611.5,1,0.4905178249,-0.3235028982,-0.8091588616,0.8106119633,0.5101924539,0.2874229252,0.3198446333,-0.7968999147,0.5124937892,1,-336.3,168.9,2625.7,1,-0.8784772158,-0.3235028982,-0.3516015410,0.1510027349,0.5101924539,-0.8467005491,0.4532945454,-0.7968999147,-0.3993426263,1,-452.7,-23.4,2549.8,1,-0.0000033379,1.0000003576,-0.0000000000,-1.0000003576,-0.0000033379,-0.0000000000,-0.0000000000,0.0000000000,1.0000000000,0,-65.9,180.9,2657.9,1,0.0000170469,0.9999990463,-0.0000000000,-0.9999990463,0.0000170469,-0.0000000000,-0.0000000000,0.0000000000,1.0000000000,0,-65.9,-71.2,2657.9,0,0.9442992210,-0.3290784955,0.0025213584,0.2282217741,0.6493299007,-0.7254553437,0.2370945513,0.6856222749,0.6882646084,0,-261.8,-207.8,2571.1,1,0.9318286180,-0.2561808527,-0.2570346296,0.2249951959,0.9635581970,-0.1446816921,0.2847324908,0.0769869909,0.9555105567,0,-135.0,-458.1,2306.8,0,0.9619916677,0.0496117584,-0.2685349882,-0.2676208317,-0.0243558045,-0.9632165432,-0.0543272495,0.9984716177,-0.0101529378,1,-92.3,-200.3,2591.4,1,0.9619916081,0.2709652781,-0.0339141525,-0.2676208615,0.9107566476,-0.3144859970,-0.0543272458,0.3116089702,0.9486562014,1,-111.1,-191.1,2213.8,1,-231.6,-61.4,2435.7,1,-65.9,-323.2,2657.9,0,-40.0,-815.3,2278.3,0,-197.1,-480.4,2114.8,1,
4,0.9912544489,-0.0529680066,-0.1209077165,0.0417337492,0.9947313070,-0.0936262161,0.1252304465,0.0877616182,0.9882364273,1,-210.7,372.1,2657.9,1,0.9912544489,-0.0529680066,-0.1209077165,0.0417337492,0.9947313070,-0.0936262161,0.1252304465,0.0877616182,0.9882364273,1,-200.2,175.1,2640.5,1,0.9913320541,-0.0572722293,-0.1182801723,0.0403360315,0.9891988635,-0.1409127116,0.1250735372,0.1349203289,0.9829288125,1,-189.2,-15.3,2614.5,1,0.4963966310,-0.3241201341,-0.8053176403,0.8129633665,0.4989003539,0.3003146052,0.3044352233,-0.8037688732,0.5111503005,1,-335.3,169.6,2623.5,1,-0.8805812001,-0.3241201937,-0.3457208276,0.1513906270,0.4989003837,-0.8533343077,0.4490630627,-0.8037690520,-0.3902535439,1,-452.6,-22.5,2551.5,1,-0.0000033379,1.0000003576,-0.0000000000,-1.0000003576,-0.0000033379,-0.0000000000,-0.0000000000,0.0000000000,1.0000000000,0,-65.1,180.6,2657.5,1,0.0000170469,0.9999990463,-0.0000000000,-0.9999990463,0.0000170469,-0.0000000000,-0.0000000000,0.0000000000,1.0000000000,0,-65.1,-71.5,2657.5,0,0.9185055494,-0.3701123893,0.1391566694,0.3188985586,0.4853159785,-0.8141082525,0.2337765992,0.7921397090,0.5637936592,1,-264.6,-209.2,2577.7,1,0.9185054302,-0.3456657827,-0.1919971108,0.3188984990,0.9346690774,-0.1571541131,0.2337765545,0.0831193179,0.9687309861,1,-117.1,-402.5,2262.0,1,0.9638811946,0.0458092839,-0.2623637319,-0.2551679611,-0.1233968660,-0.9589904547,-0.0763055235,0.9912995100,-0.1072508618,1,-91.7,-202.1,2599.5,1,0.9638811350,0.2662616372,-0.0061600739,-0.2551679611,0.9166005254,-0.3077869117,-0.0763055235,0.2982418239,0.9514354467,1,-109.3,-154.9,2220.1,1,-230.8,-60.7,2438.4,1,-65.1,-323.5,2657.5,0,-40.0,-611.1,2243.5,1,-208.8,-497.6,2108.6,1,
5,0.9909205437,-0.0475251749,-0.1258072704,0.0345582291,0.9940470457,-0.1033149213,0.1299689412,0.0980293453,0.9866580963,1,-211.3,369.4,2659.3,1,0.9909205437,-0.0475251749,-0.1258072704,0.0345582291,0.9940470457,-0.1033149213,0.1299689412,0.0980293453,0.9866580963,1,-201.9,172.9,2639.9,1,0.9910144806,-0.0505263247,-0.1238830835,0.0326580368,0.9892926812,-0.1422364563,0.1297438294,0.1369126141,0.9820475578,1,-192.2,-17.6,2613.5,1,0.5093066096,-0.3347935677,-0.7927925587,0.8146268725,0.4845767021,0.3186982572,0.2774707079,-0.8081452250,0.5195298791,1,-336.9,168.4,2622.2,1,-0.8761883378,-0.3347936273,-0.3467093110,0.1554709077,0.4845767021,-0.8608219028,0.4562048912,-0.8081453443,-0.3725297749,1,-454.9,-20.2,2558.0,1,-0.0000033379,1.0000003576,-0.0000000000,-1.0000003576,-0.0000033379,-0.0000000000,-0.0000000000,0.0000000000,1.0000000000,0,-66.9,177.3,2657.6,1,0.0000170469,0.9999990463,-0.0000000000,-0.9999990463,0.0000170469,-0.0000000000,-0.0000000000,0.0000000000,1.0000000000,0,-66.9,-74.7,2657.6,0,0.9178276062,-0.3753476143,0.1292544007,0.2906635404,0.4136402011,-0.8627957702,0.2703835368,0.8294672966,0.4887502491,1,-269.7,-211.0,2575.7,1,0.9178276062,-0.3212240934,-0.2332544327,0.2906635404,0.9439787269,-0.1562657952,0.2703835666,0.0756265000,0.9597777724,1,-123.1,-372.6,2251.7,1,0.9646248817,0.0395228192,-0.2606466711,-0.2492810637,-0.1849487722,-0.9506065845,-0.0857769325,0.9819530845,-0.1685539037,1,-95.2,-205.2,2598.6,1,0.9646249413,0.2636054456,0.0033010617,-0.2492810488,0.9161381721,-0.3139263690,-0.0857769251,0.3019983172,0.9494416118,1,-110.4,-134.1,2221.1,1,-234.1,-59.4,2443.0,1,-66.9,-326.8,2657.6,0,-41.7,-611.7,2232.6,1,-216.6,-503.4,2099.4,1,
6,0.9905513525,-0.0464551896,-0.1290717572,0.0339763761,0.9946784973,-0.0972529128,0.1329033226,0.0919488072,0.9868525863,1,-211.2,369.3,2657.5,1,0.9905513525,-0.0464551896,-0.1290717572,0.0339763761,0.9946784973,-0.0972529128,0.1329033226,0.0919488072,0.9868525863,1,-202.1,173.0,2639.3,1,0.9906508923,-0.0484086238,-0.1275816560,0.0318934061,0.9912022948,-0.1284468621,0.1326776743,0.1231770664,0.9834734201,1,-192.7,-17.9,2615.6,1,0.4987801015,-0.3240955472,-0.8038536310,0.8174350262,0.4842187166,0.3119812012,0.2881291807,-0.8127081394,0.5064457059,1,-337.0,168.7,2621.3,1,-0.8853136301,-0.3240955770,-0.3334395885,0.1475526541,0.4842187166,-0.8624154925,0.4409627318,-0.8127080798,-0.3808642030,1,-453.6,-22.5,2553.9,1,-0.0000033379,1.0000003576,-0.0000000000,-1.0000003576,-0.0000033379,-0.0000000000,-0.0000000000,0.0000000000,1.0000000000,0,-67.1,177.4,2657.4,1,0.0000170469,0.9999990463,-0.0000000000,-0.9999990463,0.0000170469,-0.0000000000,-0.0000000000,0.0000000000,1.0000000000,0,-67.1,-74.7,2657.4,0,0.9127907157,-0.3942362666,0.1067282557,0.2690056562,0.3836792111,-0.8834173679,0.3073257506,0.8350856900,0.4562705755,1,-271.1,-211.6,2580.1,1,0.9127908945,-0.3039374650,-0.2728281319,0.2690056562,0.9500312209,-0.1583567709,0.3073257804,0.0711542964,0.9489405155,1,-118.2,-360.4,2256.3,1,0.9651634693,0.0297091808,-0.2599551082,-0.2471040040,-0.2231255472,-0.9429498911,-0.0860168934,0.9743368626,-0.2080113888,1,-95.7,-206.0,2603.6,1,0.9651635885,0.2616436481,0.0013753100,-0.2471039891,0.9132318497,-0.3239555657,-0.0860168934,0.3123302460,0.9460712671,1,-107.0,-121.2,2233.5,1,-230.6,-59.7,2442.8,1,-67.1,-326.8,2657.4,0,-38.7,-609.0,2237.7,1,-216.6,-503.9,2102.7,1,
7,0.9897328615,-0.0408221968,-0.1370116323,0.0387374908,0.9990890026,-0.0178467184,0.1376158595,0.0123566575,0.9904065728,1,-211.1,367.0,2637.1,1,0.9897328615,-0.0408221968,-0.1370116323,0.0387374908,0.9990890026,-0.0178467184,0.1376158595,0.0123566575,0.9904065728,1,-203.0,168.9,2634.6,1,0.9898251295,-0.0444092825,-0.1352175623,0.0365758166,0.9975345135,-0.0598745197,0.1375436485,0.0543201119,0.9890030622,1,-194.5,-23.0,2624.2,1,0.5006382465,-0.3008670807,-0.8116897941,0.8136621118,0.4836197495,0.3225925565,0.2954917550,-0.8219434023,0.4869226515,1,-337.9,163.9,2615.9,1,-0.8943761587,-0.3008671403,-0.3310142756,0.1560658067,0.4836197495,-0.8612522483,0.4192075133,-0.8219434619,-0.3855828345,1,-451.4,-20.6,2548.8,1,-0.0000033379,1.0000003576,-0.0000000000,-1.0000003576,-0.0000033379,-0.0000000000,-0.0000000000,0.0000000000,1.0000000000,0,-68.2,173.9,2653.3,1,0.0000170469,0.9999990463,-0.0000000000,-0.9999990463,0.0000170469,-0.0000000000,-0.0000000000,0.0000000000,1.0000000000,0,-68.2,-78.1,2653.3,0,0.9131344557,-0.3886098862,0.1231578141,0.2641690969,0.3339804709,-0.9048048258,0.3104838133,0.8587429523,0.4076277912,1,-273.8,-218.2,2601.5,1,0.9131344557,-0.2953682542,-0.2809680700,0.2641690671,0.9536652565,-0.1440042555,0.3104837835,0.0572721735,0.9488518238,1,-123.8,-347.1,2270.0,1,0.9667854905,0.0335837044,-0.2533738017,-0.2394294590,-0.2279049903,-0.9437865019,-0.0894410014,0.9731041193,-0.2122942507,1,-98.1,-211.7,2625.9,1,0.9667853713,0.2554434538,0.0086475536,-0.2394294292,0.9169789553,-0.3190974593,-0.0894409791,0.3064282537,0.9476824999,1,-111.1,-123.4,2249.0,1,-226.1,-60.0,2443.2,1,-68.2,-330.2,2653.3,0,-41.3,-613.2,2254.0,1,-219.4,-512.2,2119.1,1,
8,0.9901464581,-0.0382819362,-0.1347373724,0.0362676010,0.9991900921,-0.0173718445,0.1352937818,0.0123147368,0.9907269478,1,-210.5,367.2,2636.9,1,0.9901464581,-0.0382819362,-0.1347373724,0.0362676010,0.9991900921,-0.0173718445,0.1352937818,0.0123147368,0.9907269478,1,-202.9,169.2,2634.4,1,0.9901608825,-0.0434224047,-0.1330622137,0.0359145664,0.9976510406,-0.0583123118,0.1352822185,0.0529602095,0.9893886447,1,-194.6,-22.9,2624.2,1,0.5101343393,-0.3316907883,-0.7935642600,0.8186767697,0.4701222181,0.3297778964,0.2636879086,-0.8179036379,0.5113730431,1,-337.8,164.3,2616.0,1,-0.8809286356,-0.3316907883,-0.3375589252,0.1558716893,0.4701222479,-0.8687284589,0.4468431771,-0.8179036379,-0.3624429107,1,-453.4,-21.2,2556.2,1,-0.0000033379,1.0000003576,-0.0000000000,-1.0000003576,-0.0000033379,-0.0000000000,-0.0000000000,0.0000000000,1.0000000000,0,-68.0,174.1,2652.9,1,0.0000170469,0.9999990463,-0.0000000000,-0.9999990463,0.0000170469,-0.0000000000,-0.0000000000,0.0000000000,1.0000000000,0,-68.1,-78.0,2652.9,0,0.9142889977,-0.3728722334,0.1582469642,0.2444699407,0.1964566857,-0.9495468736,0.3229709864,0.9068468213,0.2707742155,1,-274.2,-218.2,2602.0,1,0.9142889977,-0.2772074938,-0.2953503132,0.2444699556,0.9590075612,-0.1433143318,0.3229709864,0.0588264316,0.9445789456,1,-130.2,-294.0,2251.9,1,0.9598464966,-0.0001089952,-0.2805255651,-0.2732138634,-0.2271874249,-0.9347406626,-0.0636299998,0.9738509655,-0.2180948555,1,-98.2,-211.8,2626.1,1,0.9598464966,0.2776217461,-0.0402586311,-0.2732138634,0.8926001191,-0.3586349487,-0.0636299998,0.3552336693,0.9326094389,1,-98.2,-124.1,2250.0,1,-231.5,-60.5,2443.7,1,-68.0,-330.1,2652.9,0,-40.2,-605.5,2232.8,1,-218.1,-509.6,2096.5,1,
9,0.9912903309,-0.0387747884,-0.1258953661,0.0327472165,0.9982311726,-0.0495981835,0.1275963932,0.0450439975,0.9908007979,1,-210.2,367.6,2646.3,1,0.9912903309,-0.0387747884,-0.1258953661,0.0327472165,0.9982311726,-0.0495981835,0.1275963932,0.0450439975,0.9908007979,1,-202.5,170.5,2637.4,1,0.9913957715,-0.0389690064,-0.1250015944,0.0300400872,0.9969122410,-0.0725352094,0.1274427772,0.0681564733,0.9894993901,1,-195.0,-21.5,2624.2,1,0.5005407929,-0.3227069974,-0.8033175468,0.8163925409,0.4846843481,0.3139813542,0.2880314589,-0.8129829168,0.5060598850,1,-337.5,166.4,2620.0,1,-0.8844323754,-0.3227069974,-0.3371045589,0.1515027285,0.4846843481,-0.8614686131,0.4413911700,-0.8129829764,-0.3797796071,1,-453.5,-22.8,2553.3,1,-0.0000033379,1.0000003576,-0.0000000000,-1.0000003576,-0.0000033379,-0.0000000000,-0.0000000000,0.0000000000,1.0000000000,0,-67.5,174.6,2654.7,1,0.0000170469,0.9999990463,-0.0000000000,-0.9999990463,0.0000170469,-0.0000000000,-0.0000000000,0.0000000000,1.0000000000,0,-67.5,-77.5,2654.7,0,0.9137732387,-0.3803239167,0.1427318156,0.2355400622,0.2097797692,-0.9489538670,0.3309676051,0.9007475972,0.2812726498,1,-275.6,-216.2,2599.8,1,0.9137731194,-0.2733277380,-0.3005171716,0.2355399877,0.9592238069,-0.1562385410,0.3309675455,0.0719827712,0.9408926368,1,-128.9,-297.1,2252.3,1,0.9579388499,0.0209859870,-0.2862045169,-0.2808687985,-0.1360432059,-0.9500553608,-0.0588740259,0.9904806018,-0.1244267449,1,-99.4,-210.8,2622.4,1,0.9579388499,0.2817658484,-0.0544192605,-0.2808688581,0.8816469312,-0.3792248666,-0.0588740408,0.3785588145,0.9237030149,1,-107.4,-158.6,2242.0,1,-230.7,-60.9,2442.1,1,-67.5,-329.5,2654.7,0,-41.9,-602.7,2229.4,1,-220.1,-511.2,2090.6,1,
10,0.9907016158,-0.0528604016,-0.1254025102,0.0447638109,0.9967790246,-0.0665257871,0.1285157204,0.0602941066,0.9898707867,1,-211.1,368.5,2650.5,1,0.9907016158,-0.0528604016,-0.1254025102,0.0447638109,0.9967790246,-0.0665257871,0.1285157204,0.0602941066,0.9898707867,1,-200.6,171.6,2638.6,1,0.9906989336,-0.0559526980,-0.1240749285,0.0448126011,0.9948570132,-0.0908248872,0.1285192519,0.0844203085,0.9881052375,1,-189.9,-20.0,2622.3,1,0.5177956820,-0.3045184016,-0.7994724512,0.8058671951,0.4873028994,0.3363241851,0.2871683240,-0.8184158206,0.4977247715,1,-335.6,165.5,2621.1,1,-0.8897241354,-0.3045183420,-0.3400875628,0.1612582058,0.4873028696,-0.8582141995,0.4270676374,-0.8184158206,-0.3844590187,1,-454.1,-18.9,2555.3,1,-0.0000033379,1.0000003576,-0.0000000000,-1.0000003576,-0.0000033379,-0.0000000000,-0.0000000000,0.0000000000,1.0000000000,0,-65.7,177.8,2656.1,1,0.0000170469,0.9999990463,-0.0000000000,-0.9999990463,0.0000170469,-0.0000000000,-0.0000000000,0.0000000000,1.0000000000,0,-65.7,-74.3,2656.1,0,0.9125183225,-0.3861912191,0.1347834170,0.2331647873,0.2203802764,-0.9471360445,0.3360719979,0.8957057595,0.2911472619,1,-267.2,-215.6,2594.6,1,0.9125183225,-0.2715141177,-0.3059253693,0.2331648320,0.9597873092,-0.1563408375,0.3360720277,0.0713328347,0.9391310811,1,-118.3,-300.5,2249.3,1,0.9519069791,0.0225567035,-0.3055559099,-0.3034287989,-0.0688534975,-0.9503632188,-0.0424756557,0.9973717332,-0.0586977713,1,-91.0,-207.6,2617.5,1,0.9519070387,0.2955892384,-0.0806239694,-0.3034288287,0.8730099201,-0.3818176389,-0.0424756631,0.3879184723,0.9207144976,1,-99.7,-181.1,2234.6,1,-229.9,-59.6,2447.7,1,-65.7,-326.4,2656.1,0,-32.2,-604.7,2226.6,1,-211.6,-511.8,2087.6,1,
11,0.9896684885,-0.0542594083,-0.1327470988,0.0493543260,0.9979803562,-0.0399656147,0.1346480101,0.0330016091,0.9903416634,1,-209.7,366.9,2643.1,1,0.9896684885,-0.0542594083,-0.1327470988,0.0493543260,0.9979803562,-0.0399656147,0.1346480101,0.0330016091,0.9903416634,1,-199.0,169.1,2636.5,1,0.9895262718,-0.0605119057,-0.1310943812,0.0518262163,0.9962903261,-0.0686832219,0.1347647309,0.0611701682,0.9889856577,1,-187.3,-22.8,2624.7,1,0.5442616343,-0.3184530437,-0.7761230469,0.7984387279,0.4805358648,0.3627407551,0.2574390471,-0.8171125650,0.5158025026,1,-333.7,162.0,2618.2,1,-0.8836189508,-0.3184531033,-0.3432276845,0.1616281867,0.4805359244,-0.8619522452,0.4394245744,-0.8171126246,-0.3731396198,1,-456.0,-17.3,2560.4,1,-0.0000033379,1.0000003576,-0.0000000000,-1.0000003576,-0.0000033379,-0.0000000000,-0.0000000000,0.0000000000,1.0000000000,0,-64.2,176.1,2654.9,1,0.0000170469,0.9999990463,-0.0000000000,-0.9999990463,0.0000170469,-0.0000000000,-0.0000000000,0.0000000000,1.0000000000,0,-64.2,-75.9,2654.9,0,0.9180012941,-0.3782406747,0.1191958338,0.2351633012,0.2771718204,-0.9315975904,0.3193303645,0.8832382560,0.3433924019,1,-263.6,-219.3,2601.0,1,0.9180012941,-0.2725620270,-0.2880687118,0.2351632863,0.9590280056,-0.1579984725,0.3193303347,0.0772996098,0.9444855452,1,-118.1,-326.0,2261.0,1,0.9474856853,0.0456630625,-0.3165216446,-0.3160784245,-0.0168111101,-0.9485841990,-0.0486363396,0.9988154173,-0.0014951762,1,-87.6,-210.1,2625.0,1,0.9474855661,0.3095045686,-0.0804857835,-0.3160783947,0.8680444360,-0.3828750253,-0.0486363322,0.3882083893,0.9202873111,1,-105.2,-203.6,2241.3,1,-233.3,-58.0,2449.6,1,-64.2,-328.0,2654.9,0,-37.8,-608.4,2238.3,1,-217.6,-519.0,2100.3,1,
12,0.9891108871,-0.0646164045,-0.1322650462,0.0565939173,0.9963721037,-0.0635408238,0.1358915120,0.0553639233,0.9891734719,1,-212.2,368.8,2649.4,1,0.9891108871,-0.0646164045,-0.1322650462,0.0565939173,0.9963721037,-0.0635408238,0.1358915120,0.0553639233,0.9891734719,1,-199.4,171.9,2638.4,1,0.9888269901,-0.0723581612,-0.1303655058,0.0607193410,0.9939838052,-0.0911428556,0.1361766458,0.0822091103,0.9872657061,1,-185.5,-19.6,2622.6,1,0.5346032381,-0.3274753094,-0.7790759802,0.8037629724,0.4818232656,0.3490149081,0.2610831261,-0.8127769232,0.5207968354,1,-334.1,163.6,2619.9,1,-0.8813175559,-0.3274753392,-0.3406454623,0.1543638557,0.4818233252,-0.8625648618,0.4465996325,-0.8127768636,-0.3740889728,1,-455.9,-19.6,2560.4,1,-0.0000033379,1.0000003576,-0.0000000000,-1.0000003576,-0.0000033379,-0.0000000000,-0.0000000000,0.0000000000,1.0000000000,0,-64.7,180.1,2657.0,1,0.0000170469,0.9999990463,-0.0000000000,-0.9999990463,0.0000170469,-0.0000000000,-0.0000000000,0.0000000000,1.0000000000,0,-64.7,-71.9,2657.0,0,0.9221211076,-0.3588132858,0.1447260529,0.2503828406,0.2682543695,-0.9302408695,0.2949593961,0.8940315843,0.3372037411,1,-259.5,-216.4,2594.6,1,0.9221212268,-0.2859047949,-0.2606742978,0.2503828704,0.9546160102,-0.1612969488,0.2949594259,0.0834669396,0.9518573284,1,-121.3,-319.7,2250.4,1,0.9580037594,0.0480642132,-0.2826990485,-0.2747614086,-0.1282864064,-0.9529159665,-0.0820676014,0.9905717969,-0.1096926630,1,-83.6,-205.6,2618.9,1,0.9580037594,0.2859703600,-0.0212108251,-0.2747614384,0.8942484856,-0.3533071280,-0.0820676163,0.3442974687,0.9352669120,1,-102.7,-154.6,2224.8,1,-233.8,-58.5,2447.8,1,-64.7,-324.0,2657.0,0,-36.5,-602.9,2225.6,1,-216.9,-511.8,2087.3,1,
13,0.9887438416,-0.0600872561,-0.1370578259,0.0603860766,0.9981720448,-0.0019768439,0.1369265914,-0.0063210614,0.9905589819,1,-211.7,365.9,2633.0,1,0.9887438416,-0.0600872561,-0.1370578259,0.0603860766,0.9981720448,-0.0019768439,0.1369265914,-0.0063210614,0.9905589819,1,-199.8,168.2,2634.3,1,0.9884312153,-0.0704437494,-0.1343545169,0.0651646107,0.9969336987,-0.0432957560,0.1369929612,0.0340402909,0.9899849296,1,-186.2,-23.8,2627.7,1,0.5530717969,-0.3276942968,-0.7659817338,0.7985188961,0.4707608819,0.3751690090,0.2376535386,-0.8191462755,0.5220346451,1,-334.4,159.3,2615.6,1,-0.8809293509,-0.3276942968,-0.3414378166,0.1610886008,0.4707608521,-0.8674299717,0.4449873567,-0.8191462755,-0.3619193137,1,-456.6,-17.2,2563.1,1,-0.0000033379,1.0000003576,-0.0000000000,-1.0000003576,-0.0000033379,-0.0000000000,-0.0000000000,0.0000000000,1.0000000000,0,-65.1,177.0,2652.9,1,0.0000170469,0.9999990463,-0.0000000000,-0.9999990463,0.0000170469,-0.0000000000,-0.0000000000,0.0000000000,1.0000000000,0,-65.1,-75.0,2652.9,0,0.9227642417,-0.3642479777,0.1258162856,0.2397970557,0.2871568501,-0.9273825884,0.3016682267,0.8859257102,0.3523236513,1,-260.6,-221.5,2609.0,1,0.9227641821,-0.2731988430,-0.2717879713,0.2397970557,0.9591656327,-0.1499951035,0.3016681671,0.0732361302,0.9505960941,1,-120.3,-332.1,2267.7,1,0.9608025551,0.0552636459,-0.2716697156,-0.2582636476,-0.1778350323,-0.9495655298,-0.1007888466,0.9825072885,-0.1565917730,1,-84.7,-209.9,2633.4,1,0.9608024955,0.2771508992,0.0067732334,-0.2582636476,0.9036735296,-0.3415758014,-0.1007888317,0.3264376223,0.9398298264,1,-106.5,-139.8,2245.9,1,-234.6,-57.8,2450.9,1,-65.1,-327.1,2652.9,0,-40.4,-612.5,2246.3,1,-222.6,-518.4,2109.2,1,
14,0.9900126457,-0.0592607297,-0.1279562265,0.0540715195,0.9975813031,-0.0436541811,0.1302342713,0.0362999141,0.9908164740,1,-212.5,365.4,2643.8,1,0.9900126457,-0.0592607297,-0.1279562265,0.0540715195,0.9975813031,-0.0436541811,0.1302342713,0.0362999141,0.9908164740,1,-200.8,168.5,2636.7,1,0.9897966981,-0.0667946562,-0.1258995980,0.0574863665,0.9954351187,-0.0761709958,0.1304132342,0.0681566745,0.9891122580,1,-188.0,-23.2,2623.5,1,0.5507564545,-0.3560642898,-0.7549076676,0.8027417064,0.4737100601,0.3622217178,0.2286331207,-0.8054918647,0.5467265248,1,-335.6,160.7,2618.9,1,-0.8658875823,-0.3560643196,-0.3513644636,0.1568575501,0.4737100601,-0.8665994406,0.4750099778,-0.8054918647,-0.3543282747,1,-458.2,-18.0,2568.0,1,-0.0000033379,1.0000003576,-0.0000000000,-1.0000003576,-0.0000033379,-0.0000000000,-0.0000000000,0.0000000000,1.0000000000,0,-66.0,176.3,2654.4,1,0.0000170469,0.9999990463,-0.0000000000,-0.9999990463,0.0000170469,-0.0000000000,-0.0000000000,0.0000000000,1.0000000000,0,-66.0,-75.7,2654.4,0,0.9242558479,-0.3364349008,0.1804514974,0.2362737954,0.1328060329,-0.9625681043,0.2998764515,0.9322950840,0.2022375017,1,-263.1,-219.9,2598.8,1,0.9242558479,-0.2669059336,-0.2729695737,0.2362737954,0.9615247250,-0.1401595771,0.2998764217,0.0650477335,0.9517579079,1,-135.2,-270.4,2244.4,1,0.9630291462,0.0539697409,-0.2639361322,-0.2481824309,-0.2033504099,-0.9471294880,-0.1047878563,0.9776174426,-0.1824380308,1,-87.1,-209.7,2622.0,1,0.9630290866,0.2686990499,0.0193858743,-0.2481824160,0.9128808975,-0.3241203725,-0.1047878265,0.3073261082,0.9458172321,1,-109.5,-125.1,2215.4,1,-240.1,-57.5,2448.4,1,-66.0,-327.8,2654.4,0,-42.7,-603.7,2221.8,1,-223.1,-510.9,2085.5,1,
15,0.9887624383,-0.0711748078,-0.1315022707,0.0630791932,0.9959056377,-0.0647360981,0.1355719864,0.0557139441,0.9891977310,1,-211.9,372.4,2650.3,1,0.9887624383,-0.0711748078,-0.1315022707,0.0630791932,0.9959056377,-0.0647360981,0.1355719864,0.0557139441,0.9891977310,1,-197.9,175.8,2639.3,1,0.9883076549,-0.0812894404,-0.1290340573,0.0690111071,0.9928944111,-0.0969325453,0.1359973103,0.0868946612,0.9868890643,1,-182.2,-15.4,2622.5,1,0.6171203852,-0.3639651537,-0.6976330280,0.7676833272,0.4730744064,0.4322765768,0.1726987213,-0.8023279905,0.5713537931,1,-332.5,166.4,2620.7,1,-0.8538731337,-0.3639651835,-0.3720619678,0.1746264845,0.4730744362,-0.8635428548,0.4903125167,-0.8023279309,-0.3403875530,1,-475.2,-11.1,2580.8,1,-0.0000033379,1.0000003576,-0.0000000000,-1.0000003576,-0.0000033379,-0.0000000000,-0.0000000000,0.0000000000,1.0000000000,0,-63.3,185.2,2657.8,1,0.0000170469,0.9999990463,-0.0000000000,-0.9999990463,0.0000170469,-0.0000000000,-0.0000000000,0.0000000000,1.0000000000,0,-63.3,-66.9,2657.8,0,0.9201303720,-0.3622789681,0.1487079114,0.2334520817,0.2025495023,-0.9510383010,0.3144204617,0.9097953439,0.2709467411,1,-254.5,-212.8,2593.7,1,0.9201304317,-0.2650511861,-0.2882845402,0.2334520817,0.9622921944,-0.1396202743,0.3144204915,0.0611682236,0.9473111033,1,-116.2,-290.1,2246.4,1,0.9572274685,0.0593515188,-0.2831838727,-0.2769034505,-0.0959090889,-0.9560993910,-0.0839058608,0.9936190844,-0.0753721669,1,-78.7,-200.5,2617.9,1,0.9572274685,0.2886546850,-0.0198534373,-0.2769034207,0.8940361738,-0.3521700799,-0.0839058533,0.3426043093,0.9357255101,1,-102.3,-162.3,2222.3,1,-260.1,-55.1,2457.3,1,-63.3,-318.9,2657.8,0,-31.4,-598.0,2226.9,1,-211.0,-498.9,2093.3,1,
16,0.9876874089,-0.0648281798,-0.1424097419,0.0605437160,0.9975777864,-0.0342162810,0.1442834884,0.0251735412,0.9892140627,1,-209.3,372.2,2643.5,1,0.9876874089,-0.0648281798,-0.1424097419,0.0605437160,0.9975777864,-0.0342162810,0.1442834884,0.0251735412,0.9892140627,1,-196.5,174.5,2638.5,1,0.9870624542,-0.0782807693,-0.1399626434,0.0692469478,0.9952580929,-0.0682931095,0.1446454674,0.0577180162,0.9877966642,1,-181.4,-17.1,2627.4,1,0.5719878078,-0.3149852157,-0.7573733330,0.7833409905,0.4836588204,0.3904497623,0.2433243096,-0.8166140914,0.5233878493,1,-330.9,165.1,2618.8,1,-0.8775253892,-0.3149852753,-0.3615708649,0.1793735772,0.4836588204,-0.8566793203,0.4447182119,-0.8166141510,-0.3679228723,1,-461.9,-14.3,2563.1,1,-0.0000033379,1.0000003576,-0.0000000000,-1.0000003576,-0.0000033379,-0.0000000000,-0.0000000000,0.0000000000,1.0000000000,0,-62.0,183.9,2658.2,1,0.0000170469,0.9999990463,-0.0000000000,-0.9999990463,0.0000170469,-0.0000000000,-0.0000000000,0.0000000000,1.0000000000,0,-62.0,-68.1,2658.2,0,0.9274715781,-0.3484522998,0.1355631799,0.2363436818,0.2654289603,-0.9347134233,0.2897206545,0.8989595771,0.3285323679,1,-254.1,-215.0,2603.4,1,0.9274717569,-0.2636732459,-0.2650902569,0.2363437414,0.9628276825,-0.1307848692,0.2897207141,0.0586468503,0.9553128481,1,-120.7,-316.6,2259.3,1,0.9524136782,0.0840931013,-0.2929785550,-0.2939976454,-0.0002771132,-0.9558061361,-0.0804578885,0.9964578152,0.0244592503,1,-78.5,-202.6,2629.1,1,0.9524137974,0.3020875454,-0.0406348221,-0.2939976454,0.8752452135,-0.3840718865,-0.0804578960,0.3777418733,0.9224086404,1,-111.3,-202.5,2240.6,1,-241.1,-59.4,2451.1,1,-62.0,-320.2,2658.2,0,-41.7,-605.3,2241.7,1,-219.0,-514.7,2105.9,1,
17,0.9891442657,-0.0539051406,-0.1367395818,0.0518069081,0.9984779358,-0.0188569874,0.1375485063,0.0115688816,0.9904254079,1,-208.2,373.8,2641.1,1,0.9891442657,-0.0539051406,-0.1367395818,0.0518069081,0.9984779358,-0.0188569874,0.1375485063,0.0115688816,0.9904254079,1,-197.4,175.2,2638.8,1,0.9888313413,-0.0641724244,-0.1345520765,0.0570941418,0.9968058467,-0.0558218993,0.1377050430,0.0475168228,0.9893307686,1,-185.1,-16.8,2629.6,1,0.5460016131,-0.3063818216,-0.7797515392,0.7952203751,0.4824216366,0.3672790527,0.2636413276,-0.8206092715,0.5070440769,1,-332.1,167.4,2620.0,1,-0.8857772946,-0.3063818216,-0.3486098051,0.1712225825,0.4824216366,-0.8590414524,0.4313715994,-0.8206092715,-0.3748586178,1,-458.3,-16.3,2559.1,1,-0.0000033379,1.0000003576,-0.0000000000,-1.0000003576,-0.0000033379,-0.0000000000,-0.0000000000,0.0000000000,1.0000000000,0,-62.8,182.9,2657.5,1,0.0000170469,0.9999990463,-0.0000000000,-0.9999990463,0.0000170469,-0.0000000000,-0.0000000000,0.0000000000,1.0000000000,0,-62.8,-69.1,2657.5,0,0.9294661283,-0.3287319839,0.1674159169,0.2517581880,0.2335168570,-0.9391952753,0.2696490884,0.9150984883,0.2998069525,1,-260.7,-213.9,2608.2,1,0.9294661283,-0.2787083685,-0.2416908145,0.2517581880,0.9580936432,-0.1366541535,0.2696490884,0.0661677644,0.9606827497,1,-134.5,-303.5,2257.0,1,0.9597105384,0.0742340311,-0.2710075080,-0.2622837424,-0.1093624607,-0.9587737918,-0.1008116901,0.9912260771,-0.0854859278,1,-84.8,-203.7,2632.7,1,0.9597105384,0.2809765935,0.0028134510,-0.2622837722,0.8993651867,-0.3497849703,-0.1008117124,0.3349543512,0.9368258715,1,-114.9,-159.3,2229.8,1,-235.2,-59.4,2450.5,1,-62.8,-321.2,2657.5,0,-47.6,-602.4,2236.3,1,-226.8,-517.4,2096.5,1,
18,0.9895974398,-0.0454451181,-0.1365339011,0.0426377840,0.9988150001,-0.0234153233,0.1374367476,0.0173508674,0.9903564453,1,-209.1,372.7,2641.4,1,0.9895974398,-0.0454451181,-0.1365339011,0.0426377840,0.9988150001,-0.0234153233,0.1374367476,0.0173508674,0.9903564453,1,-200.0,174.4,2637.9,1,0.9895628095,-0.0517707393,-0.1345178932,0.0433483981,0.9969549179,-0.0648026615,0.1374636590,0.0582956374,0.9887877703,1,-190.1,-17.6,2626.7,1,0.5040548444,-0.3051222563,-0.8079785109,0.8134650588,0.4820397496,0.3254418075,0.2901781797,-0.8213027716,0.4911807179,1,-334.8,168.5,2619.2,1,-0.8889832497,-0.3051222563,-0.3414807618,0.1650748551,0.4820396900,-0.8604580760,0.4271521270,-0.8213027120,-0.3781572580,1,-451.0,-19.1,2552.3,1,-0.0000033379,1.0000003576,-0.0000000000,-1.0000003576,-0.0000033379,-0.0000000000,-0.0000000000,0.0000000000,1.0000000000,0,-65.2,180.3,2656.6,1,0.0000170469,0.9999990463,-0.0000000000,-0.9999990463,0.0000170469,-0.0000000000,-0.0000000000,0.0000000000,1.0000000000,0,-65.2,-71.8,2656.6,0,0.9256358147,-0.3378317654,0.1704932302,0.2393655330,0.1737574339,-0.9552552104,0.2930910885,0.9250286222,0.2417014092,1,-268.1,-213.5,2603.2,1,0.9256358743,-0.2690427899,-0.2661094368,0.2393655479,0.9609394073,-0.1389223337,0.2930910885,0.0648940578,0.9538797140,1,-138.4,-280.2,2248.1,1,0.9570538402,0.0439980961,-0.2865519822,-0.2791443169,-0.1270025223,-0.9518134594,-0.0782708079,0.9909260273,-0.1092664450,1,-92.1,-205.8,2627.7,1,0.9570538998,0.2883087099,-0.0304294154,-0.2791443169,0.8880857229,-0.3652152419,-0.0782708079,0.3580248356,0.9304257035,1,-109.5,-155.6,2235.6,1,-227.1,-60.6,2444.7,1,-65.2,-323.8,2656.6,0,-47.9,-603.4,2226.3,1,-225.6,-513.2,2091.4,1,
19,0.9896758199,-0.0502150878,-0.1342758983,0.0395465717,0.9959303737,-0.0809709504,0.1377959251,0.0748251602,0.9876281023,1,-210.9,374.8,2657.0,1,0.9896758199,-0.0502150878,-0.1342758983,0.0395465717,0.9959303737,-0.0809709504,0.1377959251,0.0748251602,0.9876281023,1,-201.0,177.7,2642.2,1,0.9898175597,-0.0516467728,-0.1326787770,0.0367794186,0.9930084348,-0.1121562347,0.1375441551,0.1061345562,0.9847908020,1,-191.0,-13.5,2621.8,1,0.5017752647,-0.3041964471,-0.8097444773,0.8132678866,0.4847822785,0.3218406439,0.2946469784,-0.8200308681,0.4906450212,1,-335.8,172.7,2623.5,1,-0.8880657554,-0.3041965663,-0.3446792066,0.1671529114,0.4847823679,-0.8585139513,0.4282512963,-0.8200309873,-0.3796712458,1,-452.9,-17.0,2554.7,1,-0.0000033379,1.0000003576,-0.0000000000,-1.0000003576,-0.0000033379,-0.0000000000,-0.0000000000,0.0000000000,1.0000000000,0,-66.2,182.7,2660.9,1,0.0000170469,0.9999990463,-0.0000000000,-0.9999990463,0.0000170469,-0.0000000000,-0.0000000000,0.0000000000,1.0000000000,0,-66.2,-69.3,2660.9,0,0.9190470576,-0.3662304878,0.1456977874,0.2292328030,0.1959444880,-0.9534453750,0.3206320703,0.9096598625,0.2640342116,1,-269.1,-207.9,2589.1,1,0.9190469980,-0.2643379569,-0.2923662663,0.2292327732,0.9618866444,-0.1490851045,0.3206320703,0.0699962750,0.9446139932,1,-128.3,-283.2,2239.4,1,0.9547240138,0.0409432389,-0.2946623266,-0.2909102142,-0.0787263140,-0.9535059333,-0.0622373000,0.9960551262,-0.0632510930,1,-93.1,-201.4,2613.6,1,0.9547240138,0.2923226953,-0.0552238598,-0.2909102440,0.8785361648,-0.3788739443,-0.0622372963,0.3777852058,0.9237992167,1,-109.0,-170.7,2225.0,1,-229.1,-59.1,2446.8,1,-66.1,-321.4,2660.9,0,-41.8,-598.2,2216.5,1,-221.1,-507.6,2080.1,1,
20,0.9908984303,-0.0453122854,-0.1267950684,0.0444783829,0.9989647865,-0.0093999840,0.1270903349,0.0036755167,0.9918822646,1,-211.2,375.2,2638.3,1,0.9908984303,-0.0453122854,-0.1267950684,0.0444783829,0.9989647865,-0.0093999840,0.1270903349,0.0036755167,0.9918822646,1,-202.2,176.5,2637.6,1,0.9911915660,-0.0442986861,-0.1248469353,0.0379457548,0.9978820086,-0.0528113544,0.1269225478,0.0476093031,0.9907673597,1,-193.7,-15.5,2628.5,1,0.4749740064,-0.2991184592,-0.8276037574,0.8221999407,0.4860602617,0.2961973250,0.3136671782,-0.8211417794,0.4768010974,1,-337.3,171.3,2620.3,1,-0.8930830359,-0.2991184294,-0.3360519707,0.1604577750,0.4860602021,-0.8590685129,0.4203047454,-0.8211417198,-0.3860962093,1,-447.7,-19.8,2547.4,1,-0.0000033379,1.0000003576,-0.0000000000,-1.0000003576,-0.0000033379,-0.0000000000,-0.0000000000,0.0000000000,1.0000000000,0,-67.2,181.7,2654.9,1,0.0000170469,0.9999990463,-0.0000000000,-0.9999990463,0.0000170469,-0.0000000000,-0.0000000000,0.0000000000,1.0000000000,0,-67.2,-70.4,2654.9,0,0.9162859321,-0.3856877089,0.1080056503,0.2251747549,0.2730425894,-0.9352775812,0.3312349319,0.8813017607,0.3370321989,1,-273.4,-210.9,2608.0,1,0.9162858725,-0.2624057531,-0.3025945425,0.2251747549,0.9622887969,-0.1526322812,0.3312349319,0.0717181563,0.9408187866,1,-124.8,-316.1,2268.6,1,0.9478738308,0.0511195809,-0.3145188093,-0.3158982992,0.0214099083,-0.9485515356,-0.0417557359,0.9984629750,0.0364424847,1,-97.0,-204.2,2630.6,1,0.9478738904,0.3067764938,-0.0861595646,-0.3158983588,0.8692638874,-0.3802480102,-0.0417557508,0.3876447380,0.9208627343,1,-116.7,-212.5,2245.4,1,-222.6,-60.2,2441.5,1,-67.2,-322.4,2654.9,0,-45.3,-607.6,2246.9,1,-224.5,-517.9,2109.1,1,
21,0.9883987904,-0.0482718647,-0.1440402418,0.0484301969,0.9988223910,-0.0024069212,0.1439872831,-0.0045961291,0.9895668030,1,-210.9,371.4,2637.5,1,0.9883987904,-0.0482718647,-0.1440402418,0.0484301969,0.9988223910,-0.0024069212,0.1439872831,-0.0045961291,0.9895668030,1,-201.2,172.6,2638.4,1,0.9886195660,-0.0496607460,-0.1420388818,0.0439278483,0.9980982542,-0.0432160720,0.1439153701,0.0364853926,0.9889151454,1,-191.7,-19.6,2631.4,1,0.5069206953,-0.2997176051,-0.8082083464,0.8095537424,0.4875698686,0.3269531429,0.2960644364,-0.8200274110,0.4897967577,1,-335.9,166.6,2618.8,1,-0.8924658298,-0.2997176349,-0.3371558189,0.1604734957,0.4875698686,-0.8582096696,0.4216076136,-0.8200273514,-0.3870427012,1,-451.7,-18.3,2551.2,1,-0.0000033379,1.0000003576,-0.0000000000,-1.0000003576,-0.0000033379,-0.0000000000,-0.0000000000,0.0000000000,1.0000000000,0,-66.6,178.6,2658.0,1,0.0000170469,0.9999990463,-0.0000000000,-0.9999990463,0.0000170469,-0.0000000000,-0.0000000000,0.0000000000,1.0000000000,0,-66.6,-73.5,2658.0,0,0.9184142351,-0.3638446629,0.1553461701,0.2344284803,0.1842024028,-0.9545223713,0.3186827302,0.9130643010,0.2544696927,1,-270.1,-215.7,2611.6,1,0.9184142947,-0.2741441131,-0.2852374315,0.2344284952,0.9578875303,-0.1658155173,0.3186827302,0.0854195431,0.9440047741,1,-130.5,-286.3,2261.4,1,0.9571971893,0.0291420445,-0.2879656553,-0.2838795781,-0.0994952023,-0.9536839724,-0.0564435013,0.9946112037,-0.0869637057,1,-94.2,-207.8,2637.2,1,0.9571971893,0.2859546542,-0.0447595641,-0.2838795781,0.8973687291,-0.3378484845,-0.0564435124,0.3360939026,0.9401357174,1,-106.1,-167.1,2229.7,1,-226.8,-58.7,2444.9,1,-66.6,-325.5,2658.0,0,-37.8,-610.2,2232.5,1,-218.5,-519.8,2097.6,1,
22,0.9872459769,-0.0553982146,-0.1492863297,0.0611449890,0.9975420833,0.0341832265,0.1470261812,-0.0428743884,0.9882009625,1,-211.0,369.7,2627.1,1,0.9872459769,-0.0553982146,-0.1492863297,0.0611449890,0.9975420833,0.0341832265,0.1470261812,-0.0428743884,0.9882009625,1,-199.9,170.2,2635.7,1,0.9874572754,-0.0592835397,-0.1463680118,0.0574679859,0.9982079268,-0.0166027565,0.1470904350,0.0079837888,0.9890888333,1,-188.5,-22.0,2634.1,1,0.5168119073,-0.3117273450,-0.7973277569,0.8069483638,0.4884125590,0.3320955634,0.2859015763,-0.8150333166,0.5039653182,1,-334.4,162.4,2615.6,1,-0.8881438971,-0.3117273748,-0.3376781046,0.1550659686,0.4884126186,-0.8587245345,0.4326141477,-0.8150333166,-0.3854423761,1,-452.1,-21.4,2550.5,1,-0.0000033379,1.0000003576,-0.0000000000,-1.0000003576,-0.0000033379,-0.0000000000,-0.0000000000,0.0000000000,1.0000000000,0,-65.4,178.0,2655.7,1,0.0000170469,0.9999990463,-0.0000000000,-0.9999990463,0.0000170469,-0.0000000000,-0.0000000000,0.0000000000,1.0000000000,0,-65.4,-74.0,2655.7,0,0.9196528196,-0.3543418348,0.1693538874,0.2306092829,0.1381749958,-0.9631859660,0.3178966045,0.9248510599,0.2087875605,1,-264.9,-219.4,2619.5,1,0.9196528196,-0.2673498094,-0.2876855433,0.2306093127,0.9605484605,-0.1554543525,0.3178965747,0.0766210631,0.9450243711,1,-128.8,-272.4,2264.3,1,0.9511648417,-0.0011847027,-0.3086813390,-0.3047071695,-0.1635958850,-0.9382910132,-0.0493873991,0.9865267277,-0.1559676230,1,-89.3,-209.1,2645.7,1,0.9511648417,0.3013268113,-0.0669902489,-0.3047071397,0.8818134665,-0.3599424064,-0.0493873954,0.3627769351,0.9305664301,1,-88.8,-144.3,2254.5,1,-228.3,-60.5,2441.5,1,-65.4,-326.1,2655.7,0,-34.9,-609.9,2237.4,1,-214.2,-511.3,2103.5,1,
23,0.9879794717,-0.0582158044,-0.1432396919,0.0658795014,0.9966049194,0.0493540540,0.1398807466,-0.0581962988,0.9884546399,1,-213.1,371.7,2623.9,1,0.9879794717,-0.0582158044,-0.1432396919,0.0658795014,0.9966049194,0.0493540540,0.1398807466,-0.0581962988,0.9884546399,1,-201.5,172.0,2635.5,1,0.9879875779,-0.0651027188,-0.1401863545,0.0657476485,0.9978349209,-0.0000278354,0.1398851573,-0.0091885850,0.9901231527,1,-188.9,-20.2,2637.3,1,0.5284881592,-0.3232539594,-0.7849887013,0.8083099723,0.4742404819,0.3488995731,0.2594901919,-0.8189035058,0.5119199157,1,-336.0,163.0,2616.5,1,-0.8835472465,-0.3232539892,-0.3388968110,0.1586541086,0.4742404222,-0.8659819961,0.4406507015,-0.8189033866,-0.3677282929,1,-454.8,-18.7,2558.2,1,-0.0000033379,1.0000003576,-0.0000000000,-1.0000003576,-0.0000033379,-0.0000000000,-0.0000000000,0.0000000000,1.0000000000,0,-66.9,180.9,2654.6,1,0.0000170469,0.9999990463,-0.0000000000,-0.9999990463,0.0000170469,-0.0000000000,-0.0000000000,0.0000000000,1.0000000000,0,-66.9,-71.1,2654.6,0,0.9247435927,-0.3281847835,0.1927285194,0.2312349230,0.0822688267,-0.9694134593,0.3022911847,0.9410242438,0.1519653350,1,-264.3,-218.2,2626.6,1,0.9247434735,-0.2658218443,-0.2723752260,0.2312348932,0.9608461261,-0.1526604891,0.3022911549,0.0781891495,0.9500034451,1,-138.2,-249.8,2265.3,1,0.9527971745,0.0311886482,-0.3020013571,-0.2973912060,-0.1043834314,-0.9490324259,-0.0611229762,0.9940479398,-0.0901810080,1,-88.5,-206.5,2651.5,1,0.9527971745,0.2978034616,-0.0590819269,-0.2973912358,0.8762695789,-0.3790912330,-0.0611229874,0.3787675500,0.9234712124,1,-101.2,-164.2,2248.4,1,-232.2,-58.6,2447.1,1,-66.9,-323.2,2654.6,0,-39.8,-605.5,2236.4,1,-218.3,-508.9,2099.4,1,
