1,0.9896437526,-0.0532029159,-0.1333332509,0.0652458444,0.9940127730,0.0876427740,0.1278721541,-0.0954339132,0.9871863127,1,-209.6,375.6,2614.4,1,0.9896437526,-0.0532029159,-0.1333332509,0.0652458444,0.9940127730,0.0876427740,0.1278721541,-0.0954339132,0.9871863127,1,-199.0,176.5,2633.5,1,0.9897390604,-0.0614982098,-0.1289866269,0.0635900423,0.9979017973,0.0121587003,0.1279683113,-0.0202355254,0.9915696979,1,-187.1,-15.8,2637.4,1,0.5895420909,-0.4230849147,-0.6880692840,0.7931903005,0.4641768038,0.3941941559,0.1526081711,-0.7781639099,0.6092386246,1,-333.6,167.8,2616.1,1,-0.7844628692,-0.4230849743,-0.4534503222,0.2421451062,0.4641768634,-0.8520010710,0.5709498525,-0.7781639695,-0.2616815567,1,-464.1,-7.8,2582.3,1,-0.0000026226,1.0000003576,0.0000000000,-1.0000003576,-0.0000026226,-0.0000000000,-0.0000000000,-0.0000000000,1.0000000000,0,-64.3,185.1,2650.9,1,0.0000197291,0.9999990463,0.0000000000,-0.9999990463,0.0000197291,-0.0000000000,-0.0000000000,-0.0000000000,1.0000000000,0,-64.3,-66.9,2650.9,0,0.8478004932,-0.3684406877,-0.3814265132,-0.4338623583,-0.0682870299,-0.8983877897,0.3049561381,0.9271399379,-0.2177462876,1,-263.3,-213.7,2629.9,1,0.8478001952,0.3137756288,-0.4275272489,-0.4338622093,0.8739770055,-0.2189236581,0.3049560785,0.3710914254,0.8770934343,1,-104.1,-184.2,2229.3,1,0.9366950989,0.1220625639,0.3281812370,0.3057820499,0.1714596748,-0.9365355968,-0.1705857813,0.9776002169,0.1232809052,1,-87.2,-202.4,2652.7,1,0.9366952181,-0.2895185053,0.1969295144,0.3057820797,0.9503793716,-0.0572396144,-0.1705858260,0.1138335764,0.9787454009,1,-134.6,-269.0,2273.0,1,-266.5,-68.8,2438.5,1,-64.3,-319.0,2650.9,0,-221.3,-510.9,2090.6,1,-31.2,-608.4,2232.3,1,
2,0.9883595705,-0.0377603769,-0.1473854035,0.0557600334,0.9912096262,0.1199742556,0.1415596008,-0.1267951727,0.9817737341,1,-204.6,366.4,2607.0,1,0.9883595705,-0.0377603769,-0.1473854035,0.0557600334,0.9912096262,0.1199742556,0.1415596008,-0.1267951727,0.9817737341,1,-197.1,167.9,2632.4,1,0.9883553982,-0.0489651673,-0.1440801471,0.0558570996,0.9974604845,0.0441822149,0.1415508837,-0.0517148450,0.9885771275,1,-187.6,-24.2,2642.4,1,0.6896648407,-0.4736733735,-0.5477188230,0.7241278291,0.4499358237,0.5226821899,-0.0011422976,-0.7570940256,0.6533049941,1,-331.5,160.3,2613.2,1,-0.7623880506,-0.4736734033,-0.4409059286,0.2208840698,0.4499358535,-0.8653138876,0.6082554460,-0.7570940852,-0.2383988202,1,-487.9,-3.9,2613.4,1,-0.0000026226,1.0000003576,0.0000000000,-1.0000003576,-0.0000026226,-0.0000000000,-0.0000000000,-0.0000000000,1.0000000000,0,-62.6,175.5,2651.7,1,0.0000197291,0.9999990463,0.0000000000,-0.9999990463,0.0000197291,-0.0000000000,-0.0000000000,-0.0000000000,1.0000000000,0,-62.6,-76.5,2651.7,0,0.8479217887,-0.3642506897,-0.3851624727,-0.4349557757,-0.0626749098,-0.8982679844,0.3030546904,0.9291895628,-0.2115763724,1,-266.1,-221.3,2639.7,1,0.8479216695,0.3122519851,-0.4284009933,-0.4349557757,0.8717618585,-0.2254875600,0.3030547202,0.3775312901,0.8750016689,1,-110.9,-194.6,2243.8,1,0.9349136949,0.1341672093,0.3285355270,0.3054296374,0.1671625078,-0.9374270439,-0.1806907952,0.9767578244,0.1153038666,1,-90.3,-211.3,2664.9,1,0.9349136949,-0.2890665531,0.2058566958,0.3054296970,0.9507927895,-0.0520166568,-0.1806907952,0.1115058213,0.9771987200,1,-142.2,-276.0,2287.0,1,-296.0,-59.5,2460.3,1,-62.6,-328.6,2651.7,0,-227.1,-519.0,2103.2,1,-37.2,-621.4,2246.5,1,
3,0.9883309007,-0.0471212193,-0.1448613107,0.0606202036,0.9940741658,0.0902295858,0.1397511959,-0.0979575217,0.9853271842,1,-204.9,359.0,2612.4,1,0.9883309007,-0.0471212193,-0.1448613107,0.0606202036,0.9940741658,0.0902295858,0.1397511959,-0.0979575217,0.9853271842,1,-195.5,161.0,2631.9,1,0.9881550670,-0.0604827516,-0.1410482377,0.0638752654,0.9977642298,0.0196462311,0.1395446658,-0.0284223184,0.9898056984,1,-183.9,-31.2,2637.4,1,0.6856939197,-0.4518413842,-0.5706691146,0.7254289389,0.4886249006,0.4847665429,0.0598055236,-0.7463814020,0.6628259420,1,-330.0,152.3,2612.9,1,-0.7432082891,-0.4518414438,-0.4934377670,0.2565926015,0.4886249006,-0.8339101076,0.6179010272,-0.7463814020,-0.2472109199,1,-475.4,-1.6,2600.2,1,-0.0000026226,1.0000003576,0.0000000000,-1.0000003576,-0.0000026226,-0.0000000000,-0.0000000000,-0.0000000000,1.0000000000,0,-61.1,169.7,2650.9,1,0.0000197291,0.9999990463,0.0000000000,-0.9999990463,0.0000197291,-0.0000000000,-0.0000000000,-0.0000000000,1.0000000000,0,-61.1,-82.4,2650.9,0,0.8517348170,-0.3607151508,-0.3800428212,-0.4329163134,-0.0758529007,-0.8982371092,0.2951803803,0.9295864701,-0.2207660079,1,-260.1,-229.1,2630.4,1,0.8517347574,0.3145739436,-0.4190359712,-0.4329162538,0.8730132580,-0.2245692313,0.2951803207,0.3726809025,0.8797599077,1,-101.8,-195.8,2222.3,1,0.9385299087,0.1263164282,0.3212567270,0.3052104115,0.1311340928,-0.9432128072,-0.1612709761,0.9832843542,0.0845201537,1,-84.4,-217.7,2655.2,1,0.9385299087,-0.2891439497,0.1885670424,0.3052104712,0.9502665401,-0.0619689822,-0.1612709910,0.1157123744,0.9801032543,1,-134.2,-269.4,2267.4,1,-288.4,-66.2,2444.7,1,-61.1,-334.5,2650.9,0,-218.6,-520.0,2083.9,1,-28.1,-618.2,2224.9,1,
4,0.9901001453,-0.0456000417,-0.1327612847,0.0615844913,0.9909942150,0.1189004481,0.1261439025,-0.1258986145,0.9839883447,1,-204.4,363.7,2606.0,1,0.9901001453,-0.0456000417,-0.1327612847,0.0615844913,0.9909942150,0.1189004481,0.1261439025,-0.1258986145,0.9839883447,1,-195.3,165.2,2631.3,1,0.9899048805,-0.0591096357,-0.1288315207,0.0652911440,0.9968823791,0.0442950316,0.1258116961,-0.0522586443,0.9906746745,1,-183.9,-26.8,2641.3,1,0.6681962609,-0.4425822198,-0.5980257392,0.7381548882,0.4948154688,0.4585685432,0.0929580927,-0.7478494644,0.6573280096,1,-329.9,156.4,2614.2,1,-0.7375367880,-0.4425822496,-0.5100593567,0.2735031545,0.4948154688,-0.8248356581,0.6174428463,-0.7478494644,-0.2438969612,1,-470.4,1.2,2594.6,1,-0.0000026226,1.0000003576,0.0000000000,-1.0000003576,-0.0000026226,-0.0000000000,-0.0000000000,-0.0000000000,1.0000000000,0,-60.6,174.1,2648.4,1,0.0000197291,0.9999990463,0.0000000000,-0.9999990463,0.0000197291,-0.0000000000,-0.0000000000,-0.0000000000,1.0000000000,0,-60.6,-77.9,2648.4,0,0.8493034840,-0.3634666204,-0.3828521073,-0.4401431978,-0.0871147439,-0.8936917186,0.2914749980,0.9275252819,-0.2339641899,1,-260.6,-224.6,2640.2,1,0.8474928141,0.3230430186,-0.4211879969,-0.4443430901,0.8658251762,-0.2300130427,0.2903710604,0.3820863068,0.8773225546,1,-105.4,-187.4,2244.2,1,0.9385212064,0.1532543898,0.3093395531,0.3008672297,0.0762851164,-0.9506100416,-0.1692831665,0.9852378964,0.0254859813,1,-84.4,-213.0,2662.6,1,0.9385212660,-0.2880479395,0.1902794093,0.3008672297,0.9527547359,-0.0416821130,-0.1692831665,0.0963683873,0.9808447361,1,-144.1,-242.7,2279.1,1,-284.7,-67.7,2439.1,1,-60.6,-330.0,2648.4,0,-225.2,-508.6,2102.4,1,-33.6,-608.2,2242.2,1,
5,0.9894024730,-0.0468684435,-0.1374383122,0.0603205636,0.9936089516,0.0954053029,0.1320885271,-0.1026839092,0.9859028459,1,-204.5,372.7,2612.9,1,0.9894024730,-0.0468684435,-0.1374383122,0.0603205636,0.9936089516,0.0954053029,0.1320885271,-0.1026839092,0.9859028459,1,-195.1,173.7,2633.4,1,0.9891877174,-0.0609809645,-0.1333869547,0.0642848685,0.9977186322,0.0206008330,0.1318264604,-0.0289521534,0.9908478260,1,-183.4,-18.5,2639.0,1,0.6439690590,-0.4476901889,-0.6203848124,0.7567006946,0.4922077358,0.4302738011,0.1127288416,-0.7465286255,0.6557341218,1,-329.7,165.0,2615.5,1,-0.7276807427,-0.4476902485,-0.5196674466,0.2846484184,0.4922078252,-0.8226220012,0.6240640879,-0.7465286851,-0.2307358533,1,-466.7,3.9,2591.5,1,-0.0000026226,1.0000003576,0.0000000000,-1.0000003576,-0.0000026226,-0.0000000000,-0.0000000000,-0.0000000000,1.0000000000,0,-60.6,182.5,2651.4,1,0.0000197291,0.9999990463,0.0000000000,-0.9999990463,0.0000197291,-0.0000000000,-0.0000000000,-0.0000000000,1.0000000000,0,-60.6,-69.6,2651.4,0,0.8476236463,-0.3568734229,-0.3926521838,-0.4442800879,-0.0727779493,-0.8929270506,0.2900854945,0.9313134551,-0.2202400416,1,-259.6,-216.4,2632.9,1,0.8476235867,0.3236449361,-0.4204620421,-0.4442800581,0.8661425114,-0.2289376855,0.2900855541,0.3808558285,0.8779518008,1,-104.0,-184.7,2226.7,1,0.9413423538,0.1431771815,0.3055729270,0.2945086360,0.0934930518,-0.9510645270,-0.1647396982,0.9852711558,0.0458420552,1,-83.6,-205.0,2656.3,1,0.9413423538,-0.2832092345,0.1834858060,0.2945086658,0.9549325109,-0.0369934402,-0.1647396684,0.0888616517,0.9823260307,1,-140.8,-242.3,2263.2,1,-283.4,-67.8,2434.3,1,-60.6,-321.7,2651.4,0,-224.0,-505.9,2085.5,1,-34.0,-602.4,2229.6,1,
6,0.9897292852,-0.0481417403,-0.1346156150,0.0597792491,0.9946886897,0.0837879628,0.1298670173,-0.0909740180,0.9873470068,1,-203.6,366.0,2614.8,1,0.9897292852,-0.0481417403,-0.1346156150,0.0597792491,0.9946886897,0.0837879628,0.1298670173,-0.0909740180,0.9873470068,1,-193.9,167.1,2633.0,1,0.9894786477,-0.0635458082,-0.1299884319,0.0642509013,0.9979327321,0.0012338422,0.1296413690,-0.0095721018,0.9915126562,1,-181.7,-25.1,2634.8,1,0.6704373956,-0.4307686090,-0.6041125655,0.7334497571,0.5077803135,0.4518965781,0.1120935902,-0.7460545301,0.6563821435,1,-328.5,158.4,2615.4,1,-0.7122340798,-0.4307686687,-0.5542210937,0.3163997531,0.5077803135,-0.8012805581,0.6265890002,-0.7460547686,-0.2253634036,1,-466.4,7.5,2592.3,1,-0.0000026226,1.0000003576,0.0000000000,-1.0000003576,-0.0000026226,-0.0000000000,-0.0000000000,-0.0000000000,1.0000000000,0,-59.3,175.9,2650.6,1,0.0000197291,0.9999990463,0.0000000000,-0.9999990463,0.0000197291,-0.0000000000,-0.0000000000,-0.0000000000,1.0000000000,0,-59.3,-76.2,2650.6,0,0.8448854089,-0.3602033556,-0.3955025077,-0.4432895184,-0.0575817041,-0.8945271373,0.2994379699,0.9310950041,-0.2083243132,1,-257.5,-223.1,2625.1,1,0.8448853493,0.3217481375,-0.4273719788,-0.4432895482,0.8682827950,-0.2226642966,0.2994379103,0.3775753975,0.8762269616,1,-102.5,-198.3,2224.7,1,0.9377033710,0.1528255194,0.3120207787,0.2986070514,0.1046047956,-0.9486262798,-0.1776131690,0.9827014804,0.0524534844,1,-81.4,-211.7,2648.2,1,0.9377032518,-0.2858619392,0.1974728703,0.2986070216,0.9536411166,-0.0374484360,-0.1776131690,0.0940823033,0.9795928597,1,-141.4,-252.7,2262.8,1,-287.1,-72.2,2434.5,1,-59.3,-328.3,2650.6,0,-221.8,-520.3,2084.7,1,-32.2,-616.9,2226.8,1,
7,0.9899731278,-0.0497598983,-0.1322124451,0.0598772131,0.9954823852,0.0736820474,0.1279488504,-0.0808591992,0.9884769320,1,-202.6,362.4,2616.3,1,0.9899731278,-0.0497598983,-0.1322124451,0.0598772131,0.9954823852,0.0736820474,0.1279488504,-0.0808591992,0.9884769320,1,-192.6,164.0,2632.4,1,0.9896889925,-0.0656475127,-0.1273148507,0.0647847652,0.9978393316,-0.0109096691,0.1277560443,0.0025497088,0.9918002486,1,-180.0,-28.3,2631.9,1,0.7270083427,-0.4573164880,-0.5121724606,0.6865576506,0.4948923290,0.5326539874,0.0098787788,-0.7388797998,0.6737648845,1,-327.3,155.2,2615.0,1,-0.7105006576,-0.4573164582,-0.5348368883,0.2963576615,0.4948922992,-0.8168560266,0.6382483244,-0.7388797402,-0.2160920650,1,-483.3,7.8,2612.9,1,-0.0000026226,1.0000003576,0.0000000000,-1.0000003576,-0.0000026226,-0.0000000000,-0.0000000000,-0.0000000000,1.0000000000,0,-58.0,172.8,2649.8,1,0.0000197291,0.9999990463,0.0000000000,-0.9999990463,0.0000197291,-0.0000000000,-0.0000000000,-0.0000000000,1.0000000000,0,-58.0,-79.2,2649.8,0,0.8476333022,-0.3612129986,-0.3886424303,-0.4418075085,-0.0748947337,-0.8939781785,0.2938092649,0.9294707179,-0.2230699062,1,-255.4,-226.3,2620.0,1,0.8476334214,0.3212324679,-0.4222884178,-0.4418075383,0.8680476546,-0.2264937758,0.2938093245,0.3785538077,0.8777090907,1,-102.8,-194.7,2227.4,1,0.9336856008,0.1301514208,0.3336041570,0.3049717546,0.1992506236,-0.9312847853,-0.1876788735,0.9712671041,0.1463449448,1,-79.3,-214.8,2642.8,1,0.9336856604,-0.2884489298,0.2121988386,0.3049717546,0.9510983825,-0.0490314588,-0.1876789033,0.1104946062,0.9759957194,1,-129.7,-291.9,2266.9,1,-304.4,-66.8,2452.1,1,-58.0,-331.3,2649.8,0,-221.9,-516.5,2087.1,1,-32.1,-613.7,2229.5,1,
8,0.9898306131,-0.0433866046,-0.1354843527,0.0581097007,0.9925936460,0.1066797972,0.1298525035,-0.1134672165,0.9850173593,1,-200.7,360.1,2608.0,1,0.9898306131,-0.0433866046,-0.1354843527,0.0581097007,0.9925936460,0.1066797972,0.1298525035,-0.1134672165,0.9850173593,1,-192.0,161.3,2630.7,1,0.9895964265,-0.0589995086,-0.1312290281,0.0626625493,0.9977468848,0.0239580814,0.1295199096,-0.0319312736,0.9910604358,1,-180.7,-30.9,2636.9,1,0.7387588620,-0.4433936477,-0.5075799823,0.6735560298,0.5121060014,0.5329819322,0.0236139838,-0.7356287241,0.6769733429,1,-326.6,152.8,2613.1,1,-0.7238512039,-0.4433936477,-0.5286223888,0.2794477344,0.5121060610,-0.8121923208,0.6308316588,-0.7356287241,-0.2467831671,1,-488.0,5.6,2607.9,1,-0.0000026226,1.0000003576,0.0000000000,-1.0000003576,-0.0000026226,-0.0000000000,-0.0000000000,-0.0000000000,1.0000000000,0,-57.4,169.8,2648.3,1,0.0000197291,0.9999990463,0.0000000000,-0.9999990463,0.0000197291,-0.0000000000,-0.0000000000,-0.0000000000,1.0000000000,0,-57.4,-82.2,2648.3,0,0.8649069071,-0.3802679777,-0.3276162148,-0.4174514413,-0.1825604290,-0.8901718855,0.2786941230,0.9066795707,-0.3166412115,1,-257.3,-228.6,2631.5,1,0.8637931347,0.3111956120,-0.3962559104,-0.4204617739,0.8785604835,-0.2265904695,0.2776208222,0.3623377085,0.8897404671,1,-98.9,-152.5,2253.7,1,0.9294151068,0.1383051723,0.3421393931,0.3108626902,0.2062188536,-0.9278137684,-0.1988770366,0.9686822891,0.1486690193,1,-81.3,-217.5,2654.5,1,0.9294151068,-0.2961665392,0.2201658636,0.3108626008,0.9498255253,-0.0345824100,-0.1988770068,0.1005827561,0.9748492241,1,-134.7,-297.1,2280.4,1,-305.7,-64.8,2449.0,1,-57.4,-334.3,2648.3,0,-227.4,-515.4,2104.1,1,-35.6,-615.0,2246.8,1,
9,0.9902427793,-0.0365053527,-0.1344978511,0.0536788143,0.9905306101,0.1263614148,0.1286114752,-0.1323474199,0.9828219414,1,-200.1,357.5,2603.9,1,0.9902427793,-0.0365053527,-0.1344978511,0.0536788143,0.9905306101,0.1263614148,0.1286114752,-0.1323474199,0.9828219414,1,-192.7,159.4,2630.3,1,0.9900515079,-0.0515407361,-0.1309375167,0.0579969846,0.9972570539,0.0459805354,0.1282085776,-0.0531163029,0.9903216362,1,-182.8,-32.7,2640.6,1,0.7393187881,-0.4132084548,-0.5316638350,0.6711156368,0.5165262222,0.5317935944,0.0548767187,-0.7499729395,0.6591882706,1,-327.4,151.6,2612.9,1,-0.7266877890,-0.4132084846,-0.5488019586,0.3092972040,0.5165262818,-0.7984584570,0.6134003997,-0.7499729395,-0.2475491166,1,-485.4,8.2,2601.2,1,-0.0000026226,1.0000003576,0.0000000000,-1.0000003576,-0.0000026226,-0.0000000000,-0.0000000000,-0.0000000000,1.0000000000,0,-58.1,167.3,2647.8,1,0.0000197291,0.9999990463,0.0000000000,-0.9999990463,0.0000197291,-0.0000000000,-0.0000000000,-0.0000000000,1.0000000000,0,-58.1,-84.7,2647.8,0,0.8695582151,-0.3556551635,-0.3426046073,-0.4128437936,-0.1428610831,-0.8995281458,0.2709769607,0.9236341119,-0.2710560858,1,-261.0,-229.9,2639.4,1,0.8695582151,0.3051083684,-0.3883007169,-0.4128438234,0.8806052804,-0.2325817496,0.2709770203,0.3625508249,0.8916997910,1,-108.8,-168.8,2244.3,1,0.9320747256,0.1455449313,0.3317428827,0.3107137680,0.1496544033,-0.9386482239,-0.1862622648,0.9779674411,0.0942662656,1,-84.8,-219.6,2662.2,1,0.9320747852,-0.2977930009,0.2062909901,0.3107137084,0.9499449134,-0.0325824544,-0.1862622499,0.0944667235,0.9779480696,1,-142.4,-278.8,2275.5,1,-302.4,-69.7,2446.7,1,-58.1,-336.8,2647.8,0,-228.4,-513.9,2102.2,1,-37.4,-613.8,2242.1,1,
10,0.9915296435,-0.0377160162,-0.1242963970,0.0493767187,0.9945235848,0.0921100974,0.1201417968,-0.0974666029,0.9879584312,1,-200.2,354.7,2611.8,1,0.9915296435,-0.0377160162,-0.1242963970,0.0493767187,0.9945235848,0.0921100974,0.1201417968,-0.0974666029,0.9879584312,1,-192.6,156.2,2631.2,1,0.9913612008,-0.0509181619,-0.1208859086,0.0531638227,0.9984664321,0.0154228825,0.1199153215,-0.0217157323,0.9925444126,1,-182.8,-36.1,2635.4,1,0.7461977601,-0.3980475962,-0.5336169004,0.6623468399,0.5245403051,0.5349337459,0.0669744983,-0.7526058555,0.6550563574,1,-327.5,149.0,2614.9,1,-0.7539778352,-0.3980476558,-0.5225663185,0.2802681029,0.5245403051,-0.8039323688,0.5941104889,-0.7526058555,-0.2839317024,1,-487.9,6.7,2600.5,1,-0.0000026226,1.0000003576,0.0000000000,-1.0000003576,-0.0000026226,-0.0000000000,-0.0000000000,-0.0000000000,1.0000000000,0,-57.8,163.5,2647.5,1,0.0000197291,0.9999990463,0.0000000000,-0.9999990463,0.0000197291,-0.0000000000,-0.0000000000,-0.0000000000,1.0000000000,0,-57.8,-88.6,2647.5,0,0.8627187610,-0.3541777730,-0.3609353304,-0.4231287837,-0.1147501469,-0.8987738490,0.2769083381,0.9281111956,-0.2488599420,1,-261.2,-233.1,2628.9,1,0.8627188206,0.3121213913,-0.3978648186,-0.4231287837,0.8763983846,-0.2299738228,0.2769083381,0.3667508662,0.8881528974,1,-106.1,-182.8,2222.5,1,0.9351887107,0.1405095011,0.3250829279,0.3092730641,0.1232022420,-0.9429588318,-0.1725456119,0.9823839068,0.0717615485,1,-84.8,-223.6,2650.3,1,0.9351888299,-0.2957740426,0.1947808117,0.3092731237,0.9500333071,-0.0422708578,-0.1725456268,0.0997716933,0.9799355268,1,-140.9,-272.8,2258.4,1,-298.1,-63.9,2451.0,1,-57.8,-340.6,2647.5,0,-225.1,-517.0,2082.7,1,-33.9,-616.4,2222.3,1,
11,0.9915898442,-0.0295243505,-0.1260192245,0.0445309803,0.9920167923,0.1179801300,0.1215300038,-0.1225989312,0.9849850535,1,-201.1,352.2,2605.3,1,0.9915898442,-0.0295243505,-0.1260192245,0.0445309803,0.9920167923,0.1179801300,0.1215300038,-0.1225989312,0.9849850535,1,-195.2,154.1,2629.7,1,0.9914197326,-0.0440870374,-0.1230701134,0.0491306446,0.9980593920,0.0382509120,0.1211450174,-0.0439684689,0.9916583896,1,-186.7,-38.2,2638.2,1,0.7454891801,-0.4075133204,-0.5274266601,0.6639500856,0.5234338045,0.5340294242,0.0584488437,-0.7482981682,0.6607826948,1,-330.1,147.4,2613.3,1,-0.7582078576,-0.4075133502,-0.5089731812,0.2627706826,0.5234338045,-0.8105360866,0.5967179537,-0.7482980490,-0.2897891104,1,-490.4,4.6,2600.7,1,-0.0000026226,1.0000003576,0.0000000000,-1.0000003576,-0.0000026226,-0.0000000000,-0.0000000000,-0.0000000000,1.0000000000,0,-60.3,160.8,2646.2,1,0.0000197291,0.9999990463,0.0000000000,-0.9999990463,0.0000197291,-0.0000000000,-0.0000000000,-0.0000000000,1.0000000000,0,-60.3,-91.3,2646.2,0,0.8589258790,-0.3603809774,-0.3638299108,-0.4276939332,-0.1140806675,-0.8966959715,0.2816462219,0.9258030653,-0.2521195412,1,-266.4,-234.8,2635.9,1,0.8589256406,0.3173720837,-0.4018974900,-0.4276938438,0.8762050271,-0.2221318036,0.2816461623,0.3626837730,0.8883332014,1,-111.3,-185.7,2237.4,1,0.9371385574,0.1237244606,0.3262875974,0.3042367697,0.1682787538,-0.9376152754,-0.1709132195,0.9779439569,0.1200590134,1,-90.0,-226.0,2657.5,1,0.9371385574,-0.2911173999,0.1924109906,0.3042367697,0.9516742826,-0.0419052728,-0.1709132344,0.0978095308,0.9804193377,1,-138.5,-291.9,2274.4,1,-299.5,-61.6,2450.4,1,-60.3,-343.3,2646.2,0,-230.6,-515.1,2101.0,1,-40.1,-613.6,2241.3,1,
12,0.9916282296,-0.0285473838,-0.1259425431,0.0447417088,0.9908035994,0.1276949942,0.1211390719,-0.1322600842,0.9837826490,1,-202.2,353.4,2603.0,1,0.9916282296,-0.0285473838,-0.1259425431,0.0447417088,0.9908035994,0.1276949942,0.1211390719,-0.1322600842,0.9837826490,1,-196.5,155.1,2629.5,1,0.9915857911,-0.0395042486,-0.1232886389,0.0459822305,0.9976825118,0.0501470827,0.1210220009,-0.0553934239,0.9911009073,1,-188.9,-37.1,2640.1,1,0.6867744327,-0.4200525582,-0.5932089090,0.7171067595,0.5248670578,0.4585549235,0.1187386438,-0.7403179407,0.6616877317,1,-331.4,148.9,2613.0,1,-0.7420223355,-0.4200525582,-0.5224545002,0.2710045874,0.5248669982,-0.8068898916,0.6131551862,-0.7403178811,-0.2756268978,1,-474.8,-0.9,2588.2,1,-0.0000026226,1.0000003576,0.0000000000,-1.0000003576,-0.0000026226,-0.0000000000,-0.0000000000,-0.0000000000,1.0000000000,0,-61.6,161.4,2645.9,1,0.0000197291,0.9999990463,0.0000000000,-0.9999990463,0.0000197291,-0.0000000000,-0.0000000000,-0.0000000000,1.0000000000,0,-61.6,-90.7,2645.9,0,0.8533641100,-0.3685416877,-0.3687093854,-0.4349265099,-0.1133724451,-0.8933004141,0.2874169648,0.9226720333,-0.2570365369,1,-269.5,-233.4,2640.0,1,0.8533642292,0.3187898695,-0.4124835134,-0.4349265695,0.8715979457,-0.2261765748,0.2874169946,0.3724109530,0.8824407458,1,-108.8,-184.0,2237.7,1,0.9399010539,0.1237828657,0.3182201385,0.3042309284,0.1195144206,-0.9450713396,-0.1550155282,0.9850859642,0.0746731311,1,-93.1,-225.2,2661.6,1,0.9399008751,-0.2925065458,0.1761424690,0.3042308688,0.9516229630,-0.0430954471,-0.1550155282,0.0940934271,0.9834208488,1,-142.2,-272.6,2271.0,1,-287.9,-69.1,2433.8,1,-61.6,-342.7,2645.9,0,-227.8,-509.3,2098.7,1,-38.5,-609.8,2237.7,1,
13,0.9907998443,-0.0304373410,-0.1318801790,0.0482167453,0.9898349047,0.1337966770,0.1264673024,-0.1389237642,0.9821923375,1,-201.3,355.5,2601.4,1,0.9907998443,-0.0304373410,-0.1318801790,0.0482167453,0.9898349047,0.1337966770,0.1264673024,-0.1389237642,0.9821923375,1,-195.2,156.7,2629.3,1,0.9907730818,-0.0413730778,-0.1290734708,0.0489551052,0.9972221851,0.0561322719,0.1263926625,-0.0619323328,0.9900429249,1,-187.3,-35.5,2641.2,1,0.7338547707,-0.4746017456,-0.4860146940,0.6791086197,0.4953020513,0.5417447090,-0.0163889024,-0.7276186943,0.6857859492,1,-330.0,150.0,2612.1,1,-0.7271592617,-0.4746018648,-0.4959764481,0.2451715916,0.4953022003,-0.8334068060,0.6411944628,-0.7276188135,-0.2438046634,1,-492.6,-0.4,2615.7,1,-0.0000026226,1.0000003576,0.0000000000,-1.0000003576,-0.0000026226,-0.0000000000,-0.0000000000,-0.0000000000,1.0000000000,0,-60.4,163.3,2646.4,1,0.0000197291,0.9999990463,0.0000000000,-0.9999990463,0.0000197291,-0.0000000000,-0.0000000000,-0.0000000000,1.0000000000,0,-60.4,-88.7,2646.4,0,0.8518156409,-0.3685664237,-0.3722487092,-0.4356546998,-0.1038288996,-0.8941055536,0.2908870876,0.9237847924,-0.2490107864,1,-267.4,-232.0,2641.9,1,0.8518155813,0.3186895549,-0.4157490134,-0.4356546402,0.8716906905,-0.2244110107,0.2908871174,0.3722797632,0.8813583851,1,-104.7,-186.2,2234.1,1,0.9441178441,0.1176186427,0.3079080582,0.2978244424,0.0958155021,-0.9498000145,-0.1412165612,0.9884256124,0.0554314181,1,-91.1,-223.3,2664.4,1,0.9441179037,-0.2857587039,0.1642665565,0.2978245020,0.9531086683,-0.0537072457,-0.1412165612,0.0996285677,0.9849528670,1,-137.9,-261.4,2271.7,1,-309.5,-62.2,2454.3,1,-60.4,-340.8,2646.4,0,-223.3,-510.4,2095.6,1,-34.3,-606.9,2235.6,1,
14,0.9910627604,-0.0352467410,-0.1286672503,0.0485545099,0.9936187863,0.1018027961,0.1242580861,-0.1071396321,0.9864464998,1,-201.9,358.5,2610.0,1,0.9910627604,-0.0352467410,-0.1286672503,0.0485545099,0.9936187863,0.1018027961,0.1242580861,-0.1071396321,0.9864464998,1,-194.9,159.8,2631.5,1,0.9909997582,-0.0463677160,-0.1255888194,0.0500927791,0.9983882904,0.0266654678,0.1241500825,-0.0327158459,0.9917218089,1,-185.9,-32.5,2637.8,1,0.7464677095,-0.4992942810,-0.4398764074,0.6616562009,0.4867117405,0.5703707337,-0.0706898123,-0.7168102860,0.6936757565,1,-329.7,153.0,2614.6,1,-0.7171540260,-0.4992942512,-0.4862050712,0.2321010083,0.4867117405,-0.8421643972,0.6571294665,-0.7168102860,-0.2331606150,1,-502.5,-0.2,2630.9,1,-0.0000026226,1.0000003576,0.0000000000,-1.0000003576,-0.0000026226,-0.0000000000,-0.0000000000,-0.0000000000,1.0000000000,0,-60.1,166.6,2648.3,1,0.0000197291,0.9999990463,0.0000000000,-0.9999990463,0.0000197291,-0.0000000000,-0.0000000000,-0.0000000000,1.0000000000,0,-60.1,-85.4,2648.3,0,0.8544806838,-0.3614041805,-0.3731620610,-0.4324013591,-0.0966940075,-0.8964816928,0.2879096866,0.9273819923,-0.2388948053,1,-265.2,-229.3,2633.0,1,0.8544806242,0.3169563413,-0.4115842283,-0.4324013293,0.8730642796,-0.2253616452,0.2879096866,0.3705367148,0.8830688596,1,-105.2,-186.5,2222.6,1,0.9402507544,0.1272517145,0.3158095181,0.3051199019,0.0967054814,-0.9473911524,-0.1510976553,0.9871449471,0.0521003678,1,-88.9,-220.4,2655.1,1,0.9402506351,-0.2902534902,0.1779931486,0.3051199019,0.9502821565,-0.0621735118,-0.1510976255,0.1127679348,0.9820656180,1,-139.2,-258.7,2264.5,1,-321.9,-58.7,2465.4,1,-60.1,-337.5,2648.3,0,-222.9,-510.7,2085.0,1,-32.8,-607.0,2223.1,1,
15,0.9905943274,-0.0389748402,-0.1311755776,0.0546596944,0.9914862514,0.1181812286,0.1254527867,-0.1242389157,0.9842874408,1,-205.1,355.3,2604.9,1,0.9905943274,-0.0389748402,-0.1311755776,0.0546596944,0.9914862514,0.1181812286,0.1254527867,-0.1242389157,0.9842874408,1,-197.4,157.4,2629.7,1,0.9905819297,-0.0490154624,-0.1278594583,0.0549390540,0.9975536466,0.0432194471,0.1254283488,-0.0498361066,0.9908480048,1,-187.9,-34.8,2639.3,1,0.6882039905,-0.4659555554,-0.5561121106,0.7237728834,0.4940486252,0.4817351699,0.0502792560,-0.7340309620,0.6772522926,1,-332.1,149.9,2612.6,1,-0.7334254384,-0.4659555852,-0.4949469864,0.2483995706,0.4940486252,-0.8331948519,0.6327596307,-0.7340309024,-0.2466046810,1,-480.2,-5.8,2601.8,1,-0.0000026226,1.0000003576,0.0000000000,-1.0000003576,-0.0000026226,-0.0000000000,-0.0000000000,-0.0000000000,1.0000000000,0,-62.6,164.9,2646.7,1,0.0000197291,0.9999990463,0.0000000000,-0.9999990463,0.0000197291,-0.0000000000,-0.0000000000,-0.0000000000,1.0000000000,0,-62.6,-87.2,2646.7,0,0.8544329405,-0.3641148806,-0.3706275523,-0.4299567640,-0.0950461254,-0.8978326917,0.2916875482,0.9264914989,-0.2377642095,1,-266.6,-231.9,2637.7,1,0.8544328809,0.3144124150,-0.4136294127,-0.4299567938,0.8748317361,-0.2231737971,0.2916875184,0.3685297668,0.8826688528,1,-108.9,-190.7,2236.4,1,0.9361956120,0.1231914163,0.3291833103,0.3095068336,0.1548838913,-0.9381985664,-0.1665631980,0.9802218080,0.1068730354,1,-90.3,-222.1,2660.0,1,0.9361956716,-0.2937906384,0.1929373443,0.3095067739,0.9492216706,-0.0564247780,-0.1665632427,0.1125400364,0.9795874357,1,-138.4,-282.5,2277.8,1,-295.5,-68.4,2442.5,1,-62.6,-339.2,2646.7,0,-225.5,-515.3,2099.6,1,-36.0,-613.1,2238.6,1,
16,0.9897811413,-0.0344236009,-0.1383883953,0.0530578494,0.9896532297,0.1333072186,0.1323677301,-0.1392867565,0.9813631177,1,-203.6,357.6,2602.8,1,0.9897811413,-0.0344236009,-0.1383883953,0.0530578494,0.9896532297,0.1333072186,0.1323677301,-0.1392867565,0.9813631177,1,-196.7,159.2,2630.7,1,0.9896963239,-0.0470990427,-0.1352258027,0.0551259778,0.9968939424,0.0562404245,0.1321570128,-0.0631145760,0.9892151952,1,-187.6,-32.8,2642.9,1,0.6394155622,-0.4332535863,-0.6351686120,0.7571977377,0.4981943965,0.4224382043,0.1334145665,-0.7510617971,0.6466118097,1,-331.3,151.7,2612.7,1,-0.7607978582,-0.4332536161,-0.4831955433,0.2446112484,0.4981943965,-0.8318459988,0.6011255383,-0.7510617375,-0.2730465531,1,-468.3,-10.5,2584.1,1,-0.0000026226,1.0000003576,0.0000000000,-1.0000003576,-0.0000026226,-0.0000000000,-0.0000000000,-0.0000000000,1.0000000000,0,-62.1,166.7,2648.7,1,0.0000197291,0.9999990463,0.0000000000,-0.9999990463,0.0000197291,-0.0000000000,-0.0000000000,-0.0000000000,1.0000000000,0,-62.1,-85.3,2648.7,0,0.8532364964,-0.3644509614,-0.3730454445,-0.4334774613,-0.0978798047,-0.8958330154,0.2899735868,0.9260642529,-0.2414959073,1,-266.6,-229.8,2643.3,1,0.8532365561,0.3196499050,-0.4120817780,-0.4334774911,0.8740042448,-0.2195764780,0.2899736166,0.3659788072,0.8842934370,1,-106.0,-186.7,2235.2,1,0.9381990433,0.1243349910,0.3229911625,0.3080313802,0.1255117357,-0.9430606961,-0.1577946246,0.9842700362,0.0794559121,1,-90.5,-220.0,2666.8,1,0.9381990433,-0.2930500209,0.1841308028,0.3080313802,0.9495944381,-0.0581980683,-0.1577946395,0.1113194376,0.9811772704,1,-139.3,-269.3,2280.6,1,-276.8,-72.0,2432.8,1,-62.0,-337.4,2648.7,0,-224.5,-510.8,2099.5,1,-33.9,-610.7,2240.6,1,
17,0.9896104932,-0.0405706614,-0.1379429698,0.0552424714,0.9930149317,0.1042546406,0.1327498704,-0.1107910872,0.9849357605,1,-203.9,361.3,2610.3,1,0.9896104932,-0.0405706614,-0.1379429698,0.0552424714,0.9930149317,0.1042546406,0.1327498704,-0.1107910872,0.9849357605,1,-195.8,162.0,2632.5,1,0.9894403219,-0.0543743558,-0.1343668252,0.0588106029,0.9978396893,0.0292677470,0.1324852407,-0.0368601531,0.9904971719,1,-185.3,-30.2,2639.6,1,0.6125839949,-0.4147442579,-0.6728507280,0.7731413841,0.4913649261,0.4010149539,0.1642966270,-0.7658640742,0.6216581464,1,-330.4,154.0,2614.5,1,-0.7897396088,-0.4147441983,-0.4519939721,0.2237042636,0.4913648963,-0.8417345285,0.5711984038,-0.7658640742,-0.2952702940,1,-463.5,-13.9,2578.8,1,-0.0000026226,1.0000003576,0.0000000000,-1.0000003576,-0.0000026226,-0.0000000000,-0.0000000000,-0.0000000000,1.0000000000,0,-61.2,170.0,2650.5,1,0.0000197291,0.9999990463,0.0000000000,-0.9999990463,0.0000197291,-0.0000000000,-0.0000000000,-0.0000000000,1.0000000000,0,-61.2,-82.0,2650.5,0,0.8571593165,-0.3569853604,-0.3712675273,-0.4289931357,-0.0959220901,-0.8982004523,0.2850316465,0.9291719198,-0.2353647947,1,-262.9,-227.7,2634.9,1,0.8571591973,0.3184576035,-0.4047997594,-0.4289930463,0.8763727546,-0.2189423144,0.2850316465,0.3613246977,0.8878070712,1,-103.5,-184.8,2220.1,1,0.9361608028,0.1302897334,0.3265387416,0.3127886355,0.1154021472,-0.9427860975,-0.1605186164,0.9847369790,0.0672818199,1,-86.8,-217.2,2658.5,1,0.9361608028,-0.2967157960,0.1885807812,0.3127886653,0.9478347301,-0.0614216588,-0.1605186313,0.1164864749,0.9801350236,1,-138.5,-263.0,2267.6,1,-264.8,-70.2,2435.1,1,-61.2,-334.1,2650.5,0,-221.6,-509.7,2086.1,1,-30.2,-609.0,2225.1,1,
18,0.9877857566,-0.0453903601,-0.1490709782,0.0649003386,0.9895520210,0.1287402809,0.1416699886,-0.1368417889,0.9804078341,1,-205.0,365.4,2604.5,1,0.9877857566,-0.0453903601,-0.1490709782,0.0649003386,0.9895520210,0.1287402809,0.1416699886,-0.1368417889,0.9804078341,1,-195.9,166.8,2632.0,1,0.9876041412,-0.0600557923,-0.1450327188,0.0683204979,0.9962707162,0.0526894554,0.1413276196,-0.0619442165,0.9880207181,1,-184.3,-25.1,2643.9,1,0.6912618876,-0.4645078182,-0.5535245538,0.7225851417,0.4499187469,0.5248273611,0.0052546561,-0.7627617717,0.6466581821,1,-330.2,157.5,2612.7,1,-0.7710624337,-0.4645078778,-0.4355401397,0.2181348652,0.4499187768,-0.8660198450,0.5982306600,-0.7627618313,-0.2455900908,1,-487.6,-7.0,2611.5,1,-0.0000026226,1.0000003576,0.0000000000,-1.0000003576,-0.0000026226,-0.0000000000,-0.0000000000,-0.0000000000,1.0000000000,0,-61.6,176.1,2651.2,1,0.0000197291,0.9999990463,0.0000000000,-0.9999990463,0.0000197291,-0.0000000000,-0.0000000000,-0.0000000000,1.0000000000,0,-61.6,-76.0,2651.2,0,0.8595994711,-0.3539880216,-0.3684852421,-0.4246989489,-0.0939895585,-0.9004426003,0.2841121256,0.9305151701,-0.2311317027,1,-260.6,-223.1,2643.3,1,0.8595994711,0.3139275610,-0.4031605124,-0.4246989489,0.8776651621,-0.2221142352,0.2841121554,0.3621510863,0.8877651691,1,-106.0,-182.1,2236.8,1,0.9351969957,0.1276490092,0.3303217292,0.3103803396,0.1536448896,-0.9381137490,-0.1705015302,0.9798464179,0.1040684953,1,-84.9,-211.0,2668.4,1,0.9351969957,-0.2925961912,0.1994847804,0.3103803098,0.9484611750,-0.0639175177,-0.1705015600,0.1216915995,0.9778141379,1,-134.8,-271.0,2285.4,1,-293.5,-61.9,2461.0,1,-61.6,-328.0,2651.2,0,-222.4,-507.4,2102.6,1,-32.0,-604.2,2242.6,1,
19,0.9882581830,-0.0463723354,-0.1455966979,0.0662213862,0.9886854887,0.1345916390,0.1377081275,-0.1426520795,0.9801440239,1,-203.9,364.2,2602.6,1,0.9882581830,-0.0463723354,-0.1455966979,0.0662213862,0.9886854887,0.1345916390,0.1377081275,-0.1426520795,0.9801440239,1,-194.5,165.4,2631.3,1,0.9880439639,-0.0604775734,-0.1418263018,0.0702000111,0.9954400063,0.0645776689,0.1372741610,-0.0737609267,0.9877806902,1,-182.9,-26.4,2645.5,1,0.6487854123,-0.4289835691,-0.6285306215,0.7535001636,0.4776065052,0.4518071115,0.1063724607,-0.7667237520,0.6331032515,1,-328.9,155.9,2612.6,1,-0.7840445042,-0.4289835095,-0.4486060441,0.2246613950,0.4776064754,-0.8493641019,0.5786203146,-0.7667237520,-0.2780886889,1,-473.0,-11.4,2589.0,1,-0.0000026226,1.0000003576,0.0000000000,-1.0000003576,-0.0000026226,-0.0000000000,-0.0000000000,-0.0000000000,1.0000000000,0,-60.1,175.0,2650.0,1,0.0000197291,0.9999990463,0.0000000000,-0.9999990463,0.0000197291,-0.0000000000,-0.0000000000,-0.0000000000,1.0000000000,0,-60.1,-77.1,2650.0,0,0.8584579825,-0.3462034762,-0.3784087300,-0.4289106727,-0.0800454542,-0.8997935653,0.2812217772,0.9347383976,-0.2172060162,1,-259.1,-224.4,2647.5,1,0.8584579229,0.3206082582,-0.4003252983,-0.4289106131,0.8767485023,-0.2175952941,0.2812217474,0.3585001528,0.8901640177,1,-104.9,-188.8,2231.2,1,0.9322134256,0.1383137554,0.3344361782,0.3150629997,0.1445569247,-0.9379972219,-0.1780829728,0.9797818661,0.0911803618,1,-83.3,-211.9,2671.9,1,0.9322133660,-0.2983325422,0.2048802376,0.3150629401,0.9475446343,-0.0537996739,-0.1780829728,0.1147029474,0.9773073792,1,-139.1,-270.1,2277.3,1,-275.5,-68.0,2443.3,1,-60.1,-329.1,2650.0,0,-223.8,-513.8,2098.4,1,-31.4,-612.2,2235.9,1,
20,0.9880806804,-0.0598525703,-0.1418358982,0.0749577582,0.9917832017,0.1036653966,0.1344659775,-0.1130607501,0.9844449162,1,-206.8,373.1,2611.2,1,0.9880806804,-0.0598525703,-0.1418358982,0.0749577582,0.9917832017,0.1036653966,0.1344659775,-0.1130607501,0.9844449162,1,-194.8,173.9,2633.9,1,0.9878044724,-0.0745586902,-0.1366986781,0.0790436789,0.9964865446,0.0276731141,0.1341552436,-0.0381400548,0.9902238846,1,-180.4,-18.0,2641.2,1,0.5915740728,-0.4019112885,-0.6989330649,0.7866721749,0.4776164889,0.3911896944,0.1765983999,-0.7812489271,0.5987179875,1,-329.2,163.1,2615.6,1,-0.8157948256,-0.4019112885,-0.4158679843,0.2007196844,0.4776164889,-0.8553327322,0.5423933268,-0.7812489271,-0.3089655340,1,-464.2,-16.4,2575.3,1,-0.0000026226,1.0000003576,0.0000000000,-1.0000003576,-0.0000026226,-0.0000000000,-0.0000000000,-0.0000000000,1.0000000000,0,-60.4,184.6,2652.1,1,0.0000197291,0.9999990463,0.0000000000,-0.9999990463,0.0000197291,-0.0000000000,-0.0000000000,-0.0000000000,1.0000000000,0,-60.4,-67.4,2652.1,0,0.8622994423,-0.3399962187,-0.3752897084,-0.4249883890,-0.0828912854,-0.9013956785,0.2753628492,0.9367665648,-0.2159715593,1,-253.9,-217.0,2636.6,1,0.8622994423,0.3193713129,-0.3929907680,-0.4249883890,0.8783901334,-0.2186682522,0.2753628492,0.3555739820,0.8931643367,1,-101.1,-179.7,2215.5,1,0.9325680733,0.1424041986,0.3317198455,0.3143405914,0.1314950138,-0.9401591420,-0.1775021255,0.9810352325,0.0778646246,1,-78.2,-202.9,2660.5,1,0.9325679541,-0.2997258306,0.2011999637,0.3143405914,0.9482740164,-0.0443425179,-0.1775020957,0.1045977175,0.9785460830,1,-136.5,-256.7,2259.0,1,-258.9,-66.9,2438.9,1,-60.4,-319.5,2652.1,0,-219.5,-505.3,2083.7,1,-26.8,-603.6,2220.7,1,
21,0.9892320037,-0.0620248057,-0.1325755268,0.0738209635,0.9935564995,0.0859949812,0.1263875961,-0.0948551521,0.9874330759,1,-207.1,374.6,2615.4,1,0.9892320037,-0.0620248057,-0.1325755268,0.0738209635,0.9935564995,0.0859949812,0.1263875961,-0.0948551521,0.9874330759,1,-194.7,176.0,2634.4,1,0.9889087677,-0.0760340169,-0.1275991052,0.0784806386,0.9968133569,0.0142507274,0.1261090934,-0.0241060387,0.9917212129,1,-180.1,-16.0,2639.0,1,0.5231826305,-0.3416559398,-0.7807376385,0.8055296540,0.4973257184,0.3221631348,0.2782119215,-0.7974574566,0.5354061723,1,-329.2,165.3,2617.2,1,-0.8554748297,-0.3416559398,-0.3891454339,0.1867710799,0.4973257780,-0.8472212553,0.4829901159,-0.7974575758,-0.3616382182,1,-452.0,-23.6,2552.0,1,-0.0000026226,1.0000003576,0.0000000000,-1.0000003576,-0.0000026226,-0.0000000000,-0.0000000000,-0.0000000000,1.0000000000,0,-60.2,186.7,2651.6,1,0.0000197291,0.9999990463,0.0000000000,-0.9999990463,0.0000197291,-0.0000000000,-0.0000000000,-0.0000000000,1.0000000000,0,-60.2,-65.4,2651.6,0,0.8517472148,-0.3470799327,-0.3925073743,-0.4389922619,-0.0637772009,-0.8962244391,0.2860285044,0.9356644154,-0.2066874802,1,-253.4,-215.0,2632.5,1,0.8517472744,0.3236960471,-0.4120041132,-0.4389922619,0.8701463938,-0.2238995135,0.2860285044,0.3715724647,0.8832448721,1,-103.3,-187.4,2227.8,1,0.9315925241,0.1742492020,0.3190182149,0.3062704206,0.0964465365,-0.9470462799,-0.1957902610,0.9799668789,0.0364815034,1,-77.5,-201.1,2654.9,1,0.9315925837,-0.2914030850,0.2173008025,0.3062704206,0.9512082934,-0.0374328494,-0.1957902759,0.1014249623,0.9753867388,1,-146.6,-239.3,2266.0,1,-237.1,-70.5,2430.7,1,-60.2,-317.4,2651.6,0,-223.3,-509.9,2090.1,1,-33.2,-609.5,2226.5,1,
22,0.9892349243,-0.0614697076,-0.1328114569,0.0719787553,0.9945189953,0.0758295506,0.1274224520,-0.0845722109,0.9882341027,1,-207.1,368.7,2616.6,1,0.9892349243,-0.0614697076,-0.1328114569,0.0719787553,0.9945189953,0.0758295506,0.1274224520,-0.0845722109,0.9882341027,1,-194.8,170.6,2633.4,1,0.9888646007,-0.0766251981,-0.1275873482,0.0773193985,0.9970058203,0.0004903171,0.1271678954,-0.0103491917,0.9918249846,1,-180.1,-21.5,2635.4,1,0.5216997266,-0.3558620811,-0.7753653526,0.8025226593,0.5130704045,0.3044932187,0.2894594669,-0.7811022997,0.5532560945,1,-329.3,160.0,2616.1,1,-0.8473142385,-0.3558620811,-0.3942343593,0.1754515916,0.5130703449,-0.8402234912,0.5012736320,-0.7811023593,-0.3722952902,1,-452.4,-29.2,2547.9,1,-0.0000026226,1.0000003576,0.0000000000,-1.0000003576,-0.0000026226,-0.0000000000,-0.0000000000,-0.0000000000,1.0000000000,0,-60.3,181.1,2650.7,1,0.0000197291,0.9999990463,0.0000000000,-0.9999990463,0.0000197291,-0.0000000000,-0.0000000000,-0.0000000000,1.0000000000,0,-60.3,-71.0,2650.7,0,0.8477884531,-0.3494071364,-0.3989603519,-0.4440592825,-0.0564098805,-0.8942199349,0.2899415195,0.9352714419,-0.2029811144,1,-253.3,-220.5,2626.1,1,0.8477885127,0.3256868422,-0.4185484648,-0.4440593123,0.8674178720,-0.2244943976,0.2899415493,0.3761840761,0.8800110817,1,-104.1,-196.4,2226.7,1,0.9301213026,0.1885997653,0.3151263595,0.3070385456,0.0714497268,-0.9490112662,-0.2014989853,0.9794514179,0.0085495152,1,-77.3,-206.8,2648.7,1,0.9301213026,-0.2930363417,0.2213689089,0.3070385158,0.9511941671,-0.0309376009,-0.2014989853,0.0967445150,0.9746992588,1,-151.1,-234.7,2265.7,1,-239.2,-73.4,2421.8,1,-60.3,-323.0,2650.7,0,-224.8,-517.9,2087.3,1,-33.3,-616.9,2226.9,1,
23,0.9907356501,-0.0623677075,-0.1206491292,0.0703825429,0.9955059886,0.0633489266,0.1161562055,-0.0712530464,0.9906695485,1,-207.2,364.3,2618.6,1,0.9907356501,-0.0623677075,-0.1206491292,0.0703825429,0.9955059886,0.0633489266,0.1161562055,-0.0712530464,0.9906695485,1,-194.8,166.5,2632.8,1,0.9902241230,-0.0786335394,-0.1152220741,0.0776113346,0.9968939424,-0.0133375879,0.1159131527,0.0042652562,0.9932479858,1,-179.6,-25.6,2632.0,1,0.5189006925,-0.3625878692,-0.7741266489,0.8008421063,0.5229353309,0.2918740809,0.2989881933,-0.7714068890,0.5617271662,1,-329.5,155.9,2617.0,1,-0.8445546627,-0.3625879288,-0.3940270841,0.1655891240,0.5229353309,-0.8361333013,0.5092225075,-0.7714068890,-0.3816069067,1,-451.4,-32.3,2546.8,1,-0.0000026226,1.0000003576,0.0000000000,-1.0000003576,-0.0000026226,-0.0000000000,-0.0000000000,-0.0000000000,1.0000000000,0,-60.1,177.0,2648.6,1,0.0000197291,0.9999990463,0.0000000000,-0.9999990463,0.0000197291,-0.0000000000,-0.0000000000,-0.0000000000,1.0000000000,0,-60.1,-75.0,2648.6,0,0.8472388983,-0.3617995381,-0.3889565170,-0.4387242198,-0.0637360066,-0.8963586092,0.2995116413,0.9300746322,-0.2127298415,1,-252.6,-224.6,2620.9,1,0.8386598825,0.3286653757,-0.4343143106,-0.4579398334,0.8571947217,-0.2356024086,0.2948575616,0.3964800537,0.8694036603,1,-102.5,-198.2,2235.0,1,0.9313609600,0.1582788676,0.3278941512,0.3055774570,0.1498425901,-0.9403029680,-0.1979625970,0.9759584665,0.0911910832,1,-76.4,-210.8,2641.5,1,0.9313610792,-0.2891331315,0.2212889940,0.3055774868,0.9511815906,-0.0433136411,-0.1979626119,0.1079615653,0.9742459655,1,-137.6,-268.8,2263.9,1,-238.8,-74.0,2418.6,1,-60.1,-327.1,2648.6,0,-224.3,-515.8,2088.1,1,-32.8,-613.6,2224.8,1,
