1,0.5952404141,-0.1748429686,0.7842949629,-0.0775418133,0.9589841366,0.2726370394,-0.7997947931,-0.2230994403,0.5572689176,1,279.3,332.0,1413.5,1,0.5952404141,-0.1748429686,0.7842949629,-0.0775418133,0.9589841366,0.2726370394,-0.7997947931,-0.2230994403,0.5572689176,1,316.1,130.2,1460.4,1,0.5956969857,-0.1291084886,0.7927647233,-0.0804432556,0.9724414349,0.2188167125,-0.7991681099,-0.1941202283,0.5688949823,1,343.1,-73.0,1501.0,1,0.0007817745,-0.9999998808,0.0004991605,0.9999574423,0.0007863641,0.0092194937,-0.0092198830,0.0004919288,0.9999573827,0,233.6,141.3,1571.1,1,0.0093182325,-0.9999543428,0.0020213402,0.9998960495,0.0093398094,0.0109609691,-0.0109793488,0.0019189967,0.9999378920,0,233.4,-131.9,1573.6,0,0.2059915364,-0.3109479845,0.9278355837,-0.9720553160,0.0440696776,0.2305780947,-0.1125872061,-0.9494046569,-0.2931806743,1,398.6,119.1,1349.8,1,-0.0267915260,-0.3131822944,0.9493151307,-0.9983743429,-0.0394099094,-0.0411775336,0.0503084920,-0.9488750696,-0.3116172850,1,453.7,-141.2,1319.7,1,0.9882019758,0.0020719364,0.1531422138,-0.0016952769,0.9999952316,-0.0025900791,-0.1531468332,0.0022999030,0.9882007241,0,312.6,-268.5,1618.7,1,0.9581670761,0.0000000000,0.2862093747,0.0000000000,1.0000000000,0.0000000000,-0.2862093747,0.0000000000,0.9581670761,0,311.7,-686.5,1617.7,0,0.9881949425,0.0000503287,0.1532015651,-0.0000290049,1.0000000000,-0.0001414229,-0.1532015651,0.0001353098,0.9881949425,0,427.5,-284.0,1464.5,1,0.9969851375,0.0000302161,0.0775925890,-0.0000190468,1.0000000000,-0.0001446889,-0.0775925890,0.0001427748,0.9969851375,0,427.5,-702.0,1464.4,0,230.8,-405.2,1576.6,0,446.4,-414.0,1333.4,1,311.7,-1088.4,1617.7,0,427.5,-1103.9,1464.4,0,
2,0.5976917744,-0.1784404516,0.7816157937,-0.0736712962,0.9585648775,0.2751731277,-0.7983312607,-0.2220506072,0.5597808361,1,278.9,332.0,1414.4,1,0.5976917744,-0.1784404516,0.7816157937,-0.0736712962,0.9585648775,0.2751731277,-0.7983312607,-0.2220506072,0.5597808361,1,316.4,130.5,1461.1,1,0.5979394913,-0.1308324784,0.7907913327,-0.0752187669,0.9730730653,0.2178650051,-0.7980013490,-0.1897516549,0.5719982386,1,343.7,-72.9,1500.8,1,0.0006253123,-1.0000000000,0.0003987504,0.9999728203,0.0006282330,0.0073756715,-0.0073759202,0.0003941259,0.9999727011,0,233.6,140.9,1571.6,1,0.0083879828,-0.9999629259,0.0018146159,0.9999157190,0.0084055066,0.0098657692,-0.0098806582,0.0017317124,0.9999496937,0,233.4,-132.4,1573.6,0,0.2026861310,-0.3087120354,0.9293089509,-0.9724096060,0.0484709702,0.2281884104,-0.1154890209,-0.9499195814,-0.2903701961,1,399.2,120.1,1350.6,1,-0.0248599574,-0.3111451268,0.9500371814,-0.9983504415,-0.0414708480,-0.0397062376,0.0517532527,-0.9494571686,-0.3096008897,1,453.6,-141.1,1319.6,1,0.9886735678,0.0016296454,0.1500729918,-0.0013311717,0.9999969602,-0.0020892895,-0.1500759274,0.0018658523,0.9886727333,0,313.4,-269.0,1617.4,1,0.9660700560,0.0000000000,0.2582801878,0.0000000000,1.0000000000,0.0000000000,-0.2582801878,0.0000000000,0.9660700560,0,312.7,-687.0,1616.6,0,0.9886690974,0.0000386070,0.1501107216,-0.0000218236,1.0000000000,-0.0001134544,-0.1501107216,0.0001088929,0.9886690974,0,428.7,-283.5,1463.5,1,0.9975577593,0.0000266965,0.0698466152,-0.0000176485,1.0000000000,-0.0001301586,-0.0698466152,0.0001286080,0.9975577593,0,428.7,-701.5,1463.4,0,231.1,-405.7,1576.3,0,446.8,-414.0,1333.8,1,312.7,-1088.9,1616.6,0,428.7,-1103.4,1463.4,0,
3,0.6004024744,-0.1822354645,0.7786571383,-0.0712110624,0.9576346874,0.2790323496,-0.7965183854,-0.2229799330,0.5619894862,1,278.2,331.9,1413.9,1,0.6004024744,-0.1822354645,0.7786571383,-0.0712110624,0.9576346874,0.2790323496,-0.7965183854,-0.2229799330,0.5619894862,1,316.5,130.7,1460.7,1,0.6005235910,-0.1338104904,0.7883310914,-0.0719512850,0.9728531241,0.2199410051,-0.7963605523,-0.1888004243,0.5745939016,1,344.5,-72.6,1500.2,1,0.0005001426,-1.0000000000,0.0003186308,0.9999825954,0.0005019903,0.0059005800,-0.0059007388,0.0003156732,0.9999825358,0,233.3,140.7,1571.0,1,0.0075504780,-0.9999698997,0.0016294350,0.9999316335,0.0075646639,0.0088799130,-0.0088919736,0.0015622792,0.9999592304,0,233.2,-132.6,1572.6,0,0.2006464899,-0.3058629036,0.9306927323,-0.9731217027,0.0473804623,0.2253648043,-0.1130273789,-0.9508959651,-0.2881350815,1,399.6,120.8,1350.5,1,-0.0232925136,-0.3080888391,0.9510723352,-0.9983986020,-0.0418899693,-0.0380213298,0.0515543483,-0.9504349232,-0.3066197038,1,453.3,-139.7,1320.2,1,0.9891688824,0.0012815197,0.1467767060,-0.0010456140,0.9999980330,-0.0016843827,-0.1467785835,0.0015126668,0.9891682267,0,314.5,-269.0,1616.5,1,0.9724870324,0.0000000000,0.2329571247,0.0000000000,1.0000000000,0.0000000000,-0.2329571247,0.0000000000,0.9724870324,0,314.0,-687.0,1615.8,0,0.9891660213,0.0000295796,0.1468008161,-0.0000163994,1.0000000000,-0.0000909929,-0.1468008161,0.0000875996,0.9891660213,0,430.3,-282.9,1462.8,1,0.9980216026,0.0000236231,0.0628717393,-0.0000162936,1.0000000000,-0.0001170911,-0.0628717393,0.0001158350,0.9980216026,0,430.3,-700.9,1462.8,0,231.1,-405.9,1575.0,0,447.0,-412.6,1334.3,1,314.0,-1088.9,1615.8,0,430.3,-1102.8,1462.7,0,
4,0.5877518654,-0.1797919720,0.7888107300,-0.0731169358,0.9591976404,0.2731083930,-0.8057277799,-0.2181945890,0.5506247282,1,277.1,331.7,1415.1,1,0.5877518654,-0.1797919720,0.7888107300,-0.0731169358,0.9591976404,0.2731083930,-0.8057277799,-0.2181945890,0.5506247282,1,315.0,130.0,1461.0,1,0.5878088474,-0.1384731382,0.7970606089,-0.0734632760,0.9720324278,0.2230478674,-0.8056547046,-0.1896634102,0.5611970425,1,343.9,-73.1,1500.6,1,0.0004000664,-0.9999998212,0.0002546676,0.9999887347,0.0004012585,0.0047204876,-0.0047205891,0.0002527765,0.9999888539,0,233.6,140.2,1572.5,1,0.0067964792,-0.9999756813,0.0014634777,0.9999446869,0.0068079233,0.0079925014,-0.0080022719,0.0014090780,0.9999669790,0,233.5,-133.1,1573.8,0,0.2133935690,-0.3194580078,0.9232604504,-0.9708791971,0.0359861925,0.2368513346,-0.1088886857,-0.9469168782,-0.3024759293,1,396.3,119.8,1349.5,1,-0.0215732362,-0.3208132088,0.9468967319,-0.9985827804,-0.0391744263,-0.0360232927,0.0486508869,-0.9463319182,-0.3195134699,1,453.2,-139.0,1320.4,1,0.9866795540,0.0010076074,0.1626728624,-0.0007948289,0.9999987483,-0.0013730912,-0.1626740396,0.0012255041,0.9866791368,0,316.1,-269.2,1618.0,1,0.9776949286,0.0000000000,0.2100299895,0.0000000000,1.0000000000,0.0000000000,-0.2100299895,0.0000000000,0.9776949286,0,315.7,-687.2,1617.5,0,0.9866777658,0.0000226360,0.1626870632,-0.0000108742,1.0000000000,-0.0000731878,-0.1626870632,0.0000704437,0.9866777658,0,429.5,-283.4,1462.6,1,0.9983974099,0.0000209334,0.0565916821,-0.0000149962,1.0000000000,-0.0001053387,-0.0565916821,0.0001043212,0.9983974099,0,429.5,-701.4,1462.5,0,231.6,-406.4,1576.0,0,447.3,-411.9,1333.7,1,315.7,-1089.1,1617.5,0,429.5,-1103.3,1462.5,0,
5,0.5943026543,-0.1859154701,0.7824572921,-0.0704119503,0.9571467638,0.2809030116,-0.8011505008,-0.2220349610,0.5557446480,1,276.0,331.9,1414.2,1,0.5943026543,-0.1859154701,0.7824572921,-0.0704119503,0.9571467638,0.2809030116,-0.8011505008,-0.2220349610,0.5557446480,1,315.1,130.4,1461.0,1,0.5942757726,-0.1400155872,0.7919795513,-0.0702531114,0.9719252586,0.2245441079,-0.8011844158,-0.1890793741,0.5677555799,1,344.4,-72.7,1500.5,1,0.0003202558,-0.9999998808,0.0002035833,0.9999927282,0.0003209710,0.0037764036,-0.0037764688,0.0002023726,0.9999928474,0,232.8,140.1,1571.9,1,0.0061175823,-0.9999802709,0.0013146885,0.9999552369,0.0061268806,0.0071937186,-0.0072016325,0.0012706225,0.9999732375,0,232.7,-133.2,1572.9,0,0.2099670768,-0.3130902648,0.9262225628,-0.9713989496,0.0406479910,0.2339483798,-0.1108960509,-0.9488530755,-0.2956008017,1,397.4,120.7,1350.0,1,-0.0272490587,-0.3151521981,0.9486498237,-0.9983873963,-0.0386988558,-0.0415339135,0.0498011746,-0.9482517838,-0.3135894537,1,453.8,-140.5,1320.2,1,0.9879781008,0.0007902756,0.1545918584,-0.0006271350,0.9999991655,-0.0011040641,-0.1545926034,0.0009938411,0.9879778028,0,316.3,-269.1,1617.3,1,0.9819200635,0.0000000000,0.1892959177,0.0000000000,1.0000000000,0.0000000000,-0.1892959177,0.0000000000,0.9819200635,0,316.0,-687.1,1616.9,0,0.9879771471,0.0000171924,0.1545999348,-0.0000082251,1.0000000000,-0.0000586427,-0.1545999348,0.0000566660,0.9879770875,0,430.9,-282.6,1462.7,1,0.9987018108,0.0000185746,0.0509376228,-0.0000137652,1.0000000000,-0.0000947685,-0.0509376228,0.0000939443,0.9987018108,0,430.9,-700.6,1462.7,0,231.1,-406.5,1574.9,0,446.4,-413.3,1333.8,1,316.0,-1089.0,1616.9,0,430.9,-1102.6,1462.7,0,
6,0.5979501009,-0.1918618679,0.7782315612,-0.0671398416,0.9555245042,0.2871577442,-0.7987137437,-0.2239555418,0.5584747791,1,274.9,331.4,1414.3,1,0.5979501009,-0.1918618679,0.7782315612,-0.0671398416,0.9555245042,0.2871577442,-0.7987137437,-0.2239555418,0.5584747791,1,315.3,130.5,1461.4,1,0.5978224874,-0.1427202821,0.7888211608,-0.0664051399,0.9718219042,0.2261566073,-0.7988706827,-0.1875824928,0.5715000629,1,345.1,-72.6,1500.6,1,0.0002562404,-0.9999997616,0.0001627700,0.9999952316,0.0002567768,0.0030211308,-0.0030211725,0.0001619956,0.9999954104,0,232.5,139.7,1572.0,1,0.0055066347,-0.9999839664,0.0011812411,0.9999637008,0.0055142045,0.0064747217,-0.0064811325,0.0011455459,0.9999783635,0,232.4,-133.6,1572.8,0,0.2087232918,-0.3099505901,0.9275587797,-0.9713572860,0.0444441885,0.2334303707,-0.1135764718,-0.9497133493,-0.2917962074,1,398.0,121.3,1350.8,1,-0.0264028385,-0.3123067617,0.9496143460,-0.9983856082,-0.0395505279,-0.0407661460,0.0502892919,-0.9491576552,-0.3107583523,1,454.0,-139.2,1320.3,1,0.9886816144,0.0006200282,0.1500274837,-0.0004922262,0.9999994636,-0.0008889901,-0.1500279605,0.0008050807,0.9886814356,0,317.2,-269.3,1616.8,1,0.9853468537,0.0000000000,0.1705625504,0.0000000000,1.0000000000,0.0000000000,-0.1705625504,0.0000000000,0.9853468537,0,317.0,-687.3,1616.5,0,0.9886813164,0.0000130534,0.1500305533,-0.0000060706,1.0000000000,-0.0000470001,-0.1500305533,0.0000455573,0.9886813164,0,432.6,-282.1,1462.7,1,0.9989484549,0.0000165020,0.0458475724,-0.0000126062,1.0000000000,-0.0000852615,-0.0458475724,0.0000845938,0.9989484549,0,432.6,-700.1,1462.7,0,230.9,-406.9,1574.6,0,446.8,-412.1,1334.1,1,317.0,-1089.2,1616.5,0,432.6,-1102.0,1462.7,0,
7,0.6008509398,-0.1887032390,0.7767682672,-0.0601087585,0.9583166242,0.2793034315,-0.7970954180,-0.2145095021,0.5644630790,1,275.3,331.6,1416.8,1,0.6008509398,-0.1887032390,0.7767682672,-0.0601087585,0.9583166242,0.2793034315,-0.7970954180,-0.2145095021,0.5644630790,1,315.0,130.0,1462.0,1,0.6007762551,-0.1430445313,0.7865149379,-0.0596746504,0.9730882049,0.2225590050,-0.7971842289,-0.1806423813,0.5760725737,1,344.9,-73.4,1499.7,1,0.0002052784,-0.9999999404,0.0001301547,0.9999970794,0.0002055764,0.0024169097,-0.0024169362,0.0001296581,0.9999970794,0,231.9,138.2,1572.3,1,0.0049565434,-0.9999871254,0.0010615145,0.9999706745,0.0049626231,0.0058275526,-0.0058327457,0.0010325992,0.9999824762,0,231.8,-135.1,1573.0,0,0.2062899917,-0.3062025607,0.9293462038,-0.9714395404,0.0497270897,0.2320177853,-0.1172581315,-0.9506666064,-0.2871991396,1,398.2,121.7,1351.6,1,-0.0235787071,-0.3084842265,0.9509371519,-0.9985279441,-0.0392084867,-0.0374779738,0.0488461703,-0.9504210353,-0.3071056306,1,453.4,-138.0,1320.3,1,0.9893130064,0.0004864326,0.1458065957,-0.0003862144,0.9999996424,-0.0007156432,-0.1458068788,0.0006516826,0.9893128276,0,316.9,-271.0,1614.4,1,0.9881254435,0.0000000000,0.1536494195,0.0000000000,1.0000000000,0.0000000000,-0.1536494195,0.0000000000,0.9881254435,0,316.7,-689.0,1614.1,0,0.9893132448,0.0000098960,0.1458057016,-0.0000044521,1.0000000000,-0.0000376630,-0.1458057016,0.0000366114,0.9893132448,0,432.8,-282.5,1460.6,1,0.9991481900,0.0000146774,0.0412655994,-0.0000115218,1.0000000000,-0.0000767104,-0.0412655994,0.0000761696,0.9991481900,0,432.8,-700.5,1460.6,0,230.5,-408.4,1574.6,0,446.9,-410.9,1333.6,1,316.7,-1090.9,1614.1,0,432.8,-1102.4,1460.5,0,
8,0.5837762356,-0.1879668087,0.7898564935,-0.0651490390,0.9588479400,0.2763339877,-0.8092938662,-0.2127748430,0.5475072265,1,275.2,331.9,1417.6,1,0.5837762356,-0.1879668087,0.7898564935,-0.0651490390,0.9588479400,0.2763339877,-0.8092938662,-0.2127748430,0.5475072265,1,314.6,130.8,1462.2,1,0.5836237669,-0.1503246576,0.7979883552,-0.0642792881,0.9710760713,0.2299426198,-0.8094733953,-0.1854933351,0.5570808053,1,346.0,-72.2,1501.0,1,0.0001643896,-0.9999998808,0.0001040841,0.9999979734,0.0001645684,0.0019335304,-0.0019335474,0.0001037663,0.9999981523,0,233.8,139.7,1574.2,1,0.0044612288,-0.9999895096,0.0009540641,0.9999761581,0.0044661760,0.0052450416,-0.0052492479,0.0009306422,0.9999858141,0,233.8,-133.6,1574.8,0,0.2178176939,-0.3257631958,0.9200183749,-0.9695454240,0.0359222814,0.2422628701,-0.1119694859,-0.9447687268,-0.3080177009,1,395.4,121.9,1350.2,1,-0.0240629818,-0.3271779716,0.9446563125,-0.9986701012,-0.0352309234,-0.0376409516,0.0455964059,-0.9443057775,-0.3258951008,1,453.7,-137.4,1320.2,1,0.9858807325,0.0003815985,0.1674482375,-0.0002879397,0.9999997616,-0.0005836089,-0.1674484313,0.0005271538,0.9858806729,0,321.2,-268.9,1617.8,1,0.9903779626,0.0000000000,0.1383888721,0.0000000000,1.0000000000,0.0000000000,-0.1383888721,0.0000000000,0.9903779626,0,321.0,-686.9,1617.6,0,0.9858812690,0.0000074898,0.1674456000,-0.0000024593,1.0000000000,-0.0000302502,-0.1674456000,0.0000294113,0.9858812690,0,433.7,-281.3,1461.7,1,0.9993100166,0.0000130683,0.0371409729,-0.0000105122,1.0000000000,-0.0000690186,-0.0371409729,0.0000685806,0.9993100166,0,433.7,-699.3,1461.7,0,232.6,-406.9,1576.2,0,447.1,-410.3,1332.7,1,321.0,-1088.8,1617.6,0,433.7,-1101.2,1461.6,0,
9,0.5890389085,-0.1916232258,0.7850562334,-0.0609773844,0.9581664801,0.2796299160,-0.8057980537,-0.2125827968,0.5527131557,1,274.5,332.7,1418.0,1,0.5890389085,-0.1916232258,0.7850562334,-0.0609773844,0.9581664801,0.2796299160,-0.8057980537,-0.2125827968,0.5527131557,1,314.8,131.4,1462.6,1,0.5888110399,-0.1498010010,0.7942674756,-0.0596895404,0.9719303846,0.2275580466,-0.8060610294,-0.1813973784,0.5633422732,1,346.1,-71.8,1500.5,1,0.0001317263,-0.9999998808,0.0000832420,0.9999986887,0.0001318455,0.0015468259,-0.0015468368,0.0000830384,0.9999988079,0,233.3,139.6,1574.2,1,0.0040156245,-0.9999914169,0.0008576050,0.9999805689,0.0040196180,0.0047207344,-0.0047241412,0.0008386329,0.9999884963,0,233.3,-133.7,1574.6,0,0.2146054208,-0.3204558194,0.9226335287,-0.9696130753,0.0436958969,0.2407096773,-0.1174521148,-0.9462551475,-0.3013407886,1,396.3,123.1,1351.0,1,-0.0245382302,-0.3223630190,0.9462979436,-0.9987324476,-0.0337077081,-0.0373806581,0.0439476818,-0.9460157156,-0.3211272657,1,454.0,-137.5,1319.5,1,-0.9794111252,0.1400258541,-0.1454179585,0.1116456836,0.9758564234,0.1877216399,0.1681929827,0.1676213741,-0.9713979959,0,320.6,-269.1,1616.2,0,-0.8080589175,0.0837941766,0.5831117630,0.1191406250,0.9926233292,0.0224598236,-0.5769283175,0.0876211599,-0.8120813966,0,262.1,-677.0,1546.1,0,-0.9794111252,0.1400258541,-0.1454179585,0.1116456836,0.9758564234,0.1877216399,0.1681929827,0.1676213741,-0.9713979959,1,434.2,-280.6,1460.7,1,-0.8080589175,0.0837941766,0.5831117630,0.1191406250,0.9926233292,0.0224598236,-0.5769283175,0.0876211599,-0.8120813966,1,375.9,-687.0,1390.9,1,232.2,-407.0,1575.9,0,447.3,-410.5,1331.5,1,228.4,-1076.0,1510.9,0,342.5,-1083.3,1355.9,1,
10,0.5894320011,-0.1857642680,0.7861686349,-0.0579611659,0.9609639645,0.2705235481,-0.8057332635,-0.2050216794,0.5556562543,1,275.4,333.6,1421.2,1,0.5894320011,-0.1857642680,0.7861686349,-0.0579611659,0.9609639645,0.2705235481,-0.8057332635,-0.2050216794,0.5556562543,1,314.5,131.4,1464.3,1,0.5893421173,-0.1448004246,0.7948008180,-0.0574351288,0.9738045335,0.2200000137,-0.8058367372,-0.1753039658,0.5655878782,1,344.7,-72.1,1500.9,1,0.0001055002,-0.9999998808,0.0000665773,0.9999991655,0.0001055598,0.0012374616,-0.0012374687,0.0000664469,0.9999992251,0,232.9,139.4,1575.9,1,0.0036146045,-0.9999929667,0.0007709923,0.9999842644,0.0036178231,0.0042488193,-0.0042515793,0.0007556232,0.9999907017,0,232.8,-133.9,1576.2,0,0.2134906650,-0.3194065988,0.9232556820,-0.9688680172,0.0520490184,0.2420446277,-0.1253652126,-0.9461871386,-0.2983508706,1,396.0,123.5,1352.7,1,-0.0300713796,-0.3220759034,0.9462360740,-0.9986344576,-0.0307776965,-0.0422125831,0.0427186266,-0.9462133646,-0.3207105994,1,453.2,-136.1,1319.2,1,0.9625459909,0.1710630357,-0.2103403807,-0.1900750995,0.9790058136,-0.0736153573,0.1933314800,0.1108385772,0.9748528004,0,318.1,-270.1,1615.3,1,-0.6378692389,0.0686288029,0.7670807838,0.1152040660,0.9933176637,0.0069287680,-0.7614793777,0.0927904695,-0.6415131092,0,246.6,-679.3,1569.0,0,0.9625459909,0.1710630357,-0.2103403807,-0.1900750995,0.9790058136,-0.0736153573,0.1933314800,0.1108385772,0.9748528004,0,431.8,-281.1,1459.8,1,-0.6378692389,0.0686288029,0.7670807838,0.1152040660,0.9933176637,0.0069287680,-0.7614793777,0.0927904695,-0.6415131092,0,360.3,-690.4,1413.5,0,231.8,-407.2,1577.4,0,445.0,-409.0,1330.8,1,219.0,-1078.5,1531.7,0,332.7,-1089.6,1376.2,0,
11,0.5853666663,-0.1837179363,0.7896792293,-0.0495594516,0.9640563130,0.2610238194,-0.8092499375,-0.1919298917,0.5552219748,1,275.4,334.2,1426.3,1,0.5853666663,-0.1837179363,0.7896792293,-0.0495594516,0.9640563130,0.2610238194,-0.8092499375,-0.1919298917,0.5552219748,1,314.0,131.4,1466.6,1,0.5856161118,-0.1443743855,0.7976273894,-0.0510343947,0.9754883647,0.2140373588,-0.8089777231,-0.1660493463,0.5638941526,1,344.2,-72.4,1501.3,1,0.0000845194,-0.9999999404,0.0000532515,0.9999994636,0.0000845790,0.0009899698,-0.0009899744,0.0000531678,0.9999995232,0,232.9,138.5,1578.6,1,0.0032534599,-0.9999944568,0.0006932025,0.9999874234,0.0032560825,0.0038240654,-0.0038263015,0.0006807524,0.9999924302,0,232.9,-134.8,1578.9,0,0.2126229554,-0.3233176470,0.9220939279,-0.9679477811,0.0594041422,0.2440253496,-0.1336739063,-0.9444241524,-0.3003238738,1,395.1,124.4,1354.6,1,-0.0344763473,-0.3262414932,0.9446575642,-0.9984369874,-0.0303601008,-0.0469240770,0.0439884774,-0.9447988272,-0.3246848583,1,452.2,-135.5,1318.7,1,0.9787447453,0.1390908957,0.1507062614,-0.1237186119,0.9865297079,-0.1070184037,-0.1635614783,0.0860985368,0.9827688932,0,317.9,-271.4,1614.1,1,-0.4496768713,0.0542654097,0.8915413618,0.1084449142,0.9940854907,-0.0058093630,-0.8865835667,0.0940707922,-0.4529020786,0,259.7,-683.7,1578.1,0,0.9787447453,0.1390908957,0.1507062614,-0.1237186119,0.9865297079,-0.1070184037,-0.1635614783,0.0860985368,0.9827688932,0,430.8,-281.2,1458.0,1,-0.4496768713,0.0542654097,0.8915413618,0.1084449142,0.9940854907,-0.0058093630,-0.8865835667,0.0940707922,-0.4529020786,0,372.7,-693.6,1422.0,0,232.0,-408.1,1579.9,0,442.7,-408.4,1330.8,1,237.9,-1083.3,1540.3,0,350.9,-1093.1,1384.2,0,
12,0.5863257051,-0.1882797182,0.7878911495,-0.0479928069,0.9628299475,0.2657993734,-0.8086498380,-0.1936573088,0.5554964542,1,275.4,334.9,1424.8,1,0.5863257051,-0.1882797182,0.7878911495,-0.0479928069,0.9628299475,0.2657993734,-0.8086498380,-0.1936573088,0.5554964542,1,315.0,132.5,1465.5,1,0.5864802003,-0.1485930979,0.7962164283,-0.0488817804,0.9747397304,0.2179153264,-0.8084844947,-0.1667227000,0.5644026399,1,346.0,-71.2,1500.3,1,0.0000677705,-1.0000000000,0.0000425946,0.9999996424,0.0000678301,0.0007919763,-0.0007919791,0.0000425409,0.9999997020,0,233.8,139.3,1577.4,1,0.0029281974,-0.9999955297,0.0006233227,0.9999898076,0.0029303432,0.0034417631,-0.0034435741,0.0006132383,0.9999938607,0,233.8,-134.0,1577.6,0,0.2052353323,-0.3232786953,0.9237799048,-0.9698628783,0.0594646595,0.2362833470,-0.1313176304,-0.9444335103,-0.3013317883,1,396.2,125.7,1353.6,1,-0.0328162089,-0.3261268437,0.9447562099,-0.9985160232,-0.0304073282,-0.0451800674,0.0434619486,-0.9448368549,-0.3246449828,1,451.1,-134.0,1318.4,1,0.9819377065,0.1103812605,0.1536695361,-0.0977653340,0.9913654327,-0.0873868242,-0.1619885564,0.0707848743,0.9842506051,0,320.5,-270.2,1613.2,1,-0.2601503134,0.0413908362,0.9646807313,0.1000472158,0.9948587418,-0.0157054439,-0.9603710771,0.0924278349,-0.2629538774,0,274.4,-684.6,1583.6,0,0.9819377065,0.1103812605,0.1536695361,-0.0977653340,0.9913654327,-0.0873868242,-0.1619885564,0.0707848743,0.9842506051,0,433.7,-279.6,1457.2,1,-0.2601503134,0.0413908362,0.9646807313,0.1000472158,0.9948587418,-0.0157054439,-0.9603710771,0.0924278349,-0.2629538774,0,387.5,-694.0,1427.6,0,233.0,-407.4,1578.6,0,442.2,-406.9,1330.3,1,257.8,-1084.5,1546.4,0,370.9,-1093.9,1390.5,0,
13,0.5663021803,-0.1832328290,0.8035714626,-0.0635586902,0.9623594284,0.2642321587,-0.8217406869,-0.2007083744,0.5333407521,1,275.4,333.9,1424.6,1,0.5663021803,-0.1832328290,0.8035714626,-0.0635586902,0.9623594284,0.2642321587,-0.8217406869,-0.2007083744,0.5333407521,1,313.9,131.9,1466.7,1,0.5658911467,-0.1508871466,0.8105552793,-0.0611785017,0.9727134109,0.2237852216,-0.8222043514,-0.1762258261,0.5412194133,1,345.4,-71.4,1503.5,1,0.0000541806,-1.0000000000,0.0000340714,0.9999997616,0.0000541806,0.0006335813,-0.0006335832,0.0000340370,0.9999998212,0,235.5,140.4,1580.5,1,0.0026351810,-0.9999966621,0.0005605370,0.9999920130,0.0026369095,0.0030976711,-0.0030991381,0.0005523684,0.9999950528,0,235.5,-132.9,1580.6,0,0.2201187611,-0.3471079171,0.9116270542,-0.9665068388,0.0488127694,0.2519557178,-0.1319548488,-0.9365539551,-0.3247376084,1,392.2,123.5,1352.9,1,-0.0379460827,-0.3494656384,0.9361805320,-0.9983715415,-0.0266773403,-0.0504252091,0.0425966792,-0.9365694523,-0.3478842080,1,450.6,-133.0,1317.9,1,0.9794232845,0.0875144601,0.1818551719,-0.0752478465,0.9944668412,-0.0733041018,-0.1872641146,0.0581115410,0.9805892110,0,322.4,-268.7,1619.6,1,-0.0799839497,0.0303060748,0.9963355660,0.0909102708,0.9955937862,-0.0229854323,-0.9926421046,0.0887386650,-0.0823867321,0,285.8,-684.4,1595.3,0,0.9794232845,0.0875144601,0.1818551719,-0.0752478465,0.9944668412,-0.0733041018,-0.1872641146,0.0581115410,0.9805892110,0,431.5,-280.5,1461.1,1,-0.0799839497,0.0303060748,0.9963355660,0.0909102708,0.9955937862,-0.0229854323,-0.9926421046,0.0887386650,-0.0823867321,0,394.9,-696.2,1436.8,0,234.8,-406.2,1581.5,0,440.2,-405.9,1329.5,1,273.6,-1084.6,1559.7,0,382.7,-1096.4,1401.1,0,
14,0.5735933185,-0.1867589653,0.7975658774,-0.0586931631,0.9617865086,0.2674242854,-0.8170320392,-0.2002036273,0.5407134295,1,274.5,333.2,1424.9,1,0.5735933185,-0.1867589653,0.7975658774,-0.0586931631,0.9617865086,0.2674242854,-0.8170320392,-0.2002036273,0.5407134295,1,313.7,131.3,1467.0,1,0.5734726787,-0.1516468078,0.8050664067,-0.0580035076,0.9727323055,0.2245468944,-0.8171660304,-0.1754673719,0.5490399599,1,345.4,-72.0,1503.7,1,0.0000432730,-1.0000000000,0.0000272544,0.9999998808,0.0000432730,0.0005068652,-0.0005068664,0.0000272324,0.9999998808,0,234.3,139.3,1580.1,1,0.0023710132,-0.9999974370,0.0005041151,0.9999936223,0.0023723841,0.0027879728,-0.0027891609,0.0004975005,0.9999960065,0,234.3,-134.0,1580.2,0,0.2150982469,-0.3402829170,0.9153906703,-0.9669883251,0.0569201186,0.2483818382,-0.1366242617,-0.9385985732,-0.3168062270,1,393.1,123.3,1353.9,1,-0.0510360412,-0.3444780111,0.9374060631,-0.9974856973,-0.0286305510,-0.0648281574,0.0491703302,-0.9383577108,-0.3421506584,1,450.7,-135.6,1317.3,1,-0.8095635772,0.1976449788,0.5527599454,0.1322577596,0.9788173437,-0.1562835425,-0.5719397068,-0.0534146726,-0.8185549974,0,321.1,-269.6,1620.1,1,-0.7314225435,-0.0128179565,0.6818039417,0.0008650701,0.9998050928,0.0197244212,-0.6819238663,0.0150166964,-0.7312688828,0,238.5,-678.8,1642.4,0,0.9822025299,0.0692148209,0.1746069193,-0.0596741177,0.9964538813,-0.0593178682,-0.1780934334,0.0478426367,0.9828498363,0,433.0,-280.9,1460.6,1,0.0847359300,0.0210582055,0.9961810112,0.0816701502,0.9962658286,-0.0280069392,-0.9930509329,0.0837314352,0.0826996565,0,404.1,-697.5,1440.6,0,233.7,-407.3,1581.0,0,436.7,-408.2,1330.7,1,243.7,-1080.6,1636.3,0,395.6,-1097.9,1406.9,0,
15,0.5830584764,-0.1899225861,0.7899188995,-0.0542843118,0.9610084891,0.2711270154,-0.8106119037,-0.2009622902,0.5500148535,1,273.8,333.4,1424.1,1,0.5830584764,-0.1899225861,0.7899188995,-0.0542843118,0.9610084891,0.2711270154,-0.8106119037,-0.2009622902,0.5500148535,1,313.6,131.9,1466.3,1,0.5830568671,-0.1501267403,0.7984399199,-0.0542754270,0.9733822346,0.2226546407,-0.8106136918,-0.1731551588,0.5593895912,1,345.0,-71.6,1502.5,1,0.0000345111,-1.0000000000,0.0000218017,0.9999998808,0.0000345111,0.0004054923,-0.0004054930,0.0000217877,0.9999999404,0,232.9,139.4,1578.5,1,0.0021335483,-0.9999978542,0.0004534057,0.9999947548,0.0021346807,0.0025092312,-0.0025101933,0.0004480492,0.9999967217,0,232.9,-133.9,1578.6,0,0.2042129189,-0.3302842677,0.9215255976,-0.9690319300,0.0653003007,0.2381448001,-0.1388313770,-0.9416199923,-0.3067208529,1,394.3,124.4,1354.1,1,-0.0751706660,-0.3383866847,0.9380000234,-0.9949143529,-0.0377944335,-0.0933661982,0.0670450479,-0.9402480721,-0.3338246644,1,449.3,-136.8,1316.7,1,-0.1486390829,0.1824096143,0.9719228148,0.0259343274,0.9832212329,-0.1805639416,-0.9885517359,-0.0016326259,-0.1508757770,0,319.8,-269.7,1617.3,1,-0.5491030216,-0.0137321102,0.8356417418,0.0030378671,0.9998255968,0.0184263363,-0.8357490301,0.0126565276,-0.5489655733,0,243.5,-680.7,1618.0,0,0.9849262238,0.0547320172,0.1640876979,-0.0474801436,0.9977278709,-0.0477989502,-0.1663310081,0.0392875373,0.9852870703,0,432.9,-280.3,1460.0,1,0.2312065959,0.0135428030,0.9728106260,0.0727458224,0.9968634248,-0.0311670788,-0.9701814651,0.0779739320,0.2294962406,0,410.0,-697.3,1443.6,0,232.3,-407.2,1579.3,0,428.8,-408.5,1335.0,1,249.1,-1082.6,1612.9,0,404.6,-1098.0,1412.3,0,
16,0.5849758983,-0.1940530837,0.7874937057,-0.0507577360,0.9602896571,0.2743380070,-0.8094582558,-0.2004516870,0.5518971086,1,273.4,333.4,1423.8,1,0.5849758983,-0.1940530837,0.7874937057,-0.0507577360,0.9602896571,0.2743380070,-0.8094582558,-0.2004516870,0.5518971086,1,314.1,132.1,1465.8,1,0.5851138234,-0.1518513113,0.7966069579,-0.0515294373,0.9733622074,0.2233936042,-0.8093097210,-0.1717585623,0.5617033839,1,345.8,-71.3,1501.7,1,0.0000276566,-1.0000000000,0.0000174403,1.0000000000,0.0000276566,0.0003243939,-0.0003243944,0.0000174313,0.9999999404,0,233.1,139.2,1577.8,1,0.0019197464,-0.9999985099,0.0004078241,0.9999960065,0.0019207001,0.0022583534,-0.0022591325,0.0004034858,0.9999973774,0,233.1,-134.1,1577.9,0,0.1996956170,-0.3281015456,0.9232935309,-0.9701774120,0.0659185350,0.2332607359,-0.1373953819,-0.9423396587,-0.3051530719,1,395.1,125.0,1353.7,1,-0.0941243246,-0.3375747502,0.9365808964,-0.9931929111,-0.0330005959,-0.1117082089,0.0686176047,-0.9407199621,-0.3321706951,1,448.7,-135.4,1316.9,1,0.1926999092,0.1510671973,0.9695598483,-0.0046364814,0.9882073998,-0.1530512571,-0.9812472463,0.0249976963,0.1911278963,0,321.0,-269.8,1615.8,1,-0.3579617739,-0.0140554430,0.9336301088,0.0046807444,0.9998471141,0.0168469492,-0.9337241650,0.0104006538,-0.3578412533,0,257.8,-682.8,1605.4,0,0.9857772589,0.0432867445,0.1623865366,-0.0374542587,0.9985444546,-0.0388097093,-0.1638301015,0.0321756639,0.9859636426,0,434.1,-279.7,1459.3,1,0.3588062525,0.0075767320,0.9333814383,0.0643902346,0.9973840117,-0.0328488871,-0.9311885834,0.0718870312,0.3573797345,0,416.0,-697.1,1445.8,0,232.5,-407.4,1578.5,0,423.0,-405.8,1335.5,1,263.5,-1084.7,1601.2,0,413.0,-1098.0,1416.9,0,
17,0.5883845687,-0.1960114986,0.7844633460,-0.0472643003,0.9601736069,0.2753664851,-0.8071960211,-0.1990976483,0.5556875467,1,272.9,333.6,1423.6,1,0.5883845687,-0.1960114986,0.7844633460,-0.0472643003,0.9601736069,0.2753664851,-0.8071960211,-0.1990976483,0.5556875467,1,314.0,132.3,1465.3,1,0.5882992148,-0.1547053754,0.7937064767,-0.0467940830,0.9733679891,0.2244081348,-0.8072856069,-0.1691590548,0.5653929114,1,346.3,-71.1,1500.7,1,0.0000221133,-1.0000000000,0.0000139515,1.0000000000,0.0000221133,0.0002595152,-0.0002595155,0.0000139457,0.9999999404,0,232.5,138.8,1577.1,1,0.0017270446,-0.9999988079,0.0003668459,0.9999967813,0.0017277598,0.0020325545,-0.0020331854,0.0003633336,0.9999978542,0,232.5,-134.5,1577.1,0,0.1978738755,-0.3246339858,0.9249101281,-0.9706280231,0.0668386519,0.2311143726,-0.1368473321,-0.9434751868,-0.3018732071,1,395.4,125.8,1353.5,1,-0.1019407734,-0.3351249099,0.9366425872,-0.9921465516,-0.0343506001,-0.1202720329,0.0724803954,-0.9415473342,-0.3289912641,1,448.3,-133.7,1316.9,1,0.4519263506,0.1205684394,0.8838700056,-0.0211570449,0.9919940233,-0.1244999543,-0.8918045759,0.0375647619,0.4508590698,0,321.8,-270.0,1614.0,1,-0.1715440750,-0.0139281098,0.9850775599,0.0058403481,0.9998680949,0.0151542854,-0.9851587415,0.0083528310,-0.1714401245,0,271.4,-684.7,1598.3,0,0.9867048860,0.0342223458,0.1588779986,-0.0295888167,0.9990676641,-0.0314392410,-0.1598057896,0.0263202414,0.9867976308,0,435.5,-279.1,1458.0,1,0.4682571888,0.0029459242,0.8835873604,0.0567363799,0.9978305697,-0.0333942696,-0.8817688227,0.0657686517,0.4670742154,0,421.2,-696.7,1447.0,0,232.1,-407.8,1577.7,0,420.6,-403.8,1336.7,1,277.0,-1086.6,1594.9,0,420.0,-1097.8,1420.6,0,
18,0.5721133947,-0.1844321638,0.7991688251,-0.0567210019,0.9631558061,0.2628830373,-0.8182082772,-0.1957277060,0.5405737162,1,273.2,333.8,1427.4,1,0.5721133947,-0.1844321638,0.7991688251,-0.0567210019,0.9631558061,0.2628830373,-0.8182082772,-0.1957277060,0.5405737162,1,311.6,133.0,1468.2,1,0.5720821023,-0.1521936953,0.8059521317,-0.0565412045,0.9729748964,0.2238679528,-0.8182426095,-0.1736394912,0.5480168462,1,343.4,-70.3,1504.5,1,0.0000177622,-1.0000000000,0.0000111608,1.0000000000,0.0000177622,0.0002076122,-0.0002076124,0.0000111571,1.0000000000,0,232.4,140.9,1581.5,1,0.0015539527,-0.9999989867,0.0003300032,0.9999973178,0.0015546083,0.0018293285,-0.0018298393,0.0003271590,0.9999982715,0,232.4,-132.4,1581.6,0,0.2144284546,-0.3423398733,0.9147807360,-0.9666162133,0.0601162240,0.2490763217,-0.1402619183,-0.9376509190,-0.3180206716,1,390.8,125.2,1355.0,1,-0.1063725874,-0.3520794213,0.9299058318,-0.9915251732,-0.0325890966,-0.1257600933,0.0745823458,-0.9354024529,-0.3456290960,1,448.2,-133.3,1317.5,1,0.6358687878,0.0943727717,0.7660056353,-0.0283254683,0.9946809411,-0.0990325883,-0.7712771893,0.0412742719,0.6351597309,0,320.0,-268.2,1619.8,1,0.0019224286,-0.0134780779,0.9999070168,0.0065878425,0.9998876452,0.0134651475,-0.9999761581,0.0065613496,0.0020110011,0,280.6,-684.0,1602.5,0,0.9833675027,0.0270506181,0.1796009839,-0.0227395687,0.9994027615,-0.0260193702,-0.1801975667,0.0215025563,0.9833953977,0,430.5,-279.1,1461.9,1,0.5610299110,-0.0005652867,0.8277954459,0.0498348773,0.9982090592,-0.0330934264,-0.8262942433,0.0598194785,0.5600532293,0,419.1,-696.9,1452.9,0,232.0,-405.7,1582.1,0,419.2,-403.2,1337.8,1,286.0,-1085.9,1599.9,0,419.4,-1098.1,1428.8,0,
19,0.5762225389,-0.1852790117,0.7960144281,-0.0509630367,0.9639210701,0.2612523139,-0.8156999350,-0.1911059022,0.5459910631,1,272.7,334.4,1429.4,1,0.5762225389,-0.1852790117,0.7960144281,-0.0509630367,0.9639210701,0.2612523139,-0.8156999350,-0.1911059022,0.5459910631,1,311.4,132.6,1469.4,1,0.5763449669,-0.1498599946,0.8033481240,-0.0516714603,0.9743891358,0.2188372910,-0.8155688047,-0.1676350683,0.5538412333,1,342.8,-71.0,1504.4,1,0.0000141859,-1.0000000000,0.0000089283,1.0000000000,0.0000141859,0.0001660898,-0.0001660899,0.0000089259,1.0000000000,0,231.7,139.8,1582.3,1,0.0013982058,-0.9999992251,0.0002968747,0.9999979138,0.0013986826,0.0016464196,-0.0016468333,0.0002945716,0.9999986291,0,231.7,-133.5,1582.3,0,0.2093755305,-0.3370552957,0.9179084301,-0.9672726393,0.0662120506,0.2449485511,-0.1433377713,-0.9391539097,-0.3121611178,1,391.2,125.5,1356.5,1,-0.1100403145,-0.3478698134,0.9310626388,-0.9911080599,-0.0320983864,-0.1291297674,0.0748059601,-0.9369931817,-0.3412444592,1,447.1,-132.7,1318.3,1,-0.8083004951,0.2295048237,0.5421975255,0.1484465301,0.9705876112,-0.1895345449,-0.5697492361,-0.0727135092,-0.8185956478,0,317.5,-269.6,1619.6,1,-0.7306748629,0.0005591183,0.6827252507,0.0006383639,0.9999997616,-0.0001357524,-0.6827251315,0.0003366363,-0.7306751013,0,221.5,-675.3,1650.0,0,0.9844544530,0.0213376861,0.1743388623,-0.0179376174,0.9996173978,-0.0210552718,-0.1747214049,0.0176007338,0.9844605327,0,430.7,-279.7,1459.4,1,0.6389411092,-0.0031577833,0.7692491412,0.0436826833,0.9985269308,-0.0321840197,-0.7680143714,0.0541665629,0.6381378174,0,421.8,-697.6,1452.0,0,231.3,-406.8,1582.8,0,417.2,-401.9,1338.6,1,221.3,-1077.2,1649.8,0,423.0,-1098.9,1430.2,0,
20,0.5820984244,-0.1838002801,0.7920724154,-0.0466615856,0.9649579525,0.2582104802,-0.8117758632,-0.1872623861,0.5531246066,1,273.0,335.0,1429.9,1,0.5820984244,-0.1838002801,0.7920724154,-0.0466615856,0.9649579525,0.2582104802,-0.8117758632,-0.1872623861,0.5531246066,1,311.5,132.7,1469.1,1,0.5820796490,-0.1479264349,0.7995629311,-0.0465518534,0.9756348133,0.2143909484,-0.8117956519,-0.1620128602,0.5610113740,1,342.5,-71.2,1503.0,1,0.0000113249,-1.0000000000,0.0000071425,1.0000000000,0.0000113249,0.0001328718,-0.0001328719,0.0000071409,1.0000000000,0,231.0,139.1,1581.5,1,0.0012581944,-0.9999991655,0.0002670835,0.9999980927,0.0012586117,0.0014817966,-0.0014821317,0.0002652185,0.9999988675,0,231.0,-134.2,1581.5,0,0.2049286515,-0.3282651901,0.9220880270,-0.9692223072,0.0632535890,0.2379224002,-0.1364270002,-0.9424654245,-0.3051994741,1,392.1,126.2,1356.7,1,-0.0922523811,-0.3364919722,0.9371566176,-0.9937068820,-0.0289376844,-0.1082093492,0.0635307282,-0.9412415624,-0.3317047954,1,446.9,-132.6,1320.3,1,-0.1478643417,0.2298736870,0.9619224072,-0.0439824536,0.9701228738,-0.2385942936,-0.9880294800,-0.0775872171,-0.1333362460,0,316.3,-270.6,1616.5,1,-0.7280563116,0.0002795252,0.6855170131,0.0003188256,0.9999999404,-0.0000691480,-0.6855170131,0.0001682168,-0.7280563116,0,220.2,-676.1,1648.9,0,0.9857867956,0.0168289822,0.1671559215,-0.0141851604,0.9997549057,-0.0169979706,-0.1674009860,0.0143852411,0.9857838750,0,430.5,-279.7,1457.2,1,0.7038983107,-0.0050098356,0.7102831602,0.0382440090,0.9987919331,-0.0308554564,-0.7092704773,0.0488831773,0.7032395601,0,423.4,-697.6,1451.2,0,230.6,-407.5,1582.0,0,421.7,-403.3,1337.6,1,220.1,-1078.0,1648.8,0,425.5,-1099.0,1431.6,0,
21,0.5835915208,-0.1859511286,0.7904701233,-0.0429280065,0.9649999142,0.2587010562,-0.8109094501,-0.1849081516,0.5551837087,1,272.5,334.8,1430.6,1,0.5835915208,-0.1859511286,0.7904701233,-0.0429280065,0.9649999142,0.2587010562,-0.8109094501,-0.1849081516,0.5551837087,1,311.4,132.6,1469.4,1,0.5831495523,-0.1515677422,0.7981000543,-0.0403868929,0.9758135676,0.2148270160,-0.8113577962,-0.1575081646,0.5629243851,1,343.1,-71.3,1502.3,1,0.0000089407,-1.0000000000,0.0000057138,1.0000000000,0.0000089407,0.0001062975,-0.0001062975,0.0000057129,1.0000000000,0,230.7,138.2,1581.7,1,0.0011327267,-0.9999991059,0.0002402914,0.9999982715,0.0011330247,0.0013336320,-0.0013339033,0.0002387806,0.9999991059,0,230.7,-135.1,1581.7,0,0.2042126805,-0.3265721500,0.9228476882,-0.9696164727,0.0622279420,0.2365828604,-0.1346882731,-0.9431214929,-0.3039420545,1,392.2,127.1,1357.0,1,-0.0800316483,-0.3336512446,0.9392932653,-0.9949516654,-0.0305005666,-0.0956082344,0.0605487823,-0.9422031045,-0.3295258582,1,446.8,-132.3,1321.0,1,-0.1471153200,0.2346084416,0.9608933926,-0.0663755536,0.9669320583,-0.2462450862,-0.9868897200,-0.1000062525,-0.1266781688,0,317.7,-271.3,1614.6,1,-0.7297350168,0.0001397314,0.6837296486,0.0001596924,1.0000000000,-0.0000339290,-0.6837296486,0.0000844273,-0.7297350168,0,219.6,-675.5,1656.4,0,0.9861057401,0.0132738613,0.1655881405,-0.0111456336,0.9998430014,-0.0137751764,-0.1657449901,0.0117381960,0.9860987663,0,431.9,-279.2,1455.8,1,0.7577452660,-0.0062744729,0.6525202990,0.0334649086,0.9990116358,-0.0292551909,-0.6516917944,0.0440045148,0.7572063208,0,426.3,-697.1,1450.9,0,230.4,-408.4,1582.1,0,424.9,-403.8,1337.5,1,219.6,-1077.4,1656.4,0,428.8,-1098.7,1433.2,0,
22,0.5858277082,-0.1903561503,0.7877628803,-0.0406967029,0.9638849497,0.2631793320,-0.8094106913,-0.1862361878,0.5569241047,1,272.1,334.6,1430.0,1,0.5858277082,-0.1903561503,0.7877628803,-0.0406967029,0.9638849497,0.2631793320,-0.8094106913,-0.1862361878,0.5569241047,1,311.9,132.8,1469.0,1,0.5852676630,-0.1539490521,0.7960912585,-0.0375426114,0.9756094813,0.2162649482,-0.8099680543,-0.1564593315,0.5652135611,1,344.1,-71.1,1501.7,1,0.0000070930,-1.0000000000,0.0000045710,1.0000000000,0.0000070930,0.0000850380,-0.0000850380,0.0000045704,1.0000000000,0,230.9,138.0,1581.1,1,0.0010199547,-0.9999991655,0.0002161943,0.9999984503,0.0010201931,0.0012002809,-0.0012005006,0.0002149703,0.9999992847,0,230.9,-135.3,1581.1,0,0.2006633133,-0.3239442706,0.9245508909,-0.9708639383,0.0604278669,0.2318876833,-0.1309873313,-0.9441444874,-0.3023800850,1,392.9,127.6,1356.8,1,-0.0733532384,-0.3303287625,0.9410113096,-0.9955485463,-0.0317385644,-0.0887458697,0.0591816604,-0.9433321953,-0.3265301883,1,446.7,-132.3,1321.8,1,-0.1441569924,0.2412442714,0.9596980810,-0.0701770559,0.9648936987,-0.2530917525,-0.9870634675,-0.1038336754,-0.1221664250,0,319.2,-271.3,1613.3,1,-0.7277652025,0.0000698241,0.6858264804,0.0000797507,1.0000000000,-0.0000171827,-0.6858264804,0.0000421902,-0.7277652025,0,218.4,-674.6,1656.7,0,0.9865840673,0.0104658576,0.1629182845,-0.0087662153,0.9998993874,-0.0111478958,-0.1630185694,0.0095701581,0.9865765572,0,433.3,-278.6,1455.5,1,0.8021794558,-0.0070799580,0.5970410109,0.0292831399,0.9991928935,-0.0274957530,-0.5963644981,0.0395397656,0.8017393947,0,428.9,-696.6,1451.5,0,230.6,-408.6,1581.5,0,426.6,-404.1,1337.9,1,218.4,-1076.5,1656.7,0,431.7,-1098.2,1435.6,0,
23,0.5862491727,-0.1946067214,0.7864094973,-0.0371153504,0.9632452130,0.2660357952,-0.8092776537,-0.1851502359,0.5574792624,1,271.2,333.5,1430.6,1,0.5862491727,-0.1946067214,0.7864094973,-0.0371153504,0.9632452130,0.2660357952,-0.8092776537,-0.1851502359,0.5574792624,1,311.9,132.3,1469.3,1,0.5864008069,-0.1530673206,0.7954270840,-0.0379613824,0.9757083654,0.2157452703,-0.8091285229,-0.1567078233,0.5663459897,1,343.8,-71.6,1502.1,1,0.0000057817,-1.0000000000,0.0000036567,1.0000000000,0.0000057817,0.0000680304,-0.0000680304,0.0000036563,1.0000000000,0,230.7,137.6,1581.3,1,0.0009186864,-0.9999991059,0.0001945200,0.9999985099,0.0009189248,0.0010802620,-0.0010804404,0.0001935278,0.9999994040,0,230.7,-135.7,1581.3,0,0.2049781680,-0.3226097524,0.9240707755,-0.9697504044,0.0609124787,0.2363764793,-0.1325448155,-0.9445700049,-0.3003652096,1,393.0,127.1,1357.3,1,-0.0736825466,-0.3293226957,0.9413380623,-0.9953604937,-0.0342780314,-0.0899031088,0.0618743561,-0.9435949922,-0.3252691031,1,447.6,-131.2,1322.0,1,-0.1426681280,0.2452348471,0.9589084387,-0.0713515505,0.9637500644,-0.2570888400,-0.9871953130,-0.1050980389,-0.1199985743,0,319.4,-271.9,1612.7,1,-0.7265594006,0.0000349104,0.6871035695,0.0000398551,1.0000000000,-0.0000086643,-0.6871035695,0.0000210895,-0.7265594006,0,216.9,-674.7,1656.7,0,0.9868195057,0.0082496442,0.1616144329,-0.0068810056,0.9999355674,-0.0090264333,-0.1616784781,0.0077953911,0.9868127108,0,432.3,-279.2,1456.9,1,0.8387133479,-0.0075318394,0.5445210338,0.0256344974,0.9993419647,-0.0256612878,-0.5439694524,0.0354809910,0.8383545280,0,428.9,-697.2,1453.6,0,230.4,-409.1,1581.6,0,427.5,-403.1,1338.9,1,216.8,-1076.7,1656.7,0,431.9,-1098.8,1439.4,0,
