1,0.5744186044,-0.1450704187,0.8056035042,-0.0209873244,0.9812368155,0.1916626245,-0.8182914257,-0.1270020753,0.5605963469,1,319.8,338.9,1480.8,1,0.5744186044,-0.1450704187,0.8056035042,-0.0209873244,0.9812368155,0.1916626245,-0.8182914257,-0.1270020753,0.5605963469,1,349.8,135.9,1507.1,1,0.5765239000,-0.1312578619,0.8064680696,-0.0359446108,0.9819831848,0.1855201721,-0.8162881136,-0.1359450370,0.5614190698,1,376.9,-66.3,1535.1,1,-0.0343910716,-0.7520249486,0.6582369208,0.8397098184,0.3354077637,0.4270704091,-0.5419453382,0.5674154162,0.6199476719,1,266.9,141.1,1624.5,1,0.3602695465,-0.7041562796,0.6118577719,0.8769169450,0.4793431759,0.0353121310,-0.3181550801,0.5238265395,0.7901791930,1,277.6,-120.9,1793.6,1,0.2406802028,-0.2374539822,0.9411102533,-0.9643243551,0.0516220257,0.2596417964,-0.1102350131,-0.9700261950,-0.2165582180,1,432.8,130.8,1389.6,1,-0.1031132191,-0.2486892045,0.9630790353,-0.9916372895,-0.0498450696,-0.1190419719,0.0776092038,-0.9672998786,-0.2414698005,1,498.6,-132.7,1359.5,1,0.6444551945,0.1793636680,0.7433075905,-0.2446981370,0.9693552256,-0.0217542946,-0.7244310379,-0.1678663045,0.6685959697,0,348.8,-265.1,1641.1,1,0.5758335590,0.0000000000,0.8175669909,0.0000000000,1.0000000000,0.0000000000,-0.8175669909,0.0000000000,0.5758335590,0,274.9,-664.4,1710.2,0,0.9849245548,0.0003005732,0.1729839444,-0.0001931509,0.9999997616,-0.0006378284,-0.1729840785,0.0005948009,0.9849244356,0,459.0,-272.0,1485.0,1,0.9971500039,0.0070601609,0.0751135275,-0.0063871862,0.9999372959,-0.0091958875,-0.0751737431,0.0086899148,0.9971325994,0,458.9,-683.9,1484.8,0,180.6,-357.1,1879.3,1,470.5,-402.1,1380.6,1,274.9,-1060.5,1710.2,0,456.1,-1079.9,1481.4,0,
2,0.5725657940,-0.1437294036,0.8071613908,-0.0192125533,0.9818910360,0.1884718686,-0.8196325302,-0.1234202087,0.5594361424,1,320.4,337.8,1481.8,1,0.5725657940,-0.1437294036,0.8071613908,-0.0192125533,0.9818910360,0.1884718686,-0.8196325302,-0.1234202087,0.5594361424,1,350.0,135.4,1507.3,1,0.5745018125,-0.1326231956,0.8076868057,-0.0329724029,0.9822350144,0.1847374737,-0.8178377748,-0.1327634305,0.5599232316,1,377.3,-66.9,1534.6,1,-0.0366963074,-0.7511538267,0.6591063738,0.8364273906,0.3378300667,0.4315785170,-0.5468478203,0.5671319366,0.6158885956,1,267.3,140.1,1625.0,1,0.3670966029,-0.7026152611,0.6095670462,0.8768053651,0.4801724255,0.0254347622,-0.3105681241,0.5251346231,0.7923263907,1,278.7,-120.1,1795.1,1,0.2457834333,-0.2388913631,0.9394261241,-0.9630414248,0.0499885306,0.2646738291,-0.1101888195,-0.9697587490,-0.2177759558,1,432.7,130.6,1389.6,1,-0.1076839715,-0.2499199957,0.9622598290,-0.9913368225,-0.0462219194,-0.1229427159,0.0752033517,-0.9671625495,-0.2427775115,1,499.3,-130.4,1359.7,1,0.6420280933,0.1783259362,0.7456539273,-0.2487206012,0.9684181213,-0.0174456835,-0.7252158523,-0.1742588580,0.6661050320,0,349.6,-266.1,1640.3,1,0.5734840631,0.0000000000,0.8192167282,0.0000000000,1.0000000000,0.0000000000,-0.8192167282,0.0000000000,0.5734840631,0,276.2,-665.0,1712.0,0,0.9845323563,0.0002322552,0.1752024591,-0.0001445362,0.9999998808,-0.0005134317,-0.1752025336,0.0004801670,0.9845322371,0,459.6,-272.4,1483.7,1,0.9976912737,0.0063249907,0.0676172301,-0.0057798317,0.9999492168,-0.0082550189,-0.0676660165,0.0078451438,0.9976772070,0,459.5,-684.3,1483.5,0,179.9,-356.3,1878.8,1,470.0,-400.1,1380.2,1,276.2,-1061.0,1712.0,0,457.0,-1080.3,1480.4,0,
3,0.5667328835,-0.1444611102,0.8111373782,-0.0095783779,0.9832869768,0.1818128377,-0.8238447905,-0.1108087301,0.5558776259,1,320.4,337.2,1485.9,1,0.5667328835,-0.1444611102,0.8111373782,-0.0095783779,0.9832869768,0.1818128377,-0.8238447905,-0.1108087301,0.5558776259,1,350.1,134.7,1508.7,1,0.5689641833,-0.1344564110,0.8112955093,-0.0253099240,0.9832132459,0.1806985289,-0.8219715953,-0.1233448684,0.5560103655,1,377.8,-67.8,1534.1,1,-0.0305020567,-0.7480809093,0.6629062295,0.8371147513,0.3432817757,0.4259067476,-0.5461763144,0.5679196119,0.6157587767,1,268.3,138.4,1627.0,1,0.3633323312,-0.7024363875,0.6120235324,0.8783877492,0.4772264361,0.0262645166,-0.3105229139,0.5280511975,0.7904033661,1,277.7,-119.6,1795.3,1,0.2472263575,-0.2436071485,0.9378351569,-0.9624010324,0.0506719761,0.2668645382,-0.1125320643,-0.9685494900,-0.2219203115,1,432.0,131.1,1390.4,1,-0.1045813859,-0.2545110583,0.9613983035,-0.9916587472,-0.0465420783,-0.1201942191,0.0753362477,-0.9659491181,-0.2475207150,1,499.1,-130.2,1359.9,1,0.6370725632,0.1798187345,0.7495357394,-0.2499211878,0.9680632353,-0.0198229179,-0.7291625142,-0.1746962070,0.6616669893,0,350.7,-267.8,1638.7,1,0.5672841668,0.0000000000,0.8235221505,0.0000000000,1.0000000000,0.0000000000,-0.8235221505,0.0000000000,0.5672841668,0,276.6,-666.6,1710.6,0,0.9834380150,0.0001790939,0.1812446117,-0.0001058907,0.9999998808,-0.0004135680,-0.1812446713,0.0003875264,0.9834379554,0,460.3,-272.7,1480.3,1,0.9981297851,0.0056687808,0.0608666986,-0.0052271700,0.9999588728,-0.0074121547,-0.0609062165,0.0070801317,0.9981184006,0,460.3,-684.6,1480.2,0,179.8,-356.2,1878.9,1,470.6,-401.0,1380.4,1,276.6,-1062.7,1710.6,0,458.0,-1080.7,1477.3,0,
4,0.5615583658,-0.1378804296,0.8158677816,-0.0023197820,0.9857527614,0.1681875736,-0.8274327517,-0.0963397995,0.5532381535,1,321.9,337.5,1490.4,1,0.5615583658,-0.1378804296,0.8158677816,-0.0023197820,0.9857527614,0.1681875736,-0.8274327517,-0.0963397995,0.5532381535,1,350.2,134.8,1510.2,1,0.5637742281,-0.1336132437,0.8150492311,-0.0184007175,0.9845514894,0.1741282493,-0.8257228136,-0.1131665632,0.5526064634,1,377.7,-67.9,1533.5,1,-0.0285564996,-0.7441220880,0.6674330235,0.8403581977,0.3436902761,0.4191360772,-0.5412786007,0.5728518367,0.6155145168,1,269.1,137.5,1629.0,1,0.3610894978,-0.6990895271,0.6171613932,0.8788119555,0.4764832258,0.0255600773,-0.3119358718,0.5331393480,0.7864212394,1,277.9,-121.2,1795.6,1,0.2490432262,-0.2475522459,0.9363200665,-0.9615453482,0.0523882769,0.2696034908,-0.1157931536,-0.9674571157,-0.2249857634,1,431.4,132.2,1391.4,1,-0.1086843535,-0.2596208155,0.9595753551,-0.9907929301,-0.0500997826,-0.1257750541,0.0807283297,-0.9644102454,-0.2517853975,1,500.1,-133.1,1359.4,1,0.6305756569,0.1830216348,0.7542396784,-0.2583435476,0.9658780098,-0.0183912441,-0.7318695784,-0.1832558513,0.6563416719,0,351.1,-268.9,1636.2,1,0.5603730679,0.0000000000,0.8282403946,0.0000000000,1.0000000000,0.0000000000,-0.8282403946,0.0000000000,0.5603730679,0,275.7,-666.8,1711.6,0,0.9823871851,0.0001376700,0.1868566573,-0.0000768084,0.9999999404,-0.0003329529,-0.1868566871,0.0003127365,0.9823871255,0,459.4,-272.5,1477.5,1,0.9984850287,0.0050826268,0.0547883511,-0.0047249012,0.9999666810,-0.0066567846,-0.0548203588,0.0063878307,0.9984757900,0,459.4,-684.4,1477.3,0,180.6,-357.8,1879.6,1,470.2,-404.9,1381.6,1,275.7,-1062.9,1711.6,0,457.4,-1080.4,1474.8,0,
5,0.5624899268,-0.1423965842,0.8144491911,0.0022240682,0.9853150249,0.1707345247,-0.8267999887,-0.0942250788,0.5545467734,1,321.3,333.1,1489.6,1,0.5624899268,-0.1423965842,0.8144491911,0.0022240682,0.9853150249,0.1707345247,-0.8267999887,-0.0942250788,0.5545467734,1,350.5,130.8,1509.0,1,0.5648548603,-0.1390328854,0.8133928776,-0.0143241035,0.9839038849,0.1781257093,-0.8250647783,-0.1122663543,0.5537717342,1,379.2,-71.8,1532.1,1,-0.0383966789,-0.7477043867,0.6629207730,0.8139151931,0.3614701033,0.4548422694,-0.5797135830,0.5570257306,0.5946886539,1,269.3,132.9,1627.7,1,0.3486492038,-0.7196262479,0.6004846096,0.8965619802,0.4428032041,0.0101039028,-0.2731675506,0.5348489881,0.7995724082,1,280.8,-111.1,1801.5,1,0.2542743087,-0.2458970249,0.9353498220,-0.9604780078,0.0490502492,0.2740003467,-0.1132550016,-0.9680542350,-0.2237064391,1,431.8,128.7,1390.3,1,-0.1132729203,-0.2582966983,0.9594018459,-0.9900340438,-0.0519808307,-0.1308841556,0.0836774632,-0.9646661282,-0.2498344779,1,501.5,-134.5,1359.2,1,0.6310328841,0.1850216836,0.7533686757,-0.2635547221,0.9645097852,-0.0161189660,-0.7296138406,-0.1883822978,0.6574007273,0,353.3,-273.1,1634.8,1,0.5618920922,0.0000000000,0.8272105455,0.0000000000,1.0000000000,0.0000000000,-0.8272105455,0.0000000000,0.5618920922,0,277.1,-670.4,1712.4,0,0.9826837182,0.0001054701,0.1852908432,-0.0000568859,0.9999999404,-0.0002675215,-0.1852908731,0.0002523487,0.9826837182,0,462.3,-275.9,1475.6,1,0.9987728000,0.0045587132,0.0493158624,-0.0042689396,0.9999729991,-0.0059795929,-0.0493417904,0.0057617286,0.9987653494,0,462.3,-687.8,1475.5,0,187.0,-352.4,1875.0,1,470.3,-407.7,1382.3,1,277.1,-1066.5,1712.4,0,460.5,-1083.8,1473.3,0,
6,0.5541326404,-0.1440124810,0.8198759556,0.0043164119,0.9854055047,0.1701708138,-0.8324161172,-0.0907583013,0.5466672778,1,321.0,333.2,1491.8,1,0.5541326404,-0.1440124810,0.8198759556,0.0043164119,0.9854055047,0.1701708138,-0.8324161172,-0.0907583013,0.5466672778,1,350.6,130.3,1510.5,1,0.5567084551,-0.1387612969,0.8190361261,-0.0136260036,0.9842925072,0.1760209948,-0.8305950761,-0.1091526151,0.5460735559,1,379.2,-72.4,1532.9,1,-0.0219967403,-0.7417016029,0.6703690886,0.8286643028,0.3616017699,0.4272699058,-0.5593134761,0.5649094582,0.6066676378,1,270.5,132.3,1630.0,1,0.3342956603,-0.7139724493,0.6152152419,0.8945356607,0.4458926916,0.0313966386,-0.2967362702,0.5398361683,0.7877337933,1,277.1,-116.3,1797.8,1,0.2553580105,-0.2547634542,0.9326778054,-0.9598541260,0.0490079261,0.2761852741,-0.1160705164,-0.9657607675,-0.2320211828,1,430.7,128.4,1390.9,1,-0.1122302264,-0.2668231726,0.9571884274,-0.9902683496,-0.0497467294,-0.1299760938,0.0822976306,-0.9624606371,-0.2586434484,1,500.8,-134.8,1359.1,1,0.6236874461,0.1937262863,0.7572873235,-0.2711133361,0.9622754455,-0.0228817835,-0.7331517339,-0.1910396218,0.6526808739,0,354.9,-273.8,1634.3,1,0.5535591841,0.0000000000,0.8328098059,0.0000000000,1.0000000000,0.0000000000,-0.8328098059,0.0000000000,0.5535591841,0,275.1,-670.2,1713.0,0,0.9808269739,0.0000806413,0.1948805898,-0.0000394326,1.0000000000,-0.0002153356,-0.1948805898,0.0002035223,0.9808269739,0,460.7,-276.4,1476.5,1,0.9990059733,0.0040901117,0.0443888605,-0.0038553870,0.9999781251,-0.0053722393,-0.0444098637,0.0051957630,0.9989998937,0,460.6,-688.3,1476.4,0,187.2,-357.0,1877.6,1,469.6,-409.5,1381.9,1,275.1,-1066.2,1713.0,0,459.0,-1084.4,1474.4,0,
7,0.5514246821,-0.1418489963,0.8220759630,0.0031481627,0.9857848287,0.1679853499,-0.8342175484,-0.0900432542,0.5440329313,1,321.0,333.2,1492.8,1,0.5514246821,-0.1418489963,0.8220759630,0.0031481627,0.9857848287,0.1679853499,-0.8342175484,-0.0900432542,0.5440329313,1,350.2,130.5,1511.4,1,0.5537969470,-0.1372327060,0.8212644458,-0.0136016440,0.9847024083,0.1737151295,-0.8325394988,-0.1073734984,0.5434588790,1,378.5,-72.3,1533.5,1,-0.0268620402,-0.7387531996,0.6734406352,0.8360580802,0.3526974618,0.4202517271,-0.5479830503,0.5743243098,0.6081663370,1,270.5,132.4,1631.2,1,0.3506060541,-0.7007064819,0.6213579774,0.8843916059,0.4659940898,0.0264775902,-0.3081022203,0.5402405858,0.7830792069,1,278.6,-120.6,1797.0,1,0.2557386458,-0.2582271099,0.9316204190,-0.9593022466,0.0515715070,0.2776322067,-0.1197372228,-0.9647068381,-0.2345290035,1,429.9,128.5,1391.6,1,-0.1167933941,-0.2709767520,0.9554741383,-0.9896716475,-0.0487647951,-0.1348034739,0.0831221193,-0.9613497853,-0.2624826431,1,500.4,-135.9,1358.6,1,0.6208645105,0.1982705444,0.7584300041,-0.2734345794,0.9614968896,-0.0275182799,-0.7346841097,-0.1902958453,0.6511733532,0,354.3,-273.9,1634.4,1,0.5502033234,0.0000000000,0.8350306749,0.0000000000,1.0000000000,0.0000000000,-0.8350306749,0.0000000000,0.5502033234,0,272.6,-669.9,1712.8,0,0.9801425338,0.0000613428,0.1982940882,-0.0000275754,1.0000000000,-0.0001730510,-0.1982940882,0.0001641466,0.9801425338,0,459.2,-276.4,1476.8,1,0.9991948009,0.0036707709,0.0399534889,-0.0034806377,0.9999822974,-0.0048273820,-0.0399704985,0.0046844315,0.9991898537,0,459.1,-688.3,1476.7,0,184.3,-358.6,1879.9,1,467.8,-411.9,1381.7,1,272.6,-1066.0,1712.8,0,457.7,-1084.4,1474.8,0,
8,0.5456769466,-0.1453107595,0.8253003359,0.0069535691,0.9856024384,0.1689377278,-0.8379656672,-0.0864466652,0.5388313532,1,320.4,332.5,1493.9,1,0.5456769466,-0.1453107595,0.8253003359,0.0069535691,0.9856024384,0.1689377278,-0.8379656672,-0.0864466652,0.5388313532,1,350.3,129.5,1511.7,1,0.5482196212,-0.1394598931,0.8246243596,-0.0106396759,0.9847564697,0.1736148894,-0.8362656236,-0.1039528772,0.5383793712,1,379.0,-73.4,1533.1,1,-0.0306547154,-0.7353779674,0.6769633889,0.8392934799,0.3488727510,0.4169822037,-0.5428135991,0.5809534192,0.6065033674,1,271.4,131.0,1632.0,1,0.3649278283,-0.6891009808,0.6260732412,0.8751670122,0.4833268821,0.0218635462,-0.3176642060,0.5399400592,0.7794577479,1,280.7,-123.9,1796.9,1,0.2558292150,-0.2638349533,0.9300228357,-0.9592502117,0.0500975661,0.2780810893,-0.1199593917,-0.9632658362,-0.2402673364,1,429.2,127.9,1391.3,1,-0.1183107197,-0.2760161757,0.9538435936,-0.9897223711,-0.0449260883,-0.1357613653,0.0803247988,-0.9601023793,-0.2678641975,1,499.7,-136.4,1358.3,1,0.6170600653,0.1974529922,0.7617409229,-0.2725168169,0.9617277980,-0.0285356939,-0.7382218838,-0.1899789721,0.6472530365,0,355.2,-275.2,1634.6,1,0.5451294184,0.0000000000,0.8383519650,0.0000000000,1.0000000000,0.0000000000,-0.8383519650,0.0000000000,0.5451294184,0,273.9,-671.3,1712.9,0,0.9788437486,0.0000464711,0.2046088427,-0.0000184080,1.0000000000,-0.0001390581,-0.2046088427,0.0001323497,0.9788437486,0,460.2,-277.2,1474.4,1,0.9993477464,0.0032952984,0.0359606817,-0.0031412875,0.9999856353,-0.0043384237,-0.0359744653,0.0042226315,0.9993438125,0,460.2,-689.1,1474.3,0,182.5,-359.5,1882.4,1,466.6,-413.2,1380.7,1,273.9,-1067.4,1712.9,0,458.9,-1085.2,1472.7,0,
9,0.5370146632,-0.1474932134,0.8305782080,0.0052991426,0.9851668477,0.1715189219,-0.8435550928,-0.0877068639,0.5298311114,1,320.0,331.4,1494.4,1,0.5370146632,-0.1474932134,0.8305782080,0.0052991426,0.9851668477,0.1715189219,-0.8435550928,-0.0877068639,0.5298311114,1,350.3,129.0,1512.4,1,0.5397142768,-0.1403210908,0.8300709128,-0.0131753869,0.9844821692,0.1749907583,-0.8417440057,-0.1053815708,0.5294907689,1,379.2,-73.8,1534.1,1,-0.0297386739,-0.7293288708,0.6835166216,0.8429170847,0.3492260575,0.4093066752,-0.5372209549,0.5883200765,0.6043782830,1,272.6,130.9,1633.5,1,0.3631280959,-0.6818886399,0.6349533796,0.8723390698,0.4882390797,0.0254410822,-0.3273571134,0.5446562767,0.7721313238,1,281.7,-125.0,1796.6,1,0.2636782825,-0.2734077573,0.9250524640,-0.9569154382,0.0467521846,0.2865785360,-0.1216010153,-0.9607615471,-0.2493005246,1,428.0,127.1,1391.3,1,-0.1201403663,-0.2843972743,0.9511490464,-0.9898658395,-0.0387489051,-0.1366167814,0.0757094249,-0.9579231739,-0.2768598497,1,499.8,-133.7,1358.1,1,0.6109776497,0.2009995133,0.7657058835,-0.2755788267,0.9607355595,-0.0323033482,-0.7421337962,-0.1912757009,0.6423791647,0,357.1,-275.3,1635.4,1,0.5377125144,0.0000000000,0.8431282043,0.0000000000,1.0000000000,0.0000000000,-0.8431282043,0.0000000000,0.5377125144,0,274.3,-671.0,1714.2,0,0.9766742587,0.0000350096,0.2147264183,-0.0000112836,1.0000000000,-0.0001117201,-0.2147264332,0.0001066913,0.9766741991,0,459.2,-277.8,1476.2,1,0.9994716644,0.0029589743,0.0323667340,-0.0028342218,0.9999883771,-0.0038995510,-0.0323778950,0.0038057561,0.9994684458,0,459.2,-689.7,1476.1,0,183.9,-359.9,1884.8,1,466.3,-410.2,1379.3,1,274.3,-1067.1,1714.2,0,458.0,-1085.8,1474.6,0,
10,0.5393726230,-0.1521894187,0.8281997442,0.0027097668,0.9838409424,0.1790253669,-0.8420616984,-0.0943171978,0.5310696959,1,319.6,329.4,1491.6,1,0.5393726230,-0.1521894187,0.8281997442,0.0027097668,0.9838409424,0.1790253669,-0.8420616984,-0.0943171978,0.5310696959,1,350.8,127.8,1511.0,1,0.5423637629,-0.1399457753,0.8284056783,-0.0174381863,0.9839416146,0.1776382178,-0.8399616480,-0.1107904762,0.5312142968,1,379.6,-74.9,1533.8,1,-0.0278676469,-0.7312934399,0.6814934611,0.8365905285,0.3560855985,0.4163163304,-0.5471193790,0.5817327499,0.6018699408,1,272.7,130.3,1631.8,1,0.3485212922,-0.6942089796,0.6297672391,0.8840785027,0.4666610956,0.0251523964,-0.3113489151,0.5479974747,0.7763765454,1,281.2,-123.4,1797.7,1,0.2607015371,-0.2726240456,0.9261266589,-0.9574351907,0.0501092300,0.2842654288,-0.1239051074,-0.9608146548,-0.2479563057,1,428.8,125.3,1390.1,1,-0.0975084677,-0.2819346189,0.9544657469,-0.9929183722,-0.0378340259,-0.1126124039,0.0678606182,-0.9586872458,-0.2762489617,1,497.9,-128.5,1357.3,1,0.6086675525,0.2324730903,0.7586040497,-0.3010361195,0.9522857666,-0.0502896309,-0.7340987921,-0.1977575421,0.6496082544,0,357.0,-275.9,1636.3,1,0.5405151844,0.1424178183,0.8291926980,-0.1816468239,0.9820781350,-0.0502688363,-0.8214911819,-0.1234491393,0.5566979647,0,261.3,-667.8,1717.6,0,0.9772704840,0.0000261726,0.2119965255,-0.0000073461,1.0000000000,-0.0000895933,-0.2119965255,0.0000859995,0.9772704840,0,459.9,-279.2,1476.9,1,0.9995720387,0.0026575625,0.0291316584,-0.0025565103,0.9999905825,-0.0035055063,-0.0291406997,0.0034295309,0.9995694160,0,459.9,-691.1,1476.9,0,187.4,-361.4,1881.6,1,470.7,-405.5,1376.2,1,206.1,-1048.3,1765.5,0,458.8,-1087.2,1475.6,0,
11,0.5392859578,-0.1572157890,0.8273168802,0.0043256227,0.9829233289,0.1839664131,-0.8421105146,-0.0956318751,0.5307571888,1,318.2,328.6,1490.8,1,0.5392859578,-0.1572157890,0.8273168802,0.0043256227,0.9829233289,0.1839664131,-0.8421105146,-0.0956318751,0.5307571888,1,350.4,127.2,1510.4,1,0.5421804786,-0.1445946395,0.8277270198,-0.0145318238,0.9833217859,0.1812942475,-0.8401352763,-0.1103226393,0.5310370922,1,380.2,-75.3,1533.1,1,-0.0197415315,-0.7331490517,0.6797814369,0.8325438499,0.3644241691,0.4172119200,-0.5536072850,0.5741842389,0.6031844020,1,272.4,129.3,1631.3,1,0.3163555861,-0.7104064226,0.6286826134,0.8986068964,0.4367974997,0.0413952097,-0.3040144145,0.5518429279,0.7765594721,1,278.4,-123.3,1799.3,1,0.2573475838,-0.2740687132,0.9266383052,-0.9580788612,0.0525966734,0.2816356122,-0.1259256005,-0.9602708220,-0.2490437776,1,428.4,125.1,1389.5,1,-0.0850808397,-0.2825831175,0.9554621577,-0.9942792654,-0.0380695984,-0.0997966677,0.0645749196,-0.9584870338,-0.2777275443,1,496.2,-127.3,1356.3,1,0.6042671204,0.2557826340,0.7546101809,-0.3229904473,0.9444035292,-0.0614748001,-0.7283806801,-0.2065846622,0.6532874107,0,358.5,-276.5,1635.6,1,0.5261949301,0.2211152315,0.8211132884,-0.2822154760,0.9562830925,-0.0766622573,-0.8021679521,-0.1913915426,0.5655934811,0,253.2,-665.1,1720.6,0,0.9772673845,0.0000194770,0.2120105922,-0.0000043465,1.0000000000,-0.0000718331,-0.2120106071,0.0000692786,0.9772673249,0,461.5,-279.2,1476.0,1,0.9996533394,0.0023873316,0.0262197014,-0.0023054776,0.9999923706,-0.0031516328,-0.0262270253,0.0030900915,0.9996512532,0,461.4,-691.1,1476.0,0,193.3,-365.2,1881.1,1,472.5,-404.7,1374.3,1,167.2,-1037.2,1795.1,0,460.5,-1087.2,1474.8,0,
12,0.5385891795,-0.1577527374,0.8276685476,0.0118240975,0.9836350083,0.1797857136,-0.8424844742,-0.0870442241,0.5316408277,1,318.1,328.2,1492.8,1,0.5385891795,-0.1577527374,0.8276685476,0.0118240975,0.9836350083,0.1797857136,-0.8424844742,-0.0870442241,0.5316408277,1,350.5,126.2,1510.7,1,0.5418497920,-0.1447258294,0.8279206753,-0.0093861083,0.9839596152,0.1781456470,-0.8404218554,-0.1042991728,0.5318002701,1,380.3,-76.5,1532.2,1,-0.0189548898,-0.7331264019,0.6798281670,0.8293728232,0.3682052791,0.4201969504,-0.5583738089,0.5717958212,0.6010559201,1,272.6,127.5,1631.7,1,0.3078191578,-0.7141054869,0.6287295222,0.9017552733,0.4297286272,0.0465924069,-0.3034549654,0.5526181459,0.7762269974,1,278.3,-122.1,1799.7,1,0.2548595071,-0.2745674253,0.9271782041,-0.9579783678,0.0588212311,0.2807446420,-0.1316210777,-0.9597671032,-0.2480384856,1,428.5,124.8,1389.8,1,-0.0783984140,-0.2831255794,0.9558731914,-0.9949488640,-0.0380771197,-0.0928815827,0.0626940504,-0.9583266973,-0.2787102461,1,495.2,-126.0,1355.3,1,0.6075249910,0.2340254337,0.7590425014,-0.3031227887,0.9515976310,-0.0507789478,-0.7341866493,-0.1992335916,0.6490578055,0,358.4,-278.2,1634.0,1,0.5423637629,0.1107945144,0.8328061700,-0.1410678029,0.9892023802,-0.0397308916,-0.8282157779,-0.0959335268,0.5521371365,0,262.0,-670.2,1716.1,0,0.9772787094,0.0000144040,0.2119587064,-0.0000022534,1.0000000000,-0.0000575669,-0.2119587064,0.0000557813,0.9772787094,0,461.9,-280.0,1473.4,1,0.9997192025,0.0021449674,0.0235986430,-0.0020786647,0.9999938011,-0.0028337697,-0.0236045774,0.0027839202,0.9997174740,0,461.9,-692.0,1473.3,0,195.4,-364.9,1881.4,1,473.4,-403.5,1372.8,1,218.1,-1062.0,1754.1,0,461.1,-1088.0,1472.2,0,
13,0.5346546173,-0.1609777361,0.8295962811,0.0177728459,0.9836140871,0.1794099659,-0.8448826671,-0.0811781064,0.5287552476,1,317.6,326.5,1494.4,1,0.5346546173,-0.1609777361,0.8295962811,0.0177728459,0.9836140871,0.1794099659,-0.8448826671,-0.0811781064,0.5287552476,1,350.6,124.8,1511.0,1,0.5379993916,-0.1485552192,0.8297514319,-0.0034883139,0.9839477539,0.1784239560,-0.8429369330,-0.0988864526,0.5288454890,1,381.2,-77.9,1531.4,1,-0.0155349113,-0.7319841981,0.6811444759,0.8270974159,0.3733817339,0.4201141596,-0.5618438125,0.5698992610,0.5996218324,1,273.2,125.3,1632.3,1,0.2996076345,-0.7163724303,0.6301156878,0.9037989974,0.4246565700,0.0530492738,-0.3055858016,0.5536039472,0.7746869922,1,277.8,-120.6,1799.3,1,0.2555589378,-0.2785012126,0.9258112907,-0.9574462771,0.0599327013,0.2823202312,-0.1341129094,-0.9585640430,-0.2513335943,1,428.1,124.3,1389.7,1,-0.0748787746,-0.2869198322,0.9550237060,-0.9952242374,-0.0386434123,-0.0896404311,0.0626249835,-0.9571748972,-0.2826559842,1,494.7,-125.4,1354.7,1,0.6053323746,0.2230446488,0.7640837431,-0.2990241051,0.9533472657,-0.0413960367,-0.7376703024,-0.2034210414,0.6437876225,0,360.1,-280.2,1632.8,1,0.5394318104,0.0549612604,0.8402335644,-0.0697325617,0.9973556399,-0.0204704553,-0.8391368389,-0.0475492328,0.5418379307,0,268.2,-672.9,1716.6,0,0.9764080048,0.0000105748,0.2159338295,-0.0000006317,1.0000000000,-0.0000461160,-0.2159338295,0.0000448917,0.9764080048,0,463.5,-280.9,1470.7,1,0.9997725487,0.0019275255,0.0212394707,-0.0018738196,0.9999949932,-0.0025482003,-0.0212442763,0.0025078219,0.9997711778,0,463.5,-692.8,1470.7,0,197.2,-363.9,1881.6,1,473.8,-403.0,1372.2,1,246.5,-1067.9,1735.4,0,462.8,-1088.9,1469.7,0,
14,0.5318850279,-0.1643532962,0.8307140470,0.0205541067,0.9832016826,0.1813623756,-0.8465660214,-0.0793893784,0.5263289213,1,317.0,326.2,1494.1,1,0.5318850279,-0.1643532962,0.8307140470,0.0205541067,0.9832016826,0.1813623756,-0.8465660214,-0.0793893784,0.5263289213,1,350.7,124.5,1510.4,1,0.5354851484,-0.1502043605,0.8310799003,-0.0019584924,0.9838337898,0.1790744066,-0.8445413113,-0.0975193828,0.5265346766,1,381.7,-78.1,1530.5,1,-0.0099614291,-0.7309352160,0.6823740602,0.8244795799,0.3801244497,0.4192119837,-0.5658038855,0.5667794347,0.5988547206,1,273.7,124.8,1632.0,1,0.2776854932,-0.7225468755,0.6331010461,0.9099398255,0.4091529548,0.0678486675,-0.3080589771,0.5572432280,0.7710899711,1,276.6,-117.7,1798.4,1,0.2554697096,-0.2807508707,0.9251562357,-0.9576678276,0.0578505918,0.2820028663,-0.1326933950,-0.9580355287,-0.2540870011,1,427.8,124.2,1388.9,1,-0.0732284486,-0.2888517976,0.9545691609,-0.9953499436,-0.0388904922,-0.0881251171,0.0625787601,-0.9565836191,-0.2846607268,1,494.4,-125.4,1354.3,1,0.5985478759,0.2519927919,0.7604209185,-0.3232270181,0.9445068240,-0.0585755408,-0.7329833508,-0.2107283771,0.6467834711,0,361.4,-280.6,1631.3,1,0.5281873345,0.1793696284,0.8299667239,-0.2289777696,0.9713125229,-0.0641963035,-0.8176719546,-0.1561362445,0.5541065931,0,257.7,-669.2,1718.0,0,0.9757897258,0.0000076817,0.2187110484,0.0000004029,1.0000000000,-0.0000369203,-0.2187110484,0.0000361146,0.9757897258,0,463.8,-280.9,1469.9,1,0.9998157620,0.0017323843,0.0191160496,-0.0016888820,0.9999959469,-0.0022916005,-0.0191199426,0.0022588933,0.9998146296,0,463.8,-692.8,1469.9,0,201.8,-362.7,1881.3,1,473.9,-403.0,1371.8,1,188.4,-1044.8,1778.4,0,463.1,-1088.9,1469.0,0,
15,0.5260646939,-0.1619892269,0.8348742127,0.0230786037,0.9840496182,0.1763916761,-0.8501303792,-0.0735257119,0.5214127302,1,317.1,327.6,1497.0,1,0.5260646939,-0.1619892269,0.8348742127,0.0230786037,0.9840496182,0.1763916761,-0.8501303792,-0.0735257119,0.5214127302,1,350.3,125.8,1512.1,1,0.5297114849,-0.1507237554,0.8346781731,0.0001262082,0.9840982556,0.1776258647,-0.8481768370,-0.0939851478,0.5213076472,1,381.4,-76.8,1531.5,1,-0.0134977167,-0.7269387841,0.6865696907,0.8295555115,0.3752138913,0.4135845602,-0.5582610965,0.5751301050,0.5979715586,1,274.1,125.8,1634.1,1,0.2817745507,-0.7161769271,0.6385088563,0.9089914560,0.4122830927,0.0612943694,-0.3071440458,0.5631278753,0.7671697140,1,278.1,-116.6,1797.3,1,0.2586525083,-0.2869374156,0.9223695993,-0.9562475085,0.0590800717,0.2865315974,-0.1367103159,-0.9561257362,-0.2591019571,1,426.6,125.8,1390.0,1,-0.0745262504,-0.2951271236,0.9525470138,-0.9953135252,-0.0370082371,-0.0893385038,0.0616183020,-0.9547410011,-0.2909859419,1,494.6,-125.8,1354.1,1,0.5968582630,0.2358681262,0.7668939829,-0.3108018339,0.9491568804,-0.0500345752,-0.7397042513,-0.2084884942,0.6398203969,0,362.2,-279.5,1631.2,1,0.5315822363,0.0893047750,0.8422856331,-0.1134735048,0.9929704666,-0.0336661339,-0.8393713236,-0.0776807815,0.5379791260,0,265.0,-670.5,1717.1,0,0.9743171930,0.0000055109,0.2251800001,0.0000011702,1.0000000000,-0.0000295364,-0.2251800001,0.0000290414,0.9743171930,0,462.7,-279.5,1470.4,1,0.9998507500,0.0015572086,0.0172048472,-0.0015219715,0.9999967217,-0.0020609954,-0.0172079988,0.0020345026,0.9998498559,0,462.7,-691.4,1470.4,0,202.2,-361.4,1880.0,1,473.8,-403.4,1371.3,1,229.7,-1063.8,1747.9,0,462.0,-1087.5,1469.6,0,
16,0.5262599587,-0.1575594246,0.8355986476,0.0286843721,0.9854134917,0.1677432358,-0.8498387933,-0.0643079430,0.5231035948,1,318.2,326.7,1498.5,1,0.5262599587,-0.1575594246,0.8355986476,0.0286843721,0.9854134917,0.1677432358,-0.8498387933,-0.0643079430,0.5231035948,1,350.5,124.6,1511.7,1,0.5298007727,-0.1521543115,0.8343619108,0.0061638900,0.9844408035,0.1756091416,-0.8480986953,-0.0878949761,0.5224958062,1,381.8,-78.2,1529.8,1,-0.0138389934,-0.7277119160,0.6857432723,0.8241074085,0.3800854087,0.4199785888,-0.5662644506,0.5709382296,0.5944527984,1,274.2,123.7,1633.7,1,0.2766236961,-0.7207484245,0.6356107593,0.9126442671,0.4041616321,0.0611063279,-0.3009317815,0.5631830692,0.7695875168,1,278.2,-114.5,1797.4,1,0.2596813738,-0.2855958045,0.9224969745,-0.9558965564,0.0597117767,0.2875694931,-0.1372125745,-0.9564881325,-0.2574940324,1,426.7,125.4,1389.6,1,-0.0713882148,-0.2934541106,0.9533039331,-0.9956656098,-0.0361557640,-0.0856902450,0.0596135855,-0.9552892447,-0.2896010578,1,494.5,-124.0,1353.8,1,0.5979851484,0.2278756946,0.7684311271,-0.3025215864,0.9519884586,-0.0468898416,-0.7422226071,-0.2044275999,0.6382123232,0,362.1,-281.5,1629.7,1,0.5300384760,0.0442839339,0.8468165398,-0.0561453477,0.9982768297,-0.0170620531,-0.8461128473,-0.0385012589,0.5316114426,0,268.2,-673.7,1713.9,0,0.9744637012,0.0000038830,0.2245450318,0.0000014583,1.0000000000,-0.0000236210,-0.2245450318,0.0000233453,0.9744637012,0,464.3,-280.3,1466.1,1,0.9998791218,0.0013999172,0.0154846720,-0.0013713749,0.9999973178,-0.0018537237,-0.0154872257,0.0018322644,0.9998784065,0,464.3,-692.3,1466.1,0,203.8,-360.3,1878.4,1,474.6,-401.8,1370.4,1,250.7,-1069.1,1729.1,0,463.7,-1088.3,1465.3,0,
17,0.5266649723,-0.1574095339,0.8353716135,0.0330757909,0.9857566357,0.1648941636,-0.8494281173,-0.0592134260,0.5243704319,1,318.1,325.6,1499.7,1,0.5266649723,-0.1574095339,0.8353716135,0.0330757909,0.9857566357,0.1648941636,-0.8494281173,-0.0592134260,0.5243704319,1,350.3,123.7,1511.8,1,0.5299080610,-0.1530064493,0.8341379166,0.0124874655,0.9848907590,0.1727264971,-0.8479620814,-0.0811129361,0.5238127112,1,381.8,-79.2,1528.5,1,-0.0168258976,-0.7282084227,0.6851490140,0.8219624162,0.3800868690,0.4241599441,-0.5692930222,0.5703036189,0.5921647549,1,274.1,121.9,1633.8,1,0.2787969112,-0.7207405567,0.6346694231,0.9119989276,0.4057568610,0.0601620227,-0.3008827269,0.5620448589,0.7704382539,1,278.9,-114.6,1797.6,1,0.2615058124,-0.2848961949,0.9221978784,-0.9547639489,0.0637803450,0.2904443145,-0.1415645778,-0.9564341903,-0.2553296983,1,426.6,125.5,1389.8,1,-0.0652961656,-0.2924204767,0.9540579915,-0.9962608218,-0.0351030305,-0.0789436921,0.0565750822,-0.9556453228,-0.2890349925,1,494.6,-122.7,1353.0,1,0.5957803130,0.2255693674,0.7708204389,-0.3078294992,0.9505897760,-0.0402495563,-0.7418131232,-0.2133014202,0.6357796192,0,362.4,-283.2,1626.8,1,0.5264256597,0.0220217109,0.8499359488,-0.0278653204,0.9995743632,-0.0086398497,-0.8497644067,-0.0191354975,0.5268152356,0,269.5,-674.8,1714.7,0,0.9746217728,0.0000026847,0.2238580883,0.0000015822,1.0000000000,-0.0000188812,-0.2238580883,0.0000187562,0.9746217728,0,464.3,-280.8,1463.7,1,0.9999020696,0.0012586518,0.0139364386,-0.0012355325,0.9999978542,-0.0016673999,-0.0139385080,0.0016500177,0.9999014735,0,464.3,-692.7,1463.6,0,203.8,-360.2,1878.6,1,476.3,-400.6,1368.8,1,260.7,-1070.7,1722.2,0,463.8,-1088.8,1463.0,0,
18,0.5288490653,-0.1630775928,0.8329009414,0.0323220342,0.9845243692,0.1722421497,-0.8480992317,-0.0641690791,0.5259363055,1,316.8,324.3,1497.3,1,0.5288490653,-0.1630775928,0.8329009414,0.0323220342,0.9845243692,0.1722421497,-0.8480992317,-0.0641690791,0.5259363055,1,350.2,122.8,1510.4,1,0.5320950747,-0.1557537019,0.8322350979,0.0122778891,0.9842504263,0.1763539314,-0.8465945721,-0.0836190134,0.5256276131,1,382.2,-79.9,1527.6,1,-0.0250209328,-0.7307020426,0.6822378039,0.8217277527,0.3736292720,0.4303075373,-0.5693306327,0.5713804364,0.5910896659,1,273.6,121.0,1632.3,1,0.2886061668,-0.7179894447,0.6334015727,0.9071496725,0.4166568816,0.0589614660,-0.3062448502,0.5575733781,0.7715736628,1,280.8,-115.6,1796.2,1,0.2624695599,-0.2830758691,0.9224845767,-0.9547028542,0.0627059564,0.2908785939,-0.1401859820,-0.9570454359,-0.2537949383,1,426.7,124.5,1388.6,1,-0.0577050410,-0.2898801565,0.9553217888,-0.9967842102,-0.0365635529,-0.0713042840,0.0555996485,-0.9563642740,-0.2868380845,1,494.3,-121.4,1352.5,1,0.5923763514,0.2421247065,0.7684178352,-0.3333269656,0.9419688582,-0.0398467183,-0.7334735394,-0.2325301170,0.6387068033,0,363.5,-283.8,1625.7,1,0.5256787539,0.0109759569,0.8506124020,-0.0138825774,0.9998942614,-0.0043227919,-0.8505699635,-0.0095362924,0.5257755518,0,263.8,-671.8,1721.5,0,0.9751970768,0.0000018099,0.2213385105,0.0000015687,1.0000000000,-0.0000150882,-0.2213385105,0.0000150612,0.9751970768,0,465.1,-281.5,1464.1,1,0.9999206662,0.0011317541,0.0125429761,-0.0011130273,0.9999982715,-0.0014998881,-0.0125446524,0.0014858084,0.9999201894,0,465.1,-693.4,1464.1,0,203.1,-359.9,1878.6,1,478.3,-399.5,1368.0,1,259.4,-1067.9,1725.2,0,464.7,-1089.5,1463.5,0,
19,0.5271258354,-0.1624909490,0.8341070414,0.0289573632,0.9844132662,0.1734721214,-0.8492925763,-0.0672881305,0.5236154795,1,317.2,326.2,1495.6,1,0.5271258354,-0.1624909490,0.8341070414,0.0289573632,0.9844132662,0.1734721214,-0.8492925763,-0.0672881305,0.5236154795,1,350.5,124.6,1509.4,1,0.5301494598,-0.1564669758,0.8333421946,0.0102980118,0.9839420319,0.1781923622,-0.8478406072,-0.0858868733,0.5232481360,1,382.7,-78.1,1527.1,1,-0.0258650612,-0.7295745611,0.6834120750,0.8212712407,0.3742642403,0.4306272864,-0.5699513555,0.5724048615,0.5894982219,1,274.2,123.1,1631.4,1,0.2845749557,-0.7179530263,0.6352642179,0.9082249999,0.4140060842,0.0610435754,-0.3068296611,0.5595913529,0.7698786259,1,281.7,-114.4,1796.2,1,0.2556707859,-0.2861836851,0.9234344959,-0.9565984011,0.0632640719,0.2844591737,-0.1398278177,-0.9560838938,-0.2575881183,1,426.8,126.0,1387.4,1,-0.0515291803,-0.2928287685,0.9547754526,-0.9969317913,-0.0413234755,-0.0664782375,0.0589213744,-0.9552716017,-0.2898009717,1,493.0,-121.8,1351.1,1,0.5941028595,0.2356371135,0.7691013217,-0.3226677775,0.9456463456,-0.0404778272,-0.7368358970,-0.2241162807,0.6378437281,0,364.4,-281.7,1625.5,1,0.5249216557,0.0054788990,0.8511329293,-0.0069272304,0.9999736547,-0.0021647636,-0.8511223197,-0.0047596619,0.5249458551,0,267.4,-671.3,1717.9,0,0.9746459126,0.0000011795,0.2237529755,0.0000015550,1.0000000000,-0.0000120447,-0.2237529755,0.0000120873,0.9746459126,0,465.5,-279.8,1464.0,1,0.9999357462,0.0010177419,0.0112888198,-0.0010025732,0.9999985695,-0.0013492734,-0.0112901777,0.0013378689,0.9999353886,0,465.5,-691.7,1464.0,0,205.0,-359.0,1878.8,1,478.7,-399.9,1367.6,1,265.2,-1067.3,1719.7,0,465.1,-1087.7,1463.4,0,
20,0.5322598219,-0.1642539650,0.8304936886,0.0318075083,0.9841849804,0.1742658466,-0.8459823728,-0.0663388222,0.5290670991,1,316.8,324.7,1494.8,1,0.5322598219,-0.1642539650,0.8304936886,0.0318075083,0.9841849804,0.1742658466,-0.8459823728,-0.0663388222,0.5290670991,1,350.4,123.4,1508.3,1,0.5352884531,-0.1578350961,0.8297915459,0.0133019798,0.9838399887,0.1785561144,-0.8445636034,-0.0845412165,0.5287382007,1,382.9,-79.2,1525.7,1,-0.0277488083,-0.7337825298,0.6788175702,0.8197618127,0.3719000816,0.4355237484,-0.5720319748,0.5685539842,0.5912071466,1,273.3,121.5,1629.9,1,0.2799491584,-0.7219364643,0.6328002214,0.9079509377,0.4132291973,0.0697616190,-0.3118549883,0.5550218821,0.7711660862,1,281.3,-114.3,1794.4,1,0.2558468282,-0.2808408141,0.9250247478,-0.9563346505,0.0663363189,0.2846465409,-0.1413031071,-0.9574591517,-0.2516058385,1,427.4,125.4,1386.8,1,-0.0533867553,-0.2878173292,0.9561961889,-0.9968869686,-0.0402746350,-0.0677813888,0.0580191016,-0.9568381906,-0.2847712040,1,493.2,-120.6,1350.4,1,0.5981058478,0.2347787917,0.7662561536,-0.3205295503,0.9464026690,-0.0397839323,-0.7345272899,-0.2218126953,0.6413024664,0,364.1,-283.1,1624.1,1,0.5293532610,0.0027360725,0.8483970165,-0.0034662089,0.9999934435,-0.0010622449,-0.8483943939,-0.0023784190,0.5293592215,0,267.4,-672.9,1715.5,0,0.9760509729,0.0000007257,0.2175422311,0.0000014010,1.0000000000,-0.0000096217,-0.2175422311,0.0000096961,0.9760509729,0,466.7,-280.5,1462.2,1,0.9999479651,0.0009152894,0.0101600466,-0.0009030027,0.9999988675,-0.0012138385,-0.0101611456,0.0012046007,0.9999476671,0,466.7,-692.4,1462.2,0,205.9,-358.8,1878.4,1,478.3,-398.7,1366.6,1,266.3,-1069.0,1716.4,0,466.3,-1088.5,1461.7,0,
21,0.5330004692,-0.1663085073,0.8296093345,0.0366428271,0.9841099977,0.1737389565,-0.8453201652,-0.0622037426,0.5306255221,1,316.9,322.9,1494.8,1,0.5330004692,-0.1663085073,0.8296093345,0.0366428271,0.9841099977,0.1737389565,-0.8453201652,-0.0622037426,0.5306255221,1,350.9,121.7,1507.6,1,0.5363121629,-0.1571463197,0.8292610645,0.0164893046,0.9842775464,0.1758582890,-0.8438576460,-0.0806410611,0.5304716825,1,383.3,-81.1,1524.2,1,-0.0208311770,-0.7346944809,0.6780783534,0.8096784353,0.3854711652,0.4425300658,-0.5865039825,0.5582438111,0.5868364573,1,273.7,119.3,1629.0,1,0.2746318281,-0.7307222486,0.6249979138,0.9146015048,0.3991359472,0.0647663772,-0.2967853546,0.5538371205,0.7779350281,1,279.7,-112.0,1796.5,1,0.2520240843,-0.2790737152,0.9266076684,-0.9572901726,0.0683114156,0.2809431851,-0.1417017281,-0.9578368664,-0.2499383837,1,428.1,124.0,1386.1,1,-0.0524592549,-0.2861321867,0.9567530751,-0.9969463944,-0.0404892042,-0.0667720214,0.0578437932,-0.9573343396,-0.2831344306,1,492.4,-120.0,1350.0,1,0.5906400681,0.2654393315,0.7620278001,-0.3518922329,0.9345509410,-0.0527866408,-0.7261654735,-0.2369737327,0.6453893185,0,364.5,-285.3,1621.3,1,0.5264480114,0.1609202325,0.8348395228,-0.2164775431,0.9749328494,-0.0514137782,-0.8221860528,-0.1536573470,0.5480871201,0,255.2,-669.9,1718.8,0,0.9763776660,0.0000004106,0.2160709351,0.0000012786,1.0000000000,-0.0000076784,-0.2160709351,0.0000077733,0.9763776660,0,466.8,-282.2,1460.2,1,0.9999578595,0.0008232108,0.0091441264,-0.0008132586,0.9999990463,-0.0010920431,-0.0091450168,0.0010845606,0.9999576211,0,466.8,-694.1,1460.2,0,205.7,-358.3,1876.4,1,477.7,-398.1,1366.1,1,193.4,-1044.5,1777.9,0,466.5,-1090.2,1459.8,0,
22,0.5310245156,-0.1624133885,0.8316456079,0.0407501683,0.9852185845,0.1663852632,-0.8463751078,-0.0544650108,0.5297940373,1,317.0,323.2,1497.4,1,0.5310245156,-0.1624133885,0.8316456079,0.0407501683,0.9852185845,0.1663852632,-0.8463751078,-0.0544650108,0.5297940373,1,350.3,121.3,1508.5,1,0.5342938304,-0.1570102572,0.8305886388,0.0205877498,0.9847236276,0.1729039550,-0.8450471163,-0.0752816275,0.5293647051,1,382.6,-81.5,1524.0,1,-0.0245115608,-0.7332360744,0.6795322895,0.8106092215,0.3832381964,0.4427654147,-0.5850742459,0.5616880059,0.5849741697,1,273.4,118.4,1630.1,1,0.2855828106,-0.7282917500,0.6229234338,0.9154313803,0.3996529579,0.0475700349,-0.2835980654,0.5566584468,0.7808350921,1,280.4,-113.7,1797.7,1,0.2500418127,-0.2817541957,0.9263334274,-0.9567838907,0.0748049170,0.2810139060,-0.1484711468,-0.9565661550,-0.2508735061,1,427.2,124.3,1386.9,1,-0.0437021665,-0.2885099053,0.9564790130,-0.9973911047,-0.0424594134,-0.0583788231,0.0574544109,-0.9565349221,-0.2859016657,1,491.1,-120.2,1349.0,1,0.5907613039,0.2503906488,0.7670108676,-0.3411047459,0.9390036464,-0.0438145623,-0.7311967015,-0.2357470691,0.6401364803,0,364.2,-286.2,1619.9,1,0.5298423767,0.0797820911,0.8443351388,-0.1069848314,0.9938999414,-0.0267788507,-0.8413211703,-0.0761424899,0.5351457596,0,261.0,-673.0,1717.0,0,0.9759415388,0.0000001932,0.2180325538,0.0000011696,1.0000000000,-0.0000061210,-0.2180325538,0.0000062288,0.9759415388,0,465.7,-282.3,1459.2,1,0.9999658465,0.0007404440,0.0082297781,-0.0007323827,0.9999992251,-0.0009825048,-0.0082304990,0.0009764439,0.9999656677,0,465.7,-694.2,1459.2,0,203.5,-360.2,1874.0,1,478.9,-398.5,1365.0,1,229.4,-1066.7,1747.1,0,465.4,-1090.3,1458.8,0,
23,0.5328803062,-0.1642792374,0.8300906420,0.0392515734,0.9847167730,0.1696831286,-0.8452788591,-0.0578384846,0.5311849117,1,316.1,324.5,1496.1,1,0.5328803062,-0.1642792374,0.8300906420,0.0392515734,0.9847167730,0.1696831286,-0.8452788591,-0.0578384846,0.5311849117,1,349.8,122.5,1508.0,1,0.5360560417,-0.1568241417,0.8294876814,0.0197745636,0.9846562743,0.1733815670,-0.8439498544,-0.0765395388,0.5309325457,1,382.1,-80.3,1523.8,1,-0.0291180778,-0.7340483665,0.6784726381,0.8175786138,0.3730174601,0.4386605322,-0.5750802159,0.5674777031,0.5892807245,1,272.7,119.6,1629.5,1,0.2982597649,-0.7220259309,0.6242752671,0.9101322889,0.4121933877,0.0419021659,-0.2875765860,0.5556753278,0.7800798416,1,281.1,-116.5,1795.5,1,0.2465954423,-0.2804614902,0.9276486635,-0.9576004148,0.0766234100,0.2777234614,-0.1489703357,-0.9568020701,-0.2496750355,1,427.0,125.3,1386.6,1,-0.0355840065,-0.2868464291,0.9573154449,-0.9974606633,-0.0489409268,-0.0517407022,0.0616935454,-0.9567255974,-0.2843765020,1,490.5,-121.4,1348.2,1,0.5921654701,0.2437104583,0.7680789232,-0.3398732543,0.9397759438,-0.0361577794,-0.7306340933,-0.2396380901,0.6393334866,0,363.6,-285.0,1619.5,1,0.5298672915,0.0395071283,0.8471598029,-0.0529195964,0.9985079765,-0.0134659596,-0.8464278579,-0.0376961865,0.5311673880,0,263.2,-672.1,1718.2,0,0.9763778448,0.0000000450,0.2160700411,0.0000010340,1.0000000000,-0.0000048807,-0.2160700411,0.0000049888,0.9763778448,0,465.2,-281.2,1459.5,1,0.9999723434,0.0006660385,0.0074068508,-0.0006595088,0.9999994040,-0.0008839838,-0.0074074348,0.0008790744,0.9999721646,0,465.2,-693.2,1459.5,0,200.8,-361.6,1873.0,1,480.6,-399.7,1365.4,1,247.6,-1067.6,1733.2,0,465.0,-1089.2,1459.2,0,
