1,0.6060464978,0.0548978038,-0.7935317159,0.0793284252,0.9884702563,0.1289696842,0.7914630175,-0.1411115080,0.5947039723,1,-505.7,348.0,1557.2,1,0.6060464978,0.0548978038,-0.7935317159,0.0793284252,0.9884702563,0.1289696842,0.7914630175,-0.1411115080,0.5947039723,1,-517.2,140.8,1586.7,1,0.6068215966,0.0367197655,-0.7939885855,0.0960526466,0.9882234931,0.1191127300,0.7890123129,-0.1485451609,0.5961483717,1,-525.0,-67.5,1618.1,1,0.1548772901,-0.4947965145,-0.8550962210,0.9857015610,0.1355440915,0.1001010761,0.0663735792,-0.8583731055,0.5087143779,1,-607.5,126.5,1469.3,1,-0.1390321255,-0.4795506001,-0.8664301634,0.9883801341,-0.0129156932,-0.1514523327,0.0614385083,-0.8774190545,0.4757740200,1,-648.1,-131.6,1451.9,1,-0.0000034571,1.0000004768,-0.0000000000,-1.0000004768,-0.0000034571,0.0000000000,0.0000000000,0.0000000000,1.0000000000,0,-426.9,155.1,1704.2,1,0.0000197291,0.9999990463,0.0000002212,-0.9999990463,0.0000197291,-0.0000017239,-0.0000017239,-0.0000002212,1.0000000000,0,-426.9,-120.6,1704.2,0,0.5542751551,-0.0491725877,-0.8308797479,0.0625653043,0.9978905916,-0.0173195563,0.8299787045,-0.0423844419,0.5561824441,1,-591.8,-285.2,1572.6,1,0.5553163886,-0.0000000000,-0.8316391706,0.0000000000,1.0000000000,0.0000000000,0.8316391706,0.0000000000,0.5553163886,0,-571.0,-706.1,1590.5,1,0.6112337708,-0.0384435616,-0.7905159593,0.0760395974,0.9970515370,0.0103068762,0.7877889276,-0.0664104223,0.6123547554,1,-473.7,-266.5,1726.2,1,0.6130087972,-0.0000000000,-0.7900761366,0.0000000000,1.0000000000,0.0000000000,0.7900761366,0.0000000000,0.6130087972,0,-457.4,-687.0,1754.2,1,-608.8,-411.0,1434.6,1,-426.9,-396.3,1704.2,0,-571.0,-1111.6,1590.5,0,-457.4,-1092.5,1754.2,0,
2,0.6069395542,0.0595724620,-0.7925112844,0.0848660618,0.9866268039,0.1391580701,0.7902032137,-0.1517181247,0.5937672257,1,-505.5,348.6,1553.4,1,0.6069395542,0.0595724620,-0.7925112844,0.0848660618,0.9866268039,0.1391580701,0.7902032137,-0.1517181247,0.5937672257,1,-518.0,141.7,1585.2,1,0.6077561975,0.0367160998,-0.7932736278,0.1016056761,0.9871249795,0.1235322356,0.7875961065,-0.1556788683,0.5962008238,1,-525.8,-66.4,1618.0,1,0.1424216032,-0.4960862994,-0.8565130234,0.9877200127,0.1273836792,0.0904590413,0.0642302930,-0.8588783741,0.5081363916,1,-608.5,126.6,1468.0,1,-0.1252591312,-0.4835238457,-0.8663226366,0.9904773235,-0.0106546022,-0.1372635961,0.0571398959,-0.8752664328,0.4802539349,1,-646.2,-134.7,1451.0,1,-0.0000034571,1.0000004768,-0.0000000000,-1.0000004768,-0.0000034571,0.0000000000,0.0000000000,0.0000000000,1.0000000000,0,-427.6,156.8,1702.4,1,0.0000197291,0.9999990463,0.0000001991,-0.9999990463,0.0000197291,-0.0000015515,-0.0000015515,-0.0000001990,1.0000000000,0,-427.6,-118.9,1702.4,0,0.5556617975,-0.0452254489,-0.8301774263,0.0597406365,0.9981102347,-0.0143877566,0.8292592764,-0.0416006036,0.5573135614,1,-592.7,-284.5,1574.2,1,0.5566176176,-0.0000000000,-0.8307688236,0.0000000000,1.0000000000,0.0000000000,0.8307688236,0.0000000000,0.5566176176,0,-573.6,-705.4,1591.7,1,0.6123012900,-0.0341974236,-0.7898846269,0.0777921975,0.9968221188,0.0171461944,0.7867881656,-0.0719454885,0.6130158305,1,-474.4,-264.7,1727.5,1,0.6141619682,-0.0000000000,-0.7891799808,0.0000000000,0.9999999404,0.0000000000,0.7891799212,0.0000000000,0.6141620278,0,-460.0,-685.0,1757.8,1,-610.7,-414.6,1434.9,1,-427.6,-394.6,1702.4,0,-573.6,-1110.9,1591.7,0,-460.0,-1090.5,1757.8,0,
3,0.6111037731,0.0603364930,-0.7892467380,0.0890723094,0.9855155349,0.1443084478,0.7865223289,-0.1584877372,0.5968780518,1,-505.6,348.9,1551.0,1,0.6111037731,0.0603364930,-0.7892467380,0.0890723094,0.9855155349,0.1443084478,0.7865223289,-0.1584877372,0.5968780518,1,-518.2,142.3,1584.2,1,0.6118758321,0.0379928350,-0.7900400758,0.1045529470,0.9861955047,0.1284008324,0.7840125561,-0.1611666530,0.5994569659,1,-526.3,-65.6,1618.2,1,0.1326481551,-0.5000525713,-0.8557755947,0.9889797568,0.1240527481,0.0808079243,0.0657530949,-0.8570637703,0.5109972954,1,-609.3,126.7,1467.5,1,-0.1196827963,-0.4883187413,-0.8644193411,0.9914854765,-0.0137899816,-0.1294855475,0.0513099022,-0.8725564480,0.4858112931,1,-644.6,-136.8,1450.0,1,-0.0000034571,1.0000004768,-0.0000000000,-1.0000004768,-0.0000034571,0.0000000000,0.0000000000,0.0000000000,1.0000000000,0,-427.2,157.9,1700.9,1,0.0000197291,0.9999990463,0.0000001792,-0.9999990463,0.0000197291,-0.0000013964,-0.0000013964,-0.0000001791,1.0000000000,0,-427.2,-117.9,1700.9,0,0.5598577857,-0.0504256003,-0.8270528316,0.0639635921,0.9977980852,-0.0175370257,0.8261160254,-0.0430830345,0.5618504882,1,-593.8,-283.8,1575.9,1,0.5609598160,-0.0000000000,-0.8278430104,0.0000000000,1.0000000000,0.0000000000,0.8278430104,0.0000000000,0.5609598160,0,-572.5,-704.5,1594.1,1,0.6165965796,-0.0358854607,-0.7864608765,0.0740389377,0.9971764088,0.0125473822,0.7837899923,-0.0659654140,0.6175125241,1,-474.7,-263.4,1728.5,1,0.6182931662,-0.0000000000,-0.7859475613,0.0000000000,1.0000000000,0.0000000000,0.7859475613,0.0000000000,0.6182931662,0,-459.6,-683.9,1756.3,1,-610.8,-417.1,1435.5,1,-427.2,-393.6,1700.9,0,-572.5,-1110.0,1594.1,0,-459.6,-1089.4,1756.3,0,
4,0.6160367727,0.0654702038,-0.7849912643,0.0925270170,0.9836270213,0.1546492428,0.7822637558,-0.1679027826,0.5998926163,1,-504.0,348.8,1547.8,1,0.6160367727,0.0654702038,-0.7849912643,0.0925270170,0.9836270213,0.1546492428,0.7822637558,-0.1679027826,0.5998926163,1,-517.7,142.7,1583.0,1,0.6168075800,0.0410787724,-0.7860406041,0.1067699045,0.9850403070,0.1352611482,0.7798382640,-0.1673558503,0.6031943560,1,-526.4,-64.9,1618.2,1,0.1354200095,-0.5043351054,-0.8528233171,0.9888968468,0.1219612807,0.0849027932,0.0611919574,-0.8548518419,0.5152513981,1,-609.5,126.9,1466.9,1,-0.1207023636,-0.4926882982,-0.8617940545,0.9911963940,-0.0122318156,-0.1318334192,0.0544114895,-0.8701197505,0.4898273051,1,-645.6,-137.1,1450.6,1,-0.0000034571,1.0000004768,-0.0000000000,-1.0000004768,-0.0000034571,0.0000000000,0.0000000000,0.0000000000,1.0000000000,0,-425.9,158.6,1699.0,1,0.0000197291,0.9999990463,0.0000001612,-0.9999990463,0.0000197291,-0.0000012567,-0.0000012567,-0.0000001612,1.0000000000,0,-425.9,-117.1,1699.0,0,0.5650381446,-0.0567289554,-0.8231121898,0.0633696839,0.9976705313,-0.0252584163,0.8226276636,-0.0378883928,0.5673167109,1,-595.0,-283.0,1577.6,1,0.5661089420,-0.0000000000,-0.8243303895,0.0000000000,1.0000000000,0.0000000000,0.8243303895,0.0000000000,0.5661089420,0,-571.1,-703.7,1593.6,1,0.6217146516,-0.0384450443,-0.7822996974,0.0674240664,0.9977139831,0.0045524454,0.7803363204,-0.0555761494,0.6228855848,1,-475.0,-262.2,1729.4,1,0.6231325269,-0.0000000000,-0.7821162939,0.0000000000,1.0000000000,0.0000000000,0.7821162939,0.0000000000,0.6231325269,0,-458.8,-683.0,1752.9,1,-611.5,-417.3,1435.2,1,-425.9,-392.8,1699.0,0,-571.1,-1109.2,1593.6,0,-458.8,-1088.5,1752.9,0,
5,0.6179651618,0.0725112930,-0.7828538418,0.0950981304,0.9815325737,0.1659818441,0.7804323435,-0.1770192087,0.5996572375,1,-502.6,348.7,1545.2,1,0.6179651618,0.0725112930,-0.7828538418,0.0950981304,0.9815325737,0.1659818441,0.7804323435,-0.1770192087,0.5996572375,1,-517.8,143.0,1582.3,1,0.6188101172,0.0443875380,-0.7842848301,0.1093040630,0.9838243127,0.1419229507,0.7778983116,-0.1735491455,0.6039487123,1,-527.2,-64.4,1618.9,1,0.1328073740,-0.5055580139,-0.8525099754,0.9893602729,0.1191689745,0.0834565014,0.0594006293,-0.8545231819,0.5160055757,1,-609.9,126.8,1466.5,1,-0.1108361036,-0.4957025349,-0.8613909483,0.9922113419,-0.0056111030,-0.1244398877,0.0568518080,-0.8684743047,0.4924635291,1,-645.2,-136.0,1450.7,1,-0.0000034571,1.0000004768,-0.0000000000,-1.0000004768,-0.0000034571,0.0000000000,0.0000000000,0.0000000000,1.0000000000,0,-425.7,159.3,1698.0,1,0.0000197291,0.9999990463,0.0000001451,-0.9999990463,0.0000197291,-0.0000011311,-0.0000011311,-0.0000001451,1.0000000000,0,-425.7,-116.4,1698.0,0,0.5673121810,-0.0624721944,-0.8211297393,0.0604278371,0.9975882173,-0.0341481715,0.8212826848,-0.0302464161,0.5697191358,1,-596.7,-282.5,1579.8,1,0.5682604313,-0.0000000000,-0.8228487968,0.0000000000,1.0000000000,0.0000000000,0.8228487968,0.0000000000,0.5682604313,0,-570.4,-703.2,1592.5,1,0.6238766909,-0.0378507003,-0.7806056142,0.0615858436,0.9981013536,0.0008238935,0.7790923715,-0.0485882685,0.6250233054,1,-476.3,-261.2,1731.2,1,0.6250631213,-0.0000000000,-0.7805741429,0.0000000000,1.0000000000,0.0000000000,0.7805741429,0.0000000000,0.6250631213,0,-460.3,-682.1,1751.7,1,-613.8,-416.5,1434.7,1,-425.7,-392.2,1698.0,0,-570.4,-1108.6,1592.5,0,-460.3,-1087.6,1751.7,0,
6,0.6216975451,0.0741590559,-0.7797380090,0.0970371589,0.9805458188,0.1706266552,0.7772226930,-0.1817420274,0.6024067402,1,-501.3,348.4,1544.4,1,0.6216975451,0.0741590559,-0.7797380090,0.0970371589,0.9805458188,0.1706266552,0.7772226930,-0.1817420274,0.6024067402,1,-516.8,143.0,1582.5,1,0.6225197911,0.0417405143,-0.7814894319,0.1109728664,0.9837782383,0.1409439743,0.7746956348,-0.1744648069,0.6077893376,1,-525.6,-64.4,1619.3,1,0.1432722062,-0.5091449022,-0.8486722112,0.9879513383,0.1242871508,0.0922214761,0.0585249513,-0.8516596556,0.5208173394,1,-609.5,126.5,1467.2,1,-0.1185291782,-0.4980198145,-0.8590268493,0.9910914302,-0.0064232573,-0.1330277026,0.0607326739,-0.8671418428,0.4943445623,1,-647.4,-135.0,1451.7,1,-0.0000034571,1.0000004768,-0.0000000000,-1.0000004768,-0.0000034571,0.0000000000,0.0000000000,0.0000000000,1.0000000000,0,-424.2,159.5,1697.8,1,0.0000197291,0.9999990463,0.0000001306,-0.9999990463,0.0000197291,-0.0000010179,-0.0000010179,-0.0000001306,1.0000000000,0,-424.2,-116.2,1697.8,0,0.5717407465,-0.0693604127,-0.8174971342,0.0558956936,0.9973978996,-0.0455317497,0.8185279965,-0.0196622126,0.5741299391,1,-595.0,-282.7,1580.7,1,0.5725163817,-0.0000000000,-0.8198933005,0.0000000000,1.0000000000,0.0000000000,0.8198933005,0.0000000000,0.5725163817,0,-565.8,-703.3,1588.9,1,0.6279997230,-0.0405617766,-0.7771557570,0.0552880615,0.9984428287,-0.0074344459,0.7762471437,-0.0382986031,0.6292643547,1,-473.8,-261.1,1731.4,1,0.6289621592,-0.0000000000,-0.7774358988,0.0000000000,1.0000000000,0.0000000000,0.7774358988,0.0000000000,0.6289621592,0,-456.7,-682.1,1747.6,1,-613.9,-415.2,1434.5,1,-424.2,-392.0,1697.8,0,-565.8,-1108.8,1588.9,0,-456.7,-1087.6,1747.6,0,
7,0.6226007342,0.0719606727,-0.7792232633,0.0991601050,0.9804811478,0.1697757840,0.7762311697,-0.1829706728,0.6033127308,1,-501.8,348.3,1544.0,1,0.6226007342,0.0719606727,-0.7792232633,0.0991601050,0.9804811478,0.1697757840,0.7762311697,-0.1829706728,0.6033127308,1,-516.9,142.9,1582.3,1,0.6233282089,0.0408015549,-0.7808943987,0.1118320227,0.9837207198,0.1406661570,0.7739216089,-0.1750104576,0.6086180210,1,-525.5,-64.5,1619.2,1,0.1469686031,-0.5101121664,-0.8474584222,0.9875531197,0.1242002547,0.0965041518,0.0560266189,-0.8510932922,0.5220164657,1,-609.7,126.3,1467.1,1,-0.1233556718,-0.4985541403,-0.8580367565,0.9900665879,-0.0030467845,-0.1405666023,0.0674658194,-0.8668532372,0.4939776063,1,-648.6,-135.0,1452.3,1,-0.0000034571,1.0000004768,-0.0000000000,-1.0000004768,-0.0000034571,0.0000000000,0.0000000000,0.0000000000,1.0000000000,0,-424.2,159.6,1697.5,1,0.0000197291,0.9999990463,0.0000001175,-0.9999990463,0.0000197291,-0.0000009162,-0.0000009162,-0.0000001175,1.0000000000,0,-424.2,-116.2,1697.5,0,0.5728349686,-0.0615938716,-0.8173532486,0.0537997931,0.9978476763,-0.0374904051,0.8179032207,-0.0224976204,0.5749158263,1,-594.8,-282.8,1580.8,1,0.5735675693,-0.0000000000,-0.8191583157,0.0000000000,1.0000000000,0.0000000000,0.8191583157,0.0000000000,0.5735675693,0,-568.8,-703.6,1590.3,1,0.6288960576,-0.0349527374,-0.7767032385,0.0549899191,0.9984868765,-0.0004080052,0.7755422592,-0.0424542576,0.6298664808,1,-473.5,-261.0,1731.4,1,0.6298491955,-0.0000000000,-0.7767174840,0.0000000000,1.0000000000,0.0000000000,0.7767174840,0.0000000000,0.6298491955,0,-458.7,-682.1,1749.3,1,-613.7,-414.9,1433.3,1,-424.2,-391.9,1697.5,0,-568.8,-1109.1,1590.3,0,-458.7,-1087.6,1749.3,0,
8,0.6264797449,0.0742346346,-0.7758938074,0.1041041687,0.9785658121,0.1776823401,0.7724536061,-0.1920884699,0.6053236127,1,-501.2,348.9,1540.8,1,0.6264797449,0.0742346346,-0.7758938074,0.1041041687,0.9785658121,0.1776823401,0.7724536061,-0.1920884699,0.6053236127,1,-516.8,143.6,1581.1,1,0.6270177364,0.0441540033,-0.7777519226,0.1130166724,0.9826734662,0.1469008923,0.7707626224,-0.1800086945,0.6111636758,1,-526.1,-63.6,1619.0,1,0.1487495750,-0.5131922960,-0.8452852368,0.9875178337,0.1218558699,0.0997975171,0.0517876558,-0.8495790958,0.5249125957,1,-610.1,126.8,1466.4,1,-0.1262985468,-0.5015116930,-0.8558824062,0.9894326925,-0.0017462522,-0.1449826807,0.0712159202,-0.8651491404,0.4964325428,1,-649.4,-134.3,1452.7,1,-0.0000034571,1.0000004768,-0.0000000000,-1.0000004768,-0.0000034571,0.0000000000,0.0000000000,0.0000000000,1.0000000000,0,-423.5,160.5,1695.8,1,0.0000197291,0.9999990463,0.0000001058,-0.9999990463,0.0000197291,-0.0000008245,-0.0000008245,-0.0000001058,1.0000000000,0,-423.5,-115.3,1695.8,0,0.5766600966,-0.0583083779,-0.8149007559,0.0521058291,0.9980440736,-0.0345403738,0.8153208494,-0.0225430280,0.5785703659,1,-596.4,-281.8,1582.0,1,0.5773552060,-0.0000000000,-0.8164931536,0.0000000000,1.0000000000,0.0000000000,0.8164931536,0.0000000000,0.5773552060,0,-571.8,-702.6,1591.5,1,0.6324476600,-0.0336828828,-0.7738705277,0.0533390790,0.9985764623,0.0001282364,0.7727646232,-0.0413586386,0.6333439350,1,-474.4,-259.8,1732.0,1,0.6333491802,-0.0000000000,-0.7738661170,0.0000000000,1.0000000000,0.0000000000,0.7738661170,0.0000000000,0.6333491802,0,-460.2,-680.9,1749.4,1,-613.7,-414.0,1432.6,1,-423.5,-391.0,1695.8,0,-571.8,-1108.1,1591.5,0,-460.2,-1086.4,1749.4,0,
9,0.6342576742,0.0833954588,-0.7686099410,0.1037503555,0.9759913087,0.1915115714,0.7661280036,-0.2012115121,0.6103777289,1,-498.9,347.7,1537.2,1,0.6342576742,0.0833954588,-0.7686099410,0.1037503555,0.9759913087,0.1915115714,0.7661280036,-0.2012115121,0.6103777289,1,-516.4,142.9,1579.4,1,0.6347859502,0.0495668799,-0.7710958123,0.1115280464,0.9816127419,0.1549119353,0.7645961642,-0.1843350083,0.6175859571,1,-526.8,-64.1,1618.3,1,0.1436252147,-0.5202773213,-0.8418333530,0.9882484078,0.1203709692,0.0942123681,0.0523157530,-0.8454717398,0.5314514637,1,-610.8,126.3,1465.7,1,-0.1200953424,-0.5094752312,-0.8520635366,0.9904125929,-0.0024702288,-0.1381181628,0.0682629794,-0.8604818583,0.5048874021,1,-648.6,-133.7,1451.9,1,-0.0000034571,1.0000004768,-0.0000000000,-1.0000004768,-0.0000034571,0.0000000000,0.0000000000,0.0000000000,1.0000000000,0,-421.9,159.5,1693.2,1,0.0000197291,0.9999990463,0.0000000952,-0.9999990463,0.0000197291,-0.0000007421,-0.0000007421,-0.0000000952,1.0000000000,0,-421.9,-116.3,1693.2,0,0.5886346102,-0.0869585499,-0.8037086725,-0.0098335147,0.9933539033,-0.1146795675,0.8083395362,0.0754076317,0.5838673115,1,-599.4,-282.0,1582.4,1,0.5903197527,-0.0576636046,-0.8051072955,-0.0361126140,0.9945595264,-0.0977110416,0.8063614964,0.0867552683,0.5850256085,1,-562.9,-698.7,1550.7,1,0.6397349834,-0.0343440212,-0.7678278685,0.0541165285,0.9985345602,0.0004252848,0.7666880488,-0.0418242477,0.6406560540,1,-475.2,-260.2,1732.0,1,0.6406737566,-0.0000000000,-0.7678132057,0.0000000000,1.0000000000,0.0000000000,0.7678132057,0.0000000000,0.6406737566,0,-460.7,-681.2,1749.6,1,-614.7,-413.7,1432.6,1,-421.9,-392.0,1693.2,0,-539.6,-1099.8,1515.7,1,-460.7,-1086.7,1749.6,0,
10,0.6357756853,0.0804246068,-0.7676717043,0.1034858301,0.9766962528,0.1880285293,0.7649044991,-0.1989874244,0.6126370430,1,-498.8,347.3,1537.4,1,0.6357756853,0.0804246068,-0.7676717043,0.1034858301,0.9766962528,0.1880285293,0.7649044991,-0.1989874244,0.6126370430,1,-515.7,141.9,1579.2,1,0.6363845468,0.0459667593,-0.7700003982,0.1129199713,0.9819176197,0.1519429386,0.7630614638,-0.1836428344,0.6196866632,1,-525.4,-65.1,1618.0,1,0.1388246566,-0.5230766535,-0.8409033418,0.9889630675,0.1176121980,0.0901081562,0.0517670177,-0.8441315889,0.5336309671,1,-610.4,125.1,1465.7,1,-0.1116576269,-0.5136209130,-0.8507209420,0.9915050864,-0.0001118407,-0.1300681084,0.0667105541,-0.8580172062,0.5092702508,1,-647.1,-136.3,1452.0,1,-0.0000034571,1.0000004768,-0.0000000000,-1.0000004768,-0.0000034571,0.0000000000,0.0000000000,0.0000000000,1.0000000000,0,-421.0,158.7,1692.8,1,0.0000197291,0.9999990463,0.0000000857,-0.9999990463,0.0000197291,-0.0000006679,-0.0000006679,-0.0000000857,1.0000000000,0,-421.0,-117.0,1692.8,0,0.5941441059,-0.0894478038,-0.7993696928,-0.0463113450,0.9883449674,-0.1450153887,0.8030242920,0.1231799200,0.5830768943,1,-596.7,-283.1,1582.8,1,0.5951632261,-0.0748157501,-0.8001145720,-0.0593851022,0.9888397455,-0.1366361827,0.8014076352,0.1288357228,0.5840780735,1,-559.1,-698.3,1531.0,1,0.6415863037,-0.0419859625,-0.7659009695,0.0539038703,0.9985001683,-0.0095821908,0.7651546001,-0.0351372175,0.6428872347,1,-473.4,-261.2,1730.6,1,0.6425210834,-0.0000000000,-0.7662680745,0.0000000000,1.0000000000,0.0000000000,0.7662680745,0.0000000000,0.6425210834,0,-455.7,-682.3,1745.4,1,-615.5,-416.6,1433.1,1,-421.0,-392.7,1692.8,0,-528.9,-1097.8,1479.0,1,-455.7,-1087.8,1745.4,0,
11,0.6345568895,0.0787708238,-0.7688508034,0.0975067317,0.9786847830,0.1807442755,0.7667000294,-0.1896609366,0.6133504510,1,-499.7,348.9,1540.0,1,0.6345568895,0.0787708238,-0.7688508034,0.0975067317,0.9786847830,0.1807442755,0.7667000294,-0.1896609366,0.6133504510,1,-516.2,143.2,1579.8,1,0.6352278590,0.0463545620,-0.7709317207,0.1080258712,0.9830518365,0.1481194943,0.7647319436,-0.1773704737,0.6194543839,1,-526.0,-64.0,1617.2,1,0.1400008351,-0.5224418640,-0.8411030173,0.9887933731,0.1182428300,0.0911385491,0.0518398061,-0.8444365263,0.5331411958,1,-610.7,127.2,1466.0,1,-0.1157645136,-0.5123745203,-0.8509236574,0.9910064936,-0.0016928129,-0.1338028908,0.0671167299,-0.8587605357,0.5079624653,1,-648.2,-137.0,1452.2,1,-0.0000034571,1.0000004768,-0.0000000000,-1.0000004768,-0.0000034571,0.0000000000,0.0000000000,0.0000000000,1.0000000000,0,-421.7,159.3,1693.6,1,0.0000197291,0.9999990463,0.0000000771,-0.9999990463,0.0000197291,-0.0000006011,-0.0000006011,-0.0000000771,1.0000000000,0,-421.7,-116.4,1693.6,0,0.5885461569,-0.0739254951,-0.8050767183,0.0014916137,0.9959082007,-0.0903580189,0.8084622622,0.0519789942,0.5862482190,1,-597.4,-281.8,1580.4,1,0.5899663568,-0.0374420173,-0.8065592647,-0.0300184023,0.9972165823,-0.0682499632,0.8068696856,0.0644768029,0.5872002244,0,-566.3,-701.8,1558.5,1,0.6402048469,-0.0334061496,-0.7674775720,0.0547069162,0.9985001087,0.0021728200,0.7662538290,-0.0433773771,0.6410721540,1,-474.1,-260.8,1728.9,1,0.6411648989,-0.0000000000,-0.7674031854,0.0000000000,1.0000000000,0.0000000000,0.7674031854,0.0000000000,0.6411648989,0,-460.0,-681.9,1747.2,1,-615.4,-417.2,1433.2,1,-421.7,-392.1,1693.6,0,-551.1,-1106.1,1532.3,0,-460.0,-1087.4,1747.2,0,
12,0.6347351074,0.0737627596,-0.7692004442,0.0966186821,0.9800455570,0.1737104505,0.7666650414,-0.1845795214,0.6149424911,1,-500.7,348.8,1541.3,1,0.6347351074,0.0737627596,-0.7692004442,0.0966186821,0.9800455570,0.1737104505,0.7666650414,-0.1845795214,0.6149424911,1,-516.2,143.2,1580.0,1,0.6352858543,0.0462854877,-0.7708880901,0.1056274548,0.9836136699,0.1461051404,0.7650188208,-0.1742457449,0.6199868917,1,-526.0,-64.2,1616.8,1,0.1339961290,-0.5229193568,-0.8417840600,0.9894369245,0.1180097237,0.0841916129,0.0553132817,-0.8441736102,0.5332086086,1,-610.7,127.5,1466.2,1,-0.1047338918,-0.5142823458,-0.8512018323,0.9925103784,0.0000654496,-0.1221603751,0.0628806278,-0.8576209545,0.5104236603,1,-646.2,-134.6,1451.5,1,-0.0000034571,1.0000004768,-0.0000000000,-1.0000004768,-0.0000034571,0.0000000000,0.0000000000,0.0000000000,1.0000000000,0,-421.7,158.9,1693.9,1,0.0000197291,0.9999990463,0.0000000694,-0.9999990463,0.0000197291,-0.0000005410,-0.0000005410,-0.0000000694,1.0000000000,0,-421.7,-116.8,1693.9,0,0.5909907818,-0.0901258960,-0.8016278744,-0.0298230462,0.9906187057,-0.1333605796,0.8061267734,0.1027218550,0.5827587843,1,-597.4,-281.8,1579.2,1,0.5921720862,-0.0719138160,-0.8025961518,-0.0454866141,0.9914385676,-0.1223953292,0.8045266867,0.1089864820,0.5838310719,1,-559.6,-698.0,1536.0,1,0.6397363544,-0.0425757617,-0.7674142718,0.0662089288,0.9978057742,-0.0001642933,0.7657373548,-0.0507045723,0.6411515474,1,-474.0,-261.3,1727.8,1,0.6411431432,-0.0000000000,-0.7674213052,0.0000000000,0.9999999404,0.0000000000,0.7674212456,0.0000000000,0.6411432028,0,-456.0,-682.1,1749.2,1,-616.6,-415.1,1433.7,1,-421.7,-392.5,1693.9,0,-530.5,-1098.5,1492.0,1,-456.0,-1087.6,1749.2,0,
13,0.6408892274,0.0830479041,-0.7631269693,0.0995860547,0.9767342210,0.1899282485,0.7611455917,-0.1977200806,0.6177081466,1,-498.5,347.1,1537.0,1,0.6408892274,0.0830479041,-0.7631269693,0.0995860547,0.9767342210,0.1899282485,0.7611455917,-0.1977200806,0.6177081466,1,-515.9,142.2,1578.4,1,0.6414734721,0.0499779917,-0.7655147314,0.1081877276,0.9820089340,0.1547696292,0.7594776154,-0.1821001917,0.6245257258,1,-526.4,-64.9,1616.8,1,0.1367143244,-0.5282860398,-0.8379874229,0.9893031120,0.1162592024,0.0881084576,0.0508772768,-0.8410692215,0.5385293961,1,-611.3,126.1,1465.4,1,-0.1072186455,-0.5195553899,-0.8476830125,0.9919463992,0.0019212514,-0.1266433001,0.0674268156,-0.8544346690,0.5151652098,1,-647.4,-134.6,1452.0,1,-0.0000034571,1.0000004768,-0.0000000000,-1.0000004768,-0.0000034571,0.0000000000,0.0000000000,0.0000000000,1.0000000000,0,-420.4,158.3,1691.5,1,0.0000197291,0.9999990463,0.0000000625,-0.9999990463,0.0000197291,-0.0000004869,-0.0000004869,-0.0000000625,1.0000000000,0,-420.4,-117.4,1691.5,0,0.5987118483,-0.1003417969,-0.7946544290,-0.0472084247,0.9859765172,-0.1600681543,0.7995721698,0.1333490908,0.5855787396,1,-599.0,-282.4,1581.7,1,0.5994405746,-0.0912540779,-0.7952005267,-0.0550336838,0.9864299297,-0.1546844989,0.7985251546,0.1364869475,0.5862840414,1,-556.8,-697.2,1525.6,1,0.6457487345,-0.0393201299,-0.7625368237,0.0682493150,0.9976480603,0.0063528158,0.7604935765,-0.0561449416,0.6469135880,1,-474.9,-261.4,1728.7,1,0.6472575068,-0.0000000000,-0.7622714043,0.0000000000,1.0000000000,0.0000000000,0.7622714043,0.0000000000,0.6472575068,0,-458.3,-682.2,1752.4,1,-617.1,-415.0,1433.0,1,-420.4,-393.2,1691.5,0,-519.9,-1096.2,1470.4,1,-458.3,-1087.6,1752.4,0,
14,0.6423624754,0.0809865519,-0.7621092200,0.1010416523,0.9767718315,0.1889634430,0.7597105503,-0.1983880848,0.6192585826,1,-497.7,347.3,1536.8,1,0.6423624754,0.0809865519,-0.7621092200,0.1010416523,0.9767718315,0.1889634430,0.7597105503,-0.1983880848,0.6192585826,1,-514.7,142.5,1578.4,1,0.6428918242,0.0507050008,-0.7642761469,0.1089131162,0.9816162586,0.1567395031,0.7581735253,-0.1840065122,0.6255506277,1,-525.4,-64.5,1617.2,1,0.1339567453,-0.5291162133,-0.8379091620,0.9894272089,0.1188354343,0.0831387267,0.0555832423,-0.8401871324,0.5394407511,1,-610.4,126.3,1465.5,1,-0.1006919593,-0.5208838582,-0.8476680517,0.9931662083,-0.0020920970,-0.1166896820,0.0590083636,-0.8536249399,0.5175349116,1,-646.1,-137.4,1450.7,1,-0.0000034571,1.0000004768,-0.0000000000,-1.0000004768,-0.0000034571,0.0000000000,0.0000000000,0.0000000000,1.0000000000,0,-419.1,158.7,1691.2,1,0.0000197291,0.9999990463,0.0000000562,-0.9999990463,0.0000197291,-0.0000004382,-0.0000004382,-0.0000000562,1.0000000000,0,-419.1,-117.0,1691.2,0,0.5951518416,-0.0933525264,-0.7981726527,0.0038756095,0.9935516715,-0.1133138165,0.8036039472,0.0643455163,0.5916758776,1,-598.5,-282.0,1582.4,1,0.5968044996,-0.0457244739,-0.8010828495,-0.0276471507,0.9966104031,-0.0774819031,0.8019103408,0.0683892071,0.5935173631,0,-559.1,-701.0,1555.2,1,0.6470434666,-0.0402820595,-0.7613883615,0.0710780919,0.9974416494,0.0076329149,0.7591330409,-0.0590568595,0.6482511163,1,-473.7,-260.9,1729.5,1,0.6486837268,-0.0000000000,-0.7610579729,0.0000000000,0.9999999404,0.0000000000,0.7610579133,0.0000000000,0.6486837864,0,-456.7,-681.5,1754.4,1,-617.6,-418.1,1434.0,1,-419.1,-392.8,1691.2,0,-540.6,-1105.1,1527.5,0,-456.7,-1087.0,1754.4,0,
15,0.6449266672,0.0770503506,-0.7603496909,0.1007492542,0.9776500463,0.1845258474,0.7575739026,-0.1956106275,0.6227498055,1,-498.7,348.1,1537.2,1,0.6449266672,0.0770503506,-0.7603496909,0.1007492542,0.9776500463,0.1845258474,0.7575739026,-0.1956106275,0.6227498055,1,-514.9,142.5,1578.3,1,0.6453011632,0.0512272380,-0.7622079849,0.1064701751,0.9819800854,0.1561378241,0.7564718127,-0.1819086373,0.6282187104,1,-525.7,-64.5,1616.7,1,0.1307846457,-0.5324329138,-0.8363077641,0.9900342822,0.1145782918,0.0818789750,0.0522276536,-0.8386818767,0.5421117544,1,-610.9,126.7,1465.8,1,-0.1017024741,-0.5242992640,-0.8454387784,0.9929369688,-0.0013053343,-0.1186363026,0.0610973574,-0.8515329957,0.5207288265,1,-645.7,-136.3,1451.9,1,-0.0000034571,1.0000004768,-0.0000000000,-1.0000004768,-0.0000034571,0.0000000000,0.0000000000,0.0000000000,1.0000000000,0,-418.9,158.4,1690.9,1,0.0000197291,0.9999990463,0.0000000506,-0.9999990463,0.0000197291,-0.0000003944,-0.0000003944,-0.0000000506,1.0000000000,0,-418.9,-117.4,1690.9,0,0.5951365829,-0.0833386481,-0.7992914915,0.0291344747,0.9961918592,-0.0821756348,0.8030960560,0.0256187953,0.5952983499,1,-599.2,-281.9,1581.5,1,0.5965570211,-0.0228281692,-0.8022458553,-0.0137919746,0.9991561770,-0.0386871472,0.8024520874,0.0341436490,0.5957388282,0,-564.1,-702.0,1570.7,1,0.6496893167,-0.0353069566,-0.7593794465,0.0612693653,0.9981031418,0.0060128956,0.7577267289,-0.0504332148,0.6506201625,1,-473.8,-261.2,1728.5,1,0.6509120464,-0.0000000000,-0.7591532469,0.0000000000,1.0000000000,0.0000000000,0.7591532469,0.0000000000,0.6509120464,0,-458.9,-682.1,1749.8,1,-616.9,-417.0,1434.6,1,-418.9,-393.1,1690.9,0,-554.8,-1107.2,1556.9,0,-458.9,-1087.6,1749.8,0,
16,0.6460068226,0.0814729556,-0.7589705586,0.0967684388,0.9775246978,0.1872996539,0.7571724653,-0.1944415420,0.6236035824,1,-497.7,348.9,1536.9,1,0.6460068226,0.0814729556,-0.7589705586,0.0967684388,0.9775246978,0.1872996539,0.7571724653,-0.1944415420,0.6236035824,1,-514.8,143.1,1577.8,1,0.6464976668,0.0551346093,-0.7609204650,0.1038076580,0.9817517996,0.1593332887,0.7558199763,-0.1819982380,0.6289768219,1,-526.5,-63.9,1616.2,1,0.1288734227,-0.5330854058,-0.8361887336,0.9902235270,0.1145638227,0.0795767829,0.0533757508,-0.8382691145,0.5426380038,1,-611.0,127.6,1465.4,1,-0.0997541845,-0.5250254273,-0.8452202678,0.9934903383,-0.0055941045,-0.1137783676,0.0550082922,-0.8510680199,0.5221658349,1,-645.4,-136.6,1451.1,1,-0.0000034571,1.0000004768,-0.0000000000,-1.0000004768,-0.0000034571,0.0000000000,0.0000000000,0.0000000000,1.0000000000,0,-418.6,158.5,1690.3,1,0.0000197291,0.9999990463,0.0000000455,-0.9999990463,0.0000197291,-0.0000003549,-0.0000003549,-0.0000000455,1.0000000000,0,-418.6,-117.2,1690.3,0,0.5943407416,-0.0791498423,-0.8003088832,0.0483082756,0.9968617558,-0.0627131239,0.8027610779,-0.0013885784,0.5962991714,1,-601.0,-281.0,1581.1,1,0.5957683921,-0.0113983322,-0.8030754924,-0.0069027236,0.9997897148,-0.0193112139,0.8031267524,0.0170484148,0.5955644250,0,-567.6,-701.4,1581.7,1,0.6506890059,-0.0358722210,-0.7584965825,0.0588794574,0.9982596636,0.0032991909,0.7570581436,-0.0468066148,0.6516686678,1,-475.2,-260.8,1728.1,1,0.6518197060,-0.0000000000,-0.7583739758,0.0000000000,1.0000000000,0.0000000000,0.7583739758,0.0000000000,0.6518197060,0,-460.1,-681.8,1747.8,1,-617.2,-417.4,1435.6,1,-418.6,-392.9,1690.3,0,-563.0,-1106.8,1574.7,0,-460.1,-1087.3,1747.8,0,
17,0.6464506984,0.0845612809,-0.7582544684,0.0994393378,0.9760231376,0.1936241984,0.7564471364,-0.2005691081,0.6225420833,1,-496.7,348.3,1534.2,1,0.6464506984,0.0845612809,-0.7582544684,0.0994393378,0.9760231376,0.1936241984,0.7564471364,-0.2005691081,0.6225420833,1,-514.5,143.0,1576.4,1,0.6467629671,0.0589474961,-0.7604089975,0.1036976427,0.9809538126,0.1642439961,0.7556080222,-0.1850798279,0.6283318400,1,-526.9,-63.8,1615.4,1,0.1306631714,-0.5330265164,-0.8359484673,0.9903208613,0.1099861041,0.0846618712,0.0468156934,-0.8389194012,0.5422384739,1,-610.7,127.6,1464.0,1,-0.1028271988,-0.5246892571,-0.8450608253,0.9932516217,-0.0083420724,-0.1156795621,0.0536462665,-0.8512530327,0.5220061541,1,-645.8,-137.8,1451.4,1,-0.0000034571,1.0000004768,-0.0000000000,-1.0000004768,-0.0000034571,0.0000000000,0.0000000000,0.0000000000,1.0000000000,0,-418.2,158.4,1688.9,1,0.0000197291,0.9999990463,0.0000000410,-0.9999990463,0.0000197291,-0.0000003194,-0.0000003194,-0.0000000410,1.0000000000,0,-418.2,-117.3,1688.9,0,0.5987572074,-0.0987044349,-0.7948254347,-0.0014393851,0.9922430515,-0.1243048385,0.8009294271,0.0755724609,0.5939705372,1,-602.3,-280.8,1580.9,1,0.6007314920,-0.0647904575,-0.7968210578,-0.0290455073,0.9942836761,-0.1027440727,0.7989230156,0.0848656744,0.5954156518,1,-560.9,-697.5,1549.1,1,0.6504709125,-0.0401732624,-0.7584680319,0.0673289746,0.9977187514,0.0048966049,0.7565410733,-0.0542519689,0.6516919136,1,-476.4,-260.6,1728.1,1,0.6519502997,-0.0000000000,-0.7582617402,0.0000000000,1.0000000000,0.0000000000,0.7582617402,0.0000000000,0.6519502997,0,-459.4,-681.3,1750.9,1,-616.7,-418.6,1436.3,1,-418.2,-393.0,1688.9,0,-534.7,-1098.8,1514.9,1,-459.4,-1086.8,1750.9,0,
18,0.6450315714,0.0885343179,-0.7590093017,0.0969530419,0.9757567644,0.1962107271,0.7579799294,-0.2001506388,0.6208100915,1,-495.1,348.4,1534.4,1,0.6450315714,0.0885343179,-0.7590093017,0.0969530419,0.9757567644,0.1962107271,0.7579799294,-0.2001506388,0.6208100915,1,-513.7,143.2,1576.5,1,0.6454324126,0.0616004914,-0.7613287568,0.1021772772,0.9808206558,0.1659829766,0.7569517493,-0.1849215478,0.6267591715,1,-526.7,-63.6,1615.5,1,0.1335138530,-0.5312317014,-0.8366402388,0.9900292754,0.1097428501,0.0883100182,0.0449022092,-0.8400889635,0.5405870676,1,-609.8,128.0,1463.9,1,-0.1044105291,-0.5225508213,-0.8461908102,0.9933017492,-0.0124446079,-0.1148774028,0.0494987778,-0.8525172472,0.5203499794,1,-645.9,-139.4,1451.7,1,-0.0000034571,1.0000004768,-0.0000000000,-1.0000004768,-0.0000034571,0.0000000000,0.0000000000,0.0000000000,1.0000000000,0,-417.7,158.4,1689.2,1,0.0000197291,0.9999990463,0.0000000369,-0.9999990463,0.0000197291,-0.0000002875,-0.0000002875,-0.0000000369,1.0000000000,0,-417.7,-117.3,1689.2,0,0.5995852351,-0.1099467799,-0.7927226424,-0.0267734155,0.9872083664,-0.1571713984,0.7998628616,0.1154615507,0.5889719129,1,-602.5,-280.3,1580.9,1,0.6009039879,-0.0930332616,-0.7938887477,-0.0404685400,0.9883888364,-0.1464572698,0.7982961535,0.1201342493,0.5901619196,1,-556.2,-695.5,1532.3,1,0.6486874223,-0.0469273366,-0.7596068382,0.0744451135,0.9972231984,0.0019675626,0.7574052215,-0.0578253493,0.6503795981,1,-477.0,-260.5,1728.1,1,0.6504923105,-0.0000000000,-0.7595127225,0.0000000000,0.9999999404,0.0000000000,0.7595126629,0.0000000000,0.6504923701,0,-457.2,-681.0,1752.5,1,-616.3,-420.2,1437.7,1,-417.7,-393.0,1689.2,0,-518.6,-1094.9,1483.8,1,-457.2,-1086.5,1752.5,0,
19,0.6445284486,0.0879319608,-0.7595064044,0.0945845172,0.9765642881,0.1933277547,0.7587067485,-0.1964430660,0.6211063862,1,-494.8,348.3,1536.0,1,0.6445284486,0.0879319608,-0.7595064044,0.0945845172,0.9765642881,0.1933277547,0.7587067485,-0.1964430660,0.6211063862,1,-513.3,143.2,1577.3,1,0.6449494958,0.0614371337,-0.7617510557,0.1001029760,0.9813838005,0.1639050245,0.7576401830,-0.1819642782,0.6267928481,1,-526.2,-63.7,1615.6,1,0.1317977309,-0.5307078362,-0.8372446299,0.9900503755,0.1124726236,0.0845586732,0.0492911600,-0.8400589824,0.5402510762,1,-609.3,128.3,1464.5,1,-0.1011968330,-0.5223142505,-0.8467271924,0.9937283993,-0.0123710856,-0.1111344397,0.0475721732,-0.8526632786,0.5202903748,1,-644.8,-138.9,1451.2,1,-0.0000034571,1.0000004768,-0.0000000000,-1.0000004768,-0.0000034571,0.0000000000,0.0000000000,0.0000000000,1.0000000000,0,-417.3,158.1,1690.0,1,0.0000197291,0.9999990463,0.0000000332,-0.9999990463,0.0000197291,-0.0000002587,-0.0000002587,-0.0000000332,1.0000000000,0,-417.3,-117.6,1690.0,0,0.5936440229,-0.0992965400,-0.7985781431,0.0226983912,0.9940293431,-0.1067258418,0.8044076562,0.0452307202,0.5923535228,1,-601.9,-280.4,1580.3,1,0.5961391926,-0.0465739369,-0.8015290499,-0.0205656402,0.9971027970,-0.0732337534,0.8026176095,0.0601414703,0.5934541821,0,-560.1,-699.6,1561.2,1,0.6481171250,-0.0481941514,-0.7600141168,0.0743553191,0.9972318411,0.0001713365,0.7579019666,-0.0566221401,0.6499064565,1,-476.5,-260.9,1727.7,1,0.6499162316,-0.0000000000,-0.7600058317,0.0000000000,1.0000000000,0.0000000000,0.7600058317,0.0000000000,0.6499162316,0,-456.1,-681.4,1751.6,1,-616.2,-419.8,1437.8,1,-417.3,-393.3,1690.0,0,-541.2,-1103.9,1536.8,0,-456.1,-1086.9,1751.6,0,
20,0.6427482367,0.0920305923,-0.7605288625,0.0972962007,0.9749116898,0.2002010643,0.7598732710,-0.2026757002,0.6176683903,1,-492.9,347.7,1534.8,1,0.6427482367,0.0920305923,-0.7605288625,0.0972962007,0.9749116898,0.2002010643,0.7598732710,-0.2026757002,0.6176683903,1,-512.2,143.0,1577.3,1,0.6430903077,0.0645925552,-0.7630607486,0.1015675813,0.9804388285,0.1685923934,0.7590243816,-0.1859226227,0.6239501238,1,-525.8,-63.7,1616.5,1,0.1350354999,-0.5274528265,-0.8387841582,0.9895667434,0.1147053987,0.0871796906,0.0502299033,-0.8418052197,0.5374391079,1,-607.9,127.9,1464.4,1,-0.0964080691,-0.5196484327,-0.8489234447,0.9942015409,-0.0094580688,-0.1071170270,0.0476340242,-0.8543279171,0.5175470114,1,-644.3,-138.4,1450.9,1,-0.0000034571,1.0000004768,-0.0000000000,-1.0000004768,-0.0000034571,0.0000000000,0.0000000000,0.0000000000,1.0000000000,0,-416.5,158.1,1690.3,1,0.0000197291,0.9999990463,0.0000000299,-0.9999990463,0.0000197291,-0.0000002329,-0.0000002329,-0.0000000299,1.0000000000,0,-416.5,-117.6,1690.3,0,0.5893307924,-0.0967805982,-0.8020740151,0.0462411679,0.9952120185,-0.0861090943,0.8065673709,0.0136579061,0.5909843445,1,-602.0,-280.3,1581.9,1,0.5914750695,-0.0232504215,-0.8059881330,-0.0104619032,0.9992787838,-0.0365037769,0.8062555790,0.0300232377,0.5908052325,0,-561.2,-700.0,1576.1,1,0.6462513804,-0.0467936844,-0.7616886497,0.0744391233,0.9972237349,0.0018939654,0.7594853640,-0.0579234064,0.6479405165,1,-476.9,-260.6,1729.6,1,0.6480494738,-0.0000000000,-0.7615982294,0.0000000000,1.0000000000,0.0000000000,0.7615982294,0.0000000000,0.6480494738,0,-457.1,-681.1,1754.0,1,-617.0,-419.5,1437.4,1,-416.5,-393.3,1690.3,0,-551.8,-1105.2,1564.0,0,-457.1,-1086.6,1754.0,0,
21,0.6395250559,0.0846316218,-0.7640970945,0.0984892473,0.9767118692,0.1906133294,0.7624347806,-0.1971576065,0.6162962914,1,-493.9,347.0,1536.7,1,0.6395250559,0.0846316218,-0.7640970945,0.0984892473,0.9767118692,0.1906133294,0.7624347806,-0.1971576065,0.6162962914,1,-511.6,142.7,1577.9,1,0.6399288177,0.0596913509,-0.7661117315,0.1039658934,0.9810858369,0.1632831842,0.7613681555,-0.1841393411,0.6216190457,1,-524.2,-64.1,1616.8,1,0.1325836778,-0.5254395604,-0.8404372931,0.9899938703,0.1115286946,0.0864495635,0.0483088568,-0.8434895873,0.5349687934,1,-606.9,127.3,1464.6,1,-0.0904315710,-0.5187549591,-0.8501267433,0.9943544269,0.0005484745,-0.1061083674,0.0555105135,-0.8549228907,0.5157766938,1,-642.3,-137.4,1451.7,1,-0.0000034571,1.0000004768,-0.0000000000,-1.0000004768,-0.0000034571,0.0000000000,0.0000000000,0.0000000000,1.0000000000,0,-416.4,158.2,1691.2,1,0.0000197291,0.9999990463,0.0000000269,-0.9999990463,0.0000197291,-0.0000002096,-0.0000002096,-0.0000000269,1.0000000000,0,-416.4,-117.5,1691.2,0,0.5858386159,-0.0931299403,-0.8050590158,0.0531739369,0.9956519604,-0.0764834285,0.8086814880,0.0019987863,0.5882434249,1,-599.1,-281.1,1581.5,1,0.5873730183,-0.0116097778,-0.8092330694,-0.0053146877,0.9998201728,-0.0182016753,0.8092988729,0.0149919922,0.5872057676,0,-559.8,-701.0,1580.7,1,0.6436487436,-0.0517906435,-0.7635666728,0.0690420046,0.9975689650,-0.0094633941,0.7622005343,-0.0466270745,0.6456596255,1,-474.5,-260.9,1729.7,1,0.6451877356,-0.0000000000,-0.7640240192,0.0000000000,1.0000000000,0.0000000000,0.7640240192,0.0000000000,0.6451877356,0,-452.7,-681.6,1749.3,1,-616.7,-418.4,1436.0,1,-416.4,-393.3,1691.2,0,-555.1,-1106.4,1574.6,0,-452.7,-1087.0,1749.3,0,
22,0.6366118193,0.0847004950,-0.7665182948,0.0976013839,0.9771084785,0.1890310943,0.7649827003,-0.1951529384,0.6137717366,1,-493.1,347.4,1537.2,1,0.6366118193,0.0847004950,-0.7665182948,0.0976013839,0.9771084785,0.1890310943,0.7649827003,-0.1951529384,0.6137717366,1,-510.9,142.0,1578.2,1,0.6371846795,0.0567640141,-0.7686173916,0.1055320650,0.9814645052,0.1599694937,0.7634513378,-0.1830441356,0.6193835139,1,-522.9,-64.9,1616.8,1,0.1351700723,-0.5228391886,-0.8416462541,0.9896112084,0.1132289469,0.0885945782,0.0489779972,-0.8448778987,0.5327125788,1,-605.8,126.3,1464.5,1,-0.0906299204,-0.5160763264,-0.8517343402,0.9943163395,0.0010865219,-0.1064598933,0.0558668636,-0.8565418124,0.5130447149,1,-641.8,-137.5,1451.5,1,-0.0000034571,1.0000004768,-0.0000000000,-1.0000004768,-0.0000034571,0.0000000000,0.0000000000,0.0000000000,1.0000000000,0,-416.1,157.7,1691.8,1,0.0000197291,0.9999990463,0.0000000242,-0.9999990463,0.0000197291,-0.0000001886,-0.0000001886,-0.0000000242,1.0000000000,0,-416.1,-118.0,1691.8,0,0.7276316881,-0.0750635937,-0.6818485856,0.0487870015,0.9971405864,-0.0577107370,0.6842308640,0.0087268073,0.7292132378,0,-596.8,-282.1,1581.1,1,0.6609655619,-0.0098714912,-0.7503512502,-0.0040344745,0.9998522997,-0.0167077500,0.7504053712,0.0140705220,0.6608281136,0,-565.2,-702.6,1577.5,0,0.7651579976,-0.0377688855,-0.6427337527,0.0499415174,0.9987518787,0.0007645525,0.6419026256,-0.0326841064,0.7660892010,0,-472.9,-261.6,1729.6,1,0.7070266008,-0.0000000000,-0.7071870565,0.0000000000,1.0000000000,-0.0000000000,0.7071870565,0.0000000000,0.7070266008,0,-457.0,-682.8,1743.3,0,-616.2,-418.5,1435.7,1,-416.1,-393.7,1691.8,0,-561.2,-1108.0,1571.7,0,-457.0,-1088.3,1743.3,0,
23,0.6219229102,0.0660892650,-0.7802841067,0.0945769325,0.9827986956,0.1586243510,0.7773457170,-0.1724492311,0.6049743295,1,-495.7,348.5,1545.9,1,0.6219229102,0.0660892650,-0.7802841067,0.0945769325,0.9827986956,0.1586243510,0.7773457170,-0.1724492311,0.6049743295,1,-509.5,142.7,1582.0,1,0.6226471663,0.0437572598,-0.7812777758,0.1075464189,0.9841748476,0.1408312619,0.7750764489,-0.1717120558,0.6080875397,1,-518.7,-64.8,1618.2,1,0.1431933492,-0.5096899867,-0.8483583927,0.9882172346,0.1204554290,0.0944308788,0.0540588871,-0.8518842459,0.5209328532,1,-602.1,126.7,1466.7,1,-0.0961364806,-0.5022233129,-0.8593773842,0.9932221770,0.0082606152,-0.1159369200,0.0653252155,-0.8646984696,0.4980252683,1,-640.6,-138.6,1452.2,1,-0.0000034571,1.0000004768,-0.0000000000,-1.0000004768,-0.0000034571,0.0000000000,0.0000000000,0.0000000000,1.0000000000,0,-416.9,158.7,1697.3,1,0.0000197291,0.9999990463,0.0000000218,-0.9999990463,0.0000197291,-0.0000001698,-0.0000001698,-0.0000000218,1.0000000000,0,-416.9,-117.0,1697.3,0,0.8226386309,-0.0598858409,-0.5654019713,0.0427749939,0.9981380105,-0.0434840582,0.5669532418,0.0115865953,0.8236684799,0,-587.5,-282.6,1580.2,1,0.7221959829,-0.0083873877,-0.6916375756,-0.0030071288,0.9998789430,-0.0152653772,0.6916819215,0.0131044369,0.7220833302,0,-562.3,-703.5,1575.3,0,0.7558981180,-0.0372942351,-0.6536262035,0.0505603068,0.9987199306,0.0014870036,0.6527340412,-0.0341715589,0.7568161488,0,-468.4,-262.0,1728.6,1,0.6955798864,-0.0000000000,-0.7184486985,0.0000000000,1.0000000000,-0.0000000000,0.7184486985,0.0000000000,0.6955798864,0,-452.6,-683.1,1743.0,0,-613.4,-419.4,1433.7,1,-416.9,-392.8,1697.3,0,-558.9,-1108.9,1570.0,0,-452.6,-1088.6,1743.0,0,
