1,0.9663534164,0.1530812830,-0.2067057490,-0.0938544348,0.9580631852,0.2707490325,0.2394852042,-0.2422388196,0.9401964545,1,-537.4,469.8,2350.0,1,0.9663534164,0.1530812830,-0.2067057490,-0.0938544348,0.9580631852,0.2707490325,0.2394852042,-0.2422388196,0.9401964545,1,-567.0,284.4,2396.9,1,0.9670953155,0.1437498331,-0.2099111527,-0.0890500471,0.9641436338,0.2499915510,0.2383221984,-0.2230729312,0.9452212453,1,-593.7,105.2,2438.3,1,-0.0365146846,-0.7551752925,-0.6545052528,0.9964891672,0.0218613222,-0.0808177143,0.0753398836,-0.6551584005,0.7517256737,1,-693.9,296.1,2365.6,1,-0.4379779100,-0.7551752329,-0.4877352715,0.7267993093,0.0218613148,-0.6865018606,0.5290917158,-0.6551582813,0.5392860770,1,-684.8,48.6,2346.9,1,-0.0720471814,0.9778068066,-0.1967302263,-0.9907767773,-0.0928576291,-0.0986841172,-0.1147618964,0.1878058314,0.9754787087,1,-440.1,272.8,2428.1,1,0.0577033758,0.9778070450,-0.2014048249,-0.7423800826,-0.0928576440,-0.6635128856,-0.6674894691,0.1878058612,0.7205461860,1,-459.7,3.8,2397.0,1,0.9385410547,-0.3028458953,0.1656050086,0.3112410009,0.5350965858,-0.7853666544,0.1492303908,0.7886418104,0.5964682698,1,-704.3,-66.3,2459.1,1,0.9385411739,-0.2425678819,-0.2455636114,0.3112410307,0.9023170471,0.2982499301,0.1492303759,-0.3563492596,0.9223587513,1,-591.9,-264.9,2166.5,1,1.0000000000,-0.0000000038,0.0000000081,0.0000000038,1.0000000000,-0.0000000296,-0.0000000081,0.0000000296,1.0000000000,0,-536.6,-81.8,2500.5,1,1.0000000000,-0.0000649773,0.0000259575,0.0000649704,0.9999999404,0.0002684129,-0.0000259750,-0.0002684112,0.9999999404,0,-536.6,-453.6,2500.5,0,-574.2,-135.0,2213.3,1,-445.6,-176.6,2234.7,1,-529.9,-495.7,2257.7,1,-536.6,-811.1,2500.6,0,
2,0.9666030407,0.1508206278,-0.2071999758,-0.0914368406,0.9582414627,0.2709452510,0.2394131720,-0.2429505885,0.9400311708,1,-538.3,470.2,2349.7,1,0.9666030407,0.1508206278,-0.2071999758,-0.0914368406,0.9582414627,0.2709452510,0.2394131720,-0.2429505885,0.9400311708,1,-567.5,284.8,2396.7,1,0.9672608972,0.1413952112,-0.2107458562,-0.0871070400,0.9649357796,0.2476085573,0.2383683175,-0.2211444825,0.9456626773,1,-593.8,105.4,2437.8,1,-0.0309349094,-0.6716099977,-0.7402587533,0.9960632920,0.0408394635,-0.0786769763,0.0830720142,-0.7397783995,0.6677027345,1,-694.4,296.2,2365.4,1,-0.4940124154,-0.6716099977,-0.5521699190,0.7194475532,0.0408394188,-0.6933450103,0.4882077277,-0.7397783399,0.4630130827,1,-686.7,47.3,2344.7,1,-0.0779562593,0.9715953469,-0.2234398127,-0.9905380011,-0.1008753628,-0.0930514112,-0.1129478812,0.2140716761,0.9702660441,1,-440.6,273.4,2428.0,1,0.0703408867,0.9715952873,-0.2259528339,-0.7406092882,-0.1008753479,-0.6643206477,-0.6682438850,0.2140716612,0.7124769092,1,-461.7,4.6,2397.3,1,0.9390035868,-0.3026156425,0.1633892506,0.3117974997,0.5486609340,-0.7757277489,0.1451020539,0.7793554664,0.6095494032,1,-703.1,-66.5,2458.4,1,0.9390037060,-0.2445654571,-0.2417851090,0.3117975295,0.9020467997,0.2984861434,0.1451020837,-0.3556675315,0.9232801199,1,-590.7,-270.3,2169.0,1,1.0000000000,-0.0000000031,0.0000000065,0.0000000031,1.0000000000,-0.0000000237,-0.0000000065,0.0000000237,1.0000000000,0,-537.0,-81.5,2499.4,1,1.0000000000,-0.0000584793,0.0000233626,0.0000584736,0.9999999404,0.0002415716,-0.0000233767,-0.0002415702,1.0000000000,0,-537.0,-453.3,2499.4,0,-562.2,-134.0,2221.6,1,-444.6,-175.5,2234.9,1,-530.2,-493.5,2257.0,1,-536.9,-810.8,2499.5,0,
3,0.9667376876,0.1507938206,-0.2065899372,-0.0925682634,0.9592407346,0.2669962645,0.2384323031,-0.2389915287,0.9412944317,1,-538.3,469.4,2351.0,1,0.9667376876,0.1507938206,-0.2065899372,-0.0925682634,0.9592407346,0.2669962645,0.2384323031,-0.2389915287,0.9412944317,1,-567.4,284.1,2397.2,1,0.9674739838,0.1414487213,-0.2097290605,-0.0877196640,0.9652088284,0.2463247627,0.2372760922,-0.2199153304,0.9462237954,1,-593.7,104.7,2438.1,1,-0.0106672514,-0.5787189007,-0.8154574037,0.9959665537,0.0665076375,-0.0602281019,0.0890892744,-0.8128107786,0.5756751895,1,-694.3,295.7,2366.1,1,-0.5454542637,-0.5787189007,-0.6062707305,0.7093673348,0.0665076226,-0.7016942501,0.4464052916,-0.8128107786,0.3742474020,1,-691.7,47.9,2343.9,1,-0.0807860047,0.9665447474,-0.2434440553,-0.9900493622,-0.1060483158,-0.0924988762,-0.1152211279,0.2335490137,0.9654941559,1,-440.4,272.6,2428.3,1,0.0765501186,0.9665447474,-0.2448090464,-0.7497712374,-0.1060483456,-0.6531438828,-0.6572543383,0.2335490137,0.7165693641,1,-461.9,9.3,2397.7,1,0.9392026067,-0.3005270362,0.1660787165,0.3192624450,0.5863153338,-0.7445172668,0.1263730675,0.7522751689,0.6466158032,1,-703.1,-67.2,2458.6,1,0.9392025471,-0.2606333792,-0.2235372066,0.3192624152,0.9024747014,0.2891555429,0.1263730824,-0.3429426253,0.9308170080,1,-591.5,-284.9,2179.3,1,1.0000000000,-0.0000000025,0.0000000052,0.0000000025,1.0000000000,-0.0000000190,-0.0000000052,0.0000000190,1.0000000000,0,-536.9,-82.3,2499.3,1,1.0000000000,-0.0000526311,0.0000210269,0.0000526265,1.0000000000,0.0002174143,-0.0000210384,-0.0002174132,1.0000000000,0,-536.9,-454.1,2499.3,0,-554.4,-130.7,2231.5,1,-443.3,-173.0,2237.9,1,-531.3,-493.4,2258.6,1,-536.9,-811.6,2499.4,0,
4,0.9678647518,0.1501757652,-0.2017053366,-0.0928440019,0.9588289261,0.2683758736,0.2337059230,-0.2410243005,0.9419612885,1,-538.0,469.3,2350.2,1,0.9678647518,0.1501757652,-0.2017053366,-0.0928440019,0.9588289261,0.2683758736,0.2337059230,-0.2410243005,0.9419612885,1,-566.9,284.4,2396.7,1,0.9682015777,0.1439836174,-0.2045835108,-0.0906421915,0.9641067982,0.2495610714,0.2331745028,-0.2230814099,0.9465022683,1,-593.7,105.1,2438.2,1,-0.0118456827,-0.5731338263,-0.8193761110,0.9954311848,0.0708834976,-0.0639721900,0.0947448835,-0.8163903356,0.5696755648,1,-694.0,296.3,2366.1,1,-0.5430613756,-0.5731338263,-0.6136790514,0.7132194042,0.0708834678,-0.6973475814,0.4431731999,-0.8163903952,0.3702760637,1,-691.0,48.2,2342.5,1,-0.0822135136,0.9649792314,-0.2491110712,-0.9898710847,-0.1080941632,-0.0920385718,-0.1157427505,0.2390210330,0.9640916586,1,-439.9,272.5,2427.3,1,0.0781655163,0.9649790525,-0.2504107058,-0.7512867451,-0.1080941409,-0.6510636806,-0.6553307176,0.2390209734,0.7165267467,1,-461.9,7.6,2396.3,1,0.9397110343,-0.2937836945,0.1750269383,0.3214994073,0.5845515132,-0.7449414134,0.1165393814,0.7563006282,0.6437608004,1,-703.4,-66.3,2459.7,1,0.9397109747,-0.2647436261,-0.2164580822,0.3214994073,0.8996609449,0.2953781784,0.1165393889,-0.3471612334,0.9305362701,1,-594.2,-283.5,2178.7,1,1.0000000000,-0.0000000020,0.0000000042,0.0000000020,1.0000000000,-0.0000000152,-0.0000000042,0.0000000152,1.0000000000,0,-537.6,-81.9,2499.6,1,1.0000000000,-0.0000473678,0.0000189248,0.0000473641,1.0000000000,0.0001956729,-0.0000189340,-0.0001956719,1.0000000000,0,-537.6,-453.7,2499.6,0,-554.1,-131.6,2230.7,1,-442.9,-175.0,2237.0,1,-532.0,-495.0,2260.3,1,-537.6,-811.2,2499.7,0,
5,0.9681050181,0.1492172033,-0.2012629062,-0.0916630551,0.9585528970,0.2697641850,0.2331760675,-0.2427115589,0.9416592717,1,-537.9,469.1,2350.3,1,0.9681050181,0.1492172033,-0.2012629062,-0.0916630551,0.9585528970,0.2697641850,0.2331760675,-0.2427115589,0.9416592717,1,-566.7,284.0,2397.2,1,0.9686903358,0.1408082545,-0.2044797242,-0.0877817944,0.9646626711,0.2484328896,0.2322368026,-0.2227048427,0.9468214512,1,-592.9,104.7,2438.6,1,-0.0272456966,-0.6228487492,-0.7818676829,0.9955779314,0.0534353629,-0.0772603452,0.0899008885,-0.7805151939,0.6186386347,1,-693.8,295.6,2366.7,1,-0.5151614547,-0.6228488088,-0.5887852907,0.7228222489,0.0534353554,-0.6889649034,0.4605828822,-0.7805153131,0.4226811826,1,-687.1,50.2,2344.5,1,-0.0776417628,0.9712020159,-0.2252521515,-0.9901796579,-0.1014645025,-0.0961732343,-0.1162587330,0.2155730426,0.9695422649,1,-439.6,272.5,2427.6,1,0.0670254081,0.9712020159,-0.2286359072,-0.7518990040,-0.1014645100,-0.6514238119,-0.6558624506,0.2155730575,0.7234450579,1,-460.4,7.4,2396.5,1,0.9393406510,-0.2923953533,0.1792880297,0.3240368366,0.5852054954,-0.7433267832,0.1124249548,0.7563329339,0.6444541812,1,-702.9,-67.1,2459.9,1,0.9393405914,-0.2695579827,-0.2120795846,0.3240368664,0.9001362324,0.2911269069,0.1124249399,-0.3421889246,0.9328812361,1,-594.3,-284.6,2178.8,1,1.0000000000,-0.0000000016,0.0000000033,0.0000000016,1.0000000000,-0.0000000121,-0.0000000033,0.0000000121,1.0000000000,0,-535.3,-82.2,2500.1,1,1.0000000000,-0.0000426308,0.0000170327,0.0000426278,1.0000000000,0.0001761055,-0.0000170402,-0.0001761048,1.0000000000,0,-535.3,-454.1,2500.1,0,-557.2,-132.1,2228.3,1,-444.1,-175.4,2237.1,1,-531.2,-495.2,2258.8,1,-535.3,-811.6,2500.1,0,
6,0.9672498703,0.1485943198,-0.2057845592,-0.0892565846,0.9580690861,0.2722781003,0.2376162559,-0.2449931651,0.9399569631,1,-537.4,470.7,2350.4,1,0.9672498703,0.1485943198,-0.2057845592,-0.0892565846,0.9580690861,0.2722781003,0.2376162559,-0.2449931651,0.9399569631,1,-566.1,285.4,2397.7,1,0.9676452279,0.1413497776,-0.2090044618,-0.0866357088,0.9641193151,0.2509316802,0.2369758189,-0.2247054726,0.9451730847,1,-592.4,106.2,2439.5,1,-0.0302962810,-0.6471824646,-0.7617328763,0.9958816171,0.0456067622,-0.0783573911,0.0854516998,-0.7609696984,0.6431353688,1,-693.1,296.8,2366.6,1,-0.4908429384,-0.6471824646,-0.5832908154,0.7388373613,0.0456067473,-0.6723387837,0.4617278278,-0.7609697580,0.4557768404,1,-685.6,52.4,2345.7,1,-0.0795819387,0.9727298021,-0.2178613096,-0.9905094504,-0.1017352715,-0.0924177989,-0.1120617241,0.2084389031,0.9715942740,1,-439.2,274.1,2428.8,1,0.0635263324,0.9727298021,-0.2230723053,-0.7474475503,-0.1017352790,-0.6564846635,-0.6612764597,0.2084389031,0.7206016779,1,-460.5,7.9,2398.7,1,0.9401583672,-0.2887570858,0.1808906347,0.3236451745,0.5907383561,-0.7391088605,0.1065638885,0.7534238100,0.6488425136,1,-702.0,-65.6,2460.9,1,0.9401584864,-0.2715441585,-0.2058297098,0.3236452341,0.9005770087,0.2901980281,0.1065639183,-0.3394479454,0.9345690012,1,-594.6,-285.2,2180.8,1,1.0000000000,-0.0000000013,0.0000000027,0.0000000013,1.0000000000,-0.0000000097,-0.0000000027,0.0000000097,1.0000000000,0,-535.4,-80.5,2501.7,1,1.0000000000,-0.0000383676,0.0000153298,0.0000383652,1.0000000000,0.0001584949,-0.0000153358,-0.0001584943,1.0000000000,0,-535.4,-452.3,2501.7,0,-561.8,-134.1,2229.1,1,-445.1,-173.8,2238.0,1,-531.2,-495.7,2260.1,1,-535.3,-809.9,2501.7,0,
7,0.9674060345,0.1454927027,-0.2072618008,-0.0861379281,0.9587299228,0.2709532976,0.2381312847,-0.2442686111,0.9400151968,1,-537.6,469.9,2351.4,1,0.9674060345,0.1454927027,-0.2072618008,-0.0861379281,0.9587299228,0.2709532976,0.2381312847,-0.2442686111,0.9400151968,1,-565.8,284.4,2398.7,1,0.9678040147,0.1392404735,-0.2096841931,-0.0834511444,0.9634381533,0.2546003163,0.2374698818,-0.2289047092,0.9440407157,1,-591.6,105.3,2441.2,1,-0.0335950702,-0.6874787807,-0.7254270315,0.9960730076,0.0364592783,-0.0806809142,0.0819149613,-0.7252887487,0.6835541129,1,-692.7,295.3,2367.5,1,-0.4685623646,-0.6874787807,-0.5548173785,0.7407627106,0.0364592522,-0.6707766652,0.4813728929,-0.7252887487,0.4921752512,1,-684.6,53.0,2347.6,1,-0.0789677054,0.9746304750,-0.2094268948,-0.9899529815,-0.1013872847,-0.0985585824,-0.1172914207,0.1995398253,0.9728446007,1,-438.8,273.4,2429.8,1,0.0567306541,0.9746304154,-0.2165113539,-0.7505019307,-0.1013872772,-0.6530447602,-0.6584287286,0.1995398402,0.7257102728,1,-459.8,10.2,2398.6,1,0.9414581060,-0.2910853922,0.1700760424,0.3126374781,0.5650460124,-0.7635318041,0.1261521578,0.7720053792,0.6229713559,1,-701.4,-66.6,2463.2,1,0.9414581656,-0.2535837293,-0.2221527547,0.3126374781,0.9032795429,0.2938432992,0.1261521578,-0.3460944295,0.9296796918,1,-593.3,-276.6,2176.3,1,1.0000000000,-0.0000000010,0.0000000021,0.0000000010,1.0000000000,-0.0000000078,-0.0000000021,0.0000000078,1.0000000000,0,-533.6,-81.1,2504.4,1,1.0000000000,-0.0000345307,0.0000137971,0.0000345288,1.0000000000,0.0001426454,-0.0000138020,-0.0001426449,1.0000000000,0,-533.6,-452.9,2504.4,0,-566.3,-133.9,2226.1,1,-446.0,-172.2,2238.6,1,-530.9,-498.6,2261.4,1,-533.6,-810.5,2504.4,0,
8,0.9689306021,0.1481751949,-0.1980343610,-0.0912576541,0.9583624005,0.2705774009,0.2298829854,-0.2440984249,0.9421103597,1,-537.5,471.9,2350.4,1,0.9689306021,0.1481751949,-0.1980343610,-0.0912576541,0.9583624005,0.2705774009,0.2298829854,-0.2440984249,0.9421103597,1,-566.2,285.9,2397.8,1,0.9695774317,0.1402263343,-0.2006392926,-0.0869470984,0.9634931684,0.2532185912,0.2288239449,-0.2280699313,0.9463751316,1,-592.3,106.7,2440.2,1,-0.0379014201,-0.6731317043,-0.7385507226,0.9957497716,0.0366415530,-0.0844964758,0.0839388967,-0.7386142612,0.6688820720,1,-693.4,297.3,2367.7,1,-0.4793185890,-0.6731318235,-0.5631583929,0.7389638424,0.0366415530,-0.6727480292,0.4734830558,-0.7386143208,0.4798570573,1,-684.1,52.7,2347.1,1,-0.0847419351,0.9700776339,-0.2275264710,-0.9899042249,-0.1080025211,-0.0917890072,-0.1136158928,0.2174510360,0.9694361687,1,-439.0,274.5,2427.8,1,0.0650213361,0.9700775146,-0.2339267433,-0.7473392487,-0.1080024987,-0.6556061506,-0.6612534523,0.2174510360,0.7179546356,1,-461.8,7.8,2397.2,1,0.9412553310,-0.2875041366,0.1771433353,0.3176883459,0.5760036111,-0.7531892061,0.1145098135,0.7652196884,0.6335031986,1,-701.0,-65.0,2463.1,1,0.9412552714,-0.2646259367,-0.2097891867,0.3176883459,0.9045454860,0.2843790650,0.1145097837,-0.3343208730,0.9354768991,1,-594.1,-279.1,2178.7,1,1.0000000000,-0.0000000008,0.0000000017,0.0000000008,1.0000000000,-0.0000000062,-0.0000000017,0.0000000062,1.0000000000,0,-535.8,-79.8,2502.1,1,1.0000000000,-0.0000310776,0.0000124176,0.0000310760,1.0000000000,0.0001283808,-0.0000124216,-0.0001283805,1.0000000000,0,-535.8,-451.6,2502.1,0,-563.1,-133.9,2227.6,1,-446.0,-173.8,2236.4,1,-531.5,-493.1,2257.8,1,-535.8,-809.1,2502.1,0,
9,0.9689204693,0.1489794403,-0.1974793524,-0.0934362039,0.9595789313,0.2654742301,0.2290486842,-0.2387716025,0.9436774254,1,-538.7,470.9,2351.9,1,0.9689204693,0.1489794403,-0.1974793524,-0.0934362039,0.9595789313,0.2654742301,0.2290486842,-0.2387716025,0.9436774254,1,-567.6,284.6,2398.2,1,0.9697477818,0.1401385814,-0.1998758912,-0.0879311934,0.9643667340,0.2495265007,0.2277233750,-0.2244023532,0.9475166798,1,-593.7,105.3,2440.0,1,-0.0428608358,-0.6755833626,-0.7360368371,0.9957829714,0.0309249405,-0.0863713101,0.0811129063,-0.7366348505,0.6714088917,1,-694.9,296.2,2368.4,1,-0.4805441499,-0.6755833626,-0.5591641665,0.7392743230,0.0309249610,-0.6726939678,0.4717529118,-0.7366348505,0.4845805764,1,-684.4,54.1,2348.7,1,-0.0665082633,0.9805333614,-0.1847462803,-0.9913553596,-0.0859244391,-0.0991546363,-0.1130986288,0.1765546203,0.9777715802,1,-440.4,273.1,2428.1,1,0.0523059331,0.9805332422,-0.1892580837,-0.7523762584,-0.0859244391,-0.6531056166,-0.6566536427,0.1765545905,0.7332355976,1,-458.3,6.3,2397.7,1,0.9422323108,-0.2916852832,0.1646747142,0.3139299154,0.5975354910,-0.7378341556,0.1168163866,0.7469075322,0.6545861363,1,-702.3,-66.5,2462.3,1,0.9422323704,-0.2658244073,-0.2038025260,0.3139299750,0.9130012989,0.2605313659,0.1168163791,-0.3094608188,0.9437096715,1,-593.9,-288.5,2184.8,1,1.0000000000,-0.0000000006,0.0000000014,0.0000000006,1.0000000000,-0.0000000050,-0.0000000014,0.0000000050,1.0000000000,0,-537.2,-81.4,2501.1,1,1.0000000000,-0.0000279698,0.0000111760,0.0000279685,1.0000000000,0.0001155427,-0.0000111792,-0.0001155424,1.0000000000,0,-537.2,-453.3,2501.1,0,-563.0,-132.7,2229.5,1,-445.6,-176.6,2238.1,1,-532.8,-498.5,2255.9,1,-537.2,-810.8,2501.1,0,
10,0.9682288766,0.1532482356,-0.1976051629,-0.0968568921,0.9583546519,0.2686514854,0.2305476218,-0.2409765720,0.9427514076,1,-538.0,469.8,2351.6,1,0.9682288766,0.1532482356,-0.1976051629,-0.0968568921,0.9583546519,0.2686514854,0.2305476218,-0.2409765720,0.9427514076,1,-567.7,284.2,2398.3,1,0.9691844583,0.1429687738,-0.2006023377,-0.0906545147,0.9641993046,0.2491987944,0.2290496975,-0.2233339995,0.9474493861,1,-594.3,105.0,2439.8,1,-0.0418290906,-0.6987908483,-0.7141020894,0.9956653118,0.0302719437,-0.0879447460,0.0830722377,-0.7146853209,0.6944954991,1,-694.9,296.1,2368.3,1,-0.4636611938,-0.6987907887,-0.5447107553,0.7416355610,0.0302719772,-0.6701196432,0.4847629070,-0.7146853209,0.5042121410,1,-684.7,53.0,2348.0,1,-0.0603554510,0.9853585958,-0.1594547480,-0.9926967025,-0.0759697109,-0.0937114507,-0.1044531018,0.1526342034,0.9827474356,1,-440.5,272.3,2428.4,1,0.0464353971,0.9853584766,-0.1640498191,-0.7418171167,-0.0759696886,-0.6662851572,-0.6689925194,0.1526341885,0.7274281383,1,-456.8,5.4,2400.3,1,0.9415994883,-0.3019159734,0.1491213888,0.3053615689,0.5789223909,-0.7560444474,0.1419321746,0.7574269176,0.6373065710,1,-703.5,-66.6,2461.8,1,0.9415995479,-0.2476734668,-0.2281410098,0.3053616285,0.9136014581,0.2684896588,0.1419321895,-0.3224751949,0.9358766675,1,-591.3,-281.7,2180.4,1,1.0000000000,-0.0000000005,0.0000000011,0.0000000005,1.0000000000,-0.0000000040,-0.0000000011,0.0000000040,1.0000000000,0,-538.3,-82.0,2500.9,1,1.0000000000,-0.0000251727,0.0000100585,0.0000251717,1.0000000000,0.0001039884,-0.0000100612,-0.0001039882,1.0000000000,0,-538.3,-453.9,2500.9,0,-567.6,-134.3,2225.5,1,-445.5,-174.9,2237.7,1,-532.1,-500.1,2257.5,1,-538.3,-811.4,2500.9,0,
11,0.9667369127,0.1527147889,-0.2051772624,-0.0924048796,0.9565388560,0.2765745521,0.2384984493,-0.2484153360,0.9388345480,1,-537.4,470.1,2350.5,1,0.9667369127,0.1527147889,-0.2051772624,-0.0924048796,0.9565388560,0.2765745521,0.2384984493,-0.2484153360,0.9388345480,1,-566.9,285.3,2398.5,1,0.9671865106,0.1454191357,-0.2083349526,-0.0895114765,0.9624565244,0.2562493980,0.2377783209,-0.2291925102,0.9438931942,1,-594.0,106.3,2441.1,1,-0.0407282934,-0.7088411450,-0.7041913867,0.9959760904,0.0275078081,-0.0852936730,0.0798304230,-0.7048316598,0.7048684359,1,-693.8,297.0,2367.3,1,-0.4580487907,-0.7088411450,-0.5364099145,0.7419387102,0.0275077969,-0.6699032784,0.4896104336,-0.7048316598,0.5133166909,1,-683.9,53.3,2347.8,1,-0.0589026585,0.9865912795,-0.1522111446,-0.9923891425,-0.0743888766,-0.0981338024,-0.1081407741,0.1452723444,0.9834640622,1,-440.0,273.5,2429.7,1,0.0436874889,0.9865911603,-0.1572550833,-0.7372439504,-0.0743888766,-0.6715188622,-0.6742126346,0.1452723294,0.7241085768,1,-456.0,4.2,2400.4,1,0.9403958321,-0.3026124239,0.1551822722,0.3106262088,0.5785467625,-0.7541850805,0.1384455860,0.7574360371,0.6380622983,1,-704.1,-64.9,2463.3,1,0.9403958321,-0.2524906993,-0.2278250605,0.3106262088,0.9104326367,0.2731736600,0.1384455562,-0.3276597857,0.9345972538,1,-591.6,-280.0,2181.7,1,1.0000000000,-0.0000000004,0.0000000009,0.0000000004,1.0000000000,-0.0000000032,-0.0000000009,0.0000000032,1.0000000000,0,-537.9,-80.3,2504.2,1,1.0000000000,-0.0000226554,0.0000090528,0.0000226546,1.0000000000,0.0000935896,-0.0000090549,-0.0000935894,1.0000000000,0,-537.9,-452.1,2504.2,0,-568.1,-134.2,2224.1,1,-445.4,-175.0,2236.5,1,-531.4,-497.4,2260.0,1,-537.9,-809.6,2504.2,0,
12,0.9658880830,0.1534520537,-0.2085967213,-0.0925288498,0.9568503499,0.2754527628,0.2418660969,-0.2467552572,0.9384107590,1,-536.3,470.3,2351.0,1,0.9658880830,0.1534520537,-0.2085967213,-0.0925288498,0.9568503499,0.2754527628,0.2418660969,-0.2467552572,0.9384107590,1,-566.0,285.2,2398.7,1,0.9666094184,0.1453128457,-0.2110695094,-0.0878967345,0.9617142677,0.2595734298,0.2407093495,-0.2323537320,0.9423761368,1,-593.0,106.4,2441.9,1,-0.0514416695,-0.7284252048,-0.6831913590,0.9951785803,0.0198124498,-0.0960573331,0.0835062712,-0.6848387718,0.7238940001,1,-692.8,296.8,2367.1,1,-0.4442187250,-0.7284252644,-0.5216000080,0.7473443747,0.0198124349,-0.6641415358,0.4941115975,-0.6848388910,0.5355833769,1,-680.3,54.3,2346.8,1,-0.0599327497,0.9869340658,-0.1495638639,-0.9921207428,-0.0754095539,-0.1000490487,-0.1100203395,0.1423891932,0.9836772680,1,-439.2,273.7,2430.3,1,0.0395812728,0.9869340658,-0.1561877429,-0.7431697249,-0.0754095614,-0.6648399830,-0.6679312587,0.1423892081,0.7304746509,1,-455.2,7.6,2400.8,1,0.9397555590,-0.2928017676,0.1764274091,0.3179073930,0.5588199496,-0.7659341693,0.1256757081,0.7758783698,0.6182380915,1,-703.6,-64.8,2464.3,1,0.9397555590,-0.2607095540,-0.2211109251,0.3179074228,0.9043048024,0.2848992348,0.1256757230,-0.3380284011,0.9327070713,1,-594.8,-272.4,2175.9,1,1.0000000000,-0.0000000003,0.0000000007,0.0000000003,1.0000000000,-0.0000000025,-0.0000000007,0.0000000025,1.0000000000,0,-536.5,-80.0,2505.9,1,1.0000000000,-0.0000203898,0.0000081476,0.0000203891,1.0000000000,0.0000842306,-0.0000081493,-0.0000842305,1.0000000000,0,-536.5,-451.8,2505.9,0,-568.1,-134.5,2221.9,1,-445.6,-173.0,2238.4,1,-530.2,-496.3,2259.6,1,-536.5,-809.3,2505.9,0,
13,0.9664512277,0.1492161304,-0.2090612501,-0.0891663656,0.9582319260,0.2717343271,0.2408777624,-0.2439766526,0.9393908978,1,-537.1,469.5,2352.2,1,0.9664512277,0.1492161304,-0.2090612501,-0.0891663656,0.9582319260,0.2717343271,0.2408777624,-0.2439766526,0.9393908978,1,-566.0,284.1,2399.4,1,0.9668803811,0.1426588744,-0.2116382420,-0.0863410980,0.9631385207,0.2547703683,0.2401836514,-0.2280593216,0.9435585737,1,-592.5,105.1,2441.8,1,-0.0480159223,-0.6995063424,-0.7130115032,0.9951757193,0.0276399888,-0.0941340253,0.0855549648,-0.7140916586,0.6948046088,1,-692.8,295.4,2367.9,1,-0.4605312645,-0.6995062828,-0.5464447141,0.7466503978,0.0276399851,-0.6646421552,0.4800251126,-0.7140916586,0.5095576048,1,-681.2,54.8,2347.2,1,-0.0721578896,0.9779916406,-0.1957701445,-0.9894446731,-0.0949212611,-0.1094954982,-0.1256683916,0.1858027577,0.9745178223,1,-439.1,272.8,2430.9,1,0.0520959236,0.9779915810,-0.2020364106,-0.7512224317,-0.0949212760,-0.6531882882,-0.6579901576,0.1858027279,0.7297440767,1,-458.3,9.7,2397.5,1,0.9393128157,-0.2857898176,0.1897783577,0.3235688508,0.5542194247,-0.7669056058,0.1139949635,0.7817704678,0.6130580306,1,-702.4,-66.6,2463.5,1,0.9393127561,-0.2690676749,-0.2128243595,0.3235688210,0.9009923935,0.2889910936,0.1139949709,-0.3403162956,0.9333756566,1,-596.2,-272.6,2172.9,1,1.0000000000,-0.0000000003,0.0000000006,0.0000000003,1.0000000000,-0.0000000020,-0.0000000006,0.0000000020,1.0000000000,0,-535.6,-81.4,2504.9,1,1.0000000000,-0.0000183508,0.0000073329,0.0000183503,1.0000000000,0.0000758075,-0.0000073343,-0.0000758074,1.0000000000,0,-535.6,-453.3,2504.9,0,-564.9,-133.8,2225.9,1,-445.6,-172.9,2237.6,1,-529.8,-495.0,2256.9,1,-535.6,-810.8,2504.9,0,
14,0.9680115581,0.1506338120,-0.2006562054,-0.0932083428,0.9583902359,0.2698128223,0.2329513133,-0.2424790263,0.9417746663,1,-537.7,468.4,2351.8,1,0.9680115581,0.1506338120,-0.2006562054,-0.0932083428,0.9583902359,0.2698128223,0.2329513133,-0.2424790263,0.9417746663,1,-566.9,283.1,2398.7,1,0.9685689211,0.1435617357,-0.2031358778,-0.0895681754,0.9631482363,0.2536168694,0.2320610732,-0.2274508476,0.9457355738,1,-593.6,104.0,2441.0,1,-0.0457995534,-0.6710649133,-0.7399827242,0.9951180220,0.0341776758,-0.0925851390,0.0874215141,-0.7406104803,0.6662234664,1,-693.9,294.8,2368.2,1,-0.4856125414,-0.6710649133,-0.5602253079,0.7345671654,0.0341776609,-0.6776747108,0.4739108384,-0.7406104803,0.4763451815,1,-682.8,51.9,2346.9,1,-0.0679698288,0.9798755050,-0.1876811683,-0.9900754690,-0.0894402266,-0.1084019914,-0.1230066866,0.1784504652,0.9762299657,1,-439.8,271.3,2429.1,1,0.0533212535,0.9798754454,-0.1923563182,-0.7442249656,-0.0894402117,-0.6619136930,-0.6657973528,0.1784504503,0.7244786620,1,-458.1,4.4,2396.0,1,0.9406145811,-0.2949696779,0.1680388898,0.3156030774,0.5774762630,-0.7529381514,0.1250554621,0.7612581849,0.6362759471,1,-702.7,-67.4,2463.5,1,0.9406146407,-0.2619501352,-0.2159312516,0.3156031072,0.9090795517,0.2719725072,0.1250554621,-0.3239699006,0.9377657771,1,-593.1,-282.0,2180.6,1,1.0000000000,-0.0000000002,0.0000000004,0.0000000002,1.0000000000,-0.0000000016,-0.0000000004,0.0000000016,1.0000000000,0,-537.8,-82.7,2503.0,1,1.0000000000,-0.0000165157,0.0000065997,0.0000165153,1.0000000000,0.0000682268,-0.0000066008,-0.0000682267,1.0000000000,0,-537.8,-454.5,2503.0,0,-560.1,-133.6,2227.2,1,-445.1,-176.5,2234.1,1,-531.9,-494.4,2256.3,1,-537.8,-812.0,2503.0,0,
15,0.9663171768,0.1531974822,-0.2067886591,-0.0946543515,0.9587636590,0.2679764032,0.2393162102,-0.2393766046,0.9409720898,1,-537.0,467.5,2352.1,1,0.9663171768,0.1531974822,-0.2067886591,-0.0946543515,0.9587636590,0.2679764032,0.2393162102,-0.2393766046,0.9409720898,1,-566.6,282.4,2398.3,1,0.9670171142,0.1452278644,-0.2092527300,-0.0901459157,0.9634913206,0.2521045506,0.2382272333,-0.2249260396,0.9448058009,1,-593.6,103.3,2440.1,1,-0.0429336429,-0.6808663011,-0.7311483622,0.9953605533,0.0339218192,-0.0900373757,0.0861052871,-0.7316219211,0.6762509942,1,-693.4,294.2,2367.0,1,-0.4798445404,-0.6808662415,-0.5533266664,0.7340189219,0.0339218378,-0.6782813668,0.4805887640,-0.7316218615,0.4834914505,1,-683.0,51.2,2346.0,1,-0.0691069290,0.9789023399,-0.1922875494,-0.9903601408,-0.0905123949,-0.1048536375,-0.1200458705,0.1831878126,0.9757208824,1,-439.7,270.6,2429.6,1,0.0558866411,0.9789023399,-0.1965373904,-0.7437448502,-0.0905123949,-0.6623074412,-0.6661233902,0.1831878126,0.7229951024,1,-458.5,1.0,2396.9,1,0.9398154020,-0.3105174303,0.1425693184,0.3006489873,0.5532650352,-0.7768578529,0.1623492837,0.7729661465,0.6133237481,1,-703.3,-68.1,2461.6,1,0.9398154020,-0.2348043621,-0.2482217252,0.3006489873,0.9134587049,0.2742324471,0.1623493284,-0.3323554695,0.9290761948,1,-587.9,-273.7,2174.4,1,1.0000000000,-0.0000000002,0.0000000004,0.0000000002,1.0000000000,-0.0000000013,-0.0000000004,0.0000000013,1.0000000000,0,-537.8,-83.6,2502.3,1,1.0000000000,-0.0000148641,0.0000059398,0.0000148637,1.0000000000,0.0000614041,-0.0000059407,-0.0000614040,1.0000000000,0,-537.8,-455.4,2502.3,0,-561.7,-134.2,2224.6,1,-444.9,-179.8,2235.0,1,-531.0,-495.1,2254.9,1,-537.8,-812.9,2502.3,0,
16,0.9680053592,0.1536495239,-0.1983872205,-0.0956465676,0.9568516016,0.2743816674,0.2319871783,-0.2466277182,0.9409350157,1,-537.6,468.3,2350.2,1,0.9680053592,0.1536495239,-0.1983872205,-0.0956465676,0.9568516016,0.2743816674,0.2319871783,-0.2466277182,0.9409350157,1,-567.3,283.3,2397.9,1,0.9684914351,0.1463301629,-0.2015237510,-0.0925360993,0.9626844525,0.2543112934,0.2312186211,-0.2276499867,0.9458939433,1,-594.5,104.3,2440.3,1,-0.0335296541,-0.6627629995,-0.7480782270,0.9957266450,0.0422907397,-0.0820971802,0.0860477462,-0.7476341128,0.6585127711,1,-694.3,295.4,2367.6,1,-0.5013218522,-0.6627629995,-0.5562568307,0.7165912390,0.0422907472,-0.6962100863,0.4849467576,-0.7476341128,0.4537288845,1,-686.0,47.7,2346.2,1,-0.0741283149,0.9720293880,-0.2228546292,-0.9893873930,-0.0996883288,-0.1057116985,-0.1249708608,0.2126533389,0.9691032171,1,-440.2,271.1,2428.3,1,0.0678080916,0.9720293283,-0.2248582840,-0.7477676868,-0.0996883065,-0.6564341187,-0.6604889035,0.2126532942,0.7200924158,1,-460.4,0.8,2394.1,1,0.9392826557,-0.3049724400,0.1572897881,0.3114688993,0.5653799176,-0.7637622952,0.1439979672,0.7663794160,0.6260409355,1,-704.3,-66.8,2462.9,1,0.9392825365,-0.2491919249,-0.2359060049,0.3114688396,0.9076387882,0.2813874483,0.1439979672,-0.3377796710,0.9301449060,1,-590.9,-276.9,2178.1,1,1.0000000000,-0.0000000001,0.0000000003,0.0000000001,1.0000000000,-0.0000000010,-0.0000000003,0.0000000010,1.0000000000,0,-539.1,-82.6,2502.3,1,1.0000000000,-0.0000133777,0.0000053458,0.0000133774,1.0000000000,0.0000552637,-0.0000053466,-0.0000552636,1.0000000000,0,-539.1,-454.4,2502.3,0,-559.4,-133.2,2223.7,1,-444.0,-181.0,2233.6,1,-531.8,-492.4,2258.2,1,-539.1,-811.9,2502.3,0,
17,0.9684321880,0.1505184174,-0.1987042427,-0.0921893567,0.9568639398,0.2755195200,0.2316051126,-0.2485034019,0.9405356050,1,-537.8,468.7,2350.3,1,0.9684321880,0.1505184174,-0.1987042427,-0.0921893567,0.9568639398,0.2755195200,0.2316051126,-0.2485034019,0.9405356050,1,-566.9,283.8,2398.3,1,0.9688799381,0.1430296451,-0.2020251900,-0.0892605186,0.9631289244,0.2537984550,0.2308784276,-0.2278672606,0.9459247589,1,-593.5,104.7,2440.7,1,-0.0357342176,-0.6733382940,-0.7384705544,0.9954517484,0.0413162783,-0.0858416408,0.0883113071,-0.7381793261,0.6687993407,1,-694.0,295.5,2368.1,1,-0.4913446605,-0.6733382940,-0.5524455309,0.7210454345,0.0413162857,-0.6916549206,0.4885426760,-0.7381792665,0.4652069211,1,-685.2,49.8,2346.3,1,-0.0847570151,0.9636187553,-0.2534863353,-0.9882000685,-0.1138676703,-0.1024438441,-0.1275806725,0.2418123931,0.9618992209,1,-439.8,272.1,2428.6,1,0.0766648203,0.9636187553,-0.2560499310,-0.7489459515,-0.1138676405,-0.6527742147,-0.6581812501,0.2418123782,0.7129687071,1,-462.8,3.1,2393.9,1,0.9383217096,-0.3020922542,0.1682041734,0.3165726066,0.5549639463,-0.7692832947,0.1390472800,0.7750840783,0.6163688302,1,-704.0,-66.6,2463.1,1,0.9383218288,-0.2552691400,-0.2332167327,0.3165726662,0.9055033922,0.2825695276,0.1390472651,-0.3389711678,0.9304646254,1,-591.7,-272.9,2175.0,1,1.0000000000,-0.0000000001,0.0000000002,0.0000000001,1.0000000000,-0.0000000008,-0.0000000002,0.0000000008,1.0000000000,0,-536.2,-82.0,2503.1,1,1.0000000000,-0.0000120399,0.0000048113,0.0000120397,1.0000000000,0.0000497373,-0.0000048119,-0.0000497373,1.0000000000,0,-536.2,-453.9,2503.1,0,-561.1,-132.3,2222.9,1,-444.2,-178.9,2233.9,1,-529.7,-492.6,2257.3,1,-536.2,-811.4,2503.1,0,
18,0.9693647027,0.1449581683,-0.1982910782,-0.0875659436,0.9581902027,0.2724005878,0.2294886857,-0.2466918081,0.9415307045,1,-537.8,467.6,2351.4,1,0.9693647027,0.1449581683,-0.1982910782,-0.0875659436,0.9581902027,0.2724005878,0.2294886857,-0.2466918081,0.9415307045,1,-565.8,282.8,2398.9,1,0.9696859717,0.1385185421,-0.2013003826,-0.0853874311,0.9639530778,0.2519957125,0.2289516181,-0.2271680534,0.9465610385,1,-591.5,103.6,2441.2,1,-0.0208700430,-0.6564277411,-0.7541001439,0.9964119196,0.0482238755,-0.0695539564,0.0820227787,-0.7528460026,0.6530659795,1,-693.0,294.0,2368.9,1,-0.4964534640,-0.6564277411,-0.5680110455,0.7237874866,0.0482238829,-0.6883357763,0.4792343974,-0.7528460026,0.4511732757,1,-688.0,52.9,2349.1,1,-0.0821328685,0.9704429507,-0.2269246876,-0.9893950224,-0.1067654490,-0.0984816477,-0.1197985262,0.2164295763,0.9689203501,1,-438.6,271.6,2429.0,1,0.0673325658,0.9704427719,-0.2317475975,-0.7414192557,-0.1067654490,-0.6624941826,-0.6676554084,0.2164295614,0.7123162746,1,-460.8,3.8,2396.6,1,0.9400857687,-0.2931750417,0.1740326732,0.3201410472,0.5835201740,-0.7463337183,0.1172548383,0.7573326826,0.6424162388,1,-701.9,-68.2,2463.4,1,0.9400856495,-0.2680340111,-0.2107052803,0.3201409876,0.9065267444,0.2751708925,0.1172548085,-0.3261395991,0.9380214810,1,-593.0,-285.0,2182.1,1,1.0000000000,-0.0000000001,0.0000000002,0.0000000001,1.0000000000,-0.0000000007,-0.0000000002,0.0000000007,1.0000000000,0,-532.7,-83.1,2503.4,1,1.0000000000,-0.0000108359,0.0000043302,0.0000108357,1.0000000000,0.0000447636,-0.0000043307,-0.0000447635,1.0000000000,0,-532.7,-454.9,2503.4,0,-562.6,-129.9,2228.0,1,-444.4,-176.4,2234.3,1,-530.4,-496.5,2258.1,1,-532.7,-812.5,2503.4,0,
19,0.9684377909,0.1469735950,-0.2013134211,-0.0882556066,0.9575263262,0.2745045722,0.2331092507,-0.2480734289,0.9402773976,1,-537.7,466.4,2350.9,1,0.9684377909,0.1469735950,-0.2013134211,-0.0882556066,0.9575263262,0.2745045722,0.2331092507,-0.2480734289,0.9402773976,1,-566.0,282.1,2398.6,1,0.9687992930,0.1402507424,-0.2043471336,-0.0858380273,0.9633298516,0.2542162240,0.2325091213,-0.2287436426,0.9453136325,1,-592.1,103.0,2441.2,1,-0.0311508365,-0.6861617565,-0.7267817259,0.9958590269,0.0408257358,-0.0812278464,0.0854068324,-0.7263025045,0.6820487380,1,-693.1,293.4,2368.1,1,-0.4732145667,-0.6861618757,-0.5524943471,0.7332482934,0.0408257395,-0.6787343025,0.4882775247,-0.7263025045,0.4838076532,1,-685.5,50.3,2347.3,1,-0.0872177035,0.9667361975,-0.2404457480,-0.9890357256,-0.1129046306,-0.0951880589,-0.1191691682,0.2295073569,0.9659840465,1,-438.9,270.8,2429.1,1,0.0697707385,0.9667363167,-0.2460754514,-0.7468651533,-0.1129046530,-0.6553206444,-0.6613053083,0.2295073867,0.7141440511,1,-462.1,7.7,2397.4,1,0.9405950308,-0.2824144363,0.1884759814,0.3293108046,0.6236466765,-0.7089564800,0.0826771259,0.7289080620,0.6796010733,1,-700.9,-68.8,2463.8,1,0.9405950308,-0.2914822698,-0.1741240919,0.3293108344,0.9080598950,0.2588081658,0.0826771110,-0.3007745743,0.9501048923,1,-596.1,-300.3,2193.2,1,1.0000000000,-0.0000000001,0.0000000001,0.0000000001,1.0000000000,-0.0000000005,-0.0000000001,0.0000000005,1.0000000000,0,-535.4,-83.4,2503.5,1,1.0000000000,-0.0000097523,0.0000038972,0.0000097521,1.0000000000,0.0000402872,-0.0000038976,-0.0000402872,1.0000000000,0,-535.4,-455.3,2503.5,0,-566.0,-134.9,2223.9,1,-445.1,-173.8,2236.7,1,-532.8,-497.4,2258.5,1,-535.4,-812.8,2503.6,0,
20,0.9692372680,0.1490958631,-0.1958305836,-0.0913152993,0.9566869140,0.2764241099,0.2285636365,-0.2500380874,0.9408727884,1,-537.1,467.4,2350.1,1,0.9692372680,0.1490958631,-0.1958305836,-0.0913152993,0.9566869140,0.2764241099,0.2285636365,-0.2500380874,0.9408727884,1,-565.9,282.6,2398.4,1,0.9697636962,0.1413583308,-0.1989378780,-0.0878365785,0.9627063274,0.2558903098,0.2276923656,-0.2306790054,0.9460155368,1,-592.2,103.6,2441.3,1,-0.0353963375,-0.7635173202,-0.6448166370,0.9957424998,0.0280051474,-0.0878204182,0.0851105824,-0.6451798081,0.7592754960,1,-693.2,294.1,2368.6,1,-0.4234732389,-0.7635173202,-0.4875569642,0.7325581312,0.0280051827,-0.6801281571,0.5329437256,-0.6451798677,0.5474613905,1,-684.4,47.6,2347.5,1,-0.0746001750,0.9794288278,-0.1874947101,-0.9910709858,-0.0936550722,-0.0949061364,-0.1105136275,0.1787405461,0.9776700139,1,-438.7,271.1,2428.3,1,0.0509803109,0.9794287682,-0.1952445954,-0.7421952486,-0.0936550498,-0.6636075377,-0.6682419181,0.1787405312,0.7221527696,1,-458.7,4.9,2398.6,1,0.9416924715,-0.2919582129,0.1672597677,0.3164163828,0.5993263125,-0.7353153825,0.1144381911,0.7453646660,0.6567613482,1,-701.6,-67.8,2464.7,1,0.9416922927,-0.2674377263,-0.2041873336,0.3164163530,0.9102507234,0.2670659125,0.1144381613,-0.3161021173,0.9417979121,1,-593.2,-290.4,2187.9,1,1.0000000000,-0.0000000001,0.0000000001,0.0000000001,1.0000000000,-0.0000000004,-0.0000000001,0.0000000004,1.0000000000,0,-535.4,-82.9,2503.7,1,1.0000000000,-0.0000087771,0.0000035075,0.0000087769,1.0000000000,0.0000362585,-0.0000035078,-0.0000362585,1.0000000000,0,-535.4,-454.7,2503.7,0,-577.7,-137.0,2213.2,1,-446.3,-175.5,2236.2,1,-532.0,-498.6,2260.2,1,-535.4,-812.2,2503.7,0,
21,0.9696332812,0.1520353258,-0.1915635914,-0.0942774564,0.9551147819,0.2808312178,0.2256628275,-0.2542430460,0.9404460192,1,-537.1,467.9,2349.8,1,0.9696332812,0.1520353258,-0.1915635914,-0.0942774564,0.9551147819,0.2808312178,0.2256628275,-0.2542430460,0.9404460192,1,-566.4,283.4,2398.9,1,0.9703575373,0.1428311169,-0.1949501932,-0.0895692483,0.9617643356,0.2588153481,0.2244643867,-0.2336817831,0.9460499883,1,-593.0,104.6,2442.3,1,-0.0140716136,-0.7613511682,-0.6481869817,0.9963237643,0.0441087037,-0.0734388381,0.0845034346,-0.6468375325,0.7579316497,1,-693.8,295.2,2369.4,1,-0.4208869636,-0.7613512278,-0.4931517243,0.7252499461,0.0441087037,-0.6870713234,0.5448548794,-0.6468375921,0.5336050987,1,-690.3,51.1,2348.7,1,-0.0714110956,0.9800053835,-0.1857149601,-0.9911074042,-0.0906752646,-0.0973867327,-0.1122792661,0.1771089882,0.9777657390,1,-439.1,271.7,2428.3,1,0.0528689176,0.9800053835,-0.1918188184,-0.7394567728,-0.0906752422,-0.6670694947,-0.6711249352,0.1771089733,0.7198776603,1,-458.6,1.9,2397.8,1,0.9417701960,-0.2927166820,0.1654871553,0.3124203682,0.5797110796,-0.7525480986,0.1243486553,0.7604289055,0.6374052167,1,-702.4,-66.5,2466.6,1,0.9417701364,-0.2583204210,-0.2152663171,0.3124203086,0.9089421630,0.2760756314,0.1243486553,-0.3272533715,0.9367190599,1,-593.7,-281.9,2184.1,1,1.0000000000,-0.0000000000,0.0000000001,0.0000000000,1.0000000000,-0.0000000003,-0.0000000001,0.0000000003,1.0000000000,0,-536.6,-81.8,2505.0,1,1.0000000000,-0.0000078994,0.0000031568,0.0000078992,1.0000000000,0.0000326326,-0.0000031570,-0.0000326326,1.0000000000,0,-536.6,-453.7,2505.0,0,-584.1,-131.9,2211.3,1,-445.7,-177.8,2234.7,1,-532.6,-497.0,2261.6,1,-536.6,-811.2,2505.0,0,
22,0.9690974951,0.1479268968,-0.1974025071,-0.0890602171,0.9560817480,0.2792395353,0.2300413549,-0.2530294955,0.9397122264,1,-537.5,467.6,2350.6,1,0.9690974951,0.1479268968,-0.1974025071,-0.0890602171,0.9560817480,0.2792395353,0.2300413549,-0.2530294955,0.9397122264,1,-566.0,283.4,2399.3,1,0.9695672989,0.1406122893,-0.2004182488,-0.0859370828,0.9619942307,0.2591922581,0.2292481959,-0.2340808809,0.9448033571,1,-592.2,104.5,2442.9,1,0.0029806935,-0.7159759998,-0.6981186271,0.9966924191,0.0588230528,-0.0560722128,0.0812118202,-0.6956424117,0.7137831450,1,-693.2,294.7,2369.3,1,-0.4502334595,-0.7159759998,-0.5335432291,0.7226278782,0.0588230640,-0.6887298822,0.5244986415,-0.6956424713,0.4909000695,1,-694.0,54.1,2349.7,1,-0.0750215352,0.9784392118,-0.1924285442,-0.9907988906,-0.0949395373,-0.0964581370,-0.1126474887,0.1834215522,0.9765588641,1,-438.8,272.1,2429.4,1,0.0545620359,0.9784390926,-0.1991982758,-0.7377187014,-0.0949395299,-0.6683993340,-0.6728997827,0.1834215224,0.7166327238,1,-459.3,2.0,2398.7,1,0.9403350353,-0.2930161059,0.1729494631,0.3161663413,0.5646446943,-0.7623746991,0.1257330626,0.7715684772,0.6235970259,1,-702.2,-66.9,2466.6,1,0.9403351545,-0.2614269257,-0.2177749276,0.3161663413,0.9078723192,0.2753302455,0.1257330775,-0.3277557790,0.9363586307,1,-593.3,-276.7,2179.9,1,1.0000000000,-0.0000000000,0.0000000001,0.0000000000,1.0000000000,-0.0000000003,-0.0000000001,0.0000000003,1.0000000000,0,-534.5,-81.7,2506.2,1,1.0000000000,-0.0000071094,0.0000028411,0.0000071093,1.0000000000,0.0000293694,-0.0000028413,-0.0000293694,1.0000000000,0,-534.5,-453.6,2506.2,0,-580.4,-128.3,2217.3,1,-446.0,-177.3,2235.1,1,-530.3,-495.5,2258.8,1,-534.5,-811.1,2506.2,0,
23,0.9682478905,0.1491885036,-0.2005959600,-0.0891914517,0.9557564855,0.2803090811,0.2335411608,-0.2535170913,0.9387170076,1,-537.6,466.6,2350.5,1,0.9682478905,0.1491885036,-0.2005959600,-0.0891914517,0.9557564855,0.2803090811,0.2335411608,-0.2535170913,0.9387170076,1,-566.4,282.5,2399.3,1,0.9688313603,0.1405736357,-0.2039726228,-0.0853292644,0.9623804092,0.2579565644,0.2325625271,-0.2325114459,0.9443808198,1,-592.5,103.5,2442.6,1,-0.0001283949,-0.6776868105,-0.7353505492,0.9969301224,0.0574879237,-0.0531539917,0.0782955363,-0.7330999374,0.6755990982,1,-693.5,293.7,2368.8,1,-0.4787036777,-0.6776869893,-0.5581964850,0.7222764492,0.0574878752,-0.6892111301,0.4991588593,-0.7331000566,0.4619576633,1,-693.5,53.9,2350.0,1,-0.0823692605,0.9721516967,-0.2194001675,-0.9900965691,-0.1049366072,-0.0932577625,-0.1136837900,0.2095457762,0.9711676836,1,-439.3,271.3,2429.9,1,0.0654357374,0.9721516371,-0.2250317633,-0.7370401025,-0.1049366146,-0.6676527858,-0.6726737618,0.2095457911,0.7096481919,1,-461.5,3.5,2399.1,1,0.9409592152,-0.2891344428,0.1760597825,0.3114516139,0.5356385112,-0.7849135399,0.1326411366,0.7934057117,0.5940654278,1,-701.6,-68.1,2465.9,1,0.9409592152,-0.2518208921,-0.2262344360,0.3114516139,0.9058575034,0.2870889902,0.1326411664,-0.3406001031,0.9308049679,1,-594.2,-267.0,2171.2,1,1.0000000000,-0.0000000000,0.0000000001,0.0000000000,1.0000000000,-0.0000000002,-0.0000000001,0.0000000002,1.0000000000,0,-535.7,-82.7,2505.7,1,1.0000000000,-0.0000063985,0.0000025570,0.0000063984,1.0000000000,0.0000264324,-0.0000025572,-0.0000264324,1.0000000000,0,-535.7,-454.5,2505.7,0,-572.7,-128.4,2224.0,1,-445.6,-175.6,2235.6,1,-531.1,-494.2,2256.6,1,-535.7,-812.0,2505.7,0,
