1,0.8998960853,0.0409647226,-0.4341759980,0.0519910492,0.9784010053,0.2000721842,0.4329940081,-0.2026173323,0.8783288598,1,-99.6,378.4,2325.3,1,0.8998960853,0.0409647226,-0.4341759980,0.0519910492,0.9784010053,0.2000721842,0.4329940081,-0.2026173323,0.8783288598,1,-107.9,180.0,2366.4,1,0.8994924426,0.0350589678,-0.4355273545,0.0415645540,0.9853899479,0.1651649177,0.4349546432,-0.1666669548,0.8848930597,1,-114.6,-8.8,2398.4,1,0.0601805151,-0.4739744067,-0.8784797788,0.9977265596,0.0018220767,0.0673664883,-0.0303293299,-0.8805367351,0.4730065763,1,-229.5,174.3,2307.6,1,-0.6700861454,-0.4739744067,-0.5712554455,0.6480090618,0.0018220842,-0.7616304159,0.3620342314,-0.8805366755,0.3059187829,1,-243.4,-55.0,2314.6,1,0.0642306581,0.9943419099,0.0846093148,-0.9959647655,0.0691982135,-0.0571474619,-0.0626789257,-0.0805972815,0.9947741032,1,13.7,185.6,2425.3,1,-0.0048482702,0.9943419099,0.1061169654,-0.7283689976,0.0691982284,-0.6816819906,-0.6851680279,-0.0805972889,0.7239122391,1,29.4,-58.0,2409.9,1,0.9999890924,0.0010092891,-0.0045626885,-0.0010299996,0.9999891520,-0.0045390530,0.0045580580,0.0045437030,0.9999793172,0,-199.9,-201.2,2392.3,1,0.9970371723,0.0688143969,-0.0343719944,-0.0670042187,0.9964330792,0.0512986518,0.0377794802,-0.0488435961,0.9980916977,0,-200.3,-584.5,2390.6,0,0.5583759546,0.0245401468,-0.8292250633,-0.6163098216,0.6813686490,-0.3948405385,0.5553185344,0.7315289378,0.3955841362,1,-42.8,-194.0,2468.3,1,0.5583758354,0.5482236147,-0.6226292849,-0.6163097620,0.7765277624,0.1310223490,0.5553184748,0.3105728030,0.7714699507,1,-52.2,-454.6,2188.5,1,-75.5,-217.3,2223.9,1,28.2,-240.5,2238.3,1,-225.7,-951.6,2408.6,0,-175.7,-629.6,2118.5,1,
2,0.8988405466,0.0401452519,-0.4364329576,0.0546489730,0.9777585864,0.2024896145,0.4348549843,-0.2058563977,0.8766546249,1,-99.3,376.3,2325.9,1,0.8988405466,0.0401452519,-0.4364329576,0.0546489730,0.9777585864,0.2024896145,0.4348549843,-0.2058563977,0.8766546249,1,-107.4,178.8,2367.5,1,0.8984653354,0.0343582742,-0.4376977682,0.0447653830,0.9845688343,0.1691768020,0.4367560744,-0.1715930700,0.8830623031,1,-114.0,-9.8,2400.4,1,0.0620808527,-0.4670020938,-0.8820743561,0.9977234006,0.0057125762,0.0671958700,-0.0263416898,-0.8842377663,0.4662936032,1,-228.9,172.8,2308.5,1,-0.6730161905,-0.4670020938,-0.5735488534,0.6463130713,0.0057125539,-0.7630510330,0.3596227765,-0.8842378259,0.2979849279,1,-243.2,-56.7,2314.5,1,0.0627235919,0.9940988421,0.0885059908,-0.9957792759,0.0682890862,-0.0613206401,-0.0670027658,-0.0842861831,0.9941863418,1,14.1,184.9,2426.6,1,-0.0081728855,0.9940987825,0.1081700698,-0.7276289463,0.0682890862,-0.6825633645,-0.6859222651,-0.0842861831,0.7227769494,1,29.3,-57.6,2410.3,1,0.9999930263,0.0008090904,-0.0036497912,-0.0008223453,0.9999930859,-0.0036316249,0.0036468278,0.0036346009,0.9999867678,0,-199.2,-202.4,2395.1,1,0.9975997806,0.0618679225,-0.0310966242,-0.0604014918,0.9971104264,0.0460704789,0.0338570513,-0.0440816209,0.9984540343,0,-199.5,-585.6,2393.7,0,0.6576369405,0.0035993455,-0.7533265948,-0.5878376365,0.6278332472,-0.5101690888,0.4711272120,0.7783395648,0.4150021672,1,-42.0,-194.6,2471.5,1,0.6576368809,0.5505725145,-0.5141825080,-0.5878375769,0.8018971086,0.1068082005,0.4711271524,0.2320147455,0.8510043621,1,-43.4,-434.3,2174.3,1,-74.6,-218.6,2224.4,1,27.3,-239.9,2238.4,1,-222.3,-953.0,2409.9,0,-179.0,-631.7,2117.2,1,
3,0.8973097205,0.0425539613,-0.4393452704,0.0428695567,0.9822351933,0.1826930642,0.4393145442,-0.1827667058,0.8795443177,1,-99.9,378.1,2332.2,1,0.8973097205,0.0425539613,-0.4393452704,0.0428695567,0.9822351933,0.1826930642,0.4393145442,-0.1827667058,0.8795443177,1,-108.5,179.2,2369.2,1,0.8969893456,0.0377742983,-0.4404350519,0.0350154862,0.9871403575,0.1559756249,0.4406629205,-0.1553303897,0.8841310740,1,-115.8,-9.9,2399.0,1,0.0526126027,-0.4833918214,-0.8738216162,0.9983271360,0.0044503994,0.0576471165,-0.0239772908,-0.8753927946,0.4828172922,1,-229.8,174.5,2309.6,1,-0.6681376696,-0.4833918214,-0.5656185746,0.6442388296,0.0044503808,-0.7648114562,0.3722207844,-0.8753927946,0.3084463179,1,-242.1,-58.0,2315.2,1,0.0708123296,0.9927334189,0.0972933099,-0.9942916632,0.0780528039,-0.0727440268,-0.0798094273,-0.0915867537,0.9925938249,1,12.8,183.9,2428.8,1,-0.0057379082,0.9927334785,0.1201975495,-0.7295321226,0.0780528113,-0.6794782877,-0.6839225292,-0.0915867612,0.7237830758,1,30.0,-58.2,2409.4,1,0.9999955297,0.0006483340,-0.0029196015,-0.0006568171,0.9999955893,-0.0029055437,0.0029177049,0.0029074482,0.9999915361,0,-204.2,-202.2,2388.8,1,0.9980556369,0.0556271560,-0.0281174071,-0.0544392131,0.9976592064,0.0413828343,0.0303535983,-0.0397716835,0.9987476468,0,-204.4,-585.4,2387.7,0,0.6311410666,0.0150720216,-0.7755216360,-0.5981263518,0.6460369229,-0.4742163420,0.4938682020,0.7631572485,0.4167554677,1,-41.8,-195.9,2468.6,1,0.6311411262,0.5454298258,-0.5515136123,-0.5981263518,0.7949260473,0.1016734391,0.4938682616,0.2657044828,0.8279464841,1,-47.6,-442.9,2176.8,1,-74.7,-219.4,2222.0,1,28.6,-241.0,2238.0,1,-224.9,-953.0,2402.4,0,-175.5,-629.4,2114.5,1,
4,0.8956121206,0.0427262560,-0.4427791536,0.0396579094,0.9837442040,0.1751434803,0.4430644512,-0.1744202077,0.8793581128,1,-99.1,381.2,2334.9,1,0.8956121206,0.0427262560,-0.4427791536,0.0396579094,0.9837442040,0.1751434803,0.4430644512,-0.1744202077,0.8793581128,1,-107.8,182.0,2370.2,1,0.8952298760,0.0389532447,-0.4438986182,0.0304297879,0.9885025024,0.1481129229,0.4445641637,-0.1461027265,0.8837510347,1,-115.3,-7.4,2398.2,1,0.0618909523,-0.4696832895,-0.8806628585,0.9978452325,0.0098664276,0.0648642108,-0.0217766427,-0.8827797174,0.4692819715,1,-228.9,177.9,2310.1,1,-0.6704007983,-0.4696833789,-0.5744217634,0.6466292143,0.0098664314,-0.7627407312,0.3639141023,-0.8827798963,0.2970965207,1,-243.4,-56.1,2315.2,1,0.0671212673,0.9934972525,0.0919673517,-0.9944192171,0.0741323307,-0.0750656798,-0.0813952982,-0.0864156038,0.9929285645,1,13.3,186.1,2430.3,1,-0.0055776490,0.9934971929,0.1137196049,-0.7263877392,0.0741323307,-0.6832753420,-0.6872624159,-0.0864155963,0.7212507725,1,29.8,-58.6,2410.3,1,0.9999971390,0.0005193465,-0.0023355326,-0.0005247756,0.9999971390,-0.0023245902,0.0023343186,0.0023258093,0.9999945760,0,-202.3,-199.5,2386.7,1,0.9984249473,0.0500197299,-0.0254108422,-0.0490574129,0.9981037378,0.0371785238,0.0272223167,-0.0358733758,0.9989855289,0,-202.5,-582.7,2385.8,0,0.5793240070,0.0214899778,-0.8148141503,-0.6124747992,0.6710798144,-0.4177638292,0.5378276110,0.7410736084,0.4019347429,1,-43.2,-194.1,2465.7,1,0.5793240666,0.5484762192,-0.6029573679,-0.6124747992,0.7810217142,0.1219829172,0.5378275514,0.2986285686,0.7883924246,1,-51.4,-450.8,2182.2,1,-75.4,-218.1,2224.0,1,28.4,-240.6,2238.1,1,-220.9,-950.5,2399.0,0,-176.0,-628.2,2114.3,1,
5,0.8927776814,0.0469017811,-0.4480493367,0.0465361811,0.9796437621,0.1952766627,0.4480873644,-0.1951890439,0.8724208474,1,-99.3,379.7,2328.7,1,0.8927776814,0.0469017811,-0.4480493367,0.0465361811,0.9796437621,0.1952766627,0.4480873644,-0.1951890439,0.8724208474,1,-108.8,181.1,2368.3,1,0.8922492266,0.0429566391,-0.4494952857,0.0349769406,0.9858987927,0.1636482924,0.4501864314,-0.1617368907,0.8781642914,1,-117.0,-7.8,2399.2,1,0.0664379150,-0.4250836968,-0.9027125835,0.9974701405,0.0053728651,0.0708818585,-0.0252805669,-0.9051380754,0.4243653715,1,-229.4,176.4,2307.4,1,-0.6830006242,-0.4250837564,-0.5939815044,0.6543059349,0.0053728968,-0.7562109232,0.3246443570,-0.9051381350,0.2744651139,1,-244.7,-52.5,2313.2,1,0.0737342313,0.9916226268,0.1060571894,-0.9942788482,0.0813370720,-0.0692388639,-0.0772851929,-0.1003451496,0.9919465780,1,11.9,185.8,2429.1,1,-0.0100220712,0.9916225672,0.1287805140,-0.7260569930,0.0813370645,-0.6828071475,-0.6875615716,-0.1003451347,0.7191592455,1,29.9,-56.5,2410.3,1,0.9999981523,0.0004159118,-0.0018683303,-0.0004193865,0.9999982119,-0.0018597711,0.0018675533,0.0018605513,0.9999965429,0,-204.3,-199.8,2390.3,1,0.9987241030,0.0449808575,-0.0229546111,-0.0442013256,0.9984639287,0.0334066823,0.0244220141,-0.0323494375,0.9991782308,0,-204.5,-583.0,2389.6,0,0.5194008350,0.0210586041,-0.8542713523,-0.6272486448,0.6883096695,-0.3644024432,0.5803294182,0.7251113653,0.3707175255,1,-46.1,-193.5,2470.1,1,0.5194007158,0.5623852611,-0.6433861852,-0.6272486448,0.7622292638,0.1598932445,0.5803293586,0.3205144405,0.7486577034,1,-54.2,-457.0,2192.6,1,-73.7,-216.3,2231.9,1,27.4,-238.4,2238.0,1,-221.1,-950.9,2401.5,0,-181.8,-630.0,2119.9,1,
6,0.8909903169,0.0421491452,-0.4520615935,0.0439140797,0.9830130935,0.1782063544,0.4518934786,-0.1786319166,0.8740034699,1,-101.5,377.7,2332.6,1,0.8909903169,0.0421491452,-0.4520615935,0.0439140797,0.9830130935,0.1782063544,0.4518934786,-0.1786319166,0.8740034699,1,-110.0,178.8,2368.7,1,0.8904471993,0.0410794914,-0.4532286227,0.0310521219,0.9881122708,0.1505675167,0.4540257752,-0.1481460184,0.8785855174,1,-117.9,-10.5,2397.1,1,0.0608061701,-0.4269447029,-0.9022310376,0.9977404475,0.0001194254,0.0671865419,-0.0285771899,-0.9042777419,0.4259872437,1,-230.4,174.6,2307.3,1,-0.6854153872,-0.4269446731,-0.5898507833,0.6522465944,0.0001194626,-0.7580068111,0.3236974180,-0.9042776823,0.2783913612,1,-244.3,-53.6,2313.9,1,0.0803288743,0.9912856817,0.1044035479,-0.9933713675,0.0882549062,-0.0736509338,-0.0822232366,-0.0977951959,0.9918041825,1,10.4,183.0,2430.1,1,-0.0036796313,0.9912856817,0.1316787302,-0.7235496044,0.0882549062,-0.6846072674,-0.6902626157,-0.0977951959,0.7169196010,1,29.8,-56.7,2410.3,1,0.9999988079,0.0003330077,-0.0014946032,-0.0003352315,0.9999988079,-0.0014878805,0.0014941059,0.0014883797,0.9999977946,0,-205.7,-202.5,2384.7,1,0.9989664555,0.0404524058,-0.0207276400,-0.0398209468,0.9987556934,0.0300219264,0.0219163094,-0.0291655045,0.9993342757,0,-205.8,-585.8,2384.2,0,0.4945305288,0.0103583569,-0.8690985441,-0.6344997287,0.6876853108,-0.3528440595,0.5940114260,0.7259349227,0.3466537893,1,-45.8,-197.0,2466.3,1,0.4945305884,0.5661284924,-0.6594983935,-0.6344997883,0.7537189722,0.1712244600,0.5940114856,0.3337758183,0.7319454551,1,-49.7,-460.3,2188.3,1,-72.7,-217.0,2232.8,1,28.9,-238.0,2237.3,1,-220.7,-953.8,2394.9,0,-181.0,-635.2,2110.8,1,
7,0.8894806504,0.0415397473,-0.4550807774,0.0412533507,0.9844946861,0.1704967618,0.4551067650,-0.1704270840,0.8739746213,1,-101.1,377.6,2335.1,1,0.8894806504,0.0415397473,-0.4550807774,0.0412533507,0.9844946861,0.1704967618,0.4551067650,-0.1704270840,0.8739746213,1,-109.6,177.9,2369.6,1,0.8889678717,0.0411554463,-0.4561164379,0.0290169474,0.9888914824,0.1457818300,0.4570491612,-0.1428303570,0.8778978586,1,-117.4,-11.5,2397.0,1,0.0583373718,-0.4104718864,-0.9100052714,0.9979708195,0.0006788280,0.0636703447,-0.0255171489,-0.9118731022,0.4096785188,1,-229.8,174.0,2307.8,1,-0.6975126863,-0.4104718566,-0.5873575211,0.6438879371,0.0006788522,-0.7651195526,0.3144587278,-0.9118730426,0.2638243735,1,-243.3,-57.5,2313.7,1,0.0782697052,0.9913324118,0.1055172011,-0.9927222729,0.0872180760,-0.0830389038,-0.0915221572,-0.0982498452,0.9909443259,1,10.7,181.9,2431.4,1,-0.0045764870,0.9913324118,0.1312976778,-0.7244649529,0.0872180834,-0.6837715507,-0.6892964244,-0.0982498378,0.7177864313,1,29.6,-58.5,2409.3,1,0.9999992251,0.0002665841,-0.0011956432,-0.0002680073,0.9999992847,-0.0011903448,0.0011953249,0.0011906642,0.9999985695,0,-204.0,-203.5,2383.9,1,0.9991627932,0.0363821760,-0.0187101550,-0.0358706638,0.9989920855,0.0269837305,0.0196730234,-0.0262899920,0.9994607568,0,-204.1,-586.8,2383.4,0,0.6519046426,-0.0256117601,-0.7578684092,-0.5896553993,0.6112784147,-0.5278686881,0.4767882526,0.7910011411,0.3833931088,1,-46.6,-198.4,2464.8,1,0.6519046426,0.5749202967,-0.4944563508,-0.5896553993,0.7943192124,0.1461629421,0.4767882228,0.1962745190,0.8568252325,1,-36.9,-431.3,2163.5,1,-68.6,-218.8,2235.0,1,28.5,-240.0,2236.6,1,-217.5,-954.9,2393.1,0,-183.4,-633.8,2113.5,1,
8,0.8916170001,0.0360925756,-0.4513495266,0.0398033857,0.9867115617,0.1575329602,0.4510373175,-0.1584241837,0.8783314228,1,-103.4,377.5,2337.3,1,0.8916170001,0.0360925756,-0.4513495266,0.0398033857,0.9867115617,0.1575329602,0.4510373175,-0.1584241837,0.8783314228,1,-110.7,177.7,2369.4,1,0.8912177086,0.0367557928,-0.4520839751,0.0289689172,0.9900640249,0.1376034021,0.4526495636,-0.1357308477,0.8812971115,1,-117.7,-12.0,2395.4,1,0.0475174859,-0.4017106593,-0.9145329595,0.9986477494,-0.0002226513,0.0519857407,-0.0210868493,-0.9157665372,0.4011569023,1,-231.2,173.8,2308.1,1,-0.7002987266,-0.4017106295,-0.5900933743,0.6444455385,-0.0002226532,-0.7646501064,0.3070367277,-0.9157664776,0.2590366006,1,-242.2,-58.3,2313.0,1,0.0869556591,0.9892798066,0.1173212156,-0.9918544292,0.0969760865,-0.0825862959,-0.0930783078,-0.1091842204,0.9896541238,1,9.8,181.6,2430.6,1,-0.0035139716,0.9892797470,0.1459904313,-0.7316448689,0.0969760865,-0.6747528911,-0.6816769242,-0.1091842130,0.7234607339,1,31.0,-59.8,2407.9,1,0.9999995232,0.0002133812,-0.0009564892,-0.0002142920,0.9999995232,-0.0009523014,0.0009562856,0.0009525060,0.9999991059,0,-204.0,-204.2,2381.1,1,0.9993218184,0.0327234864,-0.0168838035,-0.0323091447,0.9991835356,0.0242560264,0.0176637601,-0.0236940738,0.9995632172,0,-204.1,-587.5,2380.8,0,0.6514714956,-0.0021501593,-0.7586700916,-0.5842869282,0.6364465952,-0.5035320520,0.4839356840,0.7713178396,0.4133704305,1,-45.6,-199.1,2461.6,1,0.6514714956,0.5565792322,-0.5155622959,-0.5842869282,0.8015476465,0.1270042509,0.4839356542,0.2184966207,0.8473875523,1,-44.7,-442.1,2167.1,1,-66.8,-219.8,2236.1,1,30.1,-243.1,2237.1,1,-216.1,-955.6,2389.5,0,-173.7,-627.9,2116.5,1,
9,0.8902106881,0.0291542672,-0.4546150565,0.0389219746,0.9894335270,0.1396677494,0.4538830519,-0.1420281529,0.8796688914,1,-103.4,379.9,2343.4,1,0.8902106881,0.0291542672,-0.4546150565,0.0389219746,0.9894335270,0.1396677494,0.4538830519,-0.1420281529,0.8796688914,1,-109.3,179.6,2372.2,1,0.8898756504,0.0321157612,-0.4550713003,0.0280865915,0.9917702079,0.1249147654,0.4553376436,-0.1239398941,0.8816493750,1,-115.5,-10.5,2395.9,1,0.0547131523,-0.3837019205,-0.9218348265,0.9984474778,0.0113728642,0.0545265116,-0.0104380241,-0.9233869910,0.3837285340,1,-229.6,175.8,2310.6,1,-0.7057811618,-0.3837019503,-0.5955213904,0.6412221193,0.0113728493,-0.7672710419,0.3011761606,-0.9233869314,0.2380114347,1,-242.5,-59.6,2313.0,1,0.0784809515,0.9901272058,0.1161409989,-0.9912220240,0.0899346396,-0.0969054401,-0.1063938141,-0.1075162813,0.9884940982,1,11.0,183.4,2433.7,1,-0.0084643858,0.9901272058,0.1399154961,-0.7272736430,0.0899346471,-0.6804298162,-0.6862953305,-0.1075162739,0.7193322778,1,30.4,-61.4,2407.5,1,0.9999997020,0.0001707778,-0.0007651752,-0.0001713608,0.9999997020,-0.0007618576,0.0007650448,0.0007619885,0.9999994040,0,-199.4,-202.9,2379.8,1,0.9994506836,0.0294342805,-0.0152314585,-0.0290986542,0.9993386269,0.0218064561,0.0158632435,-0.0213512629,0.9996461868,0,-199.5,-586.1,2379.6,0,0.6996340752,-0.0191921629,-0.7142435312,-0.5628946424,0.6008849144,-0.5675270557,0.4400702119,0.7991051078,0.4095963538,1,-43.8,-198.0,2459.5,1,0.6996340752,0.5607164502,-0.4428423047,-0.5628947020,0.8142865896,0.1417288929,0.4400702715,0.1501152068,0.8853268027,1,-36.5,-427.6,2154.2,1,-65.7,-220.3,2237.6,1,28.3,-243.6,2235.5,1,-210.3,-954.4,2387.4,0,-173.8,-627.0,2117.4,1,
10,0.8936802149,0.0304292440,-0.4476713538,0.0402144007,0.9882514477,0.1474533826,0.4468985498,-0.1497789174,0.8819563985,1,-103.5,379.4,2340.5,1,0.8936802149,0.0304292440,-0.4476713538,0.0402144007,0.9882514477,0.1474533826,0.4468985498,-0.1497789174,0.8819563985,1,-109.6,179.1,2370.8,1,0.8933274746,0.0310933683,-0.4483292997,0.0288625583,0.9915748835,0.1262804419,0.4484783411,-0.1257496029,0.8849030137,1,-115.6,-10.9,2394.9,1,0.0585539974,-0.3872165680,-0.9201275706,0.9980950952,0.0047667958,0.0615095943,-0.0194314755,-0.9219764471,0.3867580891,1,-230.4,175.2,2310.2,1,-0.7087879181,-0.3872165680,-0.5896464586,0.6379899383,0.0047667921,-0.7700299621,0.3009790480,-0.9219764471,0.2436616570,1,-244.1,-58.0,2314.7,1,0.0797041059,0.9906740189,0.1105091199,-0.9926258326,0.0890369713,-0.0822579488,-0.0913302079,-0.1031379104,0.9904652238,1,11.2,183.0,2431.5,1,-0.0062237545,0.9906740189,0.1361112595,-0.7265956402,0.0890369639,-0.6812717319,-0.6870371699,-0.1031379104,0.7192652822,1,30.7,-59.8,2409.1,1,0.9999998212,0.0001366689,-0.0006121297,-0.0001370420,0.9999998212,-0.0006094966,0.0006120463,0.0006095804,0.9999996424,0,-200.6,-203.4,2379.3,1,0.9995550513,0.0264769774,-0.0137373898,-0.0262051169,0.9994642735,0.0196062345,0.0142491441,-0.0192375202,0.9997134209,0,-200.7,-586.6,2379.1,0,0.7524054050,-0.0437983200,-0.6572427154,-0.5314366221,0.5491600633,-0.6449794173,0.3891804814,0.8345687389,0.3899149597,1,-42.4,-198.3,2458.7,1,0.7524053454,0.5506437421,-0.3614936769,-0.5314365625,0.8317025900,0.1607667357,0.3891804218,0.0711492151,0.9184097648,1,-25.7,-407.9,2140.1,1,-66.5,-217.8,2239.3,1,29.1,-241.9,2237.0,1,-210.4,-954.9,2386.1,0,-170.0,-625.9,2121.5,1,
11,0.8903872967,0.0293691084,-0.4542553425,0.0460491814,0.9869859815,0.1540732533,0.4528684616,-0.1581028700,0.8774466515,1,-104.0,381.2,2339.0,1,0.8903872967,0.0293691084,-0.4542553425,0.0460491814,0.9869859815,0.1540732533,0.4528684616,-0.1581028700,0.8774466515,1,-110.0,180.8,2371.1,1,0.8900127411,0.0304049924,-0.4549207091,0.0336571559,0.9906704426,0.1320597678,0.4546915591,-0.1328461021,0.8806852698,1,-115.8,-9.0,2396.5,1,0.0571559072,-0.3965905309,-0.9162146449,0.9981713295,0.0046144649,0.0602711923,-0.0196751412,-0.9179840684,0.3961290717,1,-230.3,176.2,2309.6,1,-0.7046879530,-0.3965905905,-0.5883289576,0.6393458247,0.0046144575,-0.7689055800,0.3076554537,-0.9179841876,0.2503067553,1,-243.7,-58.0,2314.2,1,0.0836263224,0.9879577756,0.1301778853,-0.9924345613,0.0943558067,-0.0785531700,-0.0898902416,-0.1226239279,0.9883740544,1,10.4,185.3,2432.6,1,-0.0147704007,0.9879575968,0.1540177912,-0.7313966155,0.0943558067,-0.6753931642,-0.6817923188,-0.1226239204,0.7211952209,1,31.0,-58.9,2410.4,1,0.9999998808,0.0001093650,-0.0004896972,-0.0001096037,0.9999998808,-0.0004876039,0.0004896437,0.0004876576,0.9999997616,0,-199.7,-201.8,2382.1,1,0.9996395707,0.0238181017,-0.0123872329,-0.0235978886,0.9995660782,0.0176298004,0.0128017664,-0.0173311327,0.9997678399,0,-199.8,-585.0,2381.9,0,0.7173589468,0.0009543397,-0.6967031360,-0.5455911160,0.6226604581,-0.5609138608,0.4332741797,0.7824915648,0.4471917152,1,-43.5,-195.9,2461.9,1,0.7173589468,0.5372890234,-0.4435274899,-0.5455911160,0.8291282654,0.1219697148,0.4332741499,0.1544885635,0.8879228234,1,-43.9,-432.8,2164.1,1,-67.2,-218.1,2237.1,1,27.3,-242.1,2239.6,1,-208.6,-953.3,2388.3,0,-165.7,-620.9,2129.1,1,
12,0.8864117265,0.0262559354,-0.4621525407,0.0509489067,0.9867906570,0.1537823677,0.4600852728,-0.1598605514,0.8733643293,1,-105.6,381.7,2338.7,1,0.8864117265,0.0262559354,-0.4621525407,0.0509489067,0.9867906570,0.1537823677,0.4600852728,-0.1598605514,0.8733643293,1,-110.9,181.5,2371.2,1,0.8860394359,0.0287951026,-0.4627148509,0.0375794023,0.9903243780,0.1335885972,0.4620842338,-0.1357531846,0.8763836622,1,-116.4,-8.2,2397.2,1,0.0587649420,-0.4060856402,-0.9119436741,0.9979542494,0.0008565411,0.0639259964,-0.0251783095,-0.9138346314,0.4053052664,1,-230.7,176.4,2308.7,1,-0.7000396252,-0.4060856402,-0.5874002576,0.6424940228,0.0008565336,-0.7662902474,0.3116825819,-0.9138346910,0.2603079677,1,-244.3,-55.3,2314.5,1,0.0940811187,0.9845182896,0.1478938609,-0.9904340506,0.1076197848,-0.0863626152,-0.1009418741,-0.1383540183,0.9852253199,1,8.9,186.6,2433.7,1,-0.0158302411,0.9845182896,0.1745659113,-0.7315040827,0.1076197848,-0.6732902527,-0.6816532612,-0.1383540332,0.7184755206,1,32.1,-56.9,2408.8,1,0.9999999404,0.0000875111,-0.0003917534,-0.0000876639,0.9999999404,-0.0003900875,0.0003917193,0.0003901218,0.9999998212,0,-200.1,-201.3,2382.4,1,0.9997080564,0.0214271564,-0.0111675691,-0.0212487783,0.9996485114,0.0158539526,0.0115033481,-0.0156120257,0.9998119473,0,-200.2,-584.5,2382.3,0,0.6087545753,0.0203942731,-0.7930965424,-0.5951212049,0.6728116870,-0.4394941926,0.5246414542,0.7395325303,0.4217143059,1,-43.7,-194.7,2464.0,1,0.6087545753,0.5448995829,-0.5766301155,-0.5951211452,0.7942764163,0.1222935915,0.5246413946,0.2687180042,0.8078007102,1,-51.5,-451.0,2182.2,1,-68.9,-216.3,2236.4,1,28.1,-240.2,2238.0,1,-208.1,-952.9,2388.0,0,-171.2,-625.5,2123.2,1,
13,0.8879081607,0.0259715542,-0.4592871666,0.0442461409,0.9889547229,0.1414611787,0.4578880072,-0.1459260881,0.8769511580,1,-105.3,384.2,2344.6,1,0.8879081607,0.0259715542,-0.4592871666,0.0442461409,0.9889547229,0.1414611787,0.4578880072,-0.1459260881,0.8769511580,1,-110.5,183.2,2374.3,1,0.8875431418,0.0307560898,-0.4596970081,0.0315043665,0.9913826585,0.1271547228,0.4596461952,-0.1273376346,0.8789252639,1,-116.4,-6.7,2398.7,1,0.0563767366,-0.3861753345,-0.9207010865,0.9983868599,0.0155814011,0.0545982309,-0.0067386772,-0.9222939014,0.3864308000,1,-230.6,179.0,2312.1,1,-0.7010853291,-0.3861752748,-0.5994563699,0.6448190808,0.0155813843,-0.7641764283,0.3044463694,-0.9222937822,0.2380893230,1,-243.8,-55.9,2313.7,1,0.0943992957,0.9822128415,0.1623170078,-0.9886521101,0.1116307527,-0.1005260050,-0.1168574765,-0.1509854645,0.9816047549,1,9.5,187.5,2436.4,1,-0.0219925288,0.9822129011,0.1864788532,-0.7301661372,0.1116307527,-0.6740890741,-0.6829156876,-0.1509854645,0.7147234678,1,32.9,-57.6,2407.5,1,0.9999999404,0.0000700211,-0.0003134001,-0.0000701189,0.9999999404,-0.0003120727,0.0003133782,0.0003120947,0.9999998808,0,-201.0,-199.5,2382.4,1,0.9997634888,0.0192769784,-0.0100662187,-0.0191324893,0.9997152686,0.0142580867,0.0103382058,-0.0140621234,0.9998476505,0,-201.0,-582.7,2382.2,0,0.6742033958,-0.0002692755,-0.7385457158,-0.5762654543,0.6252503395,-0.5262890458,0.4619176686,0.7804241776,0.4213907421,1,-43.7,-193.9,2463.8,1,0.6742032766,0.5499368310,-0.4929699302,-0.5762654543,0.8091908693,0.1145784855,0.4619176984,0.2068323642,0.8624687791,1,-43.6,-432.3,2166.3,1,-68.2,-217.4,2237.4,1,27.4,-240.5,2236.4,1,-208.1,-951.1,2387.4,0,-177.3,-629.0,2116.0,1,
14,0.8921087384,0.0425575227,-0.4498120546,0.0465007275,0.9816195965,0.1850975454,0.4494214058,-0.1860435903,0.8737318516,1,-103.6,390.6,2333.1,1,0.8921087384,0.0425575227,-0.4498120546,0.0465007275,0.9816195965,0.1850975454,0.4494214058,-0.1860435903,0.8737318516,1,-112.2,191.7,2370.8,1,0.8917136788,0.0365263224,-0.4511237144,0.0366635025,0.9876331091,0.1524372548,0.4511124194,-0.1524700224,0.8793461323,1,-119.2,2.5,2400.0,1,0.0504602753,-0.3940364718,-0.9177086353,0.9985305667,0.0017203316,0.0541656092,-0.0197644625,-0.9190933704,0.3935441971,1,-232.8,186.8,2309.8,1,-0.7025627494,-0.3940364420,-0.5925713778,0.6441686749,0.0017203242,-0.7648815513,0.3024105728,-0.9190932512,0.2526173294,1,-245.0,-54.0,2314.5,1,0.1000421196,0.9825339317,0.1569038033,-0.9906058311,0.1131316200,-0.0768198818,-0.0932289138,-0.1477445960,0.9846217632,1,8.3,196.7,2431.8,1,-0.0181012023,0.9825337529,0.1852014512,-0.7320961952,0.1131316125,-0.6717412472,-0.6809606552,-0.1477445960,0.7172614932,1,33.9,-56.4,2408.0,1,0.9999999404,0.0000560247,-0.0002507183,-0.0000560873,0.9999999404,-0.0002496600,0.0002507043,0.0002496740,0.9999999404,0,-205.4,-189.9,2389.1,1,0.9998084307,0.0173431896,-0.0090720514,-0.0172261521,0.9997693896,0.0128237624,0.0092923651,-0.0126650296,0.9998766184,0,-205.4,-573.1,2389.0,0,0.6204793453,0.0171453133,-0.7840354443,-0.5937099457,0.6634499431,-0.4553489387,0.5123611689,0.7480241656,0.4218363166,1,-47.0,-183.4,2469.2,1,0.6204793453,0.5461884737,-0.5627465248,-0.5937099457,0.7959879637,0.1179478168,0.5123611689,0.2609240115,0.8181716204,1,-53.6,-436.6,2183.7,1,-68.9,-215.4,2238.8,1,29.4,-239.8,2237.3,1,-211.8,-941.5,2393.7,0,-177.3,-616.9,2124.6,1,
15,0.8883560300,0.0264219251,-0.4583945572,0.0610048547,0.9827002883,0.1748689562,0.4550845027,-0.1833100468,0.8713751435,1,-105.2,387.8,2334.8,1,0.8883560300,0.0264219251,-0.4583945572,0.0610048547,0.9827002883,0.1748689562,0.4550845027,-0.1833100468,0.8713751435,1,-110.6,188.0,2372.1,1,0.8880053759,0.0245244149,-0.4591786861,0.0474392325,0.9883627892,0.1445307136,0.4573793411,-0.1501269788,0.8765074015,1,-115.3,-1.4,2400.8,1,0.0753250718,-0.3812512457,-0.9213977456,0.9967990518,0.0039642956,0.0798488930,-0.0267897937,-0.9244630337,0.3803295493,1,-230.7,181.6,2310.2,1,-0.6958130598,-0.3812512755,-0.6086803675,0.6571724415,0.0039642900,-0.7537298799,0.2897734344,-0.9244630337,0.2477894127,1,-247.9,-46.3,2316.3,1,0.0950396806,0.9848131537,0.1452944130,-0.9916352034,0.1064640135,-0.0729722679,-0.0873326734,-0.1371437907,0.9866937995,1,9.5,194.4,2433.9,1,-0.0147270123,0.9848132133,0.1729916781,-0.7358472943,0.1064640135,-0.6687257886,-0.6769873500,-0.1371437907,0.7231042385,1,32.7,-48.1,2412.6,1,1.0000000000,0.0000448248,-0.0002005735,-0.0000448648,1.0000000000,-0.0001997291,0.0002005646,0.0001997381,0.9999999404,0,-196.1,-194.7,2390.4,1,0.9998448491,0.0156039009,-0.0081749167,-0.0155090997,0.9998131990,0.0115344627,0.0083533730,-0.0114058880,0.9999000430,0,-196.1,-578.0,2390.3,0,0.5168018937,-0.0049760304,-0.8560906649,-0.6200480461,0.6873332262,-0.3783036172,0.5903019905,0.7263252139,0.3521297276,1,-43.9,-186.6,2468.8,1,0.5168018341,0.5622826815,-0.6455648541,-0.6200479269,0.7657865882,0.1706205606,0.5903018713,0.3121041358,0.7444021702,1,-42.0,-449.3,2191.2,1,-73.6,-211.0,2243.8,1,29.0,-232.5,2242.9,1,-201.8,-946.4,2394.5,0,-176.1,-631.9,2116.8,1,
16,0.8858134151,0.0181947537,-0.4636848569,0.0693849698,0.9828048944,0.1711165160,0.4588248432,-0.1837499440,0.8693186045,1,-106.4,388.5,2335.7,1,0.8858134151,0.0181947537,-0.4636848569,0.0693849698,0.9828048944,0.1711165160,0.4588248432,-0.1837499440,0.8693186045,1,-110.1,189.1,2372.9,1,0.8855364323,0.0191145130,-0.4641766548,0.0547544137,0.9878953099,0.1451392919,0.4613318741,-0.1539416909,0.8737699986,1,-113.7,-0.1,2402.4,1,0.0714417174,-0.3749558926,-0.9242858291,0.9972177148,0.0070780143,0.0742075741,-0.0212824568,-0.9270157218,0.3744183183,1,-229.8,181.7,2310.5,1,-0.7041454911,-0.3749558926,-0.6029819846,0.6482425928,0.0070780218,-0.7614009976,0.2897596955,-0.9270157218,0.2380784303,1,-246.4,-49.6,2315.5,1,0.0910786167,0.9867774844,0.1340708435,-0.9913069606,0.1026745439,-0.0822703168,-0.0949481502,-0.1254123002,0.9875508547,1,9.7,196.5,2435.3,1,-0.0106418636,0.9867774248,0.1617314368,-0.7310500741,0.1026745439,-0.6745544672,-0.6822407842,-0.1254123002,0.7202910781,1,32.3,-49.8,2411.7,1,1.0000000000,0.0000358630,-0.0001604581,-0.0000358887,1.0000000000,-0.0001597840,0.0001604524,0.0001597897,1.0000000000,0,-194.2,-194.1,2391.9,1,0.9998742938,0.0140394652,-0.0073655718,-0.0139626758,0.9998486638,0.0103753936,0.0075101224,-0.0102712456,0.9999190569,0,-194.2,-577.4,2391.9,0,0.6692906618,-0.0251786672,-0.7425739765,-0.5820423961,0.6034348011,-0.5450624824,0.4618189335,0.7970147133,0.3892182112,1,-40.6,-184.6,2471.9,1,0.6692907214,0.5652731061,-0.4821995497,-0.5820424557,0.8022717834,0.1326152533,0.4618189335,0.1919024885,0.8659657836,1,-31.0,-414.1,2168.8,1,-70.0,-212.0,2242.9,1,29.6,-232.9,2240.8,1,-199.3,-945.8,2395.6,0,-182.4,-629.0,2117.4,1,
17,0.8833147287,0.0106515801,-0.4686594605,0.0731134340,0.9843774438,0.1601748168,0.4630436003,-0.1757499427,0.8687357306,1,-107.8,386.1,2338.6,1,0.8833147287,0.0106515801,-0.4686594605,0.0731134340,0.9843774438,0.1601748168,0.4630436003,-0.1757499427,0.8687357306,1,-109.9,186.7,2374.2,1,0.8831654787,0.0116569558,-0.4689167440,0.0599127375,0.9886996150,0.1374192536,0.4652194083,-0.1494578719,0.8724863529,1,-112.2,-2.8,2402.8,1,0.0723924190,-0.3790928125,-0.9225227237,0.9971261024,0.0067949202,0.0754544809,-0.0223357808,-0.9253338575,0.3784952462,1,-229.4,178.6,2311.3,1,-0.6977515221,-0.3790927827,-0.6078087091,0.6547190547,0.0067949146,-0.7558417916,0.2906641364,-0.9253337383,0.2434581369,1,-245.8,-47.9,2316.4,1,0.1016858891,0.9832980633,0.1509476900,-0.9888614416,0.1164845303,-0.0926529169,-0.1086884812,-0.1398448497,0.9841902256,1,9.5,194.8,2437.1,1,-0.0082160365,0.9832980037,0.1818177998,-0.7391717434,0.1164845079,-0.6633675694,-0.6734669209,-0.1398448348,0.7258690000,1,34.5,-48.0,2410.4,1,1.0000000000,0.0000286925,-0.0001283660,-0.0000287089,1.0000000000,-0.0001278276,0.0001283624,0.0001278313,1.0000000000,0,-191.5,-197.4,2390.9,1,0.9998981953,0.0126322238,-0.0066356040,-0.0125700226,0.9998774529,0.0093332846,0.0067526908,-0.0092489254,0.9999344349,0,-191.5,-580.6,2390.8,0,0.6533054113,-0.0015689030,-0.7570927739,-0.5843747258,0.6347399950,-0.5055801272,0.4813502729,0.7727241516,0.4137622714,1,-37.3,-187.0,2472.1,1,0.6533054709,0.5477359891,-0.5226636529,-0.5843747854,0.8037382960,0.1118522882,0.4813503325,0.2323577404,0.8451696634,1,-36.7,-429.0,2177.4,1,-71.0,-211.9,2243.5,1,32.4,-233.2,2241.7,1,-196.2,-949.1,2394.2,0,-172.9,-628.8,2119.6,1,
18,0.8853363991,0.0095372060,-0.4648533165,0.0584034361,0.9895897508,0.1315355003,0.4612682760,-0.1436020583,0.8755622506,1,-108.9,383.4,2346.1,1,0.8853363991,0.0095372060,-0.4648533165,0.0584034361,0.9895897508,0.1315355003,0.4612682760,-0.1436020583,0.8755622506,1,-110.8,183.0,2375.1,1,0.8852046728,0.0129281841,-0.4650222063,0.0467835777,0.9920723438,0.1166370884,0.4628432989,-0.1250029653,0.8775816560,1,-113.3,-7.0,2399.1,1,0.0642144158,-0.3720548451,-0.9259868860,0.9978570938,0.0122587280,0.0642729327,-0.0125616323,-0.9281298518,0.3720447421,1,-230.5,176.7,2312.5,1,-0.6996601224,-0.3720548749,-0.6099598408,0.6533738971,0.0122587383,-0.7569361925,0.2890990674,-0.9281299114,0.2345139831,1,-245.1,-51.0,2315.4,1,0.1070859432,0.9788753986,0.1741714627,-0.9876031280,0.1249471828,-0.0950172693,-0.1147722900,-0.1618372649,0.9801204801,1,8.9,189.4,2437.7,1,-0.0182746723,0.9788752794,0.2036397159,-0.7349063158,0.1249471754,-0.6665589809,-0.6779223680,-0.1618372649,0.7170982957,1,34.9,-50.3,2409.9,1,1.0000000000,0.0000229553,-0.0001026925,-0.0000229658,1.0000000000,-0.0001022624,0.0001026902,0.0001022648,1.0000000000,0,-196.5,-201.3,2380.8,1,0.9999175072,0.0113663189,-0.0059773740,-0.0113159362,0.9999006987,0.0083962465,0.0060722153,-0.0083279153,0.9999468923,0,-196.5,-584.5,2380.8,0,0.7288982868,-0.0182624571,-0.6843784451,-0.5528666377,0.5738874078,-0.6041454673,0.4037893414,0.8187304735,0.4082089067,1,-35.0,-192.7,2465.2,1,0.7288983464,0.5408893228,-0.4196976721,-0.5528666973,0.8266115785,0.1051276997,0.4037894011,0.1554094255,0.9015554190,1,-28.0,-411.5,2153.2,1,-69.8,-214.7,2243.0,1,30.3,-234.4,2240.0,1,-200.7,-952.9,2383.8,0,-174.0,-634.6,2111.2,1,
19,0.8883866668,0.0169474073,-0.4587832987,0.0562115647,0.9877843857,0.1453367621,0.4556418061,-0.1549040228,0.8765811324,1,-108.7,380.6,2341.3,1,0.8883866668,0.0169474073,-0.4587832987,0.0562115647,0.9877843857,0.1453367621,0.4556418061,-0.1549040228,0.8765811324,1,-112.1,181.1,2372.6,1,0.8882089257,0.0162682943,-0.4591518342,0.0456230566,0.9913105369,0.1233793125,0.4571689665,-0.1305343658,0.8797479868,1,-115.2,-8.8,2397.6,1,0.0557372421,-0.3792552650,-0.9236119390,0.9982864857,0.0046584327,0.0583307818,-0.0178196672,-0.9252805114,0.3788650036,1,-232.2,174.9,2310.8,1,-0.7033063173,-0.3792552352,-0.6012701392,0.6483570933,0.0046584159,-0.7613222003,0.2915363908,-0.9252804518,0.2426164746,1,-244.9,-52.2,2314.8,1,0.1073199660,0.9765353203,0.1867116690,-0.9883765578,0.1251291782,-0.0863390565,-0.1076762080,-0.1752755344,0.9786134958,1,8.0,187.2,2434.4,1,-0.0242001116,0.9765354395,0.2139934003,-0.7449676991,0.1251291633,-0.6552602053,-0.6666615009,-0.1752755344,0.7244591117,1,34.0,-52.4,2408.3,1,1.0000000000,0.0000183651,-0.0000821538,-0.0000183718,1.0000000000,-0.0000818101,0.0000821523,0.0000818116,1.0000000000,0,-198.1,-202.8,2381.6,1,0.9999331832,0.0102275060,-0.0053839502,-0.0101866955,0.9999195933,0.0075536110,0.0054607722,-0.0074982615,0.9999569654,0,-198.1,-586.1,2381.5,0,0.7011257410,0.0256410614,-0.7125765085,-0.5599251986,0.6385550499,-0.5279499888,0.4414821267,0.7691488266,0.4620645046,1,-38.7,-194.7,2463.6,1,0.7011257410,0.5247169137,-0.4827990234,-0.5599252582,0.8243916035,0.0828383639,0.4414821565,0.2122512311,0.8718044758,1,-48.4,-437.7,2170.9,1,-68.7,-214.6,2241.8,1,27.9,-239.0,2241.3,1,-201.8,-954.5,2384.3,0,-169.4,-627.7,2122.0,1,
20,0.8891581893,0.0197606776,-0.4571734369,0.0553057939,0.9871031642,0.1502308100,0.4542457163,-0.1588631123,0.8765971065,1,-109.7,377.5,2339.4,1,0.8891581893,0.0197606776,-0.4571734369,0.0553057939,0.9871031642,0.1502308100,0.4542457163,-0.1588631123,0.8765971065,1,-113.7,178.1,2371.5,1,0.8889266253,0.0191160850,-0.4576507807,0.0435255468,0.9910827875,0.1259404421,0.4559770525,-0.1318711489,0.8801671267,1,-117.4,-11.8,2396.8,1,0.0427664444,-0.3762995899,-0.9255104661,0.9989470840,0.0007114401,0.0458705835,-0.0166026372,-0.9264976978,0.3759338558,1,-233.9,172.2,2309.8,1,-0.7098588347,-0.3762996197,-0.5953981876,0.6424113512,0.0007114261,-0.7663596869,0.2888044119,-0.9264976978,0.2412341535,1,-243.8,-57.3,2313.6,1,0.1104726940,0.9776481390,0.1788856536,-0.9883758426,0.1269815564,-0.0835993811,-0.1044459417,-0.1675707996,0.9803118110,1,6.5,184.0,2433.2,1,-0.0204603001,0.9776480198,0.2092502415,-0.7357707620,0.1269815564,-0.6652196050,-0.6769215465,-0.1675707996,0.7167267203,1,33.2,-55.4,2407.9,1,1.0000000000,0.0000146926,-0.0000657229,-0.0000146969,1.0000000000,-0.0000654482,0.0000657220,0.0000654492,1.0000000000,0,-200.9,-205.6,2381.1,1,0.9999458790,0.0092029795,-0.0048490455,-0.0091699231,0.9999348521,0.0067958040,0.0049112709,-0.0067509711,0.9999651313,0,-200.9,-588.8,2381.0,0,0.5519826412,0.0430733226,-0.8327424526,-0.6115486026,0.6998025775,-0.3691674471,0.5668540597,0.7130364180,0.4126203656,1,-41.2,-197.8,2463.0,1,0.5519827008,0.5261329412,-0.6469152570,-0.6115486622,0.7828251123,0.1148617715,0.5668540597,0.3322184086,0.7538617253,1,-57.6,-464.1,2191.7,1,-65.9,-218.2,2241.3,1,28.1,-239.7,2238.3,1,-204.3,-957.3,2383.5,0,-172.5,-635.0,2119.1,1,
21,0.8904767632,0.0250674896,-0.4543379545,0.0418883413,0.9897260070,0.1367058158,0.4530966282,-0.1407646686,0.8802772164,1,-109.5,377.0,2345.0,1,0.8904767632,0.0250674896,-0.4543379545,0.0418883413,0.9897260070,0.1367058158,0.4530966282,-0.1407646686,0.8802772164,1,-114.6,177.2,2373.4,1,0.8902876973,0.0231577288,-0.4548095465,0.0341177657,0.9925080538,0.1173215583,0.4541187286,-0.1199668720,0.8828269243,1,-119.0,-13.0,2396.4,1,0.0300058834,-0.3708674312,-0.9282010198,0.9995492697,0.0102674998,0.0282099284,-0.0009318391,-0.9286291003,0.3710083663,1,-234.9,172.6,2312.0,1,-0.7107118964,-0.3708673716,-0.5977842212,0.6405110359,0.0102675408,-0.7678802609,0.2909195423,-0.9286290407,0.2302474231,1,-242.0,-61.6,2312.2,1,0.1072495282,0.9815601707,0.1582318991,-0.9882777929,0.1226402000,-0.0909196287,-0.1086486652,-0.1466259956,0.9832072258,1,5.8,181.8,2434.8,1,-0.0108270207,0.9815602303,0.1908469498,-0.7301569581,0.1226401851,-0.6721832156,-0.6831938028,-0.1466259658,0.7153650522,1,31.9,-58.6,2408.4,1,1.0000000000,0.0000117544,-0.0000525783,-0.0000117572,1.0000000000,-0.0000523587,0.0000525777,0.0000523593,1.0000000000,0,-203.7,-206.2,2378.4,1,0.9999561906,0.0082812402,-0.0043669650,-0.0082544647,0.9999472499,0.0061142398,0.0044173682,-0.0060779247,0.9999717474,0,-203.7,-589.4,2378.4,0,0.4405696690,0.0430487879,-0.8966856599,-0.6408135295,0.7145997882,-0.2805445790,0.6286942959,0.6982077360,0.3424172103,1,-43.2,-200.0,2460.3,1,0.4405696094,0.5535430312,-0.7067450285,-0.6408134699,0.7452607751,0.1842403114,0.6286942363,0.3717210591,0.6830570698,1,-59.6,-472.9,2193.7,1,-63.9,-222.0,2239.3,1,29.2,-241.5,2237.2,1,-206.7,-957.9,2380.6,0,-181.3,-636.7,2112.0,1,
22,0.8940941691,0.0305659119,-0.4468351007,0.0528823659,0.9834854007,0.1730908304,0.4447461665,-0.1783890128,0.8777115345,1,-109.9,375.1,2334.2,1,0.8940941691,0.0305659119,-0.4468351007,0.0528823659,0.9834854007,0.1730908304,0.4447461665,-0.1783890128,0.8777115345,1,-116.1,177.1,2370.2,1,0.8937316537,0.0278782453,-0.4477351308,0.0406488031,0.9889289737,0.1427157074,0.4467565715,-0.1457492560,0.8827032447,1,-121.4,-12.3,2398.1,1,0.0248957947,-0.3951508403,-0.9182789326,0.9995557666,-0.0052109845,0.0293417051,-0.0163795333,-0.9186015129,0.3948456645,1,-236.9,171.6,2309.7,1,-0.7128821611,-0.3951508403,-0.5793572664,0.6324141622,-0.0052109808,-0.7746129036,0.3030699492,-0.9186014533,0.2536137998,1,-242.8,-63.9,2313.6,1,0.1076492667,0.9830226898,0.1485870481,-0.9902592897,0.1192946434,-0.0718006417,-0.0883072913,-0.1394104064,0.9862893224,1,4.8,182.6,2430.6,1,-0.0098946858,0.9830226302,0.1832172722,-0.7242234945,0.1192946360,-0.6791679859,-0.6894943118,-0.1394104064,0.7107477188,1,31.2,-60.4,2408.9,1,1.0000000000,0.0000094038,-0.0000420626,-0.0000094055,1.0000000000,-0.0000418870,0.0000420622,0.0000418874,1.0000000000,0,-205.8,-205.3,2386.5,1,0.9999644756,0.0074519441,-0.0039325533,-0.0074302554,0.9999572635,0.0055012046,0.0039733797,-0.0054717897,0.9999771118,0,-205.9,-588.6,2386.4,0,0.4338427484,0.0382450074,-0.9001766443,-0.6441779733,0.7116937637,-0.2802263498,0.6299328208,0.7014480233,0.3333997726,1,-47.7,-198.1,2465.5,1,0.4338427782,0.5741422176,-0.6943638921,-0.6441779137,0.7364788651,0.2064792663,0.6299327612,0.3577143550,0.6893658042,1,-62.3,-470.4,2197.2,1,-64.2,-222.3,2237.7,1,28.7,-241.8,2236.2,1,-208.6,-957.0,2388.5,0,-187.8,-631.3,2119.1,1,
23,0.8947212696,0.0362228304,-0.4451538920,0.0592641234,0.9782633781,0.1987188011,0.4426755905,-0.2041794062,0.8731256127,1,-109.9,371.8,2328.4,1,0.8947212696,0.0362228304,-0.4451538920,0.0592641234,0.9782633781,0.1987188011,0.4426755905,-0.2041794062,0.8731256127,1,-117.2,175.1,2369.4,1,0.8942258358,0.0324249342,-0.4464404285,0.0450886711,0.9857751727,0.1619102061,0.4453395307,-0.1649134904,0.8800429106,1,-123.4,-13.7,2401.0,1,0.0207027234,-0.4402709603,-0.8976263404,0.9995266795,-0.0113223111,0.0286063440,-0.0227577463,-0.8977937102,0.4398281276,1,-238.1,169.0,2309.2,1,-0.7034952044,-0.4402709007,-0.5579032302,0.6256671548,-0.0113222748,-0.7800079584,0.3370980918,-0.8977935910,0.2834282219,1,-243.0,-65.7,2314.5,1,0.1028721929,0.9862618446,0.1292472333,-0.9918060303,0.1115990579,-0.0621802956,-0.0757499188,-0.1217915565,0.9896609783,1,3.7,181.2,2429.6,1,-0.0044973278,0.9862617254,0.1651281416,-0.7188708186,0.1115990430,-0.6861270070,-0.6951290369,-0.1217915416,0.7084930539,1,28.8,-60.7,2411.2,1,1.0000000000,0.0000075231,-0.0000336500,-0.0000075243,1.0000000000,-0.0000335096,0.0000336498,0.0000335099,1.0000000000,0,-208.7,-206.5,2393.2,1,0.9999712706,0.0067057977,-0.0035411476,-0.0066882302,0.9999653697,0.0049497779,0.0035742170,-0.0049259518,0.9999814630,0,-208.7,-589.7,2393.2,0,0.6174359322,0.1024024785,-0.7799272537,-0.5118436813,0.8051855564,-0.2994864583,0.5973180532,0.5841146111,0.5495646000,0,-50.5,-198.5,2472.0,1,0.5319205523,0.5437486768,-0.6491516829,-0.6016517282,0.7821297646,0.1621363461,0.5958822966,0.3043195903,0.7431782484,0,-89.8,-507.1,2248.1,0,-66.8,-222.4,2230.1,1,27.7,-240.8,2237.0,1,-211.1,-958.2,2395.0,0,-290.1,-795.3,2136.0,0,
