1,0.9861186147,0.0872382671,-0.1412748247,-0.0642869845,0.9850913882,0.1595687270,0.1530894488,-0.1482710540,0.9770263433,1,-563.9,498.3,2381.1,1,0.9861186147,0.0872382671,-0.1412748247,-0.0642869845,0.9850913882,0.1595687270,0.1530894488,-0.1482710540,0.9770263433,1,-580.6,309.3,2409.5,1,0.9865570664,0.0804737285,-0.1422257572,-0.0591310076,0.9871601462,0.1483861059,0.1523411125,-0.1379809082,0.9786493778,1,-595.6,125.8,2435.2,1,0.0289313626,-0.3459584415,-0.9378037453,0.9941563606,0.1075727716,-0.0090140486,0.1040006205,-0.9320628047,0.3470489979,1,-710.0,317.0,2389.5,1,-0.6916269660,-0.3459584415,-0.6340070367,0.6420386434,0.1075727716,-0.7590879798,0.3308147192,-0.9320627451,0.1477184892,1,-717.2,71.3,2363.8,1,0.0246352665,0.8269961476,0.5616677403,-0.9921708107,0.0890350863,-0.0875771865,-0.1224341094,-0.5551128387,0.8227148652,1,-451.2,301.5,2429.5,1,0.0387699716,0.8464093208,0.5311195850,-0.8352482915,0.3192101419,-0.4477333128,-0.5485044122,-0.4262581170,0.7193377614,1,-444.9,47.4,2398.1,1,0.9466547370,-0.2775982618,0.1636587381,0.1838011742,0.0479735583,-0.9817921519,0.2646924853,0.9594987035,0.0964372903,1,-695.9,-52.6,2447.6,1,0.9466546178,-0.0655833408,-0.3155055940,0.1838011146,0.9140858054,0.3614750206,0.2646924555,-0.4001822770,0.8773779273,1,-592.8,-70.4,2091.2,1,0.9999998808,-0.0003500668,0.0004077280,0.0003502978,0.9999997616,-0.0005665347,-0.0004075295,0.0005666774,0.9999997616,0,-525.1,-62.8,2474.0,1,0.9997326732,-0.0227754135,0.0039786217,0.0226901416,0.9995363951,0.0203027446,-0.0044391803,-0.0202070419,0.9997859597,0,-525.0,-434.7,2473.8,0,-548.1,-85.7,2282.9,1,-434.5,-176.0,2251.5,1,-563.6,-477.6,2269.5,1,-516.9,-792.0,2481.0,0,
2,0.9867508411,0.0847005323,-0.1383750439,-0.0624776222,0.9855070710,0.1577098668,0.1497280151,-0.1469744891,0.9777429104,1,-564.9,498.1,2381.2,1,0.9867508411,0.0847005323,-0.1383750439,-0.0624776222,0.9855070710,0.1577098668,0.1497280151,-0.1469744891,0.9777429104,1,-581.2,308.8,2409.5,1,0.9869559407,0.0808328986,-0.1392230093,-0.0600332320,0.9872228503,0.1476043314,0.1493757516,-0.1373204589,0.9791992307,1,-596.2,125.2,2435.0,1,0.0291239768,-0.3469846249,-0.9374185205,0.9940905571,0.1081677526,-0.0091535151,0.1045745835,-0.9316123128,0.3480843902,1,-710.7,316.6,2389.9,1,-0.6893535852,-0.3469846249,-0.6359192729,0.6441062689,0.1081677601,-0.7572495937,0.3315398693,-0.9316123128,0.1489291340,1,-717.8,72.1,2364.2,1,0.0289403014,0.8251955509,0.5641055107,-0.9909892678,0.0975203142,-0.0918157846,-0.1307777017,-0.5563653111,0.8205820918,1,-451.7,300.9,2429.1,1,0.0315219983,0.8436092734,0.5360314250,-0.8378994465,0.3146851063,-0.4459794760,-0.5449135303,-0.4350822568,0.7167793512,1,-444.3,47.4,2395.6,1,0.9441266656,-0.2692342401,0.1900996864,0.1866550744,-0.0385859162,-0.9816675186,0.2716336548,0.9623014331,0.0138239432,1,-698.1,-53.0,2447.4,1,0.9441266656,-0.0721193776,-0.3215956390,0.1866550744,0.9212018251,0.3413899243,0.2716336548,-0.3823427558,0.8831926584,1,-598.5,-38.7,2091.1,1,0.9999998808,-0.0002800720,0.0003261665,0.0002802197,0.9999998808,-0.0004532392,-0.0003260395,0.0004533305,0.9999998212,0,-524.3,-63.6,2473.7,1,0.9997834563,-0.0204947125,0.0036016055,0.0204256419,0.9996244311,0.0182687659,-0.0039746664,-0.0181912463,0.9998266101,0,-524.2,-435.4,2473.5,0,-549.2,-85.4,2283.1,1,-435.8,-176.6,2249.9,1,-563.8,-481.3,2274.8,1,-516.9,-792.8,2480.0,0,
3,0.9869771600,0.0794588700,-0.1398624629,-0.0574717335,0.9862787724,0.1547612697,0.1502408683,-0.1447071731,0.9780024290,1,-566.2,497.9,2381.3,1,0.9869771600,0.0794588700,-0.1398624629,-0.0574717335,0.9862787724,0.1547612697,0.1502408683,-0.1447071731,0.9780024290,1,-581.4,308.4,2409.1,1,0.9870529175,0.0772715360,-0.1405513138,-0.0565168969,0.9876561761,0.1460856646,0.1501049697,-0.1362502426,0.9792372584,1,-595.8,124.8,2434.5,1,0.0227515865,-0.3307875991,-0.9434309602,0.9930449724,0.1165161058,-0.0169050340,0.1155168787,-0.9364847541,0.3311378360,1,-710.9,315.8,2389.4,1,-0.6792565584,-0.3307875395,-0.6551260352,0.6594980359,0.1165161133,-0.7426212430,0.3219825923,-0.9364846945,0.1390094310,1,-716.5,72.7,2361.2,1,0.0208440740,0.8255056739,0.5640087724,-0.9908175468,0.0924344659,-0.0986731276,-0.1335890591,-0.5567730069,0.8198522925,1,-451.9,301.0,2428.8,1,0.0368533917,0.8448569775,0.5337212682,-0.8343882561,0.3199304938,-0.4488213658,-0.5499435663,-0.4287901819,0.7167294025,1,-446.6,47.2,2394.6,1,0.9425612688,-0.2686388195,0.1985238940,0.1841502488,-0.0779532120,-0.9798020720,0.2786884308,0.9600815773,-0.0240057707,1,-697.9,-53.8,2446.4,1,0.9425612092,-0.0718525052,-0.3262142837,0.1841502190,0.9265561700,0.3279975057,0.2786884308,-0.3692300916,0.8865675330,1,-598.3,-24.9,2090.5,1,0.9999999404,-0.0002240694,0.0002609230,0.0002241640,0.9999998808,-0.0003625987,-0.0002608418,0.0003626571,0.9999998808,0,-522.4,-63.8,2473.1,1,0.9998245835,-0.0184426289,0.0032583214,0.0183866788,0.9996957779,0.0164388437,-0.0035605058,-0.0163760502,0.9998595715,0,-522.4,-435.6,2473.0,0,-550.4,-88.6,2282.4,1,-436.7,-175.9,2247.5,1,-562.9,-481.1,2272.3,1,-515.8,-793.1,2478.8,0,
4,0.9870024323,0.0786700100,-0.1401296854,-0.0569921881,0.9866595864,0.1524949372,0.1502573937,-0.1425260603,0.9783201218,1,-566.1,497.5,2381.9,1,0.9870024323,0.0786700100,-0.1401296854,-0.0569921881,0.9866595864,0.1524949372,0.1502573937,-0.1425260603,0.9783201218,1,-581.1,308.8,2409.1,1,0.9870142937,0.0772794411,-0.1408180743,-0.0568417460,0.9879760742,0.1437784731,0.1502363384,-0.1339065433,0.9795403481,1,-595.5,125.1,2434.0,1,0.0441698432,-0.3393486142,-0.9396231174,0.9930517673,0.1176036075,0.0042084157,0.1090749428,-0.9332802892,0.3421852291,1,-710.6,316.2,2389.4,1,-0.6873590350,-0.3393486142,-0.6421682835,0.6463199854,0.1176036298,-0.7539495230,0.3313730359,-0.9332802296,0.1384918541,1,-721.5,71.2,2362.5,1,0.0233724229,0.8256076574,0.5637603402,-0.9904571176,0.0957372934,-0.0991415158,-0.1358248889,-0.5560632348,0.8199666142,1,-451.6,301.3,2428.8,1,0.0374528058,0.8439071774,0.5351804495,-0.8364756107,0.3194818199,-0.4452416003,-0.5467229486,-0.4309898615,0.7178731561,1,-445.6,45.3,2393.7,1,0.9445178509,-0.2483823746,0.2149235010,0.1897881478,-0.1213492975,-0.9742970467,0.2680790126,0.9610309601,-0.0674765483,1,-697.2,-53.5,2445.6,1,0.9445179701,-0.0842156634,-0.3174801767,0.1897881925,0.9288156629,0.3182483017,0.2680790722,-0.3608452082,0.8932661414,1,-605.1,-8.5,2089.2,1,0.9999999404,-0.0001792631,0.0002087319,0.0001793236,0.9999999404,-0.0002900836,-0.0002086799,0.0002901210,0.9999999404,0,-522.5,-63.6,2472.2,1,0.9998579621,-0.0165962111,0.0029461528,0.0165508930,0.9997535944,0.0147924582,-0.0031909258,-0.0147415949,0.9998862743,0,-522.4,-435.4,2472.1,0,-553.4,-86.8,2281.5,1,-435.5,-178.4,2247.5,1,-562.3,-480.3,2272.5,1,-516.5,-792.9,2477.4,0,
5,0.9865770340,0.0782569125,-0.1433201283,-0.0556221381,0.9862478375,0.1556318402,0.1535287648,-0.1455704868,0.9773634672,1,-565.8,496.9,2381.1,1,0.9865770340,0.0782569125,-0.1433201283,-0.0556221381,0.9862478375,0.1556318402,0.1535287648,-0.1455704868,0.9773634672,1,-580.9,307.8,2409.1,1,0.9865900278,0.0770377889,-0.1438899487,-0.0554568432,0.9873726964,0.1483900100,0.1535049826,-0.1384198964,0.9784055352,1,-595.2,124.2,2434.8,1,0.0543111488,-0.3346976936,-0.9407591820,0.9925405979,0.1210825145,0.0142225400,0.1091492251,-0.9345141053,0.3387771547,1,-710.3,315.1,2388.9,1,-0.6843215823,-0.3346976638,-0.6478282809,0.6505478024,0.1210825071,-0.7497510314,0.3293806016,-0.9345140457,0.1348774582,1,-723.6,71.8,2362.2,1,0.0201720819,0.8272454143,0.5614786148,-0.9904903769,0.0929807797,-0.1014066488,-0.1360948831,-0.5540935993,0.8212543130,1,-451.4,300.5,2429.2,1,0.0402499847,0.8457656503,0.5320340991,-0.8351708651,0.3207796812,-0.4467549026,-0.5485157371,-0.4263574779,0.7192702293,1,-446.2,43.8,2393.9,1,0.9450483918,-0.2693070769,0.1853572130,0.1897200495,-0.0099767027,-0.9817875028,0.2662515938,0.9630027413,0.0416644774,1,-697.0,-54.4,2446.9,1,0.9450484514,-0.0747241229,-0.3182764649,0.1897200495,0.9181880951,0.3477600217,0.2662515938,-0.3890334368,0.8819088340,1,-597.7,-50.7,2091.6,1,1.0000000000,-0.0001434153,0.0001669814,0.0001434541,0.9999999404,-0.0002320699,-0.0001669481,0.0002320938,0.9999999404,0,-522.0,-64.2,2474.1,1,0.9998849034,-0.0149348127,0.0026625996,0.0148981037,0.9998003840,0.0133111570,-0.0028608679,-0.0132699572,0.9999078512,0,-521.9,-436.1,2474.1,0,-556.3,-87.3,2281.6,1,-435.4,-179.5,2247.2,1,-562.5,-483.1,2274.8,1,-516.6,-793.5,2478.8,0,
6,0.9861791730,0.0669335946,-0.1515574008,-0.0432165749,0.9870164394,0.1546955556,0.1599443406,-0.1460072100,0.9762688875,1,-567.3,496.4,2382.3,1,0.9861791730,0.0669335946,-0.1515574008,-0.0432165749,0.9870164394,0.1546955556,0.1599443406,-0.1460072100,0.9762688875,1,-580.1,307.0,2410.3,1,0.9864247441,0.0628230572,-0.1517186016,-0.0394790731,0.9875543118,0.1522425711,0.1593950540,-0.1441856027,0.9766293764,1,-591.8,123.4,2437.1,1,0.0358788520,-0.3268831968,-0.9443834424,0.9926440120,0.1209982634,-0.0041692513,0.1156316176,-0.9372869730,0.3288199008,1,-709.5,312.2,2389.4,1,-0.6758185625,-0.3268831968,-0.6606184840,0.6633383036,0.1209982857,-0.7384725809,0.3213279545,-0.9372870326,0.1350612640,1,-718.3,68.4,2361.0,1,0.0241628941,0.8289982080,0.5587289929,-0.9897255301,0.0986211747,-0.1035244912,-0.1409241408,-0.5504869223,0.8228636384,1,-450.7,301.8,2431.2,1,0.0321675837,0.8471385241,0.5303975344,-0.8355047107,0.3140375316,-0.4509016573,-0.5485409498,-0.4286452234,0.7178899646,1,-444.4,42.8,2394.3,1,0.9458478689,-0.2678097188,0.1834385693,0.1928798556,0.0091438433,-0.9811798334,0.2610921562,0.9634283781,0.0603037961,1,-693.9,-56.5,2449.3,1,0.9458478689,-0.0768489316,-0.3153823018,0.1928798705,0.9145123959,0.3556183279,0.2610921562,-0.3971917331,0.8798122406,1,-594.7,-59.9,2092.5,1,1.0000000000,-0.0001147354,0.0001335824,0.0001147602,1.0000000000,-0.0001856578,-0.0001335611,0.0001856732,1.0000000000,0,-513.1,-63.8,2478.5,1,0.9999067783,-0.0134398742,0.0024052972,0.0134101389,0.9998383522,0.0119783608,-0.0025658959,-0.0119449897,0.9999253750,0,-513.0,-435.6,2478.4,0,-553.1,-93.8,2282.4,1,-435.8,-180.7,2247.6,1,-559.2,-482.2,2275.9,1,-508.2,-793.1,2482.7,0,
7,0.9871234894,0.0620537661,-0.1474298835,-0.0400977023,0.9882515669,0.1474824697,0.1548499912,-0.1396712959,0.9780157208,1,-569.0,495.7,2382.8,1,0.9871234894,0.0620537661,-0.1474298835,-0.0400977023,0.9882515669,0.1474824697,0.1548499912,-0.1396712959,0.9780157208,1,-580.9,305.6,2409.7,1,0.9873548150,0.0577960573,-0.1476114541,-0.0362819396,0.9888412952,0.1444871575,0.1543154269,-0.1373039335,0.9784353375,1,-591.7,121.7,2435.2,1,0.0178918373,-0.3297624588,-0.9438943863,0.9923434258,0.1212433875,-0.0235478394,0.1222061440,-0.9362460971,0.3294069171,1,-710.5,310.3,2389.5,1,-0.6788105965,-0.3297624588,-0.6561042666,0.6587722301,0.1212433800,-0.7425086498,0.3243997991,-0.9362459779,0.1349370778,1,-714.8,66.9,2359.5,1,0.0188914128,0.8263673782,0.5628144145,-0.9922303557,0.0847300664,-0.0911020264,-0.1229710355,-0.5567204952,0.8215475678,1,-451.4,300.8,2430.0,1,0.0474303104,0.8468520045,0.5297093391,-0.8285679221,0.3295340836,-0.4526394606,-0.5578759909,-0.4174313545,0.7173042893,1,-446.5,43.8,2398.1,1,0.9513127208,-0.2536583245,0.1751052290,0.1870470941,0.0235549603,-0.9820685983,0.2449852824,0.9670071006,0.0698541775,1,-690.0,-58.9,2447.1,1,0.9513125420,-0.0753591955,-0.2988734841,0.1870470643,0.9118424654,0.3654540181,0.2449852228,-0.4035643935,0.8815429807,1,-595.9,-67.6,2088.3,1,1.0000000000,-0.0000917903,0.0001068643,0.0000918061,1.0000000000,-0.0001485275,-0.0001068506,0.0001485373,1.0000000000,0,-514.9,-65.3,2474.4,1,0.9999244809,-0.0120946895,0.0021720196,0.0120706037,0.9998690486,0.0107791489,-0.0023021058,-0.0107521182,0.9999395609,0,-514.8,-437.1,2474.4,0,-548.8,-94.2,2280.2,1,-433.8,-177.7,2248.9,1,-561.6,-482.2,2271.8,1,-510.5,-794.6,2478.2,0,
8,0.9861833453,0.0650570542,-0.1523451805,-0.0425899588,0.9883158803,0.1463478506,0.1600864828,-0.1378369033,0.9774326682,1,-567.4,496.5,2383.6,1,0.9861833453,0.0650570542,-0.1523451805,-0.0425899588,0.9883158803,0.1463478506,0.1600864828,-0.1378369033,0.9774326682,1,-579.8,306.8,2410.1,1,0.9862046838,0.0638565943,-0.1527142972,-0.0422621109,0.9891518354,0.1406859159,0.1600416899,-0.1322905570,0.9782060981,1,-591.7,122.9,2434.7,1,0.0143923936,-0.3293822408,-0.9440869689,0.9919968247,0.1231539994,-0.0278443955,0.1254395396,-0.9361305237,0.3285186291,1,-709.2,312.4,2389.1,1,-0.6791859269,-0.3293822408,-0.6559069157,0.6578335762,0.1231540143,-0.7430263162,0.3255172074,-0.9361306429,0.1330342293,1,-712.8,65.8,2357.9,1,0.0197745115,0.8300352693,0.5573602915,-0.9913805127,0.0884922519,-0.0966118798,-0.1295133233,-0.5506457090,0.8246306777,1,-450.4,301.3,2431.1,1,0.0433326066,0.8491694927,0.5263395309,-0.8324863315,0.3219600916,-0.4508969784,-0.5523483157,-0.4186319113,0.7208734751,1,-445.3,44.6,2397.5,1,0.9493039846,-0.2563349307,0.1819736660,0.1876810193,-0.0022361672,-0.9822275043,0.2521861494,0.9665854573,0.0459863953,1,-690.1,-57.2,2445.2,1,0.9493039846,-0.0731090307,-0.3057402074,0.1876809895,0.9120337963,0.3646507561,0.2521861494,-0.4035460055,0.8795185089,1,-594.9,-56.4,2086.3,1,1.0000000000,-0.0000734335,0.0000854903,0.0000734436,1.0000000000,-0.0001188228,-0.0000854816,0.0001188290,1.0000000000,0,-517.1,-64.7,2473.3,1,0.9999388456,-0.0108842384,0.0019606901,0.0108647291,0.9998939037,0.0097001083,-0.0020660604,-0.0096782129,0.9999510050,0,-517.1,-436.5,2473.3,0,-546.7,-95.1,2278.3,1,-433.7,-178.0,2249.8,1,-561.3,-475.3,2271.7,1,-513.2,-794.0,2476.7,0,
9,0.9864165187,0.0700585842,-0.1485704333,-0.0482464656,0.9881603122,0.1456412077,0.1570151597,-0.1364943683,0.9781190753,1,-567.9,495.8,2384.5,1,0.9864165187,0.0700585842,-0.1485704333,-0.0482464656,0.9881603122,0.1456412077,0.1570151597,-0.1364943683,0.9781190753,1,-581.3,306.3,2410.7,1,0.9866670370,0.0660150051,-0.1487588137,-0.0446074903,0.9887306690,0.1429044753,0.1565165818,-0.1343628466,0.9784939885,1,-593.6,122.4,2435.7,1,0.0129869292,-0.3565945923,-0.9341689944,0.9929123521,0.1149777696,-0.0300861709,0.1181372255,-0.9271572232,0.3555603921,1,-710.8,312.1,2390.2,1,-0.6793061495,-0.3565946221,-0.6413918734,0.6493962407,0.1149777770,-0.7517078519,0.3418007493,-0.9271572828,0.1534660757,1,-714.0,65.7,2360.9,1,0.0185696166,0.8282387257,0.5600677729,-0.9918671846,0.0858054757,-0.0940043852,-0.1259149313,-0.5537672043,0.8230962753,1,-451.9,300.4,2431.2,1,0.0524275452,0.8478322029,0.5276666880,-0.8275747299,0.3326137364,-0.4522038102,-0.5589020848,-0.4129756987,0.7190825343,1,-447.1,44.2,2398.7,1,0.9496020675,-0.2571109235,0.1793040931,0.1938703805,0.0322530270,-0.9804968238,0.2463133484,0.9658435583,0.0804737285,1,-692.1,-57.5,2447.0,1,0.9496019483,-0.0777441114,-0.3036640286,0.1938703656,0.9069082737,0.3740743399,0.2463133484,-0.4140931964,0.8762742281,1,-596.6,-69.4,2088.3,1,1.0000000000,-0.0000587476,0.0000683916,0.0000587541,1.0000000000,-0.0000950587,-0.0000683860,0.0000950627,1.0000000000,0,-519.6,-65.3,2474.3,1,0.9999504685,-0.0097950120,0.0017693766,0.0097792093,0.9999141097,0.0087291794,-0.0018547269,-0.0087114433,0.9999603629,0,-519.6,-437.1,2474.3,0,-547.9,-93.1,2277.3,1,-433.0,-177.1,2249.3,1,-561.6,-478.2,2274.9,1,-516.1,-794.6,2477.4,0,
10,0.9853776693,0.0735502988,-0.1536888778,-0.0499482155,0.9870949984,0.1521466374,0.1628962904,-0.1422449052,0.9763362408,1,-566.1,497.1,2384.0,1,0.9853776693,0.0735502988,-0.1536888778,-0.0499482155,0.9870949984,0.1521466374,0.1628962904,-0.1422449052,0.9763362408,1,-580.2,307.4,2411.3,1,0.9855770469,0.0694394335,-0.1543214917,-0.0471935309,0.9885380268,0.1434060335,0.1625110358,-0.1340541989,0.9775586724,1,-593.1,123.6,2436.2,1,0.0157437734,-0.3561449647,-0.9342981577,0.9927495718,0.1169323400,-0.0278446749,0.1191663966,-0.9270856977,0.3554036319,1,-709.5,313.6,2390.0,1,-0.6779840589,-0.3561449349,-0.6430384517,0.6504152417,0.1169323325,-0.7505244613,0.3424874246,-0.9270856380,0.1523638219,1,-713.5,66.4,2360.3,1,0.0102474503,0.8317610025,0.5550393462,-0.9898411036,0.0871553198,-0.1123326644,-0.1418085545,-0.5482496023,0.8242042661,1,-450.9,301.2,2432.6,1,0.0584276915,0.8487368822,0.5255776048,-0.8339089751,0.3309203088,-0.4416871965,-0.5488005280,-0.4124771357,0.7271042466,1,-448.3,45.4,2396.0,1,0.9492155910,-0.2626077831,0.1732832193,0.1963275820,0.0640069768,-0.9784470797,0.2458564788,0.9627773762,0.1123135686,1,-693.1,-56.0,2446.8,1,0.9492155313,-0.0778683200,-0.3048383892,0.1963275671,0.9037062526,0.3804871440,0.2458564639,-0.4210124612,0.8730997443,1,-595.6,-79.7,2089.2,1,1.0000000000,-0.0000469986,0.0000547128,0.0000470028,1.0000000000,-0.0000760473,-0.0000547092,0.0000760499,1.0000000000,0,-519.0,-64.3,2475.5,1,0.9999598861,-0.0088148564,0.0015962897,0.0088020563,0.9999303818,0.0078555131,-0.0016654239,-0.0078411466,0.9999678731,0,-518.9,-436.1,2475.5,0,-547.7,-92.6,2276.5,1,-432.6,-177.5,2249.2,1,-561.5,-475.9,2273.8,1,-515.8,-793.6,2478.3,0,
11,0.9864823222,0.0694522187,-0.1484185457,-0.0471546054,0.9877431989,0.1487937719,0.1569337994,-0.1397832930,0.9776675701,1,-566.9,496.6,2384.7,1,0.9864823222,0.0694522187,-0.1484185457,-0.0471546054,0.9877431989,0.1487937719,0.1569337994,-0.1397832930,0.9776675701,1,-580.3,307.2,2411.5,1,0.9866123199,0.0661031678,-0.1490825713,-0.0452591591,0.9892421365,0.1391093284,0.1566746682,-0.1304991096,0.9789915085,1,-592.5,123.3,2435.7,1,0.0283752233,-0.3683761060,-0.9292438030,0.9935020804,0.1128965020,-0.0144176688,0.1102194786,-0.9227965474,0.3691859245,1,-709.7,313.1,2390.9,1,-0.6890861988,-0.3683761656,-0.6240667701,0.6331474185,0.1128965020,-0.7657537460,0.3525403738,-0.9227966070,0.1554409713,1,-716.8,64.9,2363.4,1,0.0230971500,0.8282417655,0.5598947406,-0.9894934893,0.0988902524,-0.1054672599,-0.1427205056,-0.5515761971,0.8218239546,1,-450.8,301.2,2432.0,1,0.0386959948,0.8451490402,0.5331281424,-0.8388006091,0.3174289167,-0.4423261881,-0.5430619121,-0.4300719500,0.7211947441,1,-444.8,45.5,2395.2,1,0.9489659071,-0.2628281415,0.1743131429,0.1916037649,0.0414513275,-0.9805967212,0.2505029142,0.9639517665,0.0896947682,1,-692.6,-56.6,2446.1,1,0.9489657879,-0.0737868249,-0.3066254854,0.1916037500,0.9071338773,0.3746945560,0.2505028546,-0.4143229723,0.8749769926,1,-594.9,-72.0,2088.0,1,1.0000000000,-0.0000375992,0.0000437700,0.0000376019,1.0000000000,-0.0000608380,-0.0000437677,0.0000608397,1.0000000000,0,-517.1,-64.7,2473.9,1,0.9999675155,-0.0079328343,0.0014397792,0.0079224668,0.9999436140,0.0070693507,-0.0014957780,-0.0070577147,0.9999739528,0,-517.1,-436.5,2473.9,0,-548.3,-89.9,2277.2,1,-434.5,-178.7,2250.0,1,-561.9,-478.3,2273.5,1,-514.3,-794.0,2476.4,0,
12,0.9863539934,0.0699120685,-0.1490545124,-0.0463348851,0.9866449237,0.1561560482,0.1579813957,-0.1471182108,0.9764217734,1,-567.5,495.9,2383.0,1,0.9863539934,0.0699120685,-0.1490545124,-0.0463348851,0.9866449237,0.1561560482,0.1579813957,-0.1471182108,0.9764217734,1,-580.9,306.7,2411.3,1,0.9865510464,0.0659184232,-0.1495689899,-0.0434698872,0.9879298210,0.1486771405,0.1575645506,-0.1401753426,0.9775099754,1,-593.2,123.1,2437.3,1,0.0207662303,-0.3662132025,-0.9302992821,0.9933839440,0.1126781404,-0.0221814420,0.1129475161,-0.9236837626,0.3661302030,1,-710.4,312.4,2390.6,1,-0.6849151850,-0.3662132025,-0.6299040318,0.6393086314,0.1126781181,-0.7606498599,0.3495363891,-0.9236837626,0.1569482982,1,-715.5,65.4,2362.5,1,0.0299664997,0.8281562924,0.5596957207,-0.9890896082,0.1053685546,-0.1029524952,-0.1442350596,-0.5505040884,0.8222783208,1,-451.5,301.0,2431.9,1,0.0353871211,0.8445382714,0.5343248844,-0.8375737071,0.3167299032,-0.4451433718,-0.5451772213,-0.4317841232,0.7185710669,1,-443.7,45.6,2394.7,1,0.9504305124,-0.2469255328,0.1889705658,0.1937201470,-0.0051465323,-0.9810433984,0.2432172000,0.9690208435,0.0429430231,1,-692.7,-56.8,2449.4,1,0.9504303932,-0.0814533159,-0.3000790775,0.1937201321,0.9100068808,0.3665513992,0.2432172000,-0.4065129161,0.8806774616,1,-601.0,-54.8,2089.7,1,1.0000000000,-0.0000300796,0.0000350158,0.0000300813,1.0000000000,-0.0000486706,-0.0000350143,0.0000486716,1.0000000000,0,-518.2,-64.4,2477.3,1,0.9999736547,-0.0071391128,0.0012983264,0.0071307151,0.9999543428,0.0063619176,-0.0013436856,-0.0063524917,0.9999789000,0,-518.2,-436.3,2477.3,0,-548.1,-90.9,2277.0,1,-434.3,-178.4,2248.9,1,-563.1,-477.9,2278.7,1,-515.7,-793.8,2479.6,0,
13,0.9859458804,0.0723716691,-0.1505723596,-0.0482259132,0.9862223864,0.1582388729,0.1599501520,-0.1487529874,0.9758535624,1,-565.5,497.2,2383.7,1,0.9859458804,0.0723716691,-0.1505723596,-0.0482259132,0.9862223864,0.1582388729,0.1599501520,-0.1487529874,0.9758535624,1,-579.4,308.1,2412.3,1,0.9862803817,0.0661967844,-0.1512215436,-0.0434603952,0.9878830910,0.1489902139,0.1592521816,-0.1403734833,0.9772080779,1,-591.7,124.4,2438.4,1,0.0277730916,-0.3690771759,-0.9289836884,0.9930105209,0.1168337613,-0.0167297907,0.1147112399,-0.9220259786,0.3697423935,1,-708.8,313.8,2391.4,1,-0.6802320480,-0.3690772057,-0.6332980990,0.6420430541,0.1168337762,-0.7577140331,0.3536456227,-0.9220260382,0.1574893743,1,-715.7,67.7,2362.9,1,0.0234651752,0.8292054534,0.5584513545,-0.9889565110,0.1010202616,-0.1084436551,-0.1463369429,-0.5497394800,0.8224185109,1,-450.0,302.4,2433.2,1,0.0323806182,0.8470324278,0.5305539966,-0.8346550465,0.3149320185,-0.4518503249,-0.5498203039,-0.4281983972,0.7171776295,1,-443.9,44.8,2395.0,1,0.9491133690,-0.2467955351,0.1956425011,0.1944355667,-0.0295003764,-0.9804716110,0.2477475554,0.9686185122,0.0199866276,1,-692.0,-55.4,2450.2,1,0.9491132498,-0.0860398784,-0.3029540479,0.1944355667,0.9168214202,0.3487597406,0.2477475107,-0.3899175525,0.8868965507,1,-600.3,-44.4,2090.5,1,1.0000000000,-0.0000240638,0.0000280125,0.0000240649,1.0000000000,-0.0000389365,-0.0000280116,0.0000389372,1.0000000000,0,-516.0,-63.1,2478.7,1,0.9999786615,-0.0064248452,0.0011705389,0.0064180428,0.9999629855,0.0057253209,-0.0012072799,-0.0057176859,0.9999829531,0,-516.0,-434.9,2478.6,0,-549.3,-89.3,2276.5,1,-435.2,-178.4,2248.0,1,-559.9,-475.4,2273.8,1,-513.7,-792.5,2480.7,0,
14,0.9863532186,0.0691508800,-0.1494139731,-0.0460950546,0.9872124195,0.1526000053,0.1580560654,-0.1436297446,0.9769290686,1,-567.6,497.2,2385.1,1,0.9863532186,0.0691508800,-0.1494139731,-0.0460950546,0.9872124195,0.1526000053,0.1580560654,-0.1436297446,0.9769290686,1,-580.8,307.7,2412.6,1,0.9864255190,0.0667225122,-0.1500392109,-0.0450430252,0.9886234999,0.1435080022,0.1579078138,-0.1348012388,0.9782102704,1,-593.3,123.9,2437.7,1,0.0239107199,-0.3616587520,-0.9320039153,0.9925474524,0.1200167462,-0.0211078301,0.1194899008,-0.9245533943,0.3618331552,1,-710.3,313.6,2391.9,1,-0.6755094528,-0.3616586924,-0.6425650716,0.6497505903,0.1200167313,-0.7506131530,0.3485843539,-0.9245532751,0.1539155394,1,-716.1,70.1,2362.6,1,0.0309608039,0.8287292123,0.5587929487,-0.9902805090,0.1012753993,-0.0953304544,-0.1355950981,-0.5504102707,0.8238098621,1,-451.4,301.8,2433.4,1,0.0326836109,0.8475035429,0.5297825336,-0.8291566968,0.3189583421,-0.4590911567,-0.5580599904,-0.4242679775,0.7131379247,1,-443.4,44.1,2398.1,1,0.9507172108,-0.2485920191,0.1853076071,0.1925434172,0.0048930598,-0.9812762737,0.2430307269,0.9685959816,0.0525166690,1,-691.9,-56.0,2448.9,1,0.9507172108,-0.0842385665,-0.2983969748,0.1925434172,0.9147358537,0.3552257419,0.2430306971,-0.3951735795,0.8858746886,1,-599.6,-57.8,2089.2,1,1.0000000000,-0.0000192511,0.0000224099,0.0000192518,1.0000000000,-0.0000311493,-0.0000224093,0.0000311497,1.0000000000,0,-519.4,-63.8,2476.6,1,0.9999827147,-0.0057820696,0.0010551412,0.0057765599,0.9999700189,0.0051524588,-0.0010849014,-0.0051462748,0.9999861717,0,-519.4,-435.7,2476.6,0,-550.9,-88.8,2277.4,1,-434.6,-177.6,2248.8,1,-560.8,-479.4,2271.4,1,-517.3,-793.2,2478.4,0,
15,0.9863727093,0.0788169801,-0.1444151402,-0.0555418469,0.9857723117,0.1586440355,0.1548645794,-0.1484605521,0.9767179489,1,-566.3,497.8,2384.7,1,0.9863727093,0.0788169801,-0.1444151402,-0.0555418469,0.9857723117,0.1586440355,0.1548645794,-0.1484605521,0.9767179489,1,-581.4,308.7,2413.2,1,0.9865018129,0.0755411163,-0.1452813148,-0.0538911931,0.9875821471,0.1475707293,0.1546251774,-0.1377489120,0.9783240557,1,-595.5,125.1,2438.8,1,0.0288227797,-0.3582730293,-0.9331719279,0.9931901097,0.1156918705,-0.0137410592,0.1128834337,-0.9264210463,0.3591677845,1,-710.9,315.8,2392.9,1,-0.6917177439,-0.3582730293,-0.6270303726,0.6335443258,0.1156918854,-0.7650078535,0.3466239870,-0.9264210463,0.1469557136,1,-718.1,66.2,2364.6,1,0.0327475332,0.8273415565,0.5607438684,-0.9894522429,0.1060478240,-0.0986825675,-0.1411098540,-0.5515977144,0.8220876455,1,-452.0,301.6,2433.5,1,0.0319108628,0.8447107673,0.5342707634,-0.8337928057,0.3172639608,-0.4518107772,-0.5511543155,-0.4310534298,0.7144380212,1,-443.5,45.3,2396.9,1,0.9471768141,-0.2651995122,0.1803479344,0.1897107363,0.0099011222,-0.9817901254,0.2585846186,0.9641427398,0.0596892983,1,-695.0,-53.8,2451.0,1,0.9471768141,-0.0742532834,-0.3119977415,0.1897107065,0.9140956402,0.3583839238,0.2585845888,-0.3986422420,0.8798968196,1,-596.5,-57.5,2092.8,1,1.0000000000,-0.0000154010,0.0000179279,0.0000154014,1.0000000000,-0.0000249195,-0.0000179275,0.0000249197,1.0000000000,0,-524.0,-63.2,2477.8,1,0.9999859929,-0.0052036261,0.0009509683,0.0051991632,0.9999757409,0.0046369443,-0.0009750742,-0.0046319356,0.9999887943,0,-524.0,-435.0,2477.8,0,-549.0,-88.7,2279.8,1,-435.0,-177.7,2249.6,1,-562.5,-476.3,2275.4,1,-522.1,-792.5,2479.5,0,
16,0.9859969616,0.0726601332,-0.1500977278,-0.0513489917,0.9886382222,0.1412718892,0.1586574763,-0.1315857917,0.9785267711,1,-568.5,498.7,2390.1,1,0.9859969616,0.0726601332,-0.1500977278,-0.0513489917,0.9886382222,0.1412718892,0.1586574763,-0.1315857917,0.9785267711,1,-582.5,308.8,2415.3,1,0.9860280156,0.0711403787,-0.1506210864,-0.0509223305,0.9896622896,0.1340719759,0.1586022377,-0.1245282516,0.9794588685,1,-595.7,124.9,2438.5,1,0.0222946387,-0.3530555665,-0.9353367686,0.9923530817,0.1214229614,-0.0221790615,0.1214017794,-0.9276898503,0.3530628383,1,-711.9,315.5,2394.5,1,-0.6893139482,-0.3530555069,-0.6326120496,0.6366782188,0.1214229241,-0.7615098953,0.3456688225,-0.9276896715,0.1410842389,1,-717.4,68.2,2364.3,1,0.0281370562,0.8297803998,0.5573804379,-0.9887280464,0.1051332653,-0.1066015288,-0.1470550746,-0.5480982661,0.8233852386,1,-453.1,302.1,2436.2,1,0.0461231433,0.8457707763,0.5315490365,-0.8319040537,0.3270943463,-0.4482687116,-0.5529992580,-0.4215222299,0.7186868787,1,-445.8,43.6,2397.7,1,0.9446535110,-0.2893804014,0.1545600742,0.1840569377,0.0774874166,-0.9798565507,0.2715748250,0.9540726542,0.1264612526,1,-696.2,-54.6,2447.6,1,0.9446535110,-0.0609874353,-0.3223513365,0.1840569526,0.9118882418,0.3668553233,0.2715748250,-0.4058821201,0.8726436496,1,-588.9,-83.3,2093.9,1,1.0000000000,-0.0000123208,0.0000143423,0.0000123211,1.0000000000,-0.0000199356,-0.0000143420,0.0000199358,1.0000000000,0,-521.7,-63.6,2475.7,1,0.9999886751,-0.0046830713,0.0008569578,0.0046794559,0.9999803305,0.0041730329,-0.0008764836,-0.0041689752,0.9999909401,0,-521.7,-435.4,2475.7,0,-548.9,-87.5,2279.7,1,-433.4,-178.9,2249.8,1,-562.4,-479.5,2270.3,1,-520.0,-793.0,2477.2,0,
17,0.9850224853,0.0721732900,-0.1565904915,-0.0479037128,0.9869763851,0.1535664946,0.1656348258,-0.1437646896,0.9756528735,1,-567.4,496.8,2387.2,1,0.9850224853,0.0721732900,-0.1565904915,-0.0479037128,0.9869763851,0.1535664946,0.1656348258,-0.1437646896,0.9756528735,1,-581.3,307.2,2414.9,1,0.9850851893,0.0698082224,-0.1572668552,-0.0470314622,0.9884365797,0.1441560090,0.1655119061,-0.1346089840,0.9769789577,1,-594.2,123.5,2439.9,1,0.0261486545,-0.3417641819,-0.9394218922,0.9928355813,0.1184824482,-0.0154688153,0.1165916920,-0.9322869778,0.3424138427,1,-710.5,313.4,2393.1,1,-0.7015678287,-0.3417642415,-0.6252998710,0.6278896332,0.1184824631,-0.7692312002,0.3369827569,-0.9322871566,0.1314667165,1,-717.0,68.8,2364.4,1,0.0275604855,0.8329851627,0.5526086688,-0.9885561466,0.1047343612,-0.1085706353,-0.1483148187,-0.5432924032,0.8263390660,1,-452.0,301.0,2436.6,1,0.0436880104,0.8484653831,0.5274447203,-0.8349578977,0.3209065199,-0.4470618665,-0.5485769510,-0.4208628833,0.7224526405,1,-445.0,47.8,2398.6,1,0.9460782409,-0.2704562843,0.1782957166,0.1879284531,0.0099276230,-0.9821325541,0.2638538778,0.9626810551,0.0602187365,1,-695.4,-56.1,2450.1,1,0.9460783005,-0.0712486282,-0.3160057068,0.1879284680,0.9152913094,0.3562650681,0.2638539076,-0.3964410722,0.8793268204,1,-595.3,-59.8,2093.6,1,1.0000000000,-0.0000098567,0.0000114738,0.0000098569,1.0000000000,-0.0000159485,-0.0000114737,0.0000159486,1.0000000000,0,-519.0,-64.5,2479.7,1,0.9999908209,-0.0042146072,0.0007721419,0.0042116791,0.9999840856,0.0037555525,-0.0007879577,-0.0037522658,0.9999926686,0,-519.0,-436.3,2479.7,0,-545.4,-84.8,2282.0,1,-433.3,-175.5,2251.9,1,-562.6,-479.7,2275.5,1,-517.5,-793.9,2481.1,0,
18,0.9850548506,0.0736828148,-0.1556812972,-0.0471179448,0.9846761227,0.1679064631,0.1656677872,-0.1580612361,0.9734333158,1,-566.9,496.3,2383.8,1,0.9850548506,0.0736828148,-0.1556812972,-0.0471179448,0.9846761227,0.1679064631,0.1656677872,-0.1580612361,0.9734333158,1,-581.1,306.7,2414.3,1,0.9852399230,0.0688915476,-0.1567007601,-0.0445584171,0.9870955348,0.1538075954,0.1652749777,-0.1445545852,0.9755971432,1,-593.9,123.2,2441.1,1,0.0347025916,-0.3596217632,-0.9324526191,0.9935586452,0.1131232679,-0.0066518448,0.1078742370,-0.9262155294,0.3612310290,1,-710.4,312.5,2392.6,1,-0.6972993016,-0.3596217930,-0.6200370193,0.6270106435,0.1131232530,-0.7707534432,0.3473203182,-0.9262156487,0.1466059089,1,-719.0,67.0,2365.9,1,0.0181782227,0.8325055838,0.5537183285,-0.9878650904,0.1003925949,-0.1185074523,-0.1542473584,-0.5448447466,0.8242281079,1,-451.9,300.8,2435.9,1,0.0536918640,0.8475213051,0.5280386806,-0.8351592422,0.3279878795,-0.4415121078,-0.5473811626,-0.4172907770,0.7254255414,1,-447.2,47.2,2396.3,1,0.9484024644,-0.2636879086,0.1760725975,0.1910962909,0.0322412699,-0.9810417295,0.2530120313,0.9640690684,0.0809674859,1,-694.4,-56.4,2453.3,1,0.9484025240,-0.0766952485,-0.3076535761,0.1910963058,0.9125373363,0.3616044819,0.2530120313,-0.4017379880,0.8801088929,1,-596.5,-68.3,2095.6,1,1.0000000000,-0.0000078853,0.0000091790,0.0000078855,1.0000000000,-0.0000127588,-0.0000091789,0.0000127589,1.0000000000,0,-519.1,-64.3,2482.7,1,0.9999925494,-0.0037930198,0.0006956402,0.0037906477,0.9999871254,0.0033798534,-0.0007084511,-0.0033771913,0.9999940395,0,-519.1,-436.1,2482.7,0,-548.5,-86.3,2281.0,1,-432.8,-176.2,2250.0,1,-562.0,-479.8,2276.8,1,-517.8,-793.6,2483.9,0,
19,0.9846405387,0.0669985041,-0.1612230688,-0.0425740257,0.9877019525,0.1504399031,0.1693198830,-0.1412648261,0.9753853083,1,-568.4,499.5,2389.1,1,0.9846405387,0.0669985041,-0.1612230688,-0.0425740257,0.9877019525,0.1504399031,0.1693198830,-0.1412648261,0.9753853083,1,-581.3,309.5,2416.3,1,0.9845824242,0.0659810677,-0.1619960070,-0.0434387103,0.9893463850,0.1389484107,0.1694384366,-0.1297687888,0.9769607186,1,-593.6,125.6,2440.4,1,0.0252898950,-0.3576360643,-0.9335185289,0.9930763245,0.1161463335,-0.0175929219,0.1147166193,-0.9266101718,0.3580971956,1,-710.5,315.2,2394.1,1,-0.6924709678,-0.3576361239,-0.6265625358,0.6327457428,0.1161463410,-0.7655997872,0.3465790153,-0.9266103506,0.1458647251,1,-716.8,66.3,2365.3,1,0.0251294859,0.8348234892,0.5499439240,-0.9867242575,0.1090066284,-0.1203857511,-0.1604483873,-0.5396177769,0.8264799118,1,-452.1,303.8,2438.5,1,0.0448683724,0.8489564061,0.5265547037,-0.8368734121,0.3197857141,-0.4442747831,-0.5455546379,-0.4207257628,0.7248172164,1,-445.6,46.5,2396.7,1,0.9503163099,-0.2511856556,0.1838605553,0.1934966147,0.0139959976,-0.9810011983,0.2438401133,0.9678376317,0.0619042143,1,-693.0,-54.5,2449.5,1,0.9503164291,-0.0852059871,-0.2993975580,0.1934966445,0.9151087403,0.3537446558,0.2438401729,-0.3941017091,0.8861297369,1,-599.8,-59.7,2090.2,1,1.0000000000,-0.0000063083,0.0000073432,0.0000063084,1.0000000000,-0.0000102070,-0.0000073432,0.0000102071,1.0000000000,0,-518.6,-62.2,2479.5,1,0.9999939799,-0.0034136146,0.0006266534,0.0034116933,0.9999895692,0.0030417514,-0.0006370302,-0.0030395950,0.9999951720,0,-518.6,-434.0,2479.5,0,-547.5,-88.5,2280.5,1,-433.6,-177.3,2250.8,1,-560.9,-476.8,2269.8,1,-517.4,-791.5,2480.6,0,
20,0.9851595759,0.0630735457,-0.1596284658,-0.0413264483,0.9898378253,0.1360621452,0.1665885299,-0.1274455637,0.9777563810,1,-570.3,499.9,2393.8,1,0.9851595759,0.0630735457,-0.1596284658,-0.0413264483,0.9898378253,0.1360621452,0.1665885299,-0.1274455637,0.9777563810,1,-582.4,309.8,2418.2,1,0.9853520989,0.0585573912,-0.1601596177,-0.0381902941,0.9911143780,0.1274112612,0.1661976874,-0.1194279268,0.9788344502,1,-593.3,125.5,2440.4,1,0.0313797146,-0.3314377367,-0.9429550767,0.9913558364,0.1305650175,-0.0129016824,0.1273930520,-0.9343991876,0.3326697946,1,-711.7,314.8,2396.4,1,-0.6927345395,-0.3314377367,-0.6405215859,0.6386855841,0.1305649877,-0.7583096623,0.3349621296,-0.9343991876,0.1212376133,1,-719.5,69.7,2364.9,1,0.0329283699,0.8326979876,0.5527474284,-0.9871745706,0.1135364696,-0.1122312695,-0.1562117487,-0.5419626236,0.8257568479,1,-453.1,304.8,2440.0,1,0.0395913608,0.8473277688,0.5295922756,-0.8342345357,0.3197557628,-0.4492314160,-0.5499864817,-0.4240185022,0.7195297480,1,-444.6,49.7,2399.7,1,0.9502872825,-0.2347364277,0.2045801580,0.1934026629,-0.0699456111,-0.9786230922,0.2440279722,0.9695392847,-0.0210697707,1,-691.9,-55.3,2447.8,1,0.9502872229,-0.0921077579,-0.2974397540,0.1934026480,0.9232388735,0.3320020139,0.2440280020,-0.3730228245,0.8951560855,1,-605.0,-29.4,2088.9,1,1.0000000000,-0.0000050466,0.0000058746,0.0000050467,1.0000000000,-0.0000081656,-0.0000058745,0.0000081657,1.0000000000,0,-516.5,-62.1,2477.4,1,0.9999951124,-0.0030721694,0.0005644555,0.0030706131,0.9999915361,0.0027374816,-0.0005728607,-0.0027357349,0.9999960661,0,-516.5,-433.9,2477.4,0,-550.1,-86.5,2283.0,1,-434.0,-173.4,2252.6,1,-560.2,-478.6,2270.4,1,-515.4,-791.4,2478.4,0,
21,0.9844039679,0.0700102150,-0.1613887548,-0.0480472967,0.9895178676,0.1361826658,0.1692315787,-0.1263039559,0.9774506092,1,-570.0,501.8,2395.6,1,0.9844039679,0.0700102150,-0.1613887548,-0.0480472967,0.9895178676,0.1361826658,0.1692315787,-0.1263039559,0.9774506092,1,-583.5,311.8,2419.8,1,0.9845495224,0.0660699978,-0.1621599346,-0.0459281839,0.9910982847,0.1249583513,0.1689727753,-0.1155794784,0.9788213372,1,-595.7,127.5,2441.3,1,0.0238259397,-0.3313378394,-0.9432113171,0.9912507534,0.1303511113,-0.0207512062,0.1298242956,-0.9344645143,0.3315446079,1,-712.6,317.8,2397.7,1,-0.6888371110,-0.3313378394,-0.6447625160,0.6433911324,0.1303511113,-0.7543582916,0.3339929581,-0.9344645143,0.1233891547,1,-718.6,70.6,2365.3,1,0.0279430207,0.8351969123,0.5492406487,-0.9880498648,0.1063964367,-0.1115228385,-0.1515807807,-0.5395608544,0.8281891942,1,-454.3,305.7,2442.0,1,0.0498661101,0.8504219651,0.5237324238,-0.8288816810,0.3277878165,-0.4533323646,-0.5571969748,-0.4115062952,0.7212447524,1,-447.0,49.9,2402.8,1,0.9504291415,-0.2442813367,0.1923826635,0.1807320863,-0.0694650039,-0.9810763001,0.2530224919,0.9672130942,-0.0218720902,1,-693.2,-52.7,2448.2,1,0.9504291415,-0.0761853606,-0.3014635444,0.1807320863,0.9242812991,0.3362142146,0.2530225217,-0.3740319312,0.8922330141,1,-602.6,-27.0,2089.3,1,1.0000000000,-0.0000040373,0.0000046997,0.0000040373,1.0000000000,-0.0000065325,-0.0000046996,0.0000065325,1.0000000000,0,-522.8,-60.7,2477.4,1,0.9999960661,-0.0027648839,0.0005083884,0.0027636234,0.9999931455,0.0024636560,-0.0005151966,-0.0024622413,0.9999968410,0,-522.8,-432.5,2477.4,0,-550.1,-86.8,2283.6,1,-433.7,-171.7,2253.8,1,-565.3,-479.8,2272.6,1,-521.8,-790.0,2478.3,0,
22,0.9834281802,0.0718785226,-0.1664368063,-0.0476217642,0.9882264137,0.1453980953,0.1749285907,-0.1350620836,0.9752742052,1,-571.0,504.5,2394.5,1,0.9834281802,0.0718785226,-0.1664368063,-0.0476217642,0.9882264137,0.1453980953,0.1749285907,-0.1350620836,0.9752742052,1,-584.9,313.5,2420.6,1,0.9835945368,0.0661878139,-0.1678084284,-0.0452368818,0.9910318851,0.1257351637,0.1746259779,-0.1160808131,0.9777691960,1,-597.2,129.3,2442.2,1,0.0213591624,-0.3406380713,-0.9399518967,0.9913083315,0.1292902976,-0.0243285634,0.1298138946,-0.9312624931,0.3404388726,1,-713.9,319.5,2397.7,1,-0.6832143068,-0.3406379819,-0.6458977461,0.6464172602,0.1292902827,-0.7519499063,0.3396510184,-0.9312623739,0.1318613291,1,-719.3,72.3,2365.3,1,0.0197332762,0.8382360339,0.5449504852,-0.9864794612,0.1050176024,-0.1258152276,-0.1626922339,-0.5350996852,0.8289750218,1,-455.8,307.6,2443.5,1,0.0659019500,0.8506213427,0.5216323733,-0.8329969049,0.3347023129,-0.4405570626,-0.5493387580,-0.4054845870,0.7306225300,1,-450.7,51.0,2401.2,1,0.9470304251,-0.2558102608,0.1941510737,0.1723607033,-0.1052345335,-0.9793965220,0.2709710896,0.9609822631,-0.0555686727,1,-695.8,-51.0,2448.4,1,0.9470304251,-0.0675614327,-0.3139569759,0.1723606735,0.9318149686,0.3193942010,0.2709710896,-0.3565898240,0.8941020370,1,-600.9,-11.9,2091.8,1,1.0000000000,-0.0000032299,0.0000037597,0.0000032299,1.0000000000,-0.0000052260,-0.0000037597,0.0000052260,1.0000000000,0,-523.2,-58.9,2479.1,1,0.9999967813,-0.0024883400,0.0004578562,0.0024873188,0.9999944568,0.0022172278,-0.0004633708,-0.0022160818,0.9999974370,0,-523.2,-430.7,2479.1,0,-552.2,-85.8,2282.2,1,-433.1,-171.7,2254.3,1,-566.7,-482.9,2272.0,1,-522.3,-788.3,2479.9,0,
23,0.9833179116,0.0741447657,-0.1660939157,-0.0449227206,0.9838544130,0.1732409447,0.1762574613,-0.1628890485,0.9707739949,1,-571.3,500.7,2388.0,1,0.9833179116,0.0741447657,-0.1660939157,-0.0449227206,0.9838544130,0.1732409447,0.1762574613,-0.1628890485,0.9707739949,1,-585.7,310.1,2419.5,1,0.9834929109,0.0673401356,-0.1679453254,-0.0424827747,0.9881587625,0.1474359185,0.1758853346,-0.1378669441,0.9747095704,1,-598.2,126.4,2445.1,1,0.0145622408,-0.3416162729,-0.9397267103,0.9918954968,0.1235722154,-0.0295512062,0.1262192875,-0.9316803217,0.3406471014,1,-714.7,315.6,2396.4,1,-0.6742698550,-0.3416163027,-0.6547202468,0.6583576202,0.1235722378,-0.7424926162,0.3345527947,-0.9316804409,0.1415846348,1,-718.2,74.1,2365.7,1,0.0193151701,0.8382495642,0.5449445844,-0.9862018228,0.1056048274,-0.1274891943,-0.1644165367,-0.5349628925,0.8287230730,1,-456.6,304.5,2442.6,1,0.0637132078,0.8513374925,0.5207350850,-0.8298313618,0.3350486457,-0.4462311864,-0.5543649793,-0.4036914706,0.7278136015,1,-451.7,51.6,2400.4,1,0.9450881481,-0.2697465420,0.1845136583,0.1640240401,-0.0968262926,-0.9816929102,0.2826740444,0.9580508471,-0.0472644679,1,-697.8,-53.5,2455.2,1,0.9450882077,-0.0562986098,-0.3219300508,0.1640240550,0.9337133765,0.3182381392,0.2826740444,-0.3535673320,0.8916757703,1,-597.6,-17.5,2099.3,1,1.0000000000,-0.0000025839,0.0000030078,0.0000025839,1.0000000000,-0.0000041808,-0.0000030078,0.0000041808,1.0000000000,0,-523.6,-61.0,2486.3,1,0.9999974370,-0.0022394608,0.0004123189,0.0022386338,0.9999955297,0.0019954541,-0.0004167858,-0.0019945260,0.9999979138,0,-523.6,-432.9,2486.3,0,-553.4,-86.9,2283.9,1,-434.6,-170.3,2252.2,1,-569.1,-490.3,2278.4,1,-522.8,-790.4,2487.1,0,
