1,0.5862081051,-0.0729658529,0.8068648577,-0.0765100792,0.9864949584,0.1447926909,-0.8065391183,-0.1466126740,0.5727128983,1,129.3,436.0,1937.1,1,0.5862081051,-0.0729658529,0.8068648577,-0.0765100792,0.9864949584,0.1447926909,-0.8065391183,-0.1466126740,0.5727128983,1,142.6,255.1,1964.0,1,0.5881161094,-0.0903362706,0.8037124872,-0.0994642526,0.9781164527,0.1827181429,-0.8026365042,-0.1874008030,0.5662651658,1,158.4,84.5,1996.7,1,-0.0000013113,-1.0000001192,0.0000000000,1.0000001192,-0.0000013113,0.0000000000,-0.0000000000,0.0000000000,1.0000000000,0,70.2,267.4,2062.8,1,0.0000197291,-0.9999990463,0.0000000000,0.9999990463,0.0000197291,-0.0000000000,0.0000000000,0.0000000000,1.0000000000,0,70.3,39.3,2062.8,0,0.4042504132,-0.2370114625,0.8834065795,-0.9143846631,-0.0815319344,0.3965516984,-0.0219614562,-0.9680795670,-0.2496789694,1,215.1,242.9,1865.2,1,-0.0576812550,-0.2371658385,0.9697552323,-0.9920073152,-0.0955786556,-0.0823797584,0.1122255698,-0.9667560458,-0.2297571003,1,328.4,-13.4,1859.0,1,0.1758040190,0.1144259050,0.9777523875,-0.2755240500,0.9592459798,-0.0627197251,-0.9450818300,-0.2583678961,0.2001663595,1,126.8,-78.1,2094.0,1,0.1681183279,-0.0639301911,0.9836915731,-0.0980916321,0.9918571711,0.0812252611,-0.9808743000,-0.1101473719,0.1604783237,1,86.9,-412.7,2184.1,1,0.3373820782,0.1104334816,0.9348678589,-0.1293874383,0.9891098738,-0.0701466501,-0.9324335456,-0.0972939283,0.3479966521,1,221.5,-94.1,1964.8,1,0.3440615535,-0.0651642606,0.9366830587,-0.1913504899,0.9717872143,0.1378931105,-0.9192423224,-0.2266785055,0.3218854070,1,183.0,-439.0,1998.7,1,70.2,-188.9,2062.8,0,313.5,-269.3,1888.0,1,110.3,-775.4,2224.4,1,204.9,-764.9,2074.7,1,
2,0.5930393338,-0.0810022205,0.8010853529,-0.0646773875,0.9869151711,0.1476689279,-0.8025708795,-0.1393863708,0.5800448656,1,123.2,434.8,1946.5,1,0.5930393338,-0.0810022205,0.8010853529,-0.0646773875,0.9869151711,0.1476689279,-0.8025708795,-0.1393863708,0.5800448656,1,138.1,254.4,1972.0,1,0.5954082608,-0.0982818827,0.7973861098,-0.0906390995,0.9779323936,0.1882115155,-0.7982934713,-0.1843377054,0.5733652711,1,155.2,83.8,2004.2,1,-0.0000013113,-1.0000001192,0.0000000000,1.0000001192,-0.0000013113,0.0000000000,-0.0000000000,0.0000000000,1.0000000000,0,64.8,265.5,2070.3,1,0.0000197291,-0.9999990463,0.0000000000,0.9999990463,0.0000197291,-0.0000000000,0.0000000000,0.0000000000,1.0000000000,0,64.8,37.4,2070.3,0,0.4010254443,-0.2291266918,0.8869495988,-0.9158376455,-0.0786171481,0.3937776089,-0.0204955097,-0.9702166319,-0.2413703054,1,211.3,243.2,1873.7,1,-0.0463311449,-0.2279607505,0.9725673795,-0.9957637191,-0.0668709427,-0.0631100982,0.0794231296,-0.9713712931,-0.2238968313,1,323.2,-12.2,1868.0,1,0.1838221252,0.1218167916,0.9753820896,-0.2879973352,0.9554194808,-0.0650471896,-0.9398229122,-0.2689503133,0.2107101679,1,124.4,-79.5,2100.6,1,0.1743110716,-0.0665777624,0.9824373126,-0.0642514527,0.9948164225,0.0788166225,-0.9825921655,-0.0768616349,0.1691297889,1,81.9,-412.8,2194.4,1,0.3456933498,0.1178421229,0.9309185743,-0.1253876835,0.9889869690,-0.0786305517,-0.9299323559,-0.0895436630,0.3566621542,1,220.3,-94.1,1972.1,1,0.3500204086,-0.0717526153,0.9339899421,-0.1565811634,0.9785524607,0.1338561326,-0.9235626459,-0.1930976212,0.3312782347,1,179.2,-439.0,2003.3,1,64.8,-190.7,2070.3,0,311.3,-268.3,1888.5,1,106.5,-780.7,2222.8,1,203.2,-767.1,2068.0,1,
3,0.5871559978,-0.0885060355,0.8046175241,-0.0545561835,0.9874135852,0.1484207660,-0.8076325655,-0.1310436875,0.5749415755,1,117.4,435.5,1956.7,1,0.5871559978,-0.0885060355,0.8046175241,-0.0545561835,0.9874135852,0.1484207660,-0.8076325655,-0.1310436875,0.5749415755,1,133.5,255.0,1980.7,1,0.5897938013,-0.1046620309,0.8007396460,-0.0814058185,0.9788054228,0.1878929734,-0.8034396172,-0.1760035753,0.5687776804,1,151.8,84.2,2011.4,1,-0.0000013113,-1.0000001192,0.0000000000,1.0000001192,-0.0000013113,0.0000000000,-0.0000000000,0.0000000000,1.0000000000,0,60.9,265.0,2079.6,1,0.0000197291,-0.9999990463,0.0000000000,0.9999990463,0.0000197291,-0.0000000000,0.0000000000,0.0000000000,1.0000000000,0,60.9,36.9,2079.6,0,0.4038546085,-0.2352076620,0.8840695620,-0.9143962264,-0.0742629617,0.3979505599,-0.0279473905,-0.9691039920,-0.2450644225,1,206.2,245.0,1881.8,1,-0.0332536772,-0.2333937585,0.9718134403,-0.9977436066,-0.0489927232,-0.0459071994,0.0583262518,-0.9711472392,-0.2312379330,1,318.6,-9.6,1874.0,1,0.1765810251,0.1202302575,0.9769154787,-0.2926190495,0.9540496469,-0.0645241737,-0.9397836328,-0.2744702995,0.2036487311,1,122.6,-79.9,2106.8,1,0.1668360233,-0.0635314584,0.9839357734,-0.0421462841,0.9965504408,0.0714922771,-0.9850836396,-0.0533967204,0.1635828614,1,80.6,-412.8,2202.5,1,0.3414065242,0.1367917657,0.9299085140,-0.0994300991,0.9890577793,-0.1089880317,-0.9346418977,-0.0552516542,0.3512719870,1,217.5,-93.0,1977.4,1,0.3503892720,-0.0955331475,0.9317192435,-0.1600387692,0.9740476012,0.1600586474,-0.9228298068,-0.2051940262,0.3260068595,1,169.9,-437.8,1996.7,1,60.9,-191.2,2079.6,0,310.1,-264.6,1888.9,1,104.1,-781.6,2222.3,1,201.9,-764.3,2065.5,1,
4,0.5930005312,-0.0917866826,0.7999501228,-0.0432446413,0.9884133339,0.1454642415,-0.8040392399,-0.1208545491,0.5821646452,1,112.1,434.2,1965.9,1,0.5930005312,-0.0917866826,0.7999501228,-0.0432446413,0.9884133339,0.1454642415,-0.8040392399,-0.1208545491,0.5821646452,1,128.9,253.2,1988.0,1,0.5957528353,-0.1085709333,0.7957925200,-0.0702839494,0.9799689651,0.1863110512,-0.8000859618,-0.1669273078,0.5761929154,1,147.9,82.3,2017.1,1,-0.0000013113,-1.0000001192,0.0000000000,1.0000001192,-0.0000013113,0.0000000000,-0.0000000000,0.0000000000,1.0000000000,0,55.6,261.9,2086.5,1,0.0000197291,-0.9999990463,0.0000000000,0.9999990463,0.0000197291,-0.0000000000,0.0000000000,0.0000000000,1.0000000000,0,55.6,33.7,2086.5,0,0.4200953841,-0.2298093140,0.8778995872,-0.9065295458,-0.0620096065,0.4175632000,-0.0415216982,-0.9712582827,-0.2343788743,1,202.3,244.6,1889.5,1,-0.0339304619,-0.2278091460,0.9731144309,-0.9986716509,-0.0300506428,-0.0418565348,0.0387780145,-0.9732419848,-0.2264868915,1,318.3,-5.8,1878.0,1,0.1839158088,0.1172012687,0.9759297371,-0.2878659666,0.9557558298,-0.0605296642,-0.9398446679,-0.2698045671,0.2095168978,1,118.9,-83.0,2110.6,1,0.1752090007,-0.0591622703,0.9827520847,-0.0301227104,0.9974034429,0.0654146820,-0.9840703607,-0.0410643965,0.1729719192,1,78.0,-416.4,2204.7,1,0.3494408429,0.1456734836,0.9255648851,-0.0807074308,0.9888480902,-0.1251630038,-0.9334760308,-0.0309628975,0.3573008478,1,214.8,-94.3,1981.8,1,0.3621062040,-0.1129745543,0.9252653718,-0.1568208784,0.9710962176,0.1799429357,-0.9188507199,-0.2102593482,0.3339231610,1,164.0,-439.0,1992.6,1,55.6,-194.4,2086.5,0,309.6,-260.8,1887.9,1,99.8,-784.1,2219.9,1,201.9,-764.6,2063.1,1,
5,0.5914300680,-0.1020939872,0.7998638153,-0.0404519439,0.9869427681,0.1558794081,-0.8053403497,-0.1245484203,0.5795820355,1,106.7,434.1,1971.4,1,0.5914300680,-0.1020939872,0.7998638153,-0.0404519439,0.9869427681,0.1558794081,-0.8053403497,-0.1245484203,0.5795820355,1,125.4,253.4,1994.2,1,0.5945308805,-0.1128060743,0.7961172462,-0.0688237175,0.9793331027,0.1901597679,-0.8011212349,-0.1678481400,0.5744844675,1,145.0,82.6,2023.5,1,-0.0000013113,-1.0000001192,0.0000000000,1.0000001192,-0.0000013113,0.0000000000,-0.0000000000,0.0000000000,1.0000000000,0,52.2,261.9,2092.8,1,0.0000197291,-0.9999990463,0.0000000000,0.9999990463,0.0000197291,-0.0000000000,0.0000000000,0.0000000000,1.0000000000,0,52.2,33.7,2092.8,0,0.4251447022,-0.2366503775,0.8736410737,-0.9034817219,-0.0528107509,0.4253609478,-0.0545241833,-0.9701586962,-0.2362614721,1,198.6,244.9,1895.6,1,-0.0596425273,-0.2337100953,0.9704753160,-0.9977445006,-0.0160430502,-0.0651818886,0.0308030508,-0.9721739888,-0.2322260886,1,316.1,-4.9,1880.5,1,0.1838615984,0.1069870666,0.9771124125,-0.2833478451,0.9576314092,-0.0515369363,-0.9412273169,-0.2673870325,0.2063862085,1,116.9,-82.7,2117.2,1,0.1757984161,-0.0568590090,0.9827827215,-0.0241273306,0.9977818131,0.0620426312,-0.9841304421,-0.0346189216,0.1740366071,1,79.5,-416.8,2210.5,1,0.3497215211,0.1443605274,0.9256645441,-0.0685832202,0.9893505573,-0.1283814162,-0.9343399405,-0.0185873061,0.3558979034,1,212.6,-93.8,1988.3,1,0.3641355634,-0.1189482063,0.9237188101,-0.1514997482,0.9710357785,0.1847633272,-0.9189412594,-0.2072221041,0.3355679810,1,162.2,-438.8,1994.7,1,52.2,-194.4,2092.8,0,300.8,-260.3,1888.4,1,100.3,-780.3,2223.1,1,202.1,-764.5,2064.2,1,
6,0.5925501585,-0.1109370664,0.7978547215,-0.0299907699,0.9867424369,0.1594704539,-0.8049744368,-0.1184230596,0.5813717246,1,101.3,434.7,1978.7,1,0.5925501585,-0.1109370664,0.7978547215,-0.0299907699,0.9867424369,0.1594704539,-0.8049744368,-0.1184230596,0.5813717246,1,121.7,253.6,2000.4,1,0.5957257748,-0.1202973872,0.7941247821,-0.0569989905,0.9798914194,0.1911929548,-0.8011621833,-0.1591633558,0.5768942237,1,142.7,82.7,2028.2,1,-0.0000013113,-1.0000001192,0.0000000000,1.0000001192,-0.0000013113,0.0000000000,-0.0000000000,0.0000000000,1.0000000000,0,48.4,260.7,2099.0,1,0.0000197291,-0.9999990463,0.0000000000,0.9999990463,0.0000197291,-0.0000000000,0.0000000000,0.0000000000,1.0000000000,0,48.4,32.5,2099.0,0,0.4240391254,-0.1826297641,0.8870384693,-0.9025847912,-0.0047859475,0.4304855466,-0.0743741468,-0.9831701517,-0.1668682843,1,195.0,246.6,1901.8,1,-0.0803905278,-0.1826297641,0.9798896313,-0.9965671301,-0.0047859484,-0.0826507434,0.0197841860,-0.9831700921,-0.1816180497,1,312.1,-2.4,1881.3,1,0.1871642470,0.1091858596,0.9762417674,-0.2706956565,0.9610585570,-0.0555901788,-0.9442951679,-0.2538599074,0.2094319463,1,115.7,-83.6,2120.4,1,0.1771182120,-0.0654857978,0.9820085764,-0.0180052780,0.9974013567,0.0697597638,-0.9840249419,-0.0300370604,0.1754788458,1,77.6,-418.9,2209.0,1,0.3525854945,0.1428239048,0.9248161316,-0.0465011783,0.9897372723,-0.1351214498,-0.9346235394,0.0046368265,0.3556084633,1,211.6,-92.8,1991.4,1,0.3704710007,-0.1245166361,0.9204601645,-0.1462510228,0.9707928300,0.1901892424,-0.9172578454,-0.2050778270,0.3414398730,1,161.8,-437.9,1989.8,1,48.4,-195.6,2099.0,0,291.4,-258.6,1886.3,1,101.5,-782.6,2220.0,1,203.6,-763.6,2058.6,1,
7,0.6025543213,-0.1230340600,0.7885338664,-0.0209814683,0.9852578044,0.1697576344,-0.7978011966,-0.1188333631,0.5910944343,1,96.5,431.2,1981.8,1,0.6025543213,-0.1230340600,0.7885338664,-0.0209814683,0.9852578044,0.1697576344,-0.7978011966,-0.1188333631,0.5910944343,1,119.0,250.9,2003.6,1,0.6060947180,-0.1295187473,0.7847731709,-0.0485139228,0.9787924886,0.1990039051,-0.7939108014,-0.1586881280,0.5869620442,1,141.6,80.2,2031.2,1,-0.0000013113,-1.0000001192,0.0000000000,1.0000001192,-0.0000013113,0.0000000000,-0.0000000000,0.0000000000,1.0000000000,0,44.4,256.9,2101.3,1,0.0000197291,-0.9999990463,0.0000000000,0.9999990463,0.0000197291,-0.0000000000,0.0000000000,0.0000000000,1.0000000000,0,44.4,28.8,2101.3,0,0.4135173261,-0.1742531508,0.8936662078,-0.9073117971,0.0031543002,0.4204465151,-0.0760830194,-0.9846957922,-0.1567975879,1,193.6,245.0,1905.8,1,-0.0761588514,-0.1730883569,0.9819574356,-0.9970771074,0.0192461088,-0.0739390180,-0.0061008753,-0.9847183824,-0.1740481704,1,306.0,-1.7,1885.1,1,0.2036231607,0.0962906480,0.9743026495,-0.2485433072,0.9676350951,-0.0436876789,-0.9469761252,-0.2332606018,0.2209652960,1,115.4,-86.6,2122.8,1,0.1962855011,-0.0583808050,0.9788073301,-0.0279678926,0.9974864721,0.0651034862,-0.9801478982,-0.0401540436,0.1941593587,1,81.8,-424.1,2204.2,1,0.3642855287,0.1393617988,0.9208009839,-0.0421528555,0.9901939631,-0.1331879050,-0.9303328991,0.0097040338,0.3665878475,1,213.0,-94.4,1995.0,1,0.3817968965,-0.1248506382,0.9157747626,-0.1397469938,0.9716444612,0.1907296479,-0.9136201739,-0.2007967681,0.3535233438,1,164.4,-439.8,1991.6,1,44.4,-199.3,2101.3,0,286.5,-257.4,1883.6,1,103.0,-786.4,2218.8,1,206.2,-765.8,2059.0,1,
8,0.6000378728,-0.1293717474,0.7894379497,-0.0057364702,0.9861114025,0.1659585387,-0.7999502420,-0.1041104347,0.5909664631,1,90.7,431.0,1990.9,1,0.6000378728,-0.1293717474,0.7894379497,-0.0057364702,0.9861114025,0.1659585387,-0.7999502420,-0.1041104347,0.5909664631,1,114.5,250.0,2010.0,1,0.6038261652,-0.1374731362,0.7851687670,-0.0336444043,0.9797388911,0.1974098831,-0.7964049578,-0.1456181556,0.5869712234,1,138.4,79.1,2035.4,1,-0.0000013113,-1.0000001192,0.0000000000,1.0000001192,-0.0000013113,0.0000000000,-0.0000000000,0.0000000000,1.0000000000,0,40.1,254.2,2108.0,1,0.0000197291,-0.9999990463,0.0000000000,0.9999990463,0.0000197291,-0.0000000000,0.0000000000,0.0000000000,1.0000000000,0,40.1,26.0,2108.0,0,0.4119127393,-0.1765993237,0.8939465880,-0.9072073698,0.0125235841,0.4204971194,-0.0854549259,-0.9842030406,-0.1550536007,1,188.8,245.9,1912.0,1,-0.0825906172,-0.1740915030,0.9812598825,-0.9961470962,0.0435605794,-0.0761152729,-0.0294932239,-0.9837655425,-0.1770184338,1,301.5,-2.4,1888.6,1,0.2013449818,0.0948896855,0.9749133587,-0.2457696199,0.9683520198,-0.0434932299,-0.9481863976,-0.2308469564,0.2182938308,1,113.8,-89.0,2124.9,1,0.1930015683,-0.0622210801,0.9792236090,-0.0243582241,0.9973759651,0.0681754127,-0.9808960557,-0.0370101146,0.1909795254,1,80.7,-426.8,2205.4,1,0.3607921600,0.1399009228,0.9220937490,-0.0327772871,0.9899766445,-0.1373752654,-0.9320701957,0.0193401799,0.3617613316,1,211.0,-94.4,1996.7,1,0.3778631091,-0.1225645840,0.9177131057,-0.1308222860,0.9741865993,0.1839722395,-0.9165723324,-0.1895736456,0.3520750701,1,162.2,-439.8,1989.9,1,40.1,-202.1,2108.0,0,280.5,-255.9,1881.1,1,103.1,-785.6,2218.7,1,203.3,-766.6,2053.5,1,
9,0.5910008550,-0.1369038075,0.7949655652,0.0028247405,0.9858344197,0.1676701158,-0.8066653013,-0.0968479812,0.5830199122,1,86.9,430.8,1996.4,1,0.5910008550,-0.1369038075,0.7949655652,0.0028247405,0.9858344197,0.1676701158,-0.8066653013,-0.0968479812,0.5830199122,1,112.1,249.8,2014.2,1,0.5953090191,-0.1420256943,0.7908418179,-0.0275396835,0.9800652266,0.1967346668,-0.8030239940,-0.1388977617,0.5795347095,1,136.9,78.8,2038.4,1,-0.0000013113,-1.0000001192,0.0000000000,1.0000001192,-0.0000013113,0.0000000000,-0.0000000000,0.0000000000,1.0000000000,0,38.8,253.2,2113.1,1,0.0000197291,-0.9999990463,0.0000000000,0.9999990463,0.0000197291,-0.0000000000,0.0000000000,0.0000000000,1.0000000000,0,38.8,25.0,2113.1,0,0.4123979509,-0.1908814609,0.8907818794,-0.9051100016,0.0251953900,0.4244304001,-0.1034594700,-0.9812898040,-0.1623781919,1,185.4,246.4,1915.4,1,-0.0878805742,-0.1894789487,0.9779441357,-0.9957212210,0.0448657870,-0.0807852224,-0.0285691321,-0.9808591604,-0.1926110536,1,297.2,0.8,1887.3,1,0.1921418607,0.0941971838,0.9768359661,-0.2372603118,0.9703133702,-0.0468995348,-0.9522547722,-0.2227530181,0.2087870538,1,113.7,-89.9,2127.3,1,0.1820330173,-0.0712526068,0.9807075262,-0.0277317856,0.9966022968,0.0775548518,-0.9829013944,-0.0413143076,0.1794385761,1,80.8,-428.4,2205.0,1,0.3522655964,0.1380391121,0.9256641865,-0.0163578503,0.9898200035,-0.1413812786,-0.9357571006,0.0346618854,0.3509376049,1,209.5,-94.4,1998.0,1,0.3777981400,-0.1391745657,0.9153681993,-0.1474483311,0.9669777751,0.2078774124,-0.9140719771,-0.2135052234,0.3448013067,1,161.4,-439.6,1985.9,1,38.8,-203.1,2113.1,0,275.0,-251.6,1880.0,1,106.2,-783.5,2219.7,1,208.1,-763.9,2057.5,1,
10,0.5876860619,-0.1419264674,0.7965405583,0.0140283667,0.9861299396,0.1653532982,-0.8089665771,-0.0860019624,0.5815300941,1,84.7,431.3,2001.2,1,0.5876860619,-0.1419264674,0.7965405583,0.0140283667,0.9861299396,0.1653532982,-0.8089665771,-0.0860019624,0.5815300941,1,110.8,250.0,2017.0,1,0.5921457410,-0.1493550837,0.7918657660,-0.0160784442,0.9802845716,0.1969124228,-0.8056696057,-0.1293330640,0.5780743361,1,136.8,79.0,2039.6,1,-0.0000013113,-1.0000001192,0.0000000000,1.0000001192,-0.0000013113,0.0000000000,-0.0000000000,0.0000000000,1.0000000000,0,37.9,251.9,2116.2,1,0.0000197291,-0.9999990463,0.0000000000,0.9999990463,0.0000197291,-0.0000000000,0.0000000000,0.0000000000,1.0000000000,0,37.9,23.8,2116.2,0,0.4113223851,-0.1666521430,0.8961256146,-0.9031497836,0.0581772365,0.4253657162,-0.1230221987,-0.9842981100,-0.1265822351,1,183.7,248.0,1917.8,1,-0.1062712371,-0.1666521430,0.9802722335,-0.9935027361,0.0581772327,-0.0978150889,-0.0407284275,-0.9842980504,-0.1717519164,1,294.6,4.4,1884.7,1,0.1892325133,0.0975217670,0.9770775437,-0.2334398180,0.9709957242,-0.0517039858,-0.9537803531,-0.2183047384,0.2065093964,1,115.2,-90.7,2127.0,1,0.1776192337,-0.0785448328,0.9809597135,-0.0267154798,0.9960575700,0.0845909789,-0.9837365150,-0.0412317999,0.1748206168,1,81.2,-429.5,2203.1,1,0.3467086256,0.1353087872,0.9281620383,-0.0185306650,0.9903352857,-0.1374505162,-0.9377898574,0.0304558128,0.3458651602,1,210.6,-93.3,1997.3,1,0.3720594049,-0.1560882926,0.9149908423,-0.1384534240,0.9653992057,0.2209862918,-0.9178248048,-0.2089036405,0.3375749290,1,163.4,-438.8,1986.6,1,37.9,-204.3,2116.2,0,267.7,-247.3,1874.3,1,109.2,-784.6,2217.8,1,215.7,-762.5,2056.7,1,
11,0.5889047980,-0.1464715451,0.7948156595,0.0230763890,0.9860830307,0.1646170020,-0.8078719378,-0.0786025226,0.5840932727,1,83.1,432.4,2003.6,1,0.5889047980,-0.1464715451,0.7948156595,0.0230763890,0.9860830307,0.1646170020,-0.8078719378,-0.0786025226,0.5840932727,1,110.0,251.2,2018.0,1,0.5932583213,-0.1580547988,0.7893402576,-0.0050276713,0.9797857404,0.1999637932,-0.8049954772,-0.1225989312,0.5804758072,1,137.6,80.3,2039.4,1,-0.0000013113,-1.0000001192,0.0000000000,1.0000001192,-0.0000013113,0.0000000000,-0.0000000000,0.0000000000,1.0000000000,0,37.0,251.8,2117.1,1,0.0000197291,-0.9999990463,0.0000000000,0.9999990463,0.0000197291,-0.0000000000,0.0000000000,0.0000000000,1.0000000000,0,37.0,23.7,2117.1,0,0.4057869017,-0.1597649157,0.8998956680,-0.9038119316,0.0762274861,0.4210860431,-0.1358715594,-0.9842076302,-0.1134653091,1,183.0,250.6,1918.9,1,-0.1169715673,-0.1597649157,0.9802004695,-0.9914518595,0.0762274936,-0.1058897674,-0.0578007475,-0.9842076898,-0.1673156619,1,292.3,7.2,1882.3,1,0.1918417364,0.1042329744,0.9758750796,-0.2317179441,0.9710426331,-0.0581646897,-0.9536789656,-0.2149693817,0.2104391158,1,117.4,-90.2,2125.6,1,0.1788491607,-0.0867848098,0.9800415039,-0.0303230304,0.9951426983,0.0936557502,-0.9834089875,-0.0464680828,0.1753488779,1,81.0,-429.0,2200.6,1,0.3464755714,0.1327077150,0.9286245108,-0.0205516126,0.9907787442,-0.1339221299,-0.9378339052,0.0273160134,0.3460080028,1,212.9,-91.0,1996.0,1,0.3735298216,-0.1560045928,0.9144058824,-0.1496198773,0.9627171755,0.2253657430,-0.9154723287,-0.2209941149,0.3362621069,1,166.6,-436.7,1986.5,1,37.0,-204.4,2117.1,0,262.7,-243.3,1867.7,1,112.0,-784.4,2217.2,1,218.9,-759.6,2060.6,1,
12,0.5814052224,-0.1546135247,0.7987848520,0.0273835827,0.9849361777,0.1707097739,-0.8131522536,-0.0773782134,0.5768851638,1,80.3,434.0,2004.8,1,0.5814052224,-0.1546135247,0.7987848520,0.0273835827,0.9849361777,0.1707097739,-0.8131522536,-0.0773782134,0.5768851638,1,108.7,252.9,2019.0,1,0.5861067176,-0.1646342725,0.7933279872,-0.0015371207,0.9789071083,0.2042780519,-0.8102315068,-0.1209483668,0.5734952688,1,137.5,82.1,2040.1,1,-0.0000013113,-1.0000001192,0.0000000000,1.0000001192,-0.0000013113,0.0000000000,-0.0000000000,0.0000000000,1.0000000000,0,36.6,253.1,2118.7,1,0.0000197291,-0.9999990463,0.0000000000,0.9999990463,0.0000197291,-0.0000000000,0.0000000000,0.0000000000,1.0000000000,0,36.6,24.9,2118.7,0,0.4011919796,-0.1718939096,0.8997207880,-0.9036381245,0.0865155309,0.4194677770,-0.1499437690,-0.9813091159,-0.1206205487,1,180.9,252.7,1919.2,1,-0.1209099442,-0.1718939245,0.9776673317,-0.9904575348,0.0865155309,-0.1072805375,-0.0661425292,-0.9813092351,-0.1807141900,1,288.1,11.1,1879.2,1,0.1847263873,0.1075132042,0.9768915772,-0.2299031317,0.9711457491,-0.0634070560,-0.9555212259,-0.2128774524,0.2041138709,1,119.0,-88.5,2126.4,1,0.1715283245,-0.0895626396,0.9810996652,-0.0368781872,0.9945774674,0.0972405151,-0.9844887257,-0.0528606810,0.1672952920,1,81.5,-427.3,2200.7,1,0.3367285430,0.1327232420,0.9322009087,-0.0299761351,0.9910252690,-0.1302704811,-0.9411246181,0.0159220099,0.3376849890,1,213.4,-88.8,1996.0,1,0.3625516891,-0.1517448127,0.9195269346,-0.1578457803,0.9624027610,0.2210559100,-0.9184993505,-0.2252876461,0.3249684274,1,167.0,-434.5,1990.4,1,36.6,-203.2,2118.7,0,257.6,-238.8,1862.5,1,113.5,-783.3,2219.6,1,217.9,-757.3,2066.0,1,
13,0.5792031884,-0.1594522893,0.7994331717,0.0285168774,0.9840423465,0.1756089628,-0.8146833181,-0.0789161474,0.5745117068,1,78.4,433.8,2004.4,1,0.5792031884,-0.1594522893,0.7994331717,0.0285168774,0.9840423465,0.1756089628,-0.8146833181,-0.0789161474,0.5745117068,1,107.8,252.4,2018.9,1,0.5837309957,-0.1674086899,0.7944980860,0.0013279440,0.9787054658,0.2052434981,-0.8119450808,-0.1187521219,0.5715273619,1,137.0,81.6,2039.6,1,-0.0000013113,-1.0000001192,0.0000000000,1.0000001192,-0.0000013113,0.0000000000,-0.0000000000,0.0000000000,1.0000000000,0,36.0,252.2,2118.9,1,0.0000197291,-0.9999990463,0.0000000000,0.9999990463,0.0000197291,-0.0000000000,0.0000000000,0.0000000000,1.0000000000,0,36.0,24.1,2118.9,0,0.3967746496,-0.1990829408,0.8960669637,-0.9033947587,0.0882596821,0.4196285307,-0.1626274288,-0.9760001302,-0.1448312998,1,179.7,252.5,1919.0,1,-0.1554146558,-0.1990829259,0.9675806165,-0.9861756563,0.0882596672,-0.1402417123,-0.0574786142,-0.9760000706,-0.2100476027,1,285.5,11.6,1875.6,1,0.1828086376,0.1092120633,0.9770638943,-0.2249683142,0.9720897675,-0.0665645152,-0.9570634365,-0.2076398283,0.2022756338,1,119.2,-89.2,2125.7,1,0.1702082306,-0.0893312469,0.9813506007,-0.0399313793,0.9944391847,0.0974484906,-0.9845986962,-0.0557732247,0.1656946093,1,81.1,-428.3,2198.2,1,0.3326438963,0.1241235882,0.9348483682,-0.0383583866,0.9922608137,-0.1180975586,-0.9422720671,0.0034251583,0.3348307014,1,213.2,-89.0,1995.0,1,0.3559415340,-0.1405236125,0.9238823652,-0.1629666835,0.9641470313,0.2094335854,-0.9201888442,-0.2251081765,0.3202792704,1,169.9,-435.1,1993.8,1,36.0,-204.1,2118.9,0,246.1,-238.3,1861.0,1,113.2,-785.7,2218.2,1,217.1,-758.5,2069.3,1,
14,0.5734973550,-0.1606917530,0.8032892942,0.0321680084,0.9842301011,0.1739177704,-0.8185746670,-0.0739013553,0.5696266890,1,77.5,435.0,2005.2,1,0.5734973550,-0.1606917530,0.8032892942,0.0321680084,0.9842301011,0.1739177704,-0.8185746670,-0.0739013553,0.5696266890,1,107.1,253.9,2018.8,1,0.5780896544,-0.1695227176,0.7981661558,0.0048669837,0.9788759947,0.2043748796,-0.8159577847,-0.1142624915,0.5667074919,1,136.7,83.1,2038.7,1,-0.0000013113,-1.0000001192,0.0000000000,1.0000001192,-0.0000013113,0.0000000000,-0.0000000000,0.0000000000,1.0000000000,0,35.9,253.3,2119.2,1,0.0000197291,-0.9999990463,0.0000000000,0.9999990463,0.0000197291,-0.0000000000,0.0000000000,0.0000000000,1.0000000000,0,35.9,25.2,2119.2,0,0.3908374012,-0.1938234419,0.8998214006,-0.9048746824,0.0982257277,0.4141902328,-0.1686654091,-0.9761066437,-0.1369956285,1,178.3,254.5,1918.3,1,-0.1794528961,-0.1938234717,0.9644839168,-0.9817371368,0.0982257426,-0.1629235148,-0.0631587431,-0.9761067629,-0.2079105526,1,283.7,10.3,1872.8,1,0.1749009788,0.1194464117,0.9773137569,-0.2349878103,0.9689930081,-0.0763758197,-0.9561330080,-0.2162986100,0.1975462735,1,119.7,-88.0,2124.3,1,0.1585802287,-0.1015145332,0.9821135998,-0.0315270945,0.9936726689,0.1077999249,-0.9868426919,-0.0480581261,0.1543763578,1,78.0,-426.1,2199.8,1,0.3234954774,0.1170020923,0.9389681816,-0.0567362718,0.9929387569,-0.1041803136,-0.9445272088,-0.0195716918,0.3278494775,1,212.8,-87.2,1992.9,1,0.3409849107,-0.1357650459,0.9302134514,-0.1546787471,0.9679270387,0.1979693323,-0.9272561073,-0.2113888264,0.3090485036,1,172.0,-433.5,1999.8,1,35.9,-203.0,2119.2,0,238.2,-238.7,1856.8,1,114.5,-782.8,2217.0,1,217.5,-758.2,2070.7,1,
15,0.5610975623,-0.1562217921,0.8128708005,0.0436135232,0.9862405062,0.1594321281,-0.8265990019,-0.0540048741,0.5601946712,1,77.4,436.6,2011.1,1,0.5610975623,-0.1562217921,0.8128708005,0.0436135232,0.9862405062,0.1594321281,-0.8265990019,-0.0540048741,0.5601946712,1,106.1,255.4,2021.0,1,0.5656434298,-0.1654372364,0.8078816533,0.0158019066,0.9816608429,0.1899559796,-0.8244975805,-0.0946813002,0.5578885674,1,135.0,84.2,2037.5,1,-0.0000013113,-1.0000001192,0.0000000000,1.0000001192,-0.0000013113,0.0000000000,-0.0000000000,0.0000000000,1.0000000000,0,36.5,253.5,2122.5,1,0.0000197291,-0.9999990463,0.0000000000,0.9999990463,0.0000197291,-0.0000000000,0.0000000000,0.0000000000,1.0000000000,0,36.5,25.4,2122.5,0,0.3765802979,-0.1873596907,0.9072395563,-0.9099566936,0.1087995097,0.4001769423,-0.1736842543,-0.9762474298,-0.1295174360,1,175.7,257.4,1919.5,1,-0.1730362922,-0.1873596758,0.9669305682,-0.9819612503,0.1087995097,-0.1546442658,-0.0762274787,-0.9762474298,-0.2028061897,1,277.8,10.6,1872.4,1,0.1563379467,0.1269661784,0.9795089960,-0.2396978438,0.9669345021,-0.0870784074,-0.9581770301,-0.2211725712,0.1816020757,1,118.3,-88.3,2120.4,1,0.1361504942,-0.1164043322,0.9838258028,-0.0321229622,0.9920322299,0.1218207553,-0.9901673794,-0.0481893495,0.1313264072,1,74.0,-425.6,2197.6,1,0.3052476346,0.1128309444,0.9455649853,-0.0717510357,0.9928582311,-0.0953115895,-0.9495660663,-0.0387516208,0.3111633956,1,209.4,-85.7,1987.6,1,0.3190772235,-0.1403724551,0.9372754097,-0.1472246647,0.9696227908,0.1953368038,-0.9362235069,-0.2003175914,0.2887182832,1,170.0,-432.0,2001.1,1,36.5,-202.8,2122.5,0,234.0,-238.0,1853.1,1,115.6,-780.3,2214.8,1,217.1,-757.2,2068.3,1,
16,0.5699613094,-0.1648112833,0.8049695492,0.0597743094,0.9853942394,0.1594245732,-0.8194934130,-0.0427493565,0.5714924335,1,77.2,433.7,2009.5,1,0.5699613094,-0.1648112833,0.8049695492,0.0597743094,0.9853942394,0.1594245732,-0.8194934130,-0.0427493565,0.5714924335,1,107.5,252.9,2017.4,1,0.5747645497,-0.1781111956,0.7986969948,0.0322431624,0.9801931977,0.1953783333,-0.8176823854,-0.0865439847,0.5691275597,1,138.5,82.0,2032.5,1,-0.0000013113,-1.0000001192,0.0000000000,1.0000001192,-0.0000013113,0.0000000000,-0.0000000000,0.0000000000,1.0000000000,0,36.7,249.0,2118.0,1,0.0000197291,-0.9999990463,0.0000000000,0.9999990463,0.0000197291,-0.0000000000,0.0000000000,0.0000000000,1.0000000000,0,36.7,20.9,2118.0,0,0.3533094525,-0.1815178245,0.9177275300,-0.9196472764,0.1124763042,0.3762952387,-0.1715268791,-0.9769343138,-0.1271934211,1,178.2,256.9,1916.7,1,-0.1869781613,-0.1815178245,0.9654483795,-0.9792622924,0.1124762893,-0.1685064137,-0.0780031234,-0.9769341946,-0.1987841874,1,272.9,10.3,1870.7,1,0.1683847755,0.1244021952,0.9778397679,-0.2457393259,0.9659811258,-0.0805770084,-0.9545987248,-0.2267257571,0.1932270229,1,123.3,-91.6,2113.4,1,0.1475583315,-0.1188545674,0.9818860292,-0.0353370979,0.9914859533,0.1253270954,-0.9884218574,-0.0531900562,0.1421020478,1,79.9,-428.6,2192.5,1,0.3146731257,0.0978697985,0.9441411495,-0.0817934424,0.9937662482,-0.0757529959,-0.9456695318,-0.0533871092,0.3207166195,1,215.8,-86.4,1981.7,1,0.3269688487,-0.1352801919,0.9353024364,-0.1515962929,0.9693763852,0.1932045519,-0.9327968359,-0.2049602419,0.2964479029,1,181.7,-432.9,2000.3,1,36.7,-207.3,2118.0,0,225.5,-237.9,1851.0,1,122.1,-780.3,2211.3,1,227.1,-758.1,2069.1,1,
17,0.5692595840,-0.1700892895,0.8043678999,0.0676173493,0.9847332835,0.1603714526,-0.8193715215,-0.0369037278,0.5720742345,1,76.5,434.5,2008.2,1,0.5692595840,-0.1700892895,0.8043678999,0.0676173493,0.9847332835,0.1603714526,-0.8193715215,-0.0369037278,0.5720742345,1,107.7,253.8,2015.0,1,0.5735674500,-0.1866437346,0.7976084352,0.0439000577,0.9792972207,0.1975869089,-0.8179800510,-0.0783142820,0.5698911548,1,140.2,83.0,2028.7,1,-0.0000013113,-1.0000001192,0.0000000000,1.0000001192,-0.0000013113,0.0000000000,-0.0000000000,0.0000000000,1.0000000000,0,37.1,248.4,2115.7,1,0.0000197291,-0.9999990463,0.0000000000,0.9999990463,0.0000197291,-0.0000000000,0.0000000000,0.0000000000,1.0000000000,0,37.1,20.3,2115.7,0,0.3379679918,-0.1906246543,0.9216507077,-0.9254497886,0.1108553708,0.3622893989,-0.1712311953,-0.9753836989,-0.1389480084,1,178.3,259.2,1914.3,1,-0.2123849094,-0.1906246692,0.9584127665,-0.9747275114,0.1108553857,-0.1939516217,-0.0692732409,-0.9753836989,-0.2093511522,1,270.0,8.2,1867.9,1,0.1652128845,0.1419914216,0.9759830832,-0.2681081593,0.9587817192,-0.0941039324,-0.9491166472,-0.2461218685,0.1964721680,1,126.6,-91.3,2108.2,1,0.1407937258,-0.1264998019,0.9819241166,-0.0384052172,0.9903591275,0.1330932379,-0.9892938137,-0.0564496964,0.1345780939,1,77.1,-425.7,2194.0,1,0.3116005063,0.1110670865,0.9436997771,-0.0983640254,0.9915800691,-0.0842234194,-0.9451083541,-0.0665820464,0.3199018240,1,218.9,-84.3,1976.5,1,0.3227755427,-0.1319389194,0.9372342825,-0.1626891345,0.9677635431,0.1922654361,-0.9323884845,-0.2145364136,0.2909053564,1,180.2,-430.1,1999.7,1,37.1,-207.8,2115.7,0,216.1,-238.8,1850.3,1,121.8,-775.8,2214.0,1,224.5,-754.7,2071.7,1,
18,0.5845449567,-0.1742020994,0.7924364805,0.0726202577,0.9839885235,0.1627385020,-0.8081037402,-0.0375809744,0.5878404975,1,78.3,436.4,2002.6,1,0.5845449567,-0.1742020994,0.7924364805,0.0726202577,0.9839885235,0.1627385020,-0.8081037402,-0.0375809744,0.5878404975,1,110.3,255.9,2009.5,1,0.5883648396,-0.1915538013,0.7855754495,0.0521244779,0.9784952402,0.1995520443,-0.8069126010,-0.0764615983,0.5857013464,1,143.7,85.2,2022.8,1,-0.0000013113,-1.0000001192,0.0000000000,1.0000001192,-0.0000013113,0.0000000000,-0.0000000000,0.0000000000,1.0000000000,0,37.8,249.5,2108.8,1,0.0000197291,-0.9999990463,0.0000000000,0.9999990463,0.0000197291,-0.0000000000,0.0000000000,0.0000000000,1.0000000000,0,37.8,21.3,2108.8,0,0.3092454374,-0.1682320237,0.9359835386,-0.9360749125,0.1197372228,0.3307969868,-0.1677227318,-0.9784482121,-0.1204496026,1,182.7,262.3,1910.2,1,-0.2230922133,-0.1682320535,0.9601708055,-0.9714656472,0.1197372302,-0.2047373652,-0.0805247948,-0.9784482718,-0.1901441216,1,267.0,7.1,1864.4,1,0.1821531951,0.1462613195,0.9723311663,-0.2779111266,0.9562127590,-0.0917738229,-0.9431784153,-0.2535047531,0.2148249000,1,129.7,-89.7,2101.1,1,0.1594908535,-0.1194855273,0.9799417853,-0.0455474518,0.9907004237,0.1282104701,-0.9861480594,-0.0650822446,0.1525654346,1,78.7,-423.2,2189.5,1,0.3261357248,0.1191533282,0.9377835989,-0.1228564680,0.9889535308,-0.0829287618,-0.9373056889,-0.0881667435,0.3371718228,1,224.4,-81.3,1971.2,1,0.3325047195,-0.1336737871,0.9335802197,-0.1556413025,0.9685531259,0.1941147149,-0.9301700592,-0.2098476887,0.3012433648,1,182.9,-426.2,2002.0,1,37.8,-206.8,2108.8,0,210.5,-238.9,1844.1,1,120.9,-772.8,2212.5,1,227.7,-751.1,2072.4,1,
19,0.5960153341,-0.1773356050,0.7831427455,0.0757965446,0.9833745360,0.1649868339,-0.7993863225,-0.0389751121,0.5995521545,1,78.6,437.9,1998.8,1,0.5960153341,-0.1773356050,0.7831427455,0.0757965446,0.9833745360,0.1649868339,-0.7993863225,-0.0389751121,0.5995521545,1,111.2,257.4,2005.9,1,0.5992804766,-0.1986820102,0.7754890323,0.0587738901,0.9770141840,0.2048900872,-0.7983773947,-0.0772080272,0.5971873999,1,145.8,87.0,2019.4,1,-0.0000013113,-1.0000001192,0.0000000000,1.0000001192,-0.0000013113,0.0000000000,-0.0000000000,0.0000000000,1.0000000000,0,37.4,250.2,2104.2,1,0.0000197291,-0.9999990463,0.0000000000,0.9999990463,0.0000197291,-0.0000000000,0.0000000000,0.0000000000,1.0000000000,0,37.4,22.1,2104.2,0,0.2951738238,-0.1807644963,0.9381879568,-0.9400361776,0.1206877083,0.3190086782,-0.1708931923,-0.9760936499,-0.1343012899,1,184.9,264.7,1907.7,1,-0.2311686873,-0.1807644814,0.9559735060,-0.9698534608,0.1206876934,-0.2117043436,-0.0771056116,-0.9760936499,-0.2032142878,1,266.0,6.5,1860.7,1,0.1940447539,0.1569038779,0.9683634639,-0.2985675633,0.9497423172,-0.0940584540,-0.9344538450,-0.2708703578,0.2311389148,1,132.3,-88.2,2097.1,1,0.1697316617,-0.1205412745,0.9780904651,-0.0455150791,0.9904733300,0.1299657375,-0.9844387770,-0.0665771663,0.1626282185,1,77.5,-419.4,2191.6,1,0.3374063075,0.1245184243,0.9330874085,-0.1431923360,0.9864673018,-0.0798632205,-0.9304046631,-0.1066646203,0.3506703973,1,228.7,-78.7,1968.6,1,0.3396419883,-0.1257215738,0.9321145415,-0.1488659978,0.9713489413,0.1852569282,-0.9286993146,-0.2016811669,0.3111952245,1,185.3,-422.7,2005.8,1,37.4,-206.1,2104.2,0,207.4,-239.2,1841.2,1,120.4,-771.7,2215.3,1,227.5,-748.6,2073.5,1,
20,0.5947393179,-0.1852291822,0.7822850347,0.0806720182,0.9819294810,0.1711652726,-0.7998594046,-0.0386901386,0.5989394188,1,76.9,434.5,1997.4,1,0.5947393179,-0.1852291822,0.7822850347,0.0806720182,0.9819294810,0.1711652726,-0.7998594046,-0.0386901386,0.5989394188,1,110.9,254.3,2004.5,1,0.5986906886,-0.2036144584,0.7746647000,0.0607770570,0.9759059548,0.2095343173,-0.7986698151,-0.0783643201,0.5966455340,1,146.4,84.1,2018.1,1,-0.0000013113,-1.0000001192,0.0000000000,1.0000001192,-0.0000013113,0.0000000000,-0.0000000000,0.0000000000,1.0000000000,0,37.2,246.9,2102.8,1,0.0000197291,-0.9999990463,0.0000000000,0.9999990463,0.0000197291,-0.0000000000,0.0000000000,0.0000000000,1.0000000000,0,37.2,18.7,2102.8,0,0.3020169437,-0.1792502105,0.9362987280,-0.9372159839,0.1238398254,0.3260214031,-0.1743904501,-0.9759781361,-0.1305944324,1,184.6,261.8,1906.1,1,-0.2427091748,-0.1792502254,0.9533948898,-0.9669488072,0.1238398254,-0.2228762358,-0.0781176239,-0.9759781361,-0.2033828348,1,266.5,7.8,1858.9,1,0.1946687251,0.1597745419,0.9677686691,-0.3020587265,0.9484606981,-0.0958271250,-0.9332013130,-0.2736684084,0.2328969240,1,133.7,-91.0,2096.1,1,0.1716691405,-0.1172009036,0.9781582952,-0.0561472625,0.9901203513,0.1284881383,-0.9835533500,-0.0769783556,0.1633925885,1,78.0,-421.9,2191.5,1,0.3362355232,0.1241199002,0.9335630536,-0.1552140266,0.9850252867,-0.0750594884,-0.9288995862,-0.1196644008,0.3504655957,1,230.1,-81.2,1967.5,1,0.3363406658,-0.1084083617,0.9354798794,-0.1453687251,0.9754697680,0.1653081775,-0.9304531217,-0.1915893853,0.3123309314,1,186.8,-424.8,2009.2,1,37.2,-209.4,2102.8,0,204.9,-237.6,1839.0,1,119.9,-776.0,2219.1,1,223.2,-752.0,2073.5,1,
21,0.6067584157,-0.1864911914,0.7726964951,0.0795447528,0.9814506769,0.1744078100,-0.7908948064,-0.0443594456,0.6103424430,1,78.9,429.8,1991.6,1,0.6067584157,-0.1864911914,0.7726964951,0.0795447528,0.9814506769,0.1744078100,-0.7908948064,-0.0443594456,0.6103424430,1,113.1,250.2,1999.8,1,0.6105944514,-0.2057697773,0.7647404671,0.0604128763,0.9749395847,0.2140886486,-0.7896343470,-0.0845211297,0.6077285409,1,149.0,80.1,2014.5,1,-0.0000013113,-1.0000001192,0.0000000000,1.0000001192,-0.0000013113,0.0000000000,-0.0000000000,0.0000000000,1.0000000000,0,37.9,242.8,2097.0,1,0.0000197291,-0.9999990463,0.0000000000,0.9999990463,0.0000197291,-0.0000000000,0.0000000000,0.0000000000,1.0000000000,0,37.9,14.6,2097.0,0,0.2944789529,-0.1678434759,0.9408032298,-0.9405452609,0.1234827042,0.3164280355,-0.1692833155,-0.9780493975,-0.1215013191,1,188.2,257.6,1902.6,1,-0.2455583066,-0.1678435057,0.9547407031,-0.9660890102,0.1234827340,-0.2267688364,-0.0798323005,-0.9780494571,-0.1924739629,1,266.7,6.9,1857.4,1,0.2087305933,0.1670846790,0.9635944366,-0.3111891747,0.9454331398,-0.0965268090,-0.9271422625,-0.2797120512,0.2493357807,1,135.7,-94.8,2092.8,1,0.1847245991,-0.1185661778,0.9756120443,-0.0526328422,0.9900779128,0.1302898526,-0.9813799262,-0.0754169747,0.1766512841,1,77.4,-424.6,2190.4,1,0.3512139022,0.1183784157,0.9287816882,-0.1543019712,0.9857297540,-0.0672882944,-0.9234932661,-0.1196802557,0.3644680381,1,234.0,-85.1,1965.7,1,0.3525300622,-0.1040452495,0.9299984574,-0.1535238028,0.9739046693,0.1671528816,-0.9231212735,-0.2017033249,0.3273572624,1,192.7,-428.9,2007.4,1,37.9,-213.5,2097.0,0,204.5,-238.1,1837.2,1,119.7,-777.8,2217.3,1,227.6,-755.6,2075.1,1,
22,0.6077416539,-0.1894762963,0.7711961865,0.0618662424,0.9794604182,0.1918872148,-0.7917198539,-0.0689070150,0.6069856882,1,78.7,429.8,1983.3,1,0.6077416539,-0.1894762963,0.7711961865,0.0618662424,0.9794604182,0.1918872148,-0.7917198539,-0.0689070150,0.6069856882,1,113.5,250.1,1995.9,1,0.6120218635,-0.2030586302,0.7643240094,0.0405736305,0.9732601047,0.2260740548,-0.7897979021,-0.1073510051,0.6039000154,1,148.9,80.4,2014.7,1,-0.0000013113,-1.0000001192,0.0000000000,1.0000001192,-0.0000013113,0.0000000000,-0.0000000000,0.0000000000,1.0000000000,0,38.1,245.1,2093.1,1,0.0000197291,-0.9999990463,0.0000000000,0.9999990463,0.0000197291,-0.0000000000,0.0000000000,0.0000000000,1.0000000000,0,38.1,17.0,2093.1,0,0.3108912408,-0.1954600811,0.9301301241,-0.9343653321,0.1164005473,0.3367675543,-0.1740922630,-0.9737793803,-0.1464432180,1,188.8,255.1,1898.7,1,-0.2706075907,-0.1954600960,0.9426383376,-0.9607848525,0.1164005250,-0.2516809404,-0.0605300106,-0.9737793803,-0.2192939818,1,271.9,5.4,1852.2,1,0.2103327215,0.1688796282,0.9629328847,-0.3278856277,0.9401032925,-0.0932559446,-0.9210054278,-0.2961170971,0.2531077266,1,135.0,-92.6,2097.0,1,0.1858696938,-0.1160828397,0.9756931663,-0.0458629355,0.9908895493,0.1266277134,-0.9815034270,-0.0682844147,0.1788524240,1,76.1,-420.6,2200.2,1,0.3549228609,0.1264107376,0.9263098836,-0.1555850804,0.9849861264,-0.0748044550,-0.9218584895,-0.1175702065,0.3692616820,1,233.6,-86.1,1969.8,1,0.3572207689,-0.0993407965,0.9287220836,-0.1631701589,0.9724000096,0.1667740941,-0.9196568131,-0.2111148983,0.3311520815,1,189.5,-429.7,2010.8,1,38.1,-211.1,2093.1,0,203.7,-236.7,1836.9,1,117.2,-771.3,2224.4,1,222.8,-755.9,2081.6,1,
23,0.5955711603,-0.1849902421,0.7817085385,0.0559778586,0.9803107977,0.1893365085,-0.8013484478,-0.0690051615,0.5942047238,1,79.2,435.2,1983.6,1,0.5955711603,-0.1849902421,0.7817085385,0.0559778586,0.9803107977,0.1893365085,-0.8013484478,-0.0690051615,0.5942047238,1,113.3,254.7,1996.3,1,0.5993319154,-0.2011359930,0.7748163342,0.0369454063,0.9738339186,0.2242175341,-0.7996462584,-0.1057549417,0.5910853744,1,148.4,84.9,2014.8,1,-0.0000013113,-1.0000001192,0.0000000000,1.0000001192,-0.0000013113,0.0000000000,-0.0000000000,0.0000000000,1.0000000000,0,39.5,250.2,2094.7,1,0.0000197291,-0.9999990463,0.0000000000,0.9999990463,0.0000197291,-0.0000000000,0.0000000000,0.0000000000,1.0000000000,0,39.5,22.1,2094.7,0,0.3073021173,-0.1822518259,0.9339966774,-0.9365184903,0.1161947623,0.3308050632,-0.1688153297,-0.9763622284,-0.1349752992,1,187.1,259.3,1897.9,1,-0.2649041116,-0.1822518408,0.9468950629,-0.9620783925,0.1161947697,-0.2467874587,-0.0650467724,-0.9763622880,-0.2061209977,1,270.4,5.2,1852.1,1,0.1981188357,0.1574996710,0.9674413204,-0.3075084984,0.9471623898,-0.0912246853,-0.9306918979,-0.2794231176,0.2360831946,1,135.2,-88.0,2097.6,1,0.1774088442,-0.1071535721,0.9782863259,-0.0516810343,0.9916688800,0.1179915592,-0.9827793241,-0.0714915991,0.1703930050,1,80.3,-418.3,2195.0,1,0.3427336514,0.1215078533,0.9315415025,-0.1321549118,0.9879755378,-0.0802464038,-0.9300907850,-0.0956046358,0.3546702862,1,231.7,-82.0,1968.8,1,0.3490025103,-0.0938211307,0.9324134588,-0.1767247915,0.9705340266,0.1638050228,-0.9203073978,-0.2219489366,0.3221382797,1,189.3,-426.6,2002.2,1,39.5,-206.1,2094.7,0,203.9,-236.4,1835.8,1,118.1,-768.6,2220.3,1,220.8,-752.2,2076.6,1,
