1,0.7085310817,-0.1201770455,0.6953710318,-0.0613208152,0.9711794853,0.2303249240,-0.7030101418,-0.2058329731,0.6807411909,1,227.6,408.6,1854.2,1,0.7085310817,-0.1201770455,0.6953710318,-0.0613208152,0.9711794853,0.2303249240,-0.7030101418,-0.2058329731,0.6807411909,1,251.8,213.1,1895.6,1,0.7106153965,-0.0784610361,0.6991919875,-0.0817710757,0.9778177738,0.1928346753,-0.6988126636,-0.1942048371,0.6884362102,1,267.3,20.4,1933.9,1,-0.0000026226,-1.0000003576,0.0000000000,1.0000003576,-0.0000026226,0.0000000000,-0.0000000000,0.0000000000,1.0000000000,0,153.6,224.4,1992.1,1,0.0000197291,-0.9999990463,0.0000000000,0.9999990463,0.0000197291,-0.0000000000,0.0000000000,0.0000000000,1.0000000000,0,153.6,-33.4,1992.1,0,0.2356215119,-0.0598629676,0.9699994326,-0.9718064070,-0.0056333803,0.2357127815,-0.0086460914,-0.9981907010,-0.0595025644,1,350.0,201.8,1799.1,1,-0.2892850637,-0.0598629713,0.9553693533,-0.9569726586,-0.0056333821,-0.2901235223,0.0227496158,-0.9981907606,-0.0556575730,1,418.5,-80.9,1796.6,1,0.5919228196,0.3493333161,0.7263563275,-0.2990019321,0.9320601225,-0.2046014816,-0.7484819293,-0.0960736647,0.6561590433,1,218.1,-164.9,2035.7,1,0.5903496146,0.0506705157,0.8055557013,-0.3348783255,0.9234525561,0.1873283982,-0.7344004512,-0.3803523481,0.5621283054,1,80.4,-532.3,2073.6,1,0.5822127461,0.1992205530,0.7882509828,-0.2592384815,0.9643982649,-0.0522625931,-0.7705996633,-0.1739170104,0.6131306291,1,347.4,-179.8,1908.6,1,0.5759764314,0.0940411761,0.8120390177,-0.4561829567,0.8612776399,0.2238255292,-0.6783422232,-0.4993565977,0.5389756560,1,268.8,-560.0,1977.1,1,153.6,-291.1,1992.1,0,344.2,-326.9,1802.4,1,61.2,-882.2,2217.7,1,233.2,-886.3,2166.3,1,
2,0.7135018110,-0.1202590838,0.6902555227,-0.0591621958,0.9713005424,0.2303786576,-0.6981511116,-0.2052125037,0.6859096289,1,227.7,407.4,1854.3,1,0.7135018110,-0.1202590838,0.6902555227,-0.0591621958,0.9713005424,0.2303786576,-0.6981511116,-0.2052125037,0.6859096289,1,251.9,211.7,1895.7,1,0.7155846357,-0.0780383497,0.6941530108,-0.0796384439,0.9781455994,0.1920628548,-0.6939713359,-0.1927183568,0.6937308311,1,267.3,18.9,1933.7,1,-0.0000026226,-1.0000003576,0.0000000000,1.0000003576,-0.0000026226,0.0000000000,-0.0000000000,0.0000000000,1.0000000000,0,153.1,222.7,1991.5,1,0.0000197291,-0.9999990463,0.0000000000,0.9999990463,0.0000197291,-0.0000000000,0.0000000000,0.0000000000,1.0000000000,0,153.1,-35.1,1991.5,0,0.2355910093,-0.0629257187,0.9698130488,-0.9718130827,-0.0062911389,0.2356686890,-0.0087283915,-0.9979984164,-0.0626341701,1,350.7,200.7,1799.8,1,-0.2816743851,-0.0629257113,0.9574444890,-0.9592146277,-0.0062911380,-0.2826086283,0.0238067657,-0.9979983568,-0.0585872158,1,419.3,-82.0,1797.3,1,0.5972223282,0.3507392108,0.7213235497,-0.2974948287,0.9320381284,-0.2068860680,-0.7448641062,-0.0910330489,0.6609770060,1,217.6,-166.7,2034.8,1,0.5955131650,0.0479983650,0.8019103408,-0.3415974379,0.9186032414,0.1986934543,-0.7271004319,-0.3922550678,0.5634365678,1,79.3,-534.1,2070.7,1,0.5853313804,0.1999671608,0.7857482433,-0.2692795992,0.9620454907,-0.0442377143,-0.7647716403,-0.1856922507,0.6169624925,1,347.8,-181.2,1908.5,1,0.5772409439,0.0993587971,0.8105064631,-0.4237231612,0.8849273920,0.1932927817,-0.6980340481,-0.4550068378,0.5529170036,1,268.9,-560.4,1981.7,1,153.1,-292.8,1991.5,0,346.8,-328.6,1803.4,1,61.1,-882.2,2219.3,1,231.3,-895.3,2153.9,1,
3,0.7121020555,-0.1210066080,0.6915690899,-0.0593198463,0.9711419940,0.2310058475,-0.6995652914,-0.2055233866,0.6843738556,1,227.8,406.7,1853.9,1,0.7121020555,-0.1210066080,0.6915690899,-0.0593198463,0.9711419940,0.2310058475,-0.6995652914,-0.2055233866,0.6843738556,1,252.2,210.9,1895.4,1,0.7141820192,-0.0783648044,0.6955593228,-0.0796557739,0.9781580567,0.1919922382,-0.6954126954,-0.1925225854,0.6923403740,1,267.6,18.1,1933.3,1,-0.0000026226,-1.0000003576,0.0000000000,1.0000003576,-0.0000026226,0.0000000000,-0.0000000000,0.0000000000,1.0000000000,0,153.5,221.9,1991.4,1,0.0000197291,-0.9999990463,0.0000000000,0.9999990463,0.0000197291,-0.0000000000,0.0000000000,0.0000000000,1.0000000000,0,153.5,-35.9,1991.4,0,0.2363560647,-0.0640933216,0.9695503116,-0.9716496468,-0.0097082062,0.2362260669,-0.0057279179,-0.9978966713,-0.0645708442,1,350.8,199.9,1799.3,1,-0.2794822454,-0.0625180826,0.9581133723,-0.9598982930,-0.0046953112,-0.2803092599,0.0220230389,-0.9980328679,-0.0586987399,1,419.6,-83.0,1797.6,1,0.5948497057,0.3505977690,0.7233498693,-0.2997738421,0.9317098856,-0.2050667405,-0.7458481789,-0.0948574990,0.6593273282,1,218.1,-167.5,2034.5,1,0.5932527781,0.0450194590,0.8037564158,-0.3432828486,0.9172527790,0.2020005882,-0.7281538844,-0.3957532048,0.5596171618,1,79.9,-534.7,2071.9,1,0.5828534365,0.2018136680,0.7871170640,-0.2737007439,0.9608226418,-0.0436780527,-0.7650946975,-0.1899766028,0.6152552962,1,348.0,-182.0,1908.0,1,0.5749316216,0.0984207019,0.8122603297,-0.4137547910,0.8914244175,0.1848497689,-0.7058756351,-0.4423526227,0.5532301664,1,268.5,-560.7,1982.9,1,153.5,-293.6,1991.4,0,347.8,-329.7,1803.3,1,62.8,-882.4,2221.9,1,231.2,-898.3,2150.4,1,
4,0.7141235471,-0.1179092303,0.6900179982,-0.0600441322,0.9717617631,0.2281951159,-0.6974397898,-0.2043909132,0.6868778467,1,228.6,406.1,1854.2,1,0.7141235471,-0.1179092303,0.6900179982,-0.0600441322,0.9717617631,0.2281951159,-0.6974397898,-0.2043909132,0.6868778467,1,252.4,210.1,1895.4,1,0.7161211967,-0.0755483359,0.6938751340,-0.0801842064,0.9786379337,0.1893080920,-0.6933547854,-0.1912052333,0.6947652102,1,267.3,17.3,1933.1,1,-0.0000026226,-1.0000003576,0.0000000000,1.0000003576,-0.0000026226,0.0000000000,-0.0000000000,0.0000000000,1.0000000000,0,153.5,221.2,1991.2,1,0.0000197291,-0.9999990463,0.0000000000,0.9999990463,0.0000197291,-0.0000000000,0.0000000000,0.0000000000,1.0000000000,0,153.5,-36.5,1991.2,0,0.2359229773,-0.0529379398,0.9703287482,-0.9717609286,-0.0081442911,0.2358268648,-0.0045815492,-0.9985645413,-0.0533644482,1,351.3,199.1,1799.7,1,-0.2866356969,-0.0529379435,0.9565759897,-0.9577633739,-0.0081442920,-0.2874422371,0.0230072327,-0.9985646605,-0.0483675748,1,419.8,-83.0,1798.3,1,0.5965812206,0.3533507586,0.7205790281,-0.2995845079,0.9310070276,-0.2085067034,-0.7445401549,-0.0914831012,0.6612797379,1,217.1,-168.3,2033.9,1,0.5949792862,0.0437952727,0.8025469184,-0.3527376950,0.9114438295,0.2117691934,-0.7222019434,-0.4090868533,0.5577384830,1,77.8,-535.3,2069.9,1,0.5845544338,0.2037101090,0.7853649259,-0.2738636136,0.9606987238,-0.0453493893,-0.7637372017,-0.1885737181,0.6173695922,1,347.3,-182.9,1907.7,1,0.5771194696,0.0953437909,0.8110750318,-0.4157413244,0.8891363144,0.1913001537,-0.7029169798,-0.4476004541,0.5527762175,1,267.0,-561.6,1982.1,1,153.5,-294.3,1991.2,0,346.2,-328.9,1804.2,1,61.2,-880.8,2225.0,1,230.9,-898.5,2151.6,1,
5,0.7146703601,-0.1210099459,0.6889141202,-0.0593924150,0.9708650112,0.2321485579,-0.6969352961,-0.2068258524,0.6866610646,1,227.5,407.8,1853.8,1,0.7146703601,-0.1210099459,0.6889141202,-0.0593924150,0.9708650112,0.2321485579,-0.6969352961,-0.2068258524,0.6866610646,1,251.9,211.9,1895.6,1,0.7168143392,-0.0781303048,0.6928727627,-0.0803720951,0.9778199196,0.1934111416,-0.6926164031,-0.1943273991,0.6946354508,1,267.3,19.2,1933.9,1,-0.0000026226,-1.0000003576,0.0000000000,1.0000003576,-0.0000026226,0.0000000000,-0.0000000000,0.0000000000,1.0000000000,0,152.9,223.0,1991.2,1,0.0000197291,-0.9999990463,0.0000000000,0.9999990463,0.0000197291,-0.0000000000,0.0000000000,0.0000000000,1.0000000000,0,152.9,-34.8,1991.2,0,0.2355140299,-0.0525481179,0.9704493284,-0.9718675613,-0.0101298569,0.2353097647,-0.0025345725,-0.9985669255,-0.0534555465,1,350.9,200.8,1799.9,1,-0.2808892131,-0.0528334305,0.9582849145,-0.9594050050,-0.0109286020,-0.2818201184,0.0253622346,-0.9985435605,-0.0476189330,1,419.9,-84.0,1799.2,1,0.5952718258,0.3520218432,0.7223103046,-0.3072741330,0.9303303957,-0.2001701891,-0.7424514890,-0.1027915701,0.6619666219,1,217.5,-166.3,2035.2,1,0.5938849449,0.0447129384,0.8033065200,-0.3439328074,0.9167346358,0.2032432407,-0.7273312807,-0.3969866037,0.5598131418,1,78.7,-533.0,2075.7,1,0.5863998532,0.2006122619,0.7847865224,-0.2719274461,0.9613758922,-0.0425664298,-0.7630141377,-0.1884440631,0.6183026433,1,347.9,-180.9,1909.2,1,0.5783808231,0.0992008150,0.8097127676,-0.4189511538,0.8878024817,0.1904904991,-0.6999681592,-0.4494061768,0.5550482273,1,268.8,-559.9,1983.5,1,152.9,-292.5,1991.2,0,347.8,-330.2,1805.7,1,61.8,-880.4,2226.1,1,231.2,-896.3,2153.8,1,
6,0.7113624215,-0.1195251867,0.6925871968,-0.0622680783,0.9708393812,0.2315015197,-0.7000616193,-0.2078074217,0.6831755638,1,228.1,408.3,1854.2,1,0.7113624215,-0.1195251867,0.6925871968,-0.0622680783,0.9708393812,0.2315015197,-0.7000616193,-0.2078074217,0.6831755638,1,252.2,212.5,1896.1,1,0.7133852839,-0.0797329918,0.6962211728,-0.0820445418,0.9771702886,0.1959752738,-0.6959527135,-0.1969268918,0.6905567646,1,267.9,19.9,1934.9,1,-0.0000026226,-1.0000003576,0.0000000000,1.0000003576,-0.0000026226,0.0000000000,-0.0000000000,0.0000000000,1.0000000000,0,153.6,223.9,1992.2,1,0.0000197291,-0.9999990463,0.0000000000,0.9999990463,0.0000197291,-0.0000000000,0.0000000000,0.0000000000,1.0000000000,0,153.6,-33.9,1992.2,0,0.2362744808,-0.0647491366,0.9695266485,-0.9716819525,-0.0127173653,0.2359503806,-0.0029477582,-0.9978206158,-0.0659203455,1,350.7,201.2,1799.9,1,-0.2860731781,-0.0647491291,0.9560176134,-0.9577136040,-0.0127173625,-0.2874419987,0.0307696406,-0.9978204966,-0.0583730265,1,420.0,-83.5,1799.1,1,0.5928958058,0.3541971445,0.7232005596,-0.3061282337,0.9297870994,-0.2044050395,-0.7448222041,-0.1002012193,0.6596966386,1,218.7,-165.2,2037.0,1,0.5917936563,0.0431042388,0.8049361706,-0.3340846598,0.9218848348,0.1962541789,-0.7335990667,-0.3850588202,0.5599660873,1,79.1,-531.7,2076.5,1,0.5834538341,0.2003185451,0.7870540023,-0.2704766393,0.9617083669,-0.0442630202,-0.7657831311,-0.1870543212,0.6152940392,1,348.5,-180.1,1910.4,1,0.5758874416,0.0965311155,0.8118098974,-0.4100297987,0.8931825757,0.1846628189,-0.7072687149,-0.4392112792,0.5539532900,1,269.5,-559.2,1984.1,1,153.6,-291.6,1992.2,0,346.4,-329.6,1807.0,1,62.8,-881.1,2222.4,1,233.0,-897.7,2150.6,1,
7,0.7107042670,-0.1193080172,0.6932999492,-0.0624290258,0.9709292650,0.2310807556,-0.7007153630,-0.2075120211,0.6825948358,1,228.3,406.9,1854.3,1,0.7107042670,-0.1193080172,0.6932999492,-0.0624290258,0.9709292650,0.2310807556,-0.7007153630,-0.2075120211,0.6825948358,1,252.3,211.6,1896.1,1,0.7127206922,-0.0793056786,0.6969501972,-0.0822083056,0.9772967696,0.1952747703,-0.6966139674,-0.1964713633,0.6900195479,1,267.9,19.0,1934.8,1,-0.0000026226,-1.0000003576,0.0000000000,1.0000003576,-0.0000026226,0.0000000000,-0.0000000000,0.0000000000,1.0000000000,0,153.8,223.0,1992.3,1,0.0000197291,-0.9999990463,0.0000000000,0.9999990463,0.0000197291,-0.0000000000,0.0000000000,0.0000000000,1.0000000000,0,153.8,-34.8,1992.3,0,0.2312360704,-0.0655286610,0.9706884027,-0.9728937149,-0.0127319470,0.2309019417,-0.0027719412,-0.9977694750,-0.0666965097,1,350.7,200.3,1799.8,1,-0.2817237973,-0.0656519532,0.9572468996,-0.9589881897,-0.0131707583,-0.2831396461,0.0311963353,-0.9977556467,-0.0592489429,1,418.0,-82.7,1799.0,1,0.5960283875,0.3529624045,0.7212266922,-0.2957372069,0.9315621257,-0.2114988714,-0.7465186119,-0.0872342214,0.6596214175,1,218.7,-166.1,2036.9,1,0.5941153765,0.0502849258,0.8028065562,-0.3457840681,0.9170874357,0.1984537393,-0.7262645364,-0.3955021203,0.5622435212,1,79.6,-533.3,2071.3,1,0.5824085474,0.2014056742,0.7875506878,-0.2715075314,0.9613801837,-0.0450753570,-0.7662140727,-0.1875736564,0.6145992279,1,348.4,-181.1,1910.1,1,0.5740281940,0.1014994010,0.8125205040,-0.4079928696,0.8957942128,0.1763362736,-0.7099531293,-0.4327245355,0.5556222200,1,269.0,-560.1,1984.1,1,153.8,-292.5,1992.3,0,345.6,-329.0,1807.0,1,60.5,-880.9,2221.2,1,230.5,-899.6,2148.1,1,
8,0.7130644917,-0.1182979569,0.6910458803,-0.0632640049,0.9707836509,0.2314652205,-0.6982383132,-0.2087678462,0.6847468615,1,228.2,406.6,1853.9,1,0.7130644917,-0.1182979569,0.6910458803,-0.0632640049,0.9707836509,0.2314652205,-0.6982383132,-0.2087678462,0.6847468615,1,252.1,211.0,1896.0,1,0.7150406241,-0.0765661895,0.6948772073,-0.0830231234,0.9776488543,0.1931561381,-0.6941355467,-0.1958052665,0.6927013993,1,267.1,18.3,1934.6,1,-0.0000026226,-1.0000003576,0.0000000000,1.0000003576,-0.0000026226,0.0000000000,-0.0000000000,0.0000000000,1.0000000000,0,153.3,222.4,1991.9,1,0.0000197291,-0.9999990463,0.0000000000,0.9999990463,0.0000197291,-0.0000000000,0.0000000000,0.0000000000,1.0000000000,0,153.3,-35.3,1991.9,0,0.2281793207,-0.0613923185,0.9716816545,-0.9736191034,-0.0141239706,0.2277419269,-0.0002576018,-0.9980138540,-0.0629955307,1,350.8,199.5,1800.1,1,-0.2763216794,-0.0640637055,0.9589276910,-0.9602071047,-0.0237511843,-0.2782771587,0.0406031273,-0.9976631403,-0.0549514592,1,417.0,-82.9,1800.0,1,0.5952820778,0.3557287157,0.7204834223,-0.3035930395,0.9297707081,-0.2082250416,-0.7439560294,-0.0947811306,0.6614726186,1,217.2,-166.9,2036.3,1,0.5940473080,0.0462897122,0.8030973077,-0.3328638971,0.9230093360,0.1930165142,-0.7323316336,-0.3819829524,0.5637193918,1,77.0,-533.4,2073.7,1,0.5857019424,0.2007030398,0.7852843404,-0.2666760087,0.9626331925,-0.0471303537,-0.7653999925,-0.1818121523,0.6173388362,1,347.3,-182.0,1910.0,1,0.5773103237,0.1008727178,0.8102698922,-0.4257668257,0.8839420080,0.1933108866,-0.6967318058,-0.4565864801,0.5532571077,1,268.2,-561.5,1981.7,1,153.3,-293.1,1991.9,0,346.0,-329.5,1810.5,1,59.4,-883.2,2218.4,1,229.9,-896.4,2154.7,1,
9,0.7151333690,-0.1190071777,0.6887825727,-0.0614819787,0.9708707333,0.2315802723,-0.6962788701,-0.2079583853,0.6869848371,1,228.0,406.4,1853.7,1,0.7151333690,-0.1190071777,0.6887825727,-0.0614819787,0.9708707333,0.2315802723,-0.6962788701,-0.2079583853,0.6869848371,1,252.0,210.6,1895.6,1,0.7171895504,-0.0778569058,0.6925151944,-0.0818315819,0.9774551988,0.1946389675,-0.6920569539,-0.1962625384,0.6946490407,1,267.3,17.9,1934.3,1,-0.0000026226,-1.0000003576,0.0000000000,1.0000003576,-0.0000026226,0.0000000000,-0.0000000000,0.0000000000,1.0000000000,0,152.9,221.9,1991.2,1,0.0000197291,-0.9999990463,0.0000000000,0.9999990463,0.0000197291,-0.0000000000,0.0000000000,0.0000000000,1.0000000000,0,152.9,-35.9,1991.2,0,0.2308503389,-0.0594557114,0.9711710811,-0.9729825854,-0.0104220081,0.2306429595,-0.0035914867,-0.9981765151,-0.0602553003,1,351.0,199.3,1800.1,1,-0.2829145491,-0.0618083850,0.9571515918,-0.9584969878,-0.0184599701,-0.2845043540,0.0352537408,-0.9979173541,-0.0540205613,1,418.0,-82.9,1799.0,1,0.5958650112,0.3573041856,0.7192208171,-0.3082014918,0.9287384748,-0.2060502619,-0.7415906787,-0.0988867506,0.6635244489,1,217.4,-167.3,2036.0,1,0.5952998400,0.0327526815,0.8028358221,-0.3238585591,0.9241943955,0.2024362832,-0.7353460789,-0.3805155456,0.5607799888,1,76.6,-533.4,2075.0,1,0.5864466429,0.1990296692,0.7851545215,-0.2752026320,0.9606366158,-0.0379588194,-0.7618031502,-0.1938157529,0.6181355715,1,347.9,-182.2,1910.1,1,0.5778826475,0.1029106304,0.8096055388,-0.4127951860,0.8926212788,0.1811832637,-0.7040254474,-0.4389038980,0.5583113432,1,269.5,-560.8,1986.5,1,152.9,-293.6,1991.2,0,345.4,-328.9,1808.1,1,64.2,-883.6,2219.2,1,230.5,-899.0,2152.8,1,
10,0.7139492035,-0.1202913672,0.6897872090,-0.0612801462,0.9706176519,0.2326918840,-0.6975108981,-0.2084003389,0.6855998039,1,228.0,407.5,1853.6,1,0.7139492035,-0.1202913672,0.6897872090,-0.0612801462,0.9706176519,0.2326918840,-0.6975108981,-0.2084003389,0.6855998039,1,252.3,211.5,1895.7,1,0.7159904838,-0.0807710215,0.6934216022,-0.0810528398,0.9769485593,0.1974876970,-0.6933889389,-0.1976030022,0.6929386854,1,268.2,18.9,1934.6,1,-0.0000026226,-1.0000003576,0.0000000000,1.0000003576,-0.0000026226,0.0000000000,-0.0000000000,0.0000000000,1.0000000000,0,153.4,222.6,1991.5,1,0.0000197291,-0.9999990463,0.0000000000,0.9999990463,0.0000197291,-0.0000000000,0.0000000000,0.0000000000,1.0000000000,0,153.4,-35.1,1991.5,0,0.2329354286,-0.0686853155,0.9700636864,-0.9724802971,-0.0115311127,0.2326993346,-0.0047971145,-0.9975717664,-0.0694811344,1,351.2,200.3,1799.9,1,-0.2886871994,-0.0686853155,0.9549565315,-0.9569234252,-0.0115311127,-0.2901111841,0.0309380908,-0.9975716472,-0.0623977110,1,419.0,-83.0,1798.5,1,0.5946362019,0.3567702770,0.7205018401,-0.3091490865,0.9287158847,-0.2047281861,-0.7421824932,-0.1010036841,0.6625432968,1,219.0,-166.3,2036.7,1,0.5940195918,0.0333723091,0.8037580848,-0.3248104155,0.9240242839,0.2016862333,-0.7359612584,-0.3808745444,0.5597282052,1,78.3,-532.4,2076.5,1,0.5848292708,0.2021601498,0.7855610251,-0.2786056399,0.9595916867,-0.0395316221,-0.7618095875,-0.1957424581,0.6175202131,1,349.2,-181.0,1910.5,1,0.5768178105,0.0999970138,0.8107292056,-0.4080432057,0.8950591683,0.1799162179,-0.7076595426,-0.4345914125,0.5570891500,1,269.5,-559.3,1987.7,1,153.4,-292.9,1991.5,0,344.9,-328.4,1806.4,1,65.7,-882.6,2220.8,1,231.6,-898.5,2152.3,1,
11,0.7129291892,-0.1217815205,0.6905801892,-0.0592679530,0.9708157778,0.2323862612,-0.6987269521,-0.2066041231,0.6849047542,1,227.1,406.6,1854.5,1,0.7129291892,-0.1217815205,0.6905801892,-0.0592679530,0.9708157778,0.2323862612,-0.6987269521,-0.2066041231,0.6849047542,1,251.7,210.3,1896.3,1,0.7151824236,-0.0817241743,0.6941434145,-0.0808320120,0.9768052697,0.1982851028,-0.6942480803,-0.1979189217,0.6919876337,1,267.8,17.8,1935.3,1,-0.0000026226,-1.0000003576,0.0000000000,1.0000003576,-0.0000026226,0.0000000000,-0.0000000000,0.0000000000,1.0000000000,0,152.9,221.5,1992.2,1,0.0000197291,-0.9999990463,0.0000000000,0.9999990463,0.0000197291,-0.0000000000,0.0000000000,0.0000000000,1.0000000000,0,152.9,-36.3,1992.2,0,0.2354863286,-0.0705462843,0.9693139195,-0.9718489051,-0.0094207460,0.2354165465,-0.0074761030,-0.9974640608,-0.0707787871,1,350.5,199.2,1800.4,1,-0.2791161835,-0.0720496327,0.9575505853,-0.9596574903,-0.0143136494,-0.2808073163,0.0339381024,-0.9972984195,-0.0651477873,1,419.0,-83.5,1798.2,1,0.5928370357,0.3596679866,0.7205438018,-0.3118786514,0.9274450541,-0.2063429356,-0.7424797416,-0.1023944616,0.6619964838,1,218.9,-167.4,2037.5,1,0.5925717354,0.0345304161,0.8047772646,-0.3146445155,0.9296317101,0.1917908043,-0.7415238619,-0.3668685555,0.5617382526,1,77.1,-533.0,2077.9,1,0.5843603611,0.2045636922,0.7852875590,-0.2771787345,0.9598208070,-0.0437702425,-0.7626891732,-0.1920874268,0.6175820231,1,349.0,-182.1,1911.2,1,0.5762019157,0.1001795903,0.8111444712,-0.4139520526,0.8915194273,0.1839473993,-0.7047232389,-0.4417657554,0.5551648140,1,268.4,-560.4,1986.9,1,152.9,-294.0,1992.2,0,347.3,-330.1,1807.0,1,64.0,-885.3,2216.9,1,230.4,-898.3,2154.3,1,
12,0.7081959248,-0.1134340987,0.6968436241,-0.0565825365,0.9747142196,0.2161710113,-0.7037451267,-0.1925204992,0.6838698387,1,228.5,406.5,1859.5,1,0.7081959248,-0.1134340987,0.6968436241,-0.0565825365,0.9747142196,0.2161710113,-0.7037451267,-0.1925204992,0.6838698387,1,251.3,210.1,1898.3,1,0.7101250291,-0.0795443282,0.6995676756,-0.0761142075,0.9791011810,0.1885916144,-0.6999494433,-0.1871705651,0.6892294288,1,267.0,17.1,1935.2,1,-0.0000026226,-1.0000003576,0.0000000000,1.0000003576,-0.0000026226,0.0000000000,-0.0000000000,0.0000000000,1.0000000000,0,153.3,220.6,1995.0,1,0.0000197291,-0.9999990463,0.0000000000,0.9999990463,0.0000197291,-0.0000000000,0.0000000000,0.0000000000,1.0000000000,0,153.3,-37.2,1995.0,0,0.2404129952,-0.0773132220,0.9675868750,-0.9706155658,-0.0085202334,0.2404847294,-0.0103485826,-0.9969705343,-0.0770897865,1,349.4,199.6,1801.6,1,-0.2859745324,-0.0773132294,0.9551132917,-0.9577561021,-0.0085202400,-0.2874555588,0.0303619057,-0.9969705343,-0.0716106445,1,419.5,-83.2,1798.6,1,0.5865357518,0.3591190577,0.7259540558,-0.3064238727,0.9280925393,-0.2115384340,-0.7497200370,-0.0983747840,0.6544021964,1,218.1,-168.9,2035.8,1,0.5858643055,0.0353473388,0.8096379638,-0.3216683865,0.9271219373,0.1922868788,-0.7438362837,-0.3730889261,0.5545378327,1,76.5,-534.8,2074.6,1,0.5766065121,0.2044924498,0.7910169363,-0.2783862948,0.9594099522,-0.0450972915,-0.7681315541,-0.1942048669,0.6101298332,1,347.3,-182.8,1908.4,1,0.5682389140,0.1010992453,0.8166293502,-0.4137013555,0.8929782510,0.1773164272,-0.7113056779,-0.4385987818,0.5492498279,1,266.7,-561.0,1985.0,1,153.3,-294.9,1995.0,0,346.0,-329.2,1806.4,1,63.1,-886.2,2216.0,1,228.4,-899.4,2151.2,1,
13,0.7118053436,-0.1193791553,0.6921571493,-0.0577080809,0.9721780419,0.2270217985,-0.7000022531,-0.2015382797,0.6851119995,1,227.6,406.0,1856.5,1,0.7118053436,-0.1193791553,0.6921571493,-0.0577080809,0.9721780419,0.2270217985,-0.7000022531,-0.2015382797,0.6851119995,1,251.7,210.0,1897.1,1,0.7136542797,-0.0846927315,0.6953592300,-0.0753740221,0.9776164889,0.1964280456,-0.6964312196,-0.1925936341,0.6912962198,1,268.4,17.4,1935.1,1,-0.0000026226,-1.0000003576,0.0000000000,1.0000003576,-0.0000026226,0.0000000000,-0.0000000000,0.0000000000,1.0000000000,0,153.1,220.5,1993.3,1,0.0000197291,-0.9999990463,0.0000000000,0.9999990463,0.0000197291,-0.0000000000,0.0000000000,0.0000000000,1.0000000000,0,153.1,-37.3,1993.3,0,0.2390585691,-0.0683373362,0.9685975313,-0.9709777236,-0.0093210675,0.2389884293,-0.0073034670,-0.9976188540,-0.0685823038,1,350.2,199.6,1800.9,1,-0.2892252207,-0.0683373362,0.9548187852,-0.9568291903,-0.0093210675,-0.2905013561,0.0287520140,-0.9976187944,-0.0626912639,1,419.7,-82.6,1798.8,1,0.5904969573,0.3569415808,0.7238134742,-0.3098184168,0.9284141660,-0.2050843388,-0.7452018261,-0.1031490713,0.6588129401,1,220.1,-168.5,2036.4,1,0.5900424123,0.0363271460,0.8065546155,-0.3163118064,0.9295284748,0.1895349324,-0.7428302169,-0.3669563532,0.5599520206,1,79.4,-534.4,2077.1,1,0.5823994279,0.2015000880,0.7875333428,-0.2753413320,0.9604236484,-0.0421148427,-0.7648518085,-0.1923127919,0.6148313880,1,350.0,-182.2,1909.7,1,0.5736637115,0.1025858074,0.8126413822,-0.4283010662,0.8832524419,0.1908487976,-0.6981890798,-0.4575382173,0.5506275296,1,270.5,-560.8,1985.5,1,153.1,-295.0,1993.3,0,345.4,-328.5,1806.2,1,65.7,-886.7,2216.1,1,231.7,-895.5,2158.9,1,
14,0.7132067084,-0.1241523400,0.6898710132,-0.0569875650,0.9706610441,0.2335999310,-0.6986334324,-0.2059189975,0.6852065325,1,226.3,405.8,1855.0,1,0.7132067084,-0.1241523400,0.6898710132,-0.0569875650,0.9706610441,0.2335999310,-0.6986334324,-0.2059189975,0.6852065325,1,251.3,209.8,1896.6,1,0.7151442170,-0.0880585164,0.6934076548,-0.0747668594,0.9767033458,0.2011460215,-0.6949667335,-0.1956922114,0.6918995976,1,268.7,17.3,1935.1,1,-0.0000026226,-1.0000003576,0.0000000000,1.0000003576,-0.0000026226,0.0000000000,-0.0000000000,0.0000000000,1.0000000000,0,152.6,220.1,1992.6,1,0.0000197291,-0.9999990463,0.0000000000,0.9999990463,0.0000197291,-0.0000000000,0.0000000000,0.0000000000,1.0000000000,0,152.6,-37.6,1992.6,0,0.2422677279,-0.0735945776,0.9674142003,-0.9701802731,-0.0106525011,0.2421500981,-0.0075155525,-0.9972313046,-0.0739807710,1,350.1,199.5,1800.6,1,-0.2939680815,-0.0735945925,0.9529778361,-0.9552828074,-0.0106525030,-0.2955017984,0.0318989269,-0.9972314239,-0.0671721473,1,420.4,-81.8,1798.4,1,0.5906615853,0.3661548495,0.7190616727,-0.3157459199,0.9249423742,-0.2116274238,-0.7425790429,-0.1020405665,0.6619397998,1,221.0,-168.4,2036.9,1,0.5906748772,0.0281347111,0.8064190149,-0.3084028363,0.9313882589,0.1934000701,-0.7456479669,-0.3629384637,0.5588244796,1,76.7,-533.0,2077.2,1,0.5852410197,0.2070442438,0.7839806080,-0.2731873393,0.9606722593,-0.0497731939,-0.7634536624,-0.1850442737,0.6187867522,1,351.1,-182.0,1910.5,1,0.5759656429,0.1059367433,0.8105806112,-0.4290631711,0.8831838369,0.1894494593,-0.6958220601,-0.4569066763,0.5541371107,1,269.5,-560.7,1983.4,1,152.6,-295.4,1992.6,0,344.8,-327.2,1806.6,1,66.0,-886.0,2214.7,1,229.3,-895.4,2156.6,1,
15,0.7154232264,-0.1209960431,0.6881347299,-0.0564445257,0.9716625810,0.2295322716,-0.6964077950,-0.2030540407,0.6883201003,1,227.7,405.7,1855.2,1,0.7154232264,-0.1209960431,0.6881347299,-0.0564445257,0.9716625810,0.2295322716,-0.6964077950,-0.2030540407,0.6883201003,1,252.2,209.0,1896.4,1,0.7175479531,-0.0838700011,0.6914409399,-0.0766565651,0.9771832228,0.1980807930,-0.6922780275,-0.1951358318,0.6947462559,1,268.7,16.4,1934.8,1,-0.0000026226,-1.0000003576,0.0000000000,1.0000003576,-0.0000026226,0.0000000000,-0.0000000000,0.0000000000,1.0000000000,0,153.1,219.6,1992.0,1,0.0000197291,-0.9999990463,0.0000000000,0.9999990463,0.0000197291,-0.0000000000,0.0000000000,0.0000000000,1.0000000000,0,153.1,-38.2,1992.0,0,0.2387190163,-0.0677828565,0.9687201381,-0.9710631967,-0.0094417762,0.2386357784,-0.0070289746,-0.9976553917,-0.0680753738,1,351.3,198.4,1800.7,1,-0.2931350768,-0.0677828565,0.9536652565,-0.9556323290,-0.0094417818,-0.2944108248,0.0289603043,-0.9976555109,-0.0620077737,1,420.2,-81.9,1798.7,1,0.5959410667,0.3638827205,0.7158517838,-0.3082299829,0.9268097281,-0.2145181298,-0.7415178418,-0.0928067937,0.6644835472,1,220.0,-169.3,2036.3,1,0.5951043963,0.0363242142,0.8028269410,-0.3275763392,0.9231861234,0.2010497302,-0.7338556647,-0.3826327622,0.5612911582,1,76.5,-534.6,2072.8,1,0.5875033140,0.2094240785,0.7816529870,-0.2732290030,0.9605430365,-0.0519897044,-0.7616992593,-0.1830261201,0.6215429902,1,350.5,-183.2,1910.3,1,0.5788086057,0.1031682193,0.8089109659,-0.4293268621,0.8819079399,0.1947225481,-0.6932958364,-0.4599942863,0.5547487736,1,268.0,-561.8,1982.4,1,153.1,-295.9,1992.0,0,344.9,-327.5,1806.1,1,62.8,-884.4,2217.8,1,228.9,-896.1,2156.8,1,
16,0.7189109325,-0.1233225912,0.6840749979,-0.0539269671,0.9712740183,0.2317711115,-0.6930072904,-0.2035127431,0.6916086674,1,228.0,403.9,1854.9,1,0.7189109325,-0.1233225912,0.6840749979,-0.0539269671,0.9712740183,0.2317711115,-0.6930072904,-0.2035127431,0.6916086674,1,252.9,207.5,1896.0,1,0.7211596966,-0.0839979872,0.6876575351,-0.0750630125,0.9773032665,0.1980985999,-0.6886903644,-0.1944782436,0.6984862089,1,269.5,14.9,1934.3,1,-0.0000026226,-1.0000003576,0.0000000000,1.0000003576,-0.0000026226,0.0000000000,-0.0000000000,0.0000000000,1.0000000000,0,153.3,217.9,1991.1,1,0.0000197291,-0.9999990463,0.0000000000,0.9999990463,0.0000197291,-0.0000000000,0.0000000000,0.0000000000,1.0000000000,0,153.3,-39.8,1991.1,0,0.2373245656,-0.0604057163,0.9695505500,-0.9714046121,-0.0074952226,0.2373114824,-0.0070679723,-0.9981456995,-0.0604571998,1,352.5,197.2,1800.9,1,-0.2968023717,-0.0604057238,0.9530265927,-0.9546082020,-0.0074952226,-0.2977700830,0.0251301583,-0.9981458783,-0.0554392003,1,420.6,-81.5,1798.9,1,0.5990403295,0.3616347611,0.7144025564,-0.3093621135,0.9274501801,-0.2100746334,-0.7385430932,-0.0951659158,0.6674560905,1,220.4,-170.9,2035.3,1,0.5979242325,0.0395192504,0.8005778790,-0.3359473944,0.9191818237,0.2055336833,-0.7277540565,-0.3918455541,0.5628775358,1,77.9,-536.5,2072.8,1,0.5922943354,0.2087769955,0.7782028913,-0.2689641714,0.9616748691,-0.0532889888,-0.7595036626,-0.1777458936,0.6257480979,1,351.6,-184.5,1910.0,1,0.5843453407,0.1008752882,0.8052108884,-0.4469996393,0.8681563735,0.2156288177,-0.6772972941,-0.4859306812,0.5523943901,1,269.3,-563.6,1980.1,1,153.3,-297.6,1991.1,0,344.4,-326.5,1805.3,1,62.9,-884.8,2221.3,1,231.1,-892.5,2164.2,1,
17,0.7232300639,-0.1273857504,0.6787569523,-0.0477738380,0.9712578058,0.2331850678,-0.6889528036,-0.2010731548,0.6963567734,1,227.2,402.8,1854.7,1,0.7232300639,-0.1273857504,0.6787569523,-0.0477738380,0.9712578058,0.2331850678,-0.6889528036,-0.2010731548,0.6963567734,1,253.0,206.5,1895.3,1,0.7253829837,-0.0910507068,0.6822969913,-0.0669773221,0.9771732092,0.2016081065,-0.6850793362,-0.1919413954,0.7027261257,1,270.9,13.9,1933.2,1,-0.0000026226,-1.0000003576,0.0000000000,1.0000003576,-0.0000026226,0.0000000000,-0.0000000000,0.0000000000,1.0000000000,0,152.8,215.8,1989.9,1,0.0000197291,-0.9999990463,0.0000000000,0.9999990463,0.0000197291,-0.0000000000,0.0000000000,0.0000000000,1.0000000000,0,152.8,-42.0,1989.9,0,0.2322623730,-0.0737211704,0.9698554277,-0.9725866318,-0.0059392536,0.2324650288,-0.0113773737,-0.9972612858,-0.0730796829,1,353.2,197.3,1800.7,1,-0.2934078574,-0.0737211630,0.9531406164,-0.9555951357,-0.0059392527,-0.2946228385,0.0273808800,-0.9972612262,-0.0687049627,1,419.8,-81.7,1797.4,1,0.6010958552,0.3634884357,0.7117301822,-0.3134389520,0.9264513254,-0.2084321827,-0.7351460457,-0.0977962464,0.6708174944,1,222.9,-172.6,2033.3,1,0.5998940468,0.0398942791,0.7990841866,-0.3423077166,0.9155269265,0.2112719566,-0.7231546044,-0.4002734721,0.5628753304,1,79.6,-537.8,2071.9,1,0.5959867239,0.2127591670,0.7742953300,-0.2733927667,0.9604153633,-0.0534663014,-0.7550205588,-0.1798215508,0.6305617094,1,354.9,-184.8,1908.7,1,0.5885472298,0.0975055769,0.8025615215,-0.4386820197,0.8723675609,0.2157147974,-0.6790952086,-0.4790275693,0.5562034845,1,271.0,-563.4,1979.5,1,152.8,-299.7,1989.9,0,344.5,-326.9,1804.5,1,64.5,-884.8,2223.6,1,234.0,-893.9,2161.1,1,
18,0.7205576301,-0.1295828968,0.6811790466,-0.0432313792,0.9720751643,0.2306517214,-0.6920461655,-0.1956460625,0.6948338151,1,226.9,400.6,1856.6,1,0.7205576301,-0.1295828968,0.6811790466,-0.0432313792,0.9720751643,0.2306517214,-0.6920461655,-0.1956460625,0.6948338151,1,253.0,205.0,1895.9,1,0.7229251862,-0.0929012001,0.6846520901,-0.0639793277,0.9776602387,0.2002157867,-0.6879578233,-0.1885444969,0.7008311152,1,271.3,12.3,1933.1,1,-0.0000026226,-1.0000003576,0.0000000000,1.0000003576,-0.0000026226,0.0000000000,-0.0000000000,0.0000000000,1.0000000000,0,153.1,213.9,1991.0,1,0.0000197291,-0.9999990463,0.0000000000,0.9999990463,0.0000197291,-0.0000000000,0.0000000000,0.0000000000,1.0000000000,0,153.1,-43.9,1991.0,0,0.2352020293,-0.0775732771,0.9688459635,-0.9718117714,-0.0021778475,0.2357477248,-0.0161777232,-0.9969842434,-0.0758988708,1,352.8,196.2,1800.9,1,-0.2704284191,-0.0797539353,0.9594309926,-0.9622414112,-0.0096801929,-0.2720252872,0.0309825633,-0.9967676401,-0.0741247460,1,418.6,-75.7,1796.4,1,0.5980309248,0.3697327673,0.7110953927,-0.3122299612,0.9246163964,-0.2181673348,-0.7381540537,-0.0915544927,0.6683908105,1,223.8,-174.5,2032.8,1,0.5966137648,0.0387468748,0.8015926480,-0.3547240496,0.9086970687,0.2200919390,-0.7198770046,-0.4156540334,0.5558856726,1,78.1,-539.0,2068.9,1,0.5925212502,0.2212784290,0.7745673060,-0.2747356892,0.9593932033,-0.0639147684,-0.7572575212,-0.1749304086,0.6292538643,1,355.4,-186.2,1907.7,1,0.5877771974,0.0889876559,0.8041139245,-0.4695856869,0.8468914628,0.2495279163,-0.6587923169,-0.5242671967,0.5395708084,1,268.1,-564.3,1976.6,1,153.1,-301.6,1991.0,0,349.1,-323.1,1804.4,1,63.4,-883.4,2226.5,1,234.5,-884.9,2175.1,1,
19,0.7190988064,-0.1281398535,0.6829912066,-0.0432679057,0.9726878405,0.2280470133,-0.6935595870,-0.1935398430,0.6939140558,1,227.0,396.4,1857.5,1,0.7190988064,-0.1281398535,0.6829912066,-0.0432679057,0.9726878405,0.2280470133,-0.6935595870,-0.1935398430,0.6939140558,1,252.7,201.5,1896.3,1,0.7215830684,-0.0915908441,0.6862425804,-0.0653196648,0.9777820110,0.1991854459,-0.6892396808,-0.1885538697,0.6995679736,1,270.8,8.7,1933.5,1,-0.0000026226,-1.0000003576,0.0000000000,1.0000003576,-0.0000026226,0.0000000000,-0.0000000000,0.0000000000,1.0000000000,0,153.0,210.5,1991.5,1,0.0000197291,-0.9999990463,0.0000000000,0.9999990463,0.0000197291,-0.0000000000,0.0000000000,0.0000000000,1.0000000000,0,153.0,-47.3,1991.5,0,0.2420961112,-0.0927496925,0.9658090472,-0.9701493382,-0.0086389026,0.2423544675,-0.0141347703,-0.9956520796,-0.0920724869,1,352.4,192.4,1801.1,1,-0.2828900516,-0.0927496850,0.9546573758,-0.9585255384,-0.0086388998,-0.2848756313,0.0346693136,-0.9956519604,-0.0864590853,1,419.8,-77.8,1797.2,1,0.5928028822,0.3845430911,0.7076097131,-0.3216056824,0.9185742736,-0.2297631949,-0.7383459210,-0.0913670436,0.6682046652,1,223.2,-178.0,2033.4,1,0.5921036005,0.0237499513,0.8055118322,-0.3452533484,0.9106597900,0.2269335091,-0.7281575799,-0.4124737680,0.5474047065,1,71.6,-540.1,2069.4,1,0.5887498856,0.2222219259,0.7771686912,-0.2842705846,0.9569709897,-0.0582829714,-0.7566795945,-0.1866120547,0.6265876293,1,354.4,-189.9,1908.0,1,0.5821630359,0.0925467089,0.8077878356,-0.4507428706,0.8635959625,0.2259045094,-0.6766955853,-0.4956179261,0.5444684029,1,266.9,-567.1,1981.5,1,153.0,-305.0,1991.5,0,347.3,-323.6,1806.1,1,62.6,-885.2,2225.7,1,231.8,-894.0,2169.1,1,
20,0.7052798271,-0.1261014640,0.6976236105,-0.0466029420,0.9736770988,0.2231150717,-0.7073957324,-0.1898697615,0.6808378100,1,226.2,393.7,1860.5,1,0.7052798271,-0.1261014640,0.6976236105,-0.0466029420,0.9736770988,0.2231150717,-0.7073957324,-0.1898697615,0.6808378100,1,251.4,198.5,1898.6,1,0.7080036998,-0.0874232799,0.7007765770,-0.0715042874,0.9783339500,0.1942909658,-0.7025795579,-0.1876671463,0.6864126325,1,268.7,5.7,1935.6,1,-0.0000026226,-1.0000003576,0.0000000000,1.0000003576,-0.0000026226,0.0000000000,-0.0000000000,0.0000000000,1.0000000000,0,153.7,208.4,1995.6,1,0.0000197291,-0.9999990463,0.0000000000,0.9999990463,0.0000197291,-0.0000000000,0.0000000000,0.0000000000,1.0000000000,0,153.7,-49.4,1995.6,0,0.2554413974,-0.0896347314,0.9626605511,-0.9667189717,-0.0089652753,0.2556835413,-0.0142876068,-0.9959343672,-0.0889416933,1,349.2,188.6,1801.6,1,-0.2883972526,-0.0896347314,0.9533061981,-0.9568865895,-0.0089652780,-0.2903233767,0.0345697105,-0.9959343672,-0.0831847116,1,419.9,-78.9,1797.6,1,0.5799179077,0.3949618042,0.7125309706,-0.3184057772,0.9149361849,-0.2480111420,-0.7498753071,-0.0830478594,0.6563460231,1,221.5,-180.6,2036.5,1,0.5795795918,0.0078037106,0.8148783445,-0.3344766796,0.9141223431,0.2291413248,-0.7431103587,-0.4053633809,0.5324168205,1,65.8,-541.2,2069.2,1,0.5724740624,0.2200713158,0.7898367047,-0.2883375287,0.9558110237,-0.0573293343,-0.7675511241,-0.1949200183,0.6106318831,1,350.3,-193.6,1908.7,1,0.5644727945,0.0982851684,0.8195794225,-0.4505831897,0.8686020374,0.2061682194,-0.6916251183,-0.4856651127,0.5345878601,1,263.6,-570.4,1985.5,1,153.6,-307.1,1995.6,0,345.9,-324.5,1806.5,1,62.9,-887.6,2222.8,1,226.3,-899.4,2169.4,1,
21,0.6969475150,-0.1284230798,0.7055291533,-0.0574649982,0.9706686139,0.2334509492,-0.7148159742,-0.2032461762,0.6691249609,1,224.0,396.3,1857.5,1,0.6969475150,-0.1284230798,0.7055291533,-0.0574649982,0.9706686139,0.2334509492,-0.7148159742,-0.2032461762,0.6691249609,1,249.7,202.1,1898.2,1,0.6993186474,-0.0901411399,0.7091035247,-0.0785868764,0.9763075709,0.2016106695,-0.7104769945,-0.1967162341,0.6756658554,1,267.5,9.6,1937.0,1,-0.0000026226,-1.0000003576,0.0000000000,1.0000003576,-0.0000026226,0.0000000000,-0.0000000000,0.0000000000,1.0000000000,0,153.2,212.9,1996.3,1,0.0000197291,-0.9999990463,0.0000000000,0.9999990463,0.0000197291,-0.0000000000,0.0000000000,0.0000000000,1.0000000000,0,153.2,-44.8,1996.3,0,0.2594965696,-0.0946677700,0.9610929489,-0.9656941295,-0.0153182540,0.2592300773,-0.0098184664,-0.9953911304,-0.0953951403,1,346.3,191.2,1800.1,1,-0.2870757878,-0.0946677551,0.9532185197,-0.9569853544,-0.0153182484,-0.2897315621,0.0420298725,-0.9953911304,-0.0861981586,1,419.5,-81.0,1797.3,1,0.6168352365,0.3975416124,0.6793193817,-0.3189786077,0.9152822495,-0.2459896356,-0.7195600867,-0.0649532825,0.6913857460,1,221.7,-175.6,2040.3,1,0.6168352962,-0.0012731238,0.7870912552,-0.3189786375,0.9137949347,0.2514583766,-0.7195601463,-0.4061736763,0.5632549524,1,65.0,-536.3,2065.9,1,0.5669637918,0.2083491385,0.7969583869,-0.2787118554,0.9589431882,-0.0524186008,-0.7751591802,-0.1924023032,0.6017554402,1,348.9,-189.9,1911.1,1,0.5580833554,0.1027487516,0.8233987093,-0.4538403153,0.8685267568,0.1992238909,-0.6946737766,-0.4848751724,0.5313418508,1,266.8,-567.9,1986.9,1,153.2,-302.6,1996.3,0,345.8,-326.5,1808.1,1,65.5,-882.7,2219.9,1,227.8,-897.0,2170.7,1,
22,0.6825759411,-0.1286480725,0.7194021940,-0.0479081236,0.9743896127,0.2197023928,-0.7292426825,-0.1844286770,0.6589313149,1,222.5,395.5,1864.0,1,0.6825759411,-0.1286480725,0.7194021940,-0.0479081236,0.9743896127,0.2197023928,-0.7292426825,-0.1844286770,0.6589313149,1,248.2,200.7,1900.9,1,0.6850785017,-0.0964067578,0.7220616341,-0.0696176216,0.9780025482,0.1966309547,-0.7251350880,-0.1849757433,0.6632965803,1,267.2,7.9,1937.3,1,-0.0000026226,-1.0000003576,0.0000000000,1.0000003576,-0.0000026226,0.0000000000,-0.0000000000,0.0000000000,1.0000000000,0,153.6,210.3,2001.0,1,0.0000197291,-0.9999990463,0.0000000000,0.9999990463,0.0000197291,-0.0000000000,0.0000000000,0.0000000000,1.0000000000,0,153.6,-47.5,2001.0,0,0.2571368217,-0.1022660434,0.9609486461,-0.9663127661,-0.0159193724,0.2568779886,-0.0109721953,-0.9946297407,-0.1029144302,1,342.8,191.1,1800.7,1,-0.2710420191,-0.1022660434,0.9571195841,-0.9615950584,-0.0159193743,-0.2740103006,0.0432586968,-0.9946297407,-0.0940236896,1,415.2,-81.0,1797.6,1,0.6554289460,0.4040267766,0.6381029487,-0.3096936345,0.9143587947,-0.2608407736,-0.6888417006,-0.0266538374,0.7244216800,1,223.9,-178.5,2039.7,1,0.6554289460,-0.0082406932,0.7552119493,-0.3096936643,0.9090759754,0.2786947489,-0.6888416409,-0.4165489376,0.5932825804,1,64.8,-538.6,2050.2,1,0.5530982614,0.2047976553,0.8075520396,-0.2638918757,0.9624701142,-0.0633438900,-0.7902173400,-0.1780710369,0.5863848925,1,348.5,-191.1,1907.8,1,0.5460442305,0.0951772183,0.8323322535,-0.4645626843,0.8611754179,0.2062968314,-0.6971492767,-0.4993176758,0.5144556761,1,267.8,-570.5,1978.0,1,153.6,-305.2,2001.0,0,345.6,-327.8,1808.7,1,67.9,-883.1,2208.1,1,231.7,-896.8,2167.2,1,
23,0.6676955223,-0.1267770380,0.7335598469,-0.0478760973,0.9760391712,0.2122609466,-0.7428933978,-0.1768455654,0.6456271410,1,220.5,393.4,1868.2,1,0.6676955223,-0.1267770380,0.7335598469,-0.0478760973,0.9760391712,0.2122609466,-0.7428933978,-0.1768455654,0.6456271410,1,245.8,198.7,1903.5,1,0.6705498695,-0.0927818418,0.7360395193,-0.0732923076,0.9790090919,0.1901806742,-0.7382351756,-0.1814715564,0.6496739388,1,264.0,5.7,1939.3,1,-0.0000026226,-1.0000003576,0.0000000000,1.0000003576,-0.0000026226,0.0000000000,-0.0000000000,0.0000000000,1.0000000000,0,153.2,208.8,2005.5,1,0.0000197291,-0.9999990463,0.0000000000,0.9999990463,0.0000197291,-0.0000000000,0.0000000000,0.0000000000,1.0000000000,0,153.2,-49.0,2005.5,0,0.2787583172,-0.1348531395,0.9508461952,-0.9601408243,-0.0179254338,0.2789410055,-0.0205717403,-0.9907033443,-0.1344748884,1,338.3,188.5,1801.6,1,-0.2762242556,-0.1348531246,0.9515854120,-0.9595203996,-0.0179254375,-0.2810679376,0.0549604744,-0.9907034039,-0.1244428977,1,416.6,-81.0,1795.8,1,0.6374056339,0.4139238298,0.6499085426,-0.3047302663,0.9101115465,-0.2807781696,-0.7077100277,-0.0190772079,0.7062454224,1,221.3,-180.6,2042.2,1,0.6374057531,-0.0197931845,0.7702741623,-0.3047302663,0.9116951823,0.2755929530,-0.7077100873,-0.4103903472,0.5750880837,1,58.3,-539.2,2049.7,1,0.5347247124,0.2048341185,0.8198246360,-0.2721021771,0.9602403641,-0.0624404773,-0.8000186682,-0.1896876097,0.5692000389,1,343.3,-193.9,1907.9,1,0.5271529555,0.0951895267,0.8444221020,-0.4711952806,0.8596913218,0.1972454190,-0.7071666718,-0.5018662214,0.4980417192,1,262.6,-572.4,1982.7,1,153.2,-306.7,2005.5,0,345.7,-327.3,1809.9,1,65.8,-884.7,2205.2,1,226.5,-898.2,2172.9,1,
