1,0.7025517225,-0.1182177439,0.7017433643,0.0010033576,0.9862683415,0.1651412100,-0.7116318941,-0.1153167039,0.6930276155,1,66.4,422.3,1954.8,1,0.7025517225,-0.1182177439,0.7017433643,0.0010033576,0.9862683415,0.1651412100,-0.7116318941,-0.1153167039,0.6930276155,1,88.3,239.5,1976.1,1,0.7040569186,-0.1214328855,0.6996827722,-0.0113668088,0.9832177162,0.1820755750,-0.7100524306,-0.1361452341,0.6908655167,1,109.5,68.0,1999.9,1,-0.0000005960,-1.0000001192,0.0000000000,1.0000001192,-0.0000005960,0.0000000000,-0.0000000000,0.0000000000,1.0000000000,0,1.6,240.9,2063.6,1,0.0000197291,-0.9999990463,0.0000000000,0.9999990463,0.0000197291,0.0000000000,-0.0000000000,0.0000000000,1.0000000000,0,1.6,12.8,2063.6,0,0.2509844899,-0.2550636828,0.9337822199,-0.9632515311,0.0295327827,0.2669722736,-0.0956721231,-0.9664731026,-0.2382782400,1,175.0,238.1,1888.7,1,-0.1918199062,-0.2592391074,0.9465727806,-0.9805150032,0.0089798309,-0.1962388307,0.0423727222,-0.9657713771,-0.2559103370,1,251.5,-55.4,1859.6,1,-0.0350067019,0.1962007135,-0.9799386859,0.2240596265,0.9571198821,0.1836277544,0.9739466310,-0.2131364942,-0.0774662495,1,74.0,-102.6,2080.8,1,-0.9762114882,-0.2106773257,0.0512470305,-0.2132034749,0.9757204056,-0.0501392968,-0.0394395590,-0.0598725975,-0.9974266291,1,5.5,-436.5,2155.2,1,0.2881332636,0.2684187293,0.9192010760,-0.0256282948,0.9617282152,-0.2728038132,-0.9572473168,0.0550462902,0.2839850485,1,187.4,-104.5,1966.5,1,0.2881332934,-0.2436526716,0.9260737896,-0.0256282836,0.9647790790,0.2618100047,-0.9572473764,-0.0991698578,0.2717405856,1,93.7,-440.0,1947.3,1,1.6,-215.4,2063.6,0,201.0,-313.4,1870.7,1,76.2,-763.8,2175.2,1,175.4,-763.6,1980.5,1,
2,0.7030608654,-0.1310502887,0.6989486814,0.0144888302,0.9853081107,0.1701636612,-0.7109819651,-0.1095089987,0.6946349144,1,62.8,416.9,1956.4,1,0.7030608654,-0.1310502887,0.6989486814,0.0144888302,0.9853081107,0.1701636612,-0.7109819651,-0.1095089987,0.6946349144,1,87.0,235.0,1976.6,1,0.7048668265,-0.1336705238,0.6966297626,0.0010657664,0.9822819829,0.1873997450,-0.7093387842,-0.1313499212,0.6925250888,1,110.3,63.7,1999.5,1,-0.0000005960,-1.0000001192,0.0000000000,1.0000001192,-0.0000005960,0.0000000000,-0.0000000000,0.0000000000,1.0000000000,0,0.2,234.9,2063.9,1,0.0000197291,-0.9999990463,0.0000000000,0.9999990463,0.0000197291,0.0000000000,-0.0000000000,0.0000000000,1.0000000000,0,0.2,6.8,2063.9,0,0.2560078204,-0.2549992800,0.9324350357,-0.9614198208,0.0332736373,0.2730653882,-0.1006570011,-0.9663684368,-0.2366430610,1,173.8,235.2,1889.2,1,-0.1908760816,-0.2605071068,0.9464154243,-0.9805668592,0.0060798302,-0.1960903406,0.0453288928,-0.9654525518,-0.2566051781,1,251.2,-55.7,1858.8,1,-0.0357141308,0.1952717304,-0.9800987840,0.2284780592,0.9563451409,0.1822136045,0.9728938341,-0.2174234390,-0.0787703395,1,76.9,-107.7,2079.5,1,-0.9753593206,-0.2126861215,0.0586422086,-0.2144087106,0.9764299989,-0.0247671138,-0.0519923903,-0.0367302336,-0.9979718328,1,8.8,-441.4,2155.4,1,0.3354195058,0.2713675499,0.9021383524,-0.0264233500,0.9599470496,-0.2789324522,-0.9416982532,0.0697218552,0.3291554749,1,190.4,-107.6,1965.3,1,0.3354195356,-0.2472470403,0.9090449214,-0.0264233500,0.9620965719,0.2714259923,-0.9416983128,-0.1150615811,0.3161728382,1,95.7,-442.4,1941.0,1,0.2,-221.3,2063.9,0,201.1,-313.2,1870.7,1,80.1,-768.8,2167.7,1,178.7,-765.2,1979.6,1,
3,0.7031227350,-0.1274605989,0.6995500922,0.0229937546,0.9873637557,0.1567861885,-0.7106965780,-0.0941551775,0.6971732378,1,63.8,417.5,1960.1,1,0.7031227350,-0.1274605989,0.6995500922,0.0229937546,0.9873637557,0.1567861885,-0.7106965780,-0.0941551775,0.6971732378,1,87.3,235.6,1977.5,1,0.7051021457,-0.1350108981,0.6961329579,0.0081328116,0.9831820130,0.1824409217,-0.7090590000,-0.1229784340,0.6943464279,1,110.9,64.1,1998.9,1,-0.0000005960,-1.0000001192,0.0000000000,1.0000001192,-0.0000005960,0.0000000000,-0.0000000000,0.0000000000,1.0000000000,0,0.5,234.6,2064.8,1,0.0000197291,-0.9999990463,0.0000000000,0.9999990463,0.0000197291,0.0000000000,-0.0000000000,0.0000000000,1.0000000000,0,0.5,6.5,2064.8,0,0.2547984123,-0.2526066303,0.9334172606,-0.9618474245,0.0332525186,0.2715581357,-0.0996358395,-0.9669975638,-0.2344963402,1,174.1,236.6,1890.2,1,-0.1916591525,-0.2583396137,0.9468513131,-0.9803678393,0.0048599504,-0.1971174926,0.0463216044,-0.9660419822,-0.2541992962,1,251.6,-55.9,1859.9,1,-0.0313726626,0.2009818554,-0.9790925980,0.2338809073,0.9538555145,0.1883072257,0.9717590809,-0.2230833173,-0.0769307911,1,77.7,-108.0,2077.5,1,-0.9750171304,-0.2139082700,0.0598747879,-0.2153829485,0.9763391018,-0.0192904528,-0.0543317087,-0.0317045227,-0.9980195761,1,7.5,-440.8,2155.3,1,0.3278985023,0.2767550647,0.9032658339,-0.0317358114,0.9588146210,-0.2822542787,-0.9441797733,0.0638848841,0.3231768906,1,191.2,-106.7,1963.3,1,0.3278985023,-0.2457141578,0.9121990800,-0.0317358002,0.9621734023,0.2705831826,-0.9441798329,-0.1176731884,0.3076972663,1,94.6,-441.2,1941.0,1,0.5,-221.6,2064.8,0,201.3,-313.4,1872.1,1,79.3,-768.3,2165.9,1,177.1,-764.0,1980.5,1,
4,0.6940833330,-0.1251714379,0.7089276910,0.0207509771,0.9878367186,0.1540965736,-0.7195954919,-0.0922454149,0.6882430315,1,64.5,421.8,1962.0,1,0.6940833330,-0.1251714379,0.7089276910,0.0207509771,0.9878367186,0.1540965736,-0.7195954919,-0.0922454149,0.6882430315,1,87.6,239.7,1979.0,1,0.6957680583,-0.1339276582,0.7056686282,0.0079309074,0.9838346839,0.1788968891,-0.7182227373,-0.1188745871,0.6855875254,1,110.9,68.1,1999.8,1,-0.0000005960,-1.0000001192,0.0000000000,1.0000001192,-0.0000005960,0.0000000000,-0.0000000000,0.0000000000,1.0000000000,0,1.9,238.7,2067.5,1,0.0000197291,-0.9999990463,0.0000000000,0.9999990463,0.0000197291,0.0000000000,-0.0000000000,0.0000000000,1.0000000000,0,1.9,10.6,2067.5,0,0.2552592456,-0.2631199658,0.9303820133,-0.9618887305,0.0284704864,0.2719551027,-0.0980452374,-0.9643430710,-0.2458247393,1,173.2,240.7,1890.6,1,-0.1930150539,-0.2664520741,0.9443243742,-0.9803273678,0.0118846260,-0.1970204860,0.0412735716,-0.9637749791,-0.2635041475,1,251.8,-55.4,1860.4,1,-0.0130039044,0.2059895992,-0.9784677625,0.2448982447,0.9494035244,0.1966161728,0.9694616199,-0.2370682508,-0.0627924427,1,78.3,-104.2,2078.3,1,-0.9751105309,-0.2159802765,0.0501196757,-0.2165654004,0.9762465358,-0.0064884932,-0.0475277714,-0.0171811841,-0.9987221956,1,6.4,-435.4,2161.0,1,0.2732082605,0.2772633433,0.9211310148,-0.0324662179,0.9596736431,-0.2792353332,-0.9614068866,0.0463837571,0.2711924911,1,190.3,-102.9,1962.7,1,0.2732082903,-0.2436932474,0.9305755496,-0.0324662253,0.9644926190,0.2621069849,-0.9614069462,-0.1018220708,0.2555955350,1,93.6,-437.7,1946.5,1,1.9,-217.5,2067.5,0,201.0,-313.3,1871.3,1,78.9,-762.8,2166.8,1,175.3,-761.2,1980.7,1,
5,0.6981998682,-0.1202210262,0.7057349682,0.0089802966,0.9871917367,0.1592785418,-0.7158465981,-0.1048710793,0.6903412938,1,65.8,422.1,1958.5,1,0.6981998682,-0.1202210262,0.7057349682,0.0089802966,0.9871917367,0.1592785418,-0.7158465981,-0.1048710793,0.6903412938,1,88.0,240.1,1977.8,1,0.6996065378,-0.1275168955,0.7030562758,-0.0022097738,0.9835552573,0.1805875450,-0.7145248652,-0.1278942972,0.6878245473,1,110.2,68.6,2000.1,1,-0.0000005960,-1.0000001192,0.0000000000,1.0000001192,-0.0000005960,0.0000000000,-0.0000000000,0.0000000000,1.0000000000,0,1.9,240.4,2065.8,1,0.0000197291,-0.9999990463,0.0000000000,0.9999990463,0.0000197291,0.0000000000,-0.0000000000,0.0000000000,1.0000000000,0,1.9,12.3,2065.8,0,0.2474642694,-0.2607624233,0.9331476092,-0.9637168050,0.0332140289,0.2648524344,-0.1000571549,-0.9648315310,-0.2430818379,1,174.1,239.9,1889.9,1,-0.1857768893,-0.2654885948,0.9460459352,-0.9816941023,0.0090008937,-0.1902513206,0.0419942923,-0.9640719891,-0.2623007894,1,249.9,-55.2,1859.2,1,-0.0222703777,0.2094772011,-0.9775598645,0.2392450571,0.9505086541,0.1982300878,0.9707038403,-0.2294617444,-0.0712845623,1,76.2,-102.8,2080.0,1,-0.9750168920,-0.2153622806,0.0544183403,-0.2165127546,0.9761464000,-0.0161427669,-0.0496437252,-0.0275217351,-0.9983877540,1,3.1,-434.4,2160.0,1,0.2592151761,0.2779798210,0.9249512553,-0.0329048559,0.9596711397,-0.2791928351,-0.9652589560,0.0419356301,0.2579081953,1,188.8,-103.2,1964.9,1,0.2592151761,-0.2441211194,0.9344583750,-0.0329048447,0.9647350311,0.2611583769,-0.9652590156,-0.0984444171,0.2420411706,1,91.8,-438.0,1950.3,1,1.9,-215.8,2065.8,0,201.1,-313.1,1870.3,1,75.3,-761.8,2169.2,1,173.7,-761.6,1983.3,1,
6,0.7007725835,-0.1257843375,0.7022064924,0.0116258180,0.9862151742,0.1650520861,-0.7132899761,-0.1075008214,0.6925795674,1,65.7,423.9,1956.7,1,0.7007725835,-0.1257843375,0.7022064924,0.0116258180,0.9862151742,0.1650520861,-0.7132899761,-0.1075008214,0.6925795674,1,88.9,241.4,1976.6,1,0.7024117708,-0.1319308728,0.6994354725,-0.0008957967,0.9825063348,0.1862208694,-0.7117702365,-0.1314307749,0.6900104880,1,112.0,70.1,1999.5,1,-0.0000005960,-1.0000001192,0.0000000000,1.0000001192,-0.0000005960,0.0000000000,-0.0000000000,0.0000000000,1.0000000000,0,2.5,241.6,2064.2,1,0.0000197291,-0.9999990463,0.0000000000,0.9999990463,0.0000197291,0.0000000000,-0.0000000000,0.0000000000,1.0000000000,0,2.5,13.4,2064.2,0,0.2441868931,-0.2579156160,0.9348007441,-0.9648461342,0.0319885649,0.2608611286,-0.0971830860,-0.9656377435,-0.2410377413,1,175.4,241.3,1889.0,1,-0.1872082800,-0.2624900937,0.9466001391,-0.9814232588,0.0088077821,-0.1916528046,0.0419695228,-0.9648944139,-0.2592627704,1,250.4,-55.1,1859.1,1,-0.0297291800,0.2004822344,-0.9792461991,0.2352373004,0.9535661340,0.1880830824,0.9714832902,-0.2247636914,-0.0755096227,1,78.4,-101.3,2079.8,1,-0.9762836099,-0.2090343237,0.0563471355,-0.2106034309,0.9772902131,-0.0234521274,-0.0501652062,-0.0347628221,-0.9981358051,1,8.5,-433.9,2158.2,1,0.2676934600,0.2701413333,0.9248589277,-0.0295683444,0.9617420435,-0.2723562121,-0.9630503654,0.0455614179,0.2654396892,1,191.5,-101.4,1965.2,1,0.2676934600,-0.2398737371,0.9331671596,-0.0295683295,0.9660124183,0.2567989230,-0.9630503654,-0.0963355675,0.2515025437,1,97.3,-436.9,1949.3,1,2.5,-214.7,2064.2,0,201.2,-313.1,1870.1,1,78.6,-761.7,2169.8,1,177.7,-761.0,1981.6,1,
7,0.6997851133,-0.1233934164,0.7036141753,0.0083007272,0.9863059521,0.1647099406,-0.7143051624,-0.1094216034,0.6912311316,1,66.6,423.9,1956.3,1,0.6997851133,-0.1233934164,0.7036141753,0.0083007272,0.9863059521,0.1647099406,-0.7143051624,-0.1094216034,0.6912311316,1,89.4,241.5,1976.5,1,0.7011166215,-0.1309206486,0.7009232044,-0.0020078977,0.9826327562,0.1855439097,-0.7130438089,-0.1314957887,0.6886819005,1,112.2,70.1,1999.5,1,-0.0000005960,-1.0000001192,0.0000000000,1.0000001192,-0.0000005960,0.0000000000,-0.0000000000,0.0000000000,1.0000000000,0,3.1,241.8,2064.3,1,0.0000197291,-0.9999990463,0.0000000000,0.9999990463,0.0000197291,0.0000000000,-0.0000000000,0.0000000000,1.0000000000,0,3.1,13.7,2064.3,0,0.2441622913,-0.2597748041,0.9342921376,-0.9647382498,0.0326030031,0.2611840069,-0.0983097479,-0.9651186466,-0.2426542789,1,175.7,241.3,1888.8,1,-0.1882125288,-0.2646055520,0.9458117485,-0.9811943173,0.0086701289,-0.1928278953,0.0428230241,-0.9643177390,-0.2612612844,1,250.7,-55.1,1858.6,1,-0.0293765403,0.2086926103,-0.9775399566,0.2324306965,0.9525812268,0.1963793188,0.9721692204,-0.2214413583,-0.0764900967,1,78.6,-101.1,2079.8,1,-0.9759721756,-0.2107877880,0.0551970080,-0.2125809789,0.9767170548,-0.0288619976,-0.0478281006,-0.0399023443,-0.9980581999,1,5.8,-433.4,2157.1,1,0.2924265563,0.2821530402,0.9137157202,-0.0334465653,0.9579148889,-0.2850973308,-0.9557029605,0.0528093800,0.2895567715,1,191.5,-101.4,1965.0,1,0.2924265862,-0.2424574941,0.9250411987,-0.0334465802,0.9641398787,0.2632786930,-0.9557030201,-0.1079291329,0.2738307416,1,93.1,-435.6,1946.6,1,3.1,-214.5,2064.3,0,201.2,-313.2,1869.8,1,76.5,-761.1,2170.5,1,174.4,-759.0,1982.8,1,
8,0.6999072433,-0.1222381592,0.7036941648,0.0057827309,0.9861826897,0.1655535251,-0.7142103314,-0.1118033901,0.6909478903,1,67.3,423.1,1955.6,1,0.6999072433,-0.1222381592,0.7036941648,0.0057827309,0.9861826897,0.1655535251,-0.7142103314,-0.1118033901,0.6909478903,1,89.9,241.1,1976.3,1,0.7012764215,-0.1283781976,0.7012334466,-0.0049739089,0.9827461243,0.1848864704,-0.7128720880,-0.1331449002,0.6885427833,1,112.3,69.6,1999.5,1,-0.0000005960,-1.0000001192,0.0000000000,1.0000001192,-0.0000005960,0.0000000000,-0.0000000000,0.0000000000,1.0000000000,0,3.5,241.7,2064.0,1,0.0000197291,-0.9999990463,0.0000000000,0.9999990463,0.0000197291,0.0000000000,-0.0000000000,0.0000000000,1.0000000000,0,3.5,13.6,2064.0,0,0.2438347191,-0.2586631775,0.9346860647,-0.9652694464,0.0284925401,0.2596980631,-0.0938059092,-0.9655472636,-0.2427321821,1,176.2,240.5,1888.5,1,-0.1885050982,-0.2624416351,0.9463561773,-0.9811830521,0.0093320087,-0.1928542852,0.0417815968,-0.9649026394,-0.2592623830,1,250.9,-55.0,1859.8,1,-0.0295961127,0.2192663699,-0.9752160311,0.2338486314,0.9500865936,0.2065194100,0.9718225002,-0.2219407409,-0.0793939978,1,78.2,-101.4,2080.1,1,-0.9718422294,-0.2276626825,0.0607654899,-0.2288917005,0.9733512402,-0.0140029779,-0.0559582114,-0.0275174063,-0.9980537891,1,1.7,-432.8,2157.5,1,0.2960166633,0.2792616487,0.9134479761,-0.0341155231,0.9587877989,-0.2820674479,-0.9545733929,0.0523339100,0.2933443487,1,191.1,-102.2,1965.3,1,0.2960166633,-0.2378464490,0.9250963926,-0.0341155231,0.9652512670,0.2590869367,-0.9545733929,-0.1082541868,0.2776162326,1,93.7,-436.7,1947.1,1,3.5,-214.6,2064.0,0,201.3,-313.2,1870.8,1,78.1,-759.3,2166.8,1,173.5,-760.5,1983.4,1,
9,0.6966552138,-0.1193691716,0.7074040174,0.0009680251,0.9862149954,0.1654593050,-0.7174054980,-0.1145838350,0.6871719956,1,67.3,424.9,1955.3,1,0.6966552138,-0.1193691716,0.7074040174,0.0009680251,0.9862149954,0.1654593050,-0.7174054980,-0.1145838350,0.6871719956,1,89.4,242.4,1976.5,1,0.6980904937,-0.1230815426,0.7053499222,-0.0106907897,0.9832124114,0.1821447164,-0.7159297466,-0.1346947402,0.6850600839,1,110.9,70.9,2000.0,1,-0.0000005960,-1.0000001192,0.0000000000,1.0000001192,-0.0000005960,0.0000000000,-0.0000000000,0.0000000000,1.0000000000,0,3.5,243.8,2064.6,1,0.0000197291,-0.9999990463,0.0000000000,0.9999990463,0.0000197291,0.0000000000,-0.0000000000,0.0000000000,1.0000000000,0,3.5,15.6,2064.6,0,0.2465120256,-0.2625690401,0.9328930974,-0.9645274878,0.0273312926,0.2625638843,-0.0944382995,-0.9645261765,-0.2465175539,1,175.4,241.1,1888.3,1,-0.1887787730,-0.2653837502,0.9454808235,-0.9812585115,0.0130757280,-0.1922520846,0.0386577286,-0.9640541673,-0.2628784478,1,250.9,-54.5,1859.4,1,-0.0260015726,0.2111468017,-0.9771084785,0.2294417769,0.9526058435,0.1997462809,0.9729750752,-0.2189957947,-0.0732151419,1,76.2,-99.7,2081.1,1,-0.9749198556,-0.2167091370,0.0506787635,-0.2183445841,0.9754326940,-0.0292684231,-0.0430909880,-0.0395997986,-0.9982860684,1,2.5,-432.1,2157.5,1,0.3009676933,0.2796109319,0.9117216468,-0.0332027487,0.9585422873,-0.2830095589,-0.9530563354,0.0549050681,0.2977740765,1,188.6,-101.4,1965.8,1,0.3009676337,-0.2411489487,0.9226406217,-0.0332027227,0.9642628431,0.2628585398,-0.9530560970,-0.1097460911,0.2822051644,1,91.0,-435.9,1946.7,1,3.5,-212.5,2064.6,0,201.2,-312.9,1869.6,1,75.2,-759.2,2170.8,1,171.9,-759.3,1983.5,1,
10,0.6995875239,-0.1143234298,0.7053405643,-0.0020327577,0.9867950082,0.1619546413,-0.7145440578,-0.1147357374,0.6901217103,1,67.9,421.2,1955.6,1,0.6995875239,-0.1143234298,0.7053405643,-0.0020327577,0.9867950082,0.1619546413,-0.7145440578,-0.1147357374,0.6901217103,1,89.0,239.1,1976.8,1,0.7009349465,-0.1180785596,0.7033815384,-0.0134582967,0.9838346243,0.1785666645,-0.7130982280,-0.1346304119,0.6880196333,1,109.6,67.5,2000.3,1,-0.0000005960,-1.0000001192,0.0000000000,1.0000001192,-0.0000005960,0.0000000000,-0.0000000000,0.0000000000,1.0000000000,0,2.7,240.8,2064.6,1,0.0000197291,-0.9999990463,0.0000000000,0.9999990463,0.0000197291,0.0000000000,-0.0000000000,0.0000000000,1.0000000000,0,2.7,12.7,2064.6,0,0.2495404482,-0.2583100200,0.9332767129,-0.9637023211,0.0282114595,0.2654840350,-0.0949062854,-0.9656499624,-0.2418941259,1,175.3,237.5,1889.0,1,-0.1889226288,-0.2611461878,0.9466312528,-0.9812920690,0.0138170011,-0.1920283288,0.0370678641,-0.9652002454,-0.2588710487,1,251.0,-54.8,1860.2,1,-0.0320969038,0.2031097412,-0.9786297083,0.2194434553,0.9566751122,0.1913559437,0.9750970006,-0.2086119354,-0.0752774328,1,73.8,-103.0,2081.2,1,-0.9768350124,-0.2084522545,0.0483820587,-0.2106723040,0.9764512181,-0.0464766137,-0.0375545658,-0.0555927455,-0.9977470040,1,2.9,-436.8,2153.9,1,0.2805776596,0.2740837038,0.9198665023,-0.0303780101,0.9604182243,-0.2769006789,-0.9593504667,0.0497484170,0.2777980268,1,186.6,-105.2,1966.3,1,0.2805776298,-0.2446608692,0.9281256199,-0.0303780064,0.9642195702,0.2633588910,-0.9593505263,-0.1020872369,0.2631061077,1,91.0,-440.3,1949.0,1,2.7,-215.4,2064.6,0,201.3,-312.9,1869.9,1,72.8,-764.2,2172.6,1,173.1,-763.7,1983.2,1,
11,0.6969741583,-0.1158099771,0.7076814175,-0.0054704174,0.9859850407,0.1667373627,-0.7170753479,-0.1200834960,0.6865772009,1,67.6,420.4,1954.8,1,0.6969741583,-0.1158099771,0.7076814175,-0.0054704174,0.9859850407,0.1667373627,-0.7170753479,-0.1200834960,0.6865772009,1,89.0,238.7,1976.9,1,0.6981952786,-0.1184524745,0.7060384154,-0.0157363079,0.9834387898,0.1805498153,-0.7157343626,-0.1371699721,0.6847730279,1,109.6,67.2,2000.8,1,-0.0000005960,-1.0000001192,0.0000000000,1.0000001192,-0.0000005960,0.0000000000,-0.0000000000,0.0000000000,1.0000000000,0,3.0,240.7,2065.0,1,0.0000197291,-0.9999990463,0.0000000000,0.9999990463,0.0000197291,0.0000000000,-0.0000000000,0.0000000000,1.0000000000,0,3.0,12.5,2065.0,0,0.2523000240,-0.2625802755,0.9313411117,-0.9628586173,0.0275280699,0.2685992420,-0.0961669013,-0.9645174146,-0.2458823323,1,174.9,236.8,1888.8,1,-0.1914065480,-0.2652680576,0.9449847937,-0.9807695150,0.0142802857,-0.1946461201,0.0381387435,-0.9640688300,-0.2629002035,1,251.5,-55.4,1859.6,1,-0.0239008963,0.1976293027,-0.9799854159,0.2332097143,0.9543225765,0.1867662817,0.9721327424,-0.2240782529,-0.0688982457,1,74.1,-103.1,2082.4,1,-0.9758788943,-0.2129439265,0.0481160432,-0.2143585980,0.9763983488,-0.0263933484,-0.0413601212,-0.0360707976,-0.9984929562,1,5.1,-436.0,2160.5,1,0.2798000276,0.2633134425,0.9232431650,-0.0271870047,0.9634406567,-0.2665386498,-0.9596732259,0.0494773053,0.2767294645,1,186.5,-105.7,1967.1,1,0.2798001170,-0.2424187809,0.9289484620,-0.0271870047,0.9652070999,0.2600696385,-0.9596734047,-0.0980228186,0.2634744048,1,94.6,-441.8,1949.9,1,3.0,-215.6,2065.0,0,201.2,-313.1,1869.6,1,76.6,-763.5,2172.6,1,176.0,-765.6,1982.8,1,
12,0.6958284378,-0.1176559329,0.7085039020,-0.0057526799,0.9855451584,0.1693080813,-0.7181850076,-0.1218857318,0.6850982308,1,67.5,421.4,1954.4,1,0.6958284378,-0.1176559329,0.7085039020,-0.0057526799,0.9855451584,0.1693080813,-0.7181850076,-0.1218857318,0.6850982308,1,89.2,239.7,1976.8,1,0.6971920729,-0.1195397303,0.7068459988,-0.0170697849,0.9829511046,0.1830666959,-0.7166810632,-0.1396988928,0.6832699776,1,110.0,68.2,2001.2,1,-0.0000005960,-1.0000001192,0.0000000000,1.0000001192,-0.0000005960,0.0000000000,-0.0000000000,0.0000000000,1.0000000000,0,3.3,241.8,2065.1,1,0.0000197291,-0.9999990463,0.0000000000,0.9999990463,0.0000197291,0.0000000000,-0.0000000000,0.0000000000,1.0000000000,0,3.3,13.7,2065.1,0,0.2520542145,-0.2634013295,0.9311758280,-0.9633990526,0.0224578455,0.2671291232,-0.0912743732,-0.9644249082,-0.2480999678,1,175.0,237.6,1888.6,1,-0.1924146712,-0.2645220757,0.9449892044,-0.9806607962,0.0167098083,-0.1950005144,0.0357913561,-0.9642348289,-0.2626216114,1,251.7,-55.7,1860.8,1,-0.0245264210,0.1972244233,-0.9800513983,0.2312883884,0.9548676014,0.1863683909,0.9725757837,-0.2221035510,-0.0690352246,1,74.7,-101.8,2083.3,1,-0.9767495394,-0.2093397826,0.0462278128,-0.2109303027,0.9769546986,-0.0326775126,-0.0383217782,-0.0416685902,-0.9983962774,1,5.9,-435.0,2160.8,1,0.3152730465,0.2667647302,0.9107357860,-0.0283595435,0.9618980885,-0.2719334662,-0.9485772848,0.0599052273,0.3108258545,1,187.0,-104.6,1967.9,1,0.3152730167,-0.2468851805,0.9163244963,-0.0283595473,0.9626852870,0.2691335678,-0.9485772252,-0.1108371094,0.2965071201,1,93.9,-440.2,1947.0,1,3.3,-214.4,2065.1,0,201.2,-313.2,1870.2,1,76.2,-762.6,2174.7,1,176.8,-763.1,1984.1,1,
13,0.6902301311,-0.1205587983,0.7134744525,-0.0055196797,0.9851160645,0.1717952937,-0.7235688567,-0.1225170121,0.6792960167,1,67.3,423.8,1954.1,1,0.6902301311,-0.1205587983,0.7134744525,-0.0055196797,0.9851160645,0.1717952937,-0.7235688567,-0.1225170121,0.6792960167,1,89.6,241.5,1976.8,1,0.6919259429,-0.1212324798,0.7117154598,-0.0193189159,0.9823381901,0.1861079186,-0.7217099071,-0.1425230205,0.6773679852,1,110.8,70.2,2001.7,1,-0.0000005960,-1.0000001192,0.0000000000,1.0000001192,-0.0000005960,0.0000000000,-0.0000000000,0.0000000000,1.0000000000,0,4.4,243.9,2065.7,1,0.0000197291,-0.9999990463,0.0000000000,0.9999990463,0.0000197291,0.0000000000,-0.0000000000,0.0000000000,1.0000000000,0,4.4,15.8,2065.7,0,0.2524467409,-0.2718451023,0.9286392927,-0.9629172087,0.0238347799,0.2687423229,-0.0951901823,-0.9620459080,-0.2557472885,1,174.8,239.1,1888.0,1,-0.1924779117,-0.2738502920,0.9423153996,-0.9804613590,0.0139443390,-0.1962171644,0.0405941680,-0.9616712928,-0.2711835802,1,251.9,-54.8,1858.9,1,-0.0234262124,0.1971236467,-0.9800986052,0.2198344618,0.9573875666,0.1873014271,0.9752558470,-0.2110717297,-0.0657625496,1,76.2,-99.7,2084.6,1,-0.9771913290,-0.2089875787,0.0376996994,-0.2105848044,0.9765383601,-0.0450202115,-0.0274065398,-0.0519323424,-0.9982745051,1,7.4,-433.6,2158.3,1,0.3371474147,0.2684415579,0.9023696184,-0.0282659493,0.9609413743,-0.2753049433,-0.9410275817,0.0673120096,0.3315666318,1,187.6,-102.8,1968.4,1,0.3371474147,-0.2456382811,0.9088418484,-0.0282659531,0.9622857571,0.2705685198,-0.9410275221,-0.1169107556,0.3174889088,1,94.0,-438.0,1945.0,1,4.4,-212.4,2065.7,0,201.2,-313.1,1869.6,1,77.5,-761.2,2175.7,1,176.4,-760.8,1984.2,1,
14,0.6957215071,-0.1159655526,0.7088873386,-0.0070791095,0.9857267737,0.1681970209,-0.7182767391,-0.1220371649,0.6849752069,1,67.4,421.1,1954.5,1,0.6957215071,-0.1159655526,0.7088873386,-0.0070791095,0.9857267737,0.1681970209,-0.7182767391,-0.1220371649,0.6849752069,1,88.8,239.2,1977.1,1,0.6972407103,-0.1174442023,0.7071491480,-0.0198927112,0.9829369783,0.1828575879,-0.7165609598,-0.1415634155,0.6830121875,1,109.3,67.7,2001.8,1,-0.0000005960,-1.0000001192,0.0000000000,1.0000001192,-0.0000005960,0.0000000000,-0.0000000000,0.0000000000,1.0000000000,0,3.0,241.6,2065.3,1,0.0000197291,-0.9999990463,0.0000000000,0.9999990463,0.0000197291,0.0000000000,-0.0000000000,0.0000000000,1.0000000000,0,3.0,13.5,2065.3,0,0.2534426451,-0.2648488581,0.9303879738,-0.9624749422,0.0274017677,0.2699835598,-0.0969991311,-0.9639004469,-0.2479656041,1,174.6,236.7,1888.8,1,-0.1902445555,-0.2683466971,0.9443501234,-0.9808019996,0.0099869408,-0.1947501451,0.0428293832,-0.9632706046,-0.2650949657,1,251.4,-54.9,1859.4,1,-0.0305946283,0.2049287409,-0.9782986641,0.2172204405,0.9567276835,0.1936169565,0.9756430387,-0.2065828443,-0.0737854317,1,73.6,-102.1,2084.1,1,-0.9764213562,-0.2105321437,0.0477245003,-0.2122339606,0.9766309857,-0.0338938646,-0.0394734778,-0.0432234555,-0.9982852936,1,2.1,-435.9,2156.2,1,0.3249549866,0.2715479434,0.9059061408,-0.0248588920,0.9600130320,-0.2788495421,-0.9454027414,0.0680937320,0.3187114000,1,185.9,-105.3,1968.8,1,0.3249550462,-0.2456570566,0.9132671356,-0.0248588845,0.9631225467,0.2679126561,-0.9454028010,-0.1097623780,0.3068647087,1,91.2,-440.3,1945.0,1,2.9,-214.6,2065.3,0,201.3,-313.2,1870.7,1,72.8,-763.5,2170.7,1,173.6,-763.4,1981.8,1,
15,0.6967694759,-0.1203150302,0.7071310282,-0.0042531621,0.9851213694,0.1718008071,-0.7172824740,-0.1227136776,0.6858955026,1,66.4,421.5,1954.7,1,0.6967694759,-0.1203150302,0.7071310282,-0.0042531621,0.9851213694,0.1718008071,-0.7172824740,-0.1227136776,0.6858955026,1,88.6,239.6,1977.4,1,0.6982578635,-0.1226202548,0.7052644491,-0.0163063407,0.9822391868,0.1869168133,-0.7156605721,-0.1420169622,0.6838615537,1,110.0,68.3,2002.2,1,-0.0000005960,-1.0000001192,0.0000000000,1.0000001192,-0.0000005960,0.0000000000,-0.0000000000,0.0000000000,1.0000000000,0,2.6,241.6,2065.5,1,0.0000197291,-0.9999990463,0.0000000000,0.9999990463,0.0000197291,0.0000000000,-0.0000000000,0.0000000000,1.0000000000,0,2.6,13.5,2065.5,0,0.2465297282,-0.2638927698,0.9325147271,-0.9645979404,0.0261851065,0.2624217272,-0.0936691910,-0.9641965628,-0.2480950058,1,174.6,237.6,1889.3,1,-0.1857450306,-0.2658562064,0.9459488392,-0.9819869399,0.0162796490,-0.1882460713,0.0346466713,-0.9638751745,-0.2640911937,1,249.7,-56.5,1860.7,1,-0.0328863636,0.1944712847,-0.9803568721,0.2171061635,0.9588555694,0.1829232723,0.9755939245,-0.2068257779,-0.0737541914,1,75.2,-101.8,2084.6,1,-0.9755586386,-0.2141062468,0.0494345725,-0.2155801356,0.9761226177,-0.0266442131,-0.0425495096,-0.0366501100,-0.9984218478,1,7.3,-436.3,2156.7,1,0.3360385597,0.2638355494,0.9041398764,-0.0227291062,0.9619555473,-0.2722589970,-0.9415739775,0.0709392279,0.3292509019,1,187.6,-104.4,1969.3,1,0.3360385895,-0.2448298633,0.9094704390,-0.0227291211,0.9632339478,0.2677011490,-0.9415740967,-0.1106293723,0.3181189597,1,95.6,-440.0,1944.6,1,2.6,-214.6,2065.5,0,201.2,-313.2,1869.8,1,79.1,-763.7,2169.0,1,177.7,-763.1,1981.7,1,
16,0.6946347952,-0.1213699430,0.7090483904,-0.0001424151,0.9856404066,0.1688507646,-0.7193625569,-0.1173911393,0.6846475601,1,68.4,420.8,1955.3,1,0.6946347952,-0.1213699430,0.7090483904,-0.0001424151,0.9856404066,0.1688507646,-0.7193625569,-0.1173911393,0.6846475601,1,90.7,239.2,1977.0,1,0.6959551573,-0.1253508627,0.7070582509,-0.0106765106,0.9827303886,0.1847285181,-0.7180058956,-0.1361121833,0.6826027632,1,112.6,67.8,2000.7,1,-0.0000005960,-1.0000001192,0.0000000000,1.0000001192,-0.0000005960,0.0000000000,-0.0000000000,0.0000000000,1.0000000000,0,5.0,240.5,2065.4,1,0.0000197291,-0.9999990463,0.0000000000,0.9999990463,0.0000197291,0.0000000000,-0.0000000000,0.0000000000,1.0000000000,0,5.0,12.4,2065.4,0,0.2426959127,-0.2668913901,0.9326668978,-0.9651938677,0.0301606283,0.2597906888,-0.0974657312,-0.9632545114,-0.2502820492,1,176.4,237.9,1888.6,1,-0.1870590597,-0.2719278336,0.9439619184,-0.9811663032,0.0045859888,-0.1931105107,0.0481831245,-0.9623067379,-0.2676642537,1,250.4,-56.2,1858.9,1,-0.0279057585,0.2013358623,-0.9791247249,0.2187149376,0.9570022821,0.1905533224,0.9753897190,-0.2088316530,-0.0707410425,1,78.4,-102.8,2082.3,1,-0.9760889411,-0.2122336179,0.0469832011,-0.2136400789,0.9765334129,-0.0272115618,-0.0401054546,-0.0365983956,-0.9985250235,1,8.2,-436.6,2155.1,1,0.3535454869,0.2696337402,0.8957138658,-0.0265777409,0.9600642323,-0.2785145044,-0.9350397587,0.0746614933,0.3465926349,1,190.5,-104.5,1966.6,1,0.3535455167,-0.2443276793,0.9029450417,-0.0265777335,0.9622722268,0.2707874775,-0.9350398183,-0.1197338998,0.3337133229,1,96.4,-439.4,1940.6,1,5.0,-215.7,2065.4,0,201.3,-313.4,1871.5,1,79.4,-764.2,2167.4,1,178.4,-762.2,1980.8,1,
17,0.6868961453,-0.1249219328,0.7159371376,-0.0027103750,0.9846683741,0.1744088233,-0.7267506719,-0.1217417866,0.6760310531,1,68.1,421.8,1955.1,1,0.6868961453,-0.1249219328,0.7159371376,-0.0027103750,0.9846683741,0.1744088233,-0.7267506719,-0.1217417866,0.6760310531,1,91.1,240.2,1977.6,1,0.6877890229,-0.1319784671,0.7138107419,-0.0095443064,0.9816038013,0.1906841546,-0.7258480191,-0.1379638314,0.6738814116,1,114.1,69.0,2001.6,1,-0.0000005960,-1.0000001192,0.0000000000,1.0000001192,-0.0000005960,0.0000000000,-0.0000000000,0.0000000000,1.0000000000,0,6.4,241.4,2066.9,1,0.0000197291,-0.9999990463,0.0000000000,0.9999990463,0.0000197291,0.0000000000,-0.0000000000,0.0000000000,1.0000000000,0,6.4,13.3,2066.9,0,0.2472136766,-0.2773202360,0.9284281731,-0.9643529058,0.0229185596,0.2636251152,-0.0943868160,-0.9605041146,-0.2617687881,1,175.8,239.1,1888.2,1,-0.1899224073,-0.2789798081,0.9413287044,-0.9809453487,0.0139450021,-0.1937826127,0.0409346037,-0.9601956606,-0.2763124108,1,251.2,-55.1,1859.4,1,-0.0098232105,0.2116584480,-0.9772942066,0.2444947213,0.9481850863,0.2028965801,0.9696007371,-0.2369501740,-0.0610636063,1,81.8,-101.5,2084.1,1,-0.9764128327,-0.2104914039,0.0480765253,-0.2102522701,0.9775956869,0.0100354012,-0.0491117686,-0.0003095023,-0.9987931848,1,8.0,-432.1,2166.8,1,0.3208961785,0.2782393396,0.9053223729,-0.0295305736,0.9583489299,-0.2840691209,-0.9466539621,0.0644220114,0.3157470822,1,192.5,-103.0,1967.3,1,0.3208962083,-0.2444682270,0.9150196314,-0.0295305699,0.9630608559,0.2676598728,-0.9466539025,-0.1129120812,0.3018232584,1,95.4,-437.3,1944.8,1,6.4,-214.8,2066.9,0,201.2,-313.1,1870.2,1,78.5,-759.8,2166.9,1,177.5,-760.4,1982.7,1,
18,0.6775848269,-0.1270143986,0.7243921757,0.0081872270,0.9862147570,0.1652603000,-0.7353991866,-0.1060476303,0.6692887545,1,66.0,417.7,1960.5,1,0.6775848269,-0.1270143986,0.7243921757,0.0081872270,0.9862147570,0.1652603000,-0.7353991866,-0.1060476303,0.6692887545,1,89.3,236.4,1980.0,1,0.6790317893,-0.1329001784,0.7219773531,-0.0027756882,0.9830040336,0.1835564226,-0.7341037393,-0.1266451031,0.6671268344,1,112.5,64.9,2002.1,1,-0.0000005960,-1.0000001192,0.0000000000,1.0000001192,-0.0000005960,0.0000000000,-0.0000000000,0.0000000000,1.0000000000,0,5.8,236.7,2070.4,1,0.0000197291,-0.9999990463,0.0000000000,0.9999990463,0.0000197291,0.0000000000,-0.0000000000,0.0000000000,1.0000000000,0,5.8,8.6,2070.4,0,0.2579877675,-0.2859664857,0.9228572249,-0.9610762596,0.0217866078,0.2754230201,-0.0988676846,-0.9579919577,-0.2692148983,1,172.9,236.1,1889.7,1,-0.1895544231,-0.2868568301,0.9390326738,-0.9810649753,0.0166078173,-0.1929657459,0.0397582538,-0.9578295946,-0.2845732570,1,251.1,-55.1,1859.7,1,-0.0060018543,0.2234088629,-0.9747062922,0.2180064619,0.9515705705,0.2167636305,0.9759288430,-0.2111912966,-0.0544157773,1,81.0,-106.3,2083.3,1,-0.9766171575,-0.2132301927,0.0274186451,-0.2141016126,0.9762132168,-0.0341808163,-0.0194780622,-0.0392519534,-0.9990394711,1,3.1,-438.1,2156.9,1,0.3440600932,0.2861269712,0.8942897320,-0.0318292603,0.9554451108,-0.2934478819,-0.9384080768,0.0724991113,0.3378376961,1,190.4,-106.8,1965.1,1,0.3440600932,-0.2447572351,0.9064859152,-0.0318292528,0.9618322849,0.2717821002,-0.9384080768,-0.1223621145,0.3231376708,1,90.6,-440.1,1939.8,1,5.7,-219.5,2070.4,0,201.2,-313.1,1870.2,1,74.6,-765.2,2170.1,1,172.7,-762.7,1980.9,1,
19,0.6747395396,-0.1314884126,0.7262473106,0.0131422998,0.9859862924,0.1663007736,-0.7379390597,-0.1026656628,0.6670167446,1,64.5,419.8,1962.2,1,0.6747395396,-0.1314884126,0.7262473106,0.0131422998,0.9859862924,0.1663007736,-0.7379390597,-0.1026656628,0.6670167446,1,88.7,238.2,1981.1,1,0.6763936877,-0.1357233375,0.7239258885,0.0009534167,0.9830353260,0.1834073663,-0.7365397811,-0.1233658418,0.6650530696,1,112.4,66.7,2002.7,1,-0.0000005960,-1.0000001192,0.0000000000,1.0000001192,-0.0000005960,0.0000000000,-0.0000000000,0.0000000000,1.0000000000,0,5.4,238.1,2071.8,1,0.0000197291,-0.9999990463,0.0000000000,0.9999990463,0.0000197291,0.0000000000,-0.0000000000,0.0000000000,1.0000000000,0,5.4,10.0,2071.8,0,0.2584338188,-0.2893583775,0.9216744304,-0.9606630206,0.0234425217,0.2767257988,-0.1016792879,-0.9569338560,-0.2719174922,1,172.0,238.3,1890.5,1,-0.1969070882,-0.2897775471,0.9366198182,-0.9796624184,0.0205518827,-0.1995975375,0.0385895856,-0.9568734169,-0.2879309952,1,251.0,-55.5,1859.4,1,-0.0044587459,0.2173076719,-0.9760928750,0.2115312368,0.9542192221,0.2114716172,0.9773610234,-0.2055312842,-0.0502219647,1,81.6,-104.8,2083.5,1,-0.9761989117,-0.2159444243,0.0200851560,-0.2166571021,0.9751847982,-0.0455431081,-0.0097519578,-0.0488107316,-0.9987603426,1,5.8,-437.6,2155.1,1,0.3565859795,0.2759465575,0.8925804496,-0.0377415605,0.9588598609,-0.2813594937,-0.9334997535,0.0666414723,0.3523306847,1,190.5,-104.7,1964.9,1,0.3565860391,-0.2433525473,0.9020122290,-0.0377415717,0.9609401822,0.2741707563,-0.9334999323,-0.1318088025,0.3334733248,1,94.3,-439.2,1941.6,1,5.4,-218.1,2071.8,0,199.3,-312.9,1869.5,1,78.2,-764.6,2171.5,1,175.9,-761.5,1985.8,1,
20,0.6654622555,-0.1326910108,0.7345413566,0.0164932180,0.9864456058,0.1632504165,-0.7462494373,-0.0965225250,0.6586354971,1,64.4,421.0,1963.6,1,0.6654622555,-0.1326910108,0.7345413566,0.0164932180,0.9864456058,0.1632504165,-0.7462494373,-0.0965225250,0.6586354971,1,88.9,239.1,1981.4,1,0.6673266888,-0.1369703412,0.7320601940,0.0028738235,0.9834085703,0.1813749969,-0.7447597384,-0.1189329997,0.6566531658,1,112.8,67.6,2002.1,1,-0.0000005960,-1.0000001192,0.0000000000,1.0000001192,-0.0000005960,0.0000000000,-0.0000000000,0.0000000000,1.0000000000,0,6.7,238.8,2073.1,1,0.0000197291,-0.9999990463,0.0000000000,0.9999990463,0.0000197291,0.0000000000,-0.0000000000,0.0000000000,1.0000000000,0,6.7,10.6,2073.1,0,0.2606348395,-0.2991576195,0.9179185033,-0.9601347446,0.0191957653,0.2788778245,-0.1010485664,-0.9540107250,-0.2822285295,1,171.0,239.5,1889.7,1,-0.2009886652,-0.2973591387,0.9333707690,-0.9789687395,0.0269472972,-0.2022225261,0.0349808969,-0.9543852806,-0.2965214252,1,251.0,-55.3,1858.7,1,0.0090035424,0.2207714766,-0.9752840400,0.2128200084,0.9525554776,0.2175911516,0.9770500064,-0.2095190734,-0.0384082049,1,82.9,-104.2,2082.8,1,-0.9753286839,-0.2204590738,0.0114787696,-0.2207174003,0.9748250246,-0.0316243991,-0.0042179064,-0.0333777517,-0.9994338751,1,5.9,-436.5,2155.9,1,0.3644415140,0.2780033648,0.8887612224,-0.0370348245,0.9579705596,-0.2844656706,-0.9304895401,0.0707559809,0.3594200909,1,190.4,-103.8,1962.9,1,0.3644415736,-0.2433255911,0.8988743424,-0.0370348319,0.9607079625,0.2750794590,-0.9304895997,-0.1335400343,0.3411103487,1,93.4,-438.0,1938.2,1,6.7,-217.5,2073.1,0,198.2,-312.6,1867.9,1,79.8,-763.4,2167.1,1,175.0,-760.2,1983.0,1,
21,0.6666197181,-0.1362281442,0.7328424454,0.0206139144,0.9861502647,0.1645607948,-0.7451130748,-0.0945931971,0.6602001190,1,62.7,415.8,1964.3,1,0.6666197181,-0.1362281442,0.7328424454,0.0206139144,0.9861502647,0.1645607948,-0.7451130748,-0.0945931971,0.6602001190,1,87.7,235.1,1981.6,1,0.6690425873,-0.1372041702,0.7304484248,0.0031620318,0.9833284616,0.1818042248,-0.7432174683,-0.1193255112,0.6583272219,1,111.6,63.6,2002.4,1,-0.0000005960,-1.0000001192,0.0000000000,1.0000001192,-0.0000005960,0.0000000000,-0.0000000000,0.0000000000,1.0000000000,0,5.3,234.7,2073.1,1,0.0000197291,-0.9999990463,0.0000000000,0.9999990463,0.0000197291,0.0000000000,-0.0000000000,0.0000000000,1.0000000000,0,5.3,6.6,2073.1,0,0.2657195032,-0.2985945046,0.9166430831,-0.9579630494,0.0249017701,0.2858090997,-0.1081670672,-0.9540553093,-0.2794255614,1,170.0,235.5,1890.1,1,-0.2007755041,-0.2986296713,0.9330109954,-0.9788842201,0.0238202624,-0.2030228376,0.0384040736,-0.9540717602,-0.2971063852,1,250.5,-54.6,1857.3,1,0.0109475236,0.2249078453,-0.9743183851,0.2232055664,0.9492420554,0.2216272354,0.9747098088,-0.2198996246,-0.0398088321,1,81.7,-108.2,2083.1,1,-0.9747493267,-0.2224245965,0.0197774060,-0.2226464152,0.9748500586,-0.0097991126,-0.0171004422,-0.0139550464,-0.9997563958,1,3.2,-439.4,2159.8,1,0.3313128948,0.2780085802,0.9016335011,-0.0370946638,0.9587043524,-0.2819750011,-0.9427914619,0.0599761643,0.3279437721,1,189.4,-107.7,1963.4,1,0.3313128948,-0.2436575890,0.9115167856,-0.0370946527,0.9619692564,0.2706270516,-0.9427914619,-0.1234746203,0.3096744716,1,92.4,-442.2,1942.5,1,5.3,-221.5,2073.1,0,197.6,-312.5,1867.5,1,77.8,-766.3,2164.4,1,174.1,-764.9,1983.9,1,
22,0.6666094065,-0.1314393878,0.7337257862,0.0191194788,0.9870211482,0.1594404727,-0.7451621294,-0.0922565162,0.6604752541,1,63.4,413.5,1964.6,1,0.6666094065,-0.1314393878,0.7337257862,0.0191194788,0.9870211482,0.1594404727,-0.7451621294,-0.0922565162,0.6604752541,1,87.5,233.0,1981.5,1,0.6690196991,-0.1309892088,0.7316094041,0.0010117455,0.9845062494,0.1753397435,-0.7432441115,-0.1165659502,0.6587913036,1,110.3,61.2,2001.8,1,-0.0000005960,-1.0000001192,0.0000000000,1.0000001192,-0.0000005960,0.0000000000,-0.0000000000,0.0000000000,1.0000000000,0,5.1,232.8,2073.0,1,0.0000197291,-0.9999990463,0.0000000000,0.9999990463,0.0000197291,0.0000000000,-0.0000000000,0.0000000000,1.0000000000,0,5.1,4.7,2073.0,0,0.2689247429,-0.2972887456,0.9161325097,-0.9569722414,0.0251819268,0.2890846431,-0.1090116054,-0.9544553757,-0.2777250707,1,169.8,233.1,1890.0,1,-0.2033033818,-0.2964706421,0.9331521988,-0.9785141945,0.0281160362,-0.2042535990,0.0343186408,-0.9546281099,-0.2958167791,1,250.8,-54.8,1857.2,1,0.0106096435,0.2181736231,-0.9758522511,0.2147186846,0.9526453614,0.2153196633,0.9766181707,-0.2118181735,-0.0367387198,1,79.3,-110.6,2082.0,1,-0.9752811193,-0.2206678391,0.0115007712,-0.2209219337,0.9748141170,-0.0305095594,-0.0044786353,-0.0322961733,-0.9994682670,1,3.2,-442.9,2155.9,1,0.3397434354,0.2721363008,0.9002867937,-0.0372283272,0.9603651166,-0.2762477398,-0.9397810698,0.0603371710,0.3364089429,1,187.0,-110.4,1962.3,1,0.3397434056,-0.2438537478,0.9083555341,-0.0372283459,0.9615595937,0.2720608711,-0.9397810698,-0.1262474656,0.3176052868,1,92.1,-445.5,1941.2,1,5.1,-223.4,2073.0,0,197.3,-312.2,1866.2,1,77.2,-769.8,2166.7,1,173.9,-768.1,1983.6,1,
23,0.6799111962,-0.1564181447,0.7164161801,0.0326023549,0.9824662805,0.1835611761,-0.7325693369,-0.1014489532,0.6730940342,1,57.5,409.9,1959.8,1,0.6799111962,-0.1564181447,0.7164161801,0.0326023549,0.9824662805,0.1835611761,-0.7325693369,-0.1014489532,0.6730940342,1,86.1,229.9,1978.4,1,0.6821122169,-0.1562257409,0.7143628597,0.0187839568,0.9803323746,0.1964516640,-0.7310061455,-0.1205839887,0.6716359258,1,113.4,58.9,1999.4,1,-0.0000005960,-1.0000001192,0.0000000000,1.0000001192,-0.0000005960,0.0000000000,-0.0000000000,0.0000000000,1.0000000000,0,2.2,227.6,2068.4,1,0.0000197291,-0.9999990463,0.0000000000,0.9999990463,0.0000197291,0.0000000000,-0.0000000000,0.0000000000,1.0000000000,0,2.2,-0.5,2068.4,0,0.2677264214,-0.2842146456,0.9206219316,-0.9574619532,0.0282806084,0.2871706486,-0.1076538414,-0.9583436251,-0.2645531893,1,170.1,232.2,1888.4,1,-0.2030115128,-0.2844851017,0.9369389415,-0.9785954952,0.0259930193,-0.2041451484,0.0337223746,-0.9583280683,-0.2836727202,1,250.4,-54.9,1856.1,1,-0.0141275600,0.2087385803,-0.9778693318,0.2153570056,0.9556499124,0.2008842528,0.9764331579,-0.2077530026,-0.0584543161,1,85.7,-113.5,2079.3,1,-0.9754698873,-0.2176787108,0.0327767394,-0.2187316269,0.9752290249,-0.0329364948,-0.0247952528,-0.0392978713,-0.9989197850,1,12.9,-446.9,2151.8,1,0.2802290320,0.2652865648,0.9225479960,-0.0307825208,0.9630435705,-0.2675810456,-0.9594395757,0.0465856232,0.2780389488,1,195.5,-110.5,1961.6,1,0.2802290916,-0.2510140836,0.9265332222,-0.0307825357,0.9623596668,0.2700302899,-0.9594395757,-0.1041913554,0.2619543076,1,103.0,-446.5,1945.4,1,2.2,-228.7,2068.4,0,197.1,-311.7,1865.0,1,85.9,-774.0,2165.0,1,187.2,-769.2,1980.3,1,
24,0.6896124482,-0.1639778018,0.7053678036,0.0406690836,0.9812583923,0.1883500367,-0.7230355144,-0.1012023836,0.6833615899,1,56.3,409.3,1957.4,1,0.6896124482,-0.1639778018,0.7053678036,0.0406690836,0.9812583923,0.1883500367,-0.7230355144,-0.1012023836,0.6833615899,1,86.5,228.8,1976.0,1,0.6919565797,-0.1637087613,0.7031311393,0.0266459230,0.9790773392,0.2017306685,-0.7214469910,-0.1208537593,0.6818459034,1,115.1,58.0,1997.1,1,-0.0000005960,-1.0000001192,0.0000000000,1.0000001192,-0.0000005960,0.0000000000,-0.0000000000,0.0000000000,1.0000000000,0,1.3,225.5,2064.8,1,0.0000197291,-0.9999990463,0.0000000000,0.9999990463,0.0000197291,0.0000000000,-0.0000000000,0.0000000000,1.0000000000,0,1.3,-2.6,2064.8,0,0.2626788020,-0.2720993757,0.9257222414,-0.9591440558,0.0308524147,0.2812308967,-0.1050835326,-0.9617744088,-0.2528782189,1,171.7,232.1,1887.2,1,-0.2094686478,-0.2734703720,0.9387954473,-0.9771656990,0.0235528834,-0.2111690789,0.0356371440,-0.9615920186,-0.2721594572,1,250.7,-56.5,1855.6,1,-0.0180271789,0.2269726247,-0.9737342000,0.2429725826,0.9456930161,0.2159380168,0.9698656201,-0.2326980233,-0.0721962899,1,87.9,-114.9,2076.2,1,-0.9758431315,-0.2108726501,0.0571221672,-0.2116343528,0.9773196578,-0.0075613791,-0.0542321280,-0.0194677319,-0.9983385801,1,8.8,-444.6,2157.4,1,0.2900206745,0.2919296622,0.9114083648,-0.0378960744,0.9550957084,-0.2938640714,-0.9562698603,0.0506878458,0.2880604863,1,199.3,-110.6,1960.1,1,0.2900206745,-0.2508112788,0.9235701561,-0.0378960893,0.9612808228,0.2729524672,-0.9562698603,-0.1141615361,0.2692865431,1,97.5,-443.7,1942.4,1,1.3,-230.7,2064.8,0,195.8,-312.4,1864.9,1,79.5,-772.4,2163.9,1,181.6,-766.1,1980.7,1,
