1,0.5939217210,0.2024672180,-0.7786283493,0.1246473491,0.9329707623,0.3376798034,0.7948067188,-0.2976092398,0.5288759470,1,-105.3,413.1,1586.3,1,0.5939217210,0.2024672180,-0.7786283493,0.1246473491,0.9329707623,0.3376798034,0.7948067188,-0.2976092398,0.5288759470,1,-145.4,228.4,1645.2,1,0.5939268470,0.1795489788,-0.7842264771,0.1246726662,0.9424614310,0.3101970851,0.7947989106,-0.2820059061,0.5373697281,1,-180.0,46.9,1699.5,1,0.1199745014,-0.1464199126,-0.9819202423,0.9758273363,0.1993756741,0.0894999802,0.1826664209,-0.9689223170,0.1668005735,1,-224.4,211.8,1539.5,1,-0.6312355399,-0.1464199275,-0.7616448402,0.7353115082,0.1993756741,-0.6477394104,0.2466953993,-0.9689223766,-0.0181887597,1,-253.7,-26.1,1495.0,1,0.0751792192,0.6926143169,-0.7173796296,-0.9100798368,0.3416925073,0.2345229536,0.4075571895,0.6352415085,0.6560224295,1,-66.4,245.0,1751.0,1,0.6943396926,0.6926143169,-0.1953916103,-0.5543957353,0.3416924477,-0.7588752508,-0.4588440061,0.6352415085,0.6212329865,1,-49.4,39.6,1842.9,1,-0.9028828144,-0.4180242419,-0.1002914310,-0.4218187332,0.9064773321,0.0191784203,0.0828948021,0.0596206598,-0.9947731495,1,-267.3,-145.7,1683.2,1,-0.6756618619,0.0000000000,-0.7372117043,-0.0000000000,1.0000000000,0.0000000000,0.7372117043,-0.0000000000,-0.6756618619,0,-106.3,-494.8,1660.2,1,0.4974496961,0.0360595062,-0.8667429686,0.1066825613,0.9890087247,0.1023744792,0.8609079123,-0.1433925182,0.4881352186,0,-161.8,-123.5,1824.5,1,-0.1963750124,0.0853117034,-0.9768105745,0.3326398134,0.9429268837,0.0154795200,0.9223815203,-0.3218863010,-0.2135454416,0,-175.7,-504.5,1879.7,0,-94.5,-211.5,1432.8,1,119.6,-95.3,1731.2,1,-106.3,-865.2,1660.2,0,-207.3,-853.7,1998.9,0,
2,0.5624769926,0.1964178234,-0.8031424880,0.1398140788,0.9347877502,0.3265317678,0.8149044514,-0.2959571779,0.4983360469,1,-103.9,411.7,1582.0,1,0.5624769926,0.1964178234,-0.8031424880,0.1398140788,0.9347877502,0.3265317678,0.8149044514,-0.2959571779,0.4983360469,1,-142.8,226.5,1640.7,1,0.5621879101,0.1745276451,-0.8083829880,0.1383498609,0.9438557029,0.2999913096,0.8153537512,-0.2804910839,0.5064797997,1,-176.4,44.7,1694.7,1,0.0997468382,-0.1154184639,-0.9882961512,0.9754773378,0.2071952820,0.0742557198,0.1961997896,-0.9714672565,0.1332551837,1,-217.6,208.1,1532.2,1,-0.6568369269,-0.1154184788,-0.7451468110,0.7177393436,0.2071952820,-0.6647709012,0.2311177403,-0.9714672565,-0.0532531366,1,-241.8,-29.1,1484.5,1,0.0538682304,0.6742396355,-0.7365453243,-0.9103034139,0.3363323510,0.2413051724,0.4104215503,0.6574810147,0.6318803430,1,-68.0,244.9,1749.1,1,0.7112827301,0.6742397547,-0.1986897737,-0.5352602601,0.3363323212,-0.7748399973,-0.4556021094,0.6574810147,0.6001211405,1,-55.8,38.5,1842.2,1,-0.9135154486,-0.3995564580,-0.0764478445,-0.4019133747,0.9155054688,0.0177621543,0.0628913641,0.0469514020,-0.9969154000,1,-259.4,-149.2,1677.1,1,-0.7029643655,0.0000000000,-0.7112250328,-0.0000000000,0.9999999404,0.0000000000,0.7112249732,-0.0000000000,-0.7029644251,0,-105.5,-501.9,1659.0,1,-0.9135154486,-0.3995564580,-0.0764478445,-0.4019133747,0.9155054688,0.0177621543,0.0628913641,0.0469514020,-0.9969154000,0,-160.6,-124.9,1820.4,0,-0.7029643655,0.0000000000,-0.7112250328,-0.0000000000,0.9999999404,0.0000000000,0.7112249732,-0.0000000000,-0.7029644251,0,-6.7,-477.5,1802.3,0,-76.7,-209.6,1426.4,1,120.3,-94.0,1729.4,1,-105.5,-872.2,1659.0,0,-6.7,-847.9,1802.3,0,
3,0.5230926275,0.1816737950,-0.8326865435,0.1683126390,0.9357537031,0.3098950088,0.8354895711,-0.3022553921,0.4589092433,1,-102.3,410.5,1576.9,1,0.5230926275,0.1816737950,-0.8326865435,0.1683126390,0.9357537031,0.3098950088,0.8354895711,-0.3022553921,0.4589092433,1,-138.1,226.0,1636.5,1,0.5231989622,0.1597886831,-0.8370953202,0.1688978672,0.9433377981,0.2856332660,0.8353048563,-0.2908265591,0.4665668011,1,-168.8,44.4,1692.5,1,0.0863756910,-0.0671479851,-0.9939971566,0.9739294052,0.2157628536,0.0700563192,0.2097635269,-0.9741342664,0.0840340704,1,-207.6,203.5,1525.5,1,-0.6687529087,-0.0671479926,-0.7404462695,0.7148281336,0.2157628536,-0.6651819944,0.2044264227,-0.9741342068,-0.0962927639,1,-228.5,-31.5,1474.8,1,0.0367564037,0.6508221030,-0.7583401203,-0.9148283005,0.3273058236,0.2365588546,0.4021667838,0.6850559115,0.6074211001,1,-68.5,248.4,1747.6,1,0.7262305617,0.6508220434,-0.2214042842,-0.5315025449,0.3273058236,-0.7812656164,-0.4359979331,0.6850558519,0.5836130381,1,-60.0,37.0,1840.5,1,-0.9233294725,-0.3803933561,-0.0525711477,-0.3812494874,0.9244461060,0.0069566071,0.0459529757,0.0264659803,-0.9985929728,1,-247.5,-152.8,1672.1,1,-0.7299319506,0.0000000000,-0.6835197806,-0.0000000000,0.9999999404,0.0000000000,0.6835197210,-0.0000000000,-0.7299320102,0,-101.0,-508.8,1661.9,1,-0.9233294725,-0.3803933561,-0.0525711477,-0.3812494874,0.9244461060,0.0069566071,0.0459529757,0.0264659803,-0.9985929728,0,-151.7,-121.8,1825.0,0,-0.7299319506,0.0000000000,-0.6835197806,-0.0000000000,0.9999999404,0.0000000000,0.6835197210,-0.0000000000,-0.7299320102,0,-5.2,-477.9,1814.8,0,-60.3,-211.3,1423.4,1,121.3,-95.7,1731.7,1,-101.0,-879.2,1661.9,0,-5.2,-848.3,1814.8,0,
4,0.4947365522,0.1720524281,-0.8518402576,0.1824269295,0.9378048778,0.2953666747,0.8496788144,-0.3015272021,0.4325807095,1,-100.7,411.2,1574.3,1,0.4947365522,0.1720524281,-0.8518402576,0.1824269295,0.9378048778,0.2953666747,0.8496788144,-0.3015272021,0.4325807095,1,-134.6,226.1,1633.8,1,0.4951905906,0.1499245912,-0.8557493687,0.1850810498,0.9441812634,0.2725175619,0.8488399386,-0.2933310270,0.4398028553,1,-163.5,44.3,1690.3,1,0.0712946579,-0.0396610051,-0.9966665506,0.9731861949,0.2218412608,0.0607871711,0.2186908573,-0.9742759466,0.0544136390,1,-200.5,201.5,1520.9,1,-0.6769477725,-0.0396610051,-0.7349617481,0.7112181783,0.2218412757,-0.6670496464,0.1895007044,-0.9742759466,-0.1219673082,1,-217.8,-34.3,1468.0,1,0.0270741284,0.6319454312,-0.7745398283,-0.9182698131,0.3219122589,0.2305493206,0.3950284421,0.7049946189,0.5890119672,1,-68.7,250.7,1746.7,1,0.7363253236,0.6319454908,-0.2418055534,-0.5331985354,0.3219122887,-0.7823501825,-0.4165624380,0.7049945593,0.5739846230,1,-62.4,36.7,1838.8,1,-0.9411528111,-0.3344764709,-0.0485487282,-0.3355019391,0.9419271946,0.0145433247,0.0408649743,0.0299756881,-0.9987149835,1,-236.9,-154.2,1670.5,1,-0.7518278956,0.0000000000,-0.6593592763,-0.0000000000,0.9999999404,0.0000000000,0.6593592167,-0.0000000000,-0.7518279552,0,-108.0,-517.0,1659.0,1,-0.9411528111,-0.3344764709,-0.0485487282,-0.3355019391,0.9419271946,0.0145433247,0.0408649743,0.0299756881,-0.9987149835,0,-147.9,-120.9,1823.1,0,-0.7518278956,0.0000000000,-0.6593592763,-0.0000000000,0.9999999404,0.0000000000,0.6593592167,-0.0000000000,-0.7518279552,0,-19.0,-483.7,1811.6,0,-47.8,-212.8,1420.4,1,122.1,-96.9,1734.4,1,-108.0,-887.3,1659.0,0,-19.0,-854.1,1811.6,0,
5,0.4702532589,0.1632978171,-0.8672909737,0.1897719204,0.9410322905,0.2800786495,0.8618854880,-0.2962952852,0.4115354717,1,-98.5,412.2,1573.5,1,0.4702532589,0.1632978171,-0.8672909737,0.1897719204,0.9410322905,0.2800786495,0.8618854880,-0.2962952852,0.4115354717,1,-130.8,226.4,1632.0,1,0.4710564017,0.1409125030,-0.8707740903,0.1947544217,0.9461832047,0.2584708035,0.8603340387,-0.2913413346,0.4182636738,1,-157.9,44.2,1688.1,1,0.0525379144,-0.0053091589,-0.9986048341,0.9722787142,0.2284297645,0.0499384105,0.2278459370,-0.9735459089,0.0171632096,1,-193.5,200.5,1517.5,1,-0.6903489828,-0.0053091645,-0.7234570980,0.7035012245,0.2284297943,-0.6729828119,0.1688321084,-0.9735459685,-0.1539612710,1,-206.4,-38.6,1461.5,1,0.1200320199,0.6618608236,-0.7399545312,-0.9338143468,0.3282966614,0.1421695948,0.3370210528,0.6739152074,0.6574611664,1,-68.1,252.3,1746.5,1,0.7095533013,0.6618607044,-0.2418151647,-0.5643647909,0.3282966316,-0.7574389577,-0.4219319820,0.6739153266,0.6064748168,1,-38.9,25.2,1828.5,1,-0.9538010359,-0.2982074618,-0.0365453362,-0.2988954782,0.9541684389,0.0149581730,0.0304097831,0.0251903962,-0.9992199540,1,-227.2,-155.4,1667.3,1,-0.7705525160,0.0000000000,-0.6373765469,-0.0000000000,0.9999999404,0.0000000000,0.6373764873,-0.0000000000,-0.7705525756,0,-112.3,-523.0,1657.6,1,-0.9538010359,-0.2982074618,-0.0365453362,-0.2988954782,0.9541684389,0.0149581730,0.0304097831,0.0251903962,-0.9992199540,0,-142.9,-120.6,1821.2,0,-0.7705525160,0.0000000000,-0.6373765469,-0.0000000000,0.9999999404,0.0000000000,0.6373764873,-0.0000000000,-0.7705525756,0,-28.0,-488.1,1811.5,0,-32.8,-215.5,1419.1,1,139.2,-116.5,1722.6,1,-112.3,-893.3,1657.6,0,-28.0,-858.5,1811.5,0,
6,0.4512910545,0.1605468541,-0.8778149486,0.1955765933,0.9419732094,0.2728286386,0.8706804514,-0.2948051095,0.3937061727,1,-96.8,412.5,1569.1,1,0.4512910545,0.1605468541,-0.8778149486,0.1955765933,0.9419732094,0.2728286386,0.8706804514,-0.2948051095,0.3937061727,1,-128.7,225.7,1627.6,1,0.4520777464,0.1353750080,-0.8816446662,0.2006001174,0.9476651549,0.2483736873,0.8691279888,-0.2891421616,0.4012633860,1,-154.7,43.2,1683.3,1,0.0420510247,0.0236296058,-0.9988360405,0.9730682373,0.2258177400,0.0463084094,0.2266491205,-0.9738829732,-0.0134973517,1,-188.9,199.0,1511.9,1,-0.6927330494,0.0236296132,-0.7208068967,0.7060721517,0.2258177549,-0.6711695194,0.1469115019,-0.9738829136,-0.1731156409,1,-199.2,-39.8,1456.3,1,0.1872775853,0.6886543036,-0.7004872561,-0.9384237528,0.3361872733,0.0796175525,0.2903238535,0.6424432993,0.7092099190,1,-68.5,252.4,1743.3,1,0.6872865558,0.6886544228,-0.2310681045,-0.5849994421,0.3361873031,-0.7380744219,-0.4305959642,0.6424432993,0.6339194179,1,-20.7,12.7,1817.5,1,-0.9638758898,-0.2652869225,-0.0237925053,-0.2655898035,0.9640281200,0.0105720982,0.0201319754,0.0165092256,-0.9996610284,1,-220.3,-156.8,1663.0,1,-0.7854776978,0.0000000000,-0.6188898683,-0.0000000000,0.9999999404,0.0000000000,0.6188898087,-0.0000000000,-0.7854777575,0,-118.1,-528.2,1656.6,1,-0.9638758898,-0.2652869225,-0.0237925053,-0.2655898035,0.9640281200,0.0105720982,0.0201319754,0.0165092256,-0.9996610284,0,-141.3,-121.8,1814.9,0,-0.7854776978,0.0000000000,-0.6188898683,-0.0000000000,0.9999999404,0.0000000000,0.6188898087,-0.0000000000,-0.7854777575,0,-39.1,-493.1,1808.6,0,-24.7,-217.6,1419.3,1,152.1,-134.3,1709.2,1,-118.1,-898.5,1656.6,0,-39.1,-863.5,1808.6,0,
7,0.4391407371,0.1549334079,-0.8849571943,0.1927497685,0.9458333850,0.2612394989,0.8774971366,-0.2852960825,0.3854918480,1,-95.2,412.7,1567.4,1,0.4391407371,0.1549334079,-0.8849571943,0.1927497685,0.9458333850,0.2612394989,0.8774971366,-0.2852960825,0.3854918480,1,-125.9,224.9,1624.1,1,0.4398535788,0.1336527169,-0.8880674839,0.1974335164,0.9502804279,0.2408034354,0.8760976195,-0.2812524438,0.3915980160,1,-151.7,41.9,1678.2,1,0.0495553501,0.0195805542,-0.9985794425,0.9731595516,0.2240195721,0.0526865274,0.2247329652,-0.9743880630,-0.0079536336,1,-184.5,198.6,1507.4,1,-0.7022320628,0.0195805654,-0.7116788626,0.6967987418,0.2240195572,-0.6813859344,0.1460880637,-0.9743880033,-0.1709574163,1,-196.6,-38.4,1452.6,1,0.1869487166,0.6996769905,-0.6895667315,-0.9234578013,0.3645913899,0.1195779443,0.3350760341,0.6144308448,0.7142820358,1,-67.4,251.2,1740.7,1,0.6725100875,0.6996770501,-0.2412100583,-0.6264283657,0.3645913899,-0.6889562011,-0.3941037059,0.6144308448,0.6834889054,1,-21.3,23.9,1823.2,1,-0.9695463181,-0.2447420657,-0.0090170205,-0.2447799295,0.9695729017,0.0033496618,0.0079228878,0.0054548229,-0.9999536872,1,-215.5,-158.2,1656.5,1,-0.7962697148,0.0000000000,-0.6049417853,-0.0000000000,0.9999999404,0.0000000000,0.6049417257,-0.0000000000,-0.7962697744,0,-121.2,-531.6,1654.4,1,-0.9695463181,-0.2447420657,-0.0090170205,-0.2447799295,0.9695729017,0.0033496618,0.0079228878,0.0054548229,-0.9999536872,0,-139.3,-124.0,1808.2,0,-0.7962697148,0.0000000000,-0.6049417853,-0.0000000000,0.9999999404,0.0000000000,0.6049417257,-0.0000000000,-0.7962697744,0,-45.1,-497.4,1806.1,0,-20.3,-213.3,1416.0,1,136.6,-123.3,1730.7,1,-121.2,-902.0,1654.4,0,-45.1,-867.8,1806.1,0,
8,0.4317039549,0.1558156312,-0.8884544373,0.1958622038,0.9452733397,0.2609511316,0.8804929852,-0.2866682112,0.3775611818,1,-92.6,411.8,1563.6,1,0.4317039549,0.1558156312,-0.8884544373,0.1958622038,0.9452733397,0.2609511316,0.8804929852,-0.2866682112,0.3775611818,1,-123.6,224.0,1620.5,1,0.4318674505,0.1350187659,-0.8917726874,0.1969280541,0.9507603645,0.2393184155,0.8801749945,-0.2789688408,0.3840147853,1,-149.6,40.9,1674.2,1,0.0548969470,0.0076371240,-0.9984628558,0.9743466377,0.2181676477,0.0552397482,0.2182541490,-0.9758814573,0.0045355316,1,-181.1,197.8,1503.2,1,-0.7033107877,0.0076371208,-0.7108414769,0.6949093938,0.2181676626,-0.6852034926,0.1498496383,-0.9758814573,-0.1587467641,1,-194.3,-36.2,1450.8,1,0.1756860912,0.7014645338,-0.6907111406,-0.9259213805,0.3560518026,0.1260819733,0.3343709707,0.6173933148,0.7120544314,1,-66.0,250.3,1737.7,1,0.6690444946,0.7014645934,-0.2456153631,-0.6275064945,0.3560518324,-0.6924324632,-0.3982650340,0.6173933744,0.6783881187,1,-22.3,19.6,1821.0,1,-0.9741442204,-0.2258964479,0.0037027001,-0.2259243280,0.9740791917,-0.0113044754,-0.0010531247,-0.0118487310,-0.9999291897,1,-213.2,-159.3,1651.2,1,-0.8038975000,0.0000000000,-0.5947677493,-0.0000000000,0.9999999404,0.0000000000,0.5947676897,-0.0000000000,-0.8038975596,0,-126.2,-534.5,1655.7,1,-0.9741442204,-0.2258964479,0.0037027001,-0.2259243280,0.9740791917,-0.0113044754,-0.0010531247,-0.0118487310,-0.9999291897,0,-137.9,-125.0,1804.7,0,-0.8038975000,0.0000000000,-0.5947677493,-0.0000000000,0.9999999404,0.0000000000,0.5947676897,-0.0000000000,-0.8038975596,0,-50.9,-500.2,1809.2,0,-17.8,-210.6,1413.2,1,140.5,-133.1,1724.1,1,-126.2,-904.9,1655.7,0,-50.9,-870.5,1809.2,0,
9,0.4283940196,0.1553660631,-0.8901337385,0.1963359714,0.9455656409,0.2595320940,0.8820027709,-0.2859472036,0.3745720088,1,-89.8,411.7,1561.1,1,0.4283940196,0.1553660631,-0.8901337385,0.1963359714,0.9455656409,0.2595320940,0.8820027709,-0.2859472036,0.3745720088,1,-120.6,224.1,1617.9,1,0.4286117256,0.1358430982,-0.8932170868,0.1977537274,0.9505543113,0.2394559383,0.8815801740,-0.2792705595,0.3805565536,1,-146.8,41.0,1671.7,1,0.0555519834,0.0009397026,-0.9984554052,0.9753566980,0.2138053030,0.0544680394,0.2135262191,-0.9768760204,0.0109607615,1,-177.7,197.7,1500.4,1,-0.7059944272,0.0009397194,-0.7082168460,0.6919823885,0.2138053030,-0.6895271540,0.1507725418,-0.9768759012,-0.1515955925,1,-191.1,-37.6,1448.9,1,0.1481854171,0.7048841119,-0.6936711073,-0.9256760478,0.3457405269,0.1535818279,0.3480875790,0.6193561554,0.7037280202,1,-63.5,250.4,1735.3,1,0.6687825918,0.7048841119,-0.2363650054,-0.6149024367,0.3457405567,-0.7087725997,-0.4178815186,0.6193562150,0.6646601558,1,-26.3,18.1,1822.7,1,-0.9769706130,-0.2131385356,0.0100264847,-0.2133187354,0.9767093658,-0.0231105387,-0.0048671961,-0.0247171614,-0.9996826649,1,-210.8,-159.5,1647.5,1,-0.8074840903,0.0000000000,-0.5898892879,-0.0000000000,0.9999999404,0.0000000000,0.5898892283,-0.0000000000,-0.8074841499,0,-128.7,-535.7,1657.1,1,-0.9769706130,-0.2131385356,0.0100264847,-0.2133187354,0.9767093658,-0.0231105387,-0.0048671961,-0.0247171614,-0.9996826649,0,-135.1,-124.6,1803.3,0,-0.8074840903,0.0000000000,-0.5898892879,-0.0000000000,0.9999999404,0.0000000000,0.5898892283,-0.0000000000,-0.8074841499,0,-53.0,-500.8,1812.8,0,-14.4,-210.8,1411.2,1,139.2,-134.2,1719.3,1,-128.7,-906.1,1657.1,0,-53.0,-871.2,1812.8,0,
10,0.4301210344,0.1537740529,-0.8895772099,0.2034466565,0.9435266852,0.2614691257,0.8795472383,-0.2934447825,0.3745471835,1,-88.3,410.8,1556.4,1,0.4301210344,0.1537740529,-0.8895772099,0.2034466565,0.9435266852,0.2614691257,0.8795472383,-0.2934447825,0.3745471835,1,-118.8,223.7,1614.6,1,0.4302793145,0.1330881864,-0.8928300142,0.2044910043,0.9489879012,0.2400095016,0.8792275786,-0.2858467400,0.3811158836,1,-144.5,40.9,1669.6,1,0.0537168197,0.0166591592,-0.9984173179,0.9762244225,0.2093990445,0.0560167506,0.2100007981,-0.9776883721,-0.0050148279,1,-176.2,196.4,1497.4,1,-0.7019407153,0.0166591778,-0.7120404840,0.6987962723,0.2093990445,-0.6839852333,0.1377059668,-0.9776883125,-0.1586270928,1,-189.1,-38.3,1446.9,1,0.0924864933,0.6984570026,-0.7096508145,-0.9122480154,0.3450750709,0.2207415700,0.3990612328,0.6269619465,0.6690807343,1,-61.5,250.9,1731.7,1,0.6638942361,0.6984569430,-0.2672124505,-0.6395366788,0.3450750709,-0.6869615316,-0.3876046538,0.6269619465,0.6757821441,1,-39.3,32.0,1827.5,1,-0.9804830551,-0.1964601725,0.0075208545,-0.1966038942,0.9798165560,-0.0361483693,-0.0002673566,-0.0369215012,-0.9993182421,1,-208.5,-160.1,1646.3,1,-0.8071648479,0.0000000000,-0.5903260112,-0.0000000000,1.0000000000,0.0000000000,0.5903260112,-0.0000000000,-0.8071648479,0,-132.8,-537.5,1660.5,1,-0.9804830551,-0.1964601725,0.0075208545,-0.1966038942,0.9798165560,-0.0361483693,-0.0002673566,-0.0369215012,-0.9993182421,0,-131.7,-123.6,1803.1,0,-0.8071648479,0.0000000000,-0.5903260112,-0.0000000000,1.0000000000,0.0000000000,0.5903260112,-0.0000000000,-0.8071648479,0,-56.0,-501.0,1817.3,0,-13.5,-213.1,1412.5,1,126.3,-127.5,1730.8,1,-132.8,-907.8,1660.5,0,-56.0,-871.4,1817.3,0,
11,0.4271750450,0.1545860320,-0.8908550739,0.2055262327,0.9428820610,0.2621665895,0.8804989457,-0.2950850427,0.3710055947,1,-86.2,410.5,1555.0,1,0.4271750450,0.1545860320,-0.8908550739,0.2055262327,0.9428820610,0.2621665895,0.8804989457,-0.2950850427,0.3710055947,1,-116.8,224.1,1613.4,1,0.4275776446,0.1343133152,-0.8939437866,0.2081609368,0.9476952553,0.2419541776,0.8796842098,-0.2895382643,0.3772558868,1,-142.6,41.6,1669.1,1,0.0653070211,0.0246008430,-0.9975619912,0.9760203362,0.2064579129,0.0689882264,0.2076517045,-0.9781461954,-0.0105277728,1,-173.7,196.3,1496.2,1,-0.7030137777,0.0246008635,-0.7107506394,0.6992117763,0.2064579278,-0.6844545603,0.1299019158,-0.9781461954,-0.1623439789,1,-189.5,-39.7,1446.0,1,0.1302630007,0.7328251004,-0.6678315997,-0.9181338549,0.3434071541,0.1977421939,0.3742485642,0.5874003172,0.7175646424,1,-59.8,251.8,1730.6,1,0.6332759857,0.7328251004,-0.2488556206,-0.6599737406,0.3434071839,-0.6682112813,-0.4042231441,0.5874003172,0.7011167407,1,-27.5,24.4,1823.3,1,-0.9827384949,-0.1848600209,0.0071849525,-0.1849988997,0.9821008444,-0.0354011506,-0.0005120635,-0.0361192748,-0.9993473887,1,-206.7,-159.6,1646.3,1,-0.8092594743,0.0000000000,-0.5874515176,-0.0000000000,1.0000000000,0.0000000000,0.5874515176,-0.0000000000,-0.8092594743,0,-135.5,-537.8,1660.2,1,-0.9827384949,-0.1848600209,0.0071849525,-0.1849988997,0.9821008444,-0.0354011506,-0.0005120635,-0.0361192748,-0.9993473887,0,-130.3,-122.3,1803.6,0,-0.8092594743,0.0000000000,-0.5874515176,-0.0000000000,1.0000000000,0.0000000000,0.5874515176,-0.0000000000,-0.8092594743,0,-59.1,-500.6,1817.5,0,-13.7,-214.5,1413.5,1,131.1,-140.9,1722.1,1,-135.5,-908.2,1660.2,0,-59.1,-871.0,1817.5,0,
12,0.4333373904,0.1546546668,-0.8878619671,0.2103323340,0.9406050444,0.2664988637,0.8763429523,-0.3022299111,0.3750717938,1,-84.5,409.9,1550.4,1,0.4333373904,0.1546546668,-0.8878619671,0.2103323340,0.9406050444,0.2664988637,0.8763429523,-0.3022299111,0.3750717938,1,-115.1,223.9,1610.1,1,0.4330776632,0.1351667792,-0.8911632299,0.2086408883,0.9468067884,0.2449999154,0.8768755198,-0.2920369804,0.3818409145,1,-141.1,41.6,1666.4,1,0.0677329376,0.0328240432,-0.9971634746,0.9776824713,0.1970358044,0.0728956088,0.1988696009,-0.9798466563,-0.0187456813,1,-172.8,196.1,1493.3,1,-0.6990290880,0.0328240320,-0.7143395543,0.7052240372,0.1970358044,-0.6810550690,0.1183954924,-0.9798467159,-0.1608820409,1,-189.3,-41.3,1445.0,1,0.1149043590,0.7372265458,-0.6658032537,-0.9146624207,0.3399979174,0.2186183333,0.3875429928,0.5838650465,0.7133806944,1,-57.4,251.7,1727.0,1,0.6317770481,0.7372266650,-0.2394886166,-0.6532078981,0.3399979770,-0.6765507460,-0.4173455536,0.5838651061,0.6963651180,1,-28.7,22.8,1823.9,1,-0.9848347902,-0.1734915376,-0.0011200607,-0.1733568758,0.9842869639,-0.0335646048,0.0069256425,-0.0328614041,-0.9994359612,1,-205.4,-159.2,1645.3,1,-0.8063434362,0.0000000000,-0.5914475918,-0.0000000000,1.0000000000,0.0000000000,0.5914475918,-0.0000000000,-0.8063434362,0,-138.5,-538.3,1657.9,1,-0.9848347902,-0.1734915376,-0.0011200607,-0.1733568758,0.9842869639,-0.0335646048,0.0069256425,-0.0328614041,-0.9994359612,0,-129.0,-122.4,1799.9,0,-0.8063434362,0.0000000000,-0.5914475918,-0.0000000000,1.0000000000,0.0000000000,0.5914475918,-0.0000000000,-0.8063434362,0,-62.2,-501.5,1812.6,0,-14.4,-217.8,1415.4,1,130.0,-141.2,1719.1,1,-138.5,-908.7,1657.9,0,-62.2,-871.9,1812.6,0,
13,0.4374312162,0.1521463096,-0.8862864375,0.2106404454,0.9408263564,0.2654721439,0.8742325306,-0.3028134704,0.3795000315,1,-83.2,409.2,1548.5,1,0.4374312162,0.1521463096,-0.8862864375,0.2106404454,0.9408263564,0.2654721439,0.8742325306,-0.3028134704,0.3795000315,1,-113.3,223.4,1608.3,1,0.4371016324,0.1370935142,-0.8889014125,0.2084905505,0.9459499121,0.2484139800,0.8749125004,-0.2939096093,0.3848949373,1,-139.7,41.2,1664.9,1,0.0702467337,0.0404769555,-0.9967081547,0.9788568616,0.1896257997,0.0766894296,0.1921056956,-0.9810218215,-0.0263005532,1,-171.5,195.6,1491.7,1,-0.6939175725,0.0404769629,-0.7189158797,0.7117643952,0.1896257997,-0.6763383746,0.1089488640,-0.9810217619,-0.1603947282,1,-188.6,-42.7,1445.0,1,0.1381596774,0.7275146842,-0.6720375419,-0.9277278781,0.3326245546,0.1693575680,0.3467462659,0.6000695825,0.7208908796,1,-55.1,251.1,1724.9,1,0.6365715861,0.7275146246,-0.2559279501,-0.6535018086,0.3326245546,-0.6799237728,-0.4095265567,0.6000695229,0.6871714592,1,-19.5,12.3,1814.2,1,-0.9855169654,-0.1695407331,-0.0034542680,-0.1692686379,0.9847528934,-0.0401217267,0.0102038980,-0.0389559269,-0.9991887808,1,-204.8,-159.5,1644.0,1,-0.8044399619,0.0000000000,-0.5940341353,-0.0000000000,1.0000000000,0.0000000000,0.5940341353,-0.0000000000,-0.8044399619,0,-139.5,-538.8,1659.0,1,-0.9872263670,0.1171073318,-0.1080263853,0.1396848410,0.9623094797,-0.2333418578,0.0766287446,-0.2454509139,-0.9663755894,1,-127.4,-122.5,1799.1,1,-0.7643671036,0.1992227882,-0.6132316589,0.3143169582,0.9455407858,-0.0846014395,0.5629810095,-0.2574157119,-0.7853594422,1,-169.6,-469.4,1887.6,1,-14.8,-221.0,1417.7,1,140.6,-152.0,1711.2,1,-139.5,-909.1,1659.0,0,-239.2,-800.1,1977.6,1,
14,0.4458039403,0.1553445756,-0.8815469146,0.2054553330,0.9407755733,0.2696822584,0.8712317348,-0.3013438284,0.3874864876,1,-81.1,408.9,1547.6,1,0.4458039403,0.1553445756,-0.8815469146,0.2054553330,0.9407755733,0.2696822584,0.8712317348,-0.3013438284,0.3874864876,1,-111.9,222.7,1607.3,1,0.4457472563,0.1386444867,-0.8843558431,0.2050914615,0.9458357692,0.2516568899,0.8713465333,-0.2935491204,0.3931702971,1,-138.6,40.5,1663.8,1,0.0720908791,0.0377644449,-0.9966828823,0.9807569385,0.1790941358,0.0777248368,0.1814352870,-0.9831069112,-0.0241266899,1,-171.3,195.3,1491.2,1,-0.6868034005,0.0377644524,-0.7258615494,0.7192704082,0.1790941358,-0.6712491512,0.1046481878,-0.9831069708,-0.1501653045,1,-188.8,-43.3,1447.0,1,0.1698635966,0.7219618559,-0.6707589030,-0.9374836683,0.3281880319,0.1158313155,0.3037607968,0.6091500521,0.7325747013,1,-52.5,250.0,1723.4,1,0.6440978050,0.7219619155,-0.2528026104,-0.6404036283,0.3281880617,-0.6943888664,-0.4183554649,0.6091500521,0.6737321615,1,-6.8,-2.2,1805.1,1,-0.9857705235,-0.1677677631,-0.0105157197,-0.1671688855,0.9849722981,-0.0434064344,0.0176399648,-0.0410308614,-0.9990021586,1,-204.7,-159.8,1643.2,1,-0.7995195389,0.0000000000,-0.6006401777,-0.0000000000,1.0000000000,0.0000000000,0.6006401777,-0.0000000000,-0.7995195389,0,-140.1,-539.2,1659.0,1,-0.9857705235,-0.1677677631,-0.0105157197,-0.1671688855,0.9849722981,-0.0434064344,0.0176399648,-0.0410308614,-0.9990021586,0,-125.9,-123.5,1797.4,0,-0.7995195389,0.0000000000,-0.6006401777,-0.0000000000,1.0000000000,0.0000000000,0.6006401777,-0.0000000000,-0.7995195389,0,-61.2,-502.9,1813.2,0,-16.8,-223.5,1420.8,1,155.3,-163.3,1699.8,1,-140.1,-909.5,1659.0,0,-61.2,-873.2,1813.2,0,
15,0.4604541957,0.1554944664,-0.8739573956,0.1982525885,0.9416557550,0.2719913721,0.8652605414,-0.2985038459,0.4027635753,1,-79.5,408.7,1546.6,1,0.4604541957,0.1554944664,-0.8739573956,0.1982525885,0.9416557550,0.2719913721,0.8652605414,-0.2985038459,0.4027635753,1,-110.2,222.4,1605.7,1,0.4604926109,0.1384062618,-0.8768058419,0.1984993815,0.9466986656,0.2536900342,0.8651835322,-0.2908677459,0.4084755778,1,-136.9,40.1,1661.7,1,0.0769987255,0.0258629397,-0.9966957569,0.9829021096,0.1657283902,0.0802335590,0.1672558337,-0.9858322740,-0.0126598654,1,-171.6,195.9,1490.4,1,-0.6813203096,0.0258629322,-0.7315283418,0.7245691419,0.1657283902,-0.6689795852,0.1039332300,-0.9858322740,-0.1316536069,1,-190.4,-44.7,1449.5,1,0.1606599689,0.7370046377,-0.6565154195,-0.9304315448,0.3350554109,0.1484417319,0.3293712735,0.5869939923,0.7395623922,1,-48.9,248.8,1721.0,1,0.6257511377,0.7370046973,-0.2554596663,-0.6665030122,0.3350554109,-0.6659667492,-0.4052274227,0.5869940519,0.7008771300,1,-6.4,2.9,1808.0,1,-0.9855966568,-0.1675568223,-0.0228908956,-0.1663297117,0.9849103689,-0.0478121936,0.0305567384,-0.0433160998,-0.9985940456,1,-204.1,-159.7,1641.5,1,-0.7905865312,0.0000000000,-0.6123502254,-0.0000000000,0.9999999404,0.0000000000,0.6123501658,-0.0000000000,-0.7905865908,0,-139.6,-539.1,1658.2,1,-0.9855966568,-0.1675568223,-0.0228908956,-0.1663297117,0.9849103689,-0.0478121936,0.0305567384,-0.0433160998,-0.9985940456,0,-123.0,-124.8,1794.0,0,-0.7905865312,0.0000000000,-0.6123502254,-0.0000000000,0.9999999404,0.0000000000,0.6123501658,-0.0000000000,-0.7905865908,0,-58.4,-504.1,1810.6,0,-19.6,-226.3,1423.4,1,137.7,-150.6,1714.7,1,-139.6,-909.5,1658.2,0,-58.4,-874.5,1810.6,0,
16,0.4663309753,0.1591495275,-0.8701752424,0.1932155639,0.9416068792,0.2757594287,0.8632503152,-0.2967265248,0.4083516598,1,-77.7,409.9,1546.7,1,0.4663309753,0.1591495275,-0.8701752424,0.1932155639,0.9416068792,0.2757594287,0.8632503152,-0.2967265248,0.4083516598,1,-109.1,223.9,1605.3,1,0.4663664401,0.1414287239,-0.8732115626,0.1934383512,0.9469397068,0.2566823363,0.8631812930,-0.2886205912,0.4142645299,1,-136.3,41.6,1660.9,1,0.0874461010,0.0243429653,-0.9958718419,0.9837220907,0.1554310471,0.0901785791,0.1569845974,-0.9875468612,-0.0103548719,1,-171.2,198.1,1490.3,1,-0.6682340503,0.0243429542,-0.7435526848,0.7372582555,0.1554310173,-0.6574887037,0.0995659307,-0.9875466824,-0.1218113601,1,-192.7,-43.3,1451.8,1,0.1718546152,0.7265710831,-0.6652522087,-0.9423672557,0.3180359304,0.1039087921,0.2870711982,0.6090546846,0.7393528223,1,-47.0,249.7,1720.3,1,0.6198828816,0.7265712023,-0.2963776290,-0.6857739687,0.3180359602,-0.6546505094,-0.3813914359,0.6090546846,0.6954085231,1,0.1,-8.6,1799.0,1,-0.9865562916,-0.1614491194,-0.0253110528,-0.1598571688,0.9855656624,-0.0557307005,0.0339433849,-0.0509353429,-0.9981249571,1,-204.8,-157.9,1640.1,1,-0.7881645560,0.0000000000,-0.6154643893,-0.0000000000,0.9999999404,0.0000000000,0.6154643297,-0.0000000000,-0.7881646156,0,-142.6,-537.5,1659.7,1,-0.9865562916,-0.1614491194,-0.0253110528,-0.1598571688,0.9855656624,-0.0557307005,0.0339433849,-0.0509353429,-0.9981249571,0,-122.3,-123.7,1792.8,0,-0.7881645560,0.0000000000,-0.6154643893,-0.0000000000,0.9999999404,0.0000000000,0.6154643297,-0.0000000000,-0.7881646156,0,-60.1,-503.3,1812.4,0,-25.6,-227.7,1426.9,1,149.5,-173.9,1707.1,1,-142.6,-907.9,1659.7,0,-60.1,-873.7,1812.4,0,
17,0.4728187025,0.1612531543,-0.8662782907,0.1962559223,0.9391461015,0.2819349170,0.8590250015,-0.3033162951,0.4124003351,1,-77.3,409.7,1543.7,1,0.4728187025,0.1612531543,-0.8662782907,0.1962559223,0.9391461015,0.2819349170,0.8590250015,-0.3033162951,0.4124003351,1,-109.1,224.3,1603.5,1,0.4728279710,0.1422800124,-0.8695908785,0.1963133216,0.9450634718,0.2613717020,0.8590068221,-0.2942960560,0.4189223647,1,-136.5,42.3,1660.2,1,0.1000633016,0.0108580319,-0.9949218631,0.9852167368,0.1386629641,0.1006005257,0.1390511245,-0.9902800918,0.0031775590,1,-172.1,198.2,1489.1,1,-0.6528961658,0.0108580291,-0.7573696375,0.7510796189,0.1386629790,-0.6454859376,0.0980104133,-0.9902802110,-0.0986877680,1,-196.4,-40.7,1455.4,1,0.1755917966,0.7387513518,-0.6507027745,-0.9455791116,0.3104915917,0.0973411128,0.2739486098,0.5981986523,0.7530674934,1,-46.1,250.5,1718.0,1,0.6009090543,0.7387512922,-0.3052128255,-0.7053703070,0.3104915619,-0.6372187734,-0.3759801984,0.5981985927,0.7076703906,1,3.0,-14.1,1794.6,1,-0.9865287542,-0.1605118215,-0.0315773487,-0.1583416015,0.9854241610,-0.0621873140,0.0410988629,-0.0563495792,-0.9975649118,1,-206.0,-157.2,1640.4,1,-0.7837917805,0.0000000000,-0.6210236549,-0.0000000000,0.9999999404,0.0000000000,0.6210235953,-0.0000000000,-0.7837918401,0,-144.2,-536.7,1662.1,1,-0.9865287542,-0.1605118215,-0.0315773487,-0.1583416015,0.9854241610,-0.0621873140,0.0410988629,-0.0563495792,-0.9975649118,0,-121.8,-122.2,1793.4,0,-0.7837917805,0.0000000000,-0.6210236549,-0.0000000000,0.9999999404,0.0000000000,0.6210235953,-0.0000000000,-0.7837918401,0,-59.9,-501.8,1815.1,0,-32.9,-228.7,1430.8,1,151.0,-187.8,1702.0,1,-144.2,-907.1,1662.1,0,-59.9,-872.1,1815.1,0,
18,0.4767788947,0.1571717113,-0.8648567200,0.1973902583,0.9396136999,0.2795752883,0.8565728068,-0.3040097952,0.4169651568,1,-77.5,409.4,1544.7,1,0.4767788947,0.1571717113,-0.8648567200,0.1973902583,0.9396136999,0.2795752883,0.8565728068,-0.3040097952,0.4169651568,1,-108.4,224.3,1604.6,1,0.4769015014,0.1394062340,-0.8678300977,0.1981695294,0.9448664784,0.2606823742,0.8563245535,-0.2962971926,0.4229835570,1,-135.3,42.3,1661.6,1,0.1148059070,0.0222759359,-0.9931381941,0.9843552113,0.1319626570,0.1167505160,0.1336578727,-0.9910044074,-0.0067773405,1,-172.0,197.9,1490.5,1,-0.6407200694,0.0222759321,-0.7674513459,0.7628096938,0.1319626570,-0.6330145001,0.0871739388,-0.9910043478,-0.1015434116,1,-199.7,-39.8,1458.2,1,0.1740428507,0.7481737137,-0.6402697563,-0.9483456612,0.3024722338,0.0956611708,0.2652349472,0.5905479193,0.7621704340,1,-44.9,250.7,1718.7,1,0.5888257623,0.7481735945,-0.3058111072,-0.7129089832,0.3024722040,-0.6326699853,-0.3808476031,0.5905479193,0.7114831805,1,4.1,-16.3,1793.3,1,-0.9861201048,-0.1613669693,-0.0390884876,-0.1590681672,0.9856703281,-0.0561372116,0.0475870669,-0.0491402857,-0.9976576567,1,-205.1,-157.5,1641.6,1,-0.7801383138,0.0000000000,-0.6256070733,-0.0000000000,0.9999999404,0.0000000000,0.6256070137,-0.0000000000,-0.7801383734,0,-142.9,-537.2,1660.5,1,-0.9861201048,-0.1613669693,-0.0390884876,-0.1590681672,0.9856703281,-0.0561372116,0.0475870669,-0.0491402857,-0.9976576567,0,-119.2,-121.8,1795.8,0,-0.7801383138,0.0000000000,-0.6256070733,-0.0000000000,0.9999999404,0.0000000000,0.6256070137,-0.0000000000,-0.7801383734,0,-57.0,-501.5,1814.7,0,-38.4,-231.8,1436.2,1,150.8,-193.8,1698.5,1,-142.9,-907.5,1660.5,0,-57.0,-871.8,1814.7,0,
19,0.4815008044,0.1534412652,-0.8629084826,0.1951663494,0.9410631657,0.2762413919,0.8544384837,-0.3014210463,0.4231774509,1,-78.3,409.5,1545.7,1,0.4815008044,0.1534412652,-0.8629084826,0.1951663494,0.9410631657,0.2762413919,0.8544384837,-0.3014210463,0.4231774509,1,-108.6,223.8,1605.2,1,0.4816681743,0.1381832808,-0.8653897643,0.1962492019,0.9454026818,0.2601905167,0.8540959954,-0.2951574326,0.4282534122,1,-135.2,41.7,1662.0,1,0.1208439246,0.0319673643,-0.9921567440,0.9846871495,0.1226526946,0.1238860041,0.1256509870,-0.9919348955,-0.0166560151,1,-172.8,197.7,1491.3,1,-0.6216158271,0.0319673605,-0.7826696634,0.7795912027,0.1226526648,-0.6141611934,0.0763634220,-0.9919346571,-0.1011643112,1,-201.8,-39.4,1461.1,1,0.1710964739,0.7597835064,-0.6272600889,-0.9498724341,0.2962852120,0.0997876078,0.2616648376,0.5787437558,0.7723906636,1,-44.4,250.0,1719.0,1,0.5657823086,0.7597833872,-0.3203427196,-0.7398615479,0.2962851226,-0.6040033102,-0.3639988899,0.5787436366,0.7297674417,1,3.9,-18.3,1792.8,1,-0.9875556231,-0.1506051570,-0.0453000665,-0.1480041593,0.9873911738,-0.0561558232,0.0531861484,-0.0487524122,-0.9973938465,1,-204.6,-157.8,1642.9,1,-0.7776606679,0.0000000000,-0.6286841035,-0.0000000000,0.9999999404,0.0000000000,0.6286840439,-0.0000000000,-0.7776607275,0,-146.6,-538.1,1661.6,1,-0.9875556231,-0.1506051570,-0.0453000665,-0.1480041593,0.9873911738,-0.0561558232,0.0531861484,-0.0487524122,-0.9973938465,0,-119.0,-122.9,1794.8,0,-0.7776606679,0.0000000000,-0.6286841035,-0.0000000000,0.9999999404,0.0000000000,0.6286840439,-0.0000000000,-0.7776607275,0,-60.9,-503.2,1813.6,0,-45.1,-235.9,1441.8,1,145.5,-203.4,1701.8,1,-146.6,-908.5,1661.6,0,-60.9,-873.6,1813.6,0,
20,0.4894554615,0.1508607268,-0.8588787317,0.1977661699,0.9400545359,0.2778220475,0.8493055105,-0.3058385253,0.4302810729,1,-79.0,408.4,1546.7,1,0.4894554615,0.1508607268,-0.8588787317,0.1977661699,0.9400545359,0.2778220475,0.8493055105,-0.3058385253,0.4302810729,1,-108.7,223.2,1606.9,1,0.4894838631,0.1377819628,-0.8610574603,0.1979515404,0.9441023469,0.2635999918,0.8492459655,-0.2994754612,0.4348501265,1,-135.2,41.4,1664.6,1,0.1451210380,0.0468006246,-0.9883064628,0.9819800854,0.1154033989,0.1496569514,0.1210579574,-0.9922156334,-0.0292098187,1,-173.9,196.9,1493.8,1,-0.6177579761,0.0468006171,-0.7849743962,0.7839173675,0.1154033989,-0.6100456715,0.0620382018,-0.9922156334,-0.1079791784,1,-208.9,-40.2,1464.5,1,0.1682617515,0.7776142955,-0.6058086753,-0.9519033432,0.2878236175,0.1050609052,0.2560628951,0.5589935780,0.7886431813,1,-43.4,249.6,1720.1,1,0.5398377180,0.7776142359,-0.3223218024,-0.7614158392,0.2878235579,-0.5808644891,-0.3589166701,0.5589934587,0.7474657893,1,4.2,-20.2,1792.7,1,-0.9873557091,-0.1487793922,-0.0547132194,-0.1456615627,0.9876822829,-0.0571527332,0.0625424087,-0.0484604463,-0.9968652129,1,-206.0,-158.3,1645.5,1,-0.7719922066,0.0000000000,-0.6356319785,-0.0000000000,0.9999999404,0.0000000000,0.6356319189,-0.0000000000,-0.7719922662,0,-148.7,-538.7,1664.2,1,-0.9873557091,-0.1487793922,-0.0547132194,-0.1456615627,0.9876822829,-0.0571527332,0.0625424087,-0.0484604463,-0.9968652129,0,-117.5,-122.5,1799.0,0,-0.7719922066,0.0000000000,-0.6356319785,-0.0000000000,0.9999999404,0.0000000000,0.6356319189,-0.0000000000,-0.7719922662,0,-60.2,-503.0,1817.7,0,-54.1,-236.7,1449.0,1,139.7,-211.2,1702.6,1,-148.7,-909.1,1664.2,0,-60.2,-873.3,1817.7,0,
21,0.5026940703,0.1573927104,-0.8500143886,0.2043600380,0.9337776899,0.2937605679,0.8399604559,-0.3213805556,0.4372410178,1,-78.8,408.5,1543.2,1,0.5026940703,0.1573927104,-0.8500143886,0.2043600380,0.9337776899,0.2937605679,0.8399604559,-0.3213805556,0.4372410178,1,-109.7,224.8,1606.4,1,0.5023354888,0.1398832053,-0.8532818556,0.2020997405,0.9404990673,0.2731597126,0.8407215476,-0.3096657693,0.4441770911,1,-136.7,43.7,1666.1,1,0.1595754027,0.0465847962,-0.9860860705,0.9813849926,0.1006411090,0.1635691673,0.1068606153,-0.9938316345,-0.0296577755,1,-176.7,197.9,1494.4,1,-0.5903698802,0.0465847924,-0.8057873845,0.8053324819,0.1006411090,-0.5842182636,0.0538796447,-0.9938316345,-0.0969317257,1,-214.9,-37.6,1468.8,1,0.1636158228,0.7818990350,-0.6015512347,-0.9517822862,0.2855082154,0.1122296900,0.2595000565,0.5541832447,0.7909113765,1,-42.8,251.7,1718.4,1,0.5345399976,0.7818989754,-0.3207817674,-0.7644771934,0.2855081558,-0.5779789686,-0.3603353202,0.5541832447,0.7503594756,1,4.1,-20.9,1792.8,1,-0.9863839746,-0.1465508193,-0.0746306777,-0.1435688138,0.9886664152,-0.0438949168,0.0802176595,-0.0325825959,-0.9962447882,1,-208.9,-155.7,1649.9,1,-0.7616918683,0.0000000000,-0.6479393244,-0.0000000000,0.9999999404,0.0000000000,0.6479392648,-0.0000000000,-0.7616919279,0,-152.5,-536.5,1662.4,1,-0.9863839746,-0.1465508193,-0.0746306777,-0.1435688138,0.9886664152,-0.0438949168,0.0802176595,-0.0325825959,-0.9962447882,0,-118.3,-119.2,1801.5,0,-0.7616918683,0.0000000000,-0.6479393244,-0.0000000000,0.9999999404,0.0000000000,0.6479392648,-0.0000000000,-0.7616919279,0,-61.9,-500.0,1814.1,0,-67.9,-238.2,1455.4,1,138.4,-213.1,1702.2,1,-152.5,-906.8,1662.4,0,-61.9,-870.4,1814.1,0,
22,0.5228103995,0.1560655236,-0.8380400538,0.1982373297,0.9338865280,0.2975853086,0.8290773034,-0.3217113912,0.4573088884,1,-80.7,409.9,1544.4,1,0.5228103995,0.1560655236,-0.8380400538,0.1982373297,0.9338865280,0.2975853086,0.8290773034,-0.3217113912,0.4573088884,1,-111.5,225.9,1607.8,1,0.5226598978,0.1350995302,-0.8417677879,0.1972683370,0.9414033294,0.2735763490,0.8294032812,-0.3090414107,0.4653843045,1,-137.5,44.6,1667.3,1,0.1728333384,0.0303228199,-0.9844843149,0.9803680182,0.0910143852,0.1749140322,0.0949060991,-0.9953879118,-0.0139972065,1,-181.1,199.7,1497.3,1,-0.5656896830,0.0303228199,-0.8240604997,0.8225773573,0.0910143703,-0.5613224506,0.0579804704,-0.9953878522,-0.0764287487,1,-222.0,-32.3,1474.9,1,0.1587853134,0.7942549586,-0.5864694118,-0.9511893988,0.2822710872,0.1247469932,0.2646242380,0.5380355120,0.8003073931,1,-41.8,252.2,1718.3,1,0.5144048333,0.7942548990,-0.3233368993,-0.7836561799,0.2822710574,-0.5533589125,-0.3482393622,0.5380354524,0.7676243782,1,3.6,-20.2,1794.1,1,-0.9837339520,-0.1510670036,-0.0971936285,-0.1477708817,0.9882001281,-0.0403032526,0.1021352708,-0.0252852831,-0.9944491386,1,-210.2,-154.3,1652.7,1,-0.7460455298,0.0000000000,-0.6658949852,-0.0000000000,0.9999999404,0.0000000000,0.6658949256,-0.0000000000,-0.7460455894,0,-152.1,-534.9,1662.4,1,-0.9837339520,-0.1510670036,-0.0971936285,-0.1477708817,0.9882001281,-0.0403032526,0.1021352708,-0.0252852831,-0.9944491386,0,-116.8,-119.0,1801.0,0,-0.7460455298,0.0000000000,-0.6658949852,-0.0000000000,0.9999999404,0.0000000000,0.6658949256,-0.0000000000,-0.7460455894,0,-58.6,-499.6,1810.8,0,-81.8,-236.2,1460.5,1,133.0,-217.3,1706.5,1,-152.1,-905.3,1662.4,0,-58.6,-870.0,1810.8,0,
23,0.5437563062,0.1558537781,-0.8246436119,0.1905214339,0.9340257049,0.3021535277,0.8173302412,-0.3214100599,0.4781901240,1,-82.4,409.8,1546.6,1,0.5437563062,0.1558537781,-0.8246436119,0.1905214339,0.9340257049,0.3021535277,0.8173302412,-0.3214100599,0.4781901240,1,-113.3,225.2,1610.1,1,0.5437228680,0.1318447441,-0.8288429976,0.1903037429,0.9424908161,0.2747628987,0.8174031377,-0.3071266711,0.4873646200,1,-138.6,43.7,1669.2,1,0.1983896196,0.0217727907,-0.9798814058,0.9763723612,0.0829904377,0.1995232403,0.0856649578,-0.9963124394,-0.0047939108,1,-185.7,199.9,1501.2,1,-0.5477560163,0.0217727870,-0.8363547921,0.8346560597,0.0829904377,-0.5444830656,0.0575545281,-0.9963124990,-0.0636313036,1,-231.5,-25.6,1481.4,1,0.1508517712,0.8403154612,-0.5206859708,-0.9486383796,0.2712171078,0.1628699899,0.2780810893,0.4693734944,0.8380689621,1,-40.8,250.6,1718.9,1,0.4558810294,0.8403154016,-0.2933302522,-0.8220649362,0.2712170780,-0.5006502271,-0.3411479294,0.4693734646,0.8144363761,1,1.8,-17.5,1797.5,1,-0.9807326794,-0.1546782106,-0.1193228662,-0.1510742903,0.9877631664,-0.0387348384,0.1238541901,-0.0199619103,-0.9920996428,1,-212.5,-154.8,1655.4,1,-0.7297298312,0.0000000000,-0.6837355494,-0.0000000000,0.9999999404,0.0000000000,0.6837354898,-0.0000000000,-0.7297298908,0,-153.0,-535.2,1663.1,1,-0.9807326794,-0.1546782106,-0.1193228662,-0.1510742903,0.9877631664,-0.0387348384,0.1238541901,-0.0199619103,-0.9920996428,0,-115.5,-120.8,1801.3,0,-0.7297298312,0.0000000000,-0.6837355494,-0.0000000000,0.9999999404,0.0000000000,0.6837354898,-0.0000000000,-0.7297298908,0,-55.9,-501.3,1809.0,0,-95.9,-232.3,1467.2,1,116.2,-223.9,1711.9,1,-153.0,-905.6,1663.1,0,-55.9,-871.6,1809.0,0,
