1,0.9541029930,0.2019885629,-0.2211025655,-0.0977486223,0.9079065919,0.4076145887,0.2830742896,-0.3672941923,0.8859822750,1,-265.2,445.3,1771.2,1,0.9541029930,0.2019885629,-0.2211025655,-0.0977486223,0.9079065919,0.4076145887,0.2830742896,-0.3672941923,0.8859822750,1,-306.0,261.9,1845.4,1,0.9568319321,0.1752900928,-0.2318282872,-0.0844482332,0.9309145808,0.3553383350,0.2780999541,-0.3204219639,0.9055334330,1,-339.7,82.7,1907.1,1,0.2894619107,-0.1500845253,-0.9453499317,0.9521604180,-0.0559590422,0.3004314005,-0.0979909822,-0.9870882034,0.1267065555,1,-433.4,273.2,1808.4,1,-0.3726723492,-0.1500845253,-0.9157455564,0.9279541373,-0.0559590645,-0.3684694469,0.0040572989,-0.9870882630,0.1601259559,1,-510.2,20.8,1834.4,1,0.0781742334,0.8229529858,0.5627052784,-0.9408719540,-0.1257170141,0.3145716190,0.3296192884,-0.5540249944,0.7644654512,1,-178.5,250.7,1882.5,1,-0.2367332131,0.8229529262,0.5164356828,-0.9623919129,-0.1257170141,-0.2408256531,-0.1332634240,-0.5540249944,0.8217647076,1,-158.1,5.1,1968.5,1,0.9397612214,-0.0343556292,-0.3401007056,-0.0076864585,0.9925612211,-0.1215037256,0.3417451382,0.1167986616,0.9325065017,1,-458.5,-89.1,1944.1,1,0.9397613406,0.1798874587,-0.2906704545,-0.0076864660,0.8612377644,0.5081440806,0.3417451382,-0.4752998650,0.8107407093,1,-445.3,-471.4,1899.1,1,0.4989304245,0.1711590588,-0.8495721817,0.1167137921,0.9581025243,0.2615669072,0.8587468266,-0.2296605408,0.4580499232,1,-288.4,-104.1,1993.6,1,0.1233423054,0.0643716827,-0.9902741909,0.1245744750,0.9889956117,0.0798047781,0.9845139980,-0.1332061887,0.1139659435,1,-354.3,-473.1,2082.0,1,-416.3,-212.9,1833.3,1,-217.7,-237.3,1935.0,1,-511.9,-790.3,2075.1,1,-378.2,-839.2,2131.3,1,
2,0.9546805620,0.1996517628,-0.2207319289,-0.0985895395,0.9118958116,0.3984028697,0.2808267176,-0.3585859239,0.8902544379,1,-265.3,448.4,1773.0,1,0.9546805620,0.1996517628,-0.2207319289,-0.0985895395,0.9118958116,0.3984028697,0.2808267176,-0.3585859239,0.8902544379,1,-305.5,264.5,1845.3,1,0.9570614100,0.1756868213,-0.2305774391,-0.0868888274,0.9327042103,0.3500170708,0.2765542865,-0.3149535954,0.9079220891,1,-339.4,84.9,1906.0,1,0.2904177904,-0.1542337239,-0.9443885088,0.9516383410,-0.0568018332,0.3019239306,-0.1002098322,-0.9864004254,0.1302784532,1,-433.1,276.1,1808.5,1,-0.3768537939,-0.1542337090,-0.9133417606,0.9262559414,-0.0568018258,-0.3725903034,0.0055865017,-0.9864002466,0.1642658561,1,-510.4,22.6,1835.2,1,0.0758902207,0.8234982491,0.5622199178,-0.9413552284,-0.1267415285,0.3127087951,0.3287717402,-0.5529801846,0.7655860782,1,-178.0,252.9,1882.2,1,-0.2415857464,0.8234983683,0.5133097768,-0.9602741599,-0.1267415434,-0.2486162484,-0.1396773607,-0.5529802442,0.8214032054,1,-158.1,5.5,1968.6,1,0.9428753853,-0.0367709808,-0.3311100602,-0.0100115575,0.9903135896,-0.1384870708,0.3329950869,0.1338909715,0.9333742857,1,-458.3,-87.0,1942.0,1,0.9428754449,0.1782985926,-0.2814171314,-0.0100115687,0.8595103621,0.5110202432,0.3329951167,-0.4790109694,0.8121963143,1,-444.1,-468.4,1890.5,1,0.5024651289,0.1669769883,-0.8483204246,0.1240883246,0.9570885897,0.2618843317,0.8556464911,-0.2368544042,0.4601838291,1,-288.1,-102.5,1991.2,1,0.1244440004,0.0678634793,-0.9899031520,0.0932064503,0.9924473763,0.0797551796,0.9878392220,-0.1021904126,0.1171787977,1,-352.4,-471.1,2082.4,1,-415.5,-210.6,1833.7,1,-218.9,-236.4,1933.4,1,-510.1,-786.7,2067.9,1,-377.6,-838.4,2120.2,1,
3,0.9559775591,0.1969116032,-0.2175572366,-0.0947544128,0.9088431001,0.4062322974,0.2777175605,-0.3677348197,0.8874933720,1,-264.9,446.9,1769.8,1,0.9559775591,0.1969116032,-0.2175572366,-0.0947544128,0.9088431001,0.4062322974,0.2777175605,-0.3677348197,0.8874933720,1,-304.6,263.7,1844.0,1,0.9578613639,0.1756092906,-0.2272913009,-0.0854567811,0.9297289848,0.3581897914,0.2742210925,-0.3236729801,0.9055600762,1,-338.5,84.6,1906.3,1,0.3022285998,-0.1581746638,-0.9400205612,0.9474719167,-0.0584307723,0.3144563138,-0.1046651453,-0.9856807590,0.1322066039,1,-432.3,275.1,1807.4,1,-0.3738144040,-0.1581746638,-0.9139166474,0.9274899960,-0.0584307648,-0.3692534864,0.0050056945,-0.9856808186,0.1685476899,1,-511.7,25.9,1835.0,1,0.0756427497,0.8258463740,0.5587986708,-0.9393218160,-0.1290298700,0.3178456724,0.3345934153,-0.5489345193,0.7659752965,1,-177.0,252.3,1880.5,1,-0.2375247329,0.8258463740,0.5114291310,-0.9624932408,-0.1290298402,-0.2386589050,-0.1311059594,-0.5489344597,0.8255193233,1,-157.4,8.3,1967.4,1,0.9434359670,-0.0348013006,-0.3297230303,-0.0103531554,0.9908987880,-0.1342099458,0.3313928246,0.1300321668,0.9344893694,1,-457.4,-86.8,1944.3,1,0.9434359670,0.1756986678,-0.2811732590,-0.0103531480,0.8632431030,0.5046821833,0.3313928545,-0.4732243121,0.8162336946,1,-444.0,-468.4,1894.2,1,0.5050293207,0.1703532189,-0.8461235762,0.1298923343,0.9541620612,0.2696344554,0.8532721996,-0.2460782379,0.4597522914,1,-287.1,-102.0,1993.0,1,0.1299471706,0.0502210595,-0.9902482629,0.1004728302,0.9929088354,0.0635407194,0.9864172935,-0.1077499762,0.1239798144,1,-352.7,-469.5,2087.8,1,-417.6,-207.7,1833.7,1,-217.2,-234.1,1934.4,1,-509.1,-788.1,2069.4,1,-371.3,-837.0,2127.7,1,
4,0.9559364319,0.2020515203,-0.2129768431,-0.0993956327,0.9053798914,0.4128034115,0.2762328386,-0.3734452724,0.8855701685,1,-264.1,446.2,1767.8,1,0.9559364319,0.2020515203,-0.2129768431,-0.0993956327,0.9053798914,0.4128034115,0.2762328386,-0.3734452724,0.8855701685,1,-304.9,263.4,1843.2,1,0.9583174586,0.1776292622,-0.2237718850,-0.0878947452,0.9285454154,0.3606614470,0.2718467116,-0.3259601593,0.9054555893,1,-339.1,84.6,1905.9,1,0.3010311723,-0.1875253767,-0.9349943995,0.9467265010,-0.0588616095,0.3166138828,-0.1144084036,-0.9804946184,0.1598160416,1,-432.6,275.1,1806.9,1,-0.3785636127,-0.1875253469,-0.9063795209,0.9254218340,-0.0588616058,-0.3743388355,0.0168470684,-0.9804944396,0.1958229542,1,-511.8,26.1,1837.0,1,0.0775125623,0.8225806952,0.5633408427,-0.9383450747,-0.1307447404,0.3200223148,0.3368979990,-0.5534138083,0.7617301941,1,-177.2,251.7,1879.4,1,-0.2408844978,0.8225806952,0.5151075125,-0.9616936445,-0.1307447404,-0.2409380674,-0.1308433861,-0.5534138680,0.8225650191,1,-157.2,8.6,1966.7,1,0.9524804354,-0.0212306026,-0.3038589656,-0.0165372286,0.9924924374,-0.1211831793,0.3041505218,0.1204496026,0.9449784756,1,-458.5,-86.4,1944.5,1,0.9524804354,0.1604503840,-0.2589144707,-0.0165372416,0.8760011792,0.4820253551,0.3041505218,-0.4548379779,0.8370274305,1,-450.4,-468.6,1898.2,1,0.5081171989,0.1670874655,-0.8449253440,0.1312272996,0.9545300007,0.2676790059,0.8512323499,-0.2468895614,0.4630865753,1,-288.2,-102.0,1992.9,1,0.1296992004,0.0704061091,-0.9890506268,0.0852885097,0.9929869771,0.0818706229,0.9878785610,-0.0949732065,0.1227847710,1,-352.5,-469.7,2088.0,1,-416.5,-207.0,1832.8,1,-217.8,-233.6,1933.7,1,-509.8,-792.9,2066.5,1,-378.6,-837.2,2123.1,1,
5,0.9555929303,0.1981685907,-0.2181047499,-0.0974236205,0.9109527469,0.4008396268,0.2781173289,-0.3617912829,0.8898079395,1,-265.8,448.7,1771.2,1,0.9555929303,0.1981685907,-0.2181047499,-0.0974236205,0.9109527469,0.4008396268,0.2781173289,-0.3617912829,0.8898079395,1,-305.8,264.9,1844.2,1,0.9576898813,0.1756408662,-0.2279884964,-0.0870859623,0.9318962693,0.3521136343,0.2743075192,-0.3173613846,0.9077651501,1,-339.6,85.4,1905.3,1,0.2971989214,-0.1790575385,-0.9378759861,0.9486126900,-0.0564095415,0.3113709092,-0.1086584404,-0.9822201729,0.1530914009,1,-433.4,276.5,1807.7,1,-0.3864317238,-0.1790575087,-0.9047701359,0.9221521616,-0.0564095378,-0.3826920986,0.0174862314,-0.9822201133,0.1869167238,1,-512.2,25.2,1836.5,1,0.0795602798,0.8137222528,0.5757831335,-0.9419788122,-0.1275909692,0.3104775250,0.3261072040,-0.5670771599,0.7563580871,1,-178.2,253.3,1880.8,1,-0.2381756157,0.8137222528,0.5302154422,-0.9631361365,-0.1275909841,-0.2368318439,-0.1250646412,-0.5670772195,0.8141143918,1,-157.5,7.9,1965.7,1,0.9509813190,-0.0242296383,-0.3082976937,-0.0143396612,0.9923986197,-0.1222267002,0.3089157343,0.1206561923,0.9434050918,1,-458.6,-86.3,1942.1,1,0.9509814382,0.1621077806,-0.2633545101,-0.0143396705,0.8737949133,0.4860832095,0.3089157045,-0.4584796429,0.8332872391,1,-449.3,-468.5,1895.6,1,0.5085221529,0.1546196789,-0.8470525146,0.1448248029,0.9543712139,0.2611540258,0.8487821221,-0.2554768026,0.4629261494,1,-288.3,-101.8,1990.8,1,0.1247562617,0.0833711624,-0.9886785150,0.0618009046,0.9938756227,0.0916077495,0.9902608991,-0.0725298598,0.1188397855,1,-347.9,-469.3,2089.2,1,-414.9,-207.0,1832.1,1,-217.5,-234.6,1934.2,1,-509.3,-792.0,2065.4,1,-378.8,-837.2,2116.1,1,
6,0.9574789405,0.1950425953,-0.2125813216,-0.0997865498,0.9152613878,0.3903049827,0.2706938982,-0.3524963558,0.8958077431,1,-266.6,450.4,1773.0,1,0.9574789405,0.1950425953,-0.2125813216,-0.0997865498,0.9152613878,0.3903049827,0.2706938982,-0.3524963558,0.8958077431,1,-305.9,266.1,1843.9,1,0.9598158002,0.1723858714,-0.2214388400,-0.0880240873,0.9341990352,0.3457204103,0.2664655745,-0.3123362660,0.9118347168,1,-339.1,86.2,1904.1,1,0.3002149761,-0.2064994276,-0.9312512875,0.9470418096,-0.0520933308,0.3168568313,-0.1139427349,-0.9770591259,0.1799243689,1,-433.8,277.8,1808.4,1,-0.3892458379,-0.2064993978,-0.8976890445,0.9205359221,-0.0520933196,-0.3871690929,0.0331865959,-0.9770590067,0.2103672177,1,-513.7,25.6,1838.8,1,0.0783760399,0.8069549203,0.5853897333,-0.9434235096,-0.1297386885,0.3051557839,0.3221946061,-0.5761873126,0.7511317730,1,-178.0,254.4,1879.4,1,-0.2385184765,0.8069548607,0.5403081179,-0.9640678167,-0.1297386885,-0.2318210304,-0.1169702187,-0.5761873126,0.8089044094,1,-157.5,7.9,1963.6,1,0.9500707984,-0.0240664389,-0.3111052811,-0.0123341028,0.9933455586,-0.1145096794,0.3117909133,0.1126294807,0.9434517622,1,-457.6,-85.9,1940.5,1,0.9500707388,0.1630003154,-0.2660762966,-0.0123340935,0.8716648221,0.4899473488,0.3117909133,-0.4622027874,0.8301536441,1,-448.3,-468.5,1897.2,1,0.5153211951,0.1580575705,-0.8422956467,0.1434363127,0.9530740976,0.2666003704,0.8449084163,-0.2582006156,0.4684680998,1,-287.0,-101.5,1987.9,1,0.1336197108,0.0780170932,-0.9879570603,0.0544881336,0.9948101640,0.0859277397,0.9895336032,-0.0653135702,0.1286752671,1,-347.8,-468.6,2087.4,1,-415.7,-206.2,1830.4,1,-217.6,-234.9,1934.2,1,-508.7,-791.3,2068.3,1,-376.7,-836.9,2111.5,1,
7,0.9587463737,0.1947038621,-0.2071092725,-0.0994916782,0.9123497009,0.3971374631,0.2662805915,-0.3601487577,0.8940849304,1,-267.0,449.4,1770.3,1,0.9587463737,0.1947038621,-0.2071092725,-0.0994916782,0.9123497009,0.3971374631,0.2662805915,-0.3601487577,0.8940849304,1,-306.2,265.8,1842.8,1,0.9609498382,0.1725337952,-0.2163468301,-0.0884236619,0.9322894216,0.3507370353,0.2622121572,-0.3179108202,0.9111409783,1,-339.4,86.3,1904.0,1,0.3085281253,-0.2452385128,-0.9190585613,0.9434226155,-0.0445286408,0.3285891414,-0.1215071157,-0.9684396386,0.2176252604,1,-434.3,277.6,1807.8,1,-0.3838679194,-0.2452384979,-0.8902266622,0.9217589498,-0.0445286334,-0.3851981163,0.0548248217,-0.9684395790,0.2431439161,1,-515.5,29.2,1839.8,1,0.0810000002,0.8012374640,0.5928385854,-0.9426303506,-0.1316853166,0.3067686260,0.3238626420,-0.5836759210,0.7446042895,1,-178.2,254.1,1877.7,1,-0.2370168120,0.8012374043,0.5494011641,-0.9655367732,-0.1316853315,-0.2244940400,-0.1075249389,-0.5836759210,0.8048359752,1,-157.2,9.4,1961.8,1,0.9414194822,-0.0238283705,-0.3363950551,-0.0095284097,0.9952230453,-0.0971618593,0.3371033370,0.0946753845,0.9366952181,1,-458.1,-85.4,1941.9,1,0.9414194822,0.1698517352,-0.2913413942,-0.0095283985,0.8769564629,0.4804753959,0.3371033072,-0.4495528340,0.8272023201,1,-448.9,-468.6,1905.5,1,0.5179829001,0.1638387442,-0.8395537734,0.1376752257,0.9527210593,0.2708653808,0.8442387581,-0.2558894455,0.4709366858,1,-287.3,-101.1,1988.5,1,0.1390455067,0.0777442902,-0.9872295856,0.0802091882,0.9927539825,0.0894763395,0.9870323539,-0.0916261598,0.1318021715,1,-350.4,-468.0,2087.1,1,-418.9,-202.9,1826.0,1,-216.8,-233.7,1934.7,1,-511.8,-793.4,2071.9,1,-379.1,-835.5,2121.0,1,
8,0.9596053362,0.1863854080,-0.2107519656,-0.0928573906,0.9169229865,0.3881089687,0.2655814588,-0.3528618813,0.8971930146,1,-267.9,449.1,1772.5,1,0.9596053362,0.1863854080,-0.2107519656,-0.0928573906,0.9169229865,0.3881089687,0.2655814588,-0.3528618813,0.8971930146,1,-305.3,265.1,1843.3,1,0.9612849951,0.1673460752,-0.2189173996,-0.0840653703,0.9346944094,0.3453666568,0.2624169290,-0.3135927022,0.9125772715,1,-337.5,85.1,1903.7,1,0.3173970878,-0.2754874527,-0.9073951244,0.9396988750,-0.0371586457,0.3399781883,-0.1273772717,-0.9605862498,0.2470812351,1,-433.4,276.3,1808.3,1,-0.3841464520,-0.2754874527,-0.8812141418,0.9202557802,-0.0371586382,-0.3895492554,0.0745711997,-0.9605863690,0.2677932680,1,-516.3,30.7,1841.6,1,0.0780440122,0.7958070040,0.6005002260,-0.9445180297,-0.1337440014,0.2999971509,0.3190531135,-0.5905963182,0.7412160635,1,-177.2,253.9,1878.3,1,-0.2408139706,0.7958069444,0.5556077957,-0.9647643566,-0.1337439716,-0.2265885174,-0.1060115248,-0.5905962586,0.7999735475,1,-157.0,9.5,1960.8,1,0.9437783957,-0.0241861381,-0.3296929896,-0.0077383984,0.9954304099,-0.0951762646,0.3304883838,0.0923765972,0.9392784834,1,-455.2,-87.4,1940.8,1,0.9437783360,0.1650601029,-0.2864220440,-0.0077383816,0.8772191405,0.4800278246,0.3304883242,-0.4508234262,0.8291777372,1,-445.9,-470.8,1905.2,1,0.5170340538,0.1596720219,-0.8409403563,0.1391520053,0.9536989927,0.2666364610,0.8445783854,-0.2548786700,0.4708760977,1,-284.3,-102.3,1987.4,1,0.1341335773,0.0950894579,-0.9863905311,0.0684340596,0.9921203256,0.1049477831,0.9885975122,-0.0815797225,0.1265692860,1,-345.8,-469.7,2085.6,1,-419.6,-200.9,1822.8,1,-217.7,-233.5,1934.1,1,-507.0,-795.6,2072.1,1,-381.0,-836.9,2115.8,1,
9,0.9595849514,0.1809569895,-0.2155221254,-0.0886907578,0.9212822914,0.3786445558,0.2670754194,-0.3442270160,0.9000992775,1,-268.4,450.1,1773.6,1,0.9595849514,0.1809569895,-0.2155221254,-0.0886907578,0.9212822914,0.3786445558,0.2670754194,-0.3442270160,0.9000992775,1,-304.7,265.2,1842.7,1,0.9610394835,0.1638636738,-0.2225989997,-0.0808531567,0.9367569685,0.3405112922,0.2643189132,-0.3092471957,0.9135107994,1,-336.3,84.8,1902.3,1,0.3166342676,-0.3017123044,-0.8992844224,0.9395266175,-0.0306847021,0.3410982490,-0.1305078119,-0.9529050589,0.2737509608,1,-432.8,276.0,1807.5,1,-0.3740943968,-0.3017123640,-0.8769396544,0.9231370687,-0.0306847245,-0.3832446635,0.0887209922,-0.9529051781,0.2900008261,1,-515.0,32.0,1841.4,1,0.0819292441,0.7826976180,0.6169862747,-0.9443779588,-0.1368656456,0.2990286350,0.3184932470,-0.6071674228,0.7279490232,1,-176.7,254.4,1877.9,1,-0.2462456077,0.7826976180,0.5716183782,-0.9640215039,-0.1368656754,-0.2278821915,-0.1001279056,-0.6071673632,0.7882399559,1,-155.5,10.7,1960.1,1,0.9692245126,-0.0105618862,-0.2459518313,-0.0118634393,0.9959145784,-0.0895178169,0.2458924949,0.0896807015,0.9651395082,1,-453.3,-88.4,1938.3,1,0.9692244530,0.1282638609,-0.2101243287,-0.0118634328,0.8768883348,0.4805476367,0.2458924651,-0.4632657468,0.8514233232,1,-449.2,-472.0,1903.8,1,0.5132398605,0.1736790240,-0.8404881954,0.1337338388,0.9511639476,0.2782130241,0.8477618694,-0.2551917136,0.4649484754,1,-282.4,-102.8,1985.3,1,0.1311227083,0.0947283581,-0.9868299365,0.0650307536,0.9924584031,0.1039094701,0.9892308116,-0.0777991861,0.1239736006,1,-349.3,-469.1,2083.6,1,-420.9,-200.5,1819.0,1,-217.6,-232.1,1934.9,1,-496.7,-796.5,2075.2,1,-384.4,-836.6,2112.4,1,
10,0.9619340897,0.1827373207,-0.2031954676,-0.0982308537,0.9250603914,0.3668959141,0.2550139725,-0.3329698443,0.9077991247,1,-269.8,452.2,1774.6,1,0.9619340897,0.1827373207,-0.2031954676,-0.0982308537,0.9250603914,0.3668959141,0.2550139725,-0.3329698443,0.9077991247,1,-306.5,266.4,1841.5,1,0.9640522003,0.1628404558,-0.2099638283,-0.0868003070,0.9398509264,0.3303704262,0.2511326671,-0.3002696335,0.9202015400,1,-337.9,85.4,1899.3,1,0.3016905189,-0.3169704676,-0.8991733193,0.9450899959,-0.0248685628,0.3258629143,-0.1256500632,-0.9481094480,0.2920629382,1,-435.0,278.0,1808.1,1,-0.3675037622,-0.3169704676,-0.8743401766,0.9247798920,-0.0248685703,-0.3796891272,0.0986066461,-0.9481093884,0.3022671640,1,-513.2,33.0,1840.6,1,0.0972378254,0.7445505261,0.6604463458,-0.9420918822,-0.1451352686,0.3023220599,0.3209480941,-0.6515982747,0.6873223782,1,-178.1,254.8,1875.0,1,-0.2683992386,0.7445505857,0.6112335324,-0.9587956667,-0.1451352835,-0.2442266047,-0.0931275040,-0.6515983343,0.7528260350,1,-153.0,11.7,1957.8,1,0.9751119614,-0.0033358275,-0.2216879278,-0.0137503920,0.9970520735,-0.0754852444,0.2212862074,0.0766548514,0.9721916318,1,-454.9,-87.9,1934.8,1,0.9751120210,0.1178703085,-0.1877851039,-0.0137503892,0.8774941564,0.4793902040,0.2212862074,-0.4648770094,0.8572758436,1,-453.7,-471.8,1905.3,1,0.5256405473,0.1876502931,-0.8297525048,0.1314475834,0.9457390904,0.2971516848,0.8404899836,-0.2652639747,0.4724526405,1,-283.6,-103.3,1979.5,1,0.1487071663,0.0815351903,-0.9855141640,0.0528643616,0.9945145249,0.0902566686,0.9874672294,-0.0655203909,0.1435811371,1,-355.8,-467.5,2081.6,1,-420.7,-199.9,1815.8,1,-220.6,-229.7,1934.4,1,-497.3,-796.7,2077.4,1,-386.0,-835.7,2105.9,1,
11,0.9614223838,0.1830259711,-0.2053458542,-0.0952568054,0.9218481779,0.3756602407,0.2580536306,-0.3416077793,0.9037216306,1,-270.4,456.9,1770.7,1,0.9614223838,0.1830259711,-0.2053458542,-0.0952568054,0.9218481779,0.3756602407,0.2580536306,-0.3416077793,0.9037216306,1,-307.4,270.7,1839.7,1,0.9636613131,0.1608572751,-0.2132610530,-0.0831393674,0.9393168688,0.3328216672,0.2538568079,-0.3029971719,0.9185585380,1,-338.3,89.8,1898.0,1,0.2897937596,-0.3389631808,-0.8950551152,0.9488349557,-0.0208081678,0.3150863051,-0.1254271120,-0.9405695796,0.3155899942,1,-435.8,281.8,1805.8,1,-0.3660929501,-0.3389631808,-0.8666487336,0.9238750935,-0.0208081603,-0.3821282089,0.1114940271,-0.9405695796,0.3207773268,1,-512.2,31.4,1838.9,1,0.0926647559,0.7416723967,0.6643308401,-0.9449180365,-0.1448466182,0.2935123742,0.3139160872,-0.6549364328,0.6873973608,1,-179.0,259.6,1873.5,1,-0.2735563219,0.7416722775,0.6124451756,-0.9568330646,-0.1448465884,-0.2519720197,-0.0981700793,-0.6549363136,0.7492803335,1,-154.5,10.2,1956.4,1,0.9742447138,-0.0037492670,-0.2254624367,-0.0082376245,0.9986026287,-0.0522015542,0.2253430933,0.0527143627,0.9728524089,1,-455.0,-83.7,1933.8,1,0.9742445946,0.1109795123,-0.1962929368,-0.0082376227,0.8874385357,0.4608523548,0.2253430784,-0.4473658800,0.8654965758,1,-453.5,-468.2,1913.5,1,0.5242349505,0.1832571775,-0.8316216469,0.1416396052,0.9442033172,0.2973521650,0.8397119045,-0.2736729383,0.4690279365,1,-283.7,-98.5,1978.9,1,0.1428756863,0.1009839475,-0.9845753908,0.0603107512,0.9920442700,0.1105019450,0.9879013300,-0.0751685277,0.1356486082,1,-354.2,-462.1,2084.3,1,-420.0,-201.2,1810.9,1,-223.4,-230.8,1931.7,1,-494.6,-796.7,2079.1,1,-391.6,-829.4,2112.2,1,
12,0.9619013667,0.1801810414,-0.2056187391,-0.0916117579,0.9210428596,0.3785313368,0.2575881183,-0.3452728689,0.9024607539,1,-270.9,455.9,1768.2,1,0.9619013667,0.1801810414,-0.2056187391,-0.0916117579,0.9210428596,0.3785313368,0.2575881183,-0.3452728689,0.9024607539,1,-307.3,269.9,1837.9,1,0.9636875391,0.1599391699,-0.2138325274,-0.0818429068,0.9391516447,0.3336082697,0.2541784942,-0.3039936125,0.9181402922,1,-338.1,89.0,1896.4,1,0.2948896289,-0.3597600162,-0.8852190971,0.9467691779,-0.0151623711,0.3215557635,-0.1291049123,-0.9329216480,0.3361385167,1,-435.7,280.8,1804.0,1,-0.3593670130,-0.3597600460,-0.8610622287,0.9249817729,-0.0151623636,-0.3797090352,0.1235483885,-0.9329217672,0.3382202983,1,-512.4,34.5,1837.6,1,0.0921379775,0.7351167798,0.6716501713,-0.9449378252,-0.1481607556,0.2917890251,0.3140111566,-0.6615524888,0.6809884310,1,-178.9,258.9,1871.8,1,-0.2790164053,0.7351167202,0.6178618073,-0.9554700255,-0.1481607407,-0.2551968098,-0.0960565880,-0.6615525484,0.7437213063,1,-154.9,12.4,1953.7,1,0.9741973877,-0.0015667526,-0.2256924957,-0.0065699364,0.9993552566,-0.0352965146,0.2256022841,0.0358685516,0.9735590219,1,-454.6,-84.6,1932.4,1,0.9741757512,0.1050370634,-0.1998718977,-0.0067526102,0.8983648419,0.4391981661,0.2256899774,-0.4265065491,0.8758745193,1,-454.0,-469.4,1918.6,1,0.5238163471,0.1817550063,-0.8322148919,0.1426813006,0.9444482923,0.2960737348,0.8397967219,-0.2738297582,0.4687843323,1,-283.3,-99.2,1977.6,1,0.1421817839,0.0990934372,-0.9848679304,0.0562323108,0.9925608635,0.1079855189,0.9882420301,-0.0707349703,0.1355518252,1,-353.3,-462.9,2083.0,1,-422.0,-198.4,1806.5,1,-225.1,-228.2,1929.5,1,-492.9,-801.9,2076.5,1,-390.0,-830.4,2109.2,1,
13,0.9603692293,0.1823344827,-0.2108165473,-0.0919391587,0.9212459922,0.3779568672,0.2631287873,-0.3435959816,0.9015017152,1,-272.0,456.1,1766.9,1,0.9603692293,0.1823344827,-0.2108165473,-0.0919391587,0.9212459922,0.3779568672,0.2631287873,-0.3435959816,0.9015017152,1,-308.9,269.8,1836.4,1,0.9625449777,0.1591037065,-0.2195261568,-0.0800761580,0.9404131174,0.3304684758,0.2590243518,-0.3005121052,0.9179320335,1,-339.5,88.7,1894.3,1,0.2830475569,-0.3407019973,-0.8965524435,0.9512958527,-0.0193225965,0.3076733053,-0.1221486181,-0.9399728179,0.3186391890,1,-437.1,280.5,1801.9,1,-0.3674792945,-0.3407019973,-0.8653792143,0.9229908586,-0.0193225965,-0.3843364716,0.1142228246,-0.9399728179,0.3215654790,1,-511.2,31.5,1833.9,1,0.0945765153,0.7191579342,0.6883801818,-0.9478568435,-0.1463416219,0.2831106186,0.3043398857,-0.6792614460,0.6678182483,1,-180.6,259.1,1870.9,1,-0.2878552079,0.7191579342,0.6324169636,-0.9524850249,-0.1463415623,-0.2671261132,-0.0995569602,-0.6792613268,0.7271123528,1,-155.7,9.7,1951.0,1,0.9729490280,0.0147918426,-0.2305461764,-0.0163651574,0.9998539686,-0.0049134577,0.2304398417,0.0085534668,0.9730491042,1,-455.7,-85.3,1929.1,1,0.9752284884,0.0851581097,-0.2041502595,0.0051780641,0.9138817787,0.4059472978,0.2211388946,-0.3969484866,0.8908026814,1,-461.4,-470.1,1925.8,1,0.5191739202,0.1716110706,-0.8372622132,0.1415209770,0.9488486648,0.2822376192,0.8428703547,-0.2650205791,0.4683308601,1,-284.6,-99.5,1975.2,1,0.1359554380,0.1100173965,-0.9845873117,0.0780246854,0.9895390868,0.1213446334,0.9876376390,-0.0933195874,0.1259491593,1,-350.7,-464.9,2077.2,1,-418.7,-200.9,1805.1,1,-228.2,-230.2,1925.9,1,-492.9,-808.3,2072.7,1,-391.4,-831.3,2111.8,1,
14,0.9590181112,0.1802496463,-0.2186160684,-0.0875036046,0.9222555161,0.3765453100,0.2694923282,-0.3419841528,0.9002338648,1,-273.2,457.2,1766.3,1,0.9590181112,0.1802496463,-0.2186160684,-0.0875036046,0.9222555161,0.3765453100,0.2694923282,-0.3419841528,0.9002338648,1,-309.6,270.9,1835.4,1,0.9611940384,0.1561338305,-0.2274355739,-0.0754460841,0.9417731762,0.3276729882,0.2653538883,-0.2977983057,0.9170081019,1,-339.7,89.6,1892.7,1,0.2757885158,-0.2951608598,-0.9147790670,0.9547321200,-0.0262577012,0.2963058650,-0.1114778891,-0.9550867081,0.2745579779,1,-437.7,281.0,1800.0,1,-0.3699510992,-0.2951608896,-0.8809178472,0.9247875810,-0.0262577012,-0.3795767426,0.0889053270,-0.9550867081,0.2826751769,1,-510.6,28.5,1829.5,1,0.0956386402,0.7060588598,0.7016652822,-0.9501163363,-0.1454765201,0.2758905292,0.2968707979,-0.6930494308,0.6569248438,1,-181.5,260.9,1870.7,1,-0.2979817986,0.7060588002,0.6424077749,-0.9488446712,-0.1454764903,-0.2802324593,-0.1044053584,-0.6930493116,0.7132895589,1,-156.3,10.5,1949.0,1,0.9713152647,0.0254167467,-0.2364337295,-0.0194785967,0.9994342923,0.0274178907,0.2369968444,-0.0220260136,0.9712607861,1,-455.2,-85.1,1926.5,1,0.9740987420,0.0782564506,-0.2121495754,0.0082448348,0.9252895117,0.3791718781,0.2259724140,-0.3711000383,0.9006781578,1,-465.0,-469.7,1935.0,1,0.5137819052,0.1717605293,-0.8405513167,0.1491827369,0.9469410181,0.2846876085,0.8448506594,-0.2716630399,0.4608975351,1,-284.3,-98.5,1973.7,1,0.1304145902,0.1043293253,-0.9859551191,0.0827438682,0.9898336530,0.1156844497,0.9880008698,-0.0966686681,0.1204561219,1,-350.5,-463.2,2078.3,1,-417.5,-204.3,1807.1,1,-231.4,-228.5,1922.7,1,-493.9,-812.1,2072.3,1,-389.1,-829.7,2114.1,1,
15,0.9550046325,0.1746371090,-0.2397223413,-0.0753372833,0.9245913625,0.3734349012,0.2868611813,-0.3385720551,0.8961472511,1,-274.1,458.5,1766.0,1,0.9550046325,0.1746371090,-0.2397223413,-0.0753372833,0.9245913625,0.3734349012,0.2868611813,-0.3385720551,0.8961472511,1,-309.4,271.3,1834.5,1,0.9563736320,0.1539136469,-0.2483118027,-0.0675533861,0.9434357882,0.3245980740,0.2842267156,-0.2936628163,0.9126760960,1,-339.1,89.6,1891.1,1,0.2763558030,-0.2727117538,-0.9215508103,0.9545638561,-0.0333729163,0.2961318195,-0.1115134433,-0.9615168571,0.2510980070,1,-436.8,280.3,1796.7,1,-0.3599808514,-0.2727117836,-0.8922119737,0.9303442836,-0.0333728902,-0.3651654124,0.0698092133,-0.9615168571,0.2657294273,1,-509.5,29.3,1826.0,1,0.0980895758,0.6931764483,0.7140623331,-0.9545857906,-0.1373001337,0.2644140720,0.2813264132,-0.7075700164,0.6482285857,1,-182.0,262.3,1872.4,1,-0.3012560904,0.6931764483,0.6547910571,-0.9470178485,-0.1373001039,-0.2903548181,-0.1113642231,-0.7075699568,0.6978129148,1,-156.3,12.2,1946.1,1,0.9660502076,0.0410206430,-0.2550774515,-0.0293908492,0.9983544350,0.0492403843,0.2566775978,-0.0400717333,0.9656661153,1,-453.7,-86.1,1922.4,1,0.9717398286,0.0560102835,-0.2293131799,0.0312011838,0.9324421287,0.3599696159,0.2339832634,-0.3569516838,0.9043436050,1,-469.5,-470.3,1937.8,1,0.4940158129,0.1653171182,-0.8535917401,0.1421908140,0.9531777501,0.2668970227,0.8577472568,-0.2532241940,0.4473782480,1,-283.7,-98.1,1972.9,1,0.1122020558,0.1101022363,-0.9875668287,0.1365427971,0.9827067256,0.1250736862,0.9842594266,-0.1488786489,0.0952280536,1,-347.4,-465.1,2070.4,1,-418.9,-204.9,1808.4,1,-232.2,-226.3,1918.1,1,-490.2,-815.4,2069.9,1,-388.1,-828.5,2125.5,1,
16,0.9551050067,0.1740229130,-0.2397688478,-0.0764253065,0.9266346693,0.3681112826,0.2862383127,-0.3332605958,0.8983347416,1,-274.7,462.1,1765.9,1,0.9551050067,0.1740229130,-0.2397688478,-0.0764253065,0.9266346693,0.3681112826,0.2862383127,-0.3332605958,0.8983347416,1,-310.0,274.4,1833.4,1,0.9563818574,0.1544647366,-0.2479376495,-0.0691528022,0.9443517923,0.3215837181,0.2838141024,-0.2904113233,0.9138441682,1,-339.7,92.5,1889.3,1,0.2669456899,-0.2359996289,-0.9343684316,0.9585012794,-0.0356652178,0.2828485966,-0.1000766009,-0.9710985422,0.2166852653,1,-437.4,283.6,1795.5,1,-0.3598008752,-0.2359995991,-0.9026890993,0.9315094948,-0.0356652029,-0.3619640768,0.0532287844,-0.9710984230,0.2326682657,1,-508.9,26.7,1822.4,1,0.0998367518,0.6928138137,0.7141720057,-0.9562270641,-0.1316171438,0.2613554895,0.2750679851,-0.7090035081,0.6493471265,1,-182.5,265.2,1871.2,1,-0.3004481494,0.6928138137,0.6555455327,-0.9464850426,-0.1316171587,-0.2946912348,-0.1178850979,-0.7090034485,0.6952820420,1,-156.0,10.9,1944.3,1,0.9657651186,0.0547997169,-0.2535641193,-0.0373663306,0.9966266155,0.0730693266,0.2567129433,-0.0610930398,0.9645549059,1,-454.5,-83.2,1920.0,1,0.9730358720,0.0407176167,-0.2270312309,0.0442307107,0.9330884814,0.3569166064,0.2263730168,-0.3573344052,0.9061276913,1,-475.5,-466.8,1943.5,1,0.4954746962,0.1694134772,-0.8519412875,0.1464875340,0.9504511356,0.2741974294,0.8561812043,-0.2606565952,0.4461074471,1,-284.5,-95.5,1970.4,1,0.1131333485,0.1057605743,-0.9879350662,0.1262462139,0.9847294092,0.1198744997,0.9855266809,-0.1382848471,0.0980538651,1,-349.7,-461.5,2070.8,1,-418.4,-207.8,1809.0,1,-231.7,-227.5,1914.6,1,-490.6,-812.2,2075.8,1,-388.9,-825.9,2122.0,1,
17,0.9551065564,0.1704744697,-0.2422983348,-0.0758754760,0.9313343167,0.3561711907,0.2863792479,-0.3217970431,0.9024598598,1,-276.2,462.5,1767.8,1,0.9551065564,0.1704744697,-0.2422983348,-0.0758754760,0.9313343167,0.3561711907,0.2863792479,-0.3217970431,0.9024598598,1,-310.6,274.4,1832.8,1,0.9558976293,0.1544838548,-0.2497859597,-0.0713026151,0.9471088648,0.3128885031,0.2849111259,-0.2812791169,0.9163558483,1,-340.4,92.0,1886.9,1,0.2668322921,-0.2273449302,-0.9365441203,0.9588596225,-0.0350765549,0.2817050815,-0.0968949571,-0.9731823802,0.2086323500,1,-438.0,283.9,1794.8,1,-0.3490187824,-0.2273449451,-0.9091206193,0.9358957410,-0.0350765586,-0.3505263925,0.0478015728,-0.9731824398,0.2250135541,1,-508.2,31.4,1820.3,1,0.0992329344,0.7206862569,0.6861225963,-0.9542186260,-0.1266078055,0.2709930241,0.2821694016,-0.6816023588,0.6751285791,1,-183.2,264.9,1870.7,1,-0.2901050448,0.7206862569,0.6296430826,-0.9480357170,-0.1266078055,-0.2918882966,-0.1306421608,-0.6816024184,0.7199658751,1,-157.0,12.5,1945.3,1,0.9656602144,0.0547623225,-0.2539715767,-0.0329243951,0.9954465032,0.0894556195,0.2577139139,-0.0780218691,0.9630660415,1,-455.1,-84.1,1915.8,1,0.9716541767,0.0493604690,-0.2311959714,0.0340631530,0.9385225773,0.3435332477,0.2339395881,-0.3416708708,0.9102379680,1,-476.1,-467.3,1945.8,1,0.4967837632,0.1749446690,-0.8500589728,0.1563918591,0.9453928471,0.2859617472,0.8536671996,-0.2750034332,0.4422958493,1,-285.2,-96.8,1966.4,1,0.1141747460,0.0910373107,-0.9892807603,0.1021514684,0.9894385934,0.1028413326,0.9881949425,-0.1127983555,0.1036693081,1,-352.5,-460.8,2072.3,1,-420.3,-204.2,1808.3,1,-230.1,-226.2,1912.4,1,-494.4,-814.8,2072.3,1,-386.2,-827.0,2114.1,1,
18,0.9534590244,0.1695661098,-0.2493226975,-0.0729840323,0.9320837855,0.3548119664,0.2925541997,-0.3201022148,0.9010809660,1,-276.4,463.1,1766.7,1,0.9534590244,0.1695661098,-0.2493226975,-0.0729840323,0.9320837855,0.3548119664,0.2925541997,-0.3201022148,0.9010809660,1,-310.8,274.4,1831.5,1,0.9542500377,0.1533557475,-0.2566855252,-0.0683795735,0.9476327896,0.3119531572,0.2910838723,-0.2801294029,0.9147666693,1,-340.3,91.9,1885.5,1,0.2692771554,-0.2258073241,-0.9362163544,0.9583830833,-0.0328865126,0.2835848033,-0.0948244035,-0.9736168385,0.2075543404,1,-437.9,283.5,1792.7,1,-0.3498338461,-0.2258073092,-0.9091905355,0.9355010986,-0.0328865051,-0.3517898321,0.0495366156,-0.9736167192,0.2227478176,1,-508.7,31.4,1817.7,1,0.0964215025,0.7296725512,0.6769645214,-0.9552744031,-0.1231881157,0.2688412070,0.2795600295,-0.6726089120,0.6851595044,1,-183.6,265.3,1870.3,1,-0.2798455656,0.7296725512,0.6239106655,-0.9512900710,-0.1231881231,-0.2826162577,-0.1293589473,-0.6726089716,0.7286038399,1,-158.3,14.5,1943.7,1,0.9640803933,0.0569215305,-0.2594398558,-0.0297585744,0.9937649369,0.1074506119,0.2639384866,-0.0958704576,0.9597632289,1,-454.6,-84.5,1913.5,1,0.9700566530,0.0438738950,-0.2388830930,0.0404953808,0.9405651093,0.3371903598,0.2394789606,-0.3367674053,0.9106248021,1,-476.5,-467.1,1950.5,1,0.4907816947,0.1605000496,-0.8563719988,0.1572890580,0.9504172802,0.2682672441,0.8569675088,-0.2663586140,0.4412024319,1,-285.0,-96.7,1965.3,1,0.1059509963,0.1061519831,-0.9886890650,0.1211489290,0.9855005145,0.1187923327,0.9869636297,-0.1323647946,0.0915545672,1,-346.8,-462.7,2067.9,1,-420.6,-204.2,1805.2,1,-228.8,-225.1,1911.1,1,-492.8,-815.4,2075.2,1,-386.1,-827.4,2116.8,1,
19,0.9508991241,0.1705616415,-0.2582600117,-0.0707524270,0.9321439266,0.3551061153,0.3013034165,-0.3193976879,0.8984440565,1,-276.0,463.6,1766.2,1,0.9508991241,0.1705616415,-0.2582600117,-0.0707524270,0.9321439266,0.3551061153,0.3013034165,-0.3193976879,0.8984440565,1,-310.5,275.1,1830.8,1,0.9517779946,0.1533730030,-0.2656954527,-0.0656520054,0.9478253126,0.3119542003,0.2996786833,-0.2794678211,0.9121900797,1,-340.0,92.5,1884.6,1,0.2705036104,-0.2186961323,-0.9375499487,0.9583740830,-0.0312471837,0.2838006616,-0.0913618952,-0.9752926826,0.2011402100,1,-437.3,283.8,1790.9,1,-0.3594653606,-0.2186961323,-0.9071696997,0.9317772388,-0.0312471725,-0.3616832197,0.0507522337,-0.9752926230,0.2150083631,1,-508.6,31.2,1815.0,1,0.0897990093,0.7619384527,0.6413937807,-0.9556099176,-0.1155332923,0.2710380554,0.2806166112,-0.6372612119,0.7177412510,1,-183.7,266.3,1870.7,1,-0.2670047879,0.7619385719,0.5900493264,-0.9524853826,-0.1155332997,-0.2818220556,-0.1465607285,-0.6372612119,0.7565832734,1,-160.0,13.9,1944.9,1,0.9615255594,0.0622949637,-0.2675596178,-0.0308169872,0.9922618270,0.1202782243,0.2729819119,-0.1074051932,0.9560047388,1,-454.2,-84.2,1911.8,1,0.9681406021,0.0352100395,-0.2479192615,0.0503781103,0.9424336553,0.3305763304,0.2452870607,-0.3325340152,0.9106346369,1,-478.2,-466.3,1953.2,1,0.4818307161,0.1533647478,-0.8627389669,0.1536776721,0.9545153379,0.2555067837,0.8626832366,-0.2556947172,0.4363460839,1,-285.0,-95.8,1965.1,1,0.0973314345,0.1200449988,-0.9879857302,0.1494510621,0.9796800017,0.1337589920,0.9839669466,-0.1606744677,0.0774128065,1,-344.1,-463.4,2063.5,1,-418.1,-203.4,1802.2,1,-227.2,-225.9,1908.0,1,-491.2,-815.2,2076.3,1,-388.5,-825.9,2123.0,1,
20,0.9480076432,0.1706866920,-0.2686004639,-0.0679497719,0.9331020117,0.3531316519,0.3109069467,-0.3165202439,0.8961875439,1,-275.7,464.7,1766.0,1,0.9480076432,0.1706866920,-0.2686004639,-0.0679497719,0.9331020117,0.3531316519,0.3109069467,-0.3165202439,0.8961875439,1,-310.3,275.5,1830.1,1,0.9494016171,0.1497545391,-0.2760596275,-0.0597623400,0.9490779042,0.3093186617,0.3083244264,-0.2771697640,0.9100073576,1,-339.1,92.7,1883.5,1,0.2684725821,-0.2041326463,-0.9414098263,0.9596261978,-0.0284490995,0.2798363566,-0.0839059874,-0.9785299301,0.1882532090,1,-436.8,283.5,1789.0,1,-0.3595088720,-0.2041326314,-0.9105401039,0.9319111705,-0.0284491032,-0.3615689278,0.0479039624,-0.9785297513,0.2004612088,1,-507.0,32.4,1811.0,1,0.0858386159,0.7823390365,0.6169093847,-0.9553328156,-0.1111198366,0.2738455236,0.2827909291,-0.6128603220,0.7378559709,1,-183.8,267.6,1871.2,1,-0.2594868839,0.7823392749,0.5662261248,-0.9526484609,-0.1111198813,-0.2830430269,-0.1585166752,-0.6128604412,0.7741283774,1,-161.1,14.9,1946.0,1,0.9588811994,0.0651921853,-0.2762191892,-0.0294713043,0.9908708930,0.1315533966,0.2822737992,-0.1180035174,0.9520487785,1,-452.4,-84.7,1909.5,1,0.9656345844,0.0327137746,-0.2578369379,0.0547948927,0.9441244006,0.3250027299,0.2540622056,-0.3279619813,0.9098864794,1,-477.5,-466.3,1954.9,1,0.4716070890,0.1482501626,-0.8692575693,0.1475431919,0.9586037993,0.2435360700,0.8693778515,-0.2431063652,0.4302110374,1,-283.6,-95.3,1964.3,1,0.0883804113,0.1262604445,-0.9880522490,0.1687232256,0.9757026434,0.1397744715,0.9816931486,-0.1790606827,0.0649299249,1,-340.7,-464.5,2057.9,1,-416.5,-202.3,1798.9,1,-226.4,-225.0,1906.1,1,-489.6,-815.9,2076.4,1,-387.4,-825.6,2124.2,1,
21,0.9459381700,0.1706766337,-0.2758063078,-0.0635762960,0.9314224720,0.3583417833,0.3180532455,-0.3214344978,0.8919205666,1,-275.0,462.7,1762.8,1,0.9459381700,0.1706766337,-0.2758063078,-0.0635762960,0.9314224720,0.3583417833,0.3180532455,-0.3214344978,0.8919205666,1,-309.7,273.3,1828.2,1,0.9469902515,0.1512442827,-0.2834312916,-0.0574349202,0.9477388859,0.3138323426,0.3160846829,-0.2809174359,0.9061877728,1,-338.8,90.8,1882.3,1,0.2683785260,-0.1931028664,-0.9437606931,0.9598924518,-0.0288869366,0.2788764834,-0.0811142027,-0.9807532430,0.1776053458,1,-435.9,281.0,1786.0,1,-0.3535835743,-0.1931028813,-0.9152541161,0.9344552755,-0.0288869403,-0.3549068272,0.0420946367,-0.9807532430,0.1906599551,1,-505.4,32.3,1807.1,1,0.0839757621,0.7971464396,0.5979176760,-0.9520174265,-0.1130337045,0.2844050527,0.2942973375,-0.5931111574,0.7494052052,1,-183.5,265.7,1870.3,1,-0.2555161417,0.7971465588,0.5470548272,-0.9531760812,-0.1130337194,-0.2804973722,-0.1617618650,-0.5931111574,0.7887029052,1,-161.4,15.3,1947.7,1,0.9560730457,0.0750827640,-0.2833497226,-0.0354358926,0.9891542196,0.1425416917,0.2909789979,-0.1262394935,0.9483643770,1,-452.1,-86.6,1908.3,1,0.9643635154,0.0179021508,-0.2639744580,0.0720598996,0.9422203302,0.3271517158,0.2545788288,-0.3345152140,0.9073528051,1,-481.0,-467.5,1956.9,1,0.4648294151,0.1405251771,-0.8741775751,0.1526795924,0.9598124027,0.2354759872,0.8721368909,-0.2429251820,0.4246937633,1,-283.8,-96.8,1964.5,1,0.0785830319,0.1421828270,-0.9867162108,0.1668545753,0.9739390016,0.1536301821,0.9828449488,-0.1767108142,0.0528112277,1,-337.9,-466.5,2058.0,1,-416.4,-203.0,1796.5,1,-225.8,-224.8,1906.9,1,-487.7,-816.4,2080.8,1,-390.6,-827.0,2123.4,1,
22,0.9412653446,0.1701599509,-0.2916569412,-0.0615676343,0.9357509613,0.3472435772,0.3320056796,-0.3088918030,0.8912679553,1,-274.3,464.9,1764.8,1,0.9412653446,0.1701599509,-0.2916569412,-0.0615676343,0.9357509613,0.3472435772,0.3320056796,-0.3088918030,0.8912679553,1,-308.9,274.7,1827.5,1,0.9426476955,0.1495432854,-0.2984137833,-0.0534136258,0.9500835538,0.3073869944,0.3294861615,-0.2738183737,0.9035833478,1,-337.7,91.7,1880.3,1,0.2638897300,-0.1475309134,-0.9532034397,0.9623087049,-0.0271043517,0.2706055045,-0.0657586381,-0.9886859655,0.1348177195,1,-434.5,281.8,1783.6,1,-0.3657575548,-0.1475309432,-0.9189429879,0.9302560091,-0.0271043517,-0.3659088910,0.0290755257,-0.9886862040,0.1471551359,1,-503.6,29.7,1800.9,1,0.0810768530,0.8000236750,0.5944651365,-0.9540208578,-0.1103876010,0.2786735296,0.2885669768,-0.5897260904,0.7542892694,1,-183.3,267.6,1871.4,1,-0.2511185706,0.8000236750,0.5448869467,-0.9542971253,-0.1103875935,-0.2777256668,-0.1620383263,-0.5897261500,0.7911806703,1,-161.7,13.5,1948.3,1,0.9516302347,0.0783766434,-0.2970808744,-0.0355887227,0.9885264635,0.1467953473,0.3051776290,-0.1291221529,0.9435009956,1,-450.3,-86.5,1903.7,1,0.9607985616,0.0037099349,-0.2772223353,0.0911217704,0.9401359558,0.3283917010,0.2618449926,-0.3407793045,0.9029433131,1,-480.4,-467.2,1953.4,1,0.4526447058,0.1287192404,-0.8823515177,0.1596776694,0.9618303776,0.2222281247,0.8772774935,-0.2414822131,0.4148138463,1,-282.7,-96.0,1962.3,1,0.0638818592,0.1530126631,-0.9861572385,0.1723828465,0.9716296792,0.1619252861,0.9829562902,-0.1803406924,0.0356927551,1,-332.3,-466.4,2055.3,1,-411.5,-204.6,1793.5,1,-224.9,-226.8,1907.5,1,-481.8,-815.3,2079.6,1,-388.9,-826.2,2122.1,1,
23,0.9378595948,0.1760443300,-0.2990426421,-0.0621146262,0.9330082536,0.3544516563,0.3414089084,-0.3138510883,0.8859672546,1,-273.2,463.6,1761.2,1,0.9378595948,0.1760443300,-0.2990426421,-0.0621146262,0.9330082536,0.3544516563,0.3414089084,-0.3138510883,0.8859672546,1,-309.0,274.0,1825.0,1,0.9397928715,0.1514483243,-0.3063518405,-0.0510070622,0.9485605359,0.3124575913,0.3379148841,-0.2780194283,0.8991769552,1,-338.1,91.4,1878.5,1,0.2624751627,-0.1168423072,-0.9578385353,0.9633416533,-0.0253571384,0.2670764029,-0.0554938652,-0.9928266406,0.1059034467,1,-434.2,280.8,1780.0,1,-0.3687337041,-0.1168423295,-0.9221623540,0.9293271899,-0.0253571402,-0.3683857620,0.0196596440,-0.9928268194,0.1179347709,1,-502.2,31.1,1794.3,1,0.0902717412,0.8107507229,0.5783892870,-0.9487438798,-0.1066146046,0.2975204289,0.3028796613,-0.5756009817,0.7595704794,1,-183.8,267.2,1870.0,1,-0.2368681580,0.8107507825,0.5353285074,-0.9589324594,-0.1066145673,-0.2628343403,-0.1560193300,-0.5756009817,0.8027088642,1,-159.9,16.3,1950.1,1,0.9486130476,0.0860808790,-0.3045052886,-0.0376618356,0.9861615300,0.1614525765,0.3141893744,-0.1416877657,0.9387277365,1,-450.8,-86.8,1902.0,1,0.9583254457,-0.0023651703,-0.2856687307,0.0991245732,0.9405935407,0.3247430623,0.2679300904,-0.3395263851,0.9016292095,1,-484.0,-466.6,1956.6,1,0.4451584220,0.1156098470,-0.8879575133,0.1651634127,0.9640158415,0.2083135992,0.8800882101,-0.2393905967,0.4100452065,1,-283.8,-95.8,1962.1,1,0.0544121936,0.1837162822,-0.9814721942,0.1810931563,0.9648122787,0.1906374693,0.9819596410,-0.1881108880,0.0192277916,1,-328.3,-467.1,2054.3,1,-409.4,-202.9,1789.4,1,-219.5,-225.2,1910.8,1,-483.1,-814.9,2082.3,1,-396.3,-824.2,2123.9,1,
