1,0.9412262440,0.1268558502,-0.3130527139,-0.0199289415,0.9460404515,0.3234362304,0.3371906579,-0.2981869578,0.8929640055,1,-281.1,445.6,1629.2,1,0.9412262440,0.1268558502,-0.3130527139,-0.0199289415,0.9460404515,0.3234362304,0.3371906579,-0.2981869578,0.8929640055,1,-304.8,269.1,1684.8,1,0.9414119124,0.1092717424,-0.3190682530,-0.0184292290,0.9613122940,0.2748449147,0.3367574215,-0.2528612018,0.9070024490,1,-324.0,99.5,1729.4,1,0.3198309839,-0.4962233305,-0.8071373105,0.9379538298,0.0453600958,0.3437804580,-0.1339800358,-0.8670091629,0.4799421728,1,-422.0,271.4,1642.9,1,-0.1069399118,-0.4895766079,-0.8653776050,0.9941048622,-0.0370079353,-0.1019107327,0.0178672709,-0.8711744547,0.4906481802,1,-505.4,26.8,1677.8,1,-0.0000005960,1.0000001192,0.0000000000,-1.0000001192,-0.0000005960,0.0000000000,0.0000000000,-0.0000000000,1.0000000000,0,-187.5,266.8,1726.8,1,0.0000170469,0.9999990463,0.0000000004,-0.9999990463,0.0000170469,0.0000000002,0.0000000002,-0.0000000004,1.0000000000,0,-187.5,36.1,1726.8,0,0.9019519687,0.0479529761,0.4291656017,-0.1107284129,0.9862709641,0.1225100234,-0.4173988402,-0.1580189764,0.8948788643,1,-420.0,-68.7,1746.6,1,0.8949099779,0.1126616448,0.4317910671,-0.2233355045,0.9507797956,0.2148000598,-0.3863385022,-0.2886610031,0.8760236502,1,-436.9,-416.7,1802.4,1,0.8940237761,0.0799892396,0.4408211112,-0.1795838922,0.9654096961,0.1890333444,-0.4104523063,-0.2481646985,0.8774639964,1,-266.7,-71.7,1801.5,1,0.7565953732,0.0666309446,0.6504796743,-0.2344156355,0.9563104510,0.1746986359,-0.6104202271,-0.2846587896,0.7391594052,1,-294.9,-412.4,1889.1,1,-478.7,-221.4,1673.3,1,-187.5,-194.7,1726.8,0,-475.1,-739.2,1900.3,1,-317.5,-736.8,1985.6,1,
2,0.9402030110,0.1180508360,-0.3195051849,-0.0139640728,0.9505915642,0.3101312220,0.3403305113,-0.2871238589,0.8953952789,1,-281.4,444.8,1632.3,1,0.9402030110,0.1180508360,-0.3195051849,-0.0139640728,0.9505915642,0.3101312220,0.3403305113,-0.2871238589,0.8953952789,1,-303.5,267.3,1685.9,1,0.9404069185,0.1017832309,-0.3244629204,-0.0121881943,0.9636305571,0.2669613957,0.3398349285,-0.2470968515,0.9074431658,1,-321.5,97.2,1729.5,1,0.3238263130,-0.4921810031,-0.8080188036,0.9372821450,0.0504485667,0.3449014425,-0.1289905459,-0.8690297604,0.4776490927,1,-420.6,268.8,1643.6,1,-0.1211878657,-0.4831891656,-0.8670880198,0.9925345182,-0.0468915626,-0.1125901937,0.0137432553,-0.8742593527,0.4852645397,1,-504.6,25.6,1677.1,1,-0.0000005960,1.0000001192,0.0000000000,-1.0000001192,-0.0000005960,0.0000000000,0.0000000000,-0.0000000000,1.0000000000,0,-186.4,265.8,1728.2,1,0.0000170469,0.9999990463,0.0000000003,-0.9999990463,0.0000170469,0.0000000002,0.0000000002,-0.0000000003,1.0000000000,0,-186.4,35.0,1728.2,0,0.9041366577,0.0389063098,0.4254681766,-0.1038216501,0.9860024452,0.1304615736,-0.4144368768,-0.1621278971,0.8955202699,1,-416.0,-71.8,1745.4,1,0.8961493969,0.1199073493,0.4272451997,-0.2283859551,0.9501218796,0.2123870254,-0.3804682493,-0.2879073322,0.8788362741,1,-429.7,-419.8,1802.7,1,0.8958605528,0.0846989080,0.4361881614,-0.1822581440,0.9653274417,0.1868819445,-0.4052357376,-0.2469189763,0.8802359104,1,-262.8,-73.8,1800.8,1,0.7594543099,0.0620060526,0.6475990415,-0.2396310121,0.9521192908,0.1898576468,-0.6048191786,-0.2993730009,0.7379496098,1,-292.7,-414.5,1887.9,1,-474.4,-222.2,1673.6,1,-186.4,-195.8,1728.2,0,-470.4,-742.1,1900.3,1,-313.7,-737.5,1989.5,1,
3,0.9392876029,0.1157740057,-0.3230113983,-0.0126671093,0.9524188042,0.3045302927,0.3428991437,-0.2819490731,0.8960595131,1,-280.5,444.2,1633.8,1,0.9392876029,0.1157740057,-0.3230113983,-0.0126671093,0.9524188042,0.3045302927,0.3428991437,-0.2819490731,0.8960595131,1,-302.1,266.5,1686.5,1,0.9396758080,0.0976155400,-0.3278440833,-0.0091782371,0.9652684927,0.2611001730,0.3419453204,-0.2423396111,0.9079331756,1,-319.3,96.1,1729.2,1,0.3193155229,-0.4912225604,-0.8103937507,0.9391561151,0.0498068184,0.3398605287,-0.1265840381,-0.8696089983,0.4772387147,1,-419.2,267.6,1643.9,1,-0.1226552650,-0.4819722474,-0.8675588965,0.9923503399,-0.0472122282,-0.1140694916,0.0140189454,-0.8749135733,0.4840761423,1,-502.4,22.9,1676.9,1,-0.0000005960,1.0000001192,0.0000000000,-1.0000001192,-0.0000005960,0.0000000000,0.0000000000,-0.0000000000,1.0000000000,0,-185.1,265.3,1729.0,1,0.0000170469,0.9999990463,0.0000000003,-0.9999990463,0.0000170469,0.0000000002,0.0000000002,-0.0000000003,1.0000000000,0,-185.1,34.6,1729.0,0,0.9046044350,0.0529215299,0.4229541421,-0.1194917336,0.9839608073,0.1324494183,-0.4091608822,-0.1703538448,0.8964189887,1,-413.1,-73.4,1744.1,1,0.8971267343,0.1171116754,0.4259679615,-0.2272278666,0.9492214322,0.2175921202,-0.3788553476,-0.2919994593,0.8781828284,1,-431.8,-420.7,1804.3,1,0.8953139782,0.1034556478,0.4332548976,-0.2002960294,0.9622774720,0.1841289997,-0.3978621960,-0.2516324818,0.8822623491,1,-260.0,-74.9,1799.8,1,0.7612679601,0.0564431734,0.6459761858,-0.2302878946,0.9547972679,0.1879620403,-0.6061671376,-0.2918500006,0.7398546934,1,-296.5,-414.5,1888.6,1,-471.7,-225.0,1673.4,1,-185.1,-196.2,1729.0,0,-471.5,-742.8,1903.3,1,-315.7,-738.5,1987.7,1,
4,0.9391030669,0.1154932603,-0.3236479163,-0.0137039078,0.9536680579,0.3005498648,0.3433644176,-0.2778111994,0.8971731067,1,-280.4,445.3,1634.6,1,0.9391030669,0.1154932603,-0.3236479163,-0.0137039078,0.9536680579,0.3005498648,0.3433644176,-0.2778111994,0.8971731067,1,-302.0,266.9,1686.6,1,0.9397782683,0.0943183824,-0.3285147548,-0.0075234212,0.9666463733,0.2560058236,0.3417039514,-0.2381162941,0.9091407061,1,-318.6,96.4,1728.6,1,0.3146255016,-0.4916501343,-0.8119673729,0.9413592815,0.0517823845,0.3334085643,-0.1218747422,-0.8692518473,0.4791114926,1,-419.0,267.9,1644.0,1,-0.1247380748,-0.4824978411,-0.8669695258,0.9919371605,-0.0409282744,-0.1199402064,0.0223873258,-0.8749403954,0.4837128222,1,-501.4,21.5,1675.9,1,-0.0000005960,1.0000001192,0.0000000000,-1.0000001192,-0.0000005960,0.0000000000,0.0000000000,-0.0000000000,1.0000000000,0,-184.9,266.0,1729.1,1,0.0000170469,0.9999990463,0.0000000003,-0.9999990463,0.0000170469,0.0000000002,0.0000000002,-0.0000000003,1.0000000000,0,-184.9,35.2,1729.1,0,0.9044011235,0.0574399009,0.4227995574,-0.1240011901,0.9835125208,0.1316319704,-0.4082677066,-0.1714757383,0.8966123462,1,-411.8,-73.6,1742.8,1,0.8967107534,0.1186891124,0.4264069200,-0.2333869934,0.9453572035,0.2276628315,-0.3760857582,-0.3036654890,0.8754124045,1,-432.1,-420.7,1803.3,1,0.8946743011,0.1133139133,0.4321087003,-0.2062672824,0.9627928138,0.1745954156,-0.3962470889,-0.2453358769,0.8847590685,1,-258.7,-74.8,1798.4,1,0.7606557012,0.0535068437,0.6469467282,-0.2387211323,0.9498202801,0.2021228224,-0.6036681533,-0.3081856966,0.7352594137,1,-298.7,-414.6,1885.0,1,-470.2,-226.2,1670.3,1,-184.9,-195.5,1729.1,0,-472.4,-741.5,1906.3,1,-316.9,-736.9,1989.6,1,
5,0.9403344989,0.1151886061,-0.3201619685,-0.0156146353,0.9545711875,0.2975750566,0.3398949206,-0.2748200595,0.8994127512,1,-279.7,444.2,1635.5,1,0.9403344989,0.1151886061,-0.3201619685,-0.0156146353,0.9545711875,0.2975750566,0.3398949206,-0.2748200595,0.8994127512,1,-301.3,265.7,1686.9,1,0.9411292076,0.0929150581,-0.3250287175,-0.0082743987,0.9675294161,0.2526247203,0.3379477859,-0.2350622416,0.9113368988,1,-317.7,95.0,1728.4,1,0.3199443519,-0.4931192696,-0.8089926243,0.9402859807,0.0605596080,0.3349549472,-0.1161804646,-0.8678513765,0.4830488265,1,-418.5,266.7,1644.8,1,-0.1217483580,-0.4837717414,-0.8666846752,0.9922955036,-0.0391300544,-0.1175518110,0.0229548216,-0.8743190169,0.4848085642,1,-501.1,24.0,1674.8,1,-0.0000005960,1.0000001192,0.0000000000,-1.0000001192,-0.0000005960,0.0000000000,0.0000000000,-0.0000000000,1.0000000000,0,-184.1,264.7,1729.0,1,0.0000170469,0.9999990463,0.0000000002,-0.9999990463,0.0000170469,0.0000000001,0.0000000001,-0.0000000002,1.0000000000,0,-184.1,33.9,1729.0,0,0.9026904106,0.0557790361,0.4266599715,-0.1246436536,0.9829462767,0.1352056414,-0.4118421972,-0.1752292812,0.8942486644,1,-410.7,-75.1,1742.3,1,0.8938731551,0.1271161288,0.4299211800,-0.2408427596,0.9449880719,0.2213421017,-0.3781342208,-0.3013951778,0.8753144741,1,-430.4,-422.0,1804.2,1,0.8918438554,0.1190265417,0.4364026189,-0.2159900814,0.9597274661,0.1796423644,-0.3974453807,-0.2544715703,0.8816357255,1,-257.4,-76.5,1797.4,1,0.7574459314,0.0517890118,0.6508406997,-0.2388978153,0.9497045279,0.2024579793,-0.6076212525,-0.3088354170,0.7317219973,1,-299.4,-415.2,1887.2,1,-470.7,-223.8,1669.1,1,-184.0,-196.9,1729.0,0,-473.5,-742.7,1906.4,1,-317.0,-737.4,1992.0,1,
6,0.9390364885,0.1129556745,-0.3247346580,-0.0107050138,0.9536411166,0.3007571399,0.3436528146,-0.2789447904,0.8967108727,1,-278.2,444.8,1634.9,1,0.9390364885,0.1129556745,-0.3247346580,-0.0107050138,0.9536411166,0.3007571399,0.3436528146,-0.2789447904,0.8967108727,1,-299.3,266.3,1687.2,1,0.9393531680,0.0944433883,-0.3296925724,-0.0077724434,0.9669510722,0.2548452616,0.3428653181,-0.2368263006,0.9090405107,1,-316.0,95.6,1729.0,1,0.3164839447,-0.4884290099,-0.8131882548,0.9417702556,0.0591151938,0.3310200274,-0.1136079952,-0.8705990314,0.4786968827,1,-416.3,267.2,1644.5,1,-0.1127247587,-0.4807771444,-0.8695668578,0.9931926727,-0.0286693927,-0.1128996834,0.0293496344,-0.8763740659,0.4807361066,1,-499.4,20.1,1674.3,1,-0.0000005960,1.0000001192,0.0000000000,-1.0000001192,-0.0000005960,0.0000000000,0.0000000000,-0.0000000000,1.0000000000,0,-182.3,265.3,1729.9,1,0.0000170469,0.9999990463,0.0000000002,-0.9999990463,0.0000170469,0.0000000001,0.0000000001,-0.0000000002,1.0000000000,0,-182.3,34.5,1729.9,0,0.9043458104,0.0611248836,0.4224008024,-0.1331788599,0.9806896448,0.1432175338,-0.4054899216,-0.1857730299,0.8950230479,1,-409.2,-74.4,1742.8,1,0.8968781233,0.1202696785,0.4256112278,-0.2274065763,0.9507680535,0.2105381489,-0.3793362081,-0.2856138349,0.8800731897,1,-430.7,-420.5,1808.4,1,0.8934659958,0.1235842332,0.4317930639,-0.2200047523,0.9585830569,0.1808759868,-0.3915562034,-0.2566030920,0.8836507797,1,-256.2,-75.7,1798.7,1,0.7602869272,0.0511016473,0.6475741863,-0.2414317727,0.9477175474,0.2086672336,-0.6030542254,-0.3149919510,0.7328749299,1,-299.8,-414.0,1889.2,1,-471.2,-228.0,1666.9,1,-182.3,-196.3,1729.9,0,-471.6,-743.1,1905.3,1,-317.1,-735.6,1996.1,1,
7,0.9388042092,0.1166944355,-0.3240833879,-0.0103715826,0.9500156641,0.3120312095,0.3442968726,-0.2895741165,0.8930870295,1,-276.3,443.7,1631.7,1,0.9388042092,0.1166944355,-0.3240833879,-0.0103715826,0.9500156641,0.3120312095,0.3442968726,-0.2895741165,0.8930870295,1,-298.2,265.7,1685.9,1,0.9391659498,0.0967047662,-0.3295702636,-0.0071259150,0.9648250937,0.2627976835,0.3433917165,-0.2444612533,0.9068179727,1,-315.2,95.4,1729.1,1,0.3180181980,-0.4859075248,-0.8140997291,0.9412737489,0.0590777844,0.3324357569,-0.1134378314,-0.8720113635,0.4761598110,1,-415.2,266.5,1643.2,1,-0.1003771275,-0.4793859422,-0.8718448877,0.9946963787,-0.0285885837,-0.0988017470,0.0224393588,-0.8771383762,0.4797131121,1,-497.8,21.9,1672.6,1,-0.0000005960,1.0000001192,0.0000000000,-1.0000001192,-0.0000005960,0.0000000000,0.0000000000,-0.0000000000,1.0000000000,0,-181.2,264.8,1728.7,1,0.0000170469,0.9999990463,0.0000000002,-0.9999990463,0.0000170469,0.0000000001,0.0000000001,-0.0000000002,1.0000000000,0,-181.2,34.0,1728.7,0,0.9044521451,0.0639737025,0.4217507243,-0.1352424026,0.9806892276,0.1412729174,-0.4045686424,-0.1848131567,0.8956385255,1,-408.8,-74.3,1744.2,1,0.8975919485,0.1161377206,0.4252538085,-0.2232005745,0.9516116381,0.2112268955,-0.3801450431,-0.2845124006,0.8800809383,1,-431.4,-420.4,1809.5,1,0.8932956457,0.1269528419,0.4311679602,-0.2238355726,0.9575185776,0.1818123013,-0.3897697628,-0.2589228451,0.8837638497,1,-255.8,-75.5,1800.2,1,0.7614157796,0.0531168990,0.6460840702,-0.2313327342,0.9532839656,0.1942547411,-0.6055833697,-0.2973690331,0.7381330729,1,-300.6,-413.4,1891.6,1,-472.7,-226.5,1667.0,1,-181.2,-196.8,1728.7,0,-470.8,-743.3,1906.0,1,-318.6,-736.9,1992.5,1,
8,0.9375159740,0.1173342317,-0.3275631368,-0.0095591806,0.9497565031,0.3128451407,0.3478128612,-0.2901652455,0.8915314674,1,-274.7,442.6,1630.5,1,0.9375159740,0.1173342317,-0.3275631368,-0.0095591806,0.9497565031,0.3128451407,0.3478128612,-0.2901652455,0.8915314674,1,-296.7,265.0,1684.8,1,0.9379758835,0.0971837640,-0.3328027129,-0.0054562655,0.9639295340,0.2661035061,0.3466595411,-0.2477819175,0.9046707749,1,-313.8,94.9,1728.5,1,0.3165437281,-0.4836583436,-0.8160114884,0.9412424564,0.0533740744,0.3334874511,-0.1177401170,-0.8736280203,0.4721349776,1,-413.5,265.7,1641.6,1,-0.0928284600,-0.4784295559,-0.8732056022,0.9952681065,-0.0193010252,-0.0952296257,0.0287069045,-0.8779137135,0.4779574573,1,-495.8,21.1,1672.2,1,-0.0000005960,1.0000001192,0.0000000000,-1.0000001192,-0.0000005960,0.0000000000,0.0000000000,-0.0000000000,1.0000000000,0,-179.9,264.3,1728.0,1,0.0000170469,0.9999990463,0.0000000002,-0.9999990463,0.0000170469,0.0000000001,0.0000000001,-0.0000000002,1.0000000000,0,-179.9,33.6,1728.0,0,0.9063352942,0.0624457560,0.4179196656,-0.1296344399,0.9824189544,0.1343425065,-0.4021830857,-0.1759361327,0.8984960914,1,-407.4,-74.8,1744.0,1,0.8992444873,0.1161081493,0.4217560887,-0.2251684219,0.9494552612,0.2187093049,-0.3750446141,-0.2916392684,0.8799363971,1,-429.4,-421.5,1806.1,1,0.8957370520,0.1248459518,0.4266950190,-0.2166295201,0.9606814384,0.1736742258,-0.3882353902,-0.2480011433,0.8875632882,1,-254.6,-75.6,1800.5,1,0.7643880248,0.0555703640,0.6423572898,-0.2310712934,0.9537107348,0.1924630702,-0.6019278169,-0.2955468297,0.7418456674,1,-298.6,-414.7,1888.0,1,-472.6,-227.5,1665.0,1,-179.9,-197.2,1728.0,0,-468.8,-743.7,1905.1,1,-317.5,-738.3,1988.3,1,
9,0.9382353425,0.1196856350,-0.3246396780,-0.0127279190,0.9495713115,0.3132942319,0.3457655907,-0.2898108661,0.8924425244,1,-272.8,441.8,1629.5,1,0.9382353425,0.1196856350,-0.3246396780,-0.0127279190,0.9495713115,0.3132942319,0.3457655907,-0.2898108661,0.8924425244,1,-295.2,263.9,1683.8,1,0.9389171600,0.0979769379,-0.3299033642,-0.0067347651,0.9636659622,0.2670272291,0.3440794051,-0.2484937161,0.9054601789,1,-312.5,93.9,1727.6,1,0.3219175935,-0.4849381447,-0.8131445646,0.9394153953,0.0567791387,0.3380456865,-0.1177615821,-0.8727034330,0.4738365710,1,-412.2,264.8,1640.9,1,-0.0952043459,-0.4792969525,-0.8724738359,0.9950657487,-0.0212266911,-0.0969206095,0.0279340185,-0.8773961067,0.4789528251,1,-494.9,23.4,1671.2,1,-0.0000005960,1.0000001192,0.0000000000,-1.0000001192,-0.0000005960,0.0000000000,0.0000000000,-0.0000000000,1.0000000000,0,-178.3,263.1,1726.6,1,0.0000170469,0.9999990463,0.0000000002,-0.9999990463,0.0000170469,0.0000000001,0.0000000001,-0.0000000002,1.0000000000,0,-178.3,32.3,1726.6,0,0.9053202868,0.0602872707,0.4204294980,-0.1265357435,0.9832092524,0.1314854324,-0.4054432511,-0.1722357571,0.8977476358,1,-406.3,-75.7,1743.4,1,0.8972558975,0.1221243367,0.4242848158,-0.2350413054,0.9456153512,0.2248714268,-0.3737479746,-0.3014916182,0.8771632910,1,-427.6,-422.7,1804.2,1,0.8940937519,0.1313864887,0.4281750321,-0.2195824385,0.9618152380,0.1633858383,-0.3903586268,-0.2401019633,0.8888031840,1,-253.3,-76.7,1799.5,1,0.7628915906,0.0508068837,0.6445270181,-0.2248518616,0.9555251002,0.1908226311,-0.6061666012,-0.2905000746,0.7403861880,1,-299.7,-416.2,1884.2,1,-471.1,-225.1,1664.2,1,-178.3,-198.5,1726.6,0,-469.0,-743.6,1906.5,1,-316.9,-740.5,1982.8,1,
10,0.9368827939,0.1213681251,-0.3279047906,-0.0115101412,0.9480197430,0.3180046082,0.3494560719,-0.2941579223,0.8895782828,1,-271.3,441.6,1628.4,1,0.9368827939,0.1213681251,-0.3279047906,-0.0115101412,0.9480197430,0.3180046082,0.3494560719,-0.2941579223,0.8895782828,1,-294.1,263.7,1683.6,1,0.9375191927,0.0994339064,-0.3334244788,-0.0060031791,0.9627753496,0.2702379525,0.3478839397,-0.2513507307,0.9032150507,1,-311.6,93.8,1728.0,1,0.3322564363,-0.4795046151,-0.8122075200,0.9357239008,0.0594488829,0.3476874232,-0.1184328794,-0.8755233884,0.4684362411,1,-410.8,264.5,1640.3,1,-0.1044088081,-0.4726490080,-0.8750438094,0.9941856861,-0.0263006594,-0.1044184789,0.0263390653,-0.8808582425,0.4726468623,1,-495.7,25.5,1670.5,1,-0.0000005960,1.0000001192,0.0000000000,-1.0000001192,-0.0000005960,0.0000000000,0.0000000000,-0.0000000000,1.0000000000,0,-177.3,263.0,1726.9,1,0.0000170469,0.9999990463,0.0000000001,-0.9999990463,0.0000170469,0.0000000001,0.0000000001,-0.0000000001,1.0000000000,0,-177.3,32.2,1726.9,0,0.9073911905,0.0584765077,0.4161991179,-0.1200654432,0.9850717187,0.1233610734,-0.4027722776,-0.1619078815,0.9008664489,1,-405.5,-75.6,1744.0,1,0.8982010484,0.1288165152,0.4202868938,-0.2502675653,0.9358727336,0.2480085790,-0.3613874316,-0.3279457390,0.8728405833,1,-426.2,-423.3,1801.1,1,0.8965640068,0.1279145777,0.4240413904,-0.2133702338,0.9637097716,0.1604265124,-0.3881320357,-0.2343104333,0.8913205862,1,-252.8,-76.6,1800.7,1,0.7651255131,0.0733612180,0.6396880746,-0.2392097116,0.9547688365,0.1766211987,-0.5977970958,-0.2881570160,0.7480668426,1,-297.9,-416.7,1883.4,1,-469.6,-222.8,1663.9,1,-177.3,-198.6,1726.9,0,-469.9,-740.7,1912.4,1,-322.8,-740.7,1981.1,1,
11,0.9379613996,0.1280150861,-0.3222450018,-0.0159407798,0.9442905188,0.3287283480,0.3463752866,-0.3031967580,0.8877464533,1,-269.0,440.9,1625.4,1,0.9379613996,0.1280150861,-0.3222450018,-0.0159407798,0.9442905188,0.3287283480,0.3463752866,-0.3031967580,0.8877464533,1,-293.1,263.6,1682.3,1,0.9387045503,0.1037396044,-0.3287446797,-0.0098298416,0.9613130093,0.2752848566,0.3445847034,-0.2551786900,0.9034063816,1,-311.4,93.9,1727.4,1,0.3347737193,-0.4820300043,-0.8096750975,0.9345142841,0.0596192032,0.3508970141,-0.1208706871,-0.8741240501,0.4704228044,1,-410.0,264.8,1639.4,1,-0.1070104763,-0.4753089845,-0.8732869029,0.9936950803,-0.0215761140,-0.1100216061,0.0334521234,-0.8795543909,0.4746209681,1,-495.4,26.5,1670.2,1,-0.0000005960,1.0000001192,0.0000000000,-1.0000001192,-0.0000005960,0.0000000000,0.0000000000,-0.0000000000,1.0000000000,0,-176.1,262.4,1725.3,1,0.0000170469,0.9999990463,0.0000000001,-0.9999990463,0.0000170469,0.0000000001,0.0000000001,-0.0000000001,1.0000000000,0,-176.1,31.6,1725.3,0,0.9057304859,0.0584083907,0.4198105633,-0.1193190664,0.9855397940,0.1203092858,-0.4067129493,-0.1590591818,0.8996025920,1,-406.1,-74.9,1744.3,1,0.8962278962,0.1307946742,0.4238727987,-0.2527713478,0.9358111620,0.2456907630,-0.3645298481,-0.3273378313,0.8717613220,1,-426.7,-422.8,1800.5,1,0.8961596489,0.1233147532,0.4262529016,-0.2021336257,0.9686014056,0.1447524875,-0.3950189352,-0.2158813775,0.8929474950,1,-253.2,-76.5,1800.5,1,0.7621087432,0.0875817239,0.6414979696,-0.2529901266,0.9523195624,0.1705386490,-0.5959749818,-0.2922616303,0.7479284406,1,-296.7,-418.3,1876.6,1,-468.6,-221.7,1661.9,1,-176.1,-199.2,1725.3,0,-471.1,-740.3,1911.5,1,-326.4,-741.4,1975.8,1,
12,0.9359815121,0.1271977723,-0.3282690048,-0.0156616885,0.9465698600,0.3221199811,0.3517026603,-0.2963561714,0.8879617453,1,-268.0,442.2,1626.4,1,0.9359815121,0.1271977723,-0.3282690048,-0.0156616885,0.9465698600,0.3221199811,0.3517026603,-0.2963561714,0.8879617453,1,-291.9,264.2,1682.1,1,0.9366620183,0.1044661254,-0.3342938125,-0.0100551732,0.9621089101,0.2724819183,0.3500923812,-0.2518611252,0.9022189975,1,-310.3,94.4,1726.6,1,0.3411505818,-0.4782999158,-0.8092252016,0.9317021966,0.0578613803,0.3585846126,-0.1246881112,-0.8762882948,0.4653726220,1,-408.6,265.5,1638.5,1,-0.1187922880,-0.4708903134,-0.8741571307,0.9920630455,-0.0197358839,-0.1241836175,0.0412245952,-0.8819710016,0.4694972932,1,-495.2,28.9,1670.2,1,-0.0000005960,1.0000001192,0.0000000000,-1.0000001192,-0.0000005960,0.0000000000,0.0000000000,-0.0000000000,1.0000000000,0,-175.2,263.0,1725.7,1,0.0000170469,0.9999990463,0.0000000001,-0.9999990463,0.0000170469,0.0000000001,0.0000000001,-0.0000000001,1.0000000000,0,-175.2,32.2,1725.7,0,0.9081518650,0.0594760627,0.4143943787,-0.1184642315,0.9859083891,0.1181134880,-0.4015299678,-0.1563559026,0.9024004340,1,-405.1,-74.5,1742.5,1,0.8994870782,0.1254539490,0.4185503721,-0.2481226772,0.9351238012,0.2529400587,-0.3596640825,-0.3313681185,0.8722596765,1,-426.1,-422.5,1797.7,1,0.8999348879,0.1143099517,0.4207738042,-0.1888775080,0.9719829559,0.1399091482,-0.3929919004,-0.2053837925,0.8963117599,1,-252.5,-76.2,1799.5,1,0.7653314471,0.0995366946,0.6358931065,-0.2607603669,0.9512080550,0.1649460346,-0.5884484649,-0.2920541465,0.7539446950,1,-292.8,-419.2,1872.0,1,-465.5,-218.8,1659.9,1,-175.2,-198.6,1725.7,0,-468.6,-739.8,1910.1,1,-326.6,-741.9,1971.1,1,
13,0.9335566163,0.1220403463,-0.3370156586,-0.0145431412,0.9523739815,0.3045873046,0.3581370413,-0.2794473469,0.8908674121,1,-266.8,442.5,1631.4,1,0.9335566163,0.1220403463,-0.3370156586,-0.0145431412,0.9523739815,0.3045873046,0.3581370413,-0.2794473469,0.8908674121,1,-289.7,263.9,1683.8,1,0.9339293838,0.1032804400,-0.3422139585,-0.0113703506,0.9654501677,0.2603416443,0.3572789431,-0.2392486781,0.9028342366,1,-307.9,93.5,1726.0,1,0.3318596184,-0.4722153544,-0.8166284561,0.9370693564,0.0654598698,0.3429519832,-0.1084907874,-0.8790494204,0.4642220140,1,-406.0,265.3,1639.3,1,-0.1027125716,-0.4655414820,-0.8790457249,0.9941911101,-0.0194753669,-0.1058526859,0.0321590714,-0.8848118782,0.4648375511,1,-490.1,27.9,1666.8,1,-0.0000005960,1.0000001192,0.0000000000,-1.0000001192,-0.0000005960,0.0000000000,0.0000000000,-0.0000000000,1.0000000000,0,-173.4,262.5,1728.3,1,0.0000170469,0.9999990463,0.0000000001,-0.9999990463,0.0000170469,0.0000000001,0.0000000001,-0.0000000001,1.0000000000,0,-173.4,31.7,1728.3,0,0.9116173983,0.0542644560,0.4074424505,-0.1110726744,0.9868919253,0.1170781702,-0.3957484961,-0.1519861966,0.9056950808,1,-402.2,-75.9,1739.2,1,0.9009053111,0.1399078369,0.4108471572,-0.2656417489,0.9263484478,0.2670449615,-0.3432259560,-0.3497203887,0.8717176318,1,-421.4,-424.2,1792.8,1,0.9014766216,0.1284084767,0.4133414626,-0.1995887011,0.9707111120,0.1337320954,-0.3840627670,-0.2030546665,0.9007022977,1,-250.1,-77.8,1797.4,1,0.7710199356,0.0798656195,0.6317830086,-0.2405171841,0.9551429749,0.1727815419,-0.5896437764,-0.2851727009,0.7556432486,1,-295.4,-420.3,1869.0,1,-464.5,-220.4,1658.8,1,-173.4,-199.1,1728.3,0,-468.8,-738.5,1911.4,1,-322.5,-744.4,1965.8,1,
14,0.9313811660,0.1247285604,-0.3420132399,-0.0175165087,0.9537422657,0.3001165986,0.3636257648,-0.2735312283,0.8904801607,1,-264.3,442.3,1632.9,1,0.9313811660,0.1247285604,-0.3420132399,-0.0175165087,0.9537422657,0.3001165986,0.3636257648,-0.2735312283,0.8904801607,1,-287.7,263.3,1684.2,1,0.9318373203,0.1063917950,-0.3469310999,-0.0137283271,0.9657067657,0.2592740655,0.3626185358,-0.2368375659,0.9013398886,1,-306.5,92.8,1726.0,1,0.3136940897,-0.4688614011,-0.8256906867,0.9442662597,0.0626552626,0.3231648207,-0.0997856259,-0.8810467720,0.4623846114,1,-403.7,265.0,1639.1,1,-0.0799931213,-0.4639913142,-0.8822206855,0.9966948628,-0.0246580988,-0.0774042085,0.0141609954,-0.8854966164,0.4644301832,1,-483.4,25.2,1664.4,1,-0.0000005960,1.0000001192,0.0000000000,-1.0000001192,-0.0000005960,0.0000000000,0.0000000000,-0.0000000000,1.0000000000,0,-171.6,261.5,1729.4,1,0.0000170469,0.9999990463,0.0000000001,-0.9999990463,0.0000170469,0.0000000001,0.0000000001,-0.0000000001,1.0000000000,0,-171.6,30.8,1729.4,0,0.9133805633,0.0546873771,0.4034171999,-0.1172290444,0.9842950106,0.1319879293,-0.3898634613,-0.1678474098,0.9054467678,1,-401.1,-76.5,1738.3,1,0.9018985033,0.1447445452,0.4069742858,-0.2612609863,0.9331004620,0.2471156269,-0.3439792693,-0.3291997015,0.8793780804,1,-420.4,-423.8,1797.5,1,0.9039803147,0.1216640323,0.4098992348,-0.1951224506,0.9704027176,0.1422880590,-0.3804560006,-0.2086061537,0.9009642601,1,-249.3,-78.7,1797.4,1,0.7727171779,0.1007368118,0.6267058849,-0.2532984018,0.9542443156,0.1589270234,-0.5820207000,-0.2815492749,0.7628773451,1,-292.3,-421.2,1871.0,1,-463.4,-223.7,1660.9,1,-171.6,-200.0,1729.4,0,-469.5,-740.4,1909.2,1,-326.4,-744.9,1966.5,1,
15,0.9291874766,0.1318468451,-0.3452944458,-0.0203283168,0.9510288239,0.3084348142,0.3690512776,-0.2795736194,0.8863620162,1,-261.3,440.9,1631.1,1,0.9291874766,0.1318468451,-0.3452944458,-0.0203283168,0.9510288239,0.3084348142,0.3690512776,-0.2795736194,0.8863620162,1,-286.0,262.8,1683.5,1,0.9298095703,0.1113172397,-0.3508045673,-0.0154287182,0.9641151428,0.2650376260,0.3677194417,-0.2410211414,0.8981587291,1,-305.6,92.7,1726.0,1,0.3064627349,-0.4642562270,-0.8309914470,0.9468317628,0.0588622838,0.3162986636,-0.0979295745,-0.8837428093,0.4576116502,1,-401.8,264.7,1637.7,1,-0.0688375235,-0.4603190720,-0.8850806952,0.9976225495,-0.0288788974,-0.0625709891,0.0032424615,-0.8872836828,0.4612126946,1,-480.0,23.0,1662.7,1,-0.0000005960,1.0000001192,0.0000000000,-1.0000001192,-0.0000005960,0.0000000000,0.0000000000,-0.0000000000,1.0000000000,0,-170.2,260.9,1729.3,1,0.0000170469,0.9999990463,0.0000000001,-0.9999990463,0.0000170469,0.0000000000,0.0000000000,-0.0000000001,1.0000000000,0,-170.2,30.1,1729.3,0,0.9157472849,0.0484119728,0.3988273442,-0.1093122512,0.9852851629,0.1313921809,-0.3865977228,-0.1639187187,0.9075642824,1,-401.0,-76.2,1738.6,1,0.9021517634,0.1574682146,0.4016539454,-0.2770026922,0.9251759648,0.2594587505,-0.3307440579,-0.3453304172,0.8782683015,1,-418.1,-423.9,1796.5,1,0.9071654081,0.1082581133,0.4066091776,-0.1839103699,0.9711592197,0.1517459154,-0.3784545660,-0.2124383003,0.9009118676,1,-249.5,-78.7,1798.5,1,0.7737609148,0.1247875467,0.6210653186,-0.2685876787,0.9525466561,0.1432324201,-0.5737200379,-0.2776381373,0.7705597878,1,-287.7,-421.5,1873.5,1,-462.8,-226.1,1661.9,1,-170.2,-200.7,1729.3,0,-471.5,-737.8,1913.6,1,-330.1,-744.6,1967.7,1,
16,0.9282550216,0.1429142654,-0.3433938920,-0.0285948478,0.9479244351,0.3172104657,0.3708455563,-0.2846319973,0.8840000629,1,-258.3,440.3,1629.8,1,0.9282550216,0.1429142654,-0.3433938920,-0.0285948478,0.9479244351,0.3172104657,0.3708455563,-0.2846319973,0.8840000629,1,-285.1,262.6,1683.1,1,0.9292292595,0.1186898798,-0.3499241173,-0.0214791279,0.9627569318,0.2695156336,0.3688808382,-0.2429248095,0.8971691132,1,-306.0,92.7,1726.0,1,0.3024984598,-0.4637284279,-0.8327369094,0.9481902719,0.0573957562,0.3124757111,-0.0971083045,-0.8841164708,0.4570648670,1,-400.8,265.2,1637.2,1,-0.0738296956,-0.4590631425,-0.8853305578,0.9972543120,-0.0391038731,-0.0628870502,-0.0057507283,-0.8875426054,0.4606896937,1,-478.3,22.2,1662.1,1,-0.0000005960,1.0000001192,0.0000000000,-1.0000001192,-0.0000005960,0.0000000000,0.0000000000,-0.0000000000,1.0000000000,0,-169.3,259.9,1729.1,1,0.0000170469,0.9999990463,0.0000000001,-0.9999990463,0.0000170469,0.0000000000,0.0000000000,-0.0000000001,1.0000000000,0,-169.3,29.1,1729.1,0,0.9162903428,0.0402688198,0.3984851539,-0.0982436538,0.9871343970,0.1261501908,-0.3882784843,-0.1547388434,0.9084578753,1,-402.6,-75.5,1738.8,1,0.9012914896,0.1662136018,0.4000582397,-0.2879537940,0.9197914600,0.2665823698,-0.3236605227,-0.3554666936,0.8768621683,1,-416.8,-423.9,1793.4,1,0.9076557755,0.1052849889,0.4062958956,-0.1784717888,0.9729667306,0.1465732455,-0.3798804283,-0.2055503428,0.9019091129,1,-251.3,-79.0,1798.9,1,0.7730985284,0.1245580837,0.6219355464,-0.2787663639,0.9474776387,0.1567652822,-0.5697436333,-0.2945697308,0.7672162652,1,-288.4,-422.4,1871.5,1,-459.9,-226.8,1663.5,1,-169.3,-201.7,1729.1,0,-473.2,-735.9,1914.0,1,-330.7,-743.8,1971.4,1,
17,0.9255117774,0.1478848755,-0.3486533463,-0.0307041239,0.9468791485,0.3201218843,0.3774739802,-0.2855706215,0.8808863759,1,-254.8,439.2,1630.1,1,0.9255117774,0.1478848755,-0.3486533463,-0.0307041239,0.9468791485,0.3201218843,0.3774739802,-0.2855706215,0.8808863759,1,-282.4,262.2,1683.5,1,0.9266054630,0.1229112670,-0.3553819358,-0.0229953714,0.9618259668,0.2726957798,0.3753331602,-0.2445083261,0.8940574527,1,-304.1,92.5,1726.6,1,0.3093361855,-0.4566468894,-0.8341371417,0.9460620284,0.0589326620,0.3185805082,-0.0963208675,-0.8876939416,0.4502463043,1,-397.8,265.1,1636.7,1,-0.0829111934,-0.4507585764,-0.8887869716,0.9964879751,-0.0479869917,-0.0686210096,-0.0117187100,-0.8913549781,0.4531542361,1,-477.4,21.8,1661.5,1,-0.0000005960,1.0000001192,0.0000000000,-1.0000001192,-0.0000005960,0.0000000000,0.0000000000,-0.0000000000,1.0000000000,0,-167.0,259.4,1730.2,1,0.0000170469,0.9999990463,0.0000000001,-0.9999990463,0.0000170469,0.0000000000,0.0000000000,-0.0000000001,1.0000000000,0,-167.0,28.6,1730.2,0,0.9193751812,0.0256371126,0.3925459981,-0.0819354728,0.9884687066,0.1273428947,-0.3847547472,-0.1492393017,0.9108741283,1,-401.3,-75.4,1739.2,1,0.9025521278,0.1776678711,0.3922166526,-0.2953990698,0.9182263017,0.2638177574,-0.3132717013,-0.3539696932,0.8812300563,1,-410.3,-424.2,1791.8,1,0.9100393653,0.1002260223,0.4022229910,-0.1784499288,0.9705365896,0.1619087160,-0.3741446435,-0.2191199511,0.9011117220,1,-250.3,-79.1,1800.3,1,0.7780854702,0.1175282225,0.6170657873,-0.2681503594,0.9504829645,0.1570907533,-0.5680479407,-0.2876964211,0.7710722089,1,-285.7,-421.6,1877.7,1,-456.7,-227.1,1664.4,1,-167.0,-202.2,1730.2,0,-470.6,-735.8,1912.0,1,-325.6,-744.1,1975.3,1,
18,0.9211627245,0.1514879912,-0.3584854007,-0.0294242818,0.9456059933,0.3239822388,0.3880655169,-0.2878912687,0.8755123019,1,-251.9,437.8,1629.2,1,0.9211627245,0.1514879912,-0.3584854007,-0.0294242818,0.9456059933,0.3239822388,0.3880655169,-0.2878912687,0.8755123019,1,-280.3,260.8,1683.1,1,0.9225719571,0.1233381778,-0.3655814230,-0.0196458623,0.9613167644,0.2747455835,0.3853263557,-0.2462894619,0.8893048763,1,-302.0,91.1,1726.6,1,0.3148674667,-0.4467573464,-0.8374165893,0.9440760016,0.0564376935,0.3248620629,-0.0978726447,-0.8928734064,0.4395432472,1,-395.2,263.2,1635.1,1,-0.0939418301,-0.4394164383,-0.8933578134,0.9954537749,-0.0556116402,-0.0773240998,-0.0157036111,-0.8965603709,0.4426430464,1,-476.0,21.0,1660.3,1,-0.0000005960,1.0000001192,0.0000000000,-1.0000001192,-0.0000005960,0.0000000000,0.0000000000,-0.0000000000,1.0000000000,0,-165.4,258.3,1731.1,1,0.0000170469,0.9999990463,0.0000000001,-0.9999990463,0.0000170469,0.0000000000,0.0000000000,-0.0000000001,1.0000000000,0,-165.4,27.6,1731.1,0,0.9236969352,0.0242010802,0.3823587298,-0.0786806643,0.9887133241,0.1274958700,-0.3749576509,-0.1478517950,0.9151757360,1,-399.0,-76.9,1738.7,1,0.9069204330,0.1774863452,0.3820913732,-0.2894346118,0.9215081334,0.2589408755,-0.3061418533,-0.3454293013,0.8871052265,1,-407.5,-425.8,1790.9,1,0.9148106575,0.0972075462,0.3920104504,-0.1735670716,0.9710277319,0.1642553061,-0.3646861911,-0.2183025926,0.9051784277,1,-248.7,-80.1,1801.4,1,0.7857063413,0.1107130051,0.6086118221,-0.2627930343,0.9503999352,0.1663728654,-0.5600050092,-0.2906591296,0.7758297920,1,-283.0,-422.8,1878.5,1,-452.5,-227.6,1664.2,1,-165.4,-203.2,1731.1,0,-467.7,-738.5,1908.1,1,-320.5,-745.3,1977.1,1,
19,0.9168539643,0.1512911767,-0.3694467247,-0.0263336077,0.9463159442,0.3221701980,0.3983549774,-0.2856532037,0.8716155887,1,-249.1,435.8,1630.3,1,0.9168539643,0.1512911767,-0.3694467247,-0.0263336077,0.9463159442,0.3221701980,0.3983549774,-0.2856532037,0.8716155887,1,-277.3,259.1,1683.7,1,0.9180179238,0.1253836006,-0.3761955202,-0.0183089748,0.9610859156,0.2756439447,0.3961175978,-0.2461573631,0.8845877647,1,-299.4,89.5,1727.1,1,0.3243877292,-0.4355445206,-0.8396866322,0.9408939481,0.0571427047,0.3338462710,-0.0974229500,-0.8983516693,0.4283375740,1,-391.6,261.3,1634.3,1,-0.1175216660,-0.4253605306,-0.8973610401,0.9930437207,-0.0569465309,-0.1030592248,-0.0072642732,-0.9032304287,0.4290941060,1,-475.1,19.4,1659.4,1,-0.0000005960,1.0000001192,0.0000000000,-1.0000001192,-0.0000005960,0.0000000000,0.0000000000,-0.0000000000,1.0000000000,0,-163.0,256.8,1733.0,1,0.0000170469,0.9999990463,0.0000000001,-0.9999990463,0.0000170469,0.0000000000,0.0000000000,-0.0000000001,1.0000000000,0,-163.0,26.0,1733.0,0,0.9280747175,0.0282252468,0.3713229895,-0.0788760483,0.9893991351,0.1219338030,-0.3639450371,-0.1424521506,0.9204626679,1,-396.3,-78.7,1738.3,1,0.9146890640,0.1599348485,0.3711668849,-0.2721139789,0.9227316380,0.2729842663,-0.2988277376,-0.3506954312,0.8875329494,1,-406.3,-427.9,1788.6,1,0.9190337658,0.0944671482,0.3826919198,-0.1737410277,0.9685427547,0.1781547070,-0.3538237512,-0.2302194387,0.9065362215,1,-246.8,-81.6,1802.8,1,0.7919319868,0.1188575700,0.5989295840,-0.2641943395,0.9510037303,0.1606031209,-0.5504953265,-0.2854205370,0.7845317125,1,-280.1,-423.5,1884.0,1,-445.7,-228.6,1661.2,1,-163.0,-204.8,1733.0,0,-460.6,-740.9,1907.5,1,-320.5,-746.2,1980.9,1,
20,0.9105672240,0.1526788324,-0.3841321468,-0.0223665554,0.9461246729,0.3230307400,0.4127569497,-0.2855485678,0.8649230003,1,-246.2,433.5,1630.3,1,0.9105672240,0.1526788324,-0.3841321468,-0.0223665554,0.9461246729,0.3230307400,0.4127569497,-0.2855485678,0.8649230003,1,-274.6,257.2,1683.6,1,0.9115323424,0.1284105182,-0.3906668723,-0.0158211943,0.9602448344,0.2787120938,0.4109255075,-0.2478733063,0.8773238659,1,-297.3,87.7,1727.3,1,0.3321589231,-0.4212792516,-0.8439160585,0.9378983974,0.0525793508,0.3429022729,-0.1000850499,-0.9054055810,0.4125818312,1,-388.1,259.1,1632.4,1,-0.1220559254,-0.4115905464,-0.9031586051,0.9925171733,-0.0474317335,-0.1125163659,0.0034722975,-0.9101337194,0.4142999947,1,-473.2,18.9,1658.0,1,-0.0000005960,1.0000001192,0.0000000000,-1.0000001192,-0.0000005960,0.0000000000,0.0000000000,-0.0000000000,1.0000000000,0,-161.1,255.2,1734.7,1,0.0000170469,0.9999990463,0.0000000001,-0.9999990463,0.0000170469,0.0000000000,0.0000000000,-0.0000000001,1.0000000000,0,-161.1,24.4,1734.7,0,0.9339870811,0.0248096995,0.3564447165,-0.0760100037,0.9885486364,0.1303617656,-0.3491286933,-0.1488495469,0.9251773357,1,-394.2,-80.5,1737.6,1,0.9180307984,0.1740164459,0.3562829792,-0.2794913054,0.9213595390,0.2701502740,-0.2812541127,-0.3475842774,0.8944725990,1,-402.9,-429.4,1790.1,1,0.9240716696,0.1038542166,0.3678398132,-0.1810739338,0.9664796591,0.1820148230,-0.3366065919,-0.2348009050,0.9119015932,1,-245.7,-83.0,1804.5,1,0.8030973077,0.0966744497,0.5879528522,-0.2502965927,0.9502033591,0.1856478155,-0.5407273769,-0.2962558866,0.7873031497,1,-282.4,-424.1,1887.4,1,-442.7,-229.0,1657.2,1,-161.1,-206.4,1734.7,0,-462.0,-742.0,1908.1,1,-315.2,-746.5,1987.9,1,
21,0.9072408080,0.1567973346,-0.3902944922,-0.0225169882,0.9446941018,0.3271804750,0.4200099707,-0.2880423069,0.8605936170,1,-243.1,434.0,1628.9,1,0.9072408080,0.1567973346,-0.3902944922,-0.0225169882,0.9446941018,0.3271804750,0.4200099707,-0.2880423069,0.8605936170,1,-272.4,257.6,1682.7,1,0.9084389806,0.1305013448,-0.3971259594,-0.0145759461,0.9593317509,0.2819062769,0.4177647233,-0.2503052354,0.8733945489,1,-295.5,88.3,1726.8,1,0.3317081034,-0.4137486219,-0.8478099704,0.9383069277,0.0516044423,0.3419312835,-0.0977228433,-0.9089273214,0.4053408504,1,-385.6,259.4,1630.6,1,-0.1185488924,-0.4052657783,-0.9064798355,0.9928875566,-0.0382933877,-0.1127291620,0.0109730922,-0.9133964181,0.4069230258,1,-470.5,19.1,1655.7,1,-0.0000005960,1.0000001192,0.0000000000,-1.0000001192,-0.0000005960,0.0000000000,0.0000000000,-0.0000000000,1.0000000000,0,-159.3,255.8,1734.7,1,0.0000170469,0.9999990463,0.0000000000,-0.9999990463,0.0000170469,0.0000000000,0.0000000000,-0.0000000000,1.0000000000,0,-159.3,25.0,1734.7,0,0.9367577434,0.0164478123,0.3495919704,-0.0676069185,0.9885847569,0.1346462369,-0.3433866501,-0.1497657299,0.9271762967,1,-392.5,-79.8,1737.0,1,0.9202831984,0.1784506291,0.3481871784,-0.2831730247,0.9178890586,0.2780156732,-0.2699851394,-0.3544503450,0.8952502608,1,-398.3,-428.7,1789.8,1,0.9276624918,0.1005286053,0.3596337140,-0.1721621752,0.9697566032,0.1730096936,-0.3313647509,-0.2224099189,0.9169139862,1,-244.5,-82.2,1805.0,1,0.8073824644,0.0934548900,0.5825803280,-0.2589977980,0.9433000088,0.2076181918,-0.5301451087,-0.3185142875,0.7858083844,1,-280.0,-424.4,1883.5,1,-440.9,-228.8,1652.9,1,-159.3,-205.8,1734.7,0,-458.8,-740.2,1910.1,1,-311.7,-744.4,1991.6,1,
22,0.9044519067,0.1623945087,-0.3944563568,-0.0221502073,0.9413340092,0.3367500901,0.4260015488,-0.2958360910,0.8549864292,1,-240.0,431.9,1626.1,1,0.9044519067,0.1623945087,-0.3944563568,-0.0221502073,0.9413340092,0.3367500901,0.4260015488,-0.2958360910,0.8549864292,1,-270.3,256.4,1681.3,1,0.9051049948,0.1389141977,-0.4018566608,-0.0180357434,0.9568176270,0.2901305258,0.4248068035,-0.2553498447,0.8685238957,1,-294.8,87.6,1726.3,1,0.3239742219,-0.4062283039,-0.8544116020,0.9414379001,0.0492102280,0.3335758746,-0.0934621543,-0.9124454260,0.3983816504,1,-383.0,258.7,1628.4,1,-0.1142608523,-0.3996718526,-0.9095091820,0.9930997491,-0.0216150172,-0.1152638346,0.0264086500,-0.9164034724,0.3993837535,1,-466.4,16.4,1652.4,1,-0.0000005960,1.0000001192,0.0000000000,-1.0000001192,-0.0000005960,0.0000000000,0.0000000000,-0.0000000000,1.0000000000,0,-157.6,254.2,1734.2,1,0.0000170469,0.9999990463,0.0000000000,-0.9999990463,0.0000170469,0.0000000000,0.0000000000,-0.0000000000,1.0000000000,0,-157.6,23.4,1734.2,0,0.9392008185,-0.0011606613,0.3433667123,-0.0479081012,0.9897700548,0.1343872696,-0.3400100768,-0.1426666528,0.9295372963,1,-393.0,-79.8,1736.8,1,0.9195183516,0.1985192448,0.3392286301,-0.3007423878,0.9110455513,0.2820460200,-0.2530611753,-0.3613668978,0.8974263072,1,-392.6,-429.1,1787.1,1,0.9303294420,0.0940829217,0.3544513583,-0.1669175476,0.9692448974,0.1808397025,-0.3265362978,-0.2274046242,0.9174210429,1,-245.6,-82.7,1806.0,1,0.8109797239,0.0990057960,0.5766364932,-0.2573557794,0.9454753399,0.1996106505,-0.5254329443,-0.3102809489,0.7922410369,1,-278.8,-424.8,1886.3,1,-437.9,-231.6,1645.8,1,-157.6,-207.4,1734.2,0,-460.0,-738.1,1909.7,1,-312.4,-745.6,1991.5,1,
23,0.8923966885,0.1681171060,-0.4187668860,-0.0186381694,0.9409503341,0.3380324244,0.4508677721,-0.2938530445,0.8428325057,1,-235.9,434.0,1626.8,1,0.8923966885,0.1681171060,-0.4187668860,-0.0186381694,0.9409503341,0.3380324244,0.4508677721,-0.2938530445,0.8428325057,1,-267.3,258.3,1681.6,1,0.8932591081,0.1417796612,-0.4266000092,-0.0133564360,0.9569154382,0.2900609076,0.4493448138,-0.2534007132,0.8566653132,1,-292.3,89.4,1726.4,1,0.3251370192,-0.3792721629,-0.8662785292,0.9422366023,0.0519742295,0.3308908641,-0.0804735348,-0.9238242507,0.3742628992,1,-378.5,259.9,1625.7,1,-0.1180906817,-0.3731592894,-0.9202210307,0.9923663139,-0.0111748725,-0.1228174642,0.0355471298,-0.9276999235,0.3716304004,1,-462.8,15.6,1646.6,1,-0.0000005960,1.0000001192,0.0000000000,-1.0000001192,-0.0000005960,0.0000000000,0.0000000000,-0.0000000000,1.0000000000,0,-156.1,256.6,1737.6,1,0.0000170469,0.9999990463,0.0000000000,-0.9999990463,0.0000170469,0.0000000000,0.0000000000,-0.0000000000,1.0000000000,0,-156.1,25.8,1737.6,0,0.9474443197,-0.0388903618,0.3175479472,-0.0018794425,0.9918899536,0.1270851642,-0.3199149966,-0.1210029274,0.9396875501,1,-390.1,-78.4,1734.5,1,0.9253647327,0.2249641567,0.3051086664,-0.3188728392,0.8971789479,0.3055979013,-0.2049885094,-0.3800803721,0.9019526839,1,-376.4,-428.1,1777.1,1,0.9409388900,0.0832990557,0.3281700015,-0.1489114612,0.9722992778,0.1801656783,-0.3040717244,-0.2183931172,0.9272782803,1,-244.6,-80.6,1807.7,1,0.8270791173,0.1001772732,0.5530865192,-0.2506517172,0.9464697838,0.2033932358,-0.5031043291,-0.3068543673,0.8079149127,1,-274.0,-423.7,1884.7,1,-433.3,-232.2,1637.7,1,-156.1,-204.9,1737.6,0,-452.7,-732.4,1906.0,1,-308.0,-744.8,1988.9,1,
