1,0.9936215878,0.0898397714,-0.0681601092,-0.0856756866,0.9944080114,0.0617418438,0.0733260736,-0.0555084497,0.9957609177,1,-539.8,390.3,1873.5,1,0.9936215878,0.0898397714,-0.0681601092,-0.0856756866,0.9944080114,0.0617418438,0.0733260736,-0.0555084497,0.9957609177,1,-558.6,182.0,1885.1,1,0.9937311411,0.0830943659,-0.0747960210,-0.0844137296,0.9963229299,-0.0146474158,0.0733041093,0.0208693650,0.9970901012,1,-575.2,-16.1,1881.0,1,0.2538979352,-0.9671120644,-0.0151714580,0.9665479660,0.2530980706,0.0415491909,-0.0363428518,-0.0252131969,0.9990213513,1,-698.1,193.8,1874.8,1,-0.0344022810,-0.9982541800,-0.0480127707,0.9955670238,-0.0300225802,-0.0891348794,0.0875377953,-0.0508663729,0.9948617220,1,-760.7,-44.6,1883.8,1,0.1375544518,0.9876737595,0.0746956542,-0.9878311157,0.1312676668,0.0834178850,0.0725845173,-0.0852611959,0.9937112927,1,-419.2,170.1,1895.4,1,-0.0440015979,0.9944658875,0.0954018608,-0.9966269135,-0.0370734818,-0.0732151344,-0.0692730844,-0.0983016491,0.9927426577,1,-385.1,-75.3,1913.4,1,1.0000000000,-0.0000000000,0.0000000000,0.0000000000,1.0000000000,0.0000000000,-0.0000000000,-0.0000000000,1.0000000000,0,-682.8,-206.4,1870.1,1,1.0000000000,-0.0000002229,0.0000016050,0.0000002229,1.0000000000,0.0000004446,-0.0000016050,-0.0000004446,1.0000000000,0,-682.8,-603.9,1870.1,0,1.0000000000,0.0000000000,-0.0000000000,-0.0000000000,1.0000000000,0.0000000000,0.0000000000,-0.0000000000,1.0000000000,0,-500.5,-221.9,1883.6,1,1.0000000000,0.0000000465,-0.0000003913,-0.0000000465,1.0000000000,0.0000002465,0.0000003913,-0.0000002465,1.0000000000,0,-500.5,-619.4,1883.6,0,-751.6,-306.8,1860.8,1,-396.5,-335.2,1895.4,1,-682.8,-986.2,1870.1,0,-500.5,-1001.7,1883.6,0,
2,0.9934102297,0.0914410725,-0.0691033453,-0.0870934725,0.9941732287,0.0635117516,0.0745085254,-0.0570748672,0.9955845475,1,-538.6,390.2,1873.1,1,0.9934102297,0.0914410725,-0.0691033453,-0.0870934725,0.9941732287,0.0635117516,0.0745085254,-0.0570748672,0.9955845475,1,-557.7,182.2,1885.1,1,0.9935299754,0.0845045224,-0.0758806616,-0.0857392773,0.9962304831,-0.0131573845,0.0744830072,0.0195781719,0.9970288873,1,-574.5,-15.8,1881.2,1,0.2591858506,-0.9656949639,-0.0159952305,0.9650791287,0.2582977414,0.0436401628,-0.0380115546,-0.0267475769,0.9989192486,1,-697.1,194.2,1874.6,1,-0.0391238555,-0.9979736805,-0.0501793809,0.9954072237,-0.0345338359,-0.0892858431,0.0873720348,-0.0534421243,0.9947412014,1,-761.0,-43.8,1884.0,1,0.1371034086,0.9877912998,0.0739659816,-0.9879025817,0.1308917403,0.0831611305,0.0724642947,-0.0844728574,0.9937873483,1,-418.3,170.2,1895.5,1,-0.0451496243,0.9944257736,0.0952830389,-0.9961870909,-0.0376905352,-0.0786816776,-0.0746518224,-0.0984721854,0.9923357368,1,-384.4,-74.4,1913.5,1,1.0000000000,-0.0000000000,0.0000000000,0.0000000000,1.0000000000,0.0000000000,-0.0000000000,-0.0000000000,1.0000000000,0,-682.5,-206.0,1870.5,1,1.0000000000,-0.0000002006,0.0000014445,0.0000002006,1.0000000000,0.0000004001,-0.0000014445,-0.0000004001,1.0000000000,0,-682.5,-603.6,1870.5,0,1.0000000000,0.0000000000,-0.0000000000,-0.0000000000,1.0000000000,0.0000000000,0.0000000000,-0.0000000000,1.0000000000,0,-500.2,-221.7,1884.1,1,1.0000000000,0.0000000419,-0.0000003522,-0.0000000419,1.0000000000,0.0000002218,0.0000003522,-0.0000002218,1.0000000000,0,-500.2,-619.3,1884.1,0,-750.7,-305.9,1861.0,1,-396.2,-334.3,1894.0,1,-682.5,-985.8,1870.5,0,-500.2,-1001.6,1884.1,0,
3,0.9939062595,0.0895312726,-0.0643068179,-0.0863758624,0.9949924946,0.0502839051,0.0684870332,-0.0444230065,0.9966613650,1,-539.6,390.7,1877.0,1,0.9939062595,0.0895312726,-0.0643068179,-0.0863758624,0.9949924946,0.0502839051,0.0684870332,-0.0444230065,0.9966613650,1,-558.3,183.0,1886.2,1,0.9938514233,0.0852506906,-0.0706571862,-0.0869999602,0.9959638715,-0.0220537260,0.0684921592,0.0280652493,0.9972556829,1,-575.3,-14.9,1880.6,1,0.2564190328,-0.9665144682,-0.0099464627,0.9659745097,0.2558888197,0.0376036763,-0.0337993093,-0.0192503277,0.9992432594,1,-697.8,195.2,1876.6,1,-0.0401320271,-0.9982875586,-0.0425587557,0.9952393770,-0.0361509547,-0.0905083492,0.0888148323,-0.0459884331,0.9949858785,1,-761.1,-43.4,1885.0,1,0.1402526051,0.9870500565,0.0778558776,-0.9874565601,0.1336835474,0.0840143189,0.0725182891,-0.0886625275,0.9934183955,1,-418.9,170.8,1895.8,1,-0.0465969741,0.9938908815,0.1000496224,-0.9959667921,-0.0385378897,-0.0810256675,-0.0766749531,-0.1034216508,0.9916778803,1,-384.1,-73.9,1913.8,1,1.0000000000,-0.0000000000,0.0000000000,0.0000000000,1.0000000000,0.0000000000,-0.0000000000,-0.0000000000,1.0000000000,0,-683.4,-204.9,1868.8,1,1.0000000000,-0.0000001806,0.0000013001,0.0000001806,1.0000000000,0.0000003601,-0.0000013001,-0.0000003601,1.0000000000,0,-683.4,-602.5,1868.8,0,1.0000000000,0.0000000000,-0.0000000000,-0.0000000000,1.0000000000,0.0000000000,0.0000000000,-0.0000000000,1.0000000000,0,-501.0,-220.9,1881.4,1,1.0000000000,0.0000000377,-0.0000003169,-0.0000000377,1.0000000000,0.0000001996,0.0000003169,-0.0000001996,1.0000000000,0,-501.0,-618.4,1881.4,0,-750.5,-305.5,1861.6,1,-396.3,-333.7,1893.8,1,-683.4,-984.8,1868.8,0,-501.0,-1000.7,1881.4,0,
4,0.9938166142,0.0914492011,-0.0629784688,-0.0880707502,0.9946225882,0.0544858724,0.0676227510,-0.0486024730,0.9965252280,1,-538.3,389.7,1875.4,1,0.9938166142,0.0914492011,-0.0629784688,-0.0880707502,0.9946225882,0.0544858724,0.0676227510,-0.0486024730,0.9965252280,1,-557.4,181.9,1885.5,1,0.9937276244,0.0876039565,-0.0695104077,-0.0890602320,0.9958609343,-0.0181278586,0.0676348805,0.0242047254,0.9974153042,1,-574.8,-16.1,1880.7,1,0.2620671690,-0.9650013447,-0.0096636638,0.9644566178,0.2615419924,0.0376738384,-0.0338278487,-0.0191932619,0.9992434382,1,-696.8,194.4,1876.0,1,-0.0399370305,-0.9983127713,-0.0421512946,0.9955663085,-0.0361607671,-0.0868349075,0.0851641744,-0.0454323366,0.9953305721,1,-761.1,-42.4,1884.3,1,0.1373331100,0.9873533845,0.0792012587,-0.9875700474,0.1303135306,0.0878844410,0.0764520019,-0.0902862325,0.9929770827,1,-418.0,169.4,1895.0,1,-0.0358446315,0.9942587018,0.1008203775,-0.9966068268,-0.0280837696,-0.0773699731,-0.0740943626,-0.1032515764,0.9918916821,1,-384.2,-73.3,1913.8,1,1.0000000000,-0.0000000000,0.0000000000,0.0000000000,1.0000000000,0.0000000000,-0.0000000000,-0.0000000000,1.0000000000,0,-683.4,-205.8,1869.7,1,1.0000000000,-0.0000001625,0.0000011700,0.0000001625,1.0000000000,0.0000003241,-0.0000011700,-0.0000003241,1.0000000000,0,-683.4,-603.4,1869.7,0,1.0000000000,0.0000000000,-0.0000000000,-0.0000000000,1.0000000000,0.0000000000,0.0000000000,-0.0000000000,1.0000000000,0,-501.0,-222.2,1882.1,1,1.0000000000,0.0000000339,-0.0000002852,-0.0000000339,1.0000000000,0.0000001797,0.0000002852,-0.0000001797,1.0000000000,0,-501.0,-619.7,1882.1,0,-750.6,-304.6,1861.9,1,-393.6,-333.3,1894.5,1,-683.4,-985.7,1869.7,0,-501.0,-1002.0,1882.1,0,
5,0.9937709570,0.0929692984,-0.0614559837,-0.0902374163,0.9948648214,0.0458333194,0.0654017404,-0.0400022641,0.9970557094,1,-537.9,389.7,1878.1,1,0.9937709570,0.0929692984,-0.0614559837,-0.0902374163,0.9948648214,0.0458333194,0.0654017404,-0.0400022641,0.9970557094,1,-557.3,181.9,1886.4,1,0.9937540293,0.0887045711,-0.0677143633,-0.0904226974,0.9956436157,-0.0227365568,0.0654027909,0.0287174135,0.9974445105,1,-574.9,-16.0,1880.7,1,0.2586646378,-0.9659383297,-0.0074812314,0.9654666185,0.2582735419,0.0341914445,-0.0310946181,-0.0160669964,0.9993873835,1,-696.7,194.6,1877.2,1,-0.0323472098,-0.9987346530,-0.0385052375,0.9958409071,-0.0289225373,-0.0863968432,0.0851738602,-0.0411397889,0.9955163598,1,-759.7,-40.6,1884.8,1,0.1393279433,0.9869635701,0.0805646032,-0.9873876572,0.1322877556,0.0869798586,0.0751882270,-0.0916672200,0.9929471016,1,-417.9,169.2,1895.6,1,-0.0377323367,0.9941042066,0.1016530320,-0.9969788194,-0.0305384882,-0.0714185089,-0.0678930953,-0.1040407047,0.9922531247,1,-383.6,-73.5,1914.1,1,1.0000000000,-0.0000000000,0.0000000000,0.0000000000,1.0000000000,0.0000000000,-0.0000000000,-0.0000000000,1.0000000000,0,-683.7,-205.6,1869.0,1,1.0000000000,-0.0000001463,0.0000010530,0.0000001463,1.0000000000,0.0000002917,-0.0000010530,-0.0000002917,1.0000000000,0,-683.7,-603.2,1869.0,0,1.0000000000,0.0000000000,-0.0000000000,-0.0000000000,1.0000000000,0.0000000000,0.0000000000,-0.0000000000,1.0000000000,0,-501.4,-222.2,1881.0,1,1.0000000000,0.0000000305,-0.0000002567,-0.0000000305,1.0000000000,0.0000001617,0.0000002567,-0.0000001617,1.0000000000,0,-501.4,-619.8,1881.0,0,-751.2,-302.8,1862.4,1,-393.5,-333.5,1896.4,1,-683.7,-985.4,1869.0,0,-501.4,-1002.0,1881.0,0,
6,0.9941010475,0.0926115736,-0.0564562343,-0.0893308073,0.9943051934,0.0581071675,0.0615163930,-0.0527211726,0.9967115521,1,-536.7,389.0,1874.9,1,0.9941010475,0.0926115736,-0.0564562343,-0.0893308073,0.9943051934,0.0581071675,0.0615163930,-0.0527211726,0.9967115521,1,-556.1,181.5,1885.9,1,0.9939708114,0.0896804333,-0.0630904213,-0.0907518119,0.9957702756,-0.0143180201,0.0615397841,0.0199572295,0.9979039431,1,-573.9,-16.4,1882.0,1,0.2647672296,-0.9642998576,-0.0049319640,0.9637750983,0.2644455731,0.0347303562,-0.0321862362,-0.0139487647,0.9993846416,1,-695.5,194.2,1877.3,1,-0.0364287831,-0.9986466765,-0.0371166244,0.9956510663,-0.0330826752,-0.0870889649,0.0857431963,-0.0401277542,0.9955087900,1,-760.0,-40.6,1885.1,1,0.1326259971,0.9874498248,0.0857510120,-0.9879488945,0.1247348189,0.0916413218,0.0797950551,-0.0968716368,0.9920930862,1,-416.6,168.8,1894.6,1,-0.0324278958,0.9938357472,0.1060130000,-0.9972582459,-0.0251144674,-0.0696077645,-0.0665162355,-0.1079795733,0.9919253588,1,-384.0,-74.1,1914.2,1,1.0000000000,-0.0000000000,0.0000000000,0.0000000000,1.0000000000,0.0000000000,-0.0000000000,-0.0000000000,1.0000000000,0,-682.9,-206.0,1872.3,1,1.0000000000,-0.0000001316,0.0000009477,0.0000001316,1.0000000000,0.0000002625,-0.0000009477,-0.0000002625,1.0000000000,0,-682.9,-603.6,1872.3,0,1.0000000000,0.0000000000,-0.0000000000,-0.0000000000,1.0000000000,0.0000000000,0.0000000000,-0.0000000000,1.0000000000,0,-500.5,-222.7,1883.6,1,1.0000000000,0.0000000275,-0.0000002311,-0.0000000275,1.0000000000,0.0000001455,0.0000002311,-0.0000001455,1.0000000000,0,-500.5,-620.3,1883.6,0,-750.4,-302.8,1862.6,1,-392.5,-334.3,1896.8,1,-682.9,-985.9,1872.3,0,-500.5,-1002.5,1883.6,0,
7,0.9940096736,0.0923790038,-0.0584101677,-0.0885044560,0.9939019084,0.0657686815,0.0641298816,-0.0602052063,0.9961226583,1,-535.1,390.1,1873.3,1,0.9940096736,0.0923790038,-0.0584101677,-0.0885044560,0.9939019084,0.0657686815,0.0641298816,-0.0602052063,0.9961226583,1,-554.4,182.6,1885.9,1,0.9938672185,0.0893256366,-0.0651906803,-0.0900649205,0.9958994985,-0.0084829852,0.0641658753,0.0143023282,0.9978355765,1,-572.1,-15.4,1883.1,1,0.2587726116,-0.9659047127,-0.0080564506,0.9653554559,0.2583178282,0.0368878692,-0.0335490368,-0.0173229091,0.9992870092,1,-693.8,195.2,1876.9,1,-0.0281402245,-0.9988240600,-0.0394803323,0.9960536361,-0.0246925466,-0.0852491781,0.0841740519,-0.0417234600,0.9955772161,1,-756.8,-39.9,1885.1,1,0.1290998757,0.9880170226,0.0845901147,-0.9884891510,0.1214359254,0.0902356803,0.0788821205,-0.0952658281,0.9923214912,1,-414.9,170.0,1894.9,1,-0.0320178233,0.9940564036,0.1040517911,-0.9973073602,-0.0249023158,-0.0689781979,-0.0659770817,-0.1059801504,0.9921770096,1,-383.2,-73.0,1914.3,1,1.0000000000,-0.0000000000,0.0000000000,0.0000000000,1.0000000000,0.0000000000,-0.0000000000,-0.0000000000,1.0000000000,0,-681.0,-205.0,1874.3,1,1.0000000000,-0.0000001185,0.0000008530,0.0000001185,1.0000000000,0.0000002363,-0.0000008530,-0.0000002363,1.0000000000,0,-681.0,-602.6,1874.3,0,1.0000000000,0.0000000000,-0.0000000000,-0.0000000000,1.0000000000,0.0000000000,0.0000000000,-0.0000000000,1.0000000000,0,-498.7,-221.6,1886.1,1,1.0000000000,0.0000000247,-0.0000002079,-0.0000000247,1.0000000000,0.0000001310,0.0000002079,-0.0000001310,1.0000000000,0,-498.7,-619.1,1886.1,0,-749.4,-302.2,1862.9,1,-391.5,-333.2,1897.1,1,-681.0,-984.9,1874.3,0,-498.7,-1001.4,1886.1,0,
8,0.9941675663,0.0890165493,-0.0608926825,-0.0861004293,0.9950829148,0.0489512607,0.0649509951,-0.0434229299,0.9969420433,1,-535.5,389.5,1877.6,1,0.9941675663,0.0890165493,-0.0608926825,-0.0861004293,0.9950829148,0.0489512607,0.0649509951,-0.0434229299,0.9969420433,1,-554.1,182.1,1886.6,1,0.9938419461,0.0883480310,-0.0668867379,-0.0897555202,0.9957948327,-0.0183306560,0.0649862513,0.0242211875,0.9975910187,1,-571.6,-15.8,1881.8,1,0.2528378665,-0.9674832225,-0.0070357323,0.9668921232,0.2524105012,0.0375324860,-0.0345361531,-0.0162924286,0.9992707372,1,-693.5,194.7,1877.5,1,-0.0289115645,-0.9988138080,-0.0391799733,0.9955616593,-0.0252612457,-0.0906576514,0.0895603746,-0.0416271351,0.9951111078,1,-754.7,-39.5,1885.9,1,0.1322784722,0.9878106117,0.0820524395,-0.9883745909,0.1251873821,0.0862771943,0.0749536008,-0.0925111622,0.9928865433,1,-414.6,169.5,1895.7,1,-0.0234852899,0.9945521951,0.1015594229,-0.9975043535,-0.0165459141,-0.0686386824,-0.0665843561,-0.1029179692,0.9924587607,1,-382.3,-71.9,1914.0,1,1.0000000000,-0.0000000000,0.0000000000,0.0000000000,1.0000000000,0.0000000000,-0.0000000000,-0.0000000000,1.0000000000,0,-680.4,-205.5,1871.0,1,1.0000000000,-0.0000001066,0.0000007677,0.0000001066,1.0000000000,0.0000002126,-0.0000007677,-0.0000002126,1.0000000000,0,-680.4,-603.1,1871.0,0,1.0000000000,0.0000000000,-0.0000000000,-0.0000000000,1.0000000000,0.0000000000,0.0000000000,-0.0000000000,1.0000000000,0,-498.0,-222.0,1882.9,1,1.0000000000,0.0000000223,-0.0000001872,-0.0000000223,1.0000000000,0.0000001179,0.0000001872,-0.0000001179,1.0000000000,0,-498.0,-619.6,1882.9,0,-747.1,-301.7,1862.3,1,-388.4,-332.1,1896.7,1,-680.4,-985.4,1871.0,0,-498.0,-1001.8,1882.9,0,
9,0.9942196608,0.0904066116,-0.0579232574,-0.0880286470,0.9952159524,0.0423748158,0.0614773706,-0.0370310321,0.9974201918,1,-535.5,389.3,1879.2,1,0.9942196608,0.0904066116,-0.0579232574,-0.0880286470,0.9952159524,0.0423748158,0.0614773706,-0.0370310321,0.9974201918,1,-554.3,181.7,1886.9,1,0.9940940142,0.0878498331,-0.0637233704,-0.0894318894,0.9957405925,-0.0224070027,0.0614837557,0.0279735215,0.9977149367,1,-571.8,-16.2,1881.3,1,0.2433403432,-0.9699344039,-0.0035688763,0.9693840742,0.2430742979,0.0347776003,-0.0328644924,-0.0119224051,0.9993886948,1,-693.8,194.3,1878.3,1,-0.0216951482,-0.9992123842,-0.0332234241,0.9959043264,-0.0186819918,-0.0884620622,0.0877717137,-0.0350065492,0.9955253005,1,-752.9,-41.3,1886.3,1,0.1328379959,0.9875419140,0.0843498036,-0.9881810546,0.1253926158,0.0881746784,0.0764993429,-0.0950658247,0.9925272465,1,-414.9,169.2,1895.5,1,-0.0135568632,0.9944554567,0.1042807624,-0.9975395203,-0.0062769800,-0.0698243007,-0.0687825829,-0.1049707755,0.9920938015,1,-382.4,-72.2,1914.2,1,1.0000000000,-0.0000000000,0.0000000000,0.0000000000,1.0000000000,0.0000000000,-0.0000000000,-0.0000000000,1.0000000000,0,-680.4,-205.9,1870.1,1,1.0000000000,-0.0000000960,0.0000006909,0.0000000960,1.0000000000,0.0000001914,-0.0000006909,-0.0000001914,1.0000000000,0,-680.4,-603.5,1870.1,0,1.0000000000,0.0000000000,-0.0000000000,-0.0000000000,1.0000000000,0.0000000000,0.0000000000,-0.0000000000,1.0000000000,0,-498.0,-222.3,1881.4,1,1.0000000000,0.0000000200,-0.0000001684,-0.0000000200,1.0000000000,0.0000001061,0.0000001684,-0.0000001061,1.0000000000,0,-498.0,-619.9,1881.4,0,-747.2,-303.5,1863.1,1,-385.9,-332.4,1896.3,1,-680.4,-985.8,1870.1,0,-498.0,-1002.2,1881.4,0,
10,0.9942022562,0.0916117877,-0.0563068129,-0.0885641649,0.9945818782,0.0544323772,0.0609886460,-0.0491300747,0.9969275594,1,-533.7,387.9,1876.0,1,0.9942022562,0.0916117877,-0.0563068129,-0.0885641649,0.9945818782,0.0544323772,0.0609886460,-0.0491300747,0.9969275594,1,-552.7,181.0,1886.2,1,0.9940854311,0.0887602195,-0.0625864938,-0.0898532942,0.9958438277,-0.0148645788,0.0610072501,0.0204002243,0.9979277849,1,-570.4,-17.0,1882.1,1,0.2408834994,-0.9705505967,-0.0025849121,0.9697451591,0.2405731827,0.0414594673,-0.0396166518,-0.0124936076,0.9991368651,1,-692.2,193.6,1877.6,1,-0.0177208129,-0.9992505908,-0.0344142132,0.9956172109,-0.0144742737,-0.0923955590,0.0918281823,-0.0359007083,0.9951274991,1,-750.9,-42.6,1887.3,1,0.1264345199,0.9882568717,0.0858065858,-0.9885352850,0.1183266342,0.0937911645,0.0825365484,-0.0966812819,0.9918873906,1,-413.2,168.4,1894.7,1,-0.0079454882,0.9943233132,0.1061030552,-0.9970250726,0.0002576793,-0.0770766437,-0.0766664520,-0.1063998118,0.9913633466,1,-382.5,-72.0,1914.8,1,1.0000000000,-0.0000000000,0.0000000000,0.0000000000,1.0000000000,0.0000000000,-0.0000000000,-0.0000000000,1.0000000000,0,-679.2,-206.7,1872.5,1,1.0000000000,-0.0000000864,0.0000006218,0.0000000864,1.0000000000,0.0000001722,-0.0000006218,-0.0000001722,1.0000000000,0,-679.2,-604.2,1872.5,0,1.0000000000,0.0000000000,-0.0000000000,-0.0000000000,1.0000000000,0.0000000000,0.0000000000,-0.0000000000,1.0000000000,0,-496.8,-223.2,1883.7,1,1.0000000000,0.0000000180,-0.0000001516,-0.0000000180,1.0000000000,0.0000000955,0.0000001516,-0.0000000955,1.0000000000,0,-496.8,-620.7,1883.7,0,-746.2,-304.8,1863.1,1,-384.6,-332.0,1894.8,1,-679.2,-986.5,1872.5,0,-496.8,-1003.0,1883.7,0,
11,0.9943709970,0.0898803025,-0.0561170653,-0.0867416486,0.9946515560,0.0560683608,0.0608566329,-0.0508851260,0.9968475699,1,-531.9,388.4,1874.8,1,0.9943709970,0.0898803025,-0.0561170653,-0.0867416486,0.9946515560,0.0560683608,0.0608566329,-0.0508851260,0.9968475699,1,-550.7,180.9,1885.5,1,0.9941154718,0.0885595828,-0.0623932593,-0.0895921960,0.9958806634,-0.0139438231,0.0609016418,0.0194516815,0.9979531765,1,-568.3,-17.1,1881.6,1,0.2500248849,-0.9682385921,-0.0012549155,0.9671874642,0.2496926188,0.0469259359,-0.0451221615,-0.0129463905,0.9988975525,1,-690.1,193.5,1876.9,1,-0.0181919206,-0.9992061853,-0.0354425125,0.9957377911,-0.0149003025,-0.0910180584,0.0904177055,-0.0369472429,0.9952183366,1,-751.1,-42.5,1887.9,1,0.1194919944,0.9891049266,0.0859832242,-0.9892688394,0.1112815440,0.0946764275,0.0840765759,-0.0963735953,0.9917879105,1,-411.2,168.3,1894.0,1,-0.0017034730,0.9945488572,0.1042581126,-0.9976397753,0.0054665613,-0.0684475750,-0.0686443821,-0.1041286439,0.9921921492,1,-382.1,-72.9,1914.5,1,1.0000000000,-0.0000000000,0.0000000000,0.0000000000,1.0000000000,0.0000000000,-0.0000000000,-0.0000000000,1.0000000000,0,-677.1,-206.8,1872.1,1,1.0000000000,-0.0000000777,0.0000005596,0.0000000777,1.0000000000,0.0000001550,-0.0000005596,-0.0000001550,1.0000000000,0,-677.1,-604.4,1872.1,0,1.0000000000,0.0000000000,-0.0000000000,-0.0000000000,1.0000000000,0.0000000000,0.0000000000,-0.0000000000,1.0000000000,0,-494.7,-223.2,1883.3,1,1.0000000000,0.0000000162,-0.0000001364,-0.0000000162,1.0000000000,0.0000000859,0.0000001364,-0.0000000859,1.0000000000,0,-494.7,-620.8,1883.3,0,-746.3,-304.7,1864.1,1,-382.5,-333.1,1896.6,1,-677.1,-986.6,1872.1,0,-494.7,-1003.1,1883.3,0,
12,0.9945760965,0.0901938379,-0.0518163890,-0.0869903788,0.9943351150,0.0610722713,0.0570314676,-0.0562335216,0.9967864156,1,-530.6,388.8,1873.8,1,0.9945760965,0.0901938379,-0.0518163890,-0.0869903788,0.9943351150,0.0610722713,0.0570314676,-0.0562335216,0.9967864156,1,-549.4,181.3,1885.5,1,0.9943931103,0.0883384869,-0.0581379682,-0.0890297666,0.9959843159,-0.0094021317,0.0570742004,0.0145253930,0.9982632399,1,-566.9,-16.7,1882.7,1,0.2445355952,-0.9696400762,0.0007962142,0.9687386751,0.2443435490,0.0429147407,-0.0418063961,-0.0097228587,0.9990785122,1,-688.9,193.8,1877.5,1,-0.0158965532,-0.9993515015,-0.0323070996,0.9955019951,-0.0128006339,-0.0938715711,0.0933971405,-0.0336540192,0.9950599670,1,-748.5,-42.3,1887.7,1,0.1220020056,0.9884028435,0.0904173851,-0.9888046980,0.1131535023,0.0972701609,0.0859110504,-0.1012722850,0.9911423922,1,-409.9,168.8,1893.5,1,-0.0021063390,0.9940092564,0.1092759445,-0.9976817966,0.0053440710,-0.0678421184,-0.0680196732,-0.1091655195,0.9916936159,1,-379.9,-74.0,1914.6,1,1.0000000000,-0.0000000000,0.0000000000,0.0000000000,1.0000000000,0.0000000000,-0.0000000000,-0.0000000000,1.0000000000,0,-675.7,-206.5,1874.5,1,1.0000000000,-0.0000000700,0.0000005037,0.0000000700,1.0000000000,0.0000001395,-0.0000005037,-0.0000001395,1.0000000000,0,-675.7,-604.0,1874.5,0,1.0000000000,0.0000000000,-0.0000000000,-0.0000000000,1.0000000000,0.0000000000,0.0000000000,-0.0000000000,1.0000000000,0,-493.3,-222.8,1885.0,1,1.0000000000,0.0000000146,-0.0000001228,-0.0000000146,1.0000000000,0.0000000773,0.0000001228,-0.0000000773,1.0000000000,0,-493.3,-620.4,1885.0,0,-744.3,-304.4,1863.1,1,-380.5,-334.2,1896.9,1,-675.7,-986.3,1874.5,0,-493.3,-1002.6,1885.0,0,
13,0.9938029051,0.0947478041,-0.0581378192,-0.0901684389,0.9929531217,0.0768975616,0.0650142506,-0.0711788386,0.9953415394,1,-527.5,387.7,1869.3,1,0.9938029051,0.0947478041,-0.0581378192,-0.0901684389,0.9929531217,0.0768975616,0.0650142506,-0.0711788386,0.9953415394,1,-547.3,180.1,1884.2,1,0.9938808680,0.0891211703,-0.0652659535,-0.0893253461,0.9960021973,-0.0002092561,0.0649866387,0.0060378620,0.9978668690,1,-565.0,-17.9,1883.0,1,0.2459832430,-0.9692539573,-0.0062379907,0.9680283070,0.2453358620,0.0522627942,-0.0491255149,-0.0188943241,0.9986139536,1,-686.7,192.6,1875.1,1,-0.0122033777,-0.9990363717,-0.0421583205,0.9954262972,-0.0081425607,-0.0951851830,0.0947501883,-0.0431270786,0.9945663810,1,-745.9,-40.5,1886.9,1,0.1123832688,0.9900452495,0.0847381651,-0.9899893999,0.1042315364,0.0951674357,0.0853876695,-0.0945851132,0.9918481112,1,-407.9,167.5,1893.3,1,0.0088390503,0.9948242307,0.1012258679,-0.9980018139,0.0151100680,-0.0613526329,-0.0625646189,-0.1004813015,0.9929698706,1,-380.4,-74.1,1914.1,1,1.0000000000,-0.0000000000,0.0000000000,0.0000000000,1.0000000000,0.0000000000,-0.0000000000,-0.0000000000,1.0000000000,0,-673.9,-207.7,1875.8,1,1.0000000000,-0.0000000630,0.0000004533,0.0000000630,1.0000000000,0.0000001256,-0.0000004533,-0.0000001256,1.0000000000,0,-673.9,-605.3,1875.8,0,1.0000000000,0.0000000000,-0.0000000000,-0.0000000000,1.0000000000,0.0000000000,0.0000000000,-0.0000000000,1.0000000000,0,-491.5,-224.1,1887.7,1,1.0000000000,0.0000000131,-0.0000001105,-0.0000000131,1.0000000000,0.0000000696,0.0000001105,-0.0000000696,1.0000000000,0,-491.5,-621.6,1887.7,0,-742.7,-302.6,1861.9,1,-378.1,-334.5,1897.8,1,-673.9,-987.5,1875.8,0,-491.5,-1003.9,1887.7,0,
14,0.9942333698,0.0945265889,-0.0506581999,-0.0907465667,0.9932426214,0.0723433048,0.0571545139,-0.0673290938,0.9960914254,1,-526.6,388.9,1870.5,1,0.9942333698,0.0945265889,-0.0506581999,-0.0907465667,0.9932426214,0.0723433048,0.0571545139,-0.0673290938,0.9960914254,1,-546.3,181.5,1884.6,1,0.9943352342,0.0892813653,-0.0576866344,-0.0896438882,0.9959666133,-0.0037199615,0.0571221039,0.0088701211,0.9983267784,1,-564.1,-16.5,1882.8,1,0.2393460870,-0.9709341526,0.0007126006,0.9698899984,0.2391226143,0.0461935997,-0.0450213365,-0.0103651136,0.9989323020,1,-685.8,194.1,1876.6,1,-0.0093566952,-0.9993911386,-0.0336151421,0.9951003194,-0.0059970552,-0.0986890420,0.0984273627,-0.0343738422,0.9945504069,1,-744.5,-43.5,1887.6,1,0.1130963415,0.9893704653,0.0914075896,-0.9896141291,0.1039509550,0.0992885232,0.0887312368,-0.1016874164,0.9908513427,1,-406.9,168.9,1892.6,1,0.0063397940,0.9940207601,0.1090072393,-0.9975609779,0.0138644651,-0.0684104487,-0.0695127398,-0.1083076596,0.9916841388,1,-378.8,-76.3,1914.6,1,1.0000000000,-0.0000000000,0.0000000000,0.0000000000,1.0000000000,0.0000000000,-0.0000000000,-0.0000000000,1.0000000000,0,-673.1,-206.2,1875.8,1,1.0000000000,-0.0000000567,0.0000004080,0.0000000567,1.0000000000,0.0000001130,-0.0000004080,-0.0000001130,1.0000000000,0,-673.1,-603.8,1875.8,0,1.0000000000,0.0000000000,-0.0000000000,-0.0000000000,1.0000000000,0.0000000000,0.0000000000,-0.0000000000,1.0000000000,0,-490.6,-222.7,1886.3,1,1.0000000000,0.0000000118,-0.0000000995,-0.0000000118,1.0000000000,0.0000000627,0.0000000995,-0.0000000627,1.0000000000,0,-490.6,-620.3,1886.3,0,-742.0,-305.6,1861.7,1,-377.2,-336.5,1896.5,1,-673.1,-986.1,1875.8,0,-490.6,-1002.5,1886.3,0,
15,0.9945788383,0.0884331241,-0.0547171459,-0.0848122761,0.9942548275,0.0652952939,0.0601773262,-0.0603006519,0.9963636398,1,-525.6,388.7,1872.2,1,0.9945788383,0.0884331241,-0.0547171459,-0.0848122761,0.9942548275,0.0652952939,0.0601773262,-0.0603006519,0.9963636398,1,-544.1,181.3,1884.7,1,0.9942297935,0.0882650688,-0.0609741174,-0.0887438655,0.9960406423,-0.0051820762,0.0602755733,0.0105632292,0.9981248379,1,-561.6,-16.7,1882.6,1,0.2460493743,-0.9692559242,-0.0017060090,0.9681383371,0.2456803769,0.0484711714,-0.0465618335,-0.0135779548,0.9988231659,1,-683.6,193.7,1876.3,1,-0.0117368381,-0.9993073940,-0.0353122205,0.9959780574,-0.0085460711,-0.0891894996,0.0888259560,-0.0362170003,0.9953884482,1,-743.9,-43.6,1887.7,1,0.1116583273,0.9898711443,0.0876789466,-0.9895586371,0.1026624069,0.1011636108,0.0911376029,-0.0980592147,0.9909986854,1,-404.6,168.8,1893.2,1,0.0095476443,0.9944398999,0.1048731357,-0.9977896810,0.0163717568,-0.0644033998,-0.0657622591,-0.1040264294,0.9923980832,1,-377.2,-74.2,1915.6,1,1.0000000000,-0.0000000000,0.0000000000,0.0000000000,1.0000000000,0.0000000000,-0.0000000000,-0.0000000000,1.0000000000,0,-670.4,-206.6,1875.0,1,1.0000000000,-0.0000000510,0.0000003672,0.0000000510,1.0000000000,0.0000001017,-0.0000003672,-0.0000001017,1.0000000000,0,-670.4,-604.1,1875.0,0,1.0000000000,0.0000000000,-0.0000000000,-0.0000000000,1.0000000000,0.0000000000,0.0000000000,-0.0000000000,1.0000000000,0,-488.0,-222.9,1886.1,1,1.0000000000,0.0000000106,-0.0000000895,-0.0000000106,1.0000000000,0.0000000564,0.0000000895,-0.0000000564,1.0000000000,0,-488.0,-620.4,1886.1,0,-740.8,-305.9,1864.3,1,-374.7,-334.4,1898.4,1,-670.4,-986.4,1875.0,0,-488.0,-1002.7,1886.1,0,
16,0.9943634868,0.0882169306,-0.0588235147,-0.0833361447,0.9932382703,0.0808216706,0.0655558705,-0.0754640177,0.9949901700,1,-523.1,387.7,1867.5,1,0.9943634868,0.0882169306,-0.0588235147,-0.0833361447,0.9932382703,0.0808216706,0.0655558705,-0.0754640177,0.9949901700,1,-541.5,180.2,1883.2,1,0.9939529300,0.0880928040,-0.0655633658,-0.0879694149,0.9961113930,0.0047741937,0.0657292455,0.0010222364,0.9978359342,1,-559.0,-17.8,1883.0,1,0.2525820434,-0.9675626755,-0.0049766237,0.9656960368,0.2517676651,0.0635934696,-0.0602777191,-0.0208684746,0.9979634881,1,-680.9,192.6,1874.0,1,-0.0150714675,-0.9989621639,-0.0429823250,0.9960651398,-0.0112453569,-0.0879077017,0.0873331055,-0.0441380963,0.9952008724,1,-742.9,-44.5,1888.8,1,0.1174567267,0.9895452261,0.0836927965,-0.9884433746,0.1083600372,0.1060089394,0.0958316699,-0.0951770544,0.9908369184,1,-402.1,167.9,1892.4,1,0.0035628958,0.9946746826,0.1030021459,-0.9974767566,0.0108382972,-0.0701604337,-0.0709031746,-0.1024922729,0.9922036529,1,-373.2,-74.9,1916.0,1,1.0000000000,-0.0000000000,0.0000000000,0.0000000000,1.0000000000,0.0000000000,-0.0000000000,-0.0000000000,1.0000000000,0,-667.7,-207.7,1876.8,1,1.0000000000,-0.0000000459,0.0000003305,0.0000000459,1.0000000000,0.0000000915,-0.0000003305,-0.0000000915,1.0000000000,0,-667.7,-605.3,1876.8,0,1.0000000000,0.0000000000,-0.0000000000,-0.0000000000,1.0000000000,0.0000000000,0.0000000000,-0.0000000000,1.0000000000,0,-485.3,-223.8,1888.8,1,1.0000000000,0.0000000096,-0.0000000806,-0.0000000096,1.0000000000,0.0000000507,0.0000000806,-0.0000000507,1.0000000000,0,-485.3,-621.4,1888.8,0,-739.0,-306.7,1865.8,1,-372.3,-335.1,1897.5,1,-667.7,-987.5,1876.8,0,-485.3,-1003.7,1888.8,0,
17,0.9946694970,0.0879886225,-0.0537755005,-0.0831778497,0.9928199649,0.0859611109,0.0609532557,-0.0810299665,0.9948450923,1,-521.3,385.5,1865.6,1,0.9946694970,0.0879886225,-0.0537755005,-0.0831778497,0.9928199649,0.0859611109,0.0609532557,-0.0810299665,0.9948450923,1,-539.7,178.4,1882.5,1,0.9942467809,0.0882906839,-0.0606584102,-0.0879480317,0.9960901141,0.0083031608,0.0611545965,-0.0029206085,0.9981229901,1,-557.2,-19.6,1883.1,1,0.2508007288,-0.9680381417,-0.0009869668,0.9660970569,0.2502330244,0.0635596141,-0.0612811595,-0.0168943033,0.9979775548,1,-679.2,190.8,1873.9,1,-0.0081770075,-0.9992687106,-0.0373519920,0.9965902567,-0.0050767455,-0.0823541656,0.0821043178,-0.0378980413,0.9959028959,1,-740.3,-44.7,1888.9,1,0.1177137420,0.9891573787,0.0878131539,-0.9874544740,0.1072201878,0.1159201264,0.1052479148,-0.1003568769,0.9893691540,1,-400.2,166.1,1891.1,1,-0.0019913630,0.9939546585,0.1097730994,-0.9961625934,0.0076332577,-0.0871874318,-0.0874982774,-0.1095254794,0.9901254177,1,-371.3,-76.3,1916.9,1,1.0000000000,-0.0000000000,0.0000000000,0.0000000000,1.0000000000,0.0000000000,-0.0000000000,-0.0000000000,1.0000000000,0,-666.0,-209.5,1878.1,1,1.0000000000,-0.0000000413,0.0000002974,0.0000000413,1.0000000000,0.0000000824,-0.0000002974,-0.0000000824,1.0000000000,0,-666.0,-607.0,1878.1,0,1.0000000000,0.0000000000,-0.0000000000,-0.0000000000,1.0000000000,0.0000000000,0.0000000000,-0.0000000000,1.0000000000,0,-483.6,-225.6,1889.3,1,1.0000000000,0.0000000086,-0.0000000725,-0.0000000086,1.0000000000,0.0000000457,0.0000000725,-0.0000000457,1.0000000000,0,-483.6,-623.2,1889.3,0,-738.1,-307.1,1867.2,1,-371.8,-336.1,1894.1,1,-666.0,-989.3,1878.1,0,-483.6,-1005.5,1889.3,0,
18,0.9946784377,0.0925823450,-0.0452177115,-0.0875694752,0.9908723831,0.1024827361,0.0542933494,-0.0979776606,0.9937054515,1,-517.0,383.3,1859.7,1,0.9946784377,0.0925823450,-0.0452177115,-0.0875694752,0.9908723831,0.1024827361,0.0542933494,-0.0979776606,0.9937054515,1,-536.3,176.7,1880.1,1,0.9944818020,0.0907694176,-0.0526137501,-0.0897001326,0.9957177043,0.0223477241,0.0544172041,-0.0175049286,0.9983637929,1,-554.3,-21.2,1883.6,1,0.2616103292,-0.9651539922,0.0061587142,0.9624382854,0.2613436878,0.0735657513,-0.0726118088,-0.0133181792,0.9972714186,1,-675.8,189.3,1872.5,1,-0.0106882211,-0.9993116260,-0.0355247147,0.9962875247,-0.0076075103,-0.0857506916,0.0854214057,-0.0363093503,0.9956831336,1,-739.7,-45.7,1890.2,1,0.1208106279,0.9880563617,0.0956535041,-0.9852881432,0.1076196805,0.1327602714,0.1208804175,-0.1102851108,0.9865217805,1,-396.8,164.1,1887.8,1,-0.0144817270,0.9924677610,0.1216481701,-0.9942767024,-0.0014141910,-0.1068269461,-0.1058502644,-0.1224989817,0.9868078828,1,-367.0,-78.9,1917.6,1,1.0000000000,-0.0000000000,0.0000000000,0.0000000000,1.0000000000,0.0000000000,-0.0000000000,-0.0000000000,1.0000000000,0,-663.6,-210.9,1882.1,1,1.0000000000,-0.0000000372,0.0000002677,0.0000000372,1.0000000000,0.0000000741,-0.0000002677,-0.0000000741,1.0000000000,0,-663.6,-608.4,1882.1,0,1.0000000000,0.0000000000,-0.0000000000,-0.0000000000,1.0000000000,0.0000000000,0.0000000000,-0.0000000000,1.0000000000,0,-481.2,-227.3,1892.1,1,1.0000000000,0.0000000078,-0.0000000653,-0.0000000078,1.0000000000,0.0000000411,0.0000000653,-0.0000000411,1.0000000000,0,-481.2,-624.9,1892.1,0,-736.9,-308.0,1867.7,1,-370.8,-338.1,1890.0,1,-663.6,-990.7,1882.1,0,-481.2,-1007.2,1892.1,0,
19,0.9952054620,0.0917492509,-0.0339014083,-0.0876069888,0.9902591109,0.1082186624,0.0435004458,-0.1047297865,0.9935478568,1,-516.5,380.1,1857.2,1,0.9952054620,0.0917492509,-0.0339014083,-0.0876069888,0.9902591109,0.1082186624,0.0435004458,-0.1047297865,0.9935478568,1,-535.6,173.7,1879.1,1,0.9949790835,0.0912176967,-0.0411963463,-0.0900641605,0.9955120087,0.0290454682,0.0436611995,-0.0251892954,0.9987277389,1,-553.7,-24.2,1884.1,1,0.2584336400,-0.9659069777,0.0153508140,0.9632338881,0.2588613033,0.0719112828,-0.0734333396,-0.0037978701,0.9972928762,1,-675.2,186.3,1872.9,1,-0.0071556522,-0.9997131228,-0.0228603669,0.9971202016,-0.0054073329,-0.0756446198,0.0754993036,-0.0233358201,0.9968727827,1,-737.7,-46.8,1890.7,1,0.1281389445,0.9860404134,0.1063235402,-0.9831145406,0.1121686473,0.1445818245,0.1306373477,-0.1230547801,0.9837639332,1,-396.0,161.1,1885.2,1,-0.0198913235,0.9903690219,0.1370170265,-0.9917592406,-0.0021971483,-0.1280966252,-0.1265618652,-0.1384359151,0.9822513461,1,-364.3,-82.0,1917.5,1,1.0000000000,-0.0000000000,0.0000000000,0.0000000000,1.0000000000,0.0000000000,-0.0000000000,-0.0000000000,1.0000000000,0,-663.1,-213.8,1885.1,1,1.0000000000,-0.0000000335,0.0000002409,0.0000000335,1.0000000000,0.0000000667,-0.0000002409,-0.0000000667,1.0000000000,0,-663.1,-611.3,1885.1,0,1.0000000000,0.0000000000,-0.0000000000,-0.0000000000,1.0000000000,0.0000000000,0.0000000000,-0.0000000000,1.0000000000,0,-480.6,-230.3,1893.1,1,1.0000000000,0.0000000070,-0.0000000587,-0.0000000070,1.0000000000,0.0000000370,0.0000000587,-0.0000000370,1.0000000000,0,-480.6,-627.9,1893.1,0,-735.8,-309.4,1870.8,1,-369.5,-340.6,1884.5,1,-663.1,-993.6,1885.1,0,-480.6,-1010.1,1893.1,0,
20,0.9951879382,0.0941585079,-0.0271344520,-0.0899931416,0.9877954125,0.1271244437,0.0387734286,-0.1240707487,0.9915145040,1,-514.8,377.2,1851.0,1,0.9951879382,0.0941585079,-0.0271344520,-0.0899931416,0.9877954125,0.1271244437,0.0387734286,-0.1240707487,0.9915145040,1,-534.4,171.1,1876.9,1,0.9950933456,0.0925600082,-0.0349708796,-0.0909973234,0.9948821068,0.0439130217,0.0388567857,-0.0405152589,0.9984220862,1,-552.8,-26.6,1884.9,1,0.2561670542,-0.9663918614,0.0215719920,0.9625187516,0.2570700645,0.0864445865,-0.0890848488,-0.0013808068,0.9960231185,1,-674.0,183.9,1871.4,1,-0.0040039117,-0.9998195171,-0.0185704269,0.9975519776,-0.0026969449,-0.0698773414,0.0698146448,-0.0188047476,0.9973827004,1,-736.2,-50.0,1893.1,1,0.1347609609,0.9843269587,0.1137534231,-0.9816554785,0.1169974357,0.1505458355,0.1348774582,-0.1319543719,0.9820367098,1,-394.8,158.3,1882.3,1,-0.0183161050,0.9888814688,0.1475729048,-0.9904111624,0.0022692848,-0.1381319463,-0.1369310021,-0.1486878842,0.9793578386,1,-361.5,-84.4,1915.7,1,1.0000000000,-0.0000000000,0.0000000000,0.0000000000,1.0000000000,0.0000000000,-0.0000000000,-0.0000000000,1.0000000000,0,-662.5,-216.0,1889.4,1,1.0000000000,-0.0000000301,0.0000002168,0.0000000301,1.0000000000,0.0000000601,-0.0000002168,-0.0000000601,1.0000000000,0,-662.5,-613.6,1889.4,0,1.0000000000,0.0000000000,-0.0000000000,-0.0000000000,1.0000000000,0.0000000000,0.0000000000,-0.0000000000,1.0000000000,0,-479.9,-232.7,1896.6,1,1.0000000000,0.0000000063,-0.0000000529,-0.0000000063,1.0000000000,0.0000000333,0.0000000529,-0.0000000333,1.0000000000,0,-479.9,-630.3,1896.6,0,-735.2,-312.6,1874.7,1,-366.3,-342.7,1880.0,1,-662.5,-995.8,1889.4,0,-479.9,-1012.5,1896.6,0,
21,0.9949487448,0.0957134813,-0.0302811880,-0.0902753398,0.9849808812,0.1471806318,0.0439138636,-0.1437035054,0.9886449575,1,-511.6,375.8,1844.4,1,0.9949487448,0.0957134813,-0.0302811880,-0.0902753398,0.9849808812,0.1471806318,0.0439138636,-0.1437035054,0.9886449575,1,-531.7,169.7,1874.5,1,0.9947237372,0.0949968249,-0.0387474224,-0.0926104039,0.9939328432,0.0593304373,0.0441488288,-0.0554289185,0.9974850416,1,-550.5,-27.8,1885.5,1,0.2645649612,-0.9641658664,0.0197352003,0.9581009746,0.2651198804,0.1084159389,-0.1097631529,-0.0097747445,0.9939096570,1,-671.2,182.7,1868.3,1,-0.0111397961,-0.9995229840,-0.0288055055,0.9972087145,-0.0089778183,-0.0741235018,0.0738295466,-0.0295508206,0.9968329668,1,-735.8,-51.4,1895.1,1,0.1330230087,0.9847395420,0.1122176722,-0.9817668796,0.1154088378,0.1510450542,0.1357891411,-0.1302640587,0.9821367264,1,-392.1,156.7,1880.7,1,-0.0017394410,0.9889842868,0.1480098963,-0.9863424301,0.0226803292,-0.1631389111,-0.1646987647,-0.1462722123,0.9754376411,1,-359.2,-86.5,1914.3,1,1.0000000000,-0.0000000000,0.0000000000,0.0000000000,1.0000000000,0.0000000000,-0.0000000000,-0.0000000000,1.0000000000,0,-660.7,-216.9,1892.4,1,1.0000000000,-0.0000000271,0.0000001951,0.0000000271,1.0000000000,0.0000000541,-0.0000001951,-0.0000000541,1.0000000000,0,-660.7,-614.4,1892.4,0,1.0000000000,0.0000000000,-0.0000000000,-0.0000000000,1.0000000000,0.0000000000,0.0000000000,-0.0000000000,1.0000000000,0,-478.2,-233.9,1900.5,1,1.0000000000,0.0000000057,-0.0000000476,-0.0000000057,1.0000000000,0.0000000300,0.0000000476,-0.0000000300,1.0000000000,0,-478.2,-631.4,1900.5,0,-732.9,-314.0,1875.6,1,-359.6,-343.6,1871.4,1,-660.7,-996.7,1892.4,0,-478.2,-1013.7,1900.5,0,
22,0.9945199490,0.0980211943,-0.0363704786,-0.0911584422,0.9833101630,0.1574497223,0.0511971638,-0.1532713771,0.9868559837,1,-508.4,373.7,1840.6,1,0.9945199490,0.0980211943,-0.0363704786,-0.0911584422,0.9833101630,0.1574497223,0.0511971638,-0.1532713771,0.9868559837,1,-528.9,167.7,1872.7,1,0.9943711162,0.0959043056,-0.0450491458,-0.0926758870,0.9933028817,0.0689912215,0.0513642877,-0.0644278377,0.9965985417,1,-548.0,-29.8,1885.5,1,0.2637078762,-0.9644692540,0.0160376765,0.9562125802,0.2635661662,0.1272411048,-0.1269471198,-0.0182190556,0.9917421937,1,-668.4,180.7,1865.5,1,-0.0108636916,-0.9992122054,-0.0381667502,0.9969447851,-0.0078707058,-0.0777114704,0.0773498565,-0.0388943739,0.9962450266,1,-733.0,-53.7,1896.6,1,0.1280471683,0.9858387113,0.1082868576,-0.9832783341,0.1119363084,0.1436451077,0.1294896603,-0.1248694658,0.9836870432,1,-389.4,154.7,1879.9,1,0.0380085893,0.9888802171,0.1437749565,-0.9810928106,0.0642521381,-0.1825610697,-0.1897688955,-0.1341176927,0.9726254344,1,-357.8,-88.0,1911.9,1,1.0000000000,-0.0000000000,0.0000000000,0.0000000000,1.0000000000,0.0000000000,-0.0000000000,-0.0000000000,1.0000000000,0,-658.3,-218.7,1893.6,1,1.0000000000,-0.0000000244,0.0000001756,0.0000000244,1.0000000000,0.0000000486,-0.0000001756,-0.0000000486,1.0000000000,0,-658.3,-616.2,1893.6,0,1.0000000000,0.0000000000,-0.0000000000,-0.0000000000,1.0000000000,0.0000000000,0.0000000000,-0.0000000000,1.0000000000,0,-475.8,-235.7,1903.0,1,1.0000000000,0.0000000051,-0.0000000428,-0.0000000051,1.0000000000,0.0000000270,0.0000000428,-0.0000000270,1.0000000000,0,-475.8,-633.3,1903.0,0,-730.2,-316.2,1876.2,1,-347.9,-343.5,1862.4,1,-658.3,-998.5,1893.6,0,-475.8,-1015.5,1903.0,0,
23,0.9947851896,0.0959303677,-0.0346536040,-0.0890172049,0.9824044108,0.1641849726,0.0497944653,-0.1602439433,0.9858196378,1,-506.0,373.6,1838.2,1,0.9947851896,0.0959303677,-0.0346536040,-0.0890172049,0.9824044108,0.1641849726,0.0497944653,-0.1602439433,0.9858196378,1,-526.1,167.6,1871.8,1,0.9944515824,0.0958318263,-0.0433969460,-0.0924532413,0.9929541349,0.0741190985,0.0501944311,-0.0696955845,0.9963036776,1,-545.1,-29.8,1885.6,1,0.2504344285,-0.9679898620,0.0166771933,0.9595472813,0.2504656613,0.1285918206,-0.1286526471,-0.0162012633,0.9915573597,1,-665.6,180.6,1864.7,1,-0.0007677102,-0.9994528294,-0.0330703370,0.9975168705,0.0015635757,-0.0704112500,0.0704244301,-0.0330422744,0.9969697595,1,-727.1,-55.3,1896.4,1,0.1289328635,0.9853888750,0.1112885401,-0.9839179516,0.1131289899,0.1382290870,0.1236194372,-0.1273210645,0.9841278195,1,-386.6,154.6,1878.8,1,0.0625425428,0.9867824316,0.1494954377,-0.9713174701,0.0946121365,-0.2181532979,-0.2294139117,-0.1315636635,0.9643963575,1,-354.6,-89.3,1909.5,1,1.0000000000,-0.0000000000,0.0000000000,0.0000000000,1.0000000000,0.0000000000,-0.0000000000,-0.0000000000,1.0000000000,0,-655.4,-218.6,1894.9,1,1.0000000000,-0.0000000220,0.0000001581,0.0000000220,1.0000000000,0.0000000438,-0.0000001581,-0.0000000438,1.0000000000,0,-655.4,-616.2,1894.9,0,1.0000000000,0.0000000000,-0.0000000000,-0.0000000000,1.0000000000,0.0000000000,0.0000000000,-0.0000000000,1.0000000000,0,-472.9,-235.6,1904.1,1,1.0000000000,0.0000000046,-0.0000000385,-0.0000000046,1.0000000000,0.0000000243,0.0000000385,-0.0000000243,1.0000000000,0,-472.9,-633.2,1904.1,0,-726.9,-317.9,1877.8,1,-338.3,-342.2,1849.7,1,-655.4,-998.5,1894.9,0,-472.9,-1015.4,1904.1,0,
