1,0.9189968705,0.2299766392,0.3202417791,-0.1973821521,0.9715014696,-0.1312417090,-0.3412977159,0.0574007407,0.9382010102,1,-480.0,410.8,2049.6,1,0.9189968705,0.2299766392,0.3202417791,-0.1973821521,0.9715014696,-0.1312417090,-0.3412977159,0.0574007407,0.9382010102,1,-526.1,216.0,2038.0,1,0.9176341295,0.2305526435,0.3237166405,-0.2031338215,0.9721861482,-0.1165759191,-0.3415895402,0.0412162878,0.9389451146,1,-570.5,28.7,2030.1,1,-0.0000013113,-1.0000003576,0.0000017192,1.0000003576,-0.0000013113,0.0000002856,-0.0000002856,0.0000017192,1.0000000000,0,-650.8,243.5,2084.4,1,0.0001173019,-0.9999987483,0.0010725308,0.9999993443,0.0001171827,-0.0001531620,0.0001530369,0.0010725486,0.9999994040,0,-650.8,-8.4,2084.4,0,0.2481722087,0.9195772409,0.3046116233,-0.9459340572,0.1622488499,0.2808631957,0.2088525146,-0.3578449488,0.9101250768,1,-401.4,188.4,1991.6,1,-0.1032514498,0.9246878028,0.3664582670,-0.9945673943,-0.1008772552,-0.0256797709,0.0132215358,-0.3671189249,0.9300800562,1,-340.2,-45.3,2043.2,1,1.0000000000,0.0000000000,0.0000000000,-0.0000000000,1.0000000000,0.0000000000,-0.0000000000,-0.0000000000,1.0000000000,0,-696.5,-140.5,2052.5,1,1.0000000000,0.0000026972,0.0000088149,-0.0000026973,1.0000000000,0.0000065897,-0.0000088148,-0.0000065897,1.0000000000,0,-696.5,-525.9,2052.5,0,1.0000000000,-0.0000000000,0.0000000000,0.0000000000,1.0000000000,0.0000000001,-0.0000000000,-0.0000000001,1.0000000000,0,-533.3,-176.7,1991.8,1,1.0000000000,-0.0000032710,0.0000074343,0.0000032709,1.0000000000,0.0000104973,-0.0000074343,-0.0000104973,1.0000000000,0,-533.3,-562.0,1991.8,0,-650.8,-260.4,2084.4,0,-366.2,-295.8,2046.5,1,-696.5,-896.5,2052.5,0,-533.3,-932.6,1991.8,0,
2,0.9175231457,0.2332184762,0.3221176863,-0.1992081106,0.9705736041,-0.1352850348,-0.3441897631,0.0599587262,0.9369835854,1,-480.8,410.5,2051.6,1,0.9175231457,0.2332184762,0.3221176863,-0.1992081106,0.9705736041,-0.1352850348,-0.3441897631,0.0599587262,0.9369835854,1,-527.6,215.6,2039.6,1,0.9167241454,0.2307474613,0.3261470199,-0.2025536299,0.9720849991,-0.1184140071,-0.3443661928,0.0424907617,0.9378733635,1,-572.0,28.4,2031.4,1,-0.0000016689,-1.0000003576,0.0000013754,1.0000003576,-0.0000016689,0.0000002285,-0.0000002285,0.0000013754,1.0000000000,0,-652.1,243.2,2086.4,1,0.0001067519,-0.9999989867,0.0009652779,0.9999994636,0.0001066327,-0.0001378407,0.0001377382,0.0009652925,0.9999995232,0,-652.1,-8.8,2086.4,0,0.2527353466,0.9169411659,0.3087780774,-0.9471707344,0.1693446338,0.2723784745,0.1974650919,-0.3613052368,0.9112991691,1,-403.0,188.1,1992.8,1,-0.1135630608,0.9219846129,0.3701996207,-0.9933174849,-0.1130813137,-0.0230820123,0.0205814000,-0.3703470230,0.9286654592,1,-340.7,-45.7,2041.6,1,1.0000000000,0.0000000000,0.0000000000,-0.0000000000,1.0000000000,0.0000000000,-0.0000000000,-0.0000000000,1.0000000000,0,-698.0,-140.9,2053.9,1,1.0000000000,0.0000024275,0.0000079334,-0.0000024275,1.0000000000,0.0000059307,-0.0000079334,-0.0000059307,1.0000000000,0,-698.0,-526.3,2053.9,0,1.0000000000,-0.0000000000,0.0000000000,0.0000000000,1.0000000000,0.0000000000,-0.0000000000,-0.0000000000,1.0000000000,0,-535.0,-176.9,1992.6,1,1.0000000000,-0.0000029439,0.0000066909,0.0000029438,1.0000000000,0.0000094476,-0.0000066909,-0.0000094476,1.0000000000,0,-535.0,-562.3,1992.6,0,-652.1,-260.8,2086.3,0,-369.3,-295.9,2046.7,1,-698.0,-896.8,2053.9,0,-535.0,-932.8,1992.6,0,
3,0.9150626063,0.2344094962,0.3281950355,-0.2035343051,0.9709275961,-0.1259861887,-0.3481858075,0.0484863333,0.9361706972,1,-478.2,408.8,2047.2,1,0.9150626063,0.2344094962,0.3281950355,-0.2035343051,0.9709275961,-0.1259861887,-0.3481858075,0.0484863333,0.9361706972,1,-525.4,213.4,2037.4,1,0.9148329496,0.2297917306,0.3320781291,-0.2044960260,0.9726974368,-0.1097276211,-0.3482258916,0.0324738175,0.9368479848,1,-569.7,25.9,2031.2,1,-0.0000020266,-1.0000003576,0.0000011003,1.0000003576,-0.0000020266,0.0000001828,-0.0000001828,0.0000011003,1.0000000000,0,-649.7,241.1,2084.7,1,0.0000972152,-0.9999990463,0.0008687502,0.9999994040,0.0000970960,-0.0001240523,0.0001239685,0.0008687621,0.9999996424,0,-649.7,-10.8,2084.7,0,0.2465163767,0.9168901443,0.3139143884,-0.9464876652,0.1581543982,0.2813331187,0.2083046138,-0.3664693236,0.9068128467,1,-401.1,185.6,1990.1,1,-0.1132540628,0.9205700159,0.3737974465,-0.9932262301,-0.1147362515,-0.0183633473,0.0259833671,-0.3733451664,0.9273286462,1,-340.8,-46.1,2041.1,1,1.0000000000,0.0000000000,0.0000000000,-0.0000000000,1.0000000000,0.0000000000,-0.0000000000,-0.0000000000,1.0000000000,0,-695.3,-143.3,2055.9,1,1.0000000000,0.0000021847,0.0000071400,-0.0000021848,1.0000000000,0.0000053376,-0.0000071400,-0.0000053377,1.0000000000,0,-695.3,-528.6,2055.9,0,1.0000000000,-0.0000000000,0.0000000000,0.0000000000,1.0000000000,0.0000000000,-0.0000000000,-0.0000000000,1.0000000000,0,-532.6,-179.6,1993.9,1,1.0000000000,-0.0000026495,0.0000060218,0.0000026495,1.0000000000,0.0000085028,-0.0000060218,-0.0000085028,1.0000000000,0,-532.6,-565.0,1993.9,0,-649.7,-262.8,2084.7,0,-369.3,-296.4,2047.6,1,-695.3,-899.2,2055.9,0,-532.6,-935.6,1993.9,0,
4,0.9140377641,0.2357772738,0.3300658464,-0.2008002549,0.9700253606,-0.1368543357,-0.3524392545,0.0588127449,0.9339848161,1,-479.2,409.6,2050.4,1,0.9140377641,0.2357772738,0.3300658464,-0.2008002549,0.9700253606,-0.1368543357,-0.3524392545,0.0588127449,0.9339848161,1,-526.7,214.1,2038.6,1,0.9139350057,0.2289562970,0.3351137638,-0.2012297809,0.9726802707,-0.1157527193,-0.3524607420,0.0383556187,0.9350402355,1,-570.8,26.7,2031.2,1,-0.0000021458,-1.0000003576,0.0000008803,1.0000003576,-0.0000021458,0.0000001462,-0.0000001462,0.0000008803,1.0000000000,0,-650.9,241.4,2086.5,1,0.0000887513,-0.9999990463,0.0007818750,0.9999994040,0.0000886917,-0.0001116437,0.0001115748,0.0007818849,0.9999997020,0,-650.9,-10.5,2086.5,0,0.2541460693,0.9142177701,0.3156196773,-0.9457922578,0.1666970998,0.2787277102,0.2022049278,-0.3693481982,0.9070254564,1,-402.6,186.8,1990.7,1,-0.1122711301,0.9194766879,0.3767727017,-0.9932065606,-0.1155118495,-0.0140614295,0.0305925533,-0.3757918179,0.9261989594,1,-339.5,-47.9,2040.9,1,1.0000000000,0.0000000000,0.0000000000,-0.0000000000,1.0000000000,0.0000000000,-0.0000000000,-0.0000000000,1.0000000000,0,-696.2,-142.8,2055.2,1,1.0000000000,0.0000019663,0.0000064260,-0.0000019663,1.0000000000,0.0000048039,-0.0000064260,-0.0000048039,1.0000000000,0,-696.2,-528.2,2055.2,0,1.0000000000,-0.0000000000,0.0000000000,0.0000000000,1.0000000000,0.0000000000,-0.0000000000,-0.0000000000,1.0000000000,0,-533.7,-178.6,1992.5,1,1.0000000000,-0.0000023846,0.0000054196,0.0000023845,1.0000000000,0.0000076526,-0.0000054196,-0.0000076526,1.0000000000,0,-533.7,-564.0,1992.5,0,-650.9,-262.5,2086.4,0,-367.8,-298.2,2048.6,1,-696.2,-898.7,2055.2,0,-533.7,-934.5,1992.5,0,
5,0.9198225737,0.2249845266,0.3214151561,-0.1943129748,0.9729471803,-0.1249617040,-0.3408343196,0.0524874963,0.9386569262,1,-477.8,408.3,2046.6,1,0.9198225737,0.2249845266,0.3214151561,-0.1943129748,0.9729471803,-0.1249617040,-0.3408343196,0.0524874963,0.9386569262,1,-523.2,212.3,2036.0,1,0.9201399088,0.2182507664,0.3251284063,-0.1929182261,0.9751814008,-0.1086411327,-0.3407700658,0.0372418836,0.9394087195,1,-565.2,24.5,2028.8,1,-0.0000023842,-1.0000003576,0.0000007042,1.0000003576,-0.0000023842,0.0000001170,-0.0000001170,0.0000007042,1.0000000000,0,-648.1,238.5,2082.3,1,0.0000811815,-0.9999991059,0.0007036874,0.9999993443,0.0000811219,-0.0001004766,0.0001004199,0.0007036955,0.9999997616,0,-648.1,-13.4,2082.3,0,0.2355373800,0.9228196144,0.3048381209,-0.9496521950,0.1518607736,0.2740421891,0.2065985352,-0.3540373743,0.9121264815,1,-398.2,186.1,1989.7,1,-0.1118701100,0.9261147380,0.3602726758,-0.9933409691,-0.1142686754,-0.0147089986,0.0275456645,-0.3595191240,0.9327310324,1,-340.4,-46.9,2040.4,1,1.0000000000,0.0000000000,0.0000000000,-0.0000000000,1.0000000000,0.0000000000,-0.0000000000,-0.0000000000,1.0000000000,0,-689.1,-146.3,2052.0,1,1.0000000000,0.0000017696,0.0000057834,-0.0000017697,1.0000000000,0.0000043235,-0.0000057834,-0.0000043235,1.0000000000,0,-689.1,-531.6,2052.0,0,1.0000000000,-0.0000000000,0.0000000000,0.0000000000,1.0000000000,0.0000000000,-0.0000000000,-0.0000000000,1.0000000000,0,-525.4,-180.6,1991.4,1,1.0000000000,-0.0000021461,0.0000048776,0.0000021461,1.0000000000,0.0000068873,-0.0000048777,-0.0000068873,1.0000000000,0,-525.4,-566.0,1991.4,0,-648.2,-265.4,2082.3,0,-368.6,-297.2,2047.4,1,-689.1,-902.2,2052.0,0,-525.4,-936.5,1991.4,0,
6,0.9155186415,0.2264787108,0.3324638605,-0.1950352788,0.9727258682,-0.1255573928,-0.3518322110,0.0501079857,0.9347209930,1,-477.5,408.2,2044.7,1,0.9155186415,0.2264787108,0.3324638605,-0.1950352788,0.9727258682,-0.1255573928,-0.3518322110,0.0501079857,0.9347209930,1,-523.0,212.6,2034.6,1,0.9163941741,0.2171925753,0.3362267017,-0.1911908686,0.9754776359,-0.1090344861,-0.3516630232,0.0356351286,0.9354481697,1,-564.9,24.6,2027.7,1,-0.0000025034,-1.0000003576,0.0000005634,1.0000003576,-0.0000025034,0.0000000936,-0.0000000936,0.0000005634,1.0000000000,0,-647.5,238.6,2082.3,1,0.0000745058,-0.9999989867,0.0006333184,0.9999992251,0.0000744462,-0.0000904267,0.0000903800,0.0006333251,0.9999998212,0,-647.5,-13.4,2082.3,0,0.2372398973,0.9202327132,0.3112699986,-0.9461947680,0.1463010907,0.2886371911,0.2200742513,-0.3629983068,0.9054278135,1,-398.5,186.6,1986.8,1,-0.0986799747,0.9241912365,0.3689618409,-0.9948481917,-0.1002745181,-0.0149033256,0.0232239477,-0.3685316741,0.9293250442,1,-339.8,-47.7,2041.3,1,1.0000000000,0.0000000000,0.0000000000,-0.0000000000,1.0000000000,0.0000000000,-0.0000000000,-0.0000000000,1.0000000000,0,-688.2,-146.3,2052.1,1,1.0000000000,0.0000015927,0.0000052051,-0.0000015927,1.0000000000,0.0000038911,-0.0000052051,-0.0000038912,1.0000000000,0,-688.2,-531.7,2052.1,0,1.0000000000,-0.0000000000,0.0000000000,0.0000000000,1.0000000000,0.0000000000,-0.0000000000,-0.0000000000,1.0000000000,0,-525.2,-180.3,1989.6,1,1.0000000000,-0.0000019315,0.0000043899,0.0000019315,1.0000000000,0.0000061986,-0.0000043899,-0.0000061986,1.0000000000,0,-525.2,-565.7,1989.6,0,-647.5,-265.4,2082.3,0,-364.6,-298.3,2047.2,1,-688.2,-902.2,2052.1,0,-525.2,-936.2,1989.6,0,
7,0.9175503850,0.2331382036,0.3220980465,-0.1996058077,0.9706737399,-0.1339739710,-0.3438864648,0.0586352609,0.9371787310,1,-478.0,409.5,2049.2,1,0.9175503850,0.2331382036,0.3220980465,-0.1996058077,0.9706737399,-0.1339739710,-0.3438864648,0.0586352609,0.9371787310,1,-524.8,214.9,2037.4,1,0.9176532030,0.2270678133,0.3261166215,-0.1991714686,0.9729544520,-0.1170019731,-0.3438639045,0.0424141474,0.9380611181,1,-568.5,27.4,2029.2,1,-0.0000026226,-1.0000003576,0.0000004507,1.0000003576,-0.0000026226,0.0000000749,-0.0000000749,0.0000004507,1.0000000000,0,-649.4,241.9,2084.1,1,0.0000686049,-0.9999989867,0.0005699863,0.9999991059,0.0000685453,-0.0000813822,0.0000813436,0.0005699918,0.9999998212,0,-649.4,-10.1,2084.1,0,0.2509433031,0.9185537100,0.3054286838,-0.9452552795,0.1645300239,0.2818197608,0.2086143792,-0.3594288528,0.9095554352,1,-400.1,187.8,1990.7,1,-0.0962172821,0.9255329370,0.3662390411,-0.9950442910,-0.0987115726,-0.0119584315,0.0250841081,-0.3655746877,0.9304439425,1,-338.3,-45.1,2042.1,1,1.0000000000,0.0000000000,0.0000000000,-0.0000000000,1.0000000000,0.0000000000,-0.0000000000,-0.0000000000,1.0000000000,0,-693.9,-142.3,2051.6,1,1.0000000000,0.0000014334,0.0000046846,-0.0000014334,1.0000000000,0.0000035020,-0.0000046846,-0.0000035020,1.0000000000,0,-693.9,-527.7,2051.6,0,1.0000000000,-0.0000000000,0.0000000000,0.0000000000,1.0000000000,0.0000000000,-0.0000000000,-0.0000000000,1.0000000000,0,-530.7,-177.8,1990.5,1,1.0000000000,-0.0000017383,0.0000039509,0.0000017383,1.0000000000,0.0000055787,-0.0000039509,-0.0000055787,1.0000000000,0,-530.7,-563.1,1990.5,0,-649.5,-262.0,2084.1,0,-362.5,-295.8,2048.4,1,-693.9,-898.3,2051.6,0,-530.7,-933.7,1990.5,0,
8,0.9223068953,0.2252763510,0.3140061498,-0.1962164938,0.9729775786,-0.1217078045,-0.3329387009,0.0506388061,0.9415878057,1,-477.6,409.2,2045.9,1,0.9223068953,0.2252763510,0.3140061498,-0.1962164938,0.9729775786,-0.1217078045,-0.3329387009,0.0506388061,0.9415878057,1,-522.8,213.8,2035.8,1,0.9219216108,0.2230653167,0.3167043030,-0.1978894770,0.9740333557,-0.1099904403,-0.3330155015,0.0387301520,0.9421256185,1,-565.8,26.1,2028.3,1,-0.0000026226,-1.0000003576,0.0000003606,1.0000003576,-0.0000026226,0.0000000599,-0.0000000599,0.0000003606,1.0000000000,0,-648.0,240.7,2081.0,1,0.0000635386,-0.9999989867,0.0005129874,0.9999991059,0.0000635386,-0.0000732426,0.0000732105,0.0005129919,0.9999998808,0,-648.0,-11.3,2081.0,0,0.2356059253,0.9246687889,0.2991281450,-0.9498843551,0.1540340781,0.2720169127,0.2054495811,-0.3482259512,0.9146197438,1,-397.6,186.9,1990.5,1,-0.1001043543,0.9298049212,0.3541776240,-0.9946615696,-0.1024782062,-0.0120990714,0.0250457097,-0.3534980416,0.9350998998,1,-339.9,-45.6,2040.8,1,1.0000000000,0.0000000000,0.0000000000,-0.0000000000,1.0000000000,0.0000000000,-0.0000000000,-0.0000000000,1.0000000000,0,-690.7,-143.9,2050.5,1,1.0000000000,0.0000012901,0.0000042161,-0.0000012901,1.0000000000,0.0000031518,-0.0000042161,-0.0000031518,1.0000000000,0,-690.7,-529.3,2050.5,0,1.0000000000,-0.0000000000,0.0000000000,0.0000000000,1.0000000000,0.0000000000,-0.0000000000,-0.0000000000,1.0000000000,0,-526.8,-179.1,1991.2,1,1.0000000000,-0.0000015645,0.0000035558,0.0000015645,1.0000000000,0.0000050208,-0.0000035558,-0.0000050208,1.0000000000,0,-526.8,-564.5,1991.2,0,-648.1,-263.3,2081.0,0,-365.1,-296.2,2047.1,1,-690.7,-899.9,2050.5,0,-526.8,-935.1,1991.2,0,
9,0.9272782803,0.2209910601,0.3021874726,-0.1895769387,0.9732220173,-0.1299947351,-0.3228230178,0.0632535741,0.9443432689,1,-478.0,410.3,2049.8,1,0.9272782803,0.2209910601,0.3021874726,-0.1895769387,0.9732220173,-0.1299947351,-0.3228230178,0.0632535741,0.9443432689,1,-522.2,215.5,2037.2,1,0.9270882607,0.2182713300,0.3047362864,-0.1904192716,0.9745006561,-0.1186929867,-0.3228728771,0.0520112589,0.9450120926,1,-564.3,27.8,2027.2,1,-0.0000026226,-1.0000003576,0.0000002884,1.0000003576,-0.0000026226,0.0000000479,-0.0000000479,0.0000002884,1.0000000000,0,-648.2,241.4,2081.0,1,0.0000588298,-0.9999989867,0.0004616883,0.9999991059,0.0000588298,-0.0000659172,0.0000658904,0.0004616922,0.9999998808,0,-648.2,-10.6,2081.0,0,0.2275305092,0.9296854734,0.2896806300,-0.9560441971,0.1567712128,0.2477947772,0.1849575937,-0.3333283663,0.9244906902,1,-396.3,189.7,1993.3,1,-0.1066758037,0.9347053170,0.3390368521,-0.9939140081,-0.1096676439,-0.0103812674,0.0274779480,-0.3380809128,0.9407157898,1,-339.7,-48.0,2039.3,1,1.0000000000,0.0000000000,0.0000000000,-0.0000000000,1.0000000000,0.0000000000,-0.0000000000,-0.0000000000,1.0000000000,0,-688.8,-143.0,2045.9,1,1.0000000000,0.0000011611,0.0000037945,-0.0000011611,1.0000000000,0.0000028366,-0.0000037945,-0.0000028366,1.0000000000,0,-688.8,-528.4,2045.9,0,1.0000000000,-0.0000000000,0.0000000000,0.0000000000,1.0000000000,0.0000000000,-0.0000000000,-0.0000000000,1.0000000000,0,-523.9,-176.9,1988.4,1,1.0000000000,-0.0000014080,0.0000032002,0.0000014080,1.0000000000,0.0000045188,-0.0000032002,-0.0000045188,1.0000000000,0,-523.9,-562.2,1988.4,0,-648.2,-262.5,2081.0,0,-366.6,-298.4,2046.2,1,-688.8,-898.9,2045.9,0,-523.9,-932.8,1988.4,0,
10,0.9271670580,0.2289419621,0.2965570986,-0.2015322149,0.9720592499,-0.1203515828,-0.3158245385,0.0518202558,0.9474014044,1,-477.6,408.7,2046.3,1,0.9271670580,0.2289419621,0.2965570986,-0.2015322149,0.9720592499,-0.1203515828,-0.3158245385,0.0518202558,0.9474014044,1,-523.4,214.1,2035.9,1,0.9274286032,0.2245228142,0.2991068661,-0.2004098743,0.9735830426,-0.1094115376,-0.3157706857,0.0415274687,0.9479262829,1,-566.7,26.6,2027.9,1,-0.0000026226,-1.0000003576,0.0000002308,1.0000003576,-0.0000026226,0.0000000383,-0.0000000383,0.0000002308,1.0000000000,0,-649.4,241.4,2078.8,1,0.0000547767,-0.9999989867,0.0004155192,0.9999991059,0.0000547767,-0.0000593246,0.0000593022,0.0004155224,0.9999999404,0,-649.4,-10.6,2078.8,0,0.2352934331,0.9284862280,0.2873159051,-0.9533826113,0.1630221158,0.2539397180,0.1889406294,-0.3336723447,0.9235606790,1,-397.4,186.9,1993.0,1,-0.0921974331,0.9364657998,0.3384250700,-0.9952354431,-0.0974914655,-0.0013613977,0.0317186527,-0.3369381428,0.9409923553,1,-339.8,-46.6,2039.3,1,1.0000000000,0.0000000000,0.0000000000,-0.0000000000,1.0000000000,0.0000000000,-0.0000000000,-0.0000000000,1.0000000000,0,-692.4,-143.2,2048.0,1,1.0000000000,0.0000010450,0.0000034151,-0.0000010450,1.0000000000,0.0000025530,-0.0000034151,-0.0000025530,1.0000000000,0,-692.4,-528.5,2048.0,0,1.0000000000,-0.0000000000,0.0000000000,0.0000000000,1.0000000000,0.0000000000,-0.0000000000,-0.0000000000,1.0000000000,0,-527.5,-178.8,1991.8,1,1.0000000000,-0.0000012672,0.0000028802,0.0000012672,1.0000000000,0.0000040669,-0.0000028802,-0.0000040669,1.0000000000,0,-527.5,-564.2,1991.8,0,-649.4,-262.6,2078.8,0,-363.0,-297.3,2047.3,1,-692.4,-899.1,2048.0,0,-527.5,-934.7,1991.8,0,
11,0.9270350933,0.2290570587,0.2968804240,-0.1983906031,0.9714583158,-0.1300333589,-0.3181920350,0.0616472401,0.9460197687,1,-477.6,410.6,2050.0,1,0.9270350933,0.2290570587,0.2968804240,-0.1983906031,0.9714583158,-0.1300333589,-0.3181920350,0.0616472401,0.9460197687,1,-523.5,215.8,2037.6,1,0.9270938635,0.2252094597,0.2996279895,-0.1981391758,0.9730114341,-0.1182726175,-0.3181775510,0.0502818264,0.9466966987,1,-566.9,28.3,2027.9,1,-0.0000026226,-1.0000003576,0.0000001846,1.0000003576,-0.0000026226,0.0000000307,-0.0000000307,0.0000001846,1.0000000000,0,-649.5,242.7,2080.9,1,0.0000511408,-0.9999989867,0.0003739670,0.9999991059,0.0000510812,-0.0000533914,0.0000533726,0.0003739697,0.9999999404,0,-649.5,-9.3,2080.9,0,0.2362398207,0.9283463359,0.2869911492,-0.9540675282,0.1656046808,0.2496602386,0.1842440814,-0.3327886164,0.9248275757,1,-397.6,188.9,1994.4,1,-0.1022080109,0.9351877570,0.3390831947,-0.9944254756,-0.1049338579,-0.0103378389,0.0259134900,-0.3382495642,0.9406995773,1,-338.8,-48.3,2040.2,1,1.0000000000,0.0000000000,0.0000000000,-0.0000000000,1.0000000000,0.0000000000,-0.0000000000,-0.0000000000,1.0000000000,0,-692.7,-141.5,2046.5,1,1.0000000000,0.0000009405,0.0000030735,-0.0000009405,1.0000000000,0.0000022977,-0.0000030735,-0.0000022977,1.0000000000,0,-692.7,-526.9,2046.5,0,1.0000000000,-0.0000000000,0.0000000000,0.0000000000,1.0000000000,0.0000000000,-0.0000000000,-0.0000000000,1.0000000000,0,-527.9,-176.8,1990.0,1,1.0000000000,-0.0000011405,0.0000025922,0.0000011405,1.0000000000,0.0000036602,-0.0000025922,-0.0000036602,1.0000000000,0,-527.9,-562.1,1990.0,0,-649.5,-261.2,2080.8,0,-364.6,-298.8,2046.7,1,-692.7,-897.4,2046.6,0,-527.9,-932.7,1990.0,0,
12,0.9303265810,0.2247577459,0.2897855639,-0.1983098090,0.9730082750,-0.1180123836,-0.3084878922,0.0523227863,0.9497880936,1,-476.1,409.2,2046.4,1,0.9303265810,0.2247577459,0.2897855639,-0.1983098090,0.9730082750,-0.1180123836,-0.3084878922,0.0523227863,0.9497880936,1,-521.4,213.3,2035.8,1,0.9298463464,0.2236738205,0.2921559215,-0.2003947198,0.9737745523,-0.1077218354,-0.3085884750,0.0416182950,0.9502846003,1,-564.5,25.7,2027.8,1,-0.0000026226,-1.0000003576,0.0000001477,1.0000003576,-0.0000026226,0.0000000245,-0.0000000245,0.0000001477,1.0000000000,0,-647.7,240.5,2077.7,1,0.0000479221,-0.9999990463,0.0003365700,0.9999990463,0.0000478625,-0.0000480517,0.0000480359,0.0003365723,0.9999999404,0,-647.7,-11.4,2077.7,0,0.2350598425,0.9311592579,0.2787278295,-0.9513888955,0.1617024392,0.2621287704,0.1990126818,-0.3267945051,0.9239043593,1,-395.1,186.1,1993.9,1,-0.1114377901,0.9359066486,0.3341564834,-0.9936014414,-0.1111511365,-0.0200434979,0.0183830298,-0.3342519701,0.9423044920,1,-338.0,-45.1,2042.2,1,1.0000000000,0.0000000000,0.0000000000,-0.0000000000,1.0000000000,0.0000000000,-0.0000000000,-0.0000000000,1.0000000000,0,-690.3,-144.1,2047.2,1,1.0000000000,0.0000008464,0.0000027662,-0.0000008464,1.0000000000,0.0000020679,-0.0000027662,-0.0000020679,1.0000000000,0,-690.3,-529.5,2047.2,0,1.0000000000,-0.0000000000,0.0000000000,0.0000000000,1.0000000000,0.0000000000,-0.0000000000,-0.0000000000,1.0000000000,0,-524.9,-179.7,1992.3,1,1.0000000000,-0.0000010265,0.0000023330,0.0000010265,1.0000000000,0.0000032942,-0.0000023330,-0.0000032942,1.0000000000,0,-524.9,-565.1,1992.3,0,-647.7,-263.4,2077.7,0,-366.0,-295.4,2046.9,1,-690.3,-900.0,2047.2,0,-524.9,-935.6,1992.3,0,
13,0.9343820214,0.2230845690,0.2777820230,-0.1991008818,0.9735429883,-0.1121243611,-0.2954458892,0.0494603738,0.9540780783,1,-476.2,408.6,2044.5,1,0.9343820214,0.2230845690,0.2777820230,-0.1991008818,0.9735429883,-0.1121243611,-0.2954458892,0.0494603738,0.9540780783,1,-521.1,212.5,2034.6,1,0.9337858558,0.2222360671,0.2804539204,-0.2017083615,0.9742817283,-0.1004376113,-0.2955619395,0.0372173600,0.9545981884,1,-563.9,24.7,2027.4,1,-0.0000026226,-1.0000003576,0.0000001181,1.0000003576,-0.0000026226,0.0000000196,-0.0000000196,0.0000001181,1.0000000000,0,-648.0,239.9,2074.7,1,0.0000448823,-0.9999990463,0.0003029128,0.9999990463,0.0000448227,-0.0000432460,0.0000432327,0.0003029147,0.9999999404,0,-648.0,-12.1,2074.7,0,0.2385830432,0.9326478243,0.2706399560,-0.9520523548,0.1696740836,0.2545720637,0.1915054917,-0.3183999658,0.9284110069,1,-394.3,185.1,1994.4,1,-0.1165590659,0.9386752844,0.3245038390,-0.9927105308,-0.1201949120,-0.0088917762,0.0306572188,-0.3231747746,0.9458425641,1,-335.1,-51.0,2041.9,1,1.0000000000,0.0000000000,0.0000000000,-0.0000000000,1.0000000000,0.0000000000,-0.0000000000,-0.0000000000,1.0000000000,0,-689.8,-145.0,2046.5,1,1.0000000000,0.0000007618,0.0000024896,-0.0000007618,1.0000000000,0.0000018611,-0.0000024896,-0.0000018611,1.0000000000,0,-689.8,-530.4,2046.5,0,1.0000000000,-0.0000000000,0.0000000000,0.0000000000,1.0000000000,0.0000000000,-0.0000000000,-0.0000000000,1.0000000000,0,-523.7,-180.9,1994.0,1,1.0000000000,-0.0000009238,0.0000020997,0.0000009238,1.0000000000,0.0000029648,-0.0000020997,-0.0000029648,1.0000000000,0,-523.7,-566.3,1994.0,0,-648.0,-264.1,2074.7,0,-364.5,-301.1,2049.6,1,-689.8,-901.0,2046.5,0,-523.7,-936.8,1994.0,0,
14,0.9274426699,0.2240376621,0.2994269729,-0.1978174448,0.9733981490,-0.1155990958,-0.3173602223,0.0479796901,0.9470903277,1,-476.2,407.4,2044.1,1,0.9274426699,0.2240376621,0.2994269729,-0.1978174448,0.9733981490,-0.1155990958,-0.3173602223,0.0479796901,0.9470903277,1,-521.2,211.7,2034.5,1,0.9269148707,0.2218807638,0.3026501536,-0.2001231611,0.9744964838,-0.1015194505,-0.3174567223,0.0335326120,0.9476795197,1,-564.0,24.0,2028.0,1,-0.0000026226,-1.0000003576,0.0000000945,1.0000003576,-0.0000026226,0.0000000157,-0.0000000157,0.0000000945,1.0000000000,0,-647.1,238.9,2077.6,1,0.0000422001,-0.9999990463,0.0002726213,0.9999990463,0.0000422001,-0.0000389210,0.0000389098,0.0002726229,0.9999999404,0,-647.1,-13.1,2077.6,0,0.2455499619,0.9258587956,0.2872121036,-0.9478452206,0.1672044098,0.2713524401,0.2032108903,-0.3388631940,0.9186278582,1,-395.4,184.5,1991.4,1,-0.1254357845,0.9298945069,0.3457778990,-0.9915823340,-0.1287866384,-0.0133667858,0.0321018659,-0.3445439339,0.9382212162,1,-333.7,-53.5,2042.4,1,1.0000000000,0.0000000000,0.0000000000,-0.0000000000,1.0000000000,0.0000000000,-0.0000000000,-0.0000000000,1.0000000000,0,-689.1,-146.0,2049.8,1,1.0000000000,0.0000006856,0.0000022406,-0.0000006856,1.0000000000,0.0000016750,-0.0000022406,-0.0000016750,1.0000000000,0,-689.1,-531.4,2049.8,0,1.0000000000,-0.0000000000,0.0000000000,0.0000000000,1.0000000000,0.0000000000,-0.0000000000,-0.0000000000,1.0000000000,0,-524.3,-181.6,1993.3,1,1.0000000000,-0.0000008314,0.0000018897,0.0000008314,1.0000000000,0.0000026683,-0.0000018897,-0.0000026683,1.0000000000,0,-524.3,-567.0,1993.3,0,-647.1,-265.0,2077.6,0,-365.3,-303.3,2050.5,1,-689.1,-901.9,2049.8,0,-524.3,-937.5,1993.3,0,
15,0.9346045852,0.2219662666,0.2779289782,-0.1942185909,0.9730837941,-0.1240396053,-0.2979807854,0.0619490519,0.9525594711,1,-478.1,409.1,2048.4,1,0.9346045852,0.2219662666,0.2779289782,-0.1942185909,0.9730837941,-0.1240396053,-0.2979807854,0.0619490519,0.9525594711,1,-522.8,212.9,2035.9,1,0.9343076348,0.2187785804,0.2814330459,-0.1955311447,0.9746703506,-0.1085543111,-0.2980538011,0.0463942364,0.9534208179,1,-565.0,25.1,2027.0,1,-0.0000026226,-1.0000003576,0.0000000756,1.0000003576,-0.0000026226,0.0000000126,-0.0000000126,0.0000000756,1.0000000000,0,-649.7,239.4,2076.4,1,0.0000398159,-0.9999990463,0.0002453590,0.9999990463,0.0000398159,-0.0000350286,0.0000350190,0.0002453603,0.9999999404,0,-649.7,-12.6,2076.4,0,0.2557703853,0.9286389351,0.2687213421,-0.9489294887,0.1880576909,0.2533121705,0.1847004294,-0.3197873533,0.9293125868,1,-396.0,186.3,1995.5,1,-0.1384953856,0.9340600967,0.3291666508,-0.9899903536,-0.1396895647,-0.0201437771,0.0271656495,-0.3286616206,0.9440569878,1,-331.4,-53.2,2042.1,1,1.0000000000,0.0000000000,0.0000000000,-0.0000000000,1.0000000000,0.0000000000,-0.0000000000,-0.0000000000,1.0000000000,0,-690.2,-145.3,2044.6,1,1.0000000000,0.0000006170,0.0000020166,-0.0000006170,1.0000000000,0.0000015075,-0.0000020166,-0.0000015075,1.0000000000,0,-690.2,-530.7,2044.6,0,1.0000000000,-0.0000000000,0.0000000000,0.0000000000,1.0000000000,0.0000000000,-0.0000000000,-0.0000000000,1.0000000000,0,-524.1,-180.1,1991.6,1,1.0000000000,-0.0000007483,0.0000017007,0.0000007483,1.0000000000,0.0000024015,-0.0000017007,-0.0000024015,1.0000000000,0,-524.1,-565.5,1991.6,0,-649.7,-264.5,2076.4,0,-366.3,-302.6,2048.9,1,-690.2,-901.2,2044.6,0,-524.1,-936.0,1991.6,0,
16,0.9340448976,0.2209385335,0.2806165218,-0.1893644780,0.9725267291,-0.1353937984,-0.3028208017,0.0733251274,0.9502224326,1,-477.8,409.6,2052.1,1,0.9340448976,0.2209385335,0.2806165218,-0.1893644780,0.9725267291,-0.1353937984,-0.3028208017,0.0733251274,0.9502224326,1,-522.3,213.9,2037.3,1,0.9334040284,0.2182737887,0.2848032117,-0.1922053546,0.9743742943,-0.1168355569,-0.3030070662,0.0543141253,0.9514391422,1,-564.4,26.2,2026.9,1,-0.0000026226,-1.0000003576,0.0000000605,1.0000003576,-0.0000026226,0.0000000100,-0.0000000100,0.0000000605,1.0000000000,0,-649.1,240.0,2078.5,1,0.0000376105,-0.9999990463,0.0002208229,0.9999990463,0.0000376105,-0.0000315255,0.0000315174,0.0002208241,1.0000000000,0,-649.1,-11.9,2078.5,0,0.2518064976,0.9292702675,0.2702780962,-0.9502907395,0.1845679879,0.2507632971,0.1831421852,-0.3199865818,0.9295523167,1,-395.5,187.8,1996.2,1,-0.1294585317,0.9359334707,0.3275192678,-0.9910324216,-0.1331479102,-0.0112360250,0.0330923349,-0.3260368109,0.9447776675,1,-331.9,-52.2,2042.4,1,1.0000000000,0.0000000000,0.0000000000,-0.0000000000,1.0000000000,0.0000000000,-0.0000000000,-0.0000000000,1.0000000000,0,-689.4,-144.4,2043.3,1,1.0000000000,0.0000005553,0.0000018149,-0.0000005553,1.0000000000,0.0000013568,-0.0000018149,-0.0000013568,1.0000000000,0,-689.4,-529.8,2043.3,0,1.0000000000,-0.0000000000,0.0000000000,0.0000000000,1.0000000000,0.0000000000,-0.0000000000,-0.0000000000,1.0000000000,0,-523.4,-178.6,1989.4,1,1.0000000000,-0.0000006735,0.0000015307,0.0000006735,1.0000000000,0.0000021613,-0.0000015307,-0.0000021613,1.0000000000,0,-523.4,-564.0,1989.4,0,-649.1,-263.9,2078.5,0,-364.5,-301.9,2050.8,1,-689.4,-900.4,2043.3,0,-523.4,-934.5,1989.4,0,
17,0.9307190776,0.2251587063,0.2882097661,-0.1977648735,0.9727180004,-0.1212742552,-0.3076528013,0.0558745414,0.9498566389,1,-477.5,407.6,2047.4,1,0.9307190776,0.2251587063,0.2882097661,-0.1977648735,0.9727180004,-0.1212742552,-0.3076528013,0.0558745414,0.9498566389,1,-522.9,211.5,2036.1,1,0.9303081632,0.2224269062,0.2916374207,-0.1995523274,0.9740964770,-0.1063654125,-0.3077415228,0.0407557264,0.9505966306,1,-565.8,23.8,2028.3,1,-0.0000026226,-1.0000003576,0.0000000484,1.0000003576,-0.0000026226,0.0000000080,-0.0000000080,0.0000000484,1.0000000000,0,-649.3,238.6,2077.9,1,0.0000357628,-0.9999990463,0.0001987404,0.9999990463,0.0000357628,-0.0000283727,0.0000283658,0.0001987414,1.0000000000,0,-649.3,-13.4,2077.9,0,0.2556116879,0.9264881015,0.2761929929,-0.9459918141,0.1807675213,0.2691146731,0.1994048059,-0.3300651610,0.9226562977,1,-396.5,184.4,1994.3,1,-0.1210538000,0.9329293370,0.3390997946,-0.9924094677,-0.1212000623,-0.0208311323,0.0216649417,-0.3390475512,0.9405196905,1,-333.3,-49.8,2043.7,1,1.0000000000,0.0000000000,0.0000000000,-0.0000000000,1.0000000000,0.0000000000,-0.0000000000,-0.0000000000,1.0000000000,0,-691.3,-146.1,2047.8,1,1.0000000000,0.0000004998,0.0000016334,-0.0000004998,1.0000000000,0.0000012211,-0.0000016334,-0.0000012211,1.0000000000,0,-691.3,-531.5,2047.8,0,1.0000000000,-0.0000000000,0.0000000000,0.0000000000,1.0000000000,0.0000000000,-0.0000000000,-0.0000000000,1.0000000000,0,-525.9,-181.6,1993.1,1,1.0000000000,-0.0000006061,0.0000013776,0.0000006061,1.0000000000,0.0000019452,-0.0000013776,-0.0000019452,1.0000000000,0,-525.9,-566.9,1993.1,0,-649.3,-265.3,2077.9,0,-363.7,-299.8,2049.2,1,-691.3,-902.0,2047.8,0,-525.9,-937.5,1993.1,0,
18,0.9266906977,0.2278577089,0.2988720238,-0.1961678863,0.9715788960,-0.1324808598,-0.3205645680,0.0641397387,0.9450525045,1,-477.6,409.4,2050.6,1,0.9266906977,0.2278577089,0.2988720238,-0.1961678863,0.9715788960,-0.1324808598,-0.3205645680,0.0641397387,0.9450525045,1,-523.5,213.6,2037.6,1,0.9260640740,0.2263618708,0.3019353747,-0.1988503337,0.9727324843,-0.1193679795,-0.3207227290,0.0505025014,0.9458256364,1,-567.1,26.2,2027.9,1,-0.0000026226,-1.0000003576,0.0000000387,1.0000003576,-0.0000026226,0.0000000064,-0.0000000064,0.0000000387,1.0000000000,0,-649.3,240.6,2081.2,1,0.0000339150,-0.9999990463,0.0001788662,0.9999990463,0.0000339150,-0.0000255352,0.0000255293,0.0001788671,1.0000000000,0,-649.3,-11.3,2081.2,0,0.2485561073,0.9255701303,0.2855522037,-0.9488328099,0.1733784378,0.2639248371,0.1947723329,-0.3365414143,0.9213054776,1,-397.7,186.6,1994.1,1,-0.1102055609,0.9328889847,0.3428890109,-0.9933804870,-0.1146317050,-0.0074000745,0.0324024968,-0.3414348066,0.9393467903,1,-335.2,-52.0,2043.1,1,1.0000000000,0.0000000000,0.0000000000,-0.0000000000,1.0000000000,0.0000000000,-0.0000000000,-0.0000000000,1.0000000000,0,-693.1,-143.5,2046.7,1,1.0000000000,0.0000004498,0.0000014701,-0.0000004498,1.0000000000,0.0000010990,-0.0000014701,-0.0000010990,1.0000000000,0,-693.1,-528.9,2046.7,0,1.0000000000,-0.0000000000,0.0000000000,0.0000000000,1.0000000000,0.0000000000,-0.0000000000,-0.0000000000,1.0000000000,0,-528.4,-178.9,1989.7,1,1.0000000000,-0.0000005455,0.0000012398,0.0000005455,1.0000000000,0.0000017507,-0.0000012398,-0.0000017507,1.0000000000,0,-528.4,-564.2,1989.7,0,-649.3,-263.3,2081.2,0,-363.0,-302.3,2051.2,1,-693.1,-899.4,2046.7,0,-528.4,-934.8,1989.7,0,
19,0.9272797704,0.2254434526,0.2988760769,-0.1976920962,0.9728336334,-0.1204618365,-0.3179140985,0.0526164174,0.9466581941,1,-476.0,408.2,2047.1,1,0.9272797704,0.2254434526,0.2988760769,-0.1976920962,0.9728336334,-0.1204618365,-0.3179140985,0.0526164174,0.9466581941,1,-521.4,212.3,2036.5,1,0.9268867970,0.2238576859,0.3012772799,-0.1993945092,0.9737183452,-0.1100588888,-0.3179967999,0.0419391394,0.9471635222,1,-564.6,24.7,2028.5,1,-0.0000026226,-1.0000003576,0.0000000310,1.0000003576,-0.0000026226,0.0000000051,-0.0000000051,0.0000000310,1.0000000000,0,-647.4,239.4,2079.7,1,0.0000322461,-0.9999990463,0.0001609795,0.9999990463,0.0000322461,-0.0000229815,0.0000229765,0.0001609802,1.0000000000,0,-647.4,-12.6,2079.7,0,0.2354342490,0.9293875694,0.2842699289,-0.9494183660,0.1573988050,0.2717174888,0.2077871114,-0.3338626921,0.9194347262,1,-395.5,185.2,1993.3,1,-0.0934702829,0.9358435869,0.3397940695,-0.9954000115,-0.0950468481,-0.0120406039,0.0210282337,-0.3393564522,0.9404227138,1,-337.4,-49.2,2044.6,1,1.0000000000,0.0000000000,0.0000000000,-0.0000000000,1.0000000000,0.0000000000,-0.0000000000,-0.0000000000,1.0000000000,0,-690.1,-145.2,2048.7,1,1.0000000000,0.0000004048,0.0000013231,-0.0000004048,1.0000000000,0.0000009891,-0.0000013231,-0.0000009891,1.0000000000,0,-690.1,-530.6,2048.7,0,1.0000000000,-0.0000000000,0.0000000000,0.0000000000,1.0000000000,0.0000000000,-0.0000000000,-0.0000000000,1.0000000000,0,-525.3,-180.7,1992.1,1,1.0000000000,-0.0000004910,0.0000011158,0.0000004910,1.0000000000,0.0000015756,-0.0000011159,-0.0000015756,1.0000000000,0,-525.3,-566.0,1992.1,0,-647.4,-264.6,2079.7,0,-361.0,-299.9,2049.9,1,-690.1,-901.1,2048.7,0,-525.3,-936.6,1992.1,0,
20,0.9297733307,0.2207808644,0.2945788503,-0.1965343654,0.9743161798,-0.1099127382,-0.3112795949,0.0442991033,0.9492850900,1,-476.3,408.0,2044.9,1,0.9297733307,0.2207808644,0.2945788503,-0.1965343654,0.9743161798,-0.1099127382,-0.3112795949,0.0442991033,0.9492850900,1,-520.9,211.2,2036.0,1,0.9287337661,0.2226980478,0.2964093089,-0.2011019886,0.9742582440,-0.1018699706,-0.3114654720,0.0350016244,0.9496123791,1,-563.8,23.5,2029.2,1,-0.0000026226,-1.0000003576,0.0000000248,1.0000003576,-0.0000026226,0.0000000041,-0.0000000041,0.0000000248,1.0000000000,0,-647.1,238.5,2078.3,1,0.0000306964,-0.9999990463,0.0001448814,0.9999990463,0.0000306964,-0.0000206833,0.0000206790,0.0001448820,1.0000000000,0,-647.1,-13.5,2078.3,0,0.2320156097,0.9310355783,0.2816766500,-0.9503931999,0.1553026736,0.2695067823,0.2071752399,-0.3302333355,0.9208824635,1,-394.8,183.9,1993.7,1,-0.0938391462,0.9373039007,0.3356421590,-0.9953165650,-0.0961851031,-0.0096679786,0.0232219398,-0.3349774480,0.9419399500,1,-337.4,-51.3,2044.9,1,1.0000000000,0.0000000000,0.0000000000,-0.0000000000,1.0000000000,0.0000000000,-0.0000000000,-0.0000000000,1.0000000000,0,-689.3,-146.4,2050.2,1,1.0000000000,0.0000003644,0.0000011908,-0.0000003644,1.0000000000,0.0000008902,-0.0000011908,-0.0000008902,1.0000000000,0,-689.3,-531.7,2050.2,0,1.0000000000,-0.0000000000,0.0000000000,0.0000000000,1.0000000000,0.0000000000,-0.0000000000,-0.0000000000,1.0000000000,0,-524.2,-182.1,1994.8,1,1.0000000000,-0.0000004419,0.0000010043,0.0000004419,1.0000000000,0.0000014180,-0.0000010043,-0.0000014180,1.0000000000,0,-524.2,-567.5,1994.8,0,-647.1,-265.4,2078.3,0,-361.0,-302.1,2050.8,1,-689.3,-902.3,2050.2,0,-524.2,-938.0,1994.8,0,
21,0.9328092933,0.2228292674,0.2832192779,-0.1996269524,0.9738246799,-0.1086887866,-0.3000249863,0.0448477603,0.9528762698,1,-475.2,408.9,2045.3,1,0.9328092933,0.2228292674,0.2832192779,-0.1996269524,0.9738246799,-0.1086887866,-0.3000249863,0.0448477603,0.9528762698,1,-520.1,212.7,2036.3,1,0.9308560491,0.2283330113,0.2852549255,-0.2080556750,0.9730007648,-0.0999047607,-0.3003648221,0.0336480960,0.9532304406,1,-564.0,25.3,2029.8,1,-0.0000026226,-1.0000003576,0.0000000198,1.0000003576,-0.0000026226,0.0000000033,-0.0000000033,0.0000000198,1.0000000000,0,-646.5,241.0,2077.1,1,0.0000295639,-0.9999990463,0.0001303931,0.9999990463,0.0000295639,-0.0000186148,0.0000186111,0.0001303937,1.0000000000,0,-646.5,-11.0,2077.1,0,0.2287915349,0.9334183335,0.2763779759,-0.9532963634,0.1573228091,0.2578286529,0.1971814185,-0.3224591315,0.9258183837,1,-393.6,184.5,1995.5,1,-0.0987512842,0.9396435022,0.3275946677,-0.9947634339,-0.1019291133,-0.0075004846,0.0263436567,-0.3266198635,0.9447885156,1,-336.5,-53.6,2044.7,1,1.0000000000,0.0000000000,0.0000000000,-0.0000000000,1.0000000000,0.0000000000,-0.0000000000,-0.0000000000,1.0000000000,0,-690.8,-143.7,2050.0,1,1.0000000000,0.0000003279,0.0000010717,-0.0000003279,1.0000000000,0.0000008012,-0.0000010717,-0.0000008012,1.0000000000,0,-690.8,-529.1,2050.0,0,1.0000000000,-0.0000000000,0.0000000000,0.0000000000,1.0000000000,0.0000000000,-0.0000000000,-0.0000000000,1.0000000000,0,-525.3,-180.7,1996.6,1,1.0000000000,-0.0000003977,0.0000009038,0.0000003977,1.0000000000,0.0000012762,-0.0000009038,-0.0000012762,1.0000000000,0,-525.3,-566.1,1996.6,0,-646.5,-262.9,2077.1,0,-361.3,-304.2,2051.4,1,-690.8,-899.6,2050.0,0,-525.3,-936.6,1996.6,0,
22,0.9275435209,0.2232280523,0.2997191250,-0.1945018768,0.9731737375,-0.1228840873,-0.3191099763,0.0556844659,0.9460800886,1,-477.5,410.0,2050.5,1,0.9275435209,0.2232280523,0.2997191250,-0.1945018768,0.9731737375,-0.1228840873,-0.3191099763,0.0556844659,0.9460800886,1,-522.6,213.6,2039.3,1,0.9257672429,0.2272850275,0.3021518886,-0.2021746337,0.9728801250,-0.1123753190,-0.3194988370,0.0429460034,0.9466127157,1,-566.4,26.2,2031.0,1,-0.0000026226,-1.0000003576,0.0000000159,1.0000003576,-0.0000026226,0.0000000026,-0.0000000026,0.0000000159,1.0000000000,0,-648.3,241.1,2082.7,1,0.0000285506,-0.9999990463,0.0001173537,0.9999990463,0.0000285506,-0.0000167533,0.0000167501,0.0001173542,1.0000000000,0,-648.3,-10.9,2082.7,0,0.2407262176,0.9266523123,0.2887326777,-0.9512937665,0.1662303358,0.2596299648,0.1925905347,-0.3371693194,0.9215345383,1,-396.8,186.2,1995.9,1,-0.1031142399,0.9340558648,0.3419166505,-0.9939706326,-0.1096461564,-0.0002248669,0.0372798145,-0.3398782909,0.9397302270,1,-336.0,-54.2,2044.6,1,1.0000000000,0.0000000000,0.0000000000,-0.0000000000,1.0000000000,0.0000000000,-0.0000000000,-0.0000000000,1.0000000000,0,-692.5,-143.3,2051.1,1,1.0000000000,0.0000002951,0.0000009645,-0.0000002951,1.0000000000,0.0000007210,-0.0000009645,-0.0000007210,1.0000000000,0,-692.5,-528.7,2051.1,0,1.0000000000,-0.0000000000,0.0000000000,0.0000000000,1.0000000000,0.0000000000,-0.0000000000,-0.0000000000,1.0000000000,0,-527.8,-179.2,1994.3,1,1.0000000000,-0.0000003579,0.0000008135,0.0000003579,1.0000000000,0.0000011486,-0.0000008135,-0.0000011486,1.0000000000,0,-527.8,-564.6,1994.3,0,-648.3,-262.9,2082.7,0,-362.0,-304.7,2053.9,1,-692.5,-899.2,2051.1,0,-527.8,-935.2,1994.3,0,
23,0.9262179732,0.2241332978,0.3031235635,-0.1990929842,0.9736098051,-0.1115547195,-0.3201272488,0.0429742597,0.9463990927,1,-477.5,407.6,2047.1,1,0.9262179732,0.2241332978,0.3031235635,-0.1990929842,0.9736098051,-0.1115547195,-0.3201272488,0.0429742597,0.9463990927,1,-522.7,211.1,2038.4,1,0.9246560931,0.2281544656,0.3048866987,-0.2058151215,0.9730517864,-0.1039661020,-0.3203909099,0.0333826505,0.9466967583,1,-566.7,23.7,2032.0,1,-0.0000026226,-1.0000003576,0.0000000127,1.0000003576,-0.0000026226,0.0000000021,-0.0000000021,0.0000000127,1.0000000000,0,-648.3,239.1,2082.0,1,0.0000275373,-0.9999990463,0.0001056182,0.9999990463,0.0000275373,-0.0000150779,0.0000150751,0.0001056186,1.0000000000,0,-648.3,-12.9,2082.0,0,0.2401138544,0.9263366461,0.2902509272,-0.9484609365,0.1601729244,0.2734343112,0.2068018764,-0.3409470320,0.9170539975,1,-397.1,183.2,1994.9,1,-0.0939089283,0.9335842133,0.3458347917,-0.9950936437,-0.0988837779,-0.0032727777,0.0311420355,-0.3444453478,0.9382897019,1,-337.9,-50.7,2045.9,1,1.0000000000,0.0000000000,0.0000000000,-0.0000000000,1.0000000000,0.0000000000,-0.0000000000,-0.0000000000,1.0000000000,0,-692.8,-145.5,2054.1,1,1.0000000000,0.0000002656,0.0000008681,-0.0000002656,1.0000000000,0.0000006489,-0.0000008681,-0.0000006489,1.0000000000,0,-692.8,-530.9,2054.1,0,1.0000000000,-0.0000000000,0.0000000000,0.0000000000,1.0000000000,0.0000000000,-0.0000000000,-0.0000000000,1.0000000000,0,-528.4,-182.1,1997.1,1,1.0000000000,-0.0000003221,0.0000007321,0.0000003221,1.0000000000,0.0000010337,-0.0000007321,-0.0000010337,1.0000000000,0,-528.4,-567.5,1997.1,0,-648.3,-264.9,2082.0,0,-361.6,-301.4,2053.8,1,-692.8,-901.4,2054.1,0,-528.4,-938.0,1997.1,0,
