1,0.9777536392,0.0849868804,0.1917666346,-0.0862666517,0.9962691665,-0.0016811527,-0.1911938041,-0.0148986951,0.9814386368,1,-401.8,392.3,1958.1,1,0.9777536392,0.0849868804,0.1917666346,-0.0862666517,0.9962691665,-0.0016811527,-0.1911938041,-0.0148986951,0.9814386368,1,-419.3,186.8,1961.2,1,0.9774531126,0.0969956517,0.1875542551,-0.0895545259,0.9948341846,-0.0477696806,-0.1912185699,0.0298968833,0.9810914993,1,-438.6,-10.9,1955.2,1,0.2909611166,-0.9188858867,-0.2664402723,0.9552785158,0.2636650503,0.1338792592,-0.0527687557,-0.2934783399,0.9545082450,1,-556.4,199.4,1988.0,1,0.0646450892,-0.9430449605,-0.3263241351,0.9912343025,0.0984392911,-0.0881155729,0.1152200475,-0.3177674413,0.9411420226,1,-629.2,-39.7,2001.2,1,0.2174251974,0.9745382071,-0.0547876135,-0.9746009707,0.2198398560,0.0427015536,0.0536587909,0.0441116691,0.9975845814,1,-282.2,174.3,1934.3,1,0.0950943381,0.9745382071,0.2030578107,-0.2270696163,0.2198398709,-0.9487412572,-0.9692246318,0.0441116616,0.2421935499,0,-225.6,-79.1,1948.3,1,1.0000000000,-0.0000000000,-0.0000000000,0.0000000000,1.0000000000,-0.0000000000,0.0000000000,0.0000000000,1.0000000000,0,-547.5,-200.4,1966.8,1,1.0000000000,-0.0000000000,-0.0000000001,0.0000000000,1.0000000000,-0.0000000000,0.0000000001,0.0000000000,1.0000000000,0,-547.5,-598.0,1966.8,0,1.0000000000,-0.0000000000,-0.0000000000,0.0000000000,1.0000000000,-0.0000000001,0.0000000000,0.0000000001,1.0000000000,0,-368.2,-216.9,1931.7,1,1.0000000000,0.0000006256,-0.0000153362,-0.0000006259,1.0000000000,-0.0000214475,0.0000153362,0.0000214475,1.0000000000,0,-368.2,-614.4,1931.7,0,-646.0,-297.4,1971.2,1,-200.9,-138.1,1696.3,0,-547.5,-980.3,1966.8,0,-368.2,-996.7,1931.7,0,
2,0.9785044789,0.0821687877,0.1891470253,-0.0839749500,0.9964651465,0.0015406683,-0.1883515418,-0.0173905380,0.9819471240,1,-401.8,392.6,1957.9,1,0.9785044789,0.0821687877,0.1891470253,-0.0839749500,0.9964651465,0.0015406683,-0.1883515418,-0.0173905380,0.9819471240,1,-418.7,186.9,1961.5,1,0.9781411290,0.0951022282,0.1849182695,-0.0880566835,0.9950528145,-0.0459664874,-0.1883746833,0.0286790133,0.9816778898,1,-437.6,-10.9,1955.8,1,0.2914562225,-0.9175760746,-0.2703840435,0.9553315639,0.2647447288,0.1313462853,-0.0489374548,-0.2965880930,0.9537508488,1,-556.0,199.2,1987.9,1,0.0674280152,-0.9420353174,-0.3286682963,0.9914846420,0.1000496149,-0.0833558589,0.1114072949,-0.3202490509,0.9407597780,1,-629.0,-40.0,2000.2,1,0.2126837075,0.9753912091,-0.0581178777,-0.9756160378,0.2152801454,0.0427529477,0.0542124696,0.0476078764,0.9973939061,1,-281.5,174.5,1935.1,1,0.0968889147,0.9753912687,0.1980519891,-0.2245560437,0.2152801454,-0.9503836632,-0.9696325064,0.0476078726,0.2398882359,0,-226.2,-79.1,1949.2,1,1.0000000000,-0.0000000000,-0.0000000000,0.0000000000,1.0000000000,-0.0000000000,0.0000000000,0.0000000000,1.0000000000,0,-546.3,-200.6,1967.4,1,1.0000000000,-0.0000000000,-0.0000000001,0.0000000000,1.0000000000,-0.0000000000,0.0000000001,0.0000000000,1.0000000000,0,-546.3,-598.2,1967.4,0,1.0000000000,-0.0000000000,-0.0000000000,0.0000000000,1.0000000000,-0.0000000001,0.0000000000,0.0000000001,1.0000000000,0,-366.8,-216.8,1932.8,1,1.0000000000,0.0000005630,-0.0000138026,-0.0000005633,1.0000000000,-0.0000193028,0.0000138026,0.0000193028,1.0000000000,0,-366.8,-614.3,1932.8,0,-646.5,-297.7,1971.2,1,-201.0,-137.4,1697.1,0,-546.3,-980.5,1967.4,0,-366.8,-996.6,1932.8,0,
3,0.9785645604,0.0837345943,0.1881465614,-0.0846492648,0.9964041710,-0.0031828135,-0.1877362579,-0.0128112622,0.9821354151,1,-401.3,391.8,1959.4,1,0.9785645604,0.0837345943,0.1881465614,-0.0846492648,0.9964041710,-0.0031828135,-0.1877362579,-0.0128112622,0.9821354151,1,-418.6,186.4,1962.0,1,0.9783222675,0.0947764590,0.1841253489,-0.0873520821,0.9950168133,-0.0480425023,-0.1877608299,0.0309179127,0.9817275405,1,-437.4,-11.3,1955.9,1,0.2881082594,-0.9184972048,-0.2708444595,0.9563468695,0.2615303397,0.1303942353,-0.0489326902,-0.2965888977,0.9537508488,1,-555.8,198.7,1988.3,1,0.0769782066,-0.9424190521,-0.3254545033,0.9917050004,0.1060730368,-0.0725925788,0.1029345840,-0.3171668053,0.9427670240,1,-627.7,-39.9,2000.6,1,0.2106507421,0.9757105708,-0.0601260066,-0.9760594964,0.2133369893,0.0423691347,0.0541671105,0.0497614667,0.9972912073,1,-281.3,174.2,1935.7,1,0.0984355658,0.9757106900,0.1957021207,-0.2240403891,0.2133370042,-0.9509434104,-0.9695959687,0.0497614704,0.2395985276,0,-226.6,-79.5,1949.7,1,1.0000000000,-0.0000000000,-0.0000000000,0.0000000000,1.0000000000,-0.0000000000,0.0000000000,0.0000000000,1.0000000000,0,-546.0,-201.1,1966.9,1,1.0000000000,-0.0000000000,-0.0000000001,0.0000000000,1.0000000000,-0.0000000000,0.0000000001,0.0000000000,1.0000000000,0,-546.0,-598.7,1966.9,0,1.0000000000,-0.0000000000,-0.0000000000,0.0000000000,1.0000000000,-0.0000000001,0.0000000000,0.0000000001,1.0000000000,0,-366.5,-217.1,1932.5,1,1.0000000000,0.0000005067,-0.0000124223,-0.0000005069,1.0000000000,-0.0000173725,0.0000124223,0.0000173725,1.0000000000,0,-366.5,-614.7,1932.5,0,-647.7,-297.7,1973.8,1,-201.0,-137.8,1697.7,0,-546.0,-980.9,1966.9,0,-366.5,-997.0,1932.5,0,
4,0.9776620865,0.0828360692,0.1931695342,-0.0850166306,0.9963734746,0.0030116588,-0.1922192425,-0.0193663854,0.9811604023,1,-401.7,392.1,1958.6,1,0.9776620865,0.0828360692,0.1931695342,-0.0850166306,0.9963734746,0.0030116588,-0.1922192425,-0.0193663854,0.9811604023,1,-418.8,186.6,1962.6,1,0.9775581360,0.0932898149,0.1888820529,-0.0861915126,0.9952388406,-0.0454706736,-0.1922244430,0.0281707831,0.9809461236,1,-437.3,-11.2,1957.0,1,0.2838627994,-0.9209301472,-0.2670385540,0.9574888349,0.2573264837,0.1303772330,-0.0513522439,-0.2926956713,0.9548257589,1,-555.9,198.7,1989.5,1,0.0855844319,-0.9436053038,-0.3198194504,0.9911613464,0.1132920310,-0.0690232441,0.1013636887,-0.3110853434,0.9449610114,1,-626.2,-38.4,2002.2,1,0.2105879784,0.9756478071,-0.0613529570,-0.9759102464,0.2134760022,0.0450252630,0.0570261851,0.0503931977,0.9971000552,1,-281.6,174.5,1935.6,1,0.0986978635,0.9756476879,0.1958831549,-0.2220957577,0.2134760022,-0.9513682127,-0.9700165391,0.0503931940,0.2377568632,0,-226.9,-79.2,1950.4,1,1.0000000000,-0.0000000000,-0.0000000000,0.0000000000,1.0000000000,-0.0000000000,0.0000000000,0.0000000000,1.0000000000,0,-545.5,-201.2,1969.0,1,1.0000000000,-0.0000000000,-0.0000000001,0.0000000000,1.0000000000,-0.0000000000,0.0000000001,0.0000000000,1.0000000000,0,-545.5,-598.7,1969.0,0,1.0000000000,-0.0000000000,-0.0000000000,0.0000000000,1.0000000000,-0.0000000001,0.0000000000,0.0000000001,1.0000000000,0,-366.2,-217.0,1933.7,1,1.0000000000,0.0000004561,-0.0000111801,-0.0000004562,1.0000000000,-0.0000156352,0.0000111801,0.0000156352,1.0000000000,0,-366.2,-614.5,1933.7,0,-648.4,-296.0,1975.9,1,-201.2,-136.9,1698.3,0,-545.5,-981.0,1969.0,0,-366.2,-996.8,1933.7,0,
5,0.9766928554,0.0834222883,0.1977654845,-0.0851330906,0.9963680506,0.0001489967,-0.1970345229,-0.0169813000,0.9802489877,1,-401.4,391.1,1959.7,1,0.9766928554,0.0834222883,0.1977654845,-0.0851330906,0.9963680506,0.0001489967,-0.1970345229,-0.0169813000,0.9802489877,1,-418.6,185.9,1963.2,1,0.9766486883,0.0926397368,0.1938416660,-0.0856326297,0.9953425527,-0.0442394167,-0.1970369369,0.0266077761,0.9800344706,1,-437.0,-12.0,1957.9,1,0.2862075269,-0.9217966795,-0.2614886165,0.9565356970,0.2589531541,0.1340998262,-0.0558994636,-0.2885035872,0.9558457136,1,-555.6,197.9,1990.8,1,0.0865534768,-0.9441323876,-0.3179979324,0.9900427461,0.1170832813,-0.0781466290,0.1110129952,-0.3080676794,0.9448653460,1,-625.8,-36.7,2004.5,1,0.2011582702,0.9768136144,-0.0732837915,-0.9777373672,0.2047816217,0.0457605496,0.0597066954,0.0624471866,0.9962607622,1,-281.5,173.9,1935.5,1,0.1082607135,0.9768136740,0.1847018898,-0.2208272666,0.2047816515,-0.9535721540,-0.9692858458,0.0624471903,0.2378768623,0,-229.3,-80.3,1951.0,1,1.0000000000,-0.0000000000,-0.0000000000,0.0000000000,1.0000000000,-0.0000000000,0.0000000000,0.0000000000,1.0000000000,0,-545.0,-202.0,1970.7,1,1.0000000000,-0.0000000000,-0.0000000001,0.0000000000,1.0000000000,-0.0000000000,0.0000000001,0.0000000000,1.0000000000,0,-545.0,-599.5,1970.7,0,1.0000000000,-0.0000000000,-0.0000000000,0.0000000000,1.0000000000,-0.0000000000,0.0000000000,0.0000000000,1.0000000000,0,-365.8,-217.7,1934.5,1,1.0000000000,0.0000004105,-0.0000100621,-0.0000004106,1.0000000000,-0.0000140717,0.0000100621,0.0000140717,1.0000000000,0,-365.8,-615.3,1934.5,0,-648.3,-294.0,1975.7,1,-201.1,-137.7,1699.1,0,-545.0,-981.8,1970.7,0,-365.8,-997.5,1934.5,0,
6,0.9758614898,0.0846369639,0.2013211846,-0.0866854414,0.9962332249,0.0013645738,-0.2004470974,-0.0187826399,0.9795239568,1,-400.0,390.1,1960.2,1,0.9758614898,0.0846369639,0.2013211846,-0.0866854414,0.9962332249,0.0013645738,-0.2004470974,-0.0187826399,0.9795239568,1,-417.4,185.1,1964.1,1,0.9759225845,0.0931654498,0.1972170770,-0.0860011205,0.9952945113,-0.0446045324,-0.2004444301,0.0265702605,0.9793442488,1,-435.9,-12.7,1958.8,1,0.2855374217,-0.9224902987,-0.2597695589,0.9570150375,0.2600645721,0.1284083724,-0.0508986115,-0.2852687836,0.9570951462,1,-554.3,197.2,1992.2,1,0.0904375538,-0.9450449944,-0.3141833842,0.9899507761,0.1197440326,-0.0752260312,0.1087135673,-0.3042228520,0.9463772178,1,-624.1,-36.6,2004.6,1,0.2034345120,0.9767864347,-0.0671014935,-0.9774177670,0.2066119462,0.0443393998,0.0571740940,0.0565660298,0.9967604876,1,-280.5,173.1,1936.0,1,0.1027254388,0.9767865539,0.1879779100,-0.2200662792,0.2066119611,-0.9533532262,-0.9700610638,0.0565660298,0.2361820489,0,-227.6,-81.0,1950.8,1,1.0000000000,-0.0000000000,-0.0000000000,0.0000000000,1.0000000000,-0.0000000000,0.0000000000,0.0000000000,1.0000000000,0,-544.0,-202.7,1971.9,1,1.0000000000,-0.0000000000,-0.0000000001,0.0000000000,1.0000000000,-0.0000000000,0.0000000001,0.0000000000,1.0000000000,0,-544.0,-600.2,1971.9,0,1.0000000000,-0.0000000000,-0.0000000000,0.0000000000,1.0000000000,-0.0000000000,0.0000000000,0.0000000000,1.0000000000,0,-364.9,-218.4,1935.1,1,1.0000000000,0.0000003694,-0.0000090559,-0.0000003695,1.0000000000,-0.0000126645,0.0000090559,0.0000126645,1.0000000000,0,-364.9,-616.0,1935.1,0,-647.6,-293.9,1976.4,1,-200.9,-138.2,1698.7,0,-544.0,-982.5,1971.9,0,-364.9,-998.3,1935.1,0,
7,0.9760471582,0.0859961808,0.1998393983,-0.0883554444,0.9960832596,0.0029004179,-0.1988070160,-0.0204872340,0.9798240662,1,-398.4,390.5,1960.0,1,0.9760471582,0.0859961808,0.1998393983,-0.0883554444,0.9960832596,0.0029004179,-0.1988070160,-0.0204872340,0.9798240662,1,-416.1,184.6,1964.2,1,0.9761933684,0.0935646519,0.1956820041,-0.0867345333,0.9952925444,-0.0432062112,-0.1988031715,0.0252058078,0.9797148108,1,-434.7,-13.2,1959.2,1,0.2870701849,-0.9221287370,-0.2593633533,0.9561390281,0.2593821287,0.1360844970,-0.0582131892,-0.2870532274,0.9561442137,1,-553.1,196.8,1992.1,1,0.0875628218,-0.9445128441,-0.3165883720,0.9899363518,0.1179717779,-0.0781590566,0.1111707389,-0.3065584898,0.9453374147,1,-623.2,-36.8,2006.3,1,0.2029576898,0.9770928621,-0.0640159622,-0.9773533344,0.2061438262,0.0478043370,0.0599057600,0.0528639555,0.9968033433,1,-279.2,172.5,1936.3,1,0.0983160660,0.9770927429,0.1887427270,-0.2169424295,0.2061437964,-0.9541702271,-0.9712208509,0.0528639555,0.2322401255,0,-226.4,-81.6,1951.9,1,1.0000000000,-0.0000000000,-0.0000000000,0.0000000000,1.0000000000,-0.0000000000,0.0000000000,0.0000000000,1.0000000000,0,-542.9,-203.1,1972.4,1,1.0000000000,-0.0000000000,-0.0000000001,0.0000000000,1.0000000000,-0.0000000000,0.0000000001,0.0000000000,1.0000000000,0,-542.9,-600.7,1972.4,0,1.0000000000,-0.0000000000,-0.0000000000,0.0000000000,1.0000000000,-0.0000000000,0.0000000000,0.0000000000,1.0000000000,0,-363.8,-219.0,1935.9,1,1.0000000000,0.0000003325,-0.0000081503,-0.0000003326,1.0000000000,-0.0000113981,0.0000081503,0.0000113981,1.0000000000,0,-363.8,-616.6,1935.9,0,-646.0,-294.1,1977.4,1,-200.9,-138.0,1699.4,0,-542.9,-982.9,1972.4,0,-363.8,-998.9,1935.9,0,
8,0.9749959707,0.0859181657,0.2049393356,-0.0892450511,0.9959834814,0.0070283972,-0.2035120726,-0.0251418725,0.9787490964,1,-397.8,390.8,1959.4,1,0.9749959707,0.0859181657,0.2049393356,-0.0892450511,0.9959834814,0.0070283972,-0.2035120726,-0.0251418725,0.9787490964,1,-415.6,184.4,1964.6,1,0.9752034545,0.0932499990,0.2007036060,-0.0869394019,0.9954067469,-0.0400502086,-0.2035161555,0.0216086246,0.9788326621,1,-434.1,-13.5,1960.3,1,0.2853922844,-0.9240640402,-0.2542776167,0.9562779069,0.2568618059,0.1398379207,-0.0639049783,-0.2830687165,0.9569683671,1,-552.4,196.6,1993.1,1,0.0892842859,-0.9456639290,-0.3126465976,0.9893690348,0.1203842610,-0.0815871805,0.1147917956,-0.3020384014,0.9463590980,1,-621.8,-36.0,2008.7,1,0.2020240724,0.9772825837,-0.0640707389,-0.9775280356,0.2052318007,0.0481540039,0.0602094196,0.0529026762,0.9967828989,1,-278.8,172.2,1936.0,1,0.0975941122,0.9772825837,0.1881334037,-0.2142007798,0.2052318007,-0.9549858570,-0.9719019532,0.0529026762,0.2293640971,0,-226.3,-81.9,1951.7,1,1.0000000000,-0.0000000000,-0.0000000000,0.0000000000,1.0000000000,-0.0000000000,0.0000000000,0.0000000000,1.0000000000,0,-542.1,-203.4,1974.7,1,1.0000000000,-0.0000000000,-0.0000000001,0.0000000000,1.0000000000,-0.0000000000,0.0000000001,0.0000000000,1.0000000000,0,-542.1,-601.0,1974.7,0,1.0000000000,-0.0000000000,-0.0000000000,0.0000000000,1.0000000000,-0.0000000000,0.0000000000,0.0000000000,1.0000000000,0,-363.2,-219.3,1937.3,1,1.0000000000,0.0000002992,-0.0000073353,-0.0000002993,1.0000000000,-0.0000102583,0.0000073353,0.0000102583,1.0000000000,0,-363.2,-616.9,1937.3,0,-645.0,-293.2,1978.8,1,-200.9,-137.6,1699.0,0,-542.1,-983.2,1974.7,0,-363.2,-999.2,1937.3,0,
9,0.9744002223,0.0887237415,0.2065715343,-0.0923610851,0.9956918955,0.0080118738,-0.2049705088,-0.0268853325,0.9783983827,1,-396.8,391.5,1960.1,1,0.9744002223,0.0887237415,0.2065715343,-0.0923610851,0.9956918955,0.0080118738,-0.2049705088,-0.0268853325,0.9783983827,1,-415.2,185.5,1965.6,1,0.9746975899,0.0956808105,0.2020129412,-0.0891503915,0.9951640368,-0.0412033051,-0.2049781382,0.0221518017,0.9785154462,1,-434.2,-12.3,1961.2,1,0.2846847177,-0.9250139594,-0.2516025305,0.9562041759,0.2553854287,0.1430099458,-0.0680305809,-0.2812961340,0.9572066069,1,-551.9,198.0,1994.4,1,0.0790688321,-0.9468811154,-0.3117119968,0.9899747372,0.1112965196,-0.0869662240,0.1170391291,-0.3017106950,0.9461884499,1,-621.3,-34.8,2011.0,1,0.1900606453,0.9787847400,-0.0765350759,-0.9798378944,0.1940002888,0.0477672815,0.0616016984,0.0659132898,0.9959220886,1,-278.5,173.0,1936.9,1,0.1071134657,0.9787846208,0.1746635735,-0.2102524042,0.1940002441,-0.9582055211,-0.9717615843,0.0659132823,0.2265718728,0,-229.1,-81.7,1952.9,1,1.0000000000,-0.0000000000,-0.0000000000,0.0000000000,1.0000000000,-0.0000000000,0.0000000000,0.0000000000,1.0000000000,0,-542.7,-201.9,1975.6,1,1.0000000000,-0.0000000000,-0.0000000000,0.0000000000,1.0000000000,-0.0000000000,0.0000000000,0.0000000000,1.0000000000,0,-542.7,-599.5,1975.6,0,1.0000000000,-0.0000000000,-0.0000000000,0.0000000000,1.0000000000,-0.0000000000,0.0000000000,0.0000000000,1.0000000000,0,-363.8,-218.3,1938.0,1,1.0000000000,0.0000002693,-0.0000066017,-0.0000002694,1.0000000000,-0.0000092324,0.0000066017,0.0000092324,1.0000000000,0,-363.8,-615.8,1938.0,0,-641.8,-292.1,1980.5,1,-201.2,-136.3,1700.3,0,-542.7,-981.8,1975.6,0,-363.8,-998.1,1938.0,0,
10,0.9733527303,0.0918817818,0.2100990415,-0.0932193622,0.9956377745,-0.0035496317,-0.2095084637,-0.0161296297,0.9776733518,1,-397.0,392.4,1964.4,1,0.9733527303,0.0918817818,0.2100990415,-0.0932193622,0.9956377745,-0.0035496317,-0.2095084637,-0.0161296297,0.9776733518,1,-416.1,186.2,1967.8,1,0.9734439850,0.1004772559,0.2056953609,-0.0922754854,0.9945201874,-0.0491105616,-0.2095024437,0.0288263299,0.9773827195,1,-436.0,-11.5,1962.0,1,0.2828071117,-0.9268320799,-0.2469867170,0.9569917917,0.2552770078,0.1378420144,-0.0647063777,-0.2753469646,0.9591647983,1,-552.6,199.1,1997.2,1,0.0763442889,-0.9491707683,-0.3053629398,0.9904609323,0.1074272543,-0.0862932578,0.1147113219,-0.2958620489,0.9483180046,1,-621.9,-35.1,2013.0,1,0.1979076117,0.9777234793,-0.0699247196,-0.9784425497,0.2013401538,0.0459602475,0.0590150654,0.0593214333,0.9964929819,1,-279.5,173.2,1938.4,1,0.1028520167,0.9777233601,0.1829708815,-0.2131979316,0.2013401240,-0.9560380578,-0.9715801477,0.0593214333,0.2291568667,0,-228.1,-81.1,1953.7,1,1.0000000000,-0.0000000000,-0.0000000000,0.0000000000,1.0000000000,-0.0000000000,0.0000000000,0.0000000000,1.0000000000,0,-545.3,-200.7,1975.5,1,1.0000000000,-0.0000000000,-0.0000000000,0.0000000000,1.0000000000,-0.0000000000,0.0000000000,0.0000000000,1.0000000000,0,-545.3,-598.3,1975.5,0,1.0000000000,-0.0000000000,-0.0000000000,0.0000000000,1.0000000000,-0.0000000000,0.0000000000,0.0000000000,1.0000000000,0,-366.7,-217.7,1937.1,1,1.0000000000,0.0000002424,-0.0000059416,-0.0000002424,1.0000000000,-0.0000083092,0.0000059416,0.0000083092,1.0000000000,0,-366.7,-615.2,1937.1,0,-641.7,-292.6,1983.2,1,-201.3,-136.5,1701.2,0,-545.3,-980.6,1975.5,0,-366.7,-997.5,1937.1,0,
11,0.9725176096,0.0962455571,0.2120045125,-0.0997189581,0.9949976206,0.0057272762,-0.2103925496,-0.0267101265,0.9772516489,1,-395.8,391.8,1962.1,1,0.9725176096,0.0962455571,0.2120045125,-0.0997189581,0.9949976206,0.0057272762,-0.2103925496,-0.0267101265,0.9772516489,1,-415.7,185.2,1967.6,1,0.9726455212,0.1050362512,0.2071900219,-0.0984548703,0.9942594171,-0.0418542288,-0.2103966177,0.0203110371,0.9774047136,1,-436.6,-12.4,1963.6,1,0.2768197954,-0.9286734462,-0.2468534857,0.9584939480,0.2486036420,0.1395910978,-0.0682658777,-0.2752491534,0.9589462280,1,-552.2,199.0,1997.2,1,0.0842585713,-0.9494643807,-0.3023540676,0.9905208945,0.1128440946,-0.0783239529,0.1084846780,-0.2928885520,0.9499723315,1,-619.9,-35.4,2013.9,1,0.1987659633,0.9775069952,-0.0705138445,-0.9776976705,0.2027544677,0.0547538958,0.0678193122,0.0580580086,0.9960069060,1,-279.3,171.4,1938.1,1,0.1019377038,0.9775069356,0.1846315563,-0.2132209688,0.2027544677,-0.9557340145,-0.9716714621,0.0580580160,0.2290933281,0,-227.6,-82.7,1955.8,1,1.0000000000,-0.0000000000,-0.0000000000,0.0000000000,1.0000000000,-0.0000000000,0.0000000000,0.0000000000,1.0000000000,0,-546.7,-201.0,1978.9,1,1.0000000000,-0.0000000000,-0.0000000000,0.0000000000,1.0000000000,-0.0000000000,0.0000000000,0.0000000000,1.0000000000,0,-546.7,-598.6,1978.9,0,1.0000000000,-0.0000000000,-0.0000000000,0.0000000000,1.0000000000,-0.0000000000,0.0000000000,0.0000000000,1.0000000000,0,-368.3,-219.1,1940.3,1,1.0000000000,0.0000002182,-0.0000053474,-0.0000002182,1.0000000000,-0.0000074783,0.0000053474,0.0000074783,1.0000000000,0,-368.3,-616.6,1940.3,0,-641.8,-292.9,1985.7,1,-201.1,-138.2,1703.2,0,-546.7,-980.8,1978.9,0,-368.3,-998.9,1940.3,0,
12,0.9712603688,0.0972423330,0.2172481716,-0.1028642580,0.9945853353,0.0146931075,-0.2146428376,-0.0366172940,0.9760055542,1,-395.2,390.7,1960.9,1,0.9712603688,0.0972423330,0.2172481716,-0.1028642580,0.9945853353,0.0146931075,-0.2146428376,-0.0366172940,0.9760055542,1,-415.4,184.2,1968.5,1,0.9714358449,0.1062230393,0.2121997178,-0.1011496186,0.9942659140,-0.0346549340,-0.2146638930,0.0122016901,0.9766113758,1,-436.5,-13.5,1966.1,1,0.2783075869,-0.9291998148,-0.2431720644,0.9578324556,0.2496676296,0.1422077715,-0.0714272410,-0.2724955976,0.9595021605,1,-551.7,198.4,1998.6,1,0.0754846781,-0.9503576159,-0.3018650413,0.9904140234,0.1065772027,-0.0878716186,0.1156814024,-0.2923384309,0.9492924213,1,-619.7,-35.7,2016.1,1,0.2010786980,0.9771524072,-0.0688514560,-0.9768425822,0.2052681297,0.0603616796,0.0731155649,0.0551195815,0.9957991838,1,-279.1,170.0,1938.4,1,0.0983640924,0.9771525860,0.1884082705,-0.2068641782,0.2052681446,-0.9565941691,-0.9734124541,0.0551195927,0.2223288566,0,-226.9,-83.9,1957.4,1,1.0000000000,-0.0000000000,-0.0000000000,0.0000000000,1.0000000000,-0.0000000000,0.0000000000,0.0000000000,1.0000000000,0,-546.8,-201.8,1983.4,1,1.0000000000,-0.0000000000,-0.0000000000,0.0000000000,1.0000000000,-0.0000000000,0.0000000000,0.0000000000,1.0000000000,0,-546.8,-599.4,1983.4,0,1.0000000000,-0.0000000000,-0.0000000000,0.0000000000,1.0000000000,-0.0000000000,0.0000000000,0.0000000000,1.0000000000,0,-368.5,-220.4,1944.0,1,1.0000000000,0.0000001963,-0.0000048127,-0.0000001964,1.0000000000,-0.0000067305,0.0000048127,0.0000067305,1.0000000000,0,-368.5,-617.9,1944.0,0,-639.3,-293.1,1986.0,1,-201.3,-137.7,1704.4,0,-546.8,-981.6,1983.4,0,-368.5,-1000.2,1944.0,0,
13,0.9695504904,0.0977760702,0.2245246470,-0.1051750481,0.9942260981,0.0212042611,-0.2211548239,-0.0441723876,0.9742374420,1,-394.6,390.0,1959.8,1,0.9695504904,0.0977760702,0.2245246470,-0.1051750481,0.9942260981,0.0212042611,-0.2211548239,-0.0441723876,0.9742374420,1,-414.9,183.5,1969.0,1,0.9697688222,0.1069274843,0.2193502784,-0.1030540541,0.9942496419,-0.0290593691,-0.2211959809,0.0055764951,0.9752130508,1,-436.2,-14.2,1967.9,1,0.2850112021,-0.9292846322,-0.2349440157,0.9550840855,0.2545777261,0.1516723931,-0.0811353028,-0.2676196396,0.9601025581,1,-551.0,197.9,2000.1,1,0.0650505349,-0.9511760473,-0.3017158806,0.9892720580,0.1011036932,-0.1054460257,0.1308023334,-0.2916197479,0.9475487471,1,-620.7,-35.8,2019.9,1,0.1881518364,0.9785131216,-0.0843272731,-0.9789706469,0.1937442720,0.0638721511,0.0788376555,0.0705362633,0.9943889380,1,-278.9,169.0,1938.0,1,0.1095831692,0.9785130620,0.1746531576,-0.1988967061,0.1937442422,-0.9606785178,-0.9738745689,0.0705362558,0.2158541083,0,-230.0,-85.5,1958.5,1,1.0000000000,-0.0000000000,-0.0000000000,0.0000000000,1.0000000000,-0.0000000000,0.0000000000,0.0000000000,1.0000000000,0,-546.4,-202.3,1987.1,1,1.0000000000,-0.0000000000,-0.0000000000,0.0000000000,1.0000000000,-0.0000000000,0.0000000000,0.0000000000,1.0000000000,0,-546.4,-599.9,1987.1,0,1.0000000000,-0.0000000000,-0.0000000000,0.0000000000,1.0000000000,-0.0000000000,0.0000000000,0.0000000000,1.0000000000,0,-368.5,-221.2,1946.5,1,1.0000000000,0.0000001767,-0.0000043314,-0.0000001767,1.0000000000,-0.0000060574,0.0000043314,0.0000060574,1.0000000000,0,-368.5,-618.8,1946.5,0,-637.6,-292.9,1985.9,1,-201.5,-137.2,1705.3,0,-546.4,-982.2,1987.1,0,-368.5,-1001.1,1946.5,0,
14,0.9674339294,0.0938114151,0.2350971401,-0.1031643674,0.9942749143,0.0277769528,-0.2311451882,-0.0511254184,0.9715746045,1,-393.9,390.8,1959.8,1,0.9674339294,0.0938114151,0.2350971401,-0.1031643674,0.9942749143,0.0277769528,-0.2311451882,-0.0511254184,0.9715746045,1,-413.4,184.2,1970.4,1,0.9672673941,0.1075649559,0.2298328131,-0.1048083454,0.9941962957,-0.0242051817,-0.2311023772,-0.0006749630,0.9729288220,1,-434.8,-13.4,1970.6,1,0.2843895257,-0.9310153127,-0.2287645936,0.9558654428,0.2569914162,0.1423962563,-0.0737825409,-0.2591641545,0.9630110264,1,-549.1,198.9,2002.8,1,0.0593205690,-0.9534059763,-0.2958005369,0.9885275364,0.0973379910,-0.1154920459,0.1389034390,-0.2855559289,0.9482424259,1,-619.8,-39.0,2021.2,1,0.1864781380,0.9789798260,-0.0826112553,-0.9786387086,0.1925034225,0.0721718892,0.0865577534,0.0673880875,0.9939651489,1,-277.7,169.5,1938.0,1,0.1055321097,0.9789797068,0.1745327711,-0.1953625083,0.1925034076,-0.9616526961,-0.9750366807,0.0673880726,0.2115712017,0,-229.2,-84.9,1960.5,1,1.0000000000,-0.0000000000,-0.0000000000,0.0000000000,1.0000000000,-0.0000000000,0.0000000000,0.0000000000,1.0000000000,0,-544.9,-201.4,1991.9,1,1.0000000000,-0.0000000000,-0.0000000000,0.0000000000,1.0000000000,-0.0000000000,0.0000000000,0.0000000000,1.0000000000,0,-544.9,-599.0,1991.9,0,1.0000000000,-0.0000000000,-0.0000000000,0.0000000000,1.0000000000,-0.0000000000,0.0000000000,0.0000000000,1.0000000000,0,-367.4,-220.7,1949.5,1,1.0000000000,0.0000001590,-0.0000038983,-0.0000001591,1.0000000000,-0.0000054517,0.0000038983,0.0000054517,1.0000000000,0,-367.4,-618.2,1949.5,0,-635.3,-295.9,1985.1,1,-201.8,-135.7,1707.1,0,-544.9,-981.3,1991.9,0,-367.4,-1000.5,1949.5,0,
15,0.9656995535,0.0877205282,0.2443950325,-0.0987100899,0.9945653081,0.0330629312,-0.2401663661,-0.0560525134,0.9691117406,1,-393.9,390.0,1960.3,1,0.9656995535,0.0877205282,0.2443950325,-0.0987100899,0.9945653081,0.0330629312,-0.2401663661,-0.0560525134,0.9691117406,1,-412.1,183.7,1971.9,1,0.9650267959,0.1079052463,0.2389127612,-0.1055499464,0.9941540360,-0.0226696543,-0.2399620861,-0.0033398566,0.9707761407,1,-433.6,-13.9,1972.6,1,0.2888398170,-0.9317281246,-0.2201232314,0.9544179440,0.2621678710,0.1426688135,-0.0752193108,-0.2512980103,0.9649825692,1,-547.5,198.5,2005.6,1,0.0493074022,-0.9549366832,-0.2926855087,0.9870211482,0.0914288238,-0.1320232302,0.1528337151,-0.2823770642,0.9470506907,1,-619.4,-39.1,2024.3,1,0.1949856430,0.9782426357,-0.0708678365,-0.9763242006,0.2004869878,0.0812171921,0.0936581790,0.0533537939,0.9941738844,1,-276.7,168.9,1938.3,1,0.0937397256,0.9782425761,0.1850797534,-0.1977151632,0.2004869729,-0.9595382810,-0.9757672548,0.0533537865,0.2122069448,0,-226.0,-84.9,1962.6,1,1.0000000000,-0.0000000000,-0.0000000000,0.0000000000,1.0000000000,-0.0000000000,0.0000000000,0.0000000000,1.0000000000,0,-543.5,-201.9,1995.3,1,1.0000000000,-0.0000000000,-0.0000000000,0.0000000000,1.0000000000,-0.0000000000,0.0000000000,0.0000000000,1.0000000000,0,-543.5,-599.4,1995.3,0,1.0000000000,-0.0000000000,-0.0000000000,0.0000000000,1.0000000000,-0.0000000000,0.0000000000,0.0000000000,1.0000000000,0,-366.5,-221.2,1951.2,1,1.0000000000,0.0000001431,-0.0000035084,-0.0000001432,1.0000000000,-0.0000049065,0.0000035084,0.0000049065,1.0000000000,0,-366.5,-618.8,1951.2,0,-632.2,-295.6,1984.6,1,-201.7,-136.3,1709.0,0,-543.5,-981.7,1995.3,0,-366.5,-1001.1,1951.2,0,
16,0.9639013410,0.0884305313,0.2511450350,-0.1015839577,0.9940259457,0.0398756936,-0.2461182922,-0.0639479533,0.9671275020,1,-392.8,389.3,1960.0,1,0.9639013410,0.0884305313,0.2511450350,-0.1015839577,0.9940259457,0.0398756936,-0.2461182922,-0.0639479533,0.9671275020,1,-411.2,183.0,1973.3,1,0.9634317756,0.1073442996,0.2455114871,-0.1063521504,0.9941758513,-0.0173361562,-0.2459423691,-0.0094079291,0.9692384005,1,-432.5,-14.6,1975.2,1,0.2810891271,-0.9350152612,-0.2161837667,0.9567515850,0.2554388046,0.1392024606,-0.0749346912,-0.2459624708,0.9663785100,1,-546.3,197.9,2007.8,1,0.0483377315,-0.9562606812,-0.2884944379,0.9851126671,0.0933476835,-0.1443584263,0.1649745703,-0.2772215903,0.9465366602,1,-617.1,-42.8,2026.7,1,0.2310285866,0.9725593328,-0.0274606273,-0.9686980247,0.2325628996,0.0868252888,0.0908290744,0.0065419320,0.9958450198,1,-276.0,168.1,1938.8,1,0.0554237403,0.9725593925,0.2259568572,-0.2042852938,0.2325628847,-0.9508848786,-0.9773411751,0.0065419339,0.2115690708,0,-216.0,-83.7,1962.4,1,1.0000000000,-0.0000000000,-0.0000000000,0.0000000000,1.0000000000,-0.0000000000,0.0000000000,0.0000000000,1.0000000000,0,-542.2,-202.5,1999.6,1,1.0000000000,-0.0000000000,-0.0000000000,0.0000000000,1.0000000000,-0.0000000000,0.0000000000,0.0000000000,1.0000000000,0,-542.2,-600.0,1999.6,0,1.0000000000,-0.0000000000,-0.0000000000,0.0000000000,1.0000000000,-0.0000000000,0.0000000000,0.0000000000,1.0000000000,0,-365.5,-222.0,1954.5,1,1.0000000000,0.0000001288,-0.0000031576,-0.0000001288,1.0000000000,-0.0000044159,0.0000031576,0.0000044159,1.0000000000,0,-365.5,-619.6,1954.5,0,-629.6,-298.8,1983.8,1,-201.6,-136.8,1708.4,0,-542.2,-982.3,1999.6,0,-365.5,-1001.8,1954.5,0,
17,0.9641051292,0.0867859870,0.2509362996,-0.1010005474,0.9938976169,0.0443087965,-0.2455594540,-0.0680624470,0.9669886827,1,-392.4,387.0,1960.4,1,0.9641051292,0.0867859870,0.2509362996,-0.1010005474,0.9938976169,0.0443087965,-0.2455594540,-0.0680624470,0.9669886827,1,-410.4,180.6,1974.5,1,0.9635910392,0.1061968133,0.2453853935,-0.1062964201,0.9942495227,-0.0128777456,-0.2453417331,-0.0136741735,0.9693397880,1,-431.5,-17.0,1977.2,1,0.2691294551,-0.9382568598,-0.2173553705,0.9598870277,0.2428797930,0.1400941610,-0.0786530897,-0.2463400662,0.9659866691,1,-545.6,195.5,2008.9,1,0.0523893833,-0.9563623667,-0.2874476910,0.9834940434,0.0993319005,-0.1512367427,0.1731898785,-0.2747799158,0.9457806945,1,-612.9,-44.4,2028.6,1,0.2448965311,0.9694892764,-0.0107926941,-0.9653809667,0.2448596805,0.0899077728,0.0898073018,-0.0115990397,0.9958916903,1,-275.2,165.7,1940.1,1,0.0398499593,0.9694890976,0.2418734580,-0.2041150182,0.2448596507,-0.9478295445,-0.9781354666,-0.0115990378,0.2076449692,0,-211.6,-85.2,1963.4,1,1.0000000000,-0.0000000000,-0.0000000000,0.0000000000,1.0000000000,-0.0000000000,0.0000000000,0.0000000000,1.0000000000,0,-541.0,-204.9,2002.5,1,1.0000000000,-0.0000000000,-0.0000000000,0.0000000000,1.0000000000,-0.0000000000,0.0000000000,0.0000000000,1.0000000000,0,-541.0,-602.5,2002.5,0,1.0000000000,-0.0000000000,-0.0000000000,0.0000000000,1.0000000000,-0.0000000000,0.0000000000,0.0000000000,1.0000000000,0,-364.2,-224.4,1957.4,1,1.0000000000,0.0000001159,-0.0000028418,-0.0000001160,1.0000000000,-0.0000039743,0.0000028418,0.0000039743,1.0000000000,0,-364.2,-622.0,1957.4,0,-626.5,-300.0,1983.6,1,-201.2,-138.3,1709.2,0,-541.0,-984.7,2002.5,0,-364.2,-1004.2,1957.4,0,
18,0.9629445076,0.0861762688,0.2555602491,-0.1017955244,0.9936204553,0.0485085808,-0.2497494668,-0.0727253780,0.9655750990,1,-391.0,386.6,1960.6,1,0.9629445076,0.0861762688,0.2555602491,-0.1017955244,0.9936204553,0.0485085808,-0.2497494668,-0.0727253780,0.9655750990,1,-408.9,180.4,1975.7,1,0.9624769092,0.1056865081,0.2499359846,-0.1066398472,0.9942482114,-0.0097640334,-0.2495301813,-0.0172549486,0.9682128429,1,-429.9,-17.2,1979.1,1,0.2717191279,-0.9379728436,-0.2153503001,0.9596285224,0.2471741438,0.1342315227,-0.0726764947,-0.2431295663,0.9672673345,1,-543.9,195.4,2010.7,1,0.0490153022,-0.9566652179,-0.2870349884,0.9821816087,0.0983687043,-0.1601337492,0.1814296544,-0.2740714848,0.9444406033,1,-612.5,-47.1,2029.0,1,0.2504711151,0.9681240916,0.0002589654,-0.9641133547,0.2494091541,0.0909973755,0.0880321562,-0.0230418872,0.9958511591,1,-273.8,165.4,1940.7,1,0.0276514497,0.9681239724,0.2489402592,-0.1978572607,0.2494091392,-0.9479702711,-0.9798406959,-0.0230418853,0.1984469146,0,-208.7,-85.2,1963.5,1,1.0000000000,-0.0000000000,-0.0000000000,0.0000000000,1.0000000000,-0.0000000000,0.0000000000,0.0000000000,1.0000000000,0,-539.2,-205.1,2005.4,1,1.0000000000,-0.0000000000,-0.0000000000,0.0000000000,1.0000000000,-0.0000000000,0.0000000000,0.0000000000,1.0000000000,0,-539.2,-602.7,2005.4,0,1.0000000000,-0.0000000000,-0.0000000000,0.0000000000,1.0000000000,-0.0000000000,0.0000000000,0.0000000000,1.0000000000,0,-362.6,-224.7,1959.6,1,1.0000000000,0.0000001043,-0.0000025576,-0.0000001044,1.0000000000,-0.0000035768,0.0000025576,0.0000035768,1.0000000000,0,-362.6,-622.2,1959.6,0,-625.3,-302.4,1981.9,1,-201.5,-136.6,1708.8,0,-539.2,-984.9,2005.4,0,-362.6,-1004.5,1959.6,0,
19,0.9630915523,0.0847646743,0.2554780245,-0.1013889983,0.9934540987,0.0525955670,-0.2493472993,-0.0765564367,0.9653828740,1,-390.7,385.4,1960.2,1,0.9630915523,0.0847646743,0.2554780245,-0.1013889983,0.9934540987,0.0525955670,-0.2493472993,-0.0765564367,0.9653828740,1,-408.2,179.4,1976.0,1,0.9626556635,0.1040745154,0.2499239147,-0.1059773043,0.9943497181,-0.0058696209,-0.2491225004,-0.0208353158,0.9682474136,1,-428.9,-18.2,1980.2,1,0.2685469091,-0.9386435151,-0.2164050341,0.9604603648,0.2437838614,0.1344819069,-0.0734745041,-0.2439631522,0.9669972062,1,-543.3,194.3,2011.0,1,0.0476381965,-0.9561071396,-0.2891192138,0.9801671505,0.1004874483,-0.1708062291,0.1923619062,-0.2752482593,0.9419316649,1,-610.9,-47.6,2029.5,1,0.2646745145,0.9642143846,0.0154258329,-0.9597303867,0.2618144155,0.1018368751,0.0941538736,-0.0417582653,0.9946814775,1,-273.2,164.5,1941.1,1,0.0115726264,0.9642143846,0.2648709714,-0.1989172697,0.2618144453,-0.9443966746,-0.9799479246,-0.0417582616,0.1948287934,0,-204.4,-84.9,1965.6,1,1.0000000000,-0.0000000000,-0.0000000000,0.0000000000,1.0000000000,-0.0000000000,0.0000000000,0.0000000000,1.0000000000,0,-537.9,-206.2,2007.2,1,1.0000000000,-0.0000000000,-0.0000000000,0.0000000000,1.0000000000,-0.0000000000,0.0000000000,0.0000000000,1.0000000000,0,-537.9,-603.7,2007.2,0,1.0000000000,-0.0000000000,-0.0000000000,0.0000000000,1.0000000000,-0.0000000000,0.0000000000,0.0000000000,1.0000000000,0,-361.3,-225.6,1961.5,1,1.0000000000,0.0000000939,-0.0000023019,-0.0000000939,1.0000000000,-0.0000032192,0.0000023019,0.0000032192,1.0000000000,0,-361.3,-623.2,1961.5,0,-623.3,-302.3,1979.5,1,-201.4,-136.6,1710.8,0,-537.9,-986.0,2007.2,0,-361.3,-1005.4,1961.5,0,
20,0.9626207948,0.0839292854,0.2575199604,-0.1014860272,0.9932785630,0.0556358434,-0.2511194050,-0.0796903372,0.9646695852,1,-390.7,384.1,1959.5,1,0.9626207948,0.0839292854,0.2575199604,-0.1014860272,0.9932785630,0.0556358434,-0.2511194050,-0.0796903372,0.9646695852,1,-408.1,178.2,1976.0,1,0.9622195363,0.1036348492,0.2517792881,-0.1057382300,0.9943789244,-0.0051992382,-0.2509026825,-0.0216193665,0.9677703977,1,-428.7,-19.5,1980.3,1,0.2647548616,-0.9398436546,-0.2158675194,0.9617308974,0.2409649640,0.1304205507,-0.0705584139,-0.2421359420,0.9676734209,1,-543.1,193.0,2011.2,1,0.0431955233,-0.9566081762,-0.2881578803,0.9788957238,0.0981898904,-0.1792258471,0.1997430921,-0.2743347585,0.9406610131,1,-609.9,-49.7,2029.0,1,0.2652554810,0.9640693665,0.0144848153,-0.9592955112,0.2623724937,0.1044640690,0.0969101712,-0.0416048840,0.9944232702,1,-273.1,163.3,1940.8,1,0.0107791508,0.9640694857,0.2654318810,-0.1951217651,0.2623724639,-0.9450334907,-0.9807198644,-0.0416048802,0.1909390688,0,-204.1,-86.0,1966.0,1,1.0000000000,-0.0000000000,-0.0000000000,0.0000000000,1.0000000000,-0.0000000000,0.0000000000,0.0000000000,1.0000000000,0,-537.6,-207.5,2007.6,1,1.0000000000,-0.0000000000,-0.0000000000,0.0000000000,1.0000000000,-0.0000000000,0.0000000000,0.0000000000,1.0000000000,0,-537.6,-605.0,2007.6,0,1.0000000000,-0.0000000000,-0.0000000000,0.0000000000,1.0000000000,-0.0000000000,0.0000000000,0.0000000000,1.0000000000,0,-361.0,-226.9,1961.6,1,1.0000000000,0.0000000845,-0.0000020717,-0.0000000845,1.0000000000,-0.0000028972,0.0000020717,0.0000028972,1.0000000000,0,-361.0,-624.4,1961.6,0,-621.1,-304.2,1977.1,1,-201.3,-136.8,1711.0,0,-537.6,-987.3,2007.6,0,-361.0,-1006.7,1961.5,0,
21,0.9641917944,0.0837955475,0.2516186237,-0.1009771973,0.9933017492,0.0561447069,-0.2452283800,-0.0795414448,0.9661962390,1,-390.6,384.1,1959.1,1,0.9641917944,0.0837955475,0.2516186237,-0.1009771973,0.9933017492,0.0561447069,-0.2452283800,-0.0795414448,0.9661962390,1,-408.0,178.3,1975.6,1,0.9638084769,0.1030210331,0.2458848059,-0.1050558537,0.9944529533,-0.0048640235,-0.2450217903,-0.0211431291,0.9692865014,1,-428.5,-19.4,1979.8,1,0.2715476751,-0.9365156889,-0.2218116522,0.9600633383,0.2474529296,0.1305586547,-0.0673822686,-0.2484061420,0.9663094878,1,-543.2,193.1,2010.0,1,0.0252084676,-0.9542294741,-0.2980110347,0.9784015417,0.0847319961,-0.1885492504,0.2051703483,-0.2868214250,0.9357556105,1,-612.3,-51.1,2027.1,1,0.2756339908,0.9609172344,0.0257698335,-0.9560182691,0.2712351382,0.1116270795,0.1002746969,-0.0554046482,0.9934160113,1,-272.8,163.6,1941.2,1,-0.0017886671,0.9609171748,0.2768302262,-0.1940480918,0.2712351382,-0.9427496195,-0.9809903502,-0.0554046407,0.1859789938,0,-201.1,-84.9,1967.3,1,1.0000000000,-0.0000000000,-0.0000000000,0.0000000000,1.0000000000,-0.0000000000,0.0000000000,0.0000000000,1.0000000000,0,-537.4,-207.4,2006.5,1,1.0000000000,-0.0000000000,-0.0000000000,0.0000000000,1.0000000000,-0.0000000000,0.0000000000,0.0000000000,1.0000000000,0,-537.4,-605.0,2006.5,0,1.0000000000,-0.0000000000,-0.0000000000,0.0000000000,1.0000000000,-0.0000000000,0.0000000000,0.0000000000,1.0000000000,0,-360.5,-226.7,1961.5,1,1.0000000000,0.0000000761,-0.0000018645,-0.0000000761,1.0000000000,-0.0000026075,0.0000018645,0.0000026075,1.0000000000,0,-360.5,-624.2,1961.5,0,-618.8,-305.4,1973.8,1,-201.6,-135.4,1712.3,0,-537.4,-987.2,2006.5,0,-360.5,-1006.5,1961.5,0,
22,0.9661159515,0.0872465298,0.2429143339,-0.1026703492,0.9933772683,0.0515518636,-0.2368076444,-0.0747446120,0.9686765671,1,-390.9,383.3,1959.4,1,0.9661159515,0.0872465298,0.2429143339,-0.1026703492,0.9933772683,0.0515518636,-0.2368076444,-0.0747446120,0.9686765671,1,-408.9,177.4,1974.9,1,0.9659467936,0.1035876647,0.2370986938,-0.1044326797,0.9944894910,-0.0090281796,-0.2367271632,-0.0160395820,0.9714432955,1,-429.5,-20.3,1978.1,1,0.2659076452,-0.9367887378,-0.2274206579,0.9611195922,0.2394114137,0.1375914514,-0.0744470134,-0.2551650703,0.9640272260,1,-544.5,192.1,2008.1,1,0.0214506909,-0.9525669813,-0.3035719395,0.9774613380,0.0837680399,-0.1937842369,0.2100221068,-0.2925730348,0.9328942299,1,-611.6,-50.6,2026.9,1,0.2642133236,0.9643766284,0.0130002312,-0.9602197409,0.2617634535,0.0972517431,0.0903843194,-0.0381782874,0.9951749444,1,-273.4,162.8,1941.7,1,0.0130860666,0.9643767476,0.2642090917,-0.1913535297,0.2617634833,-0.9459723830,-0.9814340472,-0.0381782837,0.1879623085,0,-204.8,-86.8,1965.2,1,1.0000000000,-0.0000000000,-0.0000000000,0.0000000000,1.0000000000,-0.0000000000,0.0000000000,0.0000000000,1.0000000000,0,-538.7,-208.4,2003.0,1,1.0000000000,-0.0000000000,-0.0000000000,0.0000000000,1.0000000000,-0.0000000000,0.0000000000,0.0000000000,1.0000000000,0,-538.7,-605.9,2003.0,0,1.0000000000,-0.0000000000,-0.0000000000,0.0000000000,1.0000000000,-0.0000000000,0.0000000000,0.0000000000,1.0000000000,0,-361.5,-227.5,1959.6,1,1.0000000000,0.0000000685,-0.0000016781,-0.0000000685,1.0000000000,-0.0000023468,0.0000016781,0.0000023468,1.0000000000,0,-361.5,-625.1,1959.6,0,-617.2,-304.6,1972.3,1,-201.4,-136.6,1710.1,0,-538.7,-988.2,2003.0,0,-361.5,-1007.4,1959.6,0,
23,0.9675641656,0.0901773497,0.2359810323,-0.1036077961,0.9935927391,0.0451203883,-0.2303999960,-0.0681057647,0.9707092047,1,-390.6,383.9,1959.6,1,0.9675641656,0.0901773497,0.2359810323,-0.1036077961,0.9935927391,0.0451203883,-0.2303999960,-0.0681057647,0.9707092047,1,-409.2,178.0,1973.7,1,0.9675247669,0.1042451859,0.2302784026,-0.1040104926,0.9944872260,-0.0131923612,-0.2303839475,-0.0111868996,0.9730350375,1,-430.0,-19.7,1975.9,1,0.2607420981,-0.9363218546,-0.2351915985,0.9631459713,0.2356242388,0.1297350079,-0.0660568923,-0.2603512406,0.9632516503,1,-545.0,192.6,2006.0,1,0.0241566189,-0.9517446756,-0.3059386313,0.9792664647,0.0840970427,-0.1842956245,0.2011309266,-0.2951434851,0.9340431690,1,-611.7,-54.0,2023.0,1,0.2618128657,0.9650753736,0.0091465358,-0.9603333473,0.2595604360,0.1019229218,0.0959892198,-0.0354684554,0.9947502613,1,-273.5,163.4,1941.4,1,0.0144911557,0.9650754333,0.2615714967,-0.1880747974,0.2595604658,-0.9472361803,-0.9820478559,-0.0354684591,0.1852676868,0,-205.5,-86.2,1966.4,1,1.0000000000,-0.0000000000,-0.0000000000,0.0000000000,1.0000000000,-0.0000000000,0.0000000000,0.0000000000,1.0000000000,0,-539.4,-207.8,1999.3,1,1.0000000000,-0.0000000000,-0.0000000000,0.0000000000,1.0000000000,-0.0000000000,0.0000000000,0.0000000000,1.0000000000,0,-539.4,-605.4,1999.3,0,1.0000000000,-0.0000000000,-0.0000000000,0.0000000000,1.0000000000,-0.0000000000,0.0000000000,0.0000000000,1.0000000000,0,-361.9,-226.9,1957.0,1,1.0000000000,0.0000000616,-0.0000015103,-0.0000000616,1.0000000000,-0.0000021121,0.0000015103,0.0000021121,1.0000000000,0,-361.9,-624.4,1957.0,0,-618.0,-308.5,1970.7,1,-201.7,-135.1,1711.1,0,-539.4,-987.6,1999.3,0,-361.9,-1006.7,1957.0,0,
