1,0.9946959019,-0.0434699468,-0.0931706429,0.0621209331,0.9762057066,0.2077585459,0.0819193795,-0.2124473900,0.9737263322,1,-16.7,399.1,1726.5,1,0.9946959019,-0.0434699468,-0.0931706429,0.0621209331,0.9762057066,0.2077585459,0.0819193795,-0.2124473900,0.9737263322,1,-7.9,202.5,1769.3,1,0.9951924086,-0.0293619856,-0.0933828950,0.0488154441,0.9757344127,0.2134469151,0.0848466083,-0.2169823050,0.9724749327,1,-2.3,16.9,1810.6,1,-0.0000005960,-1.0000001192,-0.0000000001,1.0000001192,-0.0000005960,0.0000000000,-0.0000000000,-0.0000000001,1.0000000000,0,-141.5,195.9,1757.9,1,0.0000167489,-0.9999990463,-0.0000128608,0.9999990463,0.0000167489,0.0000007845,-0.0000007843,-0.0000128608,1.0000000000,0,-141.5,-52.8,1757.9,0,0.1572028995,-0.9641016722,-0.2139984071,-0.9659308195,-0.1049961001,-0.2365448624,0.2055843025,0.2438931912,-0.9477611780,1,125.7,209.0,1780.7,1,-0.1461589336,-0.9583937526,-0.2451916933,-0.9885340333,0.1509952843,-0.0009374378,0.0379212238,0.2422433197,-0.9694741964,1,167.7,-49.2,1835.6,1,1.0000000000,-0.0000000000,-0.0000000000,0.0000000000,1.0000000000,0.0000000000,0.0000000000,-0.0000000000,1.0000000000,0,-84.1,-172.9,1844.4,1,1.0000000000,-0.0000000003,0.0000000011,0.0000000003,1.0000000000,0.0000000027,-0.0000000011,-0.0000000027,1.0000000000,0,-84.1,-553.2,1844.4,0,0.9989904761,0.0387913957,0.0226545203,-0.0384717956,0.9991562366,-0.0143772913,-0.0231931191,0.0134912180,0.9996399879,0,90.6,-164.3,1859.3,1,0.9437738061,0.0172845889,0.3301397562,-0.0164005775,0.9998505712,-0.0054630539,-0.3301848769,-0.0002585957,0.9439162612,0,75.9,-544.3,1854.1,0,-141.5,-301.4,1757.9,0,127.8,-319.0,1846.0,1,-84.1,-918.9,1844.4,0,69.5,-910.0,1854.2,0,
2,0.9951954484,-0.0389573351,-0.0897701606,0.0569092557,0.9766699672,0.2070680708,0.0796059519,-0.2111849487,0.9741927981,1,-16.7,397.4,1726.4,1,0.9951954484,-0.0389573351,-0.0897701606,0.0569092557,0.9766699672,0.2070680708,0.0796059519,-0.2111849487,0.9741927981,1,-8.9,201.3,1768.8,1,0.9956344366,-0.0248304959,-0.0899215713,0.0434691384,0.9763667583,0.2117036879,0.0825366825,-0.2146913409,0.9731819630,1,-4.2,15.6,1809.6,1,-0.0000005960,-1.0000001192,-0.0000000001,1.0000001192,-0.0000005960,0.0000000000,-0.0000000000,-0.0000000001,1.0000000000,0,-142.6,195.4,1757.7,1,0.0000168681,-0.9999990463,-0.0000115747,0.9999990463,0.0000168681,0.0000007060,-0.0000007058,-0.0000115747,1.0000000000,0,-142.6,-53.2,1757.7,0,0.1618283391,-0.9629439116,-0.2157563418,-0.9638040066,-0.1072860807,-0.2440730780,0.2118810266,0.2474447638,-0.9454509616,1,124.8,207.1,1779.9,1,-0.1413587034,-0.9583506584,-0.2481569350,-0.9890010953,0.1477348506,-0.0071643214,0.0435273610,0.2444147319,-0.9686933756,1,167.2,-45.9,1835.5,1,1.0000000000,-0.0000000000,-0.0000000000,0.0000000000,1.0000000000,0.0000000000,0.0000000000,-0.0000000000,1.0000000000,0,-86.8,-173.9,1843.2,1,1.0000000000,-0.0000000003,0.0000000010,0.0000000003,1.0000000000,0.0000000024,-0.0000000010,-0.0000000024,1.0000000000,0,-86.8,-554.2,1843.2,0,0.9993538857,0.0310117807,0.0181691982,-0.0308072213,0.9994599819,-0.0114324931,-0.0185139291,0.0108653642,0.9997695684,0,87.9,-166.2,1857.7,1,0.9543746710,0.0155719686,0.2982054055,-0.0148546286,0.9998787642,-0.0046719443,-0.2982420027,0.0000290549,0.9544903040,0,76.1,-546.4,1853.6,0,-142.6,-301.9,1757.7,0,128.7,-315.9,1847.4,1,-86.8,-919.9,1843.2,0,70.4,-912.0,1853.6,0,
3,0.9954652786,-0.0367882438,-0.0876703337,0.0541449264,0.9773252010,0.2047042996,0.0781486854,-0.2085258812,0.9748833776,1,-16.2,398.4,1726.3,1,0.9954652786,-0.0367882438,-0.0876703337,0.0541449264,0.9773252010,0.2047042996,0.0781486854,-0.2085258812,0.9748833776,1,-8.8,201.4,1768.3,1,0.9959410429,-0.0191463064,-0.0878939405,0.0375251882,0.9764370918,0.2125144899,0.0817510188,-0.2149531692,0.9731904864,1,-5.2,15.8,1809.2,1,-0.0000005960,-1.0000001192,-0.0000000001,1.0000001192,-0.0000005960,0.0000000000,-0.0000000000,-0.0000000001,1.0000000000,0,-142.5,196.4,1757.4,1,0.0000170469,-0.9999990463,-0.0000104172,0.9999990463,0.0000170469,0.0000006354,-0.0000006353,-0.0000104173,1.0000000000,0,-142.5,-52.3,1757.4,0,0.1628026217,-0.9625464082,-0.2167940587,-0.9623649120,-0.1064549685,-0.2500422299,0.2175984681,0.2493425310,-0.9436520338,1,124.9,206.5,1779.3,1,-0.1405067295,-0.9579952955,-0.2500058413,-0.9891062975,0.1470143944,-0.0074518784,0.0438933223,0.2462353110,-0.9682156444,1,167.6,-45.7,1836.3,1,1.0000000000,-0.0000000000,-0.0000000000,0.0000000000,1.0000000000,0.0000000000,0.0000000000,-0.0000000000,1.0000000000,0,-88.9,-173.2,1842.9,1,1.0000000000,-0.0000000002,0.0000000009,0.0000000002,1.0000000000,0.0000000022,-0.0000000009,-0.0000000022,1.0000000000,0,-88.9,-553.6,1842.9,0,0.9995864630,0.0247949176,0.0145640355,-0.0246639960,0.9996543527,-0.0091012977,-0.0147846676,0.0087383259,0.9998525381,0,85.9,-166.6,1857.3,1,0.9629895687,0.0140230693,0.2691736221,-0.0134411752,0.9999016523,-0.0040047672,-0.2692033052,0.0002385394,0.9630833268,0,76.5,-546.8,1853.9,0,-142.5,-301.0,1757.4,0,129.2,-315.7,1848.3,1,-88.9,-919.3,1842.9,0,71.3,-912.5,1853.9,0,
4,0.9964188933,-0.0293827020,-0.0792254508,0.0459025130,0.9754073024,0.2155772746,0.0709398389,-0.2184448987,0.9732611179,1,-14.9,396.9,1723.3,1,0.9964188933,-0.0293827020,-0.0792254508,0.0459025130,0.9754073024,0.2155772746,0.0709398389,-0.2184448987,0.9732611179,1,-8.9,199.3,1767.5,1,0.9967647195,-0.0125169791,-0.0793340355,0.0298017971,0.9749018550,0.2206314057,0.0745782778,-0.2222849429,0.9721189737,1,-6.5,13.9,1809.8,1,-0.0000005960,-1.0000001192,-0.0000000000,1.0000001192,-0.0000005960,0.0000000000,-0.0000000000,-0.0000000000,1.0000000000,0,-142.7,195.3,1757.5,1,0.0000170469,-0.9999990463,-0.0000093755,0.9999990463,0.0000170469,0.0000005719,-0.0000005717,-0.0000093755,1.0000000000,0,-142.7,-53.4,1757.5,0,0.1650920510,-0.9602491856,-0.2250914127,-0.9605817795,-0.1047909707,-0.2574908435,0.2236678153,0.2587283850,-0.9396980405,1,124.9,203.3,1777.5,1,-0.1352578402,-0.9565160275,-0.2584231198,-0.9893752337,0.1444203705,-0.0167153329,0.0533100404,0.2534165382,-0.9658872485,1,167.6,-44.9,1835.3,1,1.0000000000,-0.0000000000,-0.0000000000,0.0000000000,1.0000000000,0.0000000000,0.0000000000,-0.0000000000,1.0000000000,0,-91.6,-174.1,1845.5,1,1.0000000000,-0.0000000002,0.0000000008,0.0000000002,1.0000000000,0.0000000020,-0.0000000008,-0.0000000020,1.0000000000,0,-91.6,-554.4,1845.5,0,0.9997353554,0.0198266767,0.0116695976,-0.0197428837,0.9997788072,-0.0072524436,-0.0118108084,0.0070201326,0.9999055862,0,83.3,-168.8,1858.6,1,0.9699861407,0.0126241753,0.2428323179,-0.0121522853,0.9999202490,-0.0034411424,-0.2428563982,0.0003868933,0.9700621963,0,75.8,-549.1,1855.9,0,-142.7,-302.0,1757.5,0,130.7,-314.9,1849.9,1,-91.6,-920.1,1845.5,0,71.2,-914.8,1855.8,0,
5,0.9964024425,-0.0285701677,-0.0797269940,0.0449343771,0.9762935638,0.2117353827,0.0717846453,-0.2145591378,0.9740632176,1,-16.0,398.1,1724.3,1,0.9964024425,-0.0285701677,-0.0797269940,0.0449343771,0.9762935638,0.2117353827,0.0717846453,-0.2145591378,0.9740632176,1,-10.2,200.1,1767.9,1,0.9967207909,-0.0127276555,-0.0798510015,0.0298891012,0.9755811691,0.2175959349,0.0751286671,-0.2192721218,0.9727606177,1,-7.8,14.5,1809.6,1,-0.0000005960,-1.0000001192,-0.0000000000,1.0000001192,-0.0000005960,0.0000000000,-0.0000000000,-0.0000000000,1.0000000000,0,-144.0,196.0,1757.8,1,0.0000170469,-0.9999990463,-0.0000084380,0.9999990463,0.0000170469,0.0000005147,-0.0000005146,-0.0000084380,1.0000000000,0,-144.0,-52.6,1757.8,0,0.1629029661,-0.9606103897,-0.2251449227,-0.9622660279,-0.1042759717,-0.2513376176,0.2179603577,0.2575929463,-0.9413496256,1,123.6,204.1,1777.9,1,-0.1226265430,-0.9590017796,-0.2554959059,-0.9902132154,0.1355111301,-0.0333821215,0.0666360483,0.2489019036,-0.9662336707,1,166.8,-50.9,1835.7,1,1.0000000000,-0.0000000000,-0.0000000000,0.0000000000,1.0000000000,0.0000000000,0.0000000000,-0.0000000000,1.0000000000,0,-92.8,-173.6,1844.7,1,1.0000000000,-0.0000000002,0.0000000007,0.0000000002,1.0000000000,0.0000000018,-0.0000000007,-0.0000000018,1.0000000000,0,-92.8,-553.9,1844.7,0,0.9998306036,0.0158552621,0.0093473438,-0.0158016328,0.9998584390,-0.0057835975,-0.0094377212,0.0056349146,0.9999395609,0,82.1,-168.3,1857.8,1,0.9756655097,0.0113621065,0.2189696580,-0.0109795099,0.9999353290,-0.0029640766,-0.2189891785,0.0004877682,0.9757271409,0,76.1,-548.6,1855.7,0,-144.0,-301.3,1757.8,0,133.3,-321.1,1853.9,1,-92.8,-919.6,1844.7,0,71.9,-914.3,1855.5,0,
6,0.9960980415,-0.0288773030,-0.0833385438,0.0455143377,0.9776487947,0.2052591890,0.0755455047,-0.2082543224,0.9751465917,1,-17.1,397.7,1726.8,1,0.9960980415,-0.0288773030,-0.0833385438,0.0455143377,0.9776487947,0.2052591890,0.0755455047,-0.2082543224,0.9751465917,1,-11.2,200.5,1768.8,1,0.9963507056,-0.0172329228,-0.0835394040,0.0348081030,0.9762636423,0.2137701064,0.0778696090,-0.2159008831,0.9732990265,1,-8.0,14.9,1809.9,1,-0.0000005960,-1.0000001192,-0.0000000000,1.0000001192,-0.0000005960,0.0000000000,-0.0000000000,-0.0000000000,1.0000000000,0,-145.0,195.9,1758.3,1,0.0000170469,-0.9999990463,-0.0000075942,0.9999990463,0.0000170469,0.0000004632,-0.0000004631,-0.0000075942,1.0000000000,0,-145.0,-52.8,1758.3,0,0.1646616906,-0.9610203505,-0.2220955342,-0.9634510279,-0.1084714532,-0.2449406385,0.2113018930,0.2543105185,-0.9437572360,1,122.5,205.2,1779.3,1,-0.1173738241,-0.9609800577,-0.2504809201,-0.9898944497,0.1334244907,-0.0480299369,0.0795761049,0.2423122227,-0.9669293761,1,166.5,-52.3,1835.7,1,1.0000000000,-0.0000000000,-0.0000000000,0.0000000000,1.0000000000,0.0000000000,0.0000000000,-0.0000000000,1.0000000000,0,-92.1,-173.8,1844.1,1,1.0000000000,-0.0000000002,0.0000000007,0.0000000002,1.0000000000,0.0000000016,-0.0000000007,-0.0000000016,1.0000000000,0,-92.1,-554.1,1844.1,0,0.9998915792,0.0126802409,0.0074852956,-0.0126459179,0.9999094009,-0.0046150996,-0.0075431382,0.0045199408,0.9999613166,0,82.8,-167.7,1857.7,1,0.9802737832,0.0102244159,0.1973796934,-0.0099142725,0.9999475479,-0.0025594248,-0.1973955184,0.0005520610,0.9803237915,0,77.9,-548.0,1856.0,0,-145.0,-301.5,1758.3,0,134.5,-322.5,1857.5,1,-92.1,-919.8,1844.1,0,74.2,-913.7,1855.8,0,
7,0.9953582883,-0.0327034481,-0.0904590487,0.0510759465,0.9765898585,0.2089578956,0.0815047324,-0.2126112133,0.9737254381,1,-16.9,395.9,1726.5,1,0.9953582883,-0.0327034481,-0.0904590487,0.0510759465,0.9765898585,0.2089578956,0.0815047324,-0.2126112133,0.9737254381,1,-10.3,199.2,1769.3,1,0.9956601858,-0.0207749847,-0.0906627923,0.0400574245,0.9754838347,0.2163946480,0.0839414820,-0.2190902680,0.9720808268,1,-6.3,13.7,1811.0,1,-0.0000005960,-1.0000001192,-0.0000000000,1.0000001192,-0.0000005960,0.0000000000,-0.0000000000,-0.0000000000,1.0000000000,0,-143.9,193.8,1758.1,1,0.0000170469,-0.9999990463,-0.0000068347,0.9999990463,0.0000170469,0.0000004169,-0.0000004168,-0.0000068347,1.0000000000,0,-143.9,-54.9,1758.1,0,0.1618928909,-0.9627065063,-0.2167644799,-0.9650177956,-0.1085444987,-0.2386601716,0.2062310725,0.2478189617,-0.9466015697,1,123.4,204.6,1780.6,1,-0.1032510772,-0.9645661712,-0.2427987903,-0.9910227656,0.1206051111,-0.0576915964,0.0849301368,0.2346623987,-0.9683596492,1,166.4,-51.7,1835.4,1,1.0000000000,-0.0000000000,-0.0000000000,0.0000000000,1.0000000000,0.0000000000,0.0000000000,-0.0000000000,1.0000000000,0,-89.8,-175.3,1845.3,1,1.0000000000,-0.0000000002,0.0000000006,0.0000000002,1.0000000000,0.0000000014,-0.0000000006,-0.0000000014,1.0000000000,0,-89.8,-555.7,1845.3,0,0.9999306202,0.0101416130,0.0059929620,-0.0101196449,0.9999420047,-0.0036845270,-0.0060299812,0.0036236246,0.9999752641,0,85.0,-168.3,1860.0,1,0.9840117693,0.0091994917,0.1778658181,-0.0089481184,0.9999575019,-0.0022154218,-0.1778786331,0.0005884368,0.9840522408,0,81.2,-548.6,1858.7,0,-143.9,-303.5,1758.1,0,138.2,-322.2,1858.6,1,-89.8,-921.4,1845.3,0,77.8,-914.3,1858.4,0,
8,0.9943003654,-0.0435679629,-0.0972593129,0.0643802583,0.9728277922,0.2223985493,0.0849240571,-0.2273954749,0.9700860977,1,-18.2,395.3,1723.9,1,0.9943003654,-0.0435679629,-0.0972593129,0.0643802583,0.9728277922,0.2223985493,0.0849240571,-0.2273954749,0.9700860977,1,-9.5,199.4,1769.7,1,0.9947813749,-0.0304019079,-0.0973467305,0.0517252460,0.9730545878,0.2246980071,0.0878893808,-0.2285636365,0.9695472717,1,-3.7,14.4,1813.1,1,-0.0000005960,-1.0000001192,-0.0000000000,1.0000001192,-0.0000005960,0.0000000000,-0.0000000000,-0.0000000000,1.0000000000,0,-143.0,192.5,1757.9,1,0.0000170469,-0.9999990463,-0.0000061513,0.9999990463,0.0000170469,0.0000003752,-0.0000003751,-0.0000061513,1.0000000000,0,-143.0,-56.2,1757.9,0,0.1630896926,-0.9636157751,-0.2117695063,-0.9645742178,-0.1106181741,-0.2394996285,0.2073600441,0.2433273345,-0.9475197792,1,124.1,206.4,1781.5,1,-0.0928762630,-0.9665696025,-0.2389924377,-0.9928119183,0.1080998480,-0.0513713509,0.0754890293,0.2325033695,-0.9696615934,1,167.2,-48.6,1836.3,1,1.0000000000,-0.0000000000,-0.0000000000,0.0000000000,1.0000000000,0.0000000000,0.0000000000,-0.0000000000,1.0000000000,0,-85.2,-175.2,1848.9,1,1.0000000000,-0.0000000001,0.0000000005,0.0000000001,1.0000000000,0.0000000013,-0.0000000005,-0.0000000013,1.0000000000,0,-85.2,-555.5,1848.9,0,0.9999555945,0.0081116166,0.0047973804,-0.0080975574,0.9999628663,-0.0029427798,-0.0048210733,0.0029038021,0.9999841452,0,89.4,-166.1,1864.3,1,0.9870429039,0.0082765948,0.1602427661,-0.0080728792,0.9999655485,-0.0019222847,-0.1602531672,0.0006037569,0.9870757461,0,86.3,-546.4,1863.2,0,-143.0,-304.9,1757.9,0,141.8,-319.5,1856.9,1,-85.2,-921.2,1848.9,0,83.3,-912.1,1863.0,0,
9,0.9942532182,-0.0460799672,-0.0965800136,0.0668718442,0.9721536636,0.2246002108,0.0835379809,-0.2297709137,0.9696465731,1,-18.9,395.3,1724.5,1,0.9942532182,-0.0460799672,-0.0965800136,0.0668718442,0.9721536636,0.2246002108,0.0835379809,-0.2297709137,0.9696465731,1,-9.6,199.8,1770.7,1,0.9947786927,-0.0324803330,-0.0967007279,0.0538676940,0.9722664356,0.2275879085,0.0866236761,-0.2316116095,0.9689376354,1,-3.5,14.9,1814.7,1,-0.0000005960,-1.0000001192,-0.0000000000,1.0000001192,-0.0000005960,0.0000000000,-0.0000000000,-0.0000000000,1.0000000000,0,-143.2,192.5,1759.1,1,0.0000170469,-0.9999990463,-0.0000055361,0.9999990463,0.0000170469,0.0000003377,-0.0000003376,-0.0000055361,1.0000000000,0,-143.2,-56.1,1759.1,0,0.1625472009,-0.9633390903,-0.2134387493,-0.9653131962,-0.1104642823,-0.2365755886,0.2043251693,0.2444899380,-0.9478796721,1,123.9,207.0,1782.3,1,-0.0899131671,-0.9667462111,-0.2394102067,-0.9926325679,0.1065885127,-0.0576136895,0.0812161937,0.2324661463,-0.9692076445,1,167.2,-49.7,1836.7,1,1.0000000000,-0.0000000000,-0.0000000000,0.0000000000,1.0000000000,0.0000000000,0.0000000000,-0.0000000000,1.0000000000,0,-84.6,-174.7,1851.2,1,1.0000000000,-0.0000000001,0.0000000005,0.0000000001,1.0000000000,0.0000000012,-0.0000000005,-0.0000000012,1.0000000000,0,-84.6,-555.1,1851.2,0,0.9999715686,0.0064882110,0.0038398255,-0.0064792135,0.9999762177,-0.0023511213,-0.0038549888,0.0023261753,0.9999898672,0,90.0,-165.3,1866.4,1,0.9895004630,0.0074458653,0.1443378031,-0.0072807875,0.9999721050,-0.0016718787,-0.1443462372,0.0006034322,0.9895270467,0,87.6,-545.6,1865.5,0,-143.2,-304.8,1759.1,0,142.6,-320.6,1858.8,1,-84.6,-920.8,1851.2,0,84.8,-911.3,1865.3,0,
10,0.9953007102,-0.0343488492,-0.0904846936,0.0540947765,0.9726701975,0.2258017212,0.0802527070,-0.2296383679,0.9699553847,1,-18.8,395.4,1724.9,1,0.9953007102,-0.0343488492,-0.0904846936,0.0540947765,0.9726701975,0.2258017212,0.0802527070,-0.2296383679,0.9699553847,1,-11.9,199.1,1771.2,1,0.9956557751,-0.0218681209,-0.0904551148,0.0418017693,0.9735130072,0.2247775793,0.0831407532,-0.2275852561,0.9701960087,1,-7.7,14.0,1814.5,1,-0.0000005960,-1.0000001192,-0.0000000000,1.0000001192,-0.0000005960,0.0000000000,-0.0000000000,-0.0000000000,1.0000000000,0,-145.5,193.5,1760.1,1,0.0000170469,-0.9999990463,-0.0000049825,0.9999990463,0.0000170469,0.0000003039,-0.0000003038,-0.0000049825,1.0000000000,0,-145.5,-55.2,1760.1,0,0.1705253571,-0.9609420896,-0.2179713994,-0.9636379480,-0.1164504513,-0.2405020297,0.2057256550,0.2510572076,-0.9458579421,1,121.8,204.7,1782.4,1,-0.0828343779,-0.9657537341,-0.2458824813,-0.9933541417,0.0997998416,-0.0573371351,0.0799125880,0.2394988835,-0.9676023126,1,167.1,-51.2,1837.0,1,1.0000000000,-0.0000000000,-0.0000000000,0.0000000000,1.0000000000,0.0000000000,0.0000000000,-0.0000000000,1.0000000000,0,-90.9,-174.8,1850.5,1,1.0000000000,-0.0000000001,0.0000000004,0.0000000001,1.0000000000,0.0000000010,-0.0000000004,-0.0000000010,1.0000000000,0,-90.9,-555.2,1850.5,0,0.9999818206,0.0051898714,0.0030730865,-0.0051841130,0.9999848008,-0.0018789092,-0.0030827909,0.0018629438,0.9999935031,0,83.8,-167.5,1865.1,1,0.9914925098,0.0066982941,0.1299910843,-0.0065645366,0.9999774098,-0.0014574382,-0.1299979091,0.0005917080,0.9915140867,0,81.9,-547.8,1864.4,0,-145.5,-303.9,1760.1,0,144.5,-322.4,1858.8,1,-90.9,-920.9,1850.5,0,79.4,-913.5,1864.1,0,
11,0.9958587885,-0.0212709773,-0.0883375704,0.0409278460,0.9730078578,0.2271133065,0.0811192542,-0.2297913134,0.9698470831,1,-17.9,392.4,1725.6,1,0.9958587885,-0.0212709773,-0.0883375704,0.0409278460,0.9730078578,0.2271133065,0.0811192542,-0.2297913134,0.9698470831,1,-13.6,196.4,1771.9,1,0.9960235357,-0.0114192721,-0.0883029178,0.0311158951,0.9738503098,0.2250493020,0.0834209472,-0.2269050479,0.9703312516,1,-11.5,11.2,1815.0,1,-0.0000005960,-1.0000001192,-0.0000000000,1.0000001192,-0.0000005960,0.0000000000,-0.0000000000,-0.0000000000,1.0000000000,0,-147.4,192.2,1760.7,1,0.0000170469,-0.9999990463,-0.0000044842,0.9999990463,0.0000170469,0.0000002735,-0.0000002735,-0.0000044843,1.0000000000,0,-147.4,-56.4,1760.7,0,0.1771997809,-0.9595801830,-0.2186459452,-0.9614342451,-0.1212976724,-0.2468422949,0.2103437632,0.2539541125,-0.9440671206,1,120.1,200.6,1783.1,1,-0.0786845013,-0.9654343724,-0.2484859228,-0.9936389923,0.0960949585,-0.0587131083,0.0805618837,0.2422854900,-0.9668545127,1,166.8,-53.2,1838.6,1,1.0000000000,-0.0000000000,-0.0000000000,0.0000000000,1.0000000000,0.0000000000,0.0000000000,-0.0000000000,1.0000000000,0,-96.7,-176.7,1850.8,1,1.0000000000,-0.0000000001,0.0000000004,0.0000000001,1.0000000000,0.0000000009,-0.0000000004,-0.0000000009,1.0000000000,0,-96.7,-557.0,1850.8,0,0.9999883771,0.0041514472,0.0024592520,-0.0041477620,0.9999902844,-0.0015018540,-0.0024654630,0.0014916363,0.9999958277,0,78.1,-171.2,1865.5,1,0.9931070805,0.0060256859,0.1170555055,-0.0059173126,0.9999817014,-0.0012733296,-0.1170610338,0.0005718987,0.9931245446,0,76.5,-551.5,1864.9,0,-147.4,-305.1,1760.7,0,145.4,-324.4,1860.6,1,-96.7,-922.7,1850.8,0,74.3,-917.2,1864.7,0,
12,0.9960748553,-0.0142595358,-0.0873059109,0.0340787284,0.9726020694,0.2299641669,0.0816317797,-0.2320399135,0.9692685604,1,-17.7,393.7,1725.9,1,0.9960748553,-0.0142595358,-0.0873059109,0.0340787284,0.9726020694,0.2299641669,0.0816317797,-0.2320399135,0.9692685604,1,-14.8,196.7,1772.9,1,0.9961726069,-0.0041803177,-0.0872548893,0.0237577204,0.9741665125,0.2245773822,0.0840590298,-0.2257938534,0.9705353975,1,-14.0,11.4,1815.8,1,-0.0000005960,-1.0000001192,-0.0000000000,1.0000001192,-0.0000005960,0.0000000000,-0.0000000000,-0.0000000000,1.0000000000,0,-148.5,193.5,1761.6,1,0.0000170469,-0.9999990463,-0.0000040358,0.9999990463,0.0000170469,0.0000002462,-0.0000002461,-0.0000040358,1.0000000000,0,-148.5,-55.2,1761.6,0,0.1740224659,-0.9601026177,-0.2189044058,-0.9612343907,-0.1173367649,-0.2495202124,0.2138794512,0.2538405657,-0.9433030486,1,119.0,199.9,1784.2,1,-0.0725795776,-0.9660257101,-0.2480454743,-0.9939558506,0.0905976295,-0.0619996972,0.0823656321,0.2420463413,-0.9667623639,1,165.2,-55.6,1841.0,1,1.0000000000,-0.0000000000,-0.0000000000,0.0000000000,1.0000000000,0.0000000000,0.0000000000,-0.0000000000,1.0000000000,0,-100.6,-175.9,1851.4,1,1.0000000000,-0.0000000001,0.0000000004,0.0000000001,1.0000000000,0.0000000008,-0.0000000004,-0.0000000008,1.0000000000,0,-100.6,-556.2,1851.4,0,0.9999925494,0.0033208688,0.0019679021,-0.0033185103,0.9999938011,-0.0012006679,-0.0019718769,0.0011941284,0.9999973178,0,74.2,-171.7,1866.2,1,0.9944155216,0.0054206001,0.1053962633,-0.0053327987,0.9999851584,-0.0011148574,-0.1054007486,0.0005465742,0.9944296479,0,73.0,-552.1,1865.7,0,-148.5,-303.9,1761.6,0,145.4,-326.9,1863.5,1,-100.6,-921.9,1851.4,0,71.0,-917.8,1865.5,0,
13,0.9957803488,-0.0097495662,-0.0911983401,0.0319524854,0.9689166546,0.2453146726,0.0859689265,-0.2471967191,0.9651378393,1,-16.2,393.2,1723.1,1,0.9957803488,-0.0097495662,-0.0911983401,0.0319524854,0.9689166546,0.2453146726,0.0859689265,-0.2471967191,0.9651378393,1,-14.2,196.7,1773.2,1,0.9958323836,0.0009564392,-0.0911463797,0.0204687603,0.9720581770,0.2338455915,0.0888202861,-0.2347396910,0.9679855704,1,-14.4,11.8,1817.8,1,-0.0000005960,-1.0000001192,-0.0000000000,1.0000001192,-0.0000005960,0.0000000000,-0.0000000000,-0.0000000000,1.0000000000,0,-147.9,193.9,1761.3,1,0.0000170469,-0.9999990463,-0.0000036322,0.9999990463,0.0000170469,0.0000002216,-0.0000002215,-0.0000036322,1.0000000000,0,-147.9,-54.8,1761.3,0,0.1691743135,-0.9616397619,-0.2159378380,-0.9608498216,-0.1121426374,-0.2533611059,0.2194263190,0.2503460050,-0.9429628253,1,119.5,199.4,1785.1,1,-0.0730471537,-0.9670460820,-0.2438973337,-0.9933925271,0.0922545120,-0.0682658702,0.0885168612,0.2372991592,-0.9673954844,1,164.4,-55.9,1843.4,1,1.0000000000,-0.0000000000,-0.0000000000,0.0000000000,1.0000000000,0.0000000000,0.0000000000,-0.0000000000,1.0000000000,0,-102.0,-174.8,1854.7,1,1.0000000000,-0.0000000001,0.0000000003,0.0000000001,1.0000000000,0.0000000008,-0.0000000003,-0.0000000008,1.0000000000,0,-102.0,-555.1,1854.7,0,0.9999952316,0.0026565096,0.0015746413,-0.0026550000,0.9999960065,-0.0009600123,-0.0015771852,0.0009558270,0.9999982715,0,72.8,-171.2,1870.3,1,0.9954757690,0.0048763091,0.0948904380,-0.0048051775,0.9999879599,-0.0009781043,-0.0948940739,0.0005177137,0.9954872131,0,71.8,-551.6,1869.9,0,-147.9,-303.5,1761.3,0,144.5,-327.0,1867.6,1,-102.0,-920.9,1854.7,0,70.0,-917.3,1869.7,0,
14,0.9955641031,-0.0106795523,-0.0934284851,0.0340761282,0.9669725895,0.2525916696,0.0876422524,-0.2546579838,0.9630451798,1,-16.7,392.9,1721.6,1,0.9955641031,-0.0106795523,-0.0934284851,0.0340761282,0.9669725895,0.2525916696,0.0876422524,-0.2546579838,0.9630451798,1,-14.6,196.6,1773.3,1,0.9956247807,-0.0028643128,-0.0933483467,0.0253980551,0.9701603055,0.2411301583,0.0898692161,-0.2424490154,0.9659864902,1,-14.0,12.1,1819.4,1,-0.0000005960,-1.0000001192,-0.0000000000,1.0000001192,-0.0000005960,0.0000000000,-0.0000000000,-0.0000000000,1.0000000000,0,-148.2,193.2,1761.3,1,0.0000170469,-0.9999990463,-0.0000032690,0.9999990463,0.0000170469,0.0000001994,-0.0000001993,-0.0000032690,1.0000000000,0,-148.2,-55.5,1761.3,0,0.1683835387,-0.9621164203,-0.2144273818,-0.9599102736,-0.1105929762,-0.2575685680,0.2240967900,0.2492013574,-0.9421673417,1,119.1,200.0,1785.4,1,-0.1011666581,-0.9645794630,-0.2436227500,-0.9909012318,0.1195451692,-0.0618358776,0.0887695178,0.2351503521,-0.9678969383,1,164.1,-56.3,1845.2,1,1.0000000000,-0.0000000000,-0.0000000000,0.0000000000,1.0000000000,0.0000000000,0.0000000000,-0.0000000000,1.0000000000,0,-100.9,-174.6,1857.6,1,1.0000000000,-0.0000000001,0.0000000003,0.0000000001,1.0000000000,0.0000000007,-0.0000000003,-0.0000000007,1.0000000000,0,-100.9,-554.9,1857.6,0,0.9999969602,0.0021250886,0.0012599175,-0.0021241223,0.9999974370,-0.0007676756,-0.0012615457,0.0007649970,0.9999989271,0,73.9,-170.2,1873.4,1,0.9963348508,0.0043867347,0.0854261294,-0.0043291100,0.9999902844,-0.0008597970,-0.0854290649,0.0004868266,0.9963441491,0,73.1,-550.5,1873.1,0,-148.2,-304.2,1761.3,0,136.5,-326.6,1869.4,1,-100.9,-920.6,1857.6,0,71.5,-916.2,1872.9,0,
15,0.9943932295,-0.0204792731,-0.1036991477,0.0465332009,0.9656836987,0.2555176914,0.0949047655,-0.2589136660,0.9612205029,1,-17.8,392.1,1721.4,1,0.9943932295,-0.0204792731,-0.1036991477,0.0465332009,0.9656836987,0.2555176914,0.0949047655,-0.2589136660,0.9612205029,1,-13.7,196.4,1773.9,1,0.9945890903,-0.0085369181,-0.1034916490,0.0334705971,0.9697791934,0.2416772246,0.0982978642,-0.2438364476,0.9648156762,1,-12.1,12.0,1820.3,1,-0.0000005960,-1.0000001192,-0.0000000000,1.0000001192,-0.0000005960,0.0000000000,-0.0000000000,-0.0000000000,1.0000000000,0,-147.2,191.9,1760.7,1,0.0000170469,-0.9999990463,-0.0000029421,0.9999990463,0.0000170469,0.0000001795,-0.0000001794,-0.0000029421,1.0000000000,0,-147.2,-56.8,1760.7,0,0.1735873222,-0.9631263018,-0.2055608034,-0.9599308372,-0.1188450605,-0.2537886798,0.2200006694,0.2413786501,-0.9451645613,1,119.8,200.9,1787.1,1,-0.1243996397,-0.9637526870,-0.2360203862,-0.9882284403,0.1416886151,-0.0576962568,0.0890462995,0.2260646671,-0.9700338840,1,166.7,-58.1,1846.5,1,1.0000000000,-0.0000000000,-0.0000000000,0.0000000000,1.0000000000,0.0000000000,0.0000000000,-0.0000000000,1.0000000000,0,-97.7,-175.4,1858.0,1,1.0000000000,-0.0000000001,0.0000000003,0.0000000001,1.0000000000,0.0000000006,-0.0000000003,-0.0000000006,1.0000000000,0,-97.7,-555.7,1858.0,0,0.9999980330,0.0016999944,0.0010080648,-0.0016993760,0.9999983907,-0.0006139265,-0.0010091068,0.0006122122,0.9999992847,0,76.9,-169.5,1875.3,1,0.9970308542,0.0039463835,0.0769015327,-0.0038997019,0.9999921322,-0.0007571923,-0.0769039169,0.0004550511,0.9970384240,0,76.2,-549.8,1875.0,0,-147.2,-305.5,1760.7,0,132.7,-327.7,1870.7,1,-97.7,-921.4,1858.0,0,74.8,-915.5,1874.9,0,
16,0.9945132136,-0.0264607612,-0.1011642367,0.0517487042,0.9652183652,0.2562717795,0.0908614248,-0.2601039410,0.9612899423,1,-19.4,390.1,1721.8,1,0.9945132136,-0.0264607612,-0.1011642367,0.0517487042,0.9652183652,0.2562717795,0.0908614248,-0.2601039410,0.9612899423,1,-14.1,195.3,1774.3,1,0.9948074818,-0.0132065350,-0.1008686423,0.0373935774,0.9695917964,0.2418539226,0.0946043357,-0.2443729043,0.9650492072,1,-11.6,10.9,1820.8,1,-0.0000005960,-1.0000001192,-0.0000000000,1.0000001192,-0.0000005960,0.0000000000,-0.0000000000,-0.0000000000,1.0000000000,0,-147.7,190.3,1761.6,1,0.0000170469,-0.9999990463,-0.0000026479,0.9999990463,0.0000170469,0.0000001615,-0.0000001615,-0.0000026479,1.0000000000,0,-147.7,-58.4,1761.6,0,0.1774093211,-0.9620352983,-0.2073981613,-0.9583467245,-0.1209508777,-0.2587323487,0.2238246799,0.2446608841,-0.9434211850,1,119.4,200.3,1787.0,1,-0.1273596436,-0.9625912905,-0.2391597480,-0.9876580834,0.1452411115,-0.0586222187,0.0911650807,0.2287419438,-0.9692088962,1,167.0,-56.7,1847.0,1,1.0000000000,-0.0000000000,-0.0000000000,0.0000000000,1.0000000000,0.0000000000,0.0000000000,-0.0000000000,1.0000000000,0,-96.4,-176.8,1859.0,1,1.0000000000,-0.0000000001,0.0000000002,0.0000000001,1.0000000000,0.0000000006,-0.0000000002,-0.0000000006,1.0000000000,0,-96.4,-557.1,1859.0,0,0.9999987483,0.0013599468,0.0008065354,-0.0013595510,0.9999989271,-0.0004910041,-0.0008072024,0.0004899070,0.9999995828,0,78.2,-170.2,1875.6,1,0.9975947738,0.0035503134,0.0692245662,-0.0035124975,0.9999936223,-0.0006679914,-0.0692264885,0.0004232337,0.9976008534,0,77.7,-550.5,1875.4,0,-147.7,-307.1,1761.6,0,132.3,-326.2,1871.9,1,-96.4,-922.8,1859.0,0,76.4,-916.2,1875.2,0,
17,0.9944633245,-0.0223050453,-0.1026444808,0.0487509929,0.9635788798,0.2629423738,0.0930381268,-0.2664938271,0.9593295455,1,-17.0,391.4,1720.6,1,0.9944633245,-0.0223050453,-0.1026444808,0.0487509929,0.9635788798,0.2629423738,0.0930381268,-0.2664938271,0.9593295455,1,-12.4,196.3,1774.5,1,0.9946816564,-0.0118419714,-0.1022684649,0.0363889858,0.9696798921,0.2416536808,0.0963030085,-0.2440929115,0.9649520516,1,-10.2,11.9,1820.9,1,-0.0000005960,-1.0000001192,-0.0000000000,1.0000001192,-0.0000005960,0.0000000000,-0.0000000000,-0.0000000000,1.0000000000,0,-146.0,191.4,1761.6,1,0.0000170469,-0.9999990463,-0.0000023831,0.9999990463,0.0000170469,0.0000001454,-0.0000001453,-0.0000023831,1.0000000000,0,-146.0,-57.3,1761.6,0,0.1723645627,-0.9632946253,-0.2058004588,-0.9587079287,-0.1160769016,-0.2596252561,0.2262069434,0.2420527339,-0.9435257316,1,121.1,201.2,1787.5,1,-0.1359790117,-0.9620393515,-0.2366218120,-0.9863018990,0.1539658457,-0.0591867082,0.0933716297,0.2253323942,-0.9697973728,1,167.4,-56.4,1848.2,1,1.0000000000,-0.0000000000,-0.0000000000,0.0000000000,1.0000000000,0.0000000000,0.0000000000,-0.0000000000,1.0000000000,0,-95.2,-175.7,1858.9,1,1.0000000000,-0.0000000001,0.0000000002,0.0000000001,1.0000000000,0.0000000005,-0.0000000002,-0.0000000005,1.0000000000,0,-95.2,-556.0,1858.9,0,0.9999992251,0.0010879259,0.0006452818,-0.0010876725,0.9999993443,-0.0003927156,-0.0006457086,0.0003920134,0.9999997020,0,79.4,-169.3,1875.8,1,0.9980516434,0.0031940662,0.0623117015,-0.0031634332,0.9999948144,-0.0005902607,-0.0623132661,0.0003919918,0.9980565906,0,79.0,-549.6,1875.7,0,-146.0,-305.9,1761.6,0,130.3,-325.5,1873.7,1,-95.2,-921.7,1858.9,0,77.8,-915.3,1875.5,0,
18,0.9933077693,-0.0268492624,-0.1122915149,0.0575459301,0.9582973123,0.2799185514,0.1000900343,-0.2845104337,0.9534274936,1,-15.9,390.9,1715.9,1,0.9933077693,-0.0268492624,-0.1122915149,0.0575459301,0.9582973123,0.2799185514,0.1000900343,-0.2845104337,0.9534274936,1,-10.5,196.4,1773.6,1,0.9936370254,-0.0142519511,-0.1116820127,0.0421215668,0.9669744968,0.2513681054,0.1044081300,-0.2544758320,0.9614202976,1,-7.8,12.5,1822.0,1,-0.0000005960,-1.0000001192,-0.0000000000,1.0000001192,-0.0000005960,0.0000000000,-0.0000000000,-0.0000000000,1.0000000000,0,-143.9,190.7,1759.6,1,0.0000170469,-0.9999990463,-0.0000021448,0.9999990463,0.0000170469,0.0000001308,-0.0000001308,-0.0000021448,1.0000000000,0,-143.9,-58.0,1759.6,0,0.1671124101,-0.9658259749,-0.1981255710,-0.9586974382,-0.1122703329,-0.2613324523,0.2301580608,0.2336143702,-0.9446966052,1,122.9,202.0,1787.6,1,-0.1394477189,-0.9635557532,-0.2282860577,-0.9858961701,0.1566413194,-0.0589246079,0.0925361738,0.2168494463,-0.9718093276,1,167.6,-54.3,1849.2,1,1.0000000000,-0.0000000000,-0.0000000000,0.0000000000,1.0000000000,0.0000000000,0.0000000000,-0.0000000000,1.0000000000,0,-92.3,-175.1,1861.2,1,1.0000000000,-0.0000000000,0.0000000002,0.0000000000,1.0000000000,0.0000000004,-0.0000000002,-0.0000000004,1.0000000000,0,-92.3,-555.4,1861.2,0,0.9999994636,0.0008703204,0.0005162596,-0.0008701584,0.9999995828,-0.0003141163,-0.0005165327,0.0003136669,0.9999998212,0,82.2,-167.7,1879.6,1,0.9984217286,0.0028736347,0.0560875237,-0.0028488205,0.9999958277,-0.0005223720,-0.0560887903,0.0003617643,0.9984257221,0,81.8,-548.0,1879.5,0,-143.9,-306.7,1759.6,0,129.5,-323.4,1874.4,1,-92.3,-921.1,1861.2,0,80.8,-913.7,1879.3,0,
19,0.9923560619,-0.0329826027,-0.1188789904,0.0661564469,0.9556041956,0.2871296704,0.1041279435,-0.2928027511,0.9504799843,1,-15.4,389.9,1713.6,1,0.9923560619,-0.0329826027,-0.1188789904,0.0661564469,0.9556041956,0.2871296704,0.1041279435,-0.2928027511,0.9504799843,1,-8.7,195.8,1773.0,1,0.9928237200,-0.0190689657,-0.1180173010,0.0488959365,0.9656180739,0.2553246617,0.1090877950,-0.2592658401,0.9596192241,1,-5.1,12.2,1822.3,1,-0.0000005960,-1.0000001192,-0.0000000000,1.0000001192,-0.0000005960,0.0000000000,-0.0000000000,-0.0000000000,1.0000000000,0,-142.0,189.2,1758.4,1,0.0000170469,-0.9999990463,-0.0000019303,0.9999990463,0.0000170469,0.0000001177,-0.0000001177,-0.0000019303,1.0000000000,0,-142.0,-59.5,1758.4,0,0.1628897041,-0.9677013159,-0.1924081743,-0.9584382176,-0.1088992357,-0.2636986971,0.2342284769,0.2273651510,-0.9452206492,1,124.6,202.3,1787.7,1,-0.1411294043,-0.9648283720,-0.2217851579,-0.9854575396,0.1583276987,-0.0616904534,0.0946354344,0.2098535299,-0.9731421471,1,167.9,-52.8,1850.0,1,1.0000000000,-0.0000000000,-0.0000000000,0.0000000000,1.0000000000,0.0000000000,0.0000000000,-0.0000000000,1.0000000000,0,-88.6,-175.8,1862.1,1,1.0000000000,-0.0000000000,0.0000000002,0.0000000000,1.0000000000,0.0000000004,-0.0000000002,-0.0000000004,1.0000000000,0,-88.6,-556.1,1862.1,0,0.9999997020,0.0006962435,0.0004130296,-0.0006961398,0.9999997020,-0.0002512572,-0.0004132044,0.0002509695,0.9999998808,0,85.7,-167.2,1881.2,1,0.9987215400,0.0025854087,0.0504837967,-0.0025653080,0.9999966025,-0.0004629497,-0.0504848249,0.0003328513,0.9987247586,0,85.4,-547.5,1881.1,0,-142.0,-308.1,1758.4,0,129.4,-321.7,1875.9,1,-88.6,-921.8,1862.1,0,84.5,-913.2,1881.0,0,
20,0.9927778244,-0.0346466601,-0.1148159876,0.0668571740,0.9546819329,0.2900207341,0.0995614603,-0.2956056893,0.9501015544,1,-16.1,387.8,1713.4,1,0.9927778244,-0.0346466601,-0.1148159876,0.0668571740,0.9546819329,0.2900207341,0.0995614603,-0.2956056893,0.9501015544,1,-9.1,194.0,1773.4,1,0.9932588935,-0.0221183226,-0.1137469932,0.0505794063,0.9659194946,0.2538523674,0.1042525843,-0.2578972280,0.9605250359,1,-4.9,10.4,1822.4,1,-0.0000005960,-1.0000001192,-0.0000000000,1.0000001192,-0.0000005960,0.0000000000,-0.0000000000,-0.0000000000,1.0000000000,0,-142.5,187.3,1759.4,1,0.0000170469,-0.9999990463,-0.0000017373,0.9999990463,0.0000170469,0.0000001060,-0.0000001059,-0.0000017373,1.0000000000,0,-142.5,-61.4,1759.4,0,0.1693120599,-0.9662083387,-0.1943574101,-0.9547515512,-0.1118741333,-0.2755604982,0.2445053011,0.2322187573,-0.9414305687,1,124.2,200.8,1787.4,1,-0.1397807151,-0.9636188149,-0.2278162837,-0.9865228534,0.1552907526,-0.0515512489,0.0850535184,0.2175401002,-0.9723384976,1,168.7,-49.8,1851.6,1,1.0000000000,-0.0000000000,-0.0000000000,0.0000000000,1.0000000000,0.0000000000,0.0000000000,-0.0000000000,1.0000000000,0,-87.9,-177.8,1862.3,1,1.0000000000,-0.0000000000,0.0000000002,0.0000000000,1.0000000000,0.0000000004,-0.0000000002,-0.0000000004,1.0000000000,0,-87.9,-558.1,1862.3,0,0.9999997616,0.0005569865,0.0003304377,-0.0005569202,0.9999998212,-0.0002009827,-0.0003305495,0.0002007986,0.9999999404,0,86.5,-168.9,1880.6,1,0.9989644289,0.0023261476,0.0454390757,-0.0023098653,0.9999972582,-0.0004108307,-0.0454399027,0.0003054471,0.9989670515,0,86.3,-549.2,1880.6,0,-142.5,-310.1,1759.4,0,130.5,-319.0,1874.8,1,-87.9,-923.8,1862.3,0,85.4,-914.9,1880.4,0,
21,0.9938868880,-0.0300320294,-0.1061970145,0.0599544868,0.9548109174,0.2911030352,0.0926526338,-0.2956936955,0.9507728219,1,-17.6,390.8,1712.3,1,0.9938868880,-0.0300320294,-0.1061970145,0.0599544868,0.9548109174,0.2911030352,0.0926526338,-0.2956936955,0.9507728219,1,-11.5,196.3,1772.6,1,0.9942106009,-0.0217315983,-0.1051849201,0.0479412377,0.9661349058,0.2535443902,0.0961098447,-0.2571220100,0.9615815878,1,-7.4,12.6,1821.5,1,-0.0000005960,-1.0000001192,-0.0000000000,1.0000001192,-0.0000005960,0.0000000000,-0.0000000000,-0.0000000000,1.0000000000,0,-145.0,189.8,1759.7,1,0.0000170469,-0.9999990463,-0.0000015635,0.9999990463,0.0000170469,0.0000000954,-0.0000000953,-0.0000015635,1.0000000000,0,-145.0,-58.8,1759.7,0,0.1780463010,-0.9633069634,-0.2008457929,-0.9513606429,-0.1163629591,-0.2852586210,0.2514206171,0.2418660223,-0.9371704459,1,122.0,202.7,1785.5,1,-0.1239582747,-0.9634888172,-0.2373260111,-0.9887546897,0.1400961727,-0.0523195304,0.0836577564,0.2281717807,-0.9700200558,1,169.1,-49.0,1852.0,1,1.0000000000,-0.0000000000,-0.0000000000,0.0000000000,1.0000000000,0.0000000000,0.0000000000,-0.0000000000,1.0000000000,0,-90.5,-175.4,1861.9,1,1.0000000000,-0.0000000000,0.0000000001,0.0000000000,1.0000000000,0.0000000003,-0.0000000001,-0.0000000003,1.0000000000,0,-90.5,-555.7,1861.9,0,0.9999998808,0.0004455840,0.0002643591,-0.0004455415,0.9999998808,-0.0001607715,-0.0002644307,0.0001606537,0.9999999404,0,84.0,-167.0,1878.8,1,0.9991611242,0.0020929389,0.0408979207,-0.0020797499,0.9999977946,-0.0003650282,-0.0408985913,0.0002796645,0.9991632700,0,83.9,-547.3,1878.7,0,-145.0,-307.5,1759.7,0,135.3,-318.9,1874.8,1,-90.5,-921.4,1861.9,0,83.1,-913.0,1878.6,0,
22,0.9929240942,-0.0309595186,-0.1146042123,0.0635762364,0.9539571404,0.2931265831,0.1002494097,-0.2983418107,0.9491736293,1,-17.6,388.3,1711.8,1,0.9929240942,-0.0309595186,-0.1146042123,0.0635762364,0.9539571404,0.2931265831,0.1002494097,-0.2983418107,0.9491736293,1,-11.3,194.2,1772.5,1,0.9932928681,-0.0216858499,-0.1135333180,0.0501270667,0.9658848047,0.2540737987,0.1041472256,-0.2580635846,0.9604918361,1,-7.2,10.6,1821.5,1,-0.0000005960,-1.0000001192,-0.0000000000,1.0000001192,-0.0000005960,0.0000000000,-0.0000000000,-0.0000000000,1.0000000000,0,-144.6,187.5,1758.5,1,0.0000170469,-0.9999990463,-0.0000014072,0.9999990463,0.0000170469,0.0000000858,-0.0000000858,-0.0000014072,1.0000000000,0,-144.6,-61.2,1758.5,0,0.1787275523,-0.9646875262,-0.1934795678,-0.9519495368,-0.1198426634,-0.2818328142,0.2486935109,0.2345540673,-0.9397531152,1,122.1,201.0,1786.4,1,-0.1201313511,-0.9660201073,-0.2288525105,-0.9887165427,0.1371992677,-0.0601321831,0.0894872993,0.2190465033,-0.9716020823,1,168.7,-47.4,1851.3,1,1.0000000000,-0.0000000000,-0.0000000000,0.0000000000,1.0000000000,0.0000000000,0.0000000000,-0.0000000000,1.0000000000,0,-90.2,-177.5,1861.5,1,1.0000000000,-0.0000000000,0.0000000001,0.0000000000,1.0000000000,0.0000000003,-0.0000000001,-0.0000000003,1.0000000000,0,-90.2,-557.9,1861.5,0,0.9999999404,0.0003564638,0.0002114930,-0.0003564366,0.9999999404,-0.0001286077,-0.0002115388,0.0001285323,0.9999999404,0,84.1,-168.7,1879.8,1,0.9993205070,0.0018831474,0.0368100405,-0.0018724642,0.9999982119,-0.0003246996,-0.0368105844,0.0002555535,0.9993222356,0,84.0,-549.1,1879.7,0,-144.6,-309.9,1758.5,0,135.9,-317.2,1875.8,1,-90.2,-923.6,1861.5,0,83.3,-914.8,1879.6,0,
23,0.9944435954,-0.0301544592,-0.1008138135,0.0587352626,0.9539865851,0.2940389812,0.0873054415,-0.2983298302,0.9504553676,1,-22.1,387.4,1711.0,1,0.9944435954,-0.0301544592,-0.1008138135,0.0587352626,0.9539865851,0.2940389812,0.0873054415,-0.2983298302,0.9504553676,1,-15.9,193.1,1771.8,1,0.9948222041,-0.0192239434,-0.0997500494,0.0440111384,0.9665521383,0.2526648045,0.0915533751,-0.2557494640,0.9623919129,1,-12.3,9.3,1820.4,1,-0.0000005960,-1.0000001192,-0.0000000000,1.0000001192,-0.0000005960,0.0000000000,-0.0000000000,-0.0000000000,1.0000000000,0,-149.5,187.2,1759.5,1,0.0000170469,-0.9999990463,-0.0000012665,0.9999990463,0.0000170469,0.0000000773,-0.0000000772,-0.0000012665,1.0000000000,0,-149.5,-61.5,1759.5,0,0.1907330751,-0.9598801136,-0.2055505365,-0.9494836926,-0.1272375435,-0.2868645191,0.2492018044,0.2498814464,-0.9356589317,1,117.6,199.0,1784.1,1,-0.1266763657,-0.9615764618,-0.2435647398,-0.9871901870,0.1462202221,-0.0638361871,0.0969974622,0.2323581874,-0.9677816033,1,168.1,-52.2,1850.0,1,1.0000000000,-0.0000000000,-0.0000000000,0.0000000000,1.0000000000,0.0000000000,0.0000000000,-0.0000000000,1.0000000000,0,-95.9,-178.4,1861.0,1,1.0000000000,-0.0000000000,0.0000000001,0.0000000000,1.0000000000,0.0000000003,-0.0000000001,-0.0000000003,1.0000000000,0,-95.9,-558.7,1861.0,0,0.9999999404,0.0002851688,0.0001691981,-0.0002851514,0.9999999404,-0.0001028802,-0.0001692274,0.0001028319,1.0000000000,0,78.7,-170.7,1877.1,1,0.9994496107,0.0016944326,0.0331306420,-0.0016857790,0.9999985099,-0.0002891314,-0.0331310816,0.0002331213,0.9994509816,0,78.6,-551.0,1877.0,0,-149.5,-310.2,1759.5,0,133.5,-321.6,1876.5,1,-95.9,-924.4,1861.0,0,78.0,-916.7,1877.0,0,
