1,0.8710588813,-0.1921298355,-0.4520435631,0.2517381310,0.9648869634,0.0749817416,0.4217642248,-0.1791101843,0.8888387084,1,-240.5,347.8,1632.5,1,0.8710588813,-0.1921298355,-0.4520435631,0.2517381310,0.9648869634,0.0749817416,0.4217642248,-0.1791101843,0.8888387084,1,-202.1,154.9,1668.3,1,0.8753632903,-0.1770098954,-0.4498971105,0.2291608453,0.9713010788,0.0637233183,0.4257054329,-0.1588799208,0.8908039927,1,-168.6,-29.0,1698.4,1,0.1915876120,-0.7408446074,-0.6437728405,0.9405739903,-0.0487920195,0.3360652030,-0.2803830504,-0.6699019670,0.6874712706,1,-315.5,125.2,1613.2,1,-0.0616583452,-0.7430893183,-0.6663456559,0.9972961545,-0.0191242006,-0.0709551200,0.0399826653,-0.6689189672,0.7422592640,1,-363.6,-110.8,1683.6,1,-0.0000026226,1.0000003576,0.0000000000,-1.0000003576,-0.0000026226,0.0000000000,0.0000000000,-0.0000000000,1.0000000000,0,-88.8,184.6,1723.5,1,0.0000197291,0.9999990463,0.0000037759,-0.9999990463,0.0000197291,-0.0000067601,-0.0000067601,-0.0000037758,1.0000000000,0,-88.8,-63.1,1723.5,0,1.0000000000,0.0000000000,-0.0000000000,-0.0000000000,1.0000000000,-0.0000000000,0.0000000000,0.0000000000,1.0000000000,0,-211.6,-233.0,1691.3,1,1.0000000000,0.0000000080,-0.0000000061,-0.0000000080,1.0000000000,-0.0000000027,0.0000000061,0.0000000027,1.0000000000,0,-211.6,-611.7,1691.3,0,1.0000000000,-0.0000000000,-0.0000000000,0.0000000000,1.0000000000,0.0000000000,0.0000000000,-0.0000000000,1.0000000000,0,-58.6,-192.9,1765.7,1,1.0000000000,-0.0000000136,-0.0000000063,0.0000000136,1.0000000000,0.0000000005,0.0000000063,-0.0000000005,1.0000000000,0,-58.6,-571.7,1765.7,0,-348.3,-357.8,1673.7,1,-88.8,-310.7,1723.5,0,-211.6,-975.9,1691.3,0,-58.6,-935.8,1765.7,0,
2,0.8653627038,-0.1959801167,-0.4612375796,0.2575978339,0.9634195566,0.0739409700,0.4298738241,-0.1827996224,0.8841903210,1,-240.7,347.7,1631.3,1,0.8653627038,-0.1959801167,-0.4612375796,0.2575978339,0.9634195566,0.0739409700,0.4298738241,-0.1827996224,0.8841903210,1,-201.5,155.0,1667.9,1,0.8700057864,-0.1789874583,-0.4594064653,0.2336548120,0.9701786041,0.0644986331,0.4341613948,-0.1634567827,0.8858811855,1,-167.6,-28.7,1698.8,1,0.1957211196,-0.7332850695,-0.6511424184,0.9388040900,-0.0518103093,0.3405330181,-0.2834436297,-0.6779446602,0.6782705188,1,-314.1,124.7,1611.6,1,-0.0611342415,-0.7356439829,-0.6746038795,0.9974889755,-0.0208185427,-0.0676925927,0.0357533880,-0.6770482659,0.7350695133,1,-363.4,-111.6,1683.0,1,-0.0000026226,1.0000003576,0.0000000000,-1.0000003576,-0.0000026226,0.0000000000,0.0000000000,-0.0000000000,1.0000000000,0,-88.8,185.2,1724.1,1,0.0000197291,0.9999990463,0.0000033983,-0.9999990463,0.0000197291,-0.0000060841,-0.0000060841,-0.0000033982,1.0000000000,0,-88.8,-62.4,1724.1,0,1.0000000000,0.0000000000,-0.0000000000,-0.0000000000,1.0000000000,-0.0000000000,0.0000000000,0.0000000000,1.0000000000,0,-209.7,-232.9,1691.8,1,1.0000000000,0.0000000072,-0.0000000054,-0.0000000072,1.0000000000,-0.0000000025,0.0000000054,0.0000000025,1.0000000000,0,-209.7,-611.6,1691.8,0,1.0000000000,-0.0000000000,-0.0000000000,0.0000000000,1.0000000000,0.0000000000,0.0000000000,-0.0000000000,1.0000000000,0,-57.6,-192.0,1767.7,1,1.0000000000,-0.0000000122,-0.0000000057,0.0000000122,1.0000000000,0.0000000005,0.0000000057,-0.0000000005,1.0000000000,0,-57.6,-570.8,1767.7,0,-348.2,-358.6,1674.1,1,-88.8,-310.0,1724.1,0,-209.7,-975.8,1691.8,0,-57.6,-935.0,1767.7,0,
3,0.8672470450,-0.1921456456,-0.4593077898,0.2544372976,0.9640086889,0.0771373138,0.4279545546,-0.1837622076,0.8849215508,1,-240.1,347.9,1631.2,1,0.8672470450,-0.1921456456,-0.4593077898,0.2544372976,0.9640086889,0.0771373138,0.4279545546,-0.1837622076,0.8849215508,1,-201.6,154.9,1668.0,1,0.8716996908,-0.1767901629,-0.4570402503,0.2310866565,0.9707435966,0.0652461052,0.4321335256,-0.1624909937,0.8870496154,1,-168.1,-29.0,1698.8,1,0.1938619316,-0.7350064516,-0.6497560143,0.9405459166,-0.0490485877,0.3361063600,-0.2789099514,-0.6762835979,0.6817988157,1,-314.5,124.9,1612.0,1,-0.0610450692,-0.7370498776,-0.6730757356,0.9975452423,-0.0218745396,-0.0665194169,0.0343049020,-0.6754841805,0.7365760207,1,-363.2,-111.5,1682.1,1,-0.0000026226,1.0000003576,0.0000000000,-1.0000003576,-0.0000026226,0.0000000000,0.0000000000,-0.0000000000,1.0000000000,0,-88.7,184.8,1724.0,1,0.0000197291,0.9999990463,0.0000030585,-0.9999990463,0.0000197291,-0.0000054756,-0.0000054757,-0.0000030584,1.0000000000,0,-88.7,-62.8,1724.0,0,1.0000000000,0.0000000000,-0.0000000000,-0.0000000000,1.0000000000,-0.0000000000,0.0000000000,0.0000000000,1.0000000000,0,-210.8,-233.0,1691.8,1,1.0000000000,0.0000000064,-0.0000000049,-0.0000000064,1.0000000000,-0.0000000022,0.0000000049,0.0000000022,1.0000000000,0,-210.8,-611.7,1691.8,0,1.0000000000,-0.0000000000,-0.0000000000,0.0000000000,1.0000000000,0.0000000000,0.0000000000,-0.0000000000,1.0000000000,0,-58.4,-192.6,1767.3,1,1.0000000000,-0.0000000110,-0.0000000051,0.0000000110,1.0000000000,0.0000000004,0.0000000051,-0.0000000004,1.0000000000,0,-58.4,-571.3,1767.3,0,-348.1,-358.5,1673.6,1,-88.7,-310.5,1724.0,0,-210.8,-975.9,1691.8,0,-58.4,-935.5,1767.3,0,
4,0.8587698340,-0.1836481839,-0.4783185720,0.2598610520,0.9606915116,0.0976994038,0.4415737391,-0.2081977129,0.8727349043,1,-239.6,348.7,1623.6,1,0.8587698340,-0.1836481839,-0.4783185720,0.2598610520,0.9606915116,0.0976994038,0.4415737391,-0.2081977129,0.8727349043,1,-202.8,156.1,1665.4,1,0.8626971841,-0.1745928675,-0.4746280611,0.2387173772,0.9679656625,0.0778309554,0.4458343983,-0.1804465652,0.8767385483,1,-169.8,-27.1,1699.6,1,0.1884437352,-0.7235192657,-0.6640848517,0.9368206263,-0.0704893619,0.3426344693,-0.2947136164,-0.6866956949,0.6645244956,1,-314.5,125.2,1607.7,1,-0.0582078956,-0.7282295823,-0.6828567982,0.9973435402,-0.0124146454,-0.0717757419,0.0437917933,-0.6852207184,0.7270177007,1,-362.5,-113.1,1682.6,1,-0.0000026226,1.0000003576,0.0000000000,-1.0000003576,-0.0000026226,0.0000000000,0.0000000000,-0.0000000000,1.0000000000,0,-91.1,187.0,1723.1,1,0.0000197291,0.9999990463,0.0000027526,-0.9999990463,0.0000197291,-0.0000049281,-0.0000049281,-0.0000027525,1.0000000000,0,-91.1,-60.6,1723.1,0,1.0000000000,0.0000000000,-0.0000000000,-0.0000000000,1.0000000000,-0.0000000000,0.0000000000,0.0000000000,1.0000000000,0,-212.1,-231.3,1694.8,1,1.0000000000,0.0000000058,-0.0000000044,-0.0000000058,1.0000000000,-0.0000000020,0.0000000044,0.0000000020,1.0000000000,0,-212.1,-610.0,1694.8,0,1.0000000000,-0.0000000000,-0.0000000000,0.0000000000,1.0000000000,0.0000000000,0.0000000000,-0.0000000000,1.0000000000,0,-61.3,-189.6,1772.7,1,1.0000000000,-0.0000000099,-0.0000000046,0.0000000099,1.0000000000,0.0000000004,0.0000000046,-0.0000000004,1.0000000000,0,-61.3,-568.3,1772.7,0,-348.0,-360.0,1671.8,1,-91.1,-308.2,1723.1,0,-212.1,-974.2,1694.8,0,-61.3,-932.5,1772.7,0,
5,0.8568356037,-0.1840747744,-0.4816119373,0.2678551972,0.9570742249,0.1107416451,0.4405530691,-0.2238896787,0.8693596721,1,-239.4,348.2,1619.9,1,0.8568356037,-0.1840747744,-0.4816119373,0.2678551972,0.9570742249,0.1107416451,0.4405530691,-0.2238896787,0.8693596721,1,-202.4,156.0,1664.8,1,0.8609794974,-0.1766482890,-0.4769807160,0.2457693517,0.9655012488,0.0860581473,0.4453228712,-0.1913215667,0.8746904731,1,-169.0,-26.8,1701.1,1,0.1897223592,-0.7204460502,-0.6670554876,0.9354029298,-0.0738340765,0.3457888067,-0.2983735800,-0.6895695329,0.6598993540,1,-313.9,124.2,1607.2,1,-0.0558140464,-0.7255533934,-0.6858987808,0.9975110888,-0.0108759459,-0.0696663335,0.0430868454,-0.6880800128,0.7243545651,1,-362.1,-113.3,1682.9,1,-0.0000026226,1.0000003576,0.0000000000,-1.0000003576,-0.0000026226,0.0000000000,0.0000000000,-0.0000000000,1.0000000000,0,-90.9,187.8,1722.5,1,0.0000197291,0.9999990463,0.0000024774,-0.9999990463,0.0000197291,-0.0000044353,-0.0000044353,-0.0000024773,1.0000000000,0,-90.9,-59.8,1722.5,0,1.0000000000,0.0000000000,-0.0000000000,-0.0000000000,1.0000000000,-0.0000000000,0.0000000000,0.0000000000,1.0000000000,0,-210.7,-231.1,1698.4,1,1.0000000000,0.0000000052,-0.0000000040,-0.0000000052,1.0000000000,-0.0000000018,0.0000000040,0.0000000018,1.0000000000,0,-210.7,-609.9,1698.4,0,1.0000000000,-0.0000000000,-0.0000000000,0.0000000000,1.0000000000,0.0000000000,0.0000000000,-0.0000000000,1.0000000000,0,-60.3,-188.1,1776.2,1,1.0000000000,-0.0000000089,-0.0000000041,0.0000000089,1.0000000000,0.0000000003,0.0000000041,-0.0000000003,1.0000000000,0,-60.3,-566.9,1776.2,0,-348.3,-360.3,1672.3,1,-90.9,-307.5,1722.5,0,-210.7,-974.0,1698.4,0,-60.3,-931.1,1776.2,0,
6,0.8539020419,-0.1801227927,-0.4882704914,0.2639064491,0.9584901929,0.1079405621,0.4485593438,-0.2210284472,0.8659912348,1,-238.2,352.7,1621.5,1,0.8539020419,-0.1801227927,-0.4882704914,0.2639064491,0.9584901929,0.1079405621,0.4485593438,-0.2210284472,0.8659912348,1,-202.1,160.7,1665.8,1,0.8585121036,-0.1696951538,-0.4839022756,0.2385245115,0.9675069451,0.0838904828,0.4539424479,-0.1874435991,0.8710918427,1,-169.9,-22.5,1701.3,1,0.1867857575,-0.7162554264,-0.6723759174,0.9384569526,-0.0723180473,0.3377405405,-0.2905333638,-0.6940810084,0.6586668491,1,-313.2,129.8,1607.0,1,-0.0533769280,-0.7209510207,-0.6909272075,0.9978205562,-0.0116274320,-0.0649529845,0.0387942195,-0.6928883195,0.7200004458,1,-361.8,-114.0,1682.5,1,-0.0000026226,1.0000003576,0.0000000000,-1.0000003576,-0.0000026226,0.0000000000,0.0000000000,-0.0000000000,1.0000000000,0,-90.9,191.6,1724.6,1,0.0000197291,0.9999990463,0.0000022296,-0.9999990463,0.0000197291,-0.0000039917,-0.0000039918,-0.0000022295,1.0000000000,0,-90.9,-56.1,1724.6,0,1.0000000000,0.0000000000,-0.0000000000,-0.0000000000,1.0000000000,-0.0000000000,0.0000000000,0.0000000000,1.0000000000,0,-212.8,-226.6,1697.1,1,1.0000000000,0.0000000047,-0.0000000036,-0.0000000047,1.0000000000,-0.0000000016,0.0000000036,0.0000000016,1.0000000000,0,-212.8,-605.3,1697.1,0,1.0000000000,-0.0000000000,-0.0000000000,0.0000000000,1.0000000000,0.0000000000,0.0000000000,-0.0000000000,1.0000000000,0,-62.8,-184.9,1776.4,1,1.0000000000,-0.0000000080,-0.0000000037,0.0000000080,1.0000000000,0.0000000003,0.0000000037,-0.0000000003,1.0000000000,0,-62.8,-563.6,1776.4,0,-348.6,-361.1,1672.8,1,-90.9,-303.7,1724.6,0,-212.8,-969.5,1697.1,0,-62.8,-927.8,1776.4,0,
7,0.8610296249,-0.1759565175,-0.4771457613,0.2601491511,0.9585813284,0.1159548238,0.4369795024,-0.2239696681,0.8711408377,1,-238.5,352.5,1619.8,1,0.8610296249,-0.1759565175,-0.4771457613,0.2601491511,0.9585813284,0.1159548238,0.4369795024,-0.2239696681,0.8711408377,1,-203.2,160.1,1664.7,1,0.8651089072,-0.1689032316,-0.4722913206,0.2373676896,0.9673492312,0.0888442099,0.4418640435,-0.1889666766,0.8769536018,1,-171.2,-23.1,1700.5,1,0.1828978509,-0.7257805467,-0.6631673574,0.9375051856,-0.0743553638,0.3399343491,-0.2960277796,-0.6838960648,0.6668235660,1,-315.2,129.3,1607.5,1,-0.0512175411,-0.7307075262,-0.6807666421,0.9978441596,-0.0094340052,-0.0649468079,0.0410347618,-0.6826254129,0.7296153307,1,-361.7,-108.7,1682.7,1,-0.0000026226,1.0000003576,0.0000000000,-1.0000003576,-0.0000026226,0.0000000000,0.0000000000,-0.0000000000,1.0000000000,0,-91.2,190.8,1722.0,1,0.0000197291,0.9999990463,0.0000020067,-0.9999990463,0.0000197291,-0.0000035926,-0.0000035926,-0.0000020066,1.0000000000,0,-91.2,-56.8,1722.0,0,1.0000000000,0.0000000000,-0.0000000000,-0.0000000000,1.0000000000,-0.0000000000,0.0000000000,0.0000000000,1.0000000000,0,-214.8,-227.0,1697.7,1,1.0000000000,0.0000000042,-0.0000000032,-0.0000000042,1.0000000000,-0.0000000015,0.0000000032,0.0000000015,1.0000000000,0,-214.8,-605.8,1697.7,0,1.0000000000,-0.0000000000,-0.0000000000,0.0000000000,1.0000000000,0.0000000000,0.0000000000,-0.0000000000,1.0000000000,0,-63.6,-185.5,1774.9,1,1.0000000000,-0.0000000072,-0.0000000034,0.0000000072,1.0000000000,0.0000000003,0.0000000034,-0.0000000003,1.0000000000,0,-63.6,-564.3,1774.9,0,-349.0,-355.8,1672.5,1,-91.2,-304.5,1722.0,0,-214.8,-970.0,1697.7,0,-63.6,-928.5,1774.9,0,
8,0.8628318906,-0.1727051735,-0.4750733674,0.2538742423,0.9607522488,0.1118222773,0.4371150136,-0.2170927972,0.8728120923,1,-237.1,355.8,1622.4,1,0.8628318906,-0.1727051735,-0.4750733674,0.2538742423,0.9607522488,0.1118222773,0.4371150136,-0.2170927972,0.8728120923,1,-202.5,163.2,1665.9,1,0.8670082092,-0.1651546955,-0.4701291919,0.2300134003,0.9695929289,0.0835739374,0.4420308173,-0.1805953830,0.8786318302,1,-171.2,-20.4,1700.1,1,0.1860602945,-0.7274925113,-0.6604061723,0.9392261505,-0.0656735972,0.3369588852,-0.2885062993,-0.6829653978,0.6710606813,1,-314.7,133.4,1608.7,1,-0.0581135042,-0.7316262126,-0.6792246103,0.9973543882,-0.0127854515,-0.0715603977,0.0436712690,-0.6815862656,0.7304335237,1,-362.7,-108.9,1683.1,1,-0.0000026226,1.0000003576,0.0000000000,-1.0000003576,-0.0000026226,0.0000000000,0.0000000000,-0.0000000000,1.0000000000,0,-90.2,193.0,1723.2,1,0.0000197291,0.9999990463,0.0000018060,-0.9999990463,0.0000197291,-0.0000032333,-0.0000032333,-0.0000018059,1.0000000000,0,-90.2,-54.6,1723.2,0,1.0000000000,0.0000000000,-0.0000000000,-0.0000000000,1.0000000000,-0.0000000000,0.0000000000,0.0000000000,1.0000000000,0,-215.7,-224.1,1695.7,1,1.0000000000,0.0000000038,-0.0000000029,-0.0000000038,1.0000000000,-0.0000000013,0.0000000029,0.0000000013,1.0000000000,0,-215.7,-602.8,1695.7,0,1.0000000000,-0.0000000000,-0.0000000000,0.0000000000,1.0000000000,0.0000000000,0.0000000000,-0.0000000000,1.0000000000,0,-64.1,-183.9,1773.0,1,1.0000000000,-0.0000000065,-0.0000000030,0.0000000065,1.0000000000,0.0000000002,0.0000000030,-0.0000000002,1.0000000000,0,-64.1,-562.6,1773.0,0,-348.4,-355.9,1672.3,1,-90.2,-302.3,1723.2,0,-215.7,-967.0,1695.7,0,-64.1,-926.8,1773.0,0,
9,0.8674906492,-0.1744422764,-0.4658653438,0.2529366612,0.9610809684,0.1111199260,0.4283498228,-0.2142300308,0.8778505325,1,-237.4,355.6,1623.8,1,0.8674906492,-0.1744422764,-0.4658653438,0.2529366612,0.9610809684,0.1111199260,0.4283498228,-0.2142300308,0.8778505325,1,-202.4,162.6,1666.8,1,0.8718732595,-0.1655455381,-0.4609039724,0.2280430347,0.9701128006,0.0829384029,0.4333983064,-0.1774177998,0.8835658431,1,-171.0,-21.1,1700.4,1,0.1905279011,-0.7336086035,-0.6523172259,0.9386019707,-0.0585543811,0.3399969339,-0.2876206636,-0.6770451665,0.6774101257,1,-315.3,133.1,1610.7,1,-0.0624508448,-0.7369694114,-0.6730348468,0.9970908165,-0.0165413860,-0.0744072273,0.0437029228,-0.6757236719,0.7358583808,1,-363.7,-105.5,1683.8,1,-0.0000026226,1.0000003576,0.0000000000,-1.0000003576,-0.0000026226,0.0000000000,0.0000000000,-0.0000000000,1.0000000000,0,-89.4,192.2,1722.9,1,0.0000197291,0.9999990463,0.0000016254,-0.9999990463,0.0000197291,-0.0000029100,-0.0000029100,-0.0000016253,1.0000000000,0,-89.4,-55.5,1722.9,0,1.0000000000,0.0000000000,-0.0000000000,-0.0000000000,1.0000000000,-0.0000000000,0.0000000000,0.0000000000,1.0000000000,0,-215.9,-224.7,1696.1,1,1.0000000000,0.0000000034,-0.0000000026,-0.0000000034,1.0000000000,-0.0000000012,0.0000000026,0.0000000012,1.0000000000,0,-215.9,-603.4,1696.1,0,1.0000000000,-0.0000000000,-0.0000000000,0.0000000000,1.0000000000,0.0000000000,0.0000000000,-0.0000000000,1.0000000000,0,-63.5,-184.8,1771.9,1,1.0000000000,-0.0000000058,-0.0000000027,0.0000000058,1.0000000000,0.0000000002,0.0000000027,-0.0000000002,1.0000000000,0,-63.5,-563.6,1771.9,0,-348.3,-352.5,1673.0,1,-89.4,-303.1,1722.9,0,-215.9,-967.6,1696.1,0,-63.5,-927.8,1771.9,0,
10,0.8798391223,-0.1686978489,-0.4443253577,0.2446722835,0.9622577429,0.1191498041,0.4074547589,-0.2135468423,0.8879066110,1,-237.7,352.7,1622.9,1,0.8798391223,-0.1686978489,-0.4443253577,0.2446722835,0.9622577429,0.1191498041,0.4074547589,-0.2135468423,0.8879066110,1,-203.8,159.7,1665.8,1,0.8831070065,-0.1657622308,-0.4389142096,0.2257906795,0.9702041149,0.0878850520,0.4112679064,-0.1767147183,0.8942205310,1,-172.4,-24.0,1699.2,1,0.1817781329,-0.7496549487,-0.6363758445,0.9409230351,-0.0554188639,0.3340546191,-0.2856929004,-0.6595045328,0.6952937245,1,-318.2,130.5,1612.5,1,-0.0628922731,-0.7525243759,-0.6555544734,0.9970940351,-0.0190855600,-0.0737500489,0.0429870784,-0.6582877636,0.7515379786,1,-363.9,-106.6,1684.5,1,-0.0000026226,1.0000003576,0.0000000000,-1.0000003576,-0.0000026226,0.0000000000,0.0000000000,-0.0000000000,1.0000000000,0,-89.5,188.9,1719.0,1,0.0000197291,0.9999990463,0.0000014628,-0.9999990463,0.0000197291,-0.0000026190,-0.0000026190,-0.0000014628,1.0000000000,0,-89.5,-58.7,1719.0,0,1.0000000000,0.0000000000,-0.0000000000,-0.0000000000,1.0000000000,-0.0000000000,0.0000000000,0.0000000000,1.0000000000,0,-218.2,-227.5,1696.8,1,1.0000000000,0.0000000031,-0.0000000023,-0.0000000031,1.0000000000,-0.0000000011,0.0000000023,0.0000000011,1.0000000000,0,-218.2,-606.3,1696.8,0,1.0000000000,-0.0000000000,-0.0000000000,0.0000000000,1.0000000000,0.0000000000,0.0000000000,-0.0000000000,1.0000000000,0,-63.9,-188.0,1768.6,1,1.0000000000,-0.0000000053,-0.0000000024,0.0000000053,1.0000000000,0.0000000002,0.0000000024,-0.0000000002,1.0000000000,0,-63.9,-566.8,1768.6,0,-348.4,-353.5,1673.8,1,-89.5,-306.4,1719.0,0,-218.2,-970.4,1696.8,0,-63.9,-931.0,1768.6,0,
11,0.8836383224,-0.1646924615,-0.4382471442,0.2376160622,0.9643223286,0.1167147756,0.4033890069,-0.2072683126,0.8912446499,1,-238.1,353.0,1623.5,1,0.8836383224,-0.1646924615,-0.4382471442,0.2376160622,0.9643223286,0.1167147756,0.4033890069,-0.2072683126,0.8912446499,1,-205.1,159.3,1665.1,1,0.8867819309,-0.1613084227,-0.4331261814,0.2189451456,0.9719139934,0.0862994269,0.4070400894,-0.1713597178,0.8971922994,1,-174.5,-24.7,1697.6,1,0.1736008078,-0.7557161450,-0.6314712167,0.9426634908,-0.0580746308,0.3286532164,-0.2850410044,-0.6523193121,0.7023041248,1,-319.9,131.0,1612.4,1,-0.0640914440,-0.7588387132,-0.6481172442,0.9969179034,-0.0192420594,-0.0760546029,0.0452420637,-0.6509941816,0.7577332854,1,-364.0,-108.5,1684.8,1,-0.0000026226,1.0000003576,0.0000000000,-1.0000003576,-0.0000026226,0.0000000000,0.0000000000,-0.0000000000,1.0000000000,0,-90.2,187.7,1717.8,1,0.0000197291,0.9999990463,0.0000013166,-0.9999990463,0.0000197291,-0.0000023571,-0.0000023571,-0.0000013165,1.0000000000,0,-90.2,-60.0,1717.8,0,1.0000000000,0.0000000000,-0.0000000000,-0.0000000000,1.0000000000,-0.0000000000,0.0000000000,0.0000000000,1.0000000000,0,-221.5,-227.9,1694.5,1,1.0000000000,0.0000000028,-0.0000000021,-0.0000000028,1.0000000000,-0.0000000010,0.0000000021,0.0000000010,1.0000000000,0,-221.5,-606.6,1694.5,0,1.0000000000,-0.0000000000,-0.0000000000,0.0000000000,1.0000000000,0.0000000000,0.0000000000,-0.0000000000,1.0000000000,0,-66.5,-189.6,1765.6,1,1.0000000000,-0.0000000047,-0.0000000022,0.0000000047,1.0000000000,0.0000000002,0.0000000022,-0.0000000002,1.0000000000,0,-66.5,-568.4,1765.6,0,-348.1,-355.4,1673.6,1,-90.2,-307.6,1717.8,0,-221.5,-970.8,1694.5,0,-66.5,-932.6,1765.6,0,
12,0.8770614862,-0.1592594981,-0.4532112777,0.2370509058,0.9640617967,0.1199707240,0.4178166687,-0.2126559019,0.8832930326,1,-237.2,354.2,1620.8,1,0.8770614862,-0.1592594981,-0.4532112777,0.2370509058,0.9640617967,0.1199707240,0.4178166687,-0.2126559019,0.8832930326,1,-205.3,160.9,1663.4,1,0.8801025152,-0.1559920311,-0.4484272599,0.2183784842,0.9716504216,0.0905957222,0.4215818048,-0.1776604503,0.8892161846,1,-175.7,-23.1,1697.1,1,0.1751749068,-0.7467904687,-0.6415745616,0.9380625486,-0.0712487623,0.3390610218,-0.2989188731,-0.6612319946,0.6880550981,1,-319.2,132.7,1608.8,1,-0.0642182902,-0.7512525916,-0.6568831801,0.9969248772,-0.0186734255,-0.0761053935,0.0449081175,-0.6597505212,0.7501416206,1,-364.3,-108.5,1685.7,1,-0.0000026226,1.0000003576,0.0000000000,-1.0000003576,-0.0000026226,0.0000000000,0.0000000000,-0.0000000000,1.0000000000,0,-91.3,189.2,1718.0,1,0.0000197291,0.9999990463,0.0000011849,-0.9999990463,0.0000197291,-0.0000021214,-0.0000021214,-0.0000011849,1.0000000000,0,-91.3,-58.4,1718.0,0,1.0000000000,0.0000000000,-0.0000000000,-0.0000000000,1.0000000000,-0.0000000000,0.0000000000,0.0000000000,1.0000000000,0,-223.1,-226.1,1693.9,1,1.0000000000,0.0000000025,-0.0000000019,-0.0000000025,1.0000000000,-0.0000000009,0.0000000019,0.0000000009,1.0000000000,0,-223.1,-604.9,1693.9,0,1.0000000000,-0.0000000000,-0.0000000000,0.0000000000,1.0000000000,0.0000000000,0.0000000000,-0.0000000000,1.0000000000,0,-69.3,-188.0,1767.5,1,1.0000000000,-0.0000000043,-0.0000000020,0.0000000043,1.0000000000,0.0000000002,0.0000000020,-0.0000000002,1.0000000000,0,-69.3,-566.7,1767.5,0,-348.4,-355.3,1674.5,1,-91.3,-306.1,1718.0,0,-223.1,-969.1,1693.9,0,-69.3,-930.9,1767.5,0,
13,0.8744214177,-0.1555916965,-0.4595426321,0.2369341254,0.9635007381,0.1246182695,0.4233795702,-0.2178502679,0.8793695569,1,-236.5,354.3,1618.4,1,0.8744214177,-0.1555916965,-0.4595426321,0.2369341254,0.9635007381,0.1246182695,0.4233795702,-0.2178502679,0.8793695569,1,-205.3,161.3,1662.1,1,0.8771710992,-0.1543196589,-0.4547055960,0.2197701186,0.9709718227,0.0944255516,0.4269340634,-0.1827581227,0.8856221437,1,-176.1,-22.6,1696.7,1,0.1787858456,-0.7429537773,-0.6450236440,0.9338927269,-0.0781786367,0.3489018381,-0.3096449673,-0.6647616029,0.6798619032,1,-318.9,132.8,1606.8,1,-0.0654275790,-0.7480844855,-0.6603700519,0.9968788624,-0.0197034236,-0.0764473453,0.0441775285,-0.6633107066,0.7470388412,1,-364.6,-105.9,1685.9,1,-0.0000026226,1.0000003576,0.0000000000,-1.0000003576,-0.0000026226,0.0000000000,0.0000000000,-0.0000000000,1.0000000000,0,-91.7,189.7,1717.4,1,0.0000197291,0.9999990463,0.0000010664,-0.9999990463,0.0000197291,-0.0000019092,-0.0000019092,-0.0000010664,1.0000000000,0,-91.7,-57.9,1717.4,0,1.0000000000,0.0000000000,-0.0000000000,-0.0000000000,1.0000000000,-0.0000000000,0.0000000000,0.0000000000,1.0000000000,0,-223.6,-225.7,1694.0,1,1.0000000000,0.0000000022,-0.0000000017,-0.0000000022,1.0000000000,-0.0000000008,0.0000000017,0.0000000008,1.0000000000,0,-223.6,-604.4,1694.0,0,1.0000000000,-0.0000000000,-0.0000000000,0.0000000000,1.0000000000,0.0000000000,0.0000000000,-0.0000000000,1.0000000000,0,-70.2,-187.3,1768.6,1,1.0000000000,-0.0000000038,-0.0000000018,0.0000000038,1.0000000000,0.0000000001,0.0000000018,-0.0000000001,1.0000000000,0,-70.2,-566.0,1768.6,0,-348.4,-352.8,1675.0,1,-91.7,-305.5,1717.4,0,-223.6,-968.6,1694.0,0,-70.2,-930.2,1768.6,0,
14,0.8757230043,-0.1557901353,-0.4569897056,0.2377410829,0.9629506469,0.1273047626,0.4202251434,-0.2201290131,0.8803145885,1,-236.4,354.1,1617.8,1,0.8757230043,-0.1557901353,-0.4569897056,0.2377410829,0.9629506469,0.1273047626,0.4202251434,-0.2201290131,0.8803145885,1,-205.1,160.9,1661.9,1,0.8785718679,-0.1544209421,-0.4519585669,0.2199823558,0.9707750082,0.0959428176,0.4239339530,-0.1837156266,0.8868643045,1,-175.9,-23.0,1696.7,1,0.1820308119,-0.7447909713,-0.6419901252,0.9318974614,-0.0776480585,0.3543132842,-0.3137385845,-0.6627649069,0.6799344420,1,-318.9,132.4,1607.0,1,-0.0693351626,-0.7497819066,-0.6580423713,0.9966060519,-0.0227194019,-0.0791214183,0.0443734787,-0.6612948775,0.7488124371,1,-365.0,-103.5,1686.4,1,-0.0000026226,1.0000003576,0.0000000000,-1.0000003576,-0.0000026226,0.0000000000,0.0000000000,-0.0000000000,1.0000000000,0,-91.3,189.4,1716.8,1,0.0000197291,0.9999990463,0.0000009598,-0.9999990463,0.0000197291,-0.0000017183,-0.0000017183,-0.0000009597,1.0000000000,0,-91.3,-58.3,1716.8,0,1.0000000000,0.0000000000,-0.0000000000,-0.0000000000,1.0000000000,-0.0000000000,0.0000000000,0.0000000000,1.0000000000,0,-223.4,-226.0,1694.5,1,1.0000000000,0.0000000020,-0.0000000015,-0.0000000020,1.0000000000,-0.0000000007,0.0000000015,0.0000000007,1.0000000000,0,-223.4,-604.8,1694.5,0,1.0000000000,-0.0000000000,-0.0000000000,0.0000000000,1.0000000000,0.0000000000,0.0000000000,-0.0000000000,1.0000000000,0,-69.9,-187.6,1768.6,1,1.0000000000,-0.0000000035,-0.0000000016,0.0000000035,1.0000000000,0.0000000001,0.0000000016,-0.0000000001,1.0000000000,0,-69.9,-566.3,1768.6,0,-347.8,-350.3,1675.5,1,-91.3,-305.9,1716.8,0,-223.4,-969.0,1694.5,0,-69.9,-930.5,1768.6,0,
15,0.8670195937,-0.1573550999,-0.4727761149,0.2424223125,0.9621713758,0.1243340522,0.4353265464,-0.2224116325,0.8723666668,1,-234.7,354.7,1617.9,1,0.8670195937,-0.1573550999,-0.4727761149,0.2424223125,0.9621713758,0.1243340522,0.4353265464,-0.2224116325,0.8723666668,1,-203.2,162.1,1662.5,1,0.8703677058,-0.1521205455,-0.4683163762,0.2215146422,0.9703727365,0.0964848399,0.4397636056,-0.1877162904,0.8782768846,1,-174.4,-21.7,1698.0,1,0.1905179620,-0.7324835658,-0.6535829902,0.9293769002,-0.0798435211,0.3603935242,-0.3161666989,-0.6760863662,0.6655417681,1,-315.9,133.4,1605.5,1,-0.0675680563,-0.7381019592,-0.6712974310,0.9966048002,-0.0182025917,-0.0802971721,0.0470481403,-0.6744437814,0.7368257642,1,-364.9,-105.5,1686.8,1,-0.0000026226,1.0000003576,0.0000000000,-1.0000003576,-0.0000026226,0.0000000000,0.0000000000,-0.0000000000,1.0000000000,0,-90.5,190.7,1719.4,1,0.0000197291,0.9999990463,0.0000008638,-0.9999990463,0.0000197291,-0.0000015465,-0.0000015465,-0.0000008638,1.0000000000,0,-90.5,-56.9,1719.4,0,1.0000000000,0.0000000000,-0.0000000000,-0.0000000000,1.0000000000,-0.0000000000,0.0000000000,0.0000000000,1.0000000000,0,-221.6,-224.8,1695.1,1,1.0000000000,0.0000000018,-0.0000000014,-0.0000000018,1.0000000000,-0.0000000006,0.0000000014,0.0000000006,1.0000000000,0,-221.6,-603.6,1695.1,0,1.0000000000,-0.0000000000,-0.0000000000,0.0000000000,1.0000000000,0.0000000000,0.0000000000,-0.0000000000,1.0000000000,0,-69.5,-186.1,1772.0,1,1.0000000000,-0.0000000031,-0.0000000014,0.0000000031,1.0000000000,0.0000000001,0.0000000014,-0.0000000001,1.0000000000,0,-69.5,-564.9,1772.0,0,-348.1,-352.3,1675.1,1,-90.5,-304.6,1719.4,0,-221.6,-967.8,1695.1,0,-69.5,-929.0,1772.0,0,
16,0.8746253848,-0.1569921672,-0.4586769044,0.2411114573,0.9616692662,0.1306094378,0.4205903709,-0.2248267084,0.8789519072,1,-235.6,352.9,1617.0,1,0.8746253848,-0.1569921672,-0.4586769044,0.2411114573,0.9616692662,0.1306094378,0.4205903709,-0.2248267084,0.8789519072,1,-204.1,160.1,1662.1,1,0.8779582381,-0.1536756754,-0.4534025192,0.2203834355,0.9704980850,0.0978057757,0.4249954224,-0.1857918799,0.8859232664,1,-175.0,-23.6,1697.3,1,0.1864822060,-0.7436785698,-0.6420020461,0.9293621778,-0.0783856958,0.3607515991,-0.3186070025,-0.6639261842,0.6765291691,1,-317.8,131.6,1607.0,1,-0.0651918873,-0.7494277358,-0.6588687897,0.9966637492,-0.0164078698,-0.0799519792,0.0491076000,-0.6618828773,0.7479969859,1,-364.8,-102.6,1687.3,1,-0.0000026226,1.0000003576,0.0000000000,-1.0000003576,-0.0000026226,0.0000000000,0.0000000000,-0.0000000000,1.0000000000,0,-90.4,188.7,1717.1,1,0.0000197291,0.9999990463,0.0000007774,-0.9999990463,0.0000197291,-0.0000013918,-0.0000013918,-0.0000007774,1.0000000000,0,-90.4,-59.0,1717.1,0,1.0000000000,0.0000000000,-0.0000000000,-0.0000000000,1.0000000000,-0.0000000000,0.0000000000,0.0000000000,1.0000000000,0,-222.6,-226.7,1695.3,1,1.0000000000,0.0000000016,-0.0000000012,-0.0000000016,1.0000000000,-0.0000000006,0.0000000012,0.0000000006,1.0000000000,0,-222.6,-605.4,1695.3,0,1.0000000000,-0.0000000000,-0.0000000000,0.0000000000,1.0000000000,0.0000000000,0.0000000000,-0.0000000000,1.0000000000,0,-69.2,-188.2,1769.6,1,1.0000000000,-0.0000000028,-0.0000000013,0.0000000028,1.0000000000,0.0000000001,0.0000000013,-0.0000000001,1.0000000000,0,-69.2,-566.9,1769.6,0,-348.7,-349.5,1675.2,1,-90.4,-306.6,1717.1,0,-222.6,-969.6,1695.3,0,-69.2,-931.1,1769.6,0,
17,0.8726855516,-0.1557610631,-0.4627732933,0.2407575995,0.9618012905,0.1302892268,0.4248014987,-0.2251178175,0.8768497705,1,-235.3,355.0,1616.5,1,0.8726855516,-0.1557610631,-0.4627732933,0.2407575995,0.9618012905,0.1302892268,0.4248014987,-0.2251178175,0.8768497705,1,-204.0,161.8,1661.8,1,0.8759825230,-0.1528721899,-0.4574771821,0.2201143354,0.9706270695,0.0971290395,0.4291909337,-0.1857807189,0.8839007020,1,-175.0,-22.0,1696.9,1,0.1840299070,-0.7409397960,-0.6458647847,0.9308931231,-0.0795645267,0.3565215170,-0.3155488968,-0.6668417454,0.6750934720,1,-317.4,133.3,1606.2,1,-0.0674159899,-0.7464655638,-0.6620000601,0.9967045784,-0.0203869343,-0.0785131007,0.0451111794,-0.6651114821,0.7453801036,1,-364.6,-105.5,1687.1,1,-0.0000026226,1.0000003576,0.0000000000,-1.0000003576,-0.0000026226,0.0000000000,0.0000000000,-0.0000000000,1.0000000000,0,-90.5,190.3,1717.3,1,0.0000197291,0.9999990463,0.0000006997,-0.9999990463,0.0000197291,-0.0000012526,-0.0000012526,-0.0000006996,1.0000000000,0,-90.5,-57.3,1717.3,0,1.0000000000,0.0000000000,-0.0000000000,-0.0000000000,1.0000000000,-0.0000000000,0.0000000000,0.0000000000,1.0000000000,0,-222.6,-225.0,1694.6,1,1.0000000000,0.0000000015,-0.0000000011,-0.0000000015,1.0000000000,-0.0000000005,0.0000000011,0.0000000005,1.0000000000,0,-222.6,-603.8,1694.6,0,1.0000000000,-0.0000000000,-0.0000000000,0.0000000000,1.0000000000,0.0000000000,0.0000000000,-0.0000000000,1.0000000000,0,-69.5,-186.6,1769.6,1,1.0000000000,-0.0000000025,-0.0000000012,0.0000000025,1.0000000000,0.0000000001,0.0000000012,-0.0000000001,1.0000000000,0,-69.5,-565.3,1769.6,0,-347.9,-352.3,1676.0,1,-90.5,-305.0,1717.3,0,-222.6,-968.0,1694.6,0,-69.5,-929.5,1769.6,0,
18,0.8790896535,-0.1590697020,-0.4493314624,0.2400543392,0.9621456265,0.1290383041,0.4117957950,-0.2213003039,0.8839966655,1,-237.3,353.2,1617.3,1,0.8790896535,-0.1590697020,-0.4493314624,0.2400543392,0.9621456265,0.1290383041,0.4117957950,-0.2213003039,0.8839966655,1,-205.4,160.3,1661.7,1,0.8823561668,-0.1560637057,-0.4439508021,0.2200189531,0.9707574844,0.0960353613,0.4159805179,-0.1824150831,0.8908898234,1,-175.8,-23.6,1696.2,1,0.1790919751,-0.7505622506,-0.6360678673,0.9324027300,-0.0768104270,0.3531648219,-0.3139288723,-0.6563203931,0.6860700846,1,-319.6,131.8,1607.8,1,-0.0702452809,-0.7556722760,-0.6511721611,0.9965037107,-0.0235584229,-0.0801588893,0.0452332571,-0.6545262933,0.7546849847,1,-364.9,-104.1,1687.2,1,-0.0000026226,1.0000003576,0.0000000000,-1.0000003576,-0.0000026226,0.0000000000,0.0000000000,-0.0000000000,1.0000000000,0,-91.1,188.8,1715.6,1,0.0000197291,0.9999990463,0.0000006297,-0.9999990463,0.0000197291,-0.0000011274,-0.0000011274,-0.0000006297,1.0000000000,0,-91.1,-58.9,1715.6,0,1.0000000000,0.0000000000,-0.0000000000,-0.0000000000,1.0000000000,-0.0000000000,0.0000000000,0.0000000000,1.0000000000,0,-223.4,-226.6,1694.4,1,1.0000000000,0.0000000013,-0.0000000010,-0.0000000013,1.0000000000,-0.0000000005,0.0000000010,0.0000000005,1.0000000000,0,-223.4,-605.4,1694.4,0,1.0000000000,-0.0000000000,-0.0000000000,0.0000000000,1.0000000000,0.0000000000,0.0000000000,-0.0000000000,1.0000000000,0,-69.2,-188.2,1767.1,1,1.0000000000,-0.0000000023,-0.0000000011,0.0000000023,1.0000000000,0.0000000001,0.0000000011,-0.0000000001,1.0000000000,0,-69.2,-566.9,1767.1,0,-347.5,-350.8,1676.0,1,-91.1,-306.5,1715.6,0,-223.4,-969.6,1694.4,0,-69.2,-931.1,1767.1,0,
19,0.8902838230,-0.1578589678,-0.4271717370,0.2359593362,0.9621706605,0.1362061799,0.3895103931,-0.2220574617,0.8938523531,1,-238.3,354.4,1617.2,1,0.8902838230,-0.1578589678,-0.4271717370,0.2359593362,0.9621706605,0.1362061799,0.3895103931,-0.2220574617,0.8938523531,1,-206.7,161.3,1661.8,1,0.8933705091,-0.1556032449,-0.4215178192,0.2169243097,0.9709147811,0.1013390347,0.3934888244,-0.1819708794,0.9011397958,1,-177.2,-22.6,1696.2,1,0.1667096615,-0.7655143738,-0.6214464307,0.9393425584,-0.0682921186,0.3361127377,-0.2997390330,-0.6397843361,0.7076952457,1,-322.3,133.2,1610.8,1,-0.0669096038,-0.7694637775,-0.6351760626,0.9968520999,-0.0244163573,-0.0754302293,0.0425321423,-0.6382235885,0.7686752677,1,-364.8,-106.3,1687.2,1,-0.0000026226,1.0000003576,0.0000000000,-1.0000003576,-0.0000026226,0.0000000000,0.0000000000,-0.0000000000,1.0000000000,0,-91.0,189.3,1712.7,1,0.0000197291,0.9999990463,0.0000005667,-0.9999990463,0.0000197291,-0.0000010146,-0.0000010146,-0.0000005667,1.0000000000,0,-91.0,-58.3,1712.7,0,1.0000000000,0.0000000000,-0.0000000000,-0.0000000000,1.0000000000,-0.0000000000,0.0000000000,0.0000000000,1.0000000000,0,-225.8,-225.4,1696.3,1,1.0000000000,0.0000000012,-0.0000000009,-0.0000000012,1.0000000000,-0.0000000004,0.0000000009,0.0000000004,1.0000000000,0,-225.8,-604.2,1696.3,0,1.0000000000,-0.0000000000,-0.0000000000,0.0000000000,1.0000000000,0.0000000000,0.0000000000,-0.0000000000,1.0000000000,0,-69.7,-187.5,1765.1,1,1.0000000000,-0.0000000020,-0.0000000009,0.0000000020,1.0000000000,0.0000000001,0.0000000009,-0.0000000001,1.0000000000,0,-69.7,-566.3,1765.1,0,-348.3,-353.1,1676.7,1,-91.0,-305.9,1712.7,0,-225.8,-968.4,1696.3,0,-69.7,-930.5,1765.1,0,
20,0.8946979642,-0.1545082331,-0.4190979600,0.2293138951,0.9640683532,0.1341216117,0.3833158314,-0.2161034644,0.8979800940,1,-239.5,352.8,1619.1,1,0.8946979642,-0.1545082331,-0.4190979600,0.2293138951,0.9640683532,0.1341216117,0.3833158314,-0.2161034644,0.8979800940,1,-208.5,159.7,1662.4,1,0.8979535103,-0.1511963606,-0.4133032560,0.2086843848,0.9731212854,0.0974016041,0.3874670565,-0.1737121642,0.9053691030,1,-179.9,-24.6,1695.3,1,0.1526722610,-0.7733275890,-0.6153498888,0.9435694218,-0.0710956156,0.3234534860,-0.2938842177,-0.6300077438,0.7188339829,1,-324.8,132.7,1612.3,1,-0.0694259629,-0.7775294185,-0.6250022650,0.9965670109,-0.0257307347,-0.0786896497,0.0451017618,-0.6283197403,0.7766466141,1,-363.8,-108.2,1687.3,1,-0.0000026226,1.0000003576,0.0000000000,-1.0000003576,-0.0000026226,0.0000000000,0.0000000000,-0.0000000000,1.0000000000,0,-92.3,186.7,1712.6,1,0.0000197291,0.9999990463,0.0000005101,-0.9999990463,0.0000197291,-0.0000009132,-0.0000009132,-0.0000005100,1.0000000000,0,-92.3,-60.9,1712.6,0,1.0000000000,0.0000000000,-0.0000000000,-0.0000000000,1.0000000000,-0.0000000000,0.0000000000,0.0000000000,1.0000000000,0,-229.7,-227.1,1694.4,1,1.0000000000,0.0000000011,-0.0000000008,-0.0000000011,1.0000000000,-0.0000000004,0.0000000008,0.0000000004,1.0000000000,0,-229.7,-605.8,1694.4,0,1.0000000000,-0.0000000000,-0.0000000000,0.0000000000,1.0000000000,0.0000000000,0.0000000000,-0.0000000000,1.0000000000,0,-72.8,-190.6,1762.1,1,1.0000000000,-0.0000000018,-0.0000000009,0.0000000018,1.0000000000,0.0000000001,0.0000000009,-0.0000000001,1.0000000000,0,-72.8,-569.4,1762.1,0,-346.6,-354.9,1676.1,1,-92.3,-308.6,1712.6,0,-229.7,-970.0,1694.4,0,-72.8,-933.6,1762.1,0,
21,0.8878145218,-0.1540190727,-0.4336633384,0.2296915948,0.9648695588,0.1275532395,0.3987824619,-0.2128525972,0.8920011520,1,-240.2,352.7,1618.6,1,0.8878145218,-0.1540190727,-0.4336633384,0.2296915948,0.9648695588,0.1275532395,0.3987824619,-0.2128525972,0.8920011520,1,-209.2,158.9,1661.4,1,0.8912146091,-0.1485743672,-0.4285586774,0.2079106718,0.9735386372,0.0948529765,0.4031252861,-0.1736364067,0.8985211253,1,-181.1,-25.4,1694.2,1,0.1549192965,-0.7646661997,-0.6255283952,0.9392287731,-0.0823432803,0.3332699537,-0.3063482642,-0.6391442418,0.7054399848,1,-324.6,132.0,1609.2,1,-0.0666398183,-0.7702882886,-0.6342042089,0.9967461824,-0.0225076769,-0.0773971379,0.0453436449,-0.6372983456,0.7692819238,1,-364.3,-108.3,1687.6,1,-0.0000026226,1.0000003576,0.0000000000,-1.0000003576,-0.0000026226,0.0000000000,0.0000000000,-0.0000000000,1.0000000000,0,-93.8,185.9,1713.6,1,0.0000197291,0.9999990463,0.0000004591,-0.9999990463,0.0000197291,-0.0000008218,-0.0000008219,-0.0000004590,1.0000000000,0,-93.8,-61.8,1713.6,0,1.0000000000,0.0000000000,-0.0000000000,-0.0000000000,1.0000000000,-0.0000000000,0.0000000000,0.0000000000,1.0000000000,0,-230.8,-227.9,1691.9,1,1.0000000000,0.0000000010,-0.0000000007,-0.0000000010,1.0000000000,-0.0000000003,0.0000000007,0.0000000003,1.0000000000,0,-230.8,-606.7,1691.9,0,1.0000000000,-0.0000000000,-0.0000000000,0.0000000000,1.0000000000,0.0000000000,0.0000000000,-0.0000000000,1.0000000000,0,-75.1,-191.6,1762.4,1,1.0000000000,-0.0000000017,-0.0000000008,0.0000000017,1.0000000000,0.0000000001,0.0000000008,-0.0000000001,1.0000000000,0,-75.1,-570.4,1762.4,0,-347.8,-355.1,1676.3,1,-93.8,-309.4,1713.6,0,-230.8,-970.9,1691.9,0,-75.1,-934.5,1762.4,0,
22,0.8562580943,-0.1685749441,-0.4882672727,0.2622886300,0.9562164545,0.1298316717,0.4450023472,-0.2392365038,0.8629824519,1,-239.6,351.2,1613.9,1,0.8562580943,-0.1685749441,-0.4882672727,0.2622886300,0.9562164545,0.1298316717,0.4450023472,-0.2392365038,0.8629824519,1,-205.7,159.0,1662.0,1,0.8603916168,-0.1629151404,-0.4828926921,0.2383176833,0.9661633968,0.0986633524,0.4504790008,-0.1999710798,0.8701034784,1,-174.9,-23.9,1699.9,1,0.1864713877,-0.7204970717,-0.6679165363,0.9265611768,-0.0970780477,0.3634010851,-0.3266694248,-0.6866294742,0.6494823098,1,-316.9,128.2,1603.8,1,-0.0672400966,-0.7282484174,-0.6820065379,0.9967880845,-0.0192295834,-0.0777414963,0.0435004272,-0.6850433350,0.7272023559,1,-364.4,-107.9,1687.0,1,-0.0000026226,1.0000003576,0.0000000000,-1.0000003576,-0.0000026226,0.0000000000,0.0000000000,-0.0000000000,1.0000000000,0,-94.6,189.8,1720.2,1,0.0000197291,0.9999990463,0.0000004131,-0.9999990463,0.0000197291,-0.0000007397,-0.0000007397,-0.0000004131,1.0000000000,0,-94.6,-57.9,1720.2,0,1.0000000000,0.0000000000,-0.0000000000,-0.0000000000,1.0000000000,-0.0000000000,0.0000000000,0.0000000000,1.0000000000,0,-219.1,-227.6,1698.4,1,1.0000000000,0.0000000009,-0.0000000007,-0.0000000009,1.0000000000,-0.0000000003,0.0000000007,0.0000000003,1.0000000000,0,-219.1,-606.3,1698.4,0,1.0000000000,-0.0000000000,-0.0000000000,0.0000000000,1.0000000000,0.0000000000,0.0000000000,-0.0000000000,1.0000000000,0,-69.0,-186.0,1777.0,1,1.0000000000,-0.0000000015,-0.0000000007,0.0000000015,1.0000000000,0.0000000001,0.0000000007,-0.0000000001,1.0000000000,0,-69.0,-564.8,1777.0,0,-347.8,-354.7,1676.2,1,-94.5,-305.5,1720.2,0,-219.1,-970.5,1698.4,0,-69.0,-929.0,1777.0,0,
23,0.8148847818,-0.1666398793,-0.5551525354,0.2817834616,0.9508764148,0.1281936765,0.5065186620,-0.2608959675,0.8218101263,1,-239.3,351.4,1605.1,1,0.8148847818,-0.1666398793,-0.5551525354,0.2817834616,0.9508764148,0.1281936765,0.5065186620,-0.2608959675,0.8218101263,1,-205.8,160.4,1657.5,1,0.8175945282,-0.1722577810,-0.5494241118,0.2665122747,0.9590484500,0.0959101766,0.5104025006,-0.2248439789,0.8300206065,1,-173.2,-21.1,1700.0,1,0.2077324688,-0.6686357260,-0.7139841914,0.9048802257,-0.1458804756,0.3998882473,-0.3715359569,-0.7291399240,0.5747311711,1,-311.3,126.1,1591.6,1,-0.0666317195,-0.6835884452,-0.7268196940,0.9969108701,-0.0152542386,-0.0770455971,0.0415804051,-0.7297081351,0.6824932098,1,-364.5,-105.5,1686.7,1,-0.0000026226,1.0000003576,0.0000000000,-1.0000003576,-0.0000026226,0.0000000000,0.0000000000,-0.0000000000,1.0000000000,0,-100.4,194.8,1723.3,1,0.0000197291,0.9999990463,0.0000003718,-0.9999990463,0.0000197291,-0.0000006657,-0.0000006657,-0.0000003718,1.0000000000,0,-100.4,-52.8,1723.3,0,1.0000000000,0.0000000000,-0.0000000000,-0.0000000000,1.0000000000,-0.0000000000,0.0000000000,0.0000000000,1.0000000000,0,-211.8,-225.8,1698.2,1,1.0000000000,0.0000000008,-0.0000000006,-0.0000000008,1.0000000000,-0.0000000003,0.0000000006,0.0000000003,1.0000000000,0,-211.8,-604.5,1698.2,0,1.0000000000,-0.0000000000,-0.0000000000,0.0000000000,1.0000000000,0.0000000000,0.0000000000,-0.0000000000,1.0000000000,0,-69.5,-179.4,1787.0,1,1.0000000000,-0.0000000013,-0.0000000006,0.0000000013,1.0000000000,0.0000000000,0.0000000006,-0.0000000000,1.0000000000,0,-69.5,-558.1,1787.0,0,-348.0,-352.4,1676.4,1,-100.4,-300.5,1723.3,0,-211.8,-968.7,1698.2,0,-69.5,-922.3,1787.0,0,
