1,0.9996568561,0.0205388200,-0.0158743579,-0.0150902392,0.9573786855,0.2884410918,0.0211195983,-0.2881047726,0.9573582411,1,-2.2,392.0,1727.9,1,0.9996568561,0.0205388200,-0.0158743579,-0.0150902392,0.9573786855,0.2884410918,0.0211195983,-0.2881047726,0.9573582411,1,-6.3,198.4,1786.2,1,0.9991192222,0.0382423736,-0.0169145130,-0.0326890387,0.9665477276,0.2543954551,0.0260749403,-0.2536201775,0.9669446349,1,-13.6,14.7,1834.4,1,-0.0000013113,-1.0000001192,-0.0000000000,1.0000001192,-0.0000013113,0.0000000000,-0.0000000000,-0.0000000000,1.0000000000,0,-140.0,202.7,1782.7,1,0.0000170469,-0.9999990463,-0.0000000000,0.9999990463,0.0000170469,-0.0000000000,0.0000000000,-0.0000000000,1.0000000000,0,-140.0,-45.9,1782.7,0,0.2032214701,0.8119291663,0.5472404361,-0.9396398664,0.0045882314,0.3421342373,0.2752778828,-0.5837379098,0.7638534307,1,127.3,194.0,1789.6,1,-0.1523083895,0.7977983356,0.5833696723,-0.9868462086,-0.1551259756,-0.0455041490,0.0541926473,-0.5826268196,0.8109311461,1,181.5,-56.7,1863.1,1,1.0000000000,-0.0000000000,-0.0000000001,0.0000000000,1.0000000000,-0.0000000000,0.0000000001,0.0000000000,1.0000000000,0,-108.3,-166.2,1880.3,1,1.0000000000,-0.0000000476,-0.0000014698,0.0000000476,1.0000000000,0.0000001473,0.0000014698,-0.0000001473,1.0000000000,0,-108.3,-546.5,1880.3,0,1.0000000000,-0.0000000000,-0.0000000001,0.0000000000,1.0000000000,0.0000000000,0.0000000001,-0.0000000000,1.0000000000,0,66.6,-171.9,1884.8,1,1.0000000000,0.0000005194,0.0000014386,-0.0000005194,1.0000000000,-0.0000000670,-0.0000014386,0.0000000670,1.0000000000,0,66.6,-552.2,1884.8,0,-140.0,-294.6,1782.7,0,140.8,-320.4,1877.6,1,-108.3,-912.2,1880.3,0,66.6,-917.9,1884.8,0,
2,0.9996407628,0.0264859460,0.0021436978,-0.0259549972,0.9559092522,0.2925129533,0.0056959386,-0.2924657464,0.9562513232,1,-2.6,391.5,1726.5,1,0.9996407628,0.0264859460,0.0021436978,-0.0259549972,0.9559092522,0.2925129533,0.0056959386,-0.2924657464,0.9562513232,1,-8.0,197.8,1785.8,1,0.9989886880,0.0448183566,0.0008534547,-0.0435242057,0.9652311206,0.2577492595,0.0107257329,-0.2575274706,0.9662037492,1,-16.5,14.3,1834.8,1,-0.0000013113,-1.0000001192,-0.0000000000,1.0000001192,-0.0000013113,0.0000000000,-0.0000000000,-0.0000000000,1.0000000000,0,-141.7,203.6,1784.4,1,0.0000170469,-0.9999990463,-0.0000000000,0.9999990463,0.0000170469,-0.0000000000,0.0000000000,-0.0000000000,1.0000000000,0,-141.7,-45.1,1784.4,0,0.1952290386,0.8043053746,0.5612295866,-0.9382331967,-0.0135136247,0.3457398117,0.2856646180,-0.5940626860,0.7519876361,1,125.7,192.0,1787.2,1,-0.1329891086,0.7938697934,0.5933673382,-0.9896958470,-0.1384246349,-0.0366175435,0.0530670881,-0.5921229720,0.8040985465,1,177.9,-59.0,1863.6,1,1.0000000000,-0.0000000000,-0.0000000001,0.0000000000,1.0000000000,-0.0000000000,0.0000000001,0.0000000000,1.0000000000,0,-112.6,-165.3,1882.8,1,1.0000000000,-0.0000000428,-0.0000013228,0.0000000428,1.0000000000,0.0000001326,0.0000013228,-0.0000001326,1.0000000000,0,-112.6,-545.7,1882.8,0,1.0000000000,-0.0000000000,-0.0000000001,0.0000000000,1.0000000000,0.0000000000,0.0000000001,-0.0000000000,1.0000000000,0,62.5,-173.0,1884.6,1,1.0000000000,0.0000004675,0.0000012948,-0.0000004675,1.0000000000,-0.0000000603,-0.0000012948,0.0000000603,1.0000000000,0,62.5,-553.3,1884.6,0,-141.7,-293.8,1784.4,0,142.4,-323.4,1877.8,1,-112.6,-911.4,1882.8,0,62.5,-919.0,1884.6,0,
3,0.9993517399,0.0354791582,0.0050253551,-0.0353331044,0.9522855878,0.3031562865,0.0059678145,-0.3031395674,0.9529197812,1,-1.7,393.5,1722.4,1,0.9993517399,0.0354791582,0.0050253551,-0.0353331044,0.9522855878,0.3031562865,0.0059678145,-0.3031395674,0.9529197812,1,-8.9,199.4,1784.1,1,0.9986000061,0.0526726991,0.0034038918,-0.0516582206,0.9620488286,0.2679433525,0.0108362213,-0.2677457929,0.9634209275,1,-18.9,16.5,1835.0,1,-0.0000013113,-1.0000001192,-0.0000000000,1.0000001192,-0.0000013113,0.0000000000,-0.0000000000,-0.0000000000,1.0000000000,0,-142.6,206.3,1782.7,1,0.0000170469,-0.9999990463,-0.0000000000,0.9999990463,0.0000170469,-0.0000000000,0.0000000000,-0.0000000000,1.0000000000,0,-142.6,-42.4,1782.7,0,0.1879488230,0.8032552600,0.5652046204,-0.9383245111,-0.0231878906,0.3449773788,0.2902107835,-0.5951834321,0.7493560314,1,124.8,192.4,1785.6,1,-0.1251586229,0.7942627072,0.5945437551,-0.9906508327,-0.1328328848,-0.0310898665,0.0542814471,-0.5928764343,0.8034619689,1,175.5,-60.9,1863.9,1,1.0000000000,-0.0000000000,-0.0000000001,0.0000000000,1.0000000000,-0.0000000000,0.0000000001,0.0000000000,1.0000000000,0,-116.5,-161.8,1885.0,1,1.0000000000,-0.0000000385,-0.0000011905,0.0000000385,1.0000000000,0.0000001193,0.0000011905,-0.0000001193,1.0000000000,0,-116.5,-542.2,1885.0,0,1.0000000000,-0.0000000000,-0.0000000001,0.0000000000,1.0000000000,0.0000000000,0.0000000001,-0.0000000000,1.0000000000,0,58.6,-170.9,1886.9,1,1.0000000000,0.0000004208,0.0000011653,-0.0000004207,1.0000000000,-0.0000000542,-0.0000011653,0.0000000542,1.0000000000,0,58.6,-551.2,1886.9,0,-142.6,-291.1,1782.7,0,142.1,-325.6,1878.5,1,-116.5,-907.9,1885.0,0,58.6,-916.9,1886.9,0,
4,0.9958912134,0.0111273611,-0.0898043066,0.0152241429,0.9576615691,0.2874936163,0.0891985819,-0.2876815498,0.9535555840,1,-0.8,391.8,1724.4,1,0.9958912134,0.0111273611,-0.0898043066,0.0152241429,0.9576615691,0.2874936163,0.0891985819,-0.2876815498,0.9535555840,1,-3.0,197.1,1782.9,1,0.9956791401,0.0217638128,-0.0902077630,0.0028270110,0.9645422697,0.2639135122,0.0927503705,-0.2630298436,0.9603112936,1,-7.2,13.8,1832.9,1,-0.0000013113,-1.0000001192,-0.0000000000,1.0000001192,-0.0000013113,0.0000000000,-0.0000000000,-0.0000000000,1.0000000000,0,-136.0,196.7,1770.5,1,0.0000170469,-0.9999990463,-0.0000000000,0.9999990463,0.0000170469,-0.0000000000,0.0000000000,-0.0000000000,1.0000000000,0,-136.0,-52.0,1770.5,0,0.1594667733,0.8538253307,0.4955328107,-0.9522742033,0.0007005334,0.3052431345,0.2602771223,-0.5205592513,0.8131875396,1,129.9,197.5,1795.3,1,-0.1336970329,0.8433051705,0.5205396414,-0.9892244935,-0.1451863647,-0.0188649837,0.0596663132,-0.5174527168,0.8536291122,1,173.1,-60.1,1865.7,1,1.0000000000,-0.0000000000,-0.0000000001,0.0000000000,1.0000000000,-0.0000000000,0.0000000001,0.0000000000,1.0000000000,0,-98.2,-169.7,1874.8,1,1.0000000000,-0.0000000347,-0.0000010714,0.0000000347,1.0000000000,0.0000001074,0.0000010714,-0.0000001074,1.0000000000,0,-98.2,-550.0,1874.8,0,1.0000000000,-0.0000000000,-0.0000000001,0.0000000000,1.0000000000,0.0000000000,0.0000000001,-0.0000000000,1.0000000000,0,75.6,-169.2,1891.0,1,1.0000000000,0.0000003787,0.0000010487,-0.0000003787,1.0000000000,-0.0000000488,-0.0000010487,0.0000000488,1.0000000000,0,75.6,-549.5,1891.0,0,-136.0,-300.6,1770.5,0,137.3,-324.5,1881.6,1,-98.2,-915.7,1874.8,0,75.6,-915.2,1891.0,0,
5,0.9770985842,-0.0187716689,-0.2119291127,0.0771489814,0.9595665932,0.2707030475,0.1982756853,-0.2808555961,0.9390378594,1,-1.6,392.1,1726.0,1,0.9770985842,-0.0187716689,-0.2119291127,0.0771489814,0.9595665932,0.2707030475,0.1982756853,-0.2808555961,0.9390378594,1,2.2,197.9,1782.8,1,0.9773178101,-0.0063376948,-0.2116547972,0.0603358820,0.9664512873,0.2496631444,0.2029689103,-0.2567721903,0.9449110031,1,3.4,14.3,1831.6,1,-0.0000013113,-1.0000001192,-0.0000000000,1.0000001192,-0.0000013113,0.0000000000,-0.0000000000,-0.0000000000,1.0000000000,0,-128.0,189.9,1755.8,1,0.0000170469,-0.9999990463,-0.0000000000,0.9999990463,0.0000170469,-0.0000000000,0.0000000000,-0.0000000000,1.0000000000,0,-128.0,-58.8,1755.8,0,0.1733940542,0.9025026560,0.3942377865,-0.9609016776,0.0672866181,0.2685898542,0.2158761322,-0.4253956378,0.8788833618,1,132.3,205.9,1809.9,1,-0.1629343629,0.8892752528,0.4273663163,-0.9848650098,-0.1725404412,-0.0164552014,0.0591047779,-0.4235792458,0.9039287567,1,179.4,-55.0,1868.5,1,1.0000000000,-0.0000000000,-0.0000000001,0.0000000000,1.0000000000,-0.0000000000,0.0000000001,0.0000000000,1.0000000000,0,-80.3,-174.5,1862.8,1,1.0000000000,-0.0000000312,-0.0000009643,0.0000000312,1.0000000000,0.0000000967,0.0000009643,-0.0000000967,1.0000000000,0,-80.3,-554.9,1862.8,0,1.0000000000,-0.0000000000,-0.0000000001,0.0000000000,1.0000000000,0.0000000000,0.0000000001,-0.0000000000,1.0000000000,0,89.5,-164.1,1898.0,1,1.0000000000,0.0000003408,0.0000009439,-0.0000003408,1.0000000000,-0.0000000439,-0.0000009439,0.0000000439,1.0000000000,0,89.5,-544.4,1898.0,0,-128.0,-307.5,1755.8,0,135.8,-318.1,1884.3,1,-80.3,-920.6,1862.8,0,89.5,-910.1,1898.0,0,
6,0.9490628242,-0.0268843193,-0.3139190674,0.1121872589,0.9598861933,0.2569679320,0.2944151461,-0.2790982127,0.9140071869,1,0.7,392.7,1725.7,1,0.9490628242,-0.0268843193,-0.3139190674,0.1121872589,0.9598861933,0.2569679320,0.2944151461,-0.2790982127,0.9140071869,1,6.1,198.9,1782.1,1,0.9493487477,-0.0208486691,-0.3135130107,0.1006534323,0.9653939009,0.2405902445,0.2976445556,-0.2599617243,0.9185928106,1,10.1,15.4,1831.5,1,-0.0000013113,-1.0000001192,-0.0000000000,1.0000001192,-0.0000013113,0.0000000000,-0.0000000000,-0.0000000000,1.0000000000,0,-120.3,185.5,1742.4,1,0.0000170469,-0.9999990463,-0.0000000000,0.9999990463,0.0000170469,-0.0000000000,0.0000000000,-0.0000000000,1.0000000000,0,-120.3,-63.2,1742.4,0,0.1947997957,0.9319237471,0.3058943152,-0.9652437568,0.1267411709,0.2285632640,0.1742340922,-0.3397866488,0.9242227077,1,132.5,212.3,1821.7,1,-0.1752911061,0.9228119254,0.3430616260,-0.9826878309,-0.1852289289,-0.0038622518,0.0599808022,-0.3377995193,0.9393050075,1,185.2,-48.8,1868.8,1,1.0000000000,-0.0000000000,-0.0000000000,0.0000000000,1.0000000000,-0.0000000000,0.0000000000,0.0000000000,1.0000000000,0,-68.4,-176.8,1855.0,1,1.0000000000,-0.0000000281,-0.0000008679,0.0000000281,1.0000000000,0.0000000870,0.0000008679,-0.0000000870,1.0000000000,0,-68.4,-557.1,1855.0,0,1.0000000000,-0.0000000000,-0.0000000000,0.0000000000,1.0000000000,0.0000000000,0.0000000000,-0.0000000000,1.0000000000,0,96.5,-159.3,1906.7,1,1.0000000000,0.0000003067,0.0000008495,-0.0000003067,1.0000000000,-0.0000000395,-0.0000008495,0.0000000395,1.0000000000,0,96.5,-539.6,1906.7,0,-120.3,-311.9,1742.4,0,138.4,-311.4,1884.9,1,-68.4,-922.8,1855.0,0,96.5,-905.3,1906.7,0,
7,0.9816519618,-0.0409868918,-0.1861924529,0.0938984752,0.9538947344,0.2850752473,0.1659207791,-0.2973299026,0.9402396679,1,0.8,392.6,1727.5,1,0.9816519618,-0.0409868918,-0.1861924529,0.0938984752,0.9538947344,0.2850752473,0.1659207791,-0.2973299026,0.9402396679,1,9.1,199.1,1787.8,1,0.9823685288,-0.0275600255,-0.1848799884,0.0738299340,0.9658607841,0.2483188957,0.1717218161,-0.2575918436,0.9508644938,1,14.4,15.6,1836.8,1,-0.0000013113,-1.0000001192,-0.0000000000,1.0000001192,-0.0000013113,0.0000000000,-0.0000000000,-0.0000000000,1.0000000000,0,-121.5,189.3,1765.0,1,0.0000170469,-0.9999990463,-0.0000000000,0.9999990463,0.0000170469,-0.0000000000,0.0000000000,-0.0000000000,1.0000000000,0,-121.5,-59.4,1765.0,0,0.1736533195,0.8915745020,0.4182576537,-0.9587802887,0.0560629368,0.2785629630,0.2249109000,-0.4493905604,0.8645595312,1,139.8,209.0,1810.6,1,-0.1794071645,0.8742520213,0.4511058629,-0.9814323187,-0.1906796992,-0.0207798071,0.0678499341,-0.4464578927,0.8922285438,1,185.6,-44.0,1870.0,1,1.0000000000,-0.0000000000,-0.0000000000,0.0000000000,1.0000000000,-0.0000000000,0.0000000000,0.0000000000,1.0000000000,0,-65.4,-174.4,1870.9,1,1.0000000000,-0.0000000253,-0.0000007811,0.0000000253,1.0000000000,0.0000000783,0.0000007811,-0.0000000783,1.0000000000,0,-65.4,-554.8,1870.9,0,1.0000000000,-0.0000000000,-0.0000000000,0.0000000000,1.0000000000,0.0000000000,0.0000000000,-0.0000000000,1.0000000000,0,104.6,-161.6,1900.6,1,1.0000000000,0.0000002761,0.0000007645,-0.0000002761,1.0000000000,-0.0000000356,-0.0000007645,0.0000000356,1.0000000000,0,104.6,-542.0,1900.6,0,-121.5,-308.0,1765.0,0,137.6,-306.3,1888.1,1,-65.4,-920.5,1870.9,0,104.6,-907.7,1900.6,0,
8,0.9543323517,-0.0397149138,-0.2960755825,0.1186702922,0.9599652886,0.2537402809,0.2741419673,-0.2772897184,0.9208376408,1,1.3,391.1,1727.9,1,0.9543323517,-0.0397149138,-0.2960755825,0.1186702922,0.9599652886,0.2537402809,0.2741419673,-0.2772897184,0.9208376408,1,9.3,196.9,1784.0,1,0.9549551010,-0.0271407999,-0.2954864800,0.1007256955,0.9663310051,0.2367677242,0.2791086733,-0.2558671236,0.9255353212,1,14.5,13.2,1832.7,1,-0.0000013113,-1.0000001192,-0.0000000000,1.0000001192,-0.0000013113,0.0000000000,-0.0000000000,-0.0000000000,1.0000000000,0,-117.7,183.5,1746.9,1,0.0000170469,-0.9999990463,-0.0000000000,0.9999990463,0.0000170469,-0.0000000000,0.0000000000,-0.0000000000,1.0000000000,0,-117.7,-65.2,1746.9,0,0.2063543051,0.9245100021,0.3204668760,-0.9610201716,0.1299040020,0.2440598160,0.1840058416,-0.3583379388,0.9152790308,1,136.3,210.3,1821.1,1,-0.1770690829,0.9157405496,0.3606466055,-0.9813089967,-0.1923274547,0.0065509067,0.0753611699,-0.3527458012,0.9326795340,1,191.0,-44.4,1869.9,1,1.0000000000,-0.0000000000,-0.0000000000,0.0000000000,1.0000000000,-0.0000000000,0.0000000000,0.0000000000,1.0000000000,0,-63.0,-179.2,1857.1,1,1.0000000000,-0.0000000228,-0.0000007030,0.0000000228,1.0000000000,0.0000000705,0.0000007030,-0.0000000705,1.0000000000,0,-63.0,-559.5,1857.1,0,1.0000000000,-0.0000000000,-0.0000000000,0.0000000000,1.0000000000,0.0000000000,0.0000000000,-0.0000000000,1.0000000000,0,102.3,-161.8,1905.4,1,1.0000000000,0.0000002484,0.0000006881,-0.0000002484,1.0000000000,-0.0000000320,-0.0000006881,0.0000000320,1.0000000000,0,102.3,-542.1,1905.4,0,-117.7,-313.9,1746.9,0,143.7,-306.7,1890.0,1,-63.0,-925.2,1857.1,0,102.3,-907.8,1905.4,0,
9,0.9405069947,-0.0369670764,-0.3377399147,0.1262957454,0.9608716369,0.2465260625,0.3154083192,-0.2745163441,0.9083742499,1,2.1,390.0,1727.0,1,0.9405069947,-0.0369670764,-0.3377399147,0.1262957454,0.9608716369,0.2465260625,0.3154083192,-0.2745163441,0.9083742499,1,9.6,195.8,1782.5,1,0.9409756660,-0.0281606112,-0.3372831345,0.1124289855,0.9659529328,0.2330126911,0.3192347884,-0.2571811676,0.9121031761,1,14.9,12.2,1831.4,1,-0.0000013113,-1.0000001192,-0.0000000000,1.0000001192,-0.0000013113,0.0000000000,-0.0000000000,-0.0000000000,1.0000000000,0,-116.0,180.8,1739.9,1,0.0000170469,-0.9999990463,-0.0000000000,0.9999990463,0.0000170469,-0.0000000000,0.0000000000,-0.0000000000,1.0000000000,0,-116.0,-67.8,1739.9,0,0.1978383809,0.9386804104,0.2823811769,-0.9640780687,0.1342415363,0.2292000204,0.1772382706,-0.3175820708,0.9315193892,1,135.1,210.8,1825.1,1,-0.1390158534,0.9378660917,0.3179336786,-0.9880067110,-0.1531430483,0.0197496619,0.0672118738,-0.3113751113,0.9479072094,1,187.4,-43.9,1871.9,1,1.0000000000,-0.0000000000,-0.0000000000,0.0000000000,1.0000000000,-0.0000000000,0.0000000000,0.0000000000,1.0000000000,0,-61.7,-181.2,1852.5,1,1.0000000000,-0.0000000205,-0.0000006327,0.0000000205,1.0000000000,0.0000000634,0.0000006327,-0.0000000634,1.0000000000,0,-61.7,-561.5,1852.5,0,1.0000000000,-0.0000000000,-0.0000000000,0.0000000000,1.0000000000,0.0000000000,0.0000000000,-0.0000000000,1.0000000000,0,102.2,-161.6,1908.1,1,1.0000000000,0.0000002236,0.0000006193,-0.0000002236,1.0000000000,-0.0000000288,-0.0000006193,0.0000000288,1.0000000000,0,102.2,-541.9,1908.1,0,-116.0,-316.5,1739.9,0,150.2,-307.7,1889.8,1,-61.7,-927.2,1852.5,0,102.2,-907.6,1908.1,0,
10,0.9302779436,-0.0385318026,-0.3648099005,0.1350904107,0.9605661631,0.2430295795,0.3410566151,-0.2753691077,0.8987978101,1,2.1,390.3,1726.6,1,0.9302779436,-0.0385318026,-0.3648099005,0.1350904107,0.9605661631,0.2430295795,0.3410566151,-0.2753691077,0.8987978101,1,9.9,196.9,1782.0,1,0.9308105707,-0.0280830301,-0.3644050956,0.1196908057,0.9654860497,0.2313245386,0.3453286290,-0.2589367628,0.9020449519,1,15.2,13.4,1831.2,1,-0.0000013113,-1.0000001192,-0.0000000000,1.0000001192,-0.0000013113,0.0000000000,-0.0000000000,-0.0000000000,1.0000000000,0,-114.5,180.9,1735.9,1,0.0000170469,-0.9999990463,-0.0000000000,0.9999990463,0.0000170469,-0.0000000000,0.0000000000,-0.0000000000,1.0000000000,0,-114.5,-67.8,1735.9,0,0.1980446279,0.9458408952,0.2572222352,-0.9652799368,0.1425946057,0.2188640088,0.1703320295,-0.2916362882,0.9412413239,1,134.3,212.9,1828.2,1,-0.1124139801,0.9502053857,0.2906420231,-0.9916143417,-0.1260416806,0.0285373628,0.0637493581,-0.2849967778,0.9564062357,1,186.6,-42.4,1873.2,1,1.0000000000,-0.0000000000,-0.0000000000,0.0000000000,1.0000000000,-0.0000000000,0.0000000000,0.0000000000,1.0000000000,0,-60.8,-180.6,1850.3,1,1.0000000000,-0.0000000184,-0.0000005694,0.0000000184,1.0000000000,0.0000000571,0.0000005694,-0.0000000571,1.0000000000,0,-60.8,-560.9,1850.3,0,1.0000000000,-0.0000000000,-0.0000000000,0.0000000000,1.0000000000,0.0000000000,0.0000000000,-0.0000000000,1.0000000000,0,101.9,-159.7,1910.6,1,1.0000000000,0.0000002012,0.0000005573,-0.0000002012,1.0000000000,-0.0000000259,-0.0000005573,0.0000000259,1.0000000000,0,101.9,-540.0,1910.6,0,-114.5,-316.4,1735.9,0,156.6,-307.2,1890.2,1,-60.8,-926.6,1850.3,0,101.9,-905.7,1910.6,0,
11,0.9286420345,-0.0382801965,-0.3689805567,0.1317401379,0.9638580084,0.2315651029,0.3467774093,-0.2636523545,0.9001212120,1,1.4,392.3,1730.3,1,0.9286420345,-0.0382801965,-0.3689805567,0.1317401379,0.9638580084,0.2315651029,0.3467774093,-0.2636523545,0.9001212120,1,9.1,198.6,1783.3,1,0.9290566444,-0.0298823342,-0.3687125146,0.1199955195,0.9671803713,0.2239716947,0.3499156237,-0.2523277700,0.9021502137,1,14.8,14.8,1831.3,1,-0.0000013113,-1.0000001192,-0.0000000000,1.0000001192,-0.0000013113,0.0000000000,-0.0000000000,-0.0000000000,1.0000000000,0,-115.2,182.5,1736.5,1,0.0000170469,-0.9999990463,-0.0000000000,0.9999990463,0.0000170469,-0.0000000000,0.0000000000,-0.0000000000,1.0000000000,0,-115.2,-66.1,1736.5,0,0.2028430104,0.9462180734,0.2520437241,-0.9648007154,0.1491279602,0.2166111767,0.1673746556,-0.2871100307,0.9431614280,1,133.4,214.7,1830.1,1,-0.1070573106,0.9526676536,0.2845400274,-0.9916252494,-0.1231008247,0.0390575863,0.0722360164,-0.2779756784,0.9578681588,1,186.9,-40.2,1874.3,1,1.0000000000,-0.0000000000,-0.0000000000,0.0000000000,1.0000000000,-0.0000000000,0.0000000000,0.0000000000,1.0000000000,0,-60.9,-179.6,1848.6,1,1.0000000000,-0.0000000166,-0.0000005125,0.0000000166,1.0000000000,0.0000000514,0.0000005125,-0.0000000514,1.0000000000,0,-60.9,-559.9,1848.6,0,1.0000000000,-0.0000000000,-0.0000000000,0.0000000000,1.0000000000,0.0000000000,0.0000000000,-0.0000000000,1.0000000000,0,101.8,-158.6,1909.9,1,1.0000000000,0.0000001811,0.0000005016,-0.0000001811,1.0000000000,-0.0000000233,-0.0000005016,0.0000000233,1.0000000000,0,101.8,-538.9,1909.9,0,-115.2,-314.8,1736.5,0,158.3,-305.1,1893.6,1,-60.9,-925.6,1848.6,0,101.8,-904.6,1909.9,0,
12,0.9243885279,-0.0278721377,-0.3804168403,0.1266010851,0.9632103443,0.2370613515,0.3598109484,-0.2672997415,0.8939084411,1,4.2,392.6,1727.7,1,0.9243885279,-0.0278721377,-0.3804168403,0.1266010851,0.9632103443,0.2370613515,0.3598109484,-0.2672997415,0.8939084411,1,9.8,198.8,1781.5,1,0.9246634841,-0.0193988811,-0.3802751601,0.1153821349,0.9660210609,0.2312800437,0.3628641367,-0.2577347457,0.8954817653,1,13.5,15.2,1830.5,1,-0.0000013113,-1.0000001192,-0.0000000000,1.0000001192,-0.0000013113,0.0000000000,-0.0000000000,-0.0000000000,1.0000000000,0,-113.9,183.3,1732.9,1,0.0000170469,-0.9999990463,-0.0000000000,0.9999990463,0.0000170469,-0.0000000000,0.0000000000,-0.0000000000,1.0000000000,0,-113.9,-65.3,1732.9,0,0.1993839890,0.9498958588,0.2407158166,-0.9653000236,0.1481140107,0.2150772512,0.1686475724,-0.2752459347,0.9464659691,1,133.6,214.2,1830.0,1,-0.0620874912,0.9615293145,0.2675940692,-0.9940351248,-0.0836584121,0.0699674338,0.0896622241,-0.2616538107,0.9609880447,1,185.6,-37.6,1874.0,1,1.0000000000,-0.0000000000,-0.0000000000,0.0000000000,1.0000000000,-0.0000000000,0.0000000000,0.0000000000,1.0000000000,0,-63.9,-178.6,1847.7,1,1.0000000000,-0.0000000149,-0.0000004612,0.0000000149,1.0000000000,0.0000000462,0.0000004612,-0.0000000462,1.0000000000,0,-63.9,-558.9,1847.7,0,1.0000000000,-0.0000000000,-0.0000000000,0.0000000000,1.0000000000,0.0000000000,0.0000000000,-0.0000000000,1.0000000000,0,98.3,-158.4,1911.3,1,1.0000000000,0.0000001630,0.0000004515,-0.0000001630,1.0000000000,-0.0000000210,-0.0000004515,0.0000000210,1.0000000000,0,98.3,-538.7,1911.3,0,-113.9,-314.0,1732.9,0,169.0,-302.9,1898.0,1,-63.9,-924.6,1847.7,0,98.3,-904.4,1911.3,0,
13,0.8735879064,-0.0256223269,-0.4859790802,0.1482922286,0.9651375413,0.2156829387,0.4635071754,-0.2604865134,0.8469315767,1,7.6,395.0,1731.1,1,0.8735879064,-0.0256223269,-0.4859790802,0.1482922286,0.9651375413,0.2156829387,0.4635071754,-0.2604865134,0.8469315767,1,12.8,200.8,1783.5,1,0.8736254573,-0.0238629263,-0.4860012233,0.1468290985,0.9651677608,0.2165468782,0.4639021158,-0.2605415583,0.8466984034,1,17.3,17.3,1833.0,1,-0.0000013113,-1.0000001192,-0.0000000000,1.0000001192,-0.0000013113,0.0000000000,-0.0000000000,-0.0000000000,1.0000000000,0,-103.8,181.2,1721.6,1,0.0000170469,-0.9999990463,-0.0000000000,0.9999990463,0.0000170469,-0.0000000000,0.0000000000,-0.0000000000,1.0000000000,0,-103.8,-67.5,1721.6,0,0.2079360932,0.9674161077,0.1444588900,-0.9726690650,0.1889034212,0.1350194961,0.1033312604,-0.1685861200,0.9802557230,1,129.3,220.4,1845.4,1,-0.0317905173,0.9880009890,0.1511403024,-0.9934933186,-0.0477822423,0.1033823267,0.1093636751,-0.1468703151,0.9830913544,1,184.8,-39.2,1873.0,1,1.0000000000,-0.0000000000,-0.0000000000,0.0000000000,1.0000000000,-0.0000000000,0.0000000000,0.0000000000,1.0000000000,0,-54.3,-178.9,1842.2,1,1.0000000000,-0.0000000134,-0.0000004151,0.0000000134,1.0000000000,0.0000000416,0.0000004151,-0.0000000416,1.0000000000,0,-54.3,-559.3,1842.2,0,1.0000000000,-0.0000000000,-0.0000000000,0.0000000000,1.0000000000,0.0000000000,0.0000000000,-0.0000000000,1.0000000000,0,97.9,-153.4,1923.0,1,1.0000000000,0.0000001467,0.0000004063,-0.0000001467,1.0000000000,-0.0000000189,-0.0000004063,0.0000000189,1.0000000000,0,97.9,-533.7,1923.0,0,-103.8,-316.2,1721.6,0,176.3,-304.4,1902.2,1,-54.3,-925.0,1842.2,0,97.9,-899.4,1923.0,0,
14,0.8677863479,-0.0372033380,-0.4955308139,0.1657929420,0.9617323875,0.2181366831,0.4684494138,-0.2714531422,0.8407458067,1,6.7,393.7,1728.6,1,0.8677863479,-0.0372033380,-0.4955308139,0.1657929420,0.9617323875,0.2181366831,0.4684494138,-0.2714531422,0.8407458067,1,14.2,200.4,1783.1,1,0.8681104779,-0.0278785340,-0.4955754280,0.1562071890,0.9630360007,0.2194563895,0.4711356461,-0.2679263651,0.8403760195,1,19.5,17.4,1834.1,1,-0.0000013113,-1.0000001192,-0.0000000000,1.0000001192,-0.0000013113,0.0000000000,-0.0000000000,-0.0000000000,1.0000000000,0,-101.9,179.5,1720.2,1,0.0000170469,-0.9999990463,-0.0000000000,0.9999990463,0.0000170469,-0.0000000000,0.0000000000,-0.0000000000,1.0000000000,0,-101.9,-69.2,1720.2,0,0.2034968287,0.9692957997,0.1380393952,-0.9744290113,0.1867881268,0.1248937547,0.0952748656,-0.1599250734,0.9825205803,1,130.2,221.3,1846.1,1,-0.0458004102,0.9892850518,0.1386265308,-0.9905205965,-0.0629648715,0.1220831349,0.1295036227,-0.1317209750,0.9827911258,1,183.7,-34.6,1871.1,1,1.0000000000,-0.0000000000,-0.0000000000,0.0000000000,1.0000000000,-0.0000000000,0.0000000000,0.0000000000,1.0000000000,0,-51.1,-179.4,1843.8,1,1.0000000000,-0.0000000121,-0.0000003736,0.0000000121,1.0000000000,0.0000000375,0.0000003736,-0.0000000375,1.0000000000,0,-51.1,-559.7,1843.8,0,1.0000000000,-0.0000000000,-0.0000000000,0.0000000000,1.0000000000,0.0000000000,0.0000000000,-0.0000000000,1.0000000000,0,100.7,-152.0,1926.2,1,1.0000000000,0.0000001320,0.0000003657,-0.0000001320,1.0000000000,-0.0000000170,-0.0000003657,0.0000000170,1.0000000000,0,100.7,-532.4,1926.2,0,-101.9,-317.8,1720.2,0,171.4,-299.1,1905.7,1,-51.1,-925.4,1843.8,0,100.7,-898.1,1926.2,0,
15,0.8802077770,-0.0398479179,-0.4729002118,0.1651475281,0.9599072933,0.2265046835,0.4449113905,-0.2774710655,0.8514980078,1,7.9,391.9,1727.3,1,0.8802077770,-0.0398479179,-0.4729002118,0.1651475281,0.9599072933,0.2265046835,0.4449113905,-0.2774710655,0.8514980078,1,15.8,199.5,1782.9,1,0.8806527257,-0.0284082107,-0.4728972912,0.1526186168,0.9619978070,0.2264243811,0.4484906495,-0.2715756893,0.8515209556,1,21.2,16.7,1834.6,1,-0.0000013113,-1.0000001192,-0.0000000000,1.0000001192,-0.0000013113,0.0000000000,-0.0000000000,-0.0000000000,1.0000000000,0,-102.0,179.1,1722.9,1,0.0000170469,-0.9999990463,-0.0000000000,0.9999990463,0.0000170469,-0.0000000000,0.0000000000,-0.0000000000,1.0000000000,0,-102.0,-69.6,1722.9,0,0.1881486177,0.9686676860,0.1621205658,-0.9766382575,0.1670796424,0.1351371557,0.1038159430,-0.1837590188,0.9774737954,1,133.6,219.9,1842.9,1,-0.0618641786,0.9844534397,0.1643915474,-0.9889153838,-0.0827333853,0.1232953966,0.1349792182,-0.1549417675,0.9786591530,1,183.0,-36.1,1870.1,1,1.0000000000,-0.0000000000,-0.0000000000,0.0000000000,1.0000000000,-0.0000000000,0.0000000000,0.0000000000,1.0000000000,0,-50.5,-179.6,1846.9,1,1.0000000000,-0.0000000109,-0.0000003362,0.0000000109,1.0000000000,0.0000000337,0.0000003362,-0.0000000337,1.0000000000,0,-50.5,-559.9,1846.9,0,1.0000000000,-0.0000000000,-0.0000000000,0.0000000000,1.0000000000,0.0000000000,0.0000000000,-0.0000000000,1.0000000000,0,103.8,-152.8,1925.5,1,1.0000000000,0.0000001188,0.0000003291,-0.0000001188,1.0000000000,-0.0000000153,-0.0000003291,0.0000000153,1.0000000000,0,103.8,-533.2,1925.5,0,-102.0,-318.3,1722.9,0,166.4,-300.2,1906.2,1,-50.5,-925.6,1846.9,0,103.8,-898.9,1925.5,0,
16,0.8999159932,-0.0363120921,-0.4345350564,0.1507051885,0.9610185623,0.2318009883,0.4091758728,-0.2740897834,0.8703075051,1,7.4,391.9,1727.2,1,0.8999159932,-0.0363120921,-0.4345350564,0.1507051885,0.9610185623,0.2318009883,0.4091758728,-0.2740897834,0.8703075051,1,14.7,199.0,1782.2,1,0.9002981186,-0.0266265441,-0.4344448447,0.1390199661,0.9634382129,0.2290428728,0.4124589562,-0.2666049302,0.8710824251,1,19.7,15.9,1832.9,1,-0.0000013113,-1.0000001192,-0.0000000000,1.0000001192,-0.0000013113,0.0000000000,-0.0000000000,-0.0000000000,1.0000000000,0,-105.8,180.5,1727.0,1,0.0000170469,-0.9999990463,-0.0000000000,0.9999990463,0.0000170469,-0.0000000000,0.0000000000,-0.0000000000,1.0000000000,0,-105.8,-68.2,1727.0,0,0.1900678128,0.9615050554,0.1984492540,-0.9744123220,0.1600472927,0.1578143388,0.1199780107,-0.2233668268,0.9673223495,1,135.1,217.6,1837.4,1,-0.0778781474,0.9753340483,0.2065399438,-0.9879462123,-0.1032992452,0.1152892634,0.1337809414,-0.1950718462,0.9716222286,1,184.6,-35.9,1868.6,1,1.0000000000,-0.0000000000,-0.0000000000,0.0000000000,1.0000000000,-0.0000000000,0.0000000000,0.0000000000,1.0000000000,0,-54.1,-179.4,1847.4,1,1.0000000000,-0.0000000098,-0.0000003026,0.0000000098,1.0000000000,0.0000000303,0.0000003026,-0.0000000303,1.0000000000,0,-54.1,-559.7,1847.4,0,1.0000000000,-0.0000000000,-0.0000000000,0.0000000000,1.0000000000,0.0000000000,0.0000000000,-0.0000000000,1.0000000000,0,103.6,-155.1,1919.7,1,1.0000000000,0.0000001069,0.0000002962,-0.0000001069,1.0000000000,-0.0000000138,-0.0000002962,0.0000000138,1.0000000000,0,103.6,-535.4,1919.7,0,-105.8,-316.9,1727.0,0,163.8,-299.9,1904.4,1,-54.1,-925.4,1847.4,0,103.6,-901.1,1919.7,0,
17,0.9144438505,-0.0330675952,-0.4033446610,0.1390785724,0.9616324306,0.2364750206,0.3800465167,-0.2723414600,0.8839569688,1,7.3,392.9,1726.2,1,0.9144438505,-0.0330675952,-0.4033446610,0.1390785724,0.9616324306,0.2364750206,0.3800465167,-0.2723414600,0.8839569688,1,13.9,199.7,1780.9,1,0.9148204923,-0.0233889576,-0.4031679332,0.1262268126,0.9648639560,0.2304444760,0.3836092353,-0.2617075145,0.8856287599,1,18.4,16.3,1830.6,1,-0.0000013113,-1.0000001192,-0.0000000000,1.0000001192,-0.0000013113,0.0000000000,-0.0000000000,-0.0000000000,1.0000000000,0,-108.5,182.8,1729.5,1,0.0000170469,-0.9999990463,-0.0000000000,0.9999990463,0.0000170469,-0.0000000000,0.0000000000,-0.0000000000,1.0000000000,0,-108.5,-65.8,1729.5,0,0.1906581074,0.9551494718,0.2265811265,-0.9723438621,0.1520321667,0.1772954166,0.1348960102,-0.2541175783,0.9577198625,1,136.4,216.6,1832.2,1,-0.0900488198,0.9665479064,0.2401594669,-0.9875085950,-0.1179580316,0.1044643149,0.1292984784,-0.2277526408,0.9650962353,1,186.1,-37.1,1867.4,1,1.0000000000,-0.0000000000,-0.0000000000,0.0000000000,1.0000000000,-0.0000000000,0.0000000000,0.0000000000,1.0000000000,0,-57.3,-178.2,1846.8,1,1.0000000000,-0.0000000088,-0.0000002723,0.0000000088,1.0000000000,0.0000000273,0.0000002723,-0.0000000273,1.0000000000,0,-57.3,-558.5,1846.8,0,1.0000000000,-0.0000000000,-0.0000000000,0.0000000000,1.0000000000,0.0000000000,0.0000000000,-0.0000000000,1.0000000000,0,103.0,-156.0,1914.0,1,1.0000000000,0.0000000963,0.0000002666,-0.0000000963,1.0000000000,-0.0000000124,-0.0000002666,0.0000000124,1.0000000000,0,103.0,-536.4,1914.0,0,-108.5,-314.5,1729.5,0,162.1,-300.9,1902.0,1,-57.3,-924.2,1846.8,0,103.0,-902.1,1914.0,0,
18,0.9227256775,-0.0287110712,-0.3843709230,0.1316748410,0.9607080817,0.2443397939,0.3622499108,-0.2760722935,0.8902496099,1,6.3,389.7,1722.6,1,0.9227256775,-0.0287110712,-0.3843709230,0.1316748410,0.9607080817,0.2443397939,0.3622499108,-0.2760722935,0.8902496099,1,12.1,196.8,1778.0,1,0.9230962992,-0.0130443778,-0.3843320012,0.1145983636,0.9633471966,0.2425485104,0.3670781851,-0.2679410279,0.8907560706,1,14.6,13.7,1829.0,1,-0.0000013113,-1.0000001192,-0.0000000000,1.0000001192,-0.0000013113,0.0000000000,-0.0000000000,-0.0000000000,1.0000000000,0,-111.5,181.5,1728.9,1,0.0000170469,-0.9999990463,-0.0000000000,0.9999990463,0.0000170469,-0.0000000000,0.0000000000,-0.0000000000,1.0000000000,0,-111.5,-67.2,1728.9,0,0.2009874135,0.9491776824,0.2422098368,-0.9679788351,0.1544750631,0.1978747994,0.1504029930,-0.2742243409,0.9498314261,1,135.6,212.2,1827.2,1,-0.0936060026,0.9606277943,0.2615951896,-0.9876388311,-0.1227744445,0.0974468514,0.1257273555,-0.2492399663,0.9602458477,1,187.5,-37.4,1865.9,1,1.0000000000,-0.0000000000,-0.0000000000,0.0000000000,1.0000000000,-0.0000000000,0.0000000000,0.0000000000,1.0000000000,0,-63.9,-179.4,1847.7,1,1.0000000000,-0.0000000079,-0.0000002451,0.0000000079,1.0000000000,0.0000000246,0.0000002451,-0.0000000246,1.0000000000,0,-63.9,-559.8,1847.7,0,1.0000000000,-0.0000000000,-0.0000000000,0.0000000000,1.0000000000,0.0000000000,0.0000000000,-0.0000000000,1.0000000000,0,98.0,-159.3,1912.1,1,1.0000000000,0.0000000866,0.0000002399,-0.0000000866,1.0000000000,-0.0000000112,-0.0000002399,0.0000000112,1.0000000000,0,98.0,-539.7,1912.1,0,-111.5,-315.9,1728.9,0,162.4,-301.3,1899.5,1,-63.9,-925.5,1847.7,0,98.0,-905.4,1912.1,0,
19,0.9262489080,-0.0306471754,-0.3756482899,0.1315506846,0.9602950215,0.2460244000,0.3531902134,-0.2772983015,0.8935030103,1,4.2,389.8,1721.3,1,0.9262489080,-0.0306471754,-0.3756482899,0.1315506846,0.9602950215,0.2460244000,0.3531902134,-0.2772983015,0.8935030103,1,10.4,197.2,1777.0,1,0.9266410470,-0.0159313809,-0.3755935729,0.1153605059,0.9629489183,0.2437655479,0.3577908576,-0.2692133784,0.8941448927,1,13.4,14.1,1828.1,1,-0.0000013113,-1.0000001192,-0.0000000000,1.0000001192,-0.0000013113,0.0000000000,-0.0000000000,-0.0000000000,1.0000000000,0,-113.7,181.7,1729.1,1,0.0000170469,-0.9999990463,-0.0000000000,0.9999990463,0.0000170469,-0.0000000000,0.0000000000,-0.0000000000,1.0000000000,0,-113.7,-67.0,1729.1,0,0.1911956519,0.9491426945,0.2501445115,-0.9683632851,0.1407621950,0.2060546428,0.1603643745,-0.2816275060,0.9460281134,1,134.4,212.6,1824.9,1,-0.1033913419,0.9566503167,0.2722688913,-0.9880455732,-0.1302536428,0.0824619904,0.1143513098,-0.2604882121,0.9586811662,1,185.0,-43.7,1867.3,1,1.0000000000,-0.0000000000,-0.0000000000,0.0000000000,1.0000000000,-0.0000000000,0.0000000000,0.0000000000,1.0000000000,0,-64.9,-179.0,1847.9,1,1.0000000000,-0.0000000071,-0.0000002206,0.0000000071,1.0000000000,0.0000000221,0.0000002206,-0.0000000221,1.0000000000,0,-64.9,-559.4,1847.9,0,1.0000000000,-0.0000000000,-0.0000000000,0.0000000000,1.0000000000,0.0000000000,0.0000000000,-0.0000000000,1.0000000000,0,97.7,-158.8,1910.7,1,1.0000000000,0.0000000780,0.0000002159,-0.0000000780,1.0000000000,-0.0000000100,-0.0000002159,0.0000000100,1.0000000000,0,97.7,-539.1,1910.7,0,-113.7,-315.6,1729.1,0,157.4,-307.8,1897.9,1,-64.9,-925.1,1847.9,0,97.7,-904.8,1910.7,0,
20,0.9294531941,-0.0272946060,-0.3679123521,0.1258196086,0.9609231949,0.2465688139,0.3468024433,-0.2754665017,0.8965665698,1,3.4,389.0,1720.7,1,0.9294531941,-0.0272946060,-0.3679123521,0.1258196086,0.9609231949,0.2465688139,0.3468024433,-0.2754665017,0.8965665698,1,8.9,196.0,1776.0,1,0.9297856688,-0.0137562864,-0.3678277731,0.1102352887,0.9638422132,0.2426037788,0.3511875570,-0.2661187053,0.8976822495,1,11.5,12.8,1826.6,1,-0.0000013113,-1.0000001192,-0.0000000000,1.0000001192,-0.0000013113,0.0000000000,-0.0000000000,-0.0000000000,1.0000000000,0,-115.6,181.2,1729.0,1,0.0000170469,-0.9999990463,-0.0000000000,0.9999990463,0.0000170469,-0.0000000000,0.0000000000,-0.0000000000,1.0000000000,0,-115.6,-67.5,1729.0,0,0.1915048063,0.9474853277,0.2561196685,-0.9674106836,0.1381739378,0.2121898383,0.1656577140,-0.2884082794,0.9430683851,1,133.3,210.7,1823.1,1,-0.1353210062,0.9498147368,0.2820289433,-0.9850952625,-0.1594823003,0.0644421428,0.1061867177,-0.2691050172,0.9572392106,1,183.6,-43.3,1866.6,1,1.0000000000,-0.0000000000,-0.0000000000,0.0000000000,1.0000000000,-0.0000000000,0.0000000000,0.0000000000,1.0000000000,0,-67.5,-180.1,1846.4,1,1.0000000000,-0.0000000064,-0.0000001985,0.0000000064,1.0000000000,0.0000000199,0.0000001985,-0.0000000199,1.0000000000,0,-67.5,-560.5,1846.4,0,1.0000000000,-0.0000000000,-0.0000000000,0.0000000000,1.0000000000,0.0000000000,0.0000000000,-0.0000000000,1.0000000000,0,95.7,-160.8,1908.0,1,1.0000000000,0.0000000702,0.0000001943,-0.0000000702,1.0000000000,-0.0000000090,-0.0000001943,0.0000000090,1.0000000000,0,95.7,-541.1,1908.0,0,-115.6,-316.1,1729.0,0,147.5,-306.5,1894.9,1,-67.5,-926.2,1846.4,0,95.7,-906.8,1908.0,0,
21,0.9291907549,-0.0288108196,-0.3684593141,0.1281233579,0.9602445960,0.2480218112,0.3466623127,-0.2776696086,0.8959408998,1,3.4,389.0,1719.5,1,0.9291907549,-0.0288108196,-0.3684593141,0.1281233579,0.9602445960,0.2480218112,0.3466623127,-0.2776696086,0.8959408998,1,9.2,195.6,1775.4,1,0.9296085835,-0.0120793050,-0.3683338761,0.1084616631,0.9641653299,0.2421187758,0.3522070944,-0.2650274038,0.8976056576,1,11.5,12.2,1825.8,1,-0.0000013113,-1.0000001192,-0.0000000000,1.0000001192,-0.0000013113,0.0000000000,-0.0000000000,-0.0000000000,1.0000000000,0,-115.2,181.0,1728.3,1,0.0000170469,-0.9999990463,-0.0000000000,0.9999990463,0.0000170469,-0.0000000000,0.0000000000,-0.0000000000,1.0000000000,0,-115.2,-67.6,1728.3,0,0.1873655170,0.9485828876,0.2551169097,-0.9678665400,0.1339355260,0.2128274888,0.1677152663,-0.2867956460,0.9431966543,1,133.5,210.1,1822.5,1,-0.1584432721,0.9455149770,0.2844249308,-0.9836754799,-0.1760499477,0.0372719616,0.0853141770,-0.2738763392,0.9579735994,1,183.1,-46.0,1866.9,1,1.0000000000,-0.0000000000,-0.0000000000,0.0000000000,1.0000000000,-0.0000000000,0.0000000000,0.0000000000,1.0000000000,0,-67.8,-180.6,1845.3,1,1.0000000000,-0.0000000058,-0.0000001787,0.0000000058,1.0000000000,0.0000000179,0.0000001787,-0.0000000179,1.0000000000,0,-67.8,-561.0,1845.3,0,1.0000000000,-0.0000000000,-0.0000000000,0.0000000000,1.0000000000,0.0000000000,0.0000000000,-0.0000000000,1.0000000000,0,95.3,-161.6,1907.1,1,1.0000000000,0.0000000632,0.0000001749,-0.0000000632,1.0000000000,-0.0000000081,-0.0000001749,0.0000000081,1.0000000000,0,95.3,-541.9,1907.1,0,-115.2,-316.3,1728.3,0,140.8,-308.8,1889.7,1,-67.8,-926.7,1845.3,0,95.3,-907.6,1907.1,0,
22,0.9210140705,-0.0340993293,-0.3880183399,0.1406522840,0.9580634832,0.2496627867,0.3632297814,-0.2845203876,0.8871852756,1,1.8,388.3,1715.8,1,0.9210140705,-0.0340993293,-0.3880183399,0.1406522840,0.9580634832,0.2496627867,0.3632297814,-0.2845203876,0.8871852756,1,8.6,194.8,1773.2,1,0.9215207696,-0.0189998411,-0.3878484666,0.1223300621,0.9621503949,0.2435206026,0.3685386181,-0.2718563974,0.8889649510,1,12.3,11.8,1824.9,1,-0.0000013113,-1.0000001192,-0.0000000000,1.0000001192,-0.0000013113,0.0000000000,-0.0000000000,-0.0000000000,1.0000000000,0,-114.7,178.4,1723.9,1,0.0000170469,-0.9999990463,-0.0000000000,0.9999990463,0.0000170469,-0.0000000000,0.0000000000,-0.0000000000,1.0000000000,0,-114.7,-70.3,1723.9,0,0.1811301112,0.9538986087,0.2393101603,-0.9705770016,0.1341281533,0.1999750286,0.1586576700,-0.2684904337,0.9501266479,1,132.0,211.1,1822.6,1,-0.1636826843,0.9497492909,0.2668035030,-0.9834979177,-0.1782297641,0.0310791973,0.0770697743,-0.2573135495,0.9632496238,1,180.8,-50.2,1865.3,1,1.0000000000,-0.0000000000,-0.0000000000,0.0000000000,1.0000000000,-0.0000000000,0.0000000000,0.0000000000,1.0000000000,0,-65.0,-181.8,1844.3,1,1.0000000000,-0.0000000052,-0.0000001608,0.0000000052,1.0000000000,0.0000000161,0.0000001608,-0.0000000161,1.0000000000,0,-65.0,-562.1,1844.3,0,1.0000000000,-0.0000000000,-0.0000000000,0.0000000000,1.0000000000,0.0000000000,0.0000000000,-0.0000000000,1.0000000000,0,96.7,-160.3,1908.9,1,1.0000000000,0.0000000568,0.0000001574,-0.0000000568,1.0000000000,-0.0000000073,-0.0000001574,0.0000000073,1.0000000000,0,96.7,-540.7,1908.9,0,-114.7,-319.0,1723.9,0,137.0,-312.9,1885.9,1,-65.0,-927.8,1844.3,0,96.7,-906.4,1908.9,0,
23,0.8697647452,-0.0452819578,-0.4913723767,0.1798283160,0.9563899636,0.2301744521,0.4595176280,-0.2885619402,0.8399767280,1,-1.0,385.8,1713.7,1,0.8697647452,-0.0452819578,-0.4913723767,0.1798283160,0.9563899636,0.2301744521,0.4595176280,-0.2885619402,0.8399767280,1,8.1,194.1,1771.5,1,0.8702813387,-0.0368609391,-0.4911614954,0.1677782983,0.9597448707,0.2252565026,0.4630833864,-0.2784442604,0.8414320350,1,15.1,11.7,1824.5,1,-0.0000013113,-1.0000001192,-0.0000000000,1.0000001192,-0.0000013113,0.0000000000,-0.0000000000,-0.0000000000,1.0000000000,0,-108.1,171.7,1709.7,1,0.0000170469,-0.9999990463,-0.0000000000,0.9999990463,0.0000170469,-0.0000000000,0.0000000000,-0.0000000000,1.0000000000,0,-108.1,-76.9,1709.7,0,0.2064266056,0.9680138230,0.1426094770,-0.9721713066,0.1864087135,0.1418969184,0.1107745171,-0.1679321378,0.9795549512,1,124.2,216.5,1833.3,1,-0.1757623702,0.9709791541,0.1621937603,-0.9816012383,-0.1853486001,0.0458777435,0.0746087283,-0.1511460096,0.9856917858,1,180.6,-49.1,1863.6,1,1.0000000000,-0.0000000000,-0.0000000000,0.0000000000,1.0000000000,-0.0000000000,0.0000000000,0.0000000000,1.0000000000,0,-53.8,-185.3,1837.0,1,1.0000000000,-0.0000000047,-0.0000001447,0.0000000047,1.0000000000,0.0000000145,0.0000001447,-0.0000000145,1.0000000000,0,-53.8,-565.7,1837.0,0,1.0000000000,-0.0000000000,-0.0000000000,0.0000000000,1.0000000000,0.0000000000,0.0000000000,-0.0000000000,1.0000000000,0,97.9,-156.1,1917.7,1,1.0000000000,0.0000000512,0.0000001417,-0.0000000512,1.0000000000,-0.0000000066,-0.0000001417,0.0000000066,1.0000000000,0,97.9,-536.4,1917.7,0,-108.1,-325.6,1709.7,0,133.6,-311.4,1883.5,1,-53.8,-931.4,1837.0,0,97.9,-902.1,1917.7,0,
