1,0.9869867563,-0.0084605236,-0.1605542898,0.0493252203,0.9663910270,0.2522970438,0.1530227512,-0.2569341362,0.9542384744,1,-147.8,436.8,1738.5,1,0.9869867563,-0.0084605236,-0.1605542898,0.0493252203,0.9663910270,0.2522970438,0.1530227512,-0.2569341362,0.9542384744,1,-146.0,231.8,1793.0,1,0.9870444536,-0.0140661476,-0.1598047614,0.0443391614,0.9812638760,0.1874927580,0.1541724503,-0.1921500862,0.9691808224,1,-143.1,31.7,1832.2,1,0.0536091514,-0.6643251181,-0.7455186844,0.9702821374,0.2110769749,-0.1183172762,0.2359629869,-0.7170205712,0.6558985114,1,-282.7,225.7,1771.7,1,-0.6033568382,-0.6643251181,-0.4411718249,0.4147769511,0.2110769898,-0.8851026297,0.6811170578,-0.7170206308,0.1481920332,1,-299.5,-79.0,1697.6,1,-0.0000033379,1.0000003576,0.0000000000,-1.0000003576,-0.0000033379,-0.0000000000,-0.0000000000,0.0000000000,1.0000000000,0,-9.2,237.9,1814.4,1,0.0000170469,0.9999990463,-0.0000000000,-0.9999990463,0.0000170469,-0.0000000000,-0.0000000000,0.0000000000,1.0000000000,0,-9.2,-28.9,1814.4,0,0.5001937747,-0.5310940742,-0.6839190722,0.4462979734,0.8349553347,-0.3219744861,0.7420406342,-0.1441819817,0.6546657681,1,-233.2,-172.6,1856.9,1,-0.2628906071,-0.0011172961,-0.9648249745,-0.0006098077,0.9999994040,-0.0009918717,0.9648255110,0.0003276039,-0.2628910840,0,-16.4,-513.3,1915.7,1,1.0000000000,-0.0000000000,-0.0000000000,0.0000000000,1.0000000000,-0.0000000000,0.0000000000,0.0000000000,1.0000000000,0,-47.3,-164.2,1885.9,1,1.0000000000,0.0000000008,-0.0000000002,-0.0000000008,1.0000000000,0.0000000003,0.0000000002,-0.0000000003,1.0000000000,0,-47.3,-572.3,1885.9,0,-122.4,-200.7,1497.7,1,-9.2,-295.7,1814.4,0,-16.0,-905.7,1915.6,0,-47.3,-964.7,1885.9,0,
2,0.9877354503,-0.0071569080,-0.1559477746,0.0455415137,0.9687061310,0.2439933717,0.1493203938,-0.2481038272,0.9571572542,1,-148.0,436.3,1741.1,1,0.9877354503,-0.0071569080,-0.1559477746,0.0455415137,0.9687061310,0.2439933717,0.1493203938,-0.2481038272,0.9571572542,1,-146.5,230.8,1793.8,1,0.9877804518,-0.0127785224,-0.1553019881,0.0411352180,0.9826618433,0.1807813942,0.1502982974,-0.1849614382,0.9711858034,1,-143.9,30.4,1831.5,1,0.0497752726,-0.6634734273,-0.7465422750,0.9697604179,0.2109190524,-0.1227915660,0.2389289290,-0.7178551555,0.6539089084,1,-283.3,225.1,1772.9,1,-0.6065464020,-0.6634734273,-0.4380690455,0.4101273417,0.2109190673,-0.8873041868,0.6810998321,-0.7178552151,0.1441764086,1,-298.9,-79.3,1698.0,1,-0.0000033379,1.0000003576,0.0000000000,-1.0000003576,-0.0000033379,-0.0000000000,-0.0000000000,0.0000000000,1.0000000000,0,-9.7,236.5,1814.6,1,0.0000170469,0.9999990463,-0.0000000000,-0.9999990463,0.0000170469,-0.0000000000,-0.0000000000,0.0000000000,1.0000000000,0,-9.7,-30.4,1814.6,0,0.5239476562,-0.4772107005,-0.7055132389,0.4014307857,0.8688979745,-0.2896028459,0.7512204647,-0.1314780265,0.6468240619,1,-233.6,-173.8,1855.2,1,-0.2636641562,-0.0005586391,-0.9646143913,-0.0003051470,0.9999998808,-0.0004957241,0.9646145701,0.0001636445,-0.2636642754,0,-38.8,-528.4,1908.8,1,1.0000000000,-0.0000000000,-0.0000000000,0.0000000000,1.0000000000,-0.0000000000,0.0000000000,0.0000000000,1.0000000000,0,-49.0,-166.2,1883.2,1,1.0000000000,0.0000000007,-0.0000000002,-0.0000000007,1.0000000000,0.0000000003,0.0000000002,-0.0000000003,1.0000000000,0,-49.0,-574.2,1883.2,0,-120.9,-199.7,1498.1,1,-9.7,-297.2,1814.6,0,-38.6,-920.8,1908.7,0,-49.0,-966.6,1883.2,0,
3,0.9873361588,-0.0058571524,-0.1585088521,0.0442509949,0.9698123336,0.2398002595,0.1523184031,-0.2437784672,0.9577960372,1,-148.2,436.3,1742.4,1,0.9873361588,-0.0058571524,-0.1585088521,0.0442509949,0.9698123336,0.2398002595,0.1523184031,-0.2437784672,0.9577960372,1,-147.0,231.2,1794.0,1,0.9873707891,-0.0121747283,-0.1579332501,0.0405086391,0.9832942486,0.1774535626,0.1531335115,-0.1816108227,0.9713752270,1,-144.5,30.7,1831.0,1,0.0501234680,-0.6651096344,-0.7450615764,0.9696575999,0.2111297250,-0.1232405901,0.2392731458,-0.7162773609,0.6555112600,1,-283.7,225.6,1772.7,1,-0.6052690744,-0.6651096344,-0.4373539388,0.4093619585,0.2111297548,-0.8876075149,0.6826946735,-0.7162774801,0.1444803178,1,-299.5,-79.4,1697.5,1,-0.0000033379,1.0000003576,0.0000000000,-1.0000003576,-0.0000033379,-0.0000000000,-0.0000000000,0.0000000000,1.0000000000,0,-10.2,236.8,1815.2,1,0.0000170469,0.9999990463,-0.0000000000,-0.9999990463,0.0000170469,-0.0000000000,-0.0000000000,0.0000000000,1.0000000000,0,-10.2,-30.0,1815.2,0,0.5174553394,-0.4753533602,-0.7115331888,0.4160903990,0.8663637638,-0.2761934400,0.7477358580,-0.1531443298,0.6460944414,1,-234.5,-173.6,1853.7,1,-0.2772915959,-0.0002793178,-0.9607857466,-0.0001560657,0.9999999404,-0.0002456761,0.9607857466,0.0000818218,-0.2772916555,0,-40.6,-527.2,1916.2,1,1.0000000000,-0.0000000000,-0.0000000000,0.0000000000,1.0000000000,-0.0000000000,0.0000000000,0.0000000000,1.0000000000,0,-49.5,-166.0,1882.4,1,1.0000000000,0.0000000006,-0.0000000001,-0.0000000006,1.0000000000,0.0000000002,0.0000000001,-0.0000000002,1.0000000000,0,-49.5,-574.1,1882.4,0,-121.9,-199.6,1497.1,1,-10.2,-296.8,1815.2,0,-40.5,-919.5,1916.1,0,-49.5,-966.5,1882.4,0,
4,0.9880906343,-0.0054813037,-0.1537499279,0.0422512144,0.9706066251,0.2369304001,0.1479310840,-0.2406056225,0.9592848420,1,-148.6,436.0,1743.5,1,0.9880906343,-0.0054813037,-0.1537499279,0.0422512144,0.9706066251,0.2369304001,0.1479310840,-0.2406056225,0.9592848420,1,-147.4,231.1,1794.3,1,0.9881242514,-0.0110336589,-0.1532348692,0.0382742397,0.9836481810,0.1759819835,0.1487865448,-0.1797576994,0.9723949432,1,-145.2,30.5,1831.0,1,0.0516985990,-0.6595536470,-0.7498774529,0.9679815173,0.2177881896,-0.1248200163,0.2456399500,-0.7194144726,0.6496950984,1,-284.3,225.8,1773.7,1,-0.6090874076,-0.6595537066,-0.4404559433,0.4059889019,0.2177882046,-0.8875479102,0.6813116074,-0.7194144726,0.1351194382,1,-300.7,-80.5,1696.0,1,-0.0000033379,1.0000003576,0.0000000000,-1.0000003576,-0.0000033379,-0.0000000000,-0.0000000000,0.0000000000,1.0000000000,0,-10.6,236.4,1814.9,1,0.0000170469,0.9999990463,-0.0000000000,-0.9999990463,0.0000170469,-0.0000000000,-0.0000000000,0.0000000000,1.0000000000,0,-10.6,-30.4,1814.9,0,0.6810370684,-0.4011266828,-0.6126057506,0.3619537354,0.9116661549,-0.1945618391,0.6365358233,-0.0892311633,0.7660677433,0,-235.8,-173.7,1853.7,1,-0.0956505537,-0.0002505815,-0.9954150319,-0.0001228870,0.9999999404,-0.0002399274,0.9954150319,0.0000993744,-0.0956505537,0,-72.1,-545.7,1890.1,0,1.0000000000,-0.0000000000,-0.0000000000,0.0000000000,1.0000000000,-0.0000000000,0.0000000000,0.0000000000,1.0000000000,0,-50.1,-166.5,1881.6,1,1.0000000000,0.0000000006,-0.0000000001,-0.0000000006,1.0000000000,0.0000000002,0.0000000001,-0.0000000002,1.0000000000,0,-50.1,-574.5,1881.6,0,-121.9,-199.7,1496.0,1,-10.6,-297.2,1814.9,0,-72.0,-938.1,1890.0,0,-50.1,-966.9,1881.6,0,
5,0.9882203937,-0.0044391463,-0.1529471129,0.0411370993,0.9704837799,0.2376285344,0.1473768800,-0.2411219925,0.9592404366,1,-148.4,436.1,1743.6,1,0.9882203937,-0.0044391463,-0.1529471129,0.0411370993,0.9704837799,0.2376285344,0.1473768800,-0.2411219925,0.9592404366,1,-147.4,231.0,1794.6,1,0.9882533550,-0.0091803307,-0.1525226533,0.0364125781,0.9835847616,0.1767299771,0.1483955979,-0.1802084297,0.9723712206,1,-145.6,30.4,1831.3,1,0.0494691208,-0.6690098643,-0.7416055202,0.9690545201,0.2119391710,-0.1265512407,0.2418392599,-0.7123957872,0.6587914228,1,-284.4,225.9,1774.0,1,-0.6007606387,-0.6690098643,-0.4376213551,0.4101511240,0.2119391263,-0.8870501518,0.6861943007,-0.7123956680,0.1470704675,1,-299.9,-79.4,1697.8,1,-0.0000033379,1.0000003576,0.0000000000,-1.0000003576,-0.0000033379,-0.0000000000,-0.0000000000,0.0000000000,1.0000000000,0,-10.5,236.0,1815.1,1,0.0000170469,0.9999990463,-0.0000000000,-0.9999990463,0.0000170469,-0.0000000000,-0.0000000000,0.0000000000,1.0000000000,0,-10.5,-30.8,1815.1,0,0.7916244268,-0.3312235475,-0.5134410262,0.3056322336,0.9422923326,-0.1366533935,0.5290743709,-0.0487459488,0.8471742272,0,-236.7,-173.6,1854.1,1,0.0708028078,-0.0002223456,-0.9974902868,-0.0000943849,0.9999999404,-0.0002296045,0.9974902868,0.0001104046,0.0708028078,0,-101.5,-558.1,1874.0,0,1.0000000000,-0.0000000000,-0.0000000000,0.0000000000,1.0000000000,-0.0000000000,0.0000000000,0.0000000000,1.0000000000,0,-50.7,-166.7,1882.0,1,1.0000000000,0.0000000005,-0.0000000001,-0.0000000005,1.0000000000,0.0000000002,0.0000000001,-0.0000000002,1.0000000000,0,-50.7,-574.8,1882.0,0,-123.6,-199.7,1496.4,1,-10.5,-297.6,1815.1,0,-101.4,-950.5,1873.9,0,-50.7,-967.2,1882.0,0,
6,0.9885039926,-0.0028962474,-0.1511406898,0.0391192921,0.9706592560,0.2372524440,0.1460180283,-0.2404383123,0.9596198201,1,-148.3,435.9,1743.6,1,0.9885039926,-0.0028962474,-0.1511406898,0.0391192921,0.9706592560,0.2372524440,0.1460180283,-0.2404383123,0.9596198201,1,-147.7,230.5,1794.5,1,0.9885278344,-0.0077156932,-0.1508152187,0.0347291529,0.9835399389,0.1773173064,0.1469637305,-0.1805214733,0.9725306034,1,-146.1,29.9,1831.3,1,0.0457845069,-0.6729846597,-0.7382380962,0.9691019058,0.2092287987,-0.1306325197,0.2423743606,-0.7094469666,0.6617701054,1,-284.7,225.7,1774.2,1,-0.5973910689,-0.6729846597,-0.4361371398,0.4118117690,0.2092288136,-0.8869241476,0.6881386638,-0.7094470263,0.1521515995,1,-299.1,-79.2,1697.9,1,-0.0000033379,1.0000003576,0.0000000000,-1.0000003576,-0.0000033379,-0.0000000000,-0.0000000000,0.0000000000,1.0000000000,0,-10.8,235.3,1814.9,1,0.0000170469,0.9999990463,-0.0000000000,-0.9999990463,0.0000170469,-0.0000000000,-0.0000000000,0.0000000000,1.0000000000,0,-10.8,-31.5,1814.9,0,0.8648797274,-0.2699343562,-0.4232239723,0.2533397675,0.9625796676,-0.0962254107,0.4333613515,-0.0239960365,0.9009007215,0,-237.6,-173.9,1854.3,1,0.2190645337,-0.0001956800,-0.9757103324,-0.0000705133,1.0000000000,-0.0002163828,0.9757103324,0.0001162023,0.2190645337,0,-127.4,-566.7,1864.1,0,1.0000000000,-0.0000000000,-0.0000000000,0.0000000000,1.0000000000,-0.0000000000,0.0000000000,0.0000000000,1.0000000000,0,-51.5,-167.3,1882.0,1,1.0000000000,0.0000000005,-0.0000000001,-0.0000000005,1.0000000000,0.0000000002,0.0000000001,-0.0000000002,1.0000000000,0,-51.5,-575.4,1882.0,0,-123.7,-200.1,1495.9,1,-10.8,-298.3,1814.9,0,-127.4,-959.0,1864.1,0,-51.5,-967.8,1882.0,0,
7,0.9880310893,-0.0060568783,-0.1541103423,0.0428577699,0.9706553817,0.2366217375,0.1481539011,-0.2403952926,0.9593032002,1,-148.8,436.1,1744.1,1,0.9880310893,-0.0060568783,-0.1541103423,0.0428577699,0.9706553817,0.2366217375,0.1481539011,-0.2403952926,0.9593032002,1,-147.6,230.8,1795.0,1,0.9880771637,-0.0090614036,-0.1536668539,0.0369020887,0.9830995202,0.1793096662,0.1494440883,-0.1828431189,0.9717185497,1,-145.7,30.3,1832.3,1,0.0514751598,-0.6653407812,-0.7447630763,0.9685970545,0.2149052620,-0.1250418276,0.2432489097,-0.7149388194,0.6555094123,1,-284.4,225.7,1774.3,1,-0.6047096252,-0.6653408408,-0.4377762079,0.4064414203,0.2149052769,-0.8880435228,0.6849318743,-0.7149388790,0.1404667795,1,-300.7,-80.5,1697.4,1,-0.0000033379,1.0000003576,0.0000000000,-1.0000003576,-0.0000033379,-0.0000000000,-0.0000000000,0.0000000000,1.0000000000,0,-10.7,235.9,1815.7,1,0.0000170469,0.9999990463,-0.0000000000,-0.9999990463,0.0000170469,-0.0000000000,-0.0000000000,0.0000000000,1.0000000000,0,-10.7,-30.9,1815.7,0,0.9127959013,-0.2182406336,-0.3452168107,0.2075308114,0.9758496284,-0.0681796968,0.3517592549,-0.0094089657,0.9360432029,0,-236.9,-173.6,1855.5,1,0.3483870625,-0.0001711788,-0.9373506308,-0.0000509330,1.0000000000,-0.0002015502,0.9373506308,0.0001179595,0.3483870625,0,-147.8,-571.8,1859.3,0,1.0000000000,-0.0000000000,-0.0000000000,0.0000000000,1.0000000000,-0.0000000000,0.0000000000,0.0000000000,1.0000000000,0,-50.8,-166.7,1883.6,1,1.0000000000,0.0000000004,-0.0000000001,-0.0000000004,1.0000000000,0.0000000002,0.0000000001,-0.0000000002,1.0000000000,0,-50.8,-574.7,1883.6,0,-123.2,-199.8,1496.4,1,-10.7,-297.7,1815.7,0,-147.8,-964.2,1859.3,0,-50.8,-967.1,1883.6,0,
8,0.9887982607,-0.0034902033,-0.1491906047,0.0390492603,0.9709440470,0.2360955179,0.1440307498,-0.2392774224,0.9602100849,1,-148.9,435.4,1744.4,1,0.9887982607,-0.0034902033,-0.1491906047,0.0390492603,0.9709440470,0.2360955179,0.1440307498,-0.2392774224,0.9602100849,1,-148.1,230.3,1794.9,1,0.9888203144,-0.0088413786,-0.1488227248,0.0355521254,0.9834242463,0.1777950376,0.1447829753,-0.1810989976,0.9727502465,1,-146.3,29.8,1831.9,1,0.0514859930,-0.6599408984,-0.7495514154,0.9680117965,0.2175314724,-0.1250332445,0.2455655634,-0.7191371322,0.6500303745,1,-285.1,225.4,1774.9,1,-0.6085857153,-0.6599408388,-0.4405695796,0.4065041244,0.2175314426,-0.8873750567,0.6814528108,-0.7191371322,0.1358821392,1,-301.4,-80.9,1697.2,1,-0.0000033379,1.0000003576,0.0000000000,-1.0000003576,-0.0000033379,-0.0000000000,-0.0000000000,0.0000000000,1.0000000000,0,-11.2,235.2,1815.0,1,0.0000170469,0.9999990463,-0.0000000000,-0.9999990463,0.0000170469,-0.0000000000,-0.0000000000,0.0000000000,1.0000000000,0,-11.2,-31.6,1815.0,0,0.9438899159,-0.1756002158,-0.2797076404,0.1687091440,0.9844608307,-0.0487247035,0.2839172781,-0.0011984706,0.9588480592,0,-237.6,-174.1,1855.2,1,0.4594222903,-0.0001491034,-0.8882178068,-0.0000351604,1.0000000000,-0.0001860544,0.8882178068,0.0001167077,0.4594222903,0,-166.0,-575.8,1855.7,0,1.0000000000,-0.0000000000,-0.0000000000,0.0000000000,1.0000000000,-0.0000000000,0.0000000000,0.0000000000,1.0000000000,0,-51.4,-167.4,1882.4,1,1.0000000000,0.0000000004,-0.0000000001,-0.0000000004,1.0000000000,0.0000000001,0.0000000001,-0.0000000001,1.0000000000,0,-51.4,-575.5,1882.4,0,-122.8,-200.2,1497.2,1,-11.2,-298.4,1815.0,0,-165.9,-968.2,1855.6,0,-51.4,-967.9,1882.4,0,
9,0.9888509512,-0.0066627325,-0.1487324089,0.0420399532,0.9708388448,0.2360145897,0.1428217441,-0.2396367490,0.9603010416,1,-149.0,435.0,1744.0,1,0.9888509512,-0.0066627325,-0.1487324089,0.0420399532,0.9708388448,0.2360145897,0.1428217441,-0.2396367490,0.9603010416,1,-147.6,229.8,1794.7,1,0.9889048338,-0.0096489219,-0.1482094526,0.0355810896,0.9842192531,0.1733341664,0.1441971511,-0.1766851246,0.9736485481,1,-145.7,29.1,1830.7,1,0.0425443202,-0.6699370742,-0.7411980629,0.9675073624,0.2126954049,-0.1367118657,0.2492377013,-0.7112982273,0.6572180390,1,-284.6,224.9,1774.7,1,-0.5979666710,-0.6699370742,-0.4400230646,0.4132587612,0.2126954198,-0.8854253292,0.6867699623,-0.7112982273,0.1496725827,1,-298.0,-79.0,1696.4,1,-0.0000033379,1.0000003576,0.0000000000,-1.0000003576,-0.0000033379,-0.0000000000,-0.0000000000,0.0000000000,1.0000000000,0,-10.7,234.7,1814.7,1,0.0000170469,0.9999990463,-0.0000000000,-0.9999990463,0.0000170469,-0.0000000000,-0.0000000000,0.0000000000,1.0000000000,0,-10.7,-32.1,1814.7,0,0.9639664888,-0.1408866793,-0.2256537378,0.1364612728,0.9900208116,-0.0351718366,0.2283571362,0.0031114761,0.9735724330,0,-236.8,-174.9,1853.2,1,0.5536077023,-0.0001294951,-0.8327775002,-0.0000226642,1.0000000000,-0.0001705644,0.8327775002,0.0001133000,0.5536077023,0,-179.3,-578.9,1851.9,0,1.0000000000,-0.0000000000,-0.0000000000,0.0000000000,1.0000000000,-0.0000000000,0.0000000000,0.0000000000,1.0000000000,0,-50.6,-168.2,1880.3,1,1.0000000000,0.0000000003,-0.0000000001,-0.0000000003,1.0000000000,0.0000000001,0.0000000001,-0.0000000001,1.0000000000,0,-50.6,-576.3,1880.3,0,-122.5,-200.3,1494.9,1,-10.7,-298.9,1814.7,0,-179.3,-971.3,1851.9,0,-50.6,-968.7,1880.3,0,
10,0.9886280894,-0.0035997566,-0.1503106058,0.0392228141,0.9712709188,0.2347181737,0.1451464295,-0.2379453778,0.9603730440,1,-148.6,435.0,1744.8,1,0.9886280894,-0.0035997566,-0.1503106058,0.0392228141,0.9712709188,0.2347181737,0.1451464295,-0.2379453778,0.9603730440,1,-147.8,230.1,1795.0,1,0.9886553288,-0.0086381678,-0.1499261856,0.0348787680,0.9842517376,0.1732922941,0.1460672319,-0.1765562594,0.9733931422,1,-146.1,29.4,1831.0,1,0.0460476242,-0.6777300239,-0.7338675261,0.9692235589,0.2081653476,-0.1314262748,0.2418373376,-0.7052298784,0.6664574742,1,-284.8,225.3,1774.8,1,-0.5929664373,-0.6777300835,-0.4348248541,0.4124342203,0.2081653476,-0.8868851662,0.6915841103,-0.7052298188,0.1560840309,1,-299.2,-79.2,1698.8,1,-0.0000033379,1.0000003576,0.0000000000,-1.0000003576,-0.0000033379,-0.0000000000,-0.0000000000,0.0000000000,1.0000000000,0,-10.9,234.9,1815.3,1,0.0000170469,0.9999990463,-0.0000000000,-0.9999990463,0.0000170469,-0.0000000000,-0.0000000000,0.0000000000,1.0000000000,0,-10.9,-31.9,1815.3,0,0.9768880010,-0.1128465459,-0.1815364361,0.1100080833,0.9935993552,-0.0256624967,0.1832703948,0.0050989082,0.9830493331,0,-237.4,-174.6,1853.3,1,0.6327512264,-0.0001122592,-0.7743550539,-0.0000129229,1.0000000000,-0.0001555310,0.7743550539,0.0001084193,0.6327512264,0,-191.3,-580.0,1851.2,0,1.0000000000,-0.0000000000,-0.0000000000,0.0000000000,1.0000000000,-0.0000000000,0.0000000000,0.0000000000,1.0000000000,0,-51.2,-168.0,1880.8,1,1.0000000000,0.0000000003,-0.0000000001,-0.0000000003,1.0000000000,0.0000000001,0.0000000001,-0.0000000001,1.0000000000,0,-51.2,-576.1,1880.8,0,-125.2,-200.2,1495.9,1,-10.9,-298.7,1815.3,0,-191.3,-972.4,1851.2,0,-51.2,-968.4,1880.8,0,
11,0.9889680147,-0.0047717053,-0.1480251700,0.0394328013,0.9718853235,0.2321254909,0.1427548975,-0.2354025245,0.9613577127,1,-149.8,435.3,1745.3,1,0.9889680147,-0.0047717053,-0.1480251700,0.0394328013,0.9718853235,0.2321254909,0.1427548975,-0.2354025245,0.9613577127,1,-148.8,230.1,1795.0,1,0.9889995456,-0.0091175009,-0.1476098150,0.0349877737,0.9841881394,0.1736311316,0.1436917931,-0.1768863201,0.9736866951,1,-147.0,29.4,1831.0,1,0.0455356091,-0.6729726791,-0.7382644415,0.9679510593,0.2124362886,-0.1339460015,0.2469761372,-0.7085045576,0.6610780358,1,-285.8,225.2,1775.1,1,-0.5942892432,-0.6729726195,-0.4403727055,0.4149898291,0.2124362886,-0.8846775293,0.6889148355,-0.7085045576,0.1530282050,1,-300.2,-80.2,1697.1,1,-0.0000033379,1.0000003576,0.0000000000,-1.0000003576,-0.0000033379,-0.0000000000,-0.0000000000,0.0000000000,1.0000000000,0,-11.8,234.9,1814.9,1,0.0000170469,0.9999990463,-0.0000000000,-0.9999990463,0.0000170469,-0.0000000000,-0.0000000000,0.0000000000,1.0000000000,0,-11.8,-31.9,1814.9,0,0.9851875901,-0.0903019160,-0.1457771212,0.0884827524,0.9958978295,-0.0189287066,0.1468884200,0.0057495683,0.9891363382,0,-238.2,-174.6,1853.6,1,0.6987657547,-0.0000972236,-0.7153505087,-0.0000054565,1.0000000000,-0.0001412404,0.7153505087,0.0001025973,0.6987657547,0,-201.4,-581.0,1851.2,0,1.0000000000,-0.0000000000,-0.0000000000,0.0000000000,1.0000000000,-0.0000000000,0.0000000000,0.0000000000,1.0000000000,0,-52.0,-168.0,1880.6,1,1.0000000000,0.0000000003,-0.0000000001,-0.0000000003,1.0000000000,0.0000000001,0.0000000001,-0.0000000001,1.0000000000,0,-52.0,-576.1,1880.6,0,-125.8,-202.0,1494.9,1,-11.8,-298.7,1814.9,0,-201.3,-973.4,1851.2,0,-52.0,-968.4,1880.6,0,
12,0.9889440536,-0.0018733486,-0.1482499689,0.0369706154,0.9714484215,0.2343487442,0.1435772181,-0.2372394949,0.9607834816,1,-149.3,436.1,1744.9,1,0.9889440536,-0.0018733486,-0.1482499689,0.0369706154,0.9714484215,0.2343487442,0.1435772181,-0.2372394949,0.9607834816,1,-148.9,230.8,1795.1,1,0.9889606833,-0.0073968652,-0.1479660720,0.0334630720,0.9840940833,0.1744626611,0.1443210989,-0.1774887890,0.9734839797,1,-147.4,30.1,1831.3,1,0.0487395041,-0.6681473255,-0.7424308062,0.9683981538,0.2136424184,-0.1286926419,0.2446003556,-0.7126961946,0.6574455500,1,-285.9,226.1,1775.1,1,-0.6006625891,-0.6681474447,-0.4390712380,0.4103895724,0.2136424631,-0.8865311146,0.6861376762,-0.7126963139,0.1458736956,1,-301.3,-80.7,1697.6,1,-0.0000033379,1.0000003576,0.0000000000,-1.0000003576,-0.0000033379,-0.0000000000,-0.0000000000,0.0000000000,1.0000000000,0,-11.9,235.4,1815.1,1,0.0000170469,0.9999990463,-0.0000000000,-0.9999990463,0.0000170469,-0.0000000000,-0.0000000000,0.0000000000,1.0000000000,0,-11.9,-31.4,1815.1,0,0.9905115366,-0.0722249597,-0.1169205233,0.0710596442,0.9973722696,-0.0141101461,0.1176323965,0.0056679300,0.9930410385,0,-239.0,-173.7,1853.9,1,0.7535089254,-0.0000841790,-0.6574376822,0.0000001589,1.0000000000,-0.0001278589,0.6574376822,0.0000962384,0.7535089254,0,-209.5,-580.7,1851.6,0,1.0000000000,-0.0000000000,-0.0000000000,0.0000000000,1.0000000000,-0.0000000000,0.0000000000,0.0000000000,1.0000000000,0,-52.7,-167.4,1881.1,1,1.0000000000,0.0000000002,-0.0000000001,-0.0000000002,1.0000000000,0.0000000001,0.0000000001,-0.0000000001,1.0000000000,0,-52.7,-575.4,1881.1,0,-125.0,-201.1,1496.2,1,-11.9,-298.2,1815.1,0,-209.5,-973.0,1851.5,0,-52.7,-967.8,1881.1,0,
13,0.9891535044,-0.0030820372,-0.1468261182,0.0379322506,0.9712153077,0.2351603359,0.1418740153,-0.2381799370,0.9608038664,1,-149.6,435.9,1744.8,1,0.9891535044,-0.0030820372,-0.1468261182,0.0379322506,0.9712153077,0.2351603359,0.1418740153,-0.2381799370,0.9608038664,1,-148.9,230.8,1795.1,1,0.9891778231,-0.0074967551,-0.1465024799,0.0334268101,0.9839380980,0.1753472984,0.1428338736,-0.1783474684,0.9735463858,1,-147.4,30.1,1831.5,1,0.0495766252,-0.6724121571,-0.7385147810,0.9688233733,0.2120860219,-0.1280654520,0.2427414209,-0.7091413736,0.6619631052,1,-285.9,226.1,1775.3,1,-0.5945810080,-0.6724121571,-0.4408348203,0.4158372581,0.2120860517,-0.8843635917,0.6881516576,-0.7091413736,0.1535117179,1,-301.6,-79.7,1698.7,1,-0.0000033379,1.0000003576,0.0000000000,-1.0000003576,-0.0000033379,-0.0000000000,-0.0000000000,0.0000000000,1.0000000000,0,-11.9,235.4,1814.9,1,0.0000170469,0.9999990463,-0.0000000000,-0.9999990463,0.0000170469,-0.0000000000,-0.0000000000,0.0000000000,1.0000000000,0,-11.9,-31.4,1814.9,0,0.9939239025,-0.0577527285,-0.0937009081,0.0570065007,0.9983173013,-0.0106233638,0.0941567644,0.0052172560,0.9955437183,0,-239.0,-173.6,1854.4,1,0.7986956835,-0.0000729049,-0.6017352343,0.0000042873,1.0000000000,-0.0001154671,0.6017352343,0.0000896432,0.7986956835,0,-215.5,-581.0,1852.3,0,1.0000000000,-0.0000000000,-0.0000000000,0.0000000000,1.0000000000,-0.0000000000,0.0000000000,0.0000000000,1.0000000000,0,-52.7,-167.3,1881.3,1,1.0000000000,0.0000000002,-0.0000000000,-0.0000000002,1.0000000000,0.0000000001,0.0000000000,-0.0000000001,1.0000000000,0,-52.7,-575.4,1881.3,0,-127.1,-201.8,1496.7,1,-11.9,-298.2,1814.9,0,-215.4,-973.4,1852.2,0,-52.7,-967.8,1881.3,0,
14,0.9885874987,-0.0058516287,-0.1505071074,0.0417168103,0.9707908630,0.2362691164,0.1447274238,-0.2398522049,0.9599618316,1,-150.1,436.3,1744.7,1,0.9885874987,-0.0058516287,-0.1505071074,0.0417168103,0.9707908630,0.2362691164,0.1447274238,-0.2398522049,0.9599618316,1,-148.9,231.1,1795.4,1,0.9886153340,-0.0122471852,-0.1499388367,0.0387133881,0.9838246703,0.1748957485,0.1453706026,-0.1787099540,0.9731043577,1,-146.4,30.5,1831.9,1,0.0480555668,-0.6825942397,-0.7292159200,0.9702363014,0.2053753734,-0.1283060014,0.2373439074,-0.7013459802,0.6721471548,1,-285.8,225.7,1775.3,1,-0.5862513781,-0.6825941801,-0.4363192916,0.4190974236,0.2053753734,-0.8844084740,0.6933012605,-0.7013459206,0.1656718701,1,-300.9,-78.7,1700.8,1,-0.0000033379,1.0000003576,0.0000000000,-1.0000003576,-0.0000033379,-0.0000000000,-0.0000000000,0.0000000000,1.0000000000,0,-12.0,236.5,1815.6,1,0.0000170469,0.9999990463,-0.0000000000,-0.9999990463,0.0000170469,-0.0000000000,-0.0000000000,0.0000000000,1.0000000000,0,-12.0,-30.3,1815.6,0,0.9961099029,-0.0461762995,-0.0750523582,0.0456985384,0.9989226460,-0.0080714952,0.0753442124,0.0046103122,0.9971469045,0,-237.0,-173.8,1854.6,1,0.8358566761,-0.0000631856,-0.5489476919,0.0000072349,1.0000000000,-0.0001040868,0.5489476919,0.0000830301,0.8358566761,0,-218.2,-581.4,1852.7,0,1.0000000000,-0.0000000000,-0.0000000000,0.0000000000,1.0000000000,-0.0000000000,0.0000000000,0.0000000000,1.0000000000,0,-50.8,-166.5,1882.0,1,1.0000000000,0.0000000002,-0.0000000000,-0.0000000002,1.0000000000,0.0000000001,0.0000000000,-0.0000000001,1.0000000000,0,-50.8,-574.5,1882.0,0,-128.9,-201.7,1497.4,1,-12.0,-297.2,1815.6,0,-218.1,-973.8,1852.7,0,-50.8,-966.9,1882.0,0,
15,0.9876534939,-0.0092036668,-0.1563580036,0.0463739485,0.9706961513,0.2357897460,0.1496050656,-0.2401303053,0.9591442943,1,-149.8,436.1,1744.7,1,0.9876534939,-0.0092036668,-0.1563580036,0.0463739485,0.9706961513,0.2357897460,0.1496050656,-0.2401303053,0.9591442943,1,-147.8,230.6,1795.5,1,0.9877111316,-0.0146869505,-0.1555731595,0.0416590869,0.9842905998,0.1715656668,0.1506085247,-0.1759390235,0.9728127122,1,-144.9,29.9,1831.4,1,0.0529479422,-0.6878318191,-0.7239365578,0.9716758728,0.2026856393,-0.1215098053,0.2303098142,-0.6969980001,0.6790812612,1,-284.7,224.8,1774.7,1,-0.5843303800,-0.6878317595,-0.4306339920,0.4150551260,0.2026856393,-0.8869317770,0.6973430514,-0.6969980597,0.1670527160,1,-301.2,-79.7,1702.5,1,-0.0000033379,1.0000003576,0.0000000000,-1.0000003576,-0.0000033379,-0.0000000000,-0.0000000000,0.0000000000,1.0000000000,0,-11.0,236.3,1816.4,1,0.0000170469,0.9999990463,-0.0000000000,-0.9999990463,0.0000170469,-0.0000000000,-0.0000000000,0.0000000000,1.0000000000,0,-11.0,-30.5,1816.4,0,0.9975097179,-0.0369201303,-0.0600934960,0.0366142914,0.9993103743,-0.0061829463,0.0602803268,0.0039672684,0.9981735945,0,-234.9,-174.8,1853.1,1,0.8663274646,-0.0000548192,-0.4994764328,0.0000092550,1.0000000000,-0.0000937009,0.4994764328,0.0000765530,0.8663274646,0,-219.8,-582.6,1851.5,0,1.0000000000,-0.0000000000,-0.0000000000,0.0000000000,1.0000000000,-0.0000000000,0.0000000000,0.0000000000,1.0000000000,0,-48.8,-166.9,1881.5,1,1.0000000000,0.0000000002,-0.0000000000,-0.0000000002,1.0000000000,0.0000000001,0.0000000000,-0.0000000001,1.0000000000,0,-48.8,-575.0,1881.5,0,-129.8,-201.5,1497.9,1,-11.0,-297.3,1816.4,0,-219.8,-974.9,1851.5,0,-48.8,-967.4,1881.5,0,
16,0.9877241850,-0.0116452863,-0.1557474285,0.0485408455,0.9707191586,0.2352581918,0.1484464258,-0.2399311066,0.9593741298,1,-149.9,436.6,1744.7,1,0.9877241850,-0.0116452863,-0.1557474285,0.0485408455,0.9707191586,0.2352581918,0.1484464258,-0.2399311066,0.9593741298,1,-147.4,230.8,1795.6,1,0.9877923727,-0.0170303509,-0.1548168212,0.0438964739,0.9841493368,0.1718178391,0.1494358480,-0.1765169203,0.9728888869,1,-143.9,30.1,1831.5,1,0.0520085767,-0.6815239191,-0.7299453616,0.9702664018,0.2075011581,-0.1246049851,0.2363857925,-0.7017609477,0.6720516086,1,-284.2,224.7,1774.9,1,-0.5879688263,-0.6815240383,-0.4356808066,0.4156573415,0.2075012028,-0.8855350614,0.6939176321,-0.7017609477,0.1612762213,1,-300.6,-80.4,1700.5,1,-0.0000033379,1.0000003576,0.0000000000,-1.0000003576,-0.0000033379,-0.0000000000,-0.0000000000,0.0000000000,1.0000000000,0,-10.6,236.9,1816.2,1,0.0000170469,0.9999990463,-0.0000000000,-0.9999990463,0.0000170469,-0.0000000000,-0.0000000000,0.0000000000,1.0000000000,0,-10.6,-30.0,1816.2,0,0.9984059930,-0.0295204204,-0.0481040888,0.0293246564,0.9995585680,-0.0047704158,0.0482236780,0.0033521764,0.9988309145,0,-233.5,-174.7,1853.5,1,0.8912533522,-0.0000476224,-0.4535056651,0.0000105545,1.0000000000,-0.0000842672,0.4535056651,0.0000703169,0.8912533522,0,-221.4,-582.6,1852.1,0,1.0000000000,-0.0000000000,-0.0000000000,0.0000000000,1.0000000000,-0.0000000000,0.0000000000,0.0000000000,1.0000000000,0,-47.4,-166.5,1881.6,1,1.0000000000,0.0000000002,-0.0000000000,-0.0000000002,1.0000000000,0.0000000001,0.0000000000,-0.0000000001,1.0000000000,0,-47.4,-574.6,1881.6,0,-128.0,-202.4,1496.9,1,-10.6,-296.8,1816.2,0,-221.4,-975.0,1852.1,0,-47.4,-966.9,1881.6,0,
17,0.9879032969,-0.0124263670,-0.1545468271,0.0489456356,0.9708057046,0.2348165810,0.1471160948,-0.2395412326,0.9596764445,1,-150.9,436.8,1745.2,1,0.9879032969,-0.0124263670,-0.1545468271,0.0489456356,0.9708057046,0.2348165810,0.1471160948,-0.2395412326,0.9596764445,1,-148.3,231.1,1795.9,1,0.9879712462,-0.0177802984,-0.1535861045,0.0445471480,0.9839751124,0.1726460159,0.1480543017,-0.1774117798,0.9729373455,1,-144.7,30.4,1832.1,1,0.0526834503,-0.6706897616,-0.7398646474,0.9692810178,0.2125891894,-0.1236933321,0.2402470857,-0.7106201649,0.6612868309,1,-285.1,224.9,1775.4,1,-0.5982338786,-0.6706897616,-0.4385106564,0.4113552868,0.2125892341,-0.8863366842,0.6876795292,-0.7106203437,0.1487136781,1,-301.7,-81.1,1699.6,1,-0.0000033379,1.0000003576,0.0000000000,-1.0000003576,-0.0000033379,-0.0000000000,-0.0000000000,0.0000000000,1.0000000000,0,-11.5,237.2,1816.4,1,0.0000170469,0.9999990463,-0.0000000000,-0.9999990463,0.0000170469,-0.0000000000,-0.0000000000,0.0000000000,1.0000000000,0,-11.5,-29.6,1816.4,0,0.9989797473,-0.0236051437,-0.0385001376,0.0234798435,0.9997174740,-0.0037035304,0.0385766849,0.0027957745,0.9992517233,0,-234.1,-174.5,1854.3,1,0.9116046429,-0.0000414319,-0.4110680223,0.0000113010,1.0000000000,-0.0000757291,0.4110680223,0.0000643895,0.9116046429,0,-224.5,-582.4,1853.2,0,1.0000000000,-0.0000000000,-0.0000000000,0.0000000000,1.0000000000,-0.0000000000,0.0000000000,0.0000000000,1.0000000000,0,-48.0,-166.1,1882.2,1,1.0000000000,0.0000000001,-0.0000000000,-0.0000000001,1.0000000000,0.0000000001,0.0000000000,-0.0000000001,1.0000000000,0,-48.0,-574.1,1882.2,0,-126.2,-201.8,1497.8,1,-11.5,-296.4,1816.4,0,-224.4,-974.8,1853.2,0,-48.0,-966.5,1882.2,0,
18,0.9880795479,-0.0123710008,-0.1534201354,0.0492340997,0.9697976112,0.2388868034,0.1458302438,-0.2435934544,0.9588522911,1,-151.2,437.0,1744.5,1,0.9880795479,-0.0123710008,-0.1534201354,0.0492340997,0.9697976112,0.2388868034,0.1458302438,-0.2435934544,0.9588522911,1,-148.6,231.7,1796.0,1,0.9881647229,-0.0171027444,-0.1524137259,0.0435875989,0.9841015935,0.1721694916,0.1470450908,-0.1767758280,0.9732061028,1,-145.1,31.0,1832.1,1,0.0498964861,-0.6772012115,-0.7341040373,0.9700291157,0.2078723162,-0.1258273423,0.2378103435,-0.7058239579,0.6672770977,1,-285.5,225.7,1775.7,1,-0.5910519958,-0.6772012711,-0.4382418692,0.4176562726,0.2078723013,-0.8845068216,0.6900875568,-0.7058240175,0.1599740237,1,-301.2,-79.7,1700.8,1,-0.0000033379,1.0000003576,0.0000000000,-1.0000003576,-0.0000033379,-0.0000000000,-0.0000000000,0.0000000000,1.0000000000,0,-11.7,237.7,1816.4,1,0.0000170469,0.9999990463,-0.0000000000,-0.9999990463,0.0000170469,-0.0000000000,-0.0000000000,0.0000000000,1.0000000000,0,-11.7,-29.1,1816.4,0,0.9993469715,-0.0188764408,-0.0308100749,0.0187962428,0.9998191595,-0.0028905468,0.0308590662,0.0023095454,0.9995210767,0,-234.7,-173.7,1854.3,1,0.9281954765,-0.0000361043,-0.3720928729,0.0000116287,1.0000000000,-0.0000680223,0.3720928729,0.0000588110,0.9281954765,0,-227.0,-581.7,1853.3,0,1.0000000000,-0.0000000000,-0.0000000000,0.0000000000,1.0000000000,-0.0000000000,0.0000000000,0.0000000000,1.0000000000,0,-48.6,-165.5,1882.0,1,1.0000000000,0.0000000001,-0.0000000000,-0.0000000001,1.0000000000,0.0000000001,0.0000000000,-0.0000000001,1.0000000000,0,-48.6,-573.6,1882.0,0,-127.7,-202.2,1498.3,1,-11.7,-295.9,1816.4,0,-227.0,-974.1,1853.3,0,-48.6,-966.0,1882.0,0,
19,0.9877244234,-0.0161190815,-0.1553473473,0.0536181927,0.9692037106,0.2403485328,0.1466881037,-0.2457283437,0.9581764936,1,-151.7,438.5,1744.6,1,0.9877244234,-0.0161190815,-0.1553473473,0.0536181927,0.9692037106,0.2403485328,0.1466881037,-0.2457283437,0.9581764936,1,-148.2,232.9,1796.7,1,0.9878129363,-0.0219698977,-0.1540616900,0.0490786470,0.9834430218,0.1744396985,0.1476775706,-0.1798755974,0.9725421071,1,-143.8,32.4,1833.4,1,0.0498819910,-0.6784452796,-0.7329555154,0.9696877599,0.2086597085,-0.1271485686,0.2392016351,-0.7043955922,0.6682884097,1,-285.1,226.1,1776.2,1,-0.5879390836,-0.6784453392,-0.4404993951,0.4206959903,0.2086597681,-0.8828794360,0.6908998489,-0.7043956518,0.1627399772,1,-300.8,-79.2,1700.9,1,-0.0000033379,1.0000003576,0.0000000000,-1.0000003576,-0.0000033379,-0.0000000000,-0.0000000000,0.0000000000,1.0000000000,0,-11.4,239.7,1817.1,1,0.0000170469,0.9999990463,-0.0000000000,-0.9999990463,0.0000170469,-0.0000000000,-0.0000000000,0.0000000000,1.0000000000,0,-11.4,-27.1,1817.1,0,0.9995820522,-0.0150960786,-0.0246541742,0.0150447497,0.9998842478,-0.0022661537,0.0246855300,0.0018942906,0.9996934533,0,-232.3,-172.8,1856.1,1,0.9417040348,-0.0000315154,-0.3364423513,0.0000116443,1.0000000000,-0.0000610799,0.3364423513,0.0000536015,0.9417040348,0,-226.1,-580.8,1855.4,0,1.0000000000,-0.0000000000,-0.0000000000,0.0000000000,1.0000000000,-0.0000000000,0.0000000000,0.0000000000,1.0000000000,0,-46.3,-163.6,1883.9,1,1.0000000000,0.0000000001,-0.0000000000,-0.0000000001,1.0000000000,0.0000000000,0.0000000000,-0.0000000000,1.0000000000,0,-46.3,-571.6,1883.9,0,-128.2,-202.7,1498.1,1,-11.4,-293.9,1817.1,0,-226.1,-973.2,1855.3,0,-46.3,-964.0,1883.9,0,
20,0.9876653552,-0.0159009472,-0.1557450444,0.0553114973,0.9661115408,0.2521257699,0.1464571059,-0.2576311827,0.9550803304,1,-152.0,440.7,1740.6,1,0.9876653552,-0.0159009472,-0.1557450444,0.0553114973,0.9661115408,0.2521257699,0.1464571059,-0.2576311827,0.9550803304,1,-148.7,234.9,1795.5,1,0.9877161980,-0.0245609712,-0.1542906761,0.0528621674,0.9818555713,0.1821081489,0.1470174938,-0.1880280077,0.9710990787,1,-143.6,34.7,1833.8,1,0.0400548354,-0.6839870214,-0.7283937335,0.9707100391,0.1994648874,-0.1339244843,0.2368915677,-0.7016947865,0.6719425917,1,-285.5,227.6,1775.1,1,-0.5844853520,-0.6839870214,-0.4365073442,0.4257216454,0.1994648874,-0.8825955391,0.6907517910,-0.7016948462,0.1746037602,1,-298.1,-78.8,1700.3,1,-0.0000033379,1.0000003576,0.0000000000,-1.0000003576,-0.0000033379,-0.0000000000,-0.0000000000,0.0000000000,1.0000000000,0,-11.9,242.3,1815.8,1,0.0000170469,0.9999990463,-0.0000000000,-0.9999990463,0.0000170469,-0.0000000000,-0.0000000000,0.0000000000,1.0000000000,0,-11.9,-24.6,1815.8,0,0.9997324944,-0.0120734414,-0.0197269693,0.0120405899,0.9999259114,-0.0017832728,0.0197470374,0.0015452715,0.9998038411,0,-231.7,-170.5,1858.3,1,0.9526920319,-0.0000275578,-0.3039373457,0.0000114321,1.0000000000,-0.0000548352,0.3039373457,0.0000487664,0.9526920319,0,-226.7,-578.5,1857.7,0,1.0000000000,-0.0000000000,-0.0000000000,0.0000000000,1.0000000000,-0.0000000000,0.0000000000,0.0000000000,1.0000000000,0,-45.6,-160.5,1886.0,1,1.0000000000,0.0000000001,-0.0000000000,-0.0000000001,1.0000000000,0.0000000000,0.0000000000,-0.0000000000,1.0000000000,0,-45.6,-568.6,1886.0,0,-126.6,-203.8,1497.6,1,-11.9,-291.4,1815.8,0,-226.7,-970.9,1857.7,0,-45.6,-961.0,1886.0,0,
21,0.9875318408,-0.0121092228,-0.1569281369,0.0531886593,0.9640550613,0.2603211105,0.1481341571,-0.2654230595,0.9526849985,1,-150.9,439.5,1738.1,1,0.9875318408,-0.0121092228,-0.1569281369,0.0531886593,0.9640550613,0.2603211105,0.1481341571,-0.2654230595,0.9526849985,1,-148.4,234.5,1794.6,1,0.9875598550,-0.0222338233,-0.1556384265,0.0515999645,0.9809495211,0.1872794926,0.1485086083,-0.1929813921,0.9698996544,1,-143.8,34.5,1833.9,1,0.0515145212,-0.6729575992,-0.7378851771,0.9715526700,0.2047888637,-0.1189414561,0.2311532050,-0.7107670903,0.6643632650,1,-285.1,227.4,1774.0,1,-0.5962705612,-0.6729575396,-0.4377095699,0.4184301496,0.2047888935,-0.8848603964,0.6851114035,-0.7107670903,0.1594761461,1,-301.4,-78.8,1701.2,1,-0.0000033379,1.0000003576,0.0000000000,-1.0000003576,-0.0000033379,-0.0000000000,-0.0000000000,0.0000000000,1.0000000000,0,-11.6,241.7,1815.1,1,0.0000170469,0.9999990463,-0.0000000000,-0.9999990463,0.0000170469,-0.0000000000,-0.0000000000,0.0000000000,1.0000000000,0,-11.6,-25.1,1815.1,0,0.9998288155,-0.0096564759,-0.0157837551,0.0096354503,0.9999526143,-0.0014076286,0.0157965999,0.0012553041,0.9998744130,0,-232.3,-170.4,1859.3,1,0.9616225362,-0.0000241396,-0.2743757665,0.0000110581,1.0000000000,-0.0000492241,0.2743757665,0.0000443010,0.9616225362,0,-228.4,-578.4,1858.8,0,1.0000000000,-0.0000000000,-0.0000000000,0.0000000000,1.0000000000,-0.0000000000,0.0000000000,0.0000000000,1.0000000000,0,-46.3,-160.7,1887.3,1,1.0000000000,0.0000000001,-0.0000000000,-0.0000000001,1.0000000000,0.0000000000,0.0000000000,-0.0000000000,1.0000000000,0,-46.3,-568.7,1887.3,0,-126.4,-201.5,1500.1,1,-11.6,-292.0,1815.1,0,-228.3,-970.8,1858.8,0,-46.3,-961.1,1887.3,0,
22,0.9878477454,-0.0132739060,-0.1548316330,0.0519677475,0.9671989679,0.2486434877,0.1464516222,-0.2536689639,0.9561411738,1,-151.5,441.9,1741.4,1,0.9878477454,-0.0132739060,-0.1548316330,0.0519677475,0.9671989679,0.2486434877,0.1464516222,-0.2536689639,0.9561411738,1,-148.7,236.6,1795.3,1,0.9878885746,-0.0214301720,-0.1536524892,0.0496739931,0.9819647074,0.1824167371,0.1469711959,-0.1878406405,0.9711422920,1,-144.3,36.3,1833.6,1,0.0541220680,-0.6682775617,-0.7419407368,0.9715970159,0.2066672146,-0.1152736545,0.2303695828,-0.7146285176,0.6604816914,1,-285.5,229.7,1774.9,1,-0.6021910310,-0.6682774425,-0.4367734790,0.4137321711,0.2066671550,-0.8866308928,0.6827821732,-0.7146284580,0.1520347893,1,-302.8,-79.9,1701.5,1,-0.0000033379,1.0000003576,0.0000000000,-1.0000003576,-0.0000033379,-0.0000000000,-0.0000000000,0.0000000000,1.0000000000,0,-11.9,243.4,1815.6,1,0.0000170469,0.9999990463,-0.0000000000,-0.9999990463,0.0000170469,-0.0000000000,-0.0000000000,0.0000000000,1.0000000000,0,-11.9,-23.4,1815.6,0,0.9998904467,-0.0077236798,-0.0126283281,0.0077102231,0.9999696612,-0.0011139426,0.0126365479,0.0010164534,0.9999196529,0,-233.0,-168.6,1858.0,1,0.9688761830,-0.0000211824,-0.2475458682,0.0000105734,1.0000000000,-0.0000441862,0.2475458682,0.0000401935,0.9688761830,0,-229.8,-576.6,1857.6,0,1.0000000000,-0.0000000000,-0.0000000000,0.0000000000,1.0000000000,-0.0000000000,0.0000000000,0.0000000000,1.0000000000,0,-46.9,-159.2,1885.7,1,1.0000000000,0.0000000001,-0.0000000000,-0.0000000001,1.0000000000,0.0000000000,0.0000000000,-0.0000000000,1.0000000000,0,-46.9,-567.3,1885.7,0,-126.0,-201.3,1501.1,1,-11.8,-290.2,1815.6,0,-229.8,-969.0,1857.6,0,-46.9,-959.7,1885.7,0,
23,0.9885556698,-0.0087556150,-0.1505756974,0.0478485711,0.9649515152,0.2580257654,0.1430381238,-0.2622785568,0.9543332458,1,-151.7,441.5,1739.0,1,0.9885556698,-0.0087556150,-0.1505756974,0.0478485711,0.9649515152,0.2580257654,0.1430381238,-0.2622785568,0.9543332458,1,-149.9,236.6,1794.7,1,0.9885966182,-0.0160464384,-0.1497041285,0.0446390621,0.9808357954,0.1896487027,0.1437910497,-0.1941694766,0.9703733325,1,-146.6,36.7,1834.3,1,0.0526579395,-0.6668921113,-0.7432914972,0.9718995094,0.2052335143,-0.1152850240,0.2294309586,-0.7163339853,0.6589592099,1,-286.8,230.5,1774.8,1,-0.6026072502,-0.6668919921,-0.4383143783,0.4169280231,0.2052335143,-0.8854661584,0.6804670095,-0.7163338661,0.1543707997,1,-303.5,-77.6,1702.1,1,-0.0000033379,1.0000003576,0.0000000000,-1.0000003576,-0.0000033379,-0.0000000000,-0.0000000000,0.0000000000,1.0000000000,0,-12.9,242.8,1814.6,1,0.0000170469,0.9999990463,-0.0000000000,-0.9999990463,0.0000170469,-0.0000000000,-0.0000000000,0.0000000000,1.0000000000,0,-12.9,-24.0,1814.6,0,0.9999298453,-0.0061779590,-0.0101034697,0.0061693462,0.9999805689,-0.0008833679,0.0101087317,0.0008209742,0.9999485612,0,-236.4,-167.6,1860.4,1,0.9747647047,-0.0000186195,-0.2232348025,0.0000100177,1.0000000000,-0.0000396651,0.2232348025,0.0000364278,0.9747647047,0,-233.9,-575.6,1860.0,0,1.0000000000,-0.0000000000,-0.0000000000,0.0000000000,1.0000000000,-0.0000000000,0.0000000000,0.0000000000,1.0000000000,0,-50.2,-159.1,1887.5,1,1.0000000000,0.0000000001,-0.0000000000,-0.0000000001,1.0000000000,0.0000000000,0.0000000000,-0.0000000000,1.0000000000,0,-50.2,-567.2,1887.5,0,-126.6,-199.9,1502.4,1,-12.9,-290.8,1814.6,0,-233.9,-968.0,1860.0,0,-50.2,-959.6,1887.5,0,
