1,0.9980604053,0.0111605916,-0.0612115301,0.0028691294,0.9744786620,0.2244587243,0.0621544532,-0.2241988331,0.9725597501,1,-93.7,450.7,1760.5,1,0.9980604053,0.0111605916,-0.0612115301,0.0028691294,0.9744786620,0.2244587243,0.0621544532,-0.2241988331,0.9725597501,1,-96.1,244.2,1808.0,1,0.9980875254,0.0050045215,-0.0615807660,0.0061566634,0.9836958051,0.1797308177,0.0614762418,-0.1797660440,0.9817869663,1,-97.1,43.5,1844.7,1,0.3096450269,-0.6904010177,-0.6538093090,0.9506470561,0.2390673161,0.1977806240,0.0197564922,-0.6827837229,0.7303535342,1,-234.6,243.4,1799.5,1,-0.4652243257,-0.6904008985,-0.5539972186,0.5760502219,0.2390673012,-0.7816731930,0.6721105576,-0.6827836037,0.2864856422,1,-318.5,-14.2,1794.1,1,0.2581204176,0.7124236226,0.6525537968,-0.9584479332,0.2737449408,0.0802579001,-0.1214556843,-0.6461549997,0.7534800768,1,42.4,245.1,1816.6,1,-0.4182133675,0.7124235034,0.5635159016,-0.5737763047,0.2737449408,-0.7719095945,-0.7041861415,-0.6461549997,0.2942879796,1,112.9,-16.4,1783.4,1,1.0000000000,0.0000000000,-0.0000000000,-0.0000000000,1.0000000000,-0.0000000000,0.0000000000,0.0000000000,1.0000000000,0,-192.1,-157.7,1875.6,1,1.0000000000,0.0000000000,-0.0000000000,-0.0000000000,1.0000000000,-0.0000000000,0.0000000000,0.0000000000,1.0000000000,0,-192.1,-565.8,1875.6,0,1.0000000000,0.0000332332,0.0000011145,-0.0000332332,1.0000000000,-0.0000109798,-0.0000011149,0.0000109798,1.0000000000,0,-4.2,-156.6,1887.2,1,0.9999890327,0.0046771746,0.0001532568,-0.0046769325,0.9999878407,-0.0015456120,-0.0001604841,0.0015448784,0.9999988079,0,-4.2,-564.7,1887.2,0,-194.4,-167.9,1614.8,1,1.3,-169.5,1595.5,1,-192.1,-958.2,1875.6,0,-6.0,-957.0,1886.6,0,
2,0.9980383515,0.0121191163,-0.0613870919,0.0020195744,0.9743127823,0.2251866907,0.0625393316,-0.2248687893,0.9723803997,1,-93.7,450.8,1760.1,1,0.9980383515,0.0121191163,-0.0613870919,0.0020195744,0.9743127823,0.2251866907,0.0625393316,-0.2248687893,0.9723803997,1,-96.3,244.2,1807.8,1,0.9980820417,0.0037723950,-0.0617564358,0.0073995446,0.9836965203,0.1796799004,0.0614274517,-0.1797920763,0.9817852974,1,-97.0,43.5,1844.5,1,0.3089270890,-0.6877988577,-0.6568841934,0.9508383274,0.2391011417,0.1968174428,0.0216909442,-0.6853929162,0.7278503776,1,-234.8,243.1,1799.2,1,-0.4659128189,-0.6877989769,-0.5566489100,0.5786358714,0.2391011417,-0.7797508240,0.6694070101,-0.6853929758,0.2865848541,1,-318.3,-13.9,1793.4,1,0.2585839927,0.7127441764,0.6520199776,-0.9586279392,0.2725071311,0.0822949186,-0.1190248877,-0.6463247538,0.7537223697,1,42.3,245.2,1816.3,1,-0.4178505838,0.7127442360,0.5633797050,-0.5751430988,0.2725071311,-0.7713302970,-0.7032860518,-0.6463247538,0.2960626781,1,112.8,-16.3,1783.8,1,1.0000000000,0.0000000000,-0.0000000000,-0.0000000000,1.0000000000,-0.0000000000,0.0000000000,0.0000000000,1.0000000000,0,-191.8,-157.9,1875.4,1,1.0000000000,0.0000000000,-0.0000000000,-0.0000000000,1.0000000000,-0.0000000000,0.0000000000,0.0000000000,1.0000000000,0,-191.8,-566.0,1875.4,0,1.0000000000,0.0000265866,0.0000008916,-0.0000265866,1.0000000000,-0.0000087839,-0.0000008919,0.0000087838,1.0000000000,0,-3.8,-156.6,1886.9,1,0.9999911189,0.0042094504,0.0001382565,-0.0042092539,0.9999901652,-0.0013910191,-0.0001441106,0.0013904249,0.9999990463,0,-3.8,-564.6,1886.9,0,-194.0,-168.2,1614.8,1,1.3,-169.7,1596.2,1,-191.8,-958.4,1875.4,0,-5.5,-957.0,1886.4,0,
3,0.9981855154,0.0129679712,-0.0587658100,0.0015264468,0.9707351923,0.2401444465,0.0601602606,-0.2397983074,0.9689574242,1,-93.3,449.5,1755.8,1,0.9981855154,0.0129679712,-0.0587658100,0.0015264468,0.9707351923,0.2401444465,0.0601602606,-0.2397983074,0.9689574242,1,-96.0,243.4,1806.8,1,0.9982169867,0.0068318192,-0.0592626818,0.0046305591,0.9815486073,0.1911525428,0.0594751537,-0.1910859942,0.9797703028,1,-97.4,43.1,1845.7,1,0.3078277409,-0.6928592920,-0.6520644426,0.9512392879,0.2382689416,0.1958870590,0.0196445324,-0.6805687547,0.7324208021,1,-234.6,242.7,1798.5,1,-0.4623675644,-0.6928593516,-0.5533192158,0.5774465203,0.2382689565,-0.7808863521,0.6728831530,-0.6805687547,0.2899213731,1,-317.7,-14.2,1793.2,1,0.2604748607,0.7139358521,0.6499604583,-0.9583658576,0.2727685869,0.0844527632,-0.1169949174,-0.6448976994,0.7552610636,1,42.5,244.0,1815.0,1,-0.4191499054,0.7139359713,0.5609001517,-0.5712842941,0.2727685869,-0.7741006017,-0.7056539655,-0.6448976398,0.2935294509,1,113.5,-16.9,1783.2,1,1.0000000000,0.0000000000,-0.0000000000,-0.0000000000,1.0000000000,-0.0000000000,0.0000000000,0.0000000000,1.0000000000,0,-192.8,-157.6,1879.1,1,1.0000000000,0.0000000000,-0.0000000000,-0.0000000000,1.0000000000,-0.0000000000,0.0000000000,0.0000000000,1.0000000000,0,-192.8,-565.7,1879.1,0,1.0000000000,0.0000212693,0.0000007133,-0.0000212693,1.0000000000,-0.0000070271,-0.0000007135,0.0000070271,1.0000000000,0,-4.8,-156.7,1890.3,1,0.9999927878,0.0037884999,0.0001246944,-0.0037883406,0.9999920130,-0.0012518915,-0.0001294362,0.0012514100,0.9999992251,0,-4.8,-564.8,1890.3,0,-194.4,-168.3,1613.7,1,1.6,-169.4,1594.9,1,-192.8,-958.0,1879.1,0,-6.3,-957.2,1889.8,0,
4,0.9981173277,0.0126502989,-0.0599806122,0.0024907712,0.9692959785,0.2458812892,0.0612494834,-0.2455676794,0.9674429893,1,-93.5,449.0,1754.2,1,0.9981173277,0.0126502989,-0.0599806122,0.0024907712,0.9692959785,0.2458812892,0.0612494834,-0.2455676794,0.9674429893,1,-96.2,242.5,1806.5,1,0.9981269836,0.0085919378,-0.0605359003,0.0033777738,0.9808156490,0.1949041933,0.0610492006,-0.1947434843,0.9789530039,1,-97.9,42.4,1846.3,1,0.3060068488,-0.6934312582,-0.6523135304,0.9518724084,0.2352881432,0.1964137703,0.0172821805,-0.6810231805,0.7320579290,1,-234.7,242.0,1798.1,1,-0.4635617733,-0.6934312582,-0.5516009331,0.5779029131,0.2352881432,-0.7814522982,0.6716686487,-0.6810231805,0.2916653454,1,-317.5,-15.4,1793.4,1,0.2594002485,0.7131606936,0.6512399912,-0.9586762190,0.2717236578,0.0842980593,-0.1168392450,-0.6461952329,0.7541753650,1,42.4,243.0,1815.0,1,-0.4210875034,0.7131605744,0.5604348779,-0.5709193349,0.2717236280,-0.7747370005,-0.7047952414,-0.6461951733,0.2927377522,1,113.0,-17.9,1783.2,1,1.0000000000,0.0000000000,-0.0000000000,-0.0000000000,1.0000000000,-0.0000000000,0.0000000000,0.0000000000,1.0000000000,0,-193.7,-158.0,1880.2,1,1.0000000000,0.0000000000,-0.0000000000,-0.0000000000,1.0000000000,-0.0000000000,0.0000000000,0.0000000000,1.0000000000,0,-193.7,-566.1,1880.2,0,1.0000000000,0.0000170154,0.0000005707,-0.0000170154,1.0000000000,-0.0000056217,-0.0000005708,0.0000056217,1.0000000000,0,-5.7,-157.4,1891.7,1,0.9999941587,0.0034096446,0.0001124384,-0.0034095156,0.9999935627,-0.0011266813,-0.0001162793,0.0011262913,0.9999993443,0,-5.7,-565.5,1891.7,0,-193.8,-169.6,1614.2,1,0.6,-170.2,1595.2,1,-193.7,-958.5,1880.2,0,-7.0,-957.8,1891.3,0,
5,0.9981274009,0.0122450627,-0.0598964132,0.0031577190,0.9681004882,0.2505393028,0.0610536560,-0.2502591908,0.9662524462,1,-93.8,448.4,1753.4,1,0.9981274009,0.0122450627,-0.0598964132,0.0031577190,0.9681004882,0.2505393028,0.0610536560,-0.2502591908,0.9662524462,1,-96.4,242.3,1806.7,1,0.9981269240,0.0090860603,-0.0604640730,0.0031147723,0.9800555110,0.1986953318,0.0610635430,-0.1985113770,0.9781950712,1,-98.2,42.4,1847.2,1,0.3049590290,-0.6921786070,-0.6541320682,0.9522615075,0.2317655534,0.1987023950,0.0140677309,-0.6835008860,0.7298141122,1,-234.9,241.9,1798.2,1,-0.4701971412,-0.6921785474,-0.5475430489,0.5736650229,0.2317655683,-0.7856163979,0.6706885099,-0.6835008860,0.2881031334,1,-317.7,-16.7,1794.4,1,0.2590823770,0.7119507194,0.6526886225,-0.9586812854,0.2717658281,0.0841037184,-0.1175007671,-0.6475101709,0.7529436350,1,42.2,242.8,1815.2,1,-0.4222476184,0.7119508386,0.5610998869,-0.5710907578,0.2717658877,-0.7745958567,-0.7039619088,-0.6475101709,0.2918360233,1,112.7,-18.4,1783.2,1,1.0000000000,0.0000000000,-0.0000000000,-0.0000000000,1.0000000000,-0.0000000000,0.0000000000,0.0000000000,1.0000000000,0,-194.1,-157.9,1881.9,1,1.0000000000,0.0000000000,-0.0000000000,-0.0000000000,1.0000000000,-0.0000000000,0.0000000000,0.0000000000,1.0000000000,0,-194.1,-565.9,1881.9,0,1.0000000000,0.0000136123,0.0000004565,-0.0000136123,1.0000000000,-0.0000044973,-0.0000004566,0.0000044973,1.0000000000,0,-6.1,-157.3,1893.4,1,0.9999952912,0.0030686755,0.0001013674,-0.0030685712,0.9999947548,-0.0010139960,-0.0001044785,0.0010136802,0.9999994636,0,-6.1,-565.4,1893.4,0,-192.3,-169.7,1615.4,1,0.1,-170.7,1595.3,1,-194.1,-958.3,1881.9,0,-7.3,-957.7,1893.0,0,
6,0.9980872273,0.0123981480,-0.0605314597,0.0033545583,0.9673424363,0.2534474432,0.0616969801,-0.2531656623,0.9654541016,1,-93.5,447.9,1753.0,1,0.9980872273,0.0123981480,-0.0605314597,0.0033545583,0.9673424363,0.2534474432,0.0616969801,-0.2531656623,0.9654541016,1,-96.2,242.3,1806.8,1,0.9980886579,0.0089422083,-0.0611142740,0.0034850324,0.9797331691,0.2002723068,0.0616666004,-0.2001024187,0.9778329730,1,-98.0,42.4,1847.6,1,0.3097080290,-0.6899859309,-0.6542172432,0.9507831335,0.2316823304,0.2057537287,0.0096034193,-0.6857422590,0.7277809978,1,-234.7,241.8,1798.2,1,-0.4715203941,-0.6899860501,-0.5491701365,0.5749227405,0.2316823453,-0.7847211361,0.6686795950,-0.6857423782,0.2874456942,1,-318.7,-15.9,1795.6,1,0.2580170631,0.7114881873,0.6536144614,-0.9588936567,0.2712894678,0.0832167789,-0.1181109771,-0.6482180953,0.7522387505,1,42.4,242.8,1815.4,1,-0.4231732190,0.7114881277,0.5609894395,-0.5710241199,0.2712894678,-0.7748118639,-0.7034600377,-0.6482181549,0.2914744318,1,112.6,-18.3,1783.2,1,1.0000000000,0.0000000000,-0.0000000000,-0.0000000000,1.0000000000,-0.0000000000,0.0000000000,0.0000000000,1.0000000000,0,-193.8,-157.8,1882.6,1,1.0000000000,0.0000000000,-0.0000000000,-0.0000000000,1.0000000000,-0.0000000000,0.0000000000,0.0000000000,1.0000000000,0,-193.8,-565.9,1882.6,0,1.0000000000,0.0000108899,0.0000003652,-0.0000108899,1.0000000000,-0.0000035979,-0.0000003653,0.0000035979,1.0000000000,0,-5.8,-157.2,1894.3,1,0.9999961853,0.0027618052,0.0000913708,-0.0027617204,0.9999957681,-0.0009125827,-0.0000938907,0.0009123269,0.9999995828,0,-5.8,-565.2,1894.3,0,-192.9,-169.3,1617.2,1,-0.3,-170.7,1595.5,1,-193.8,-958.3,1882.6,0,-6.9,-957.6,1893.9,0,
7,0.9981229305,0.0083908821,-0.0606310517,0.0070400219,0.9682465196,0.2498951256,0.0608026907,-0.2498528361,0.9663734436,1,-94.6,448.7,1753.8,1,0.9981229305,0.0083908821,-0.0606310517,0.0070400219,0.9682465196,0.2498951256,0.0608026907,-0.2498528361,0.9663734436,1,-96.4,242.6,1807.0,1,0.9980952144,0.0084491475,-0.0610776953,0.0038324578,0.9801495075,0.1982185394,0.0615400895,-0.1980749667,0.9782536626,1,-98.1,42.6,1847.4,1,0.3111672997,-0.6894041896,-0.6541382670,0.9503286481,0.2308676392,0.2087480128,0.0071076257,-0.6866018772,0.7269988656,1,-235.0,242.0,1798.5,1,-0.4724064469,-0.6894041300,-0.5491394401,0.5752596855,0.2308676690,-0.7847142220,0.6677637100,-0.6866018772,0.2875230312,1,-319.2,-15.4,1796.5,1,0.2582363784,0.7103521824,0.6547625065,-0.9586671591,0.2722306252,0.0827523321,-0.1194631010,-0.6490689516,0.7512910366,1,42.1,243.1,1815.6,1,-0.4231103957,0.7103520036,0.5624744296,-0.5717880130,0.2722305954,-0.7739179134,-0.7028769255,-0.6490688324,0.2909871936,1,112.5,-18.3,1783.0,1,1.0000000000,0.0000000000,-0.0000000000,-0.0000000000,1.0000000000,-0.0000000000,0.0000000000,0.0000000000,1.0000000000,0,-193.9,-157.8,1882.0,1,1.0000000000,0.0000000000,-0.0000000000,-0.0000000000,1.0000000000,-0.0000000000,0.0000000000,0.0000000000,1.0000000000,0,-193.9,-565.8,1882.0,0,1.0000000000,0.0000087119,0.0000002922,-0.0000087119,1.0000000000,-0.0000028783,-0.0000002922,0.0000028783,1.0000000000,0,-5.9,-157.1,1893.6,1,0.9999969006,0.0024856217,0.0000823471,-0.0024855533,0.9999966025,-0.0008213132,-0.0000843883,0.0008211060,0.9999996424,0,-5.9,-565.1,1893.6,0,-193.2,-168.9,1618.4,1,-0.3,-170.9,1595.4,1,-193.9,-958.2,1882.0,0,-6.9,-957.5,1893.3,0,
8,0.9984211326,0.0114797493,-0.0549488217,0.0028274520,0.9673379660,0.2534710169,0.0560638979,-0.2532261610,0.9657817483,1,-94.8,448.0,1753.2,1,0.9984211326,0.0114797493,-0.0549488217,0.0028274520,0.9673379660,0.2534710169,0.0560638979,-0.2532261610,0.9657817483,1,-97.3,242.4,1807.0,1,0.9984090328,0.0096364450,-0.0555199124,0.0017116965,0.9796267748,0.2008151263,0.0563239604,-0.2005906105,0.9780552983,1,-99.2,42.5,1848.0,1,0.3108704388,-0.6870952845,-0.6567035913,0.9504240155,0.2300546318,0.2092105001,0.0073301508,-0.6891842484,0.7245491147,1,-235.9,242.1,1799.2,1,-0.4763507843,-0.6870952845,-0.5486255288,0.5736077428,0.2300546467,-0.7861609459,0.6663813591,-0.6891842484,0.2845364809,1,-320.2,-15.6,1797.2,1,0.2617142797,0.7078887224,0.6560482383,-0.9577566385,0.2744345963,0.0859531984,-0.1191970259,-0.6508297324,0.7498085499,1,41.3,242.6,1814.9,1,-0.4232712686,0.7078886032,0.5654511452,-0.5728352070,0.2744346261,-0.7723635435,-0.7019267678,-0.6508296132,0.2893432677,1,112.5,-18.0,1782.4,1,1.0000000000,0.0000000000,-0.0000000000,-0.0000000000,1.0000000000,-0.0000000000,0.0000000000,0.0000000000,1.0000000000,0,-195.2,-157.5,1883.6,1,1.0000000000,0.0000000000,-0.0000000000,-0.0000000000,1.0000000000,-0.0000000000,0.0000000000,0.0000000000,1.0000000000,0,-195.2,-565.6,1883.6,0,1.0000000000,0.0000069695,0.0000002338,-0.0000069695,1.0000000000,-0.0000023026,-0.0000002338,0.0000023026,1.0000000000,0,-7.2,-157.2,1894.2,1,0.9999974966,0.0022370571,0.0000742043,-0.0022370017,0.9999971986,-0.0007391729,-0.0000758576,0.0007390050,0.9999997020,0,-7.2,-565.3,1894.2,0,-193.1,-168.6,1619.4,1,-0.4,-170.9,1595.1,1,-195.2,-958.0,1883.6,0,-8.1,-957.7,1893.9,0,
9,0.9984714389,0.0143256178,-0.0533427298,-0.0001533539,0.9664924741,0.2566915452,0.0552326404,-0.2562909722,0.9650208950,1,-94.5,447.6,1752.9,1,0.9984714389,0.0143256178,-0.0533427298,-0.0001533539,0.9664924741,0.2566915452,0.0552326404,-0.2562909722,0.9650208950,1,-97.5,242.4,1807.3,1,0.9984865785,0.0100508220,-0.0540310815,0.0010576276,0.9794372320,0.2017417103,0.0549477488,-0.2014935017,0.9779480100,1,-99.6,42.5,1848.4,1,0.3113989234,-0.6909135580,-0.6524332762,0.9502655268,0.2300961912,0.2098836899,0.0051109307,-0.6853424311,0.7282030582,1,-236.1,242.2,1799.7,1,-0.4703015387,-0.6909135580,-0.5490490794,0.5769183040,0.2300961614,-0.7837225795,0.6678186059,-0.6853424311,0.2903860807,1,-320.0,-13.8,1798.3,1,0.2621571422,0.7061210871,0.6577740908,-0.9574034810,0.2758057415,0.0854973495,-0.1210463643,-0.6521689296,0.7483472228,1,41.1,242.5,1814.9,1,-0.4236624539,0.7061209679,0.5673651099,-0.5734196901,0.2758056819,-0.7714408636,-0.7012131214,-0.6521688700,0.2880552113,1,112.5,-18.2,1782.0,1,1.0000000000,0.0000000000,-0.0000000000,-0.0000000000,1.0000000000,-0.0000000000,0.0000000000,0.0000000000,1.0000000000,0,-195.6,-157.4,1884.4,1,1.0000000000,0.0000000000,-0.0000000000,-0.0000000000,1.0000000000,-0.0000000000,0.0000000000,0.0000000000,1.0000000000,0,-195.6,-565.5,1884.4,0,1.0000000000,0.0000055756,0.0000001870,-0.0000055756,1.0000000000,-0.0000018421,-0.0000001870,0.0000018421,1.0000000000,0,-7.6,-157.2,1894.7,1,0.9999979734,0.0020133490,0.0000668583,-0.0020133043,0.9999977350,-0.0006652481,-0.0000681975,0.0006651121,0.9999997616,0,-7.6,-565.3,1894.7,0,-194.5,-167.7,1620.1,1,-0.6,-171.2,1594.9,1,-195.6,-957.8,1884.4,0,-8.4,-957.6,1894.4,0,
10,0.9987235069,0.0131431483,-0.0487283170,-0.0002597233,0.9668202996,0.2554534674,0.0504690073,-0.2551147342,0.9655932784,1,-95.4,447.9,1753.3,1,0.9987235069,0.0131431483,-0.0487283170,-0.0002597233,0.9668202996,0.2554534674,0.0504690073,-0.2551147342,0.9655932784,1,-98.2,242.6,1807.4,1,0.9987335801,0.0095207812,-0.0493604541,0.0006041014,0.9795560837,0.2011655122,0.0502665974,-0.2009405345,0.9783135056,1,-100.2,42.7,1848.4,1,0.3078069091,-0.6906930804,-0.6543684602,0.9513897300,0.2311053276,0.2035878748,0.0106112957,-0.6852251887,0.7282540202,1,-236.8,242.5,1800.5,1,-0.4696751535,-0.6906930208,-0.5498622060,0.5771345496,0.2311052978,-0.7832663059,0.6680726409,-0.6852252483,0.2900783718,1,-319.6,-13.4,1797.6,1,0.2646132112,0.7074191570,0.6553914547,-0.9571416974,0.2756259739,0.0889380872,-0.1177264005,-0.6508366466,0.7500347495,1,40.4,242.7,1814.4,1,-0.4229322076,0.7074191570,0.5662918687,-0.5727038383,0.2756259739,-0.7720366716,-0.7022382021,-0.6508367062,0.2885706127,1,112.5,-18.1,1782.3,1,1.0000000000,0.0000000000,-0.0000000000,-0.0000000000,1.0000000000,-0.0000000000,0.0000000000,0.0000000000,1.0000000000,0,-196.1,-157.2,1884.7,1,1.0000000000,0.0000000000,-0.0000000000,-0.0000000000,1.0000000000,-0.0000000000,0.0000000000,0.0000000000,1.0000000000,0,-196.1,-565.3,1884.7,0,1.0000000000,0.0000044605,0.0000001496,-0.0000044605,1.0000000000,-0.0000014737,-0.0000001496,0.0000014737,1.0000000000,0,-8.1,-157.1,1894.2,1,0.9999983311,0.0018120126,0.0000602327,-0.0018119763,0.9999981523,-0.0005987174,-0.0000613175,0.0005986072,0.9999998212,0,-8.1,-565.1,1894.2,0,-194.3,-167.3,1619.4,1,-0.3,-170.9,1595.0,1,-196.1,-957.6,1884.7,0,-8.8,-957.5,1893.9,0,
11,0.9989531040,0.0148717100,-0.0432126112,-0.0032578383,0.9663362503,0.2572580576,0.0455837809,-0.2568479478,0.9653767943,1,-95.5,447.1,1752.9,1,0.9989531040,0.0148717100,-0.0432126112,-0.0032578383,0.9663362503,0.2572580576,0.0455837809,-0.2568479478,0.9653767943,1,-98.6,241.9,1807.5,1,0.9989737868,0.0108422646,-0.0439271852,-0.0016921663,0.9791358709,0.2031946033,0.0452137664,-0.2029117197,0.9781532288,1,-100.9,42.1,1848.9,1,0.3045250177,-0.6956808567,-0.6506094933,0.9524322748,0.2307996899,0.1990081072,0.0117143430,-0.6802644134,0.7328732014,1,-237.3,242.1,1801.2,1,-0.4663452208,-0.6956809163,-0.5463976264,0.5751954913,0.2307997495,-0.7847813368,0.6720657349,-0.6802644730,0.2925201654,1,-319.2,-13.9,1798.0,1,0.2702371180,0.7091811895,0.6511789560,-0.9562577009,0.2763769627,0.0958492011,-0.1119964048,-0.6485969424,0.7528471947,1,40.0,241.6,1813.7,1,-0.4211486578,0.7091811299,0.5654165745,-0.5717228055,0.2763769329,-0.7724952102,-0.7041071653,-0.6485968828,0.2890592515,1,113.0,-16.8,1783.5,1,1.0000000000,0.0000000000,-0.0000000000,-0.0000000000,1.0000000000,-0.0000000000,0.0000000000,0.0000000000,1.0000000000,0,-197.1,-157.5,1886.0,1,1.0000000000,0.0000000000,-0.0000000000,-0.0000000000,1.0000000000,-0.0000000000,0.0000000000,0.0000000000,1.0000000000,0,-197.1,-565.6,1886.0,0,1.0000000000,0.0000035684,0.0000001197,-0.0000035684,1.0000000000,-0.0000011789,-0.0000001197,0.0000011789,1.0000000000,0,-9.0,-157.8,1894.5,1,0.9999986887,0.0016308099,0.0000542583,-0.0016307803,0.9999985099,-0.0005388407,-0.0000551369,0.0005387515,0.9999998808,0,-9.0,-565.9,1894.5,0,-194.7,-167.4,1618.7,1,0.7,-169.3,1595.6,1,-197.1,-958.0,1886.0,0,-9.6,-958.3,1894.3,0,
12,0.9991182089,0.0155105460,-0.0389610231,-0.0048765265,0.9657514095,0.2594196200,0.0416503921,-0.2590008676,0.9649791718,1,-96.0,447.1,1752.8,1,0.9991182089,0.0155105460,-0.0389610231,-0.0048765265,0.9657514095,0.2594196200,0.0416503921,-0.2590008676,0.9649791718,1,-99.3,242.3,1807.7,1,0.9991264939,0.0126769729,-0.0397654995,-0.0043055299,0.9789777398,0.2039167434,0.0415145680,-0.2035673857,0.9781809449,1,-101.9,42.5,1849.2,1,0.2976350188,-0.6943132877,-0.6552423835,0.9544639587,0.2310063094,0.1887715906,0.0202984735,-0.6815903187,0.7314525247,1,-238.0,242.9,1801.9,1,-0.4673797488,-0.6943132877,-0.5472525954,0.5754429102,0.2310063094,-0.7845391035,0.6711347103,-0.6815903187,0.2915699780,1,-318.3,-14.6,1796.5,1,0.2745937109,0.7050170898,0.6538726091,-0.9547041655,0.2809576988,0.0979943499,-0.1146228388,-0.6511635184,0.7502318621,1,39.4,241.7,1813.5,1,-0.4217400551,0.7050170302,0.5701635480,-0.5720863938,0.2809576392,-0.7705712318,-0.7034575939,-0.6511635780,0.2848395407,1,113.6,-16.3,1782.5,1,1.0000000000,0.0000000000,-0.0000000000,-0.0000000000,1.0000000000,-0.0000000000,0.0000000000,0.0000000000,1.0000000000,0,-198.6,-156.8,1886.9,1,1.0000000000,0.0000000000,-0.0000000000,-0.0000000000,1.0000000000,-0.0000000000,0.0000000000,0.0000000000,1.0000000000,0,-198.6,-564.9,1886.9,0,1.0000000000,0.0000028547,0.0000000957,-0.0000028547,1.0000000000,-0.0000009432,-0.0000000958,0.0000009432,1.0000000000,0,-10.4,-157.6,1894.7,1,0.9999989271,0.0014677276,0.0000488720,-0.0014677036,0.9999988079,-0.0004849526,-0.0000495837,0.0004848804,0.9999998808,0,-10.4,-565.7,1894.7,0,-193.6,-168.1,1617.4,1,1.0,-169.0,1594.8,1,-198.6,-957.3,1886.9,0,-11.0,-958.1,1894.5,0,
13,0.9992583394,0.0168750137,-0.0345493183,-0.0073458664,0.9657786489,0.2592600584,0.0377419814,-0.2588140070,0.9651900530,1,-96.9,447.1,1753.2,1,0.9992583394,0.0168750137,-0.0345493183,-0.0073458664,0.9657786489,0.2592600584,0.0377419814,-0.2588140070,0.9651900530,1,-100.5,242.5,1808.0,1,0.9992669821,0.0143152736,-0.0354442485,-0.0068092356,0.9790590405,0.2034575492,0.0376145281,-0.2030670494,0.9784426093,1,-103.4,42.7,1849.5,1,0.2878799438,-0.6912491322,-0.6627968550,0.9571498632,0.2304104120,0.1754282117,0.0314506851,-0.6848981380,0.7279596925,1,-239.2,243.4,1802.8,1,-0.4709032476,-0.6912492514,-0.5481101274,0.5752835274,0.2304104567,-0.7848311663,0.6688042283,-0.6848982573,0.2891632617,1,-317.1,-15.7,1794.3,1,0.2813139260,0.6984717250,0.6580271721,-0.9527271986,0.2853045762,0.1044611633,-0.1147749871,-0.6563068032,0.7457132339,1,38.2,241.5,1813.3,1,-0.4224778414,0.6984717846,0.5776242018,-0.5758388042,0.2853045166,-0.7661664486,-0.6999444366,-0.6563067436,0.2816722989,1,114.0,-15.1,1782.3,1,1.0000000000,0.0000000000,-0.0000000000,-0.0000000000,1.0000000000,-0.0000000000,0.0000000000,0.0000000000,1.0000000000,0,-200.4,-156.4,1887.4,1,1.0000000000,0.0000000000,-0.0000000000,-0.0000000000,1.0000000000,-0.0000000000,0.0000000000,0.0000000000,1.0000000000,0,-200.4,-564.5,1887.4,0,1.0000000000,0.0000022838,0.0000000766,-0.0000022838,1.0000000000,-0.0000007545,-0.0000000766,0.0000007545,1.0000000000,0,-12.2,-157.7,1894.4,1,0.9999991059,0.0013209538,0.0000440168,-0.0013209345,0.9999990463,-0.0004364541,-0.0000445933,0.0004363956,0.9999998808,0,-12.2,-565.8,1894.4,0,-191.5,-169.2,1615.9,1,1.3,-168.7,1595.6,1,-200.4,-956.9,1887.4,0,-12.7,-958.1,1894.3,0,
14,0.9992677569,0.0182093214,-0.0335864387,-0.0088818613,0.9657439590,0.2593408227,0.0371582955,-0.2588526607,0.9652022719,1,-97.4,445.3,1753.4,1,0.9992677569,0.0182093214,-0.0335864387,-0.0088818613,0.9657439590,0.2593408227,0.0371582955,-0.2588526607,0.9652022719,1,-101.3,240.9,1808.2,1,0.9992609024,0.0167095754,-0.0345561840,-0.0092638843,0.9786452651,0.2053425610,0.0372493975,-0.2048706710,0.9780805111,1,-104.7,41.2,1850.0,1,0.2855395973,-0.6841773391,-0.6710951328,0.9576593637,0.2306002080,0.1723723561,0.0368214063,-0.6918996572,0.7210542560,1,-240.0,242.2,1803.0,1,-0.4760692418,-0.6841773987,-0.5525029898,0.5774874687,0.2306002080,-0.7831550837,0.6632241607,-0.6918995976,0.2853221893,1,-316.7,-15.1,1793.1,1,0.2867830396,0.6968497038,0.6573858857,-0.9508337975,0.2907983363,0.1065436527,-0.1169218048,-0.6556196213,0.7459841371,1,37.4,239.6,1813.3,1,-0.4203349054,0.6968495846,0.5811361670,-0.5750895143,0.2907983065,-0.7646622062,-0.7018479705,-0.6556195021,0.2785182297,1,114.2,-14.8,1782.1,1,1.0000000000,0.0000000000,-0.0000000000,-0.0000000000,1.0000000000,-0.0000000000,0.0000000000,0.0000000000,1.0000000000,0,-202.2,-157.6,1888.3,1,1.0000000000,0.0000000000,-0.0000000000,-0.0000000000,1.0000000000,-0.0000000000,0.0000000000,0.0000000000,1.0000000000,0,-202.2,-565.6,1888.3,0,1.0000000000,0.0000018270,0.0000000613,-0.0000018270,1.0000000000,-0.0000006036,-0.0000000613,0.0000006036,1.0000000000,0,-14.0,-159.3,1895.3,1,0.9999992847,0.0011888576,0.0000396411,-0.0011888420,0.9999992251,-0.0003928061,-0.0000401080,0.0003927587,0.9999999404,0,-14.0,-567.4,1895.3,0,-189.7,-169.2,1616.2,1,2.0,-168.2,1594.8,1,-202.2,-958.0,1888.3,0,-14.5,-959.8,1895.1,0,
15,0.9992687106,0.0190679505,-0.0330790095,-0.0098449942,0.9657473564,0.2592937052,0.0368901342,-0.2587784529,0.9652324319,1,-98.4,445.5,1753.5,1,0.9992687106,0.0190679505,-0.0330790095,-0.0098449942,0.9657473564,0.2592937052,0.0368901342,-0.2587784529,0.9652324319,1,-102.4,240.6,1808.4,1,0.9992556572,0.0178609174,-0.0341294557,-0.0105307214,0.9789179564,0.2039773166,0.0370531231,-0.2034661025,0.9783810973,1,-106.0,40.9,1849.9,1,0.2806171179,-0.6879010201,-0.6693626046,0.9589325190,0.2309122235,0.1647061408,0.0412624888,-0.6880929470,0.7244485021,1,-241.1,242.1,1803.3,1,-0.4758150280,-0.6879009008,-0.5480805635,0.5724260211,0.2309121341,-0.7867706418,0.6677786112,-0.6880928278,0.2839009762,1,-316.5,-15.5,1792.2,1,0.2890585959,0.6927099824,0.6607556343,-0.9494707584,0.2956074476,0.1054587066,-0.1222719997,-0.6578518748,0.7431557178,1,36.3,239.1,1813.6,1,-0.4230736792,0.6927100420,0.5840903521,-0.5721626878,0.2956074178,-0.7650138140,-0.7025941610,-0.6578519344,0.2712790966,1,113.9,-15.8,1780.7,1,1.0000000000,0.0000000000,-0.0000000000,-0.0000000000,1.0000000000,-0.0000000000,0.0000000000,0.0000000000,1.0000000000,0,-203.8,-157.9,1888.0,1,1.0000000000,0.0000000000,-0.0000000000,-0.0000000000,1.0000000000,-0.0000000000,0.0000000000,0.0000000000,1.0000000000,0,-203.8,-565.9,1888.0,0,1.0000000000,0.0000014616,0.0000000490,-0.0000014616,1.0000000000,-0.0000004829,-0.0000000490,0.0000004829,1.0000000000,0,-15.6,-159.8,1895.0,1,0.9999994040,0.0010699710,0.0000356980,-0.0010699584,0.9999993443,-0.0003535234,-0.0000360762,0.0003534849,0.9999999404,0,-15.6,-567.9,1895.0,0,-189.5,-168.2,1614.0,1,1.1,-168.5,1593.3,1,-203.8,-958.3,1888.0,0,-16.0,-960.3,1894.8,0,
16,0.9992669225,0.0172369499,-0.0341188386,-0.0077000684,0.9650300145,0.2620224655,0.0374421440,-0.2615677714,0.9644590020,1,-98.6,446.4,1753.0,1,0.9992669225,0.0172369499,-0.0341188386,-0.0077000684,0.9650300145,0.2620224655,0.0374421440,-0.2615677714,0.9644590020,1,-102.2,241.6,1808.5,1,0.9992156625,0.0181031264,-0.0351561010,-0.0105201006,0.9787102938,0.2049718052,0.0381182358,-0.2044412494,0.9781368375,1,-105.9,41.9,1850.3,1,0.2809958160,-0.6853468418,-0.6718192697,0.9587730765,0.2313777953,0.1649806499,0.0423750803,-0.6904811263,0.7221082449,1,-240.9,243.0,1803.3,1,-0.4789644182,-0.6853469014,-0.5485370755,0.5710036755,0.2313778102,-0.7876670361,0.6667442918,-0.6904811859,0.2805138230,1,-316.7,-15.5,1791.8,1,0.2871913016,0.6895783544,0.6648328304,-0.9493059516,0.2975229621,0.1014796421,-0.1278248727,-0.6602737904,0.7400670052,1,36.5,240.1,1813.8,1,-0.4244276881,0.6895785928,0.5868072510,-0.5727095008,0.2975230515,-0.7638612986,-0.7013309002,-0.6602739692,0.2686511576,1,113.9,-15.7,1779.4,1,1.0000000000,0.0000000000,-0.0000000000,-0.0000000000,1.0000000000,-0.0000000000,0.0000000000,0.0000000000,1.0000000000,0,-203.7,-156.8,1888.4,1,1.0000000000,0.0000000000,-0.0000000000,-0.0000000000,1.0000000000,-0.0000000000,0.0000000000,0.0000000000,1.0000000000,0,-203.7,-564.9,1888.4,0,1.0000000000,0.0000011693,0.0000000392,-0.0000011693,1.0000000000,-0.0000003863,-0.0000000392,0.0000003863,1.0000000000,0,-15.5,-158.8,1895.6,1,0.9999995232,0.0009629734,0.0000321452,-0.0009629632,0.9999994636,-0.0003181693,-0.0000324516,0.0003181382,0.9999999404,0,-15.5,-566.9,1895.6,0,-188.9,-167.8,1613.9,1,0.6,-168.5,1592.3,1,-203.7,-957.3,1888.4,0,-15.9,-959.2,1895.4,0,
17,0.9992992878,0.0183953680,-0.0325291641,-0.0088016856,0.9618220925,0.2735301554,0.0363189280,-0.2730522454,0.9613137841,1,-98.9,443.4,1749.8,1,0.9992992878,0.0183953680,-0.0325291641,-0.0088016856,0.9618220925,0.2735301554,0.0363189280,-0.2730522454,0.9613137841,1,-102.9,238.9,1807.9,1,0.9992411137,0.0194228273,-0.0336972214,-0.0117825409,0.9768376350,0.2136523575,0.0370664112,-0.2130932510,0.9763289690,1,-106.8,39.6,1851.3,1,0.2822541893,-0.6854943037,-0.6711409092,0.9584814906,0.2310874611,0.1670681834,0.0405679606,-0.6904318333,0.7222590446,1,-241.6,240.6,1802.7,1,-0.4799799323,-0.6854942441,-0.5474640727,0.5696186423,0.2310874611,-0.7887541652,0.6671985984,-0.6904319525,0.2795529664,1,-316.8,-14.8,1791.9,1,0.2934698462,0.6860917211,0.6656977534,-0.9474877119,0.3013021648,0.1071629822,-0.1270525604,-0.6621895432,0.7384866476,1,35.9,237.3,1813.0,1,-0.4244211912,0.6860917807,0.5908846855,-0.5734999776,0.3013021946,-0.7617839575,-0.7006885409,-0.6621896029,0.2655945420,1,114.0,-14.9,1779.2,1,1.0000000000,0.0000000000,-0.0000000000,-0.0000000000,1.0000000000,-0.0000000000,0.0000000000,0.0000000000,1.0000000000,0,-204.9,-158.6,1891.3,1,1.0000000000,0.0000000000,-0.0000000000,-0.0000000000,1.0000000000,-0.0000000000,0.0000000000,0.0000000000,1.0000000000,0,-204.9,-566.6,1891.3,0,1.0000000000,0.0000009354,0.0000000314,-0.0000009354,1.0000000000,-0.0000003091,-0.0000000314,0.0000003091,1.0000000000,0,-16.7,-160.8,1898.3,1,0.9999996424,0.0008666756,0.0000289445,-0.0008666673,0.9999995828,-0.0002863510,-0.0000291926,0.0002863258,0.9999999404,0,-16.7,-568.8,1898.3,0,-188.7,-166.8,1613.9,1,0.7,-167.9,1592.2,1,-204.9,-959.0,1891.3,0,-17.0,-961.2,1898.2,0,
18,0.9993157983,0.0172340889,-0.0326571055,-0.0072580110,0.9588235617,0.2839064002,0.0362052433,-0.2834752500,0.9582962990,1,-99.1,443.3,1747.2,1,0.9993157983,0.0172340889,-0.0326571055,-0.0072580110,0.9588235617,0.2839064002,0.0362052433,-0.2834752500,0.9582962990,1,-102.8,239.1,1807.6,1,0.9992183447,0.0201997589,-0.0339160487,-0.0122958524,0.9756807685,0.2188467383,0.0375118516,-0.2182587236,0.9751701951,1,-106.9,40.1,1852.1,1,0.2778871655,-0.6870409846,-0.6713817716,0.9596147537,0.2304064333,0.1614074111,0.0437971689,-0.6891208887,0.7233216763,1,-241.5,240.8,1802.4,1,-0.4805038571,-0.6870409250,-0.5450603366,0.5673554540,0.2304064035,-0.7905825377,0.6687479019,-0.6891208887,0.2790852487,1,-316.1,-16.8,1790.6,1,0.2895632386,0.6839040518,0.6696480513,-0.9478924274,0.3020094335,0.1014404371,-0.1328644753,-0.6641277075,0.7357183695,1,35.9,237.4,1812.8,1,-0.4269409478,0.6839040518,0.5916052461,-0.5724833012,0.3020094335,-0.7622684836,-0.6999887824,-0.6641277075,0.2625834048,1,113.6,-16.8,1777.1,1,1.0000000000,0.0000000000,-0.0000000000,-0.0000000000,1.0000000000,-0.0000000000,0.0000000000,0.0000000000,1.0000000000,0,-205.1,-157.8,1893.1,1,1.0000000000,0.0000000000,-0.0000000000,-0.0000000000,1.0000000000,-0.0000000000,0.0000000000,0.0000000000,1.0000000000,0,-205.1,-565.9,1893.1,0,1.0000000000,0.0000007483,0.0000000251,-0.0000007483,1.0000000000,-0.0000002472,-0.0000000251,0.0000002472,1.0000000000,0,-16.9,-160.2,1900.2,1,0.9999997020,0.0007800076,0.0000260612,-0.0007800009,0.9999996424,-0.0002577147,-0.0000262622,0.0002576943,0.9999999404,0,-16.9,-568.2,1900.2,0,-187.9,-168.2,1612.2,1,-0.3,-169.5,1590.4,1,-205.1,-958.3,1893.1,0,-17.2,-960.6,1900.1,0,
19,0.9994205832,0.0134883113,-0.0311807245,-0.0039345473,0.9575825930,0.2881286740,0.0337444544,-0.2878391743,0.9570844769,1,-100.0,442.3,1746.4,1,0.9994205832,0.0134883113,-0.0311807245,-0.0039345473,0.9575825930,0.2881286740,0.0337444544,-0.2878391743,0.9570844769,1,-102.8,238.5,1807.7,1,0.9993606210,0.0154745551,-0.0321628451,-0.0079315621,0.9748767018,0.2225995064,0.0347993933,-0.2222021669,0.9743798971,1,-106.0,39.6,1853.0,1,0.2781893611,-0.6835575104,-0.6748036742,0.9593015909,0.2331863195,0.1592629999,0.0484895520,-0.6916455030,0.7206076980,1,-241.6,239.6,1802.8,1,-0.4807830751,-0.6835574508,-0.5491783619,0.5691264868,0.2331863046,-0.7884916663,0.6670402884,-0.6916453838,0.2769186199,1,-316.0,-17.1,1789.9,1,0.2907539904,0.6813029051,0.6717800498,-0.9474632144,0.3028517067,0.1029280275,-0.1333245635,-0.6664136052,0.7335649133,1,35.9,237.4,1812.5,1,-0.4259285927,0.6813029647,0.5953244567,-0.5763972402,0.3028517365,-0.7589776516,-0.6973886490,-0.6664136648,0.2637079656,1,113.5,-15.6,1776.9,1,1.0000000000,0.0000000000,-0.0000000000,-0.0000000000,1.0000000000,-0.0000000000,0.0000000000,0.0000000000,1.0000000000,0,-203.3,-158.6,1895.1,1,1.0000000000,0.0000000000,-0.0000000000,-0.0000000000,1.0000000000,-0.0000000000,0.0000000000,0.0000000000,1.0000000000,0,-203.3,-566.7,1895.1,0,1.0000000000,0.0000005987,0.0000000201,-0.0000005987,1.0000000000,-0.0000001978,-0.0000000201,0.0000001978,1.0000000000,0,-15.1,-160.1,1901.6,1,0.9999997616,0.0007020066,0.0000234641,-0.0007020011,0.9999997020,-0.0002319423,-0.0000236269,0.0002319258,1.0000000000,0,-15.1,-568.2,1901.6,0,-187.7,-168.9,1611.9,1,-0.1,-169.4,1590.8,1,-203.3,-959.0,1895.1,0,-15.3,-960.5,1901.5,0,
20,0.9995719790,0.0122451754,-0.0264827237,-0.0039871419,0.9564781785,0.2917735577,0.0289029088,-0.2915432453,0.9561213255,1,-100.4,442.5,1745.5,1,0.9995719790,0.0122451754,-0.0264827237,-0.0039871419,0.9564781785,0.2917735577,0.0289029088,-0.2915432453,0.9561213255,1,-103.1,238.7,1807.6,1,0.9995476007,0.0123802433,-0.0273275580,-0.0059004836,0.9742158651,0.2255363017,0.0294150710,-0.2252731323,0.9738520384,1,-105.6,40.0,1853.6,1,0.2758231461,-0.6801362038,-0.6792175174,0.9596444964,0.2351432443,0.1542403549,0.0548089705,-0.6943504214,0.7175468802,1,-241.8,239.5,1803.5,1,-0.4808548987,-0.6801362038,-0.5533474684,0.5718379617,0.2351432741,-0.7859447002,0.6646653414,-0.6943504810,0.2758578658,1,-315.5,-16.7,1788.9,1,0.2907287478,0.6826332211,0.6704391837,-0.9476385713,0.3021961451,0.1032407805,-0.1321285218,-0.6653490663,0.7347466946,1,35.7,237.9,1811.7,1,-0.4243205190,0.6826332808,0.5949487090,-0.5773576498,0.3021960855,-0.7585089207,-0.6975744963,-0.6653491259,0.2658955455,1,113.5,-15.9,1776.3,1,1.0000000000,0.0000000000,-0.0000000000,-0.0000000000,1.0000000000,-0.0000000000,0.0000000000,0.0000000000,1.0000000000,0,-202.2,-158.3,1896.8,1,1.0000000000,0.0000000000,-0.0000000000,-0.0000000000,1.0000000000,-0.0000000000,0.0000000000,0.0000000000,1.0000000000,0,-202.2,-566.3,1896.8,0,1.0000000000,0.0000004789,0.0000000161,-0.0000004789,1.0000000000,-0.0000001582,-0.0000000161,0.0000001582,1.0000000000,0,-14.0,-159.4,1902.3,1,0.9999998212,0.0006318056,0.0000211250,-0.0006318012,0.9999997616,-0.0002087474,-0.0000212569,0.0002087340,1.0000000000,0,-14.0,-567.4,1902.3,0,-187.2,-169.3,1611.5,1,0.3,-169.9,1590.2,1,-202.2,-958.7,1896.8,0,-14.2,-959.8,1902.2,0,
21,0.9995750189,0.0090575106,-0.0276274607,-0.0006681369,0.9571390152,0.2896248102,0.0290665515,-0.2894833982,0.9567420483,1,-101.6,442.7,1746.1,1,0.9995750189,0.0090575106,-0.0276274607,-0.0006681369,0.9571390152,0.2896248102,0.0290665515,-0.2894833982,0.9567420483,1,-103.5,239.4,1807.6,1,0.9995408654,0.0106132589,-0.0283013731,-0.0040231422,0.9747082591,0.2234406471,0.0299569536,-0.2232242972,0.9743071795,1,-105.7,40.5,1853.1,1,0.2714715004,-0.6849973798,-0.6760782599,0.9606387019,0.2358842343,0.1467373818,0.0589614846,-0.6893019676,0.7220708728,1,-242.3,239.9,1803.4,1,-0.4746579826,-0.6849974394,-0.5527009964,0.5732759833,0.2358842343,-0.7846740484,0.6678730845,-0.6893020272,0.2807282209,1,-315.0,-17.3,1787.6,1,0.2917981148,0.6821948886,0.6704207659,-0.9470820427,0.3040913045,0.1027820408,-0.1337517500,-0.6649351120,0.7348277569,1,35.2,238.8,1811.7,1,-0.4224426448,0.6821948886,0.5967850089,-0.5783424377,0.3040912747,-0.7569997311,-0.6978983879,-0.6649350524,0.2660811543,1,113.6,-15.5,1775.8,1,1.0000000000,0.0000000000,-0.0000000000,-0.0000000000,1.0000000000,-0.0000000000,0.0000000000,0.0000000000,1.0000000000,0,-202.0,-158.0,1895.9,1,1.0000000000,0.0000000000,-0.0000000000,-0.0000000000,1.0000000000,-0.0000000000,0.0000000000,0.0000000000,1.0000000000,0,-202.0,-566.1,1895.9,0,1.0000000000,0.0000003832,0.0000000129,-0.0000003832,1.0000000000,-0.0000001266,-0.0000000129,0.0000001266,1.0000000000,0,-13.7,-158.8,1901.5,1,0.9999998212,0.0005686249,0.0000190185,-0.0005686213,0.9999998212,-0.0001878720,-0.0000191253,0.0001878612,1.0000000000,0,-13.7,-566.8,1901.5,0,-188.3,-170.3,1609.4,1,0.9,-169.8,1589.6,1,-202.0,-958.4,1895.9,0,-13.9,-959.2,1901.4,0,
22,0.9996292591,0.0087427907,-0.0256985016,-0.0004942499,0.9524158239,0.3047984242,0.0271403920,-0.3046729267,0.9520706534,1,-101.6,442.9,1741.3,1,0.9996292591,0.0087427907,-0.0256985016,-0.0004942499,0.9524158239,0.3047984242,0.0271403920,-0.3046729267,0.9520706534,1,-103.5,240.2,1806.2,1,0.9995868206,0.0111269979,-0.0264186710,-0.0046074577,0.9719713330,0.2350500971,0.0282935258,-0.2348314077,0.9716247320,1,-105.7,41.9,1854.1,1,0.2679968178,-0.6882807016,-0.6741272211,0.9615172148,0.2350362688,0.1422767639,0.0605179965,-0.6863147020,0.7247826457,1,-242.2,240.8,1802.3,1,-0.4707958400,-0.6882805824,-0.5519247651,0.5750529170,0.2350361943,-0.7836275101,0.6690779328,-0.6863145232,0.2851437032,1,-314.3,-17.7,1786.0,1,0.2927372158,0.6853111386,0.6668234468,-0.9474487305,0.3019844294,0.1055755392,-0.1290182024,-0.6626869440,0.7376993299,1,35.3,239.5,1810.1,1,-0.4186395407,0.6853111982,0.5958939195,-0.5812258720,0.3019843996,-0.7556334734,-0.6977947354,-0.6626870632,0.2718979418,1,113.8,-14.7,1775.5,1,1.0000000000,0.0000000000,-0.0000000000,-0.0000000000,1.0000000000,-0.0000000000,0.0000000000,0.0000000000,1.0000000000,0,-202.1,-156.0,1899.3,1,1.0000000000,0.0000000000,-0.0000000000,-0.0000000000,1.0000000000,-0.0000000000,0.0000000000,0.0000000000,1.0000000000,0,-202.1,-564.1,1899.3,0,1.0000000000,0.0000003065,0.0000000103,-0.0000003065,1.0000000000,-0.0000001013,-0.0000000103,0.0000001013,1.0000000000,0,-13.9,-156.9,1904.7,1,0.9999998808,0.0005117622,0.0000171214,-0.0005117593,0.9999998808,-0.0001690843,-0.0000172080,0.0001690756,1.0000000000,0,-13.9,-564.9,1904.7,0,-188.7,-171.1,1607.5,1,2.1,-169.7,1589.3,1,-202.1,-956.4,1899.3,0,-14.1,-957.3,1904.6,0,
23,0.9997731447,0.0106512224,-0.0183217507,-0.0041999952,0.9469563365,0.3213316202,0.0207723938,-0.3211820424,0.9467899799,1,-102.6,441.3,1736.5,1,0.9997731447,0.0106512224,-0.0183217507,-0.0041999952,0.9469563365,0.3213316202,0.0207723938,-0.3211820424,0.9467899799,1,-104.9,239.4,1805.0,1,0.9997367263,0.0123344064,-0.0192319099,-0.0072383033,0.9693810344,0.2454506457,0.0216704439,-0.2452470064,0.9692188501,1,-107.4,41.6,1855.0,1,0.2614790797,-0.6895006895,-0.6754387617,0.9630571008,0.2330754697,0.1348954439,0.0644177124,-0.6857584715,0.7249729037,1,-243.7,240.4,1802.0,1,-0.4686603248,-0.6895006895,-0.5522194505,0.5783057213,0.2330755293,-0.7818173170,0.6677723527,-0.6857584715,0.2895089686,1,-313.8,-17.7,1784.7,1,0.2972633243,0.6870998740,0.6629693508,-0.9466416836,0.3026440442,0.1107972711,-0.1245149150,-0.6605303884,0.7404024005,1,33.9,238.4,1808.0,1,-0.4132969677,0.6870999336,0.5975612402,-0.5848972201,0.3026441038,-0.7525303364,-0.6979118586,-0.6605304480,0.2768009305,1,113.4,-14.8,1774.7,1,1.0000000000,0.0000000000,-0.0000000000,-0.0000000000,1.0000000000,-0.0000000000,0.0000000000,0.0000000000,1.0000000000,0,-204.1,-155.5,1903.0,1,1.0000000000,0.0000000000,-0.0000000000,-0.0000000000,1.0000000000,-0.0000000000,0.0000000000,0.0000000000,1.0000000000,0,-204.1,-563.5,1903.0,0,1.0000000000,0.0000002452,0.0000000082,-0.0000002452,1.0000000000,-0.0000000810,-0.0000000082,0.0000000810,1.0000000000,0,-15.8,-156.8,1907.1,1,0.9999998808,0.0004605859,0.0000154132,-0.0004605835,0.9999998808,-0.0001521755,-0.0000154833,0.0001521684,1.0000000000,0,-15.8,-564.9,1907.1,0,-188.7,-172.0,1606.5,1,3.1,-170.9,1588.5,1,-204.1,-955.9,1903.0,0,-16.0,-957.3,1907.0,0,
