1,0.9979895353,0.0119844051,-0.0622316450,0.0092300875,0.9440008998,0.3298122287,0.0626991391,-0.3297237158,0.9419927597,1,-61.1,445.2,1761.2,1,0.9979895353,0.0119844051,-0.0622316450,0.0092300875,0.9440008998,0.3298122287,0.0626991391,-0.3297237158,0.9419927597,1,-63.7,246.3,1830.6,1,0.9979274273,0.0140966065,-0.0627830923,0.0047004810,0.9571309686,0.2896156609,0.0641740486,-0.2893106937,0.9550812840,1,-66.5,54.1,1888.7,1,-0.0140906302,-0.6720699668,-0.7403535843,0.9213221669,0.2789909542,-0.2707941830,0.3885445893,-0.6859198213,0.6152617931,1,-202.7,245.7,1821.7,1,-0.6145083904,-0.6720699668,-0.4131602943,0.3067058921,0.2789909840,-0.9099976420,0.7268499136,-0.6859198809,0.0346855260,1,-198.1,-54.5,1695.1,1,0.3061229885,0.6190544367,0.7232292295,-0.9488160610,0.2604030967,0.1787133515,-0.0776978359,-0.7409197688,0.6670840383,1,75.3,247.0,1839.6,1,-0.6441716552,0.6190543771,0.4492378235,-0.3712982833,0.2604031265,-0.8912507892,-0.6687155366,-0.7409197092,0.0621095374,1,156.0,-3.0,1819.1,1,0.9820911288,0.0332595818,0.1854481846,0.0301782005,0.9438171387,-0.3290875852,-0.1859744936,0.3287904859,0.9259105921,1,-161.8,-138.5,1940.9,1,0.9820910096,0.0332595855,0.1854481995,0.0301780831,0.9438171983,-0.3290870786,-0.1859745085,0.3287898898,0.9259107709,1,-175.2,-517.6,1808.8,1,0.6822025776,-0.2296584845,0.6941589117,0.3886254132,0.9180718064,-0.0781929195,-0.6193301082,0.3231112063,0.7155622244,1,23.2,-137.6,1952.8,1,-0.9508893490,-0.2296584547,0.2075245082,-0.1408644021,0.9180718660,0.3705418110,-0.2756204605,0.3231114745,-0.9053354859,1,115.4,-506.4,1823.0,1,-17.0,-144.9,1480.9,1,-13.7,-100.8,1643.0,1,-188.0,-882.1,1681.9,1,204.1,-860.9,1698.2,1,
2,0.9982397556,0.0099671362,-0.0584587343,0.0098137818,0.9444173574,0.3286007643,0.0584844537,-0.3285962641,0.9426575899,1,-61.9,447.6,1761.6,1,0.9982397556,0.0099671362,-0.0584587343,0.0098137818,0.9444173574,0.3286007643,0.0584844537,-0.3285962641,0.9426575899,1,-64.0,247.6,1831.2,1,0.9981636405,0.0137716541,-0.0589839816,0.0037119249,0.9580707550,0.2865059078,0.0604562946,-0.2861989141,0.9562606812,1,-66.8,55.2,1888.7,1,-0.0122209061,-0.6705517769,-0.7417620420,0.9210958481,0.2811460793,-0.2693311572,0.3891439736,-0.6865254045,0.6142066717,1,-203.0,247.1,1822.8,1,-0.6157743335,-0.6705518365,-0.4137417674,0.3051757812,0.2811460793,-0.9098486900,0.7264225483,-0.6865254641,0.0315136164,1,-199.0,-55.2,1695.1,1,0.3104502857,0.6196536422,0.7208676338,-0.9476788044,0.2610514760,0.1837309599,-0.0743339881,-0.7401903272,0.6682760715,1,75.0,248.1,1839.6,1,-0.6421801448,0.6196536422,0.4512583911,-0.3735812604,0.2610514462,-0.8901063204,-0.6693592072,-0.7401902676,0.0638489127,1,156.8,-1.6,1820.0,1,0.9884864092,0.0216356572,0.1497547030,0.0191480722,0.9638803601,-0.2656464279,-0.1500930488,0.2654553950,0.9523683786,0,-162.1,-137.5,1940.6,1,0.9854591489,0.0271468498,0.1677299291,0.0243601687,0.9543834925,-0.2975881994,-0.1681572646,0.2973469198,0.9398446083,0,-170.8,-524.7,1833.9,0,0.6786189675,-0.2329465896,0.6965718269,0.3897873759,0.9180278778,-0.0727357566,-0.6225287318,0.3208746910,0.7137907743,1,23.0,-136.8,1951.8,1,-0.9505215287,-0.2329465598,0.2055352479,-0.1451983452,0.9180278778,0.3689745963,-0.2746384442,0.3208748996,-0.9064287543,1,116.5,-505.5,1822.9,1,-17.5,-145.2,1481.0,1,-12.3,-100.0,1643.7,1,-181.2,-893.2,1719.1,0,206.5,-860.1,1699.0,1,
3,0.9984505177,0.0097958231,-0.0547729954,0.0088888723,0.9436582327,0.3308007121,0.0549272522,-0.3307752609,0.9421094060,1,-61.8,446.3,1761.4,1,0.9984505177,0.0097958231,-0.0547729954,0.0088888723,0.9436582327,0.3308007121,0.0549272522,-0.3307752609,0.9421094060,1,-63.9,247.5,1831.1,1,0.9983962178,0.0123080602,-0.0552537851,0.0042192717,0.9571817517,0.2894550562,0.0564503483,-0.2892241478,0.9555951357,1,-66.4,55.3,1889.1,1,-0.0120331785,-0.6684376001,-0.7436709404,0.9204823971,0.2831141055,-0.2693670392,0.3905987740,-0.6877773404,0.6118782759,1,-203.0,246.9,1823.2,1,-0.6166547537,-0.6684376001,-0.4158462882,0.3060629666,0.2831141055,-0.9089400172,0.7253015637,-0.6877773404,0.0300003290,1,-199.0,-55.1,1695.0,1,0.3072060943,0.6158001423,0.7255442739,-0.9485052228,0.2599961460,0.1809412837,-0.0772150308,-0.7437688112,0.6639621258,1,75.2,248.1,1838.9,1,-0.6458060145,0.6158003211,0.4513587952,-0.3742157519,0.2599961758,-0.8901486397,-0.6655053496,-0.7437689304,0.0625350550,1,156.2,-2.1,1818.6,1,0.9812953472,-0.0046403306,0.1924522817,0.0683554113,0.9429640174,-0.3258012235,-0.1799637526,0.3328623772,0.9256433845,1,-161.4,-137.3,1942.0,1,0.9812954068,-0.0046403985,0.1924522668,0.0683555678,0.9429638982,-0.3258016407,-0.1799636781,0.3328628540,0.9256432652,1,-159.5,-515.7,1808.4,1,0.6775361300,-0.2280549556,0.6992394924,0.3855919838,0.9197245836,-0.0736582577,-0.6263096333,0.3195272982,0.7110828161,1,23.7,-136.6,1952.5,1,-0.9524822831,-0.2280549854,0.2019120902,-0.1426854432,0.9197244644,0.3657155037,-0.2691067457,0.3195276260,-0.9085612893,1,115.3,-505.9,1824.1,1,-17.6,-145.2,1481.6,1,-13.9,-100.7,1643.3,1,-157.7,-879.6,1680.0,1,203.3,-861.1,1700.7,1,
4,0.9983562827,0.0086888429,-0.0566459484,0.0105979815,0.9433987737,0.3314896822,0.0563197769,-0.3315453231,0.9417563677,1,-62.1,446.9,1760.7,1,0.9983562827,0.0086888429,-0.0566459484,0.0105979815,0.9433987737,0.3314896822,0.0563197769,-0.3315453231,0.9417563677,1,-64.0,248.2,1830.6,1,0.9983187914,0.0102256509,-0.0570482425,0.0068343445,0.9566748142,0.2910766006,0.0575528666,-0.2909773290,0.9549969435,1,-66.0,56.1,1889.0,1,-0.0107027423,-0.6701936722,-0.7421090603,0.9225096107,0.2797396779,-0.2659355402,0.3858256638,-0.6874489784,0.6152661443,1,-203.0,247.3,1822.5,1,-0.6148590446,-0.6701937318,-0.4156786203,0.3094983399,0.2797396779,-0.9088214636,0.7253682613,-0.6874489784,0.0354233831,1,-199.5,-54.1,1696.5,1,0.3041791320,0.6160092950,0.7266413569,-0.9496041536,0.2566733658,0.1799190044,-0.0756777078,-0.7447492480,0.6630395651,1,75.1,249.2,1838.6,1,-0.6474754214,0.6160092354,0.4486738741,-0.3735099137,0.2566733360,-0.8914086223,-0.6642783880,-0.7447493076,0.0638958812,1,155.6,-2.2,1818.5,1,0.9810725451,0.0236512832,0.1921905577,0.0416967794,0.9434268475,-0.3289485872,-0.1890977919,0.3307361901,0.9245839715,1,-160.6,-136.7,1942.1,1,0.9810725451,0.0236512907,0.1921905577,0.0416967794,0.9434268475,-0.3289486468,-0.1890977919,0.3307362497,0.9245839715,1,-170.1,-515.3,1809.4,1,0.6841208935,-0.2116176784,0.6979947090,0.3783753812,0.9211093783,-0.0915929228,-0.6235469580,0.3267645240,0.7102212906,1,24.5,-135.4,1952.8,1,-0.9564347267,-0.2116177082,0.2011234909,-0.1263702959,0.9211095572,0.3682223856,-0.2631791234,0.3267646134,-0.9077233672,1,109.4,-505.3,1821.5,1,-18.0,-145.4,1482.4,1,-14.9,-100.6,1643.6,1,-179.2,-879.3,1681.7,1,191.1,-860.9,1695.4,1,
5,0.9983385801,0.0080346614,-0.0570522025,0.0113897659,0.9431640506,0.3321307302,0.0564779453,-0.3322289586,0.9415059686,1,-62.3,445.2,1760.9,1,0.9983385801,0.0080346614,-0.0570522025,0.0113897659,0.9431640506,0.3321307302,0.0564779453,-0.3322289586,0.9415059686,1,-64.0,246.9,1830.8,1,0.9983081222,0.0090311877,-0.0574350357,0.0079969810,0.9571436048,0.2895014584,0.0575879253,-0.2894711792,0.9554524422,1,-65.8,54.6,1888.9,1,-0.0116310772,-0.6659247875,-0.7459282875,0.9198218584,0.2854403555,-0.2691683769,0.3921639323,-0.6892518997,0.6092121005,1,-203.1,245.7,1822.8,1,-0.6168279648,-0.6659246683,-0.4196040034,0.3089871109,0.2854403555,-0.9072214961,0.7239130139,-0.6892517805,0.0296945609,1,-199.3,-54.5,1694.8,1,0.3098368943,0.6128767133,0.7268997431,-0.9478477240,0.2591984272,0.1854747087,-0.0747381598,-0.7464572191,0.6612229943,1,75.0,248.0,1838.8,1,-0.6491301060,0.6128766537,0.4505687952,-0.3735078573,0.2591984272,-0.8906784058,-0.6626627445,-0.7464571595,0.0606607646,1,156.6,-1.5,1819.2,1,0.9805302024,0.0392288715,0.1924102157,0.0281493030,0.9416432381,-0.3354335427,-0.1943404526,0.3343189061,0.9222053289,1,-160.2,-138.3,1941.7,1,0.9805303216,0.0392289050,0.1924102157,0.0281492695,0.9416432977,-0.3354335725,-0.1943404824,0.3343189359,0.9222053885,1,-175.9,-516.3,1807.5,1,0.6850822568,-0.2095251232,0.6976830363,0.3766994178,0.9216441512,-0.0931117237,-0.6235061288,0.3266060054,0.7103300095,1,24.9,-136.8,1952.4,1,-0.9568731785,-0.2095251083,0.2012287825,-0.1245235577,0.9216440916,0.3675135076,-0.2624646127,0.3266060948,-0.9079871774,1,109.0,-507.0,1821.2,1,-18.2,-145.2,1482.2,1,-14.4,-99.8,1644.6,1,-191.1,-879.8,1678.5,1,189.9,-862.9,1695.1,1,
6,0.9982423782,0.0052814735,-0.0590220392,0.0145827439,0.9434949756,0.3310644329,0.0574353039,-0.3313435316,0.9417600632,1,-63.4,446.4,1761.5,1,0.9982423782,0.0052814735,-0.0590220392,0.0145827439,0.9434949756,0.3310644329,0.0574353039,-0.3313435316,0.9417600632,1,-64.5,247.4,1831.4,1,0.9982044697,0.0081615010,-0.0593348667,0.0092165926,0.9579407573,0.2868163288,0.0591799431,-0.2868484557,0.9561458826,1,-66.1,55.0,1889.0,1,-0.0149232969,-0.6625149250,-0.7489001155,0.9177886248,0.2881453037,-0.2731966078,0.3967888653,-0.6914090514,0.6037485600,1,-203.5,246.1,1823.2,1,-0.6192677021,-0.6625148654,-0.4214042425,0.3085940778,0.2881452739,-0.9064998627,0.7219952941,-0.6914089322,0.0260090977,1,-198.6,-55.3,1692.9,1,0.3127157390,0.6116528511,0.7266978025,-0.9468530416,0.2614327669,0.1874091029,-0.0753533170,-0.7466818094,0.6608995199,1,74.5,248.7,1839.7,1,-0.6503316760,0.6116528511,0.4504992366,-0.3712969720,0.2614327371,-0.8909497261,-0.6627272367,-0.7466818094,0.0570868179,1,157.2,-1.5,1819.8,1,0.9807782173,0.0362817571,0.1917230636,0.0296265893,0.9434800744,-0.3301023841,-0.1928635836,0.3294372857,0.9242698550,1,-160.3,-138.2,1941.1,1,0.9807782173,0.0362817533,0.1917230636,0.0296266638,0.9434798956,-0.3301027417,-0.1928635538,0.3294376135,0.9242697954,1,-174.9,-517.0,1808.9,1,0.6840751171,-0.2161923796,0.6966360807,0.3792809248,0.9212245345,-0.0865515172,-0.6230465174,0.3234285116,0.7121845484,1,24.7,-136.5,1952.1,1,-0.9550071359,-0.2161924243,0.2030324638,-0.1306404620,0.9212245941,0.3664399981,-0.2662600577,0.3234285712,-0.9080196023,1,111.6,-506.5,1822.2,1,-18.1,-145.3,1482.4,1,-14.1,-99.3,1645.2,1,-188.9,-881.3,1681.7,1,195.0,-862.2,1697.3,1,
7,0.9980545640,0.0043741148,-0.0621881559,0.0165278092,0.9432748556,0.3315998912,0.0601107851,-0.3319828808,0.9413678646,1,-62.7,445.9,1761.3,1,0.9980545640,0.0043741148,-0.0621881559,0.0165278092,0.9432748556,0.3315998912,0.0601107851,-0.3319828808,0.9413678646,1,-63.6,247.2,1831.2,1,0.9980196357,0.0075104944,-0.0624483116,0.0109447250,0.9569624066,0.2900036871,0.0619385689,-0.2901131213,0.9549854994,1,-65.1,55.0,1889.5,1,-0.0130889080,-0.6612215042,-0.7500765324,0.9179098010,0.2895656228,-0.2712809443,0.3965731561,-0.6920533776,0.6031516194,1,-202.6,245.7,1822.6,1,-0.6201456189,-0.6612216234,-0.4221439958,0.3081254661,0.2895656228,-0.9062066674,0.7214417458,-0.6920533776,0.0241663456,1,-198.3,-55.6,1692.4,1,0.3081142306,0.6023156643,0.7363977432,-0.9475405812,0.2634872198,0.1809460521,-0.0850447640,-0.7535187602,0.6519025564,1,75.4,248.7,1839.9,1,-0.6561093926,0.6023156643,0.4546828270,-0.3742621541,0.2634872794,-0.8891020417,-0.6553230882,-0.7535188198,0.0525474697,1,156.8,-1.7,1817.4,1,0.9876411557,0.0238750763,0.1549028009,0.0185012855,0.9636600018,-0.2664902806,-0.1556361169,0.2660626769,0.9513086081,0,-159.1,-138.1,1942.0,1,0.9843924046,0.0297674965,0.1734517366,0.0237484705,0.9541071653,-0.2985222042,-0.1743778139,0.2979821861,0.9385089278,0,-168.7,-525.2,1835.2,0,0.6866612434,-0.2135241181,0.6949127316,0.3788044453,0.9209595323,-0.0913254023,-0.6204864383,0.3259456456,0.7132712603,1,25.9,-136.1,1953.5,1,-0.9554176331,-0.2135241479,0.2039226294,-0.1272124350,0.9209597111,0.3683070838,-0.2664469779,0.3259455860,-0.9070641994,1,111.6,-506.0,1822.6,1,-18.0,-145.2,1482.6,1,-16.0,-100.2,1644.8,1,-180.2,-893.7,1720.1,0,194.1,-861.6,1696.7,1,
8,0.9980725050,0.0035967831,-0.0619501434,0.0174255557,0.9419046044,0.3354267180,0.0595573857,-0.3358598948,0.9400267601,1,-62.2,446.5,1760.2,1,0.9980725050,0.0035967831,-0.0619501434,0.0174255557,0.9419046044,0.3354267180,0.0595573857,-0.3358598948,0.9400267601,1,-62.9,248.0,1831.0,1,0.9980410933,0.0068305484,-0.0621830523,0.0117145367,0.9560298324,0.2930336595,0.0614502430,-0.2931883037,0.9540774226,1,-64.3,56.0,1889.9,1,-0.0084248716,-0.6553584337,-0.7552710772,0.9175596833,0.2951816916,-0.2663681507,0.3975087702,-0.6952503920,0.5988436341,1,-201.9,246.4,1822.4,1,-0.6243510246,-0.6553584933,-0.4250778556,0.3063161075,0.2951817214,-0.9050073624,0.7185794115,-0.6952504516,0.0164498538,1,-199.2,-55.3,1691.7,1,0.2990046740,0.6027755141,0.7397688627,-0.9502387047,0.2591011822,0.1729539931,-0.0874225497,-0.7546710968,0.6502530575,1,76.1,249.6,1839.5,1,-0.6593213081,0.6027755141,0.4493963122,-0.3709562719,0.2591011226,-0.8917724490,-0.6539776325,-0.7546709776,0.0527724549,1,155.5,-2.7,1816.3,1,0.9809380770,0.0417034514,0.1897927523,0.0246604905,0.9420861006,-0.3344630599,-0.1927493811,0.3327679336,0.9230998158,1,-158.2,-137.0,1943.0,1,0.9809380770,0.0417034179,0.1897927374,0.0246605463,0.9420860410,-0.3344632089,-0.1927493513,0.3327680826,0.9230997562,1,-174.9,-515.4,1809.4,1,0.6886845827,-0.2065399885,0.6950213909,0.3747762442,0.9219877720,-0.0973715484,-0.6206901073,0.3275358379,0.7123650908,1,26.8,-134.9,1954.4,1,-0.9571958184,-0.2065398991,0.2027741373,-0.1210232154,0.9219878912,0.3678200841,-0.2629248202,0.3275354505,-0.9075192213,1,109.8,-505.2,1822.9,1,-17.5,-144.4,1482.7,1,-18.2,-100.4,1644.1,1,-191.0,-879.1,1680.9,1,189.5,-861.2,1696.4,1,
9,0.9981314540,0.0041361945,-0.0609585159,0.0165106636,0.9423275590,0.3342830837,0.0588253476,-0.3346651793,0.9404988289,1,-62.3,446.1,1760.7,1,0.9981314540,0.0041361945,-0.0609585159,0.0165106636,0.9423275590,0.3342830837,0.0588253476,-0.3346651793,0.9404988289,1,-63.2,247.6,1831.2,1,0.9980982542,0.0072216443,-0.0612144209,0.0109573686,0.9565075040,0.2915002108,0.0606569685,-0.2916168571,0.9546096325,1,-64.7,55.5,1889.7,1,-0.0080665704,-0.6526789665,-0.7575917244,0.9163864255,0.2983932197,-0.2668285072,0.4002135396,-0.6963991523,0.5956990719,1,-202.2,246.1,1822.7,1,-0.6253178120,-0.6526789069,-0.4277709126,0.3068159819,0.2983932197,-0.9037840366,0.7175245881,-0.6963992119,0.0136617292,1,-199.6,-54.7,1691.4,1,0.3022945523,0.6019039154,0.7391412258,-0.9491871595,0.2612812817,0.1754304767,-0.0875314772,-0.7546150684,0.6503033638,1,75.8,249.1,1839.6,1,-0.6593660712,0.6019039750,0.4504976273,-0.3704749346,0.2612812817,-0.8913364410,-0.6542053223,-0.7546150684,0.0507103018,1,155.9,-2.3,1816.4,1,0.9877430797,0.0282180235,0.1535166651,0.0144544207,0.9627610445,-0.2699671388,-0.1554178149,0.2688771486,0.9505526423,0,-158.6,-137.6,1942.7,1,0.9845216274,0.0346515924,0.1718035638,0.0192363765,0.9529735446,-0.3024423718,-0.1742043495,0.3010659218,0.9375565052,0,-170.0,-524.3,1834.7,0,0.6871213317,-0.2102010697,0.6954708099,0.3748968840,0.9225331545,-0.0915669501,-0.6223474741,0.3236474097,0.7126961350,1,26.4,-135.5,1953.9,1,-0.9563056231,-0.2102010995,0.2032121420,-0.1252076328,0.9225334525,0.3650411963,-0.2642020583,0.3236472011,-0.9085426927,1,110.8,-506.0,1823.9,1,-17.5,-144.0,1482.5,1,-17.8,-99.9,1644.1,1,-183.3,-892.3,1718.4,0,192.0,-862.3,1698.9,1,
10,0.9980514646,0.0056065288,-0.0621401556,0.0165766757,0.9363325834,0.3507215381,0.0601499826,-0.3510684371,0.9344152808,1,-62.2,446.7,1755.9,1,0.9980514646,0.0056065288,-0.0621401556,0.0165766757,0.9363325834,0.3507215381,0.0601499826,-0.3510684371,0.9344152808,1,-63.4,248.6,1830.2,1,0.9980233312,0.0070057330,-0.0624489114,0.0123666218,0.9524370432,0.3044828773,0.0616115890,-0.3046535552,0.9504679441,1,-64.8,57.4,1891.3,1,-0.0094730034,-0.6563953757,-0.7543576360,0.9184686542,0.2925733626,-0.2661131322,0.3953803480,-0.6953747869,0.6001070142,1,-202.4,246.9,1821.6,1,-0.6254136562,-0.6563953757,-0.4219038785,0.3044469655,0.2925733626,-0.9064837694,0.7184496522,-0.6953746676,0.0168582033,1,-199.3,-54.8,1691.7,1,0.2979386747,0.5989493132,0.7432982326,-0.9504054785,0.2589070797,0.1723269671,-0.0892300606,-0.7577775717,0.6463831067,1,75.6,250.4,1838.7,1,-0.6633884311,0.5989493132,0.4485259056,-0.3696002066,0.2589070499,-0.8923916817,-0.6506237984,-0.7577775717,0.0496158525,1,155.1,-3.2,1814.9,1,0.9921320081,0.0192348436,0.1237096563,0.0081574861,0.9760955572,-0.2171888053,-0.1249300316,0.2164891362,0.9682587385,0,-158.7,-135.0,1946.8,1,0.9874373674,0.0288332384,0.1553579569,0.0149035286,0.9618322253,-0.2732338011,-0.1573064923,0.2721166313,0.9493193626,0,-166.4,-527.0,1859.8,0,0.6888567209,-0.2023552358,0.6960811019,0.3780976534,0.9195793867,-0.1068458855,-0.6184810400,0.3367881477,0.7099683881,1,26.3,-132.7,1958.2,1,-0.9588892460,-0.2023552358,0.1989561468,-0.1161831096,0.9195792079,0.3753336966,-0.2589066625,0.3367880881,-0.9052850604,1,107.6,-502.0,1823.0,1,-17.3,-143.4,1482.6,1,-19.6,-100.6,1643.6,1,-177.6,-898.5,1754.8,0,185.7,-857.1,1692.9,1,
11,0.9979764819,0.0033655616,-0.0634906441,0.0186312161,0.9392802119,0.3426434994,0.0607885011,-0.3431333303,0.9373171329,1,-62.8,448.1,1758.5,1,0.9979764819,0.0033655616,-0.0634906441,0.0186312161,0.9392802119,0.3426434994,0.0607885011,-0.3431333303,0.9373171329,1,-63.5,249.2,1831.2,1,0.9979672432,0.0031831509,-0.0636446327,0.0159680471,0.9543954730,0.2981162965,0.0616909079,-0.2985268533,0.9524049163,1,-64.2,57.5,1891.1,1,-0.0102367988,-0.6609152555,-0.7503907681,0.9183616042,0.2906790376,-0.2685471773,0.3956097364,-0.6918791533,0.6039836407,1,-202.5,246.9,1822.6,1,-0.6228040457,-0.6609152555,-0.4186957181,0.3019176424,0.2906790376,-0.9079380035,0.7217761278,-0.6918790936,0.0185059030,1,-199.1,-55.4,1692.3,1,0.2887406945,0.5844931006,0.7582854629,-0.9520252943,0.2591464520,0.1627608240,-0.1013744101,-0.7689026594,0.6312782168,1,75.5,251.4,1839.8,1,-0.6779252887,0.5844929814,0.4458534122,-0.3647397757,0.2591463923,-0.8943198919,-0.6382649541,-0.7689025402,0.0375059247,1,153.3,-5.2,1812.5,1,0.9800372124,0.0567270927,0.1905493736,0.0106421709,0.9420877695,-0.3351973295,-0.1985290051,0.3305336833,0.9226775169,1,-157.3,-135.6,1945.4,1,0.9800373316,0.0567270927,0.1905493587,0.0106421225,0.9420879483,-0.3351970911,-0.1985290200,0.3305334747,0.9226775765,1,-180.1,-514.0,1812.6,1,0.6932153702,-0.1921527833,0.6946434975,0.3708776534,0.9215078354,-0.1152068973,-0.6179822683,0.3374909163,0.7100687027,1,27.7,-132.7,1956.8,1,-0.9609180689,-0.1921527535,0.1992834508,-0.1068383455,0.9215079546,0.3733747303,-0.2553862631,0.3374913931,-0.9060229063,1,104.9,-502.7,1821.3,1,-17.6,-143.4,1481.9,1,-25.2,-101.2,1644.4,1,-202.0,-877.8,1685.0,1,179.1,-858.6,1690.9,1,
12,0.9979981184,0.0043505514,-0.0630872846,0.0172964800,0.9408081174,0.3384965956,0.0608254820,-0.3389105201,0.9388498664,1,-62.9,448.8,1759.8,1,0.9979981184,0.0043505514,-0.0630872846,0.0172964800,0.9408081174,0.3384965956,0.0608254820,-0.3389105201,0.9388498664,1,-63.9,249.7,1831.5,1,0.9979985952,0.0012695957,-0.0632179454,0.0174336918,0.9555203915,0.2944077849,0.0607796237,-0.2949209511,0.9535861611,1,-64.1,57.9,1890.8,1,-0.0100179706,-0.6624248624,-0.7490615249,0.9186053872,0.2898492515,-0.2686106563,0.3950492144,-0.6907828450,0.6056032777,1,-202.9,247.3,1823.1,1,-0.6200267673,-0.6624248028,-0.4204286337,0.3053808510,0.2898491919,-0.9070446491,0.7227097750,-0.6907827854,0.0225775670,1,-199.6,-54.7,1693.2,1,0.3083974719,0.5735268593,0.7589189410,-0.9469069242,0.2613029778,0.1873182952,-0.0908757374,-0.7763940692,0.6236616373,1,75.1,252.2,1840.0,1,-0.6889682412,0.5735267997,0.4431588650,-0.3588526845,0.2613029480,-0.8960722685,-0.6297201514,-0.7763941288,0.0257821828,1,158.7,-4.4,1815.4,1,0.9871633053,0.0402705669,0.1545539647,0.0030500852,0.9627605677,-0.2703382075,-0.1596851498,0.2673393786,0.9502790570,0,-156.9,-135.6,1944.3,1,0.9837897420,0.0481954701,0.1727278531,0.0065099522,0.9529740214,-0.3029821515,-0.1792075336,0.2991951704,0.9372122884,0,-173.1,-522.3,1837.0,0,0.6938008070,-0.1920818388,0.6940784454,0.3622082472,0.9260755777,-0.1057776809,-0.6224511862,0.3247895241,0.7120857835,1,28.1,-132.4,1955.6,1,-0.9605506659,-0.1920818388,0.2011145055,-0.1095883176,0.9260756373,0.3610738218,-0.2556029558,0.3247899115,-0.9105924964,1,105.3,-504.3,1825.2,1,-17.8,-144.2,1481.3,1,-22.8,-98.9,1649.5,1,-191.7,-890.3,1721.4,0,179.4,-861.9,1699.8,1,
13,0.9977430701,0.0024163122,-0.0670991316,0.0204318874,0.9410307407,0.3377024233,0.0639581382,-0.3383114636,0.9388577342,1,-62.4,447.7,1760.0,1,0.9977430701,0.0024163122,-0.0670991316,0.0204318874,0.9410307407,0.3377024233,0.0639581382,-0.3383114636,0.9388577342,1,-62.9,248.6,1831.5,1,0.9977369308,0.0020079538,-0.0672032163,0.0178165734,0.9559227824,0.2930757701,0.0648293719,-0.2936101258,0.9537239671,1,-63.4,56.7,1890.5,1,-0.0065045999,-0.6741461158,-0.7385693789,0.9229542017,0.2802066207,-0.2638935149,0.3848548234,-0.6833822131,0.6203833222,1,-201.9,246.1,1822.5,1,-0.6148047447,-0.6741461754,-0.4093190432,0.2998652160,0.2802066207,-0.9119019508,0.7294490337,-0.6833822131,0.0298806168,1,-199.8,-55.9,1696.6,1,0.3115906119,0.5958774686,0.7401630282,-0.9468632340,0.2600892186,0.1892183423,-0.0797574744,-0.7597917914,0.6452558637,1,76.0,251.1,1840.6,1,-0.6689886451,0.5958774686,0.4442794919,-0.3626427948,0.2600892186,-0.8948987722,-0.6488023400,-0.7597918510,0.0420939475,1,159.5,-2.6,1819.2,1,0.9819612503,0.0117788045,0.1887143850,0.0529398471,0.9410131574,-0.3342028558,-0.1815192401,0.3381648362,0.9234149456,1,-156.2,-136.9,1943.5,1,0.9819613099,0.0117788473,0.1887143850,0.0529398136,0.9410131574,-0.3342029452,-0.1815192550,0.3381648958,0.9234149456,1,-161.0,-514.4,1807.8,1,0.6870690584,-0.2207380831,0.6922505498,0.3725478947,0.9249930382,-0.0748067051,-0.6238142252,0.3092939556,0.7177696228,1,28.7,-133.6,1955.5,1,-0.9532340765,-0.2207381129,0.2064453512,-0.1374789029,0.9249930978,0.3542421460,-0.2691552639,0.3092937768,-0.9120815992,1,117.3,-504.9,1831.3,1,-17.7,-144.6,1480.6,1,-16.6,-98.0,1648.4,1,-165.5,-877.3,1677.4,1,202.5,-861.9,1712.0,1,
14,0.9979090095,0.0028809821,-0.0645639896,0.0189516302,0.9420434833,0.3349538445,0.0617868938,-0.3354773521,0.9400193691,1,-63.3,449.5,1760.5,1,0.9979090095,0.0028809821,-0.0645639896,0.0189516302,0.9420434833,0.3349538445,0.0617868938,-0.3354773521,0.9400193691,1,-63.9,249.6,1831.7,1,0.9978992343,0.0031473974,-0.0647026300,0.0158702228,0.9565023780,0.2912912369,0.0628048405,-0.2917064428,0.9544433355,1,-64.5,57.5,1890.3,1,-0.0106498497,-0.6871778369,-0.7264111638,0.9251767993,0.2688505352,-0.2678939700,0.3793868124,-0.6749117970,0.6328977942,1,-202.9,247.3,1823.0,1,-0.6100035906,-0.6871778965,-0.3945658803,0.2910269797,0.2688505948,-0.9181627035,0.7370203137,-0.6749118567,0.0359874815,1,-199.4,-57.9,1697.8,1,0.3279491067,0.5969488025,0.7321895957,-0.9417693615,0.2675416768,0.2036955655,-0.0742954016,-0.7563555241,0.6499281526,1,75.1,251.8,1840.5,1,-0.6625005007,0.5969487429,0.4524878860,-0.3673329055,0.2675416470,-0.8907794952,-0.6528090239,-0.7563555241,0.0420324355,1,162.8,-0.3,1820.6,1,0.9813578725,0.0287751332,0.1900227964,0.0374036431,0.9412267208,-0.3356980383,-0.1885142922,0.3365474939,0.9226039648,1,-157.7,-136.1,1943.1,1,0.9813579321,0.0287751779,0.1900228113,0.0374035612,0.9412268400,-0.3356978595,-0.1885143369,0.3365472555,0.9226040840,1,-169.2,-513.8,1808.0,1,0.6816089749,-0.2341793478,0.6932309270,0.3736878932,0.9259441495,-0.0546311140,-0.6290997267,0.2962890863,0.7186419964,1,27.3,-133.1,1954.7,1,-0.9497408271,-0.2341794074,0.2077312917,-0.1527684629,0.9259443283,0.3453821242,-0.2732290030,0.2962886989,-0.9151824713,1,121.3,-504.9,1835.8,1,-17.7,-144.6,1478.3,1,-11.6,-97.0,1648.7,1,-180.3,-877.0,1678.1,1,211.7,-862.3,1721.4,1,
15,0.9979503751,0.0016497161,-0.0639653057,0.0199651532,0.9417311549,0.3357721269,0.0607918613,-0.3363613188,0.9397683740,1,-63.9,449.2,1760.3,1,0.9979503751,0.0016497161,-0.0639653057,0.0199651532,0.9417311549,0.3357721269,0.0607918613,-0.3363613188,0.9397683740,1,-64.3,249.7,1831.6,1,0.9979428649,0.0023724672,-0.0640587881,0.0164479874,0.9563816786,0.2916550636,0.0619564056,-0.2921090424,0.9543756247,1,-64.7,57.6,1890.2,1,-0.0106686503,-0.6901811361,-0.7235580087,0.9258329272,0.2665607035,-0.2679156959,0.3777824938,-0.6727520823,0.6361485124,1,-203.3,247.4,1822.9,1,-0.6083711386,-0.6901810765,-0.3918349445,0.2896640003,0.2665607333,-0.9192607403,0.7389040589,-0.6727522016,0.0377527848,1,-199.7,-59.0,1697.9,1,0.3433671594,0.5904722214,0.7303708792,-0.9365712404,0.2734251022,0.2192556113,-0.0702373832,-0.7593295574,0.6469045281,1,74.7,252.0,1840.2,1,-0.6588977575,0.5904722810,0.4660431743,-0.3799863756,0.2734251022,-0.8836567402,-0.6492025852,-0.7593294978,0.0442122258,1,166.3,2.2,1821.5,1,0.9805368185,0.0455036424,0.1909895837,0.0215652399,0.9419246912,-0.3351309597,-0.1951474845,0.3327269554,0.9226105809,1,-157.7,-135.9,1943.1,1,0.9805368185,0.0455036052,0.1909895837,0.0215652771,0.9419247508,-0.3351309299,-0.1951474845,0.3327269554,0.9226105213,1,-176.0,-514.1,1809.6,1,0.6872744560,-0.2170826942,0.6932019591,0.3643986583,0.9285713434,-0.0704918653,-0.6283849478,0.3010491431,0.7172878981,1,27.3,-132.9,1954.6,1,-0.9540048242,-0.2170827091,0.2067606002,-0.1364924610,0.9285714626,0.3451447487,-0.2669169605,0.3010484874,-0.9154917598,1,114.4,-505.7,1833.8,1,-17.7,-145.7,1476.8,1,-7.2,-97.9,1650.5,1,-193.5,-877.6,1681.1,1,198.2,-864.2,1717.5,1,
16,0.9979864359,0.0016744153,-0.0633975118,0.0205320381,0.9372826815,0.3479637802,0.0600038469,-0.3485652208,0.9353614450,1,-64.5,448.4,1756.2,1,0.9979864359,0.0016744153,-0.0633975118,0.0205320381,0.9372826815,0.3479637802,0.0600038469,-0.3485652208,0.9353614450,1,-64.9,249.4,1830.2,1,0.9979816675,0.0014369898,-0.0634790584,0.0176060516,0.9542801380,0.2983935177,0.0610054024,-0.2989092171,0.9523290992,1,-65.2,57.7,1890.3,1,-0.0121121984,-0.6828172803,-0.7304888964,0.9243909121,0.2708966732,-0.2685452402,0.3812542856,-0.6785100102,0.6279088855,1,-203.9,246.9,1821.7,1,-0.6104572415,-0.6828172207,-0.4013760090,0.2986724377,0.2708966434,-0.9151009917,0.7335781455,-0.6785100102,0.0385678522,1,-199.9,-60.5,1695.0,1,0.3530634344,0.5826375484,0.7320380807,-0.9329172969,0.2784396708,0.2283345908,-0.0707921460,-0.7635475993,0.6418595314,1,74.1,251.8,1838.7,1,-0.6500594020,0.5826375484,0.4878077507,-0.4042273462,0.2784397006,-0.8712471724,-0.6434463859,-0.7635476589,0.0545156971,1,167.5,5.2,1820.0,1,0.9874846339,0.0312303305,0.1545923203,0.0118968086,0.9626560211,-0.2704660594,-0.1572659761,0.2689202130,0.9502364397,0,-158.0,-135.5,1944.6,1,0.9841954708,0.0380570963,0.1729477197,0.0164042115,0.9528416991,-0.3030240536,-0.1763240248,0.3010720015,0.9371581674,0,-170.5,-522.2,1836.6,0,0.6878118515,-0.2121473551,0.6941963434,0.3623476028,0.9290121794,-0.0751076937,-0.6289827228,0.3032003939,0.7158564329,1,27.0,-132.3,1955.9,1,-0.9556686282,-0.2121473253,0.2041838765,-0.1324006021,0.9290120006,0.3455529213,-0.2629973888,0.3031999767,-0.9159160852,1,112.2,-505.3,1834.2,1,-18.1,-149.4,1476.5,1,-3.7,-101.2,1650.6,1,-185.2,-890.1,1720.3,0,194.1,-864.0,1717.1,1,
17,0.9979082942,-0.0006168443,-0.0646358207,0.0234155990,0.9354870319,0.3525833189,0.0602482893,-0.3533596992,0.9335449338,1,-64.6,448.8,1754.1,1,0.9979082942,-0.0006168443,-0.0646358207,0.0234155990,0.9354870319,0.3525833189,0.0602482893,-0.3533596992,0.9335449338,1,-64.5,250.6,1829.0,1,0.9979096055,-0.0000270012,-0.0646184683,0.0195599403,0.9532123804,0.3016668260,0.0615867823,-0.3023004830,0.9512205720,1,-64.5,59.1,1889.7,1,-0.0001124032,-0.6551425457,-0.7555053830,0.9207139611,0.2947591543,-0.2557397485,0.3902380466,-0.6956330538,0.6031657457,1,-203.5,247.8,1820.5,1,-0.6266254783,-0.6551424861,-0.4220530987,0.3023658991,0.2947591245,-0.9064722657,0.7182724476,-0.6956330538,0.0133891553,1,-203.4,-64.8,1688.0,1,0.3346720040,0.5797997117,0.7428506017,-0.9384750128,0.2763493061,0.2071130425,-0.0852021724,-0.7664616704,0.6366138458,1,74.5,253.3,1837.6,1,-0.6326794624,0.5797997713,0.5133703947,-0.4400301278,0.2763493061,-0.8544031382,-0.6372521520,-0.7664617896,0.0802888125,1,162.2,7.3,1815.3,1,0.9919659495,0.0216228142,0.1246435121,0.0060619665,0.9760276079,-0.2175623029,-0.1263598204,0.2165699750,0.9680550694,0,-157.0,-134.1,1944.7,1,0.9871724844,0.0318847746,0.1564411670,0.0123179462,0.9617246389,-0.2737406790,-0.1591814905,0.2721563280,0.9489953518,0,-165.6,-526.1,1857.8,0,0.6908930540,-0.2058002502,0.6930464506,0.3540345728,0.9321283698,-0.0761389881,-0.6303386688,0.2979663312,0.7168610692,1,28.0,-130.5,1956.2,1,-0.9568708539,-0.2058002651,0.2050477117,-0.1278775930,0.9321281910,0.3387986422,-0.2608556151,0.2979655266,-0.9182434082,1,110.7,-504.8,1836.5,1,-17.5,-154.4,1474.9,1,-4.2,-108.5,1647.6,1,-178.0,-897.5,1752.7,0,190.1,-864.7,1721.4,1,
18,0.9980431199,-0.0019907968,-0.0624902695,0.0237498730,0.9366448522,0.3494732380,0.0578352548,-0.3502738774,0.9348596334,1,-65.5,447.6,1754.6,1,0.9980431199,-0.0019907968,-0.0624902695,0.0237498730,0.9366448522,0.3494732380,0.0578352548,-0.3502738774,0.9348596334,1,-65.1,249.5,1828.7,1,0.9980500340,-0.0020298581,-0.0623783953,0.0204947479,0.9547048807,0.2968464494,0.0589502007,-0.2975463867,0.9528852105,1,-64.6,57.8,1888.5,1,-0.0039334591,-0.6489529610,-0.7608183622,0.9184635282,0.2985531986,-0.2594045401,0.3954860866,-0.6998043060,0.5948653221,1,-204.1,246.7,1820.5,1,-0.6268221736,-0.6489530206,-0.4312238693,0.3115215600,0.2985532284,-0.9021199346,0.7141766548,-0.6998043060,0.0150230825,1,-202.7,-66.9,1685.5,1,0.3176712692,0.5800117850,0.7501142621,-0.9421887994,0.2820305228,0.1809395254,-0.1066080257,-0.7642285228,0.6360735893,1,74.0,252.4,1836.9,1,-0.6125881672,0.5800117850,0.5369564295,-0.4673839509,0.2820304930,-0.8378610611,-0.6374073029,-0.7642285824,0.0983196646,1,157.2,5.5,1809.0,1,0.9790083170,0.0580949858,0.1953655034,0.0079714693,0.9468714595,-0.3215133846,-0.2036643326,0.3163216114,0.9265319705,1,-156.7,-135.8,1942.7,1,0.9790083170,0.0580949262,0.1953654736,0.0079715922,0.9468713403,-0.3215137124,-0.2036642730,0.3163219690,0.9265318513,1,-180.1,-516.1,1815.7,1,0.6900284290,-0.2063834518,0.6937340498,0.3470118642,0.9354748130,-0.0668577850,-0.6351723671,0.2868677676,0.7171216011,1,28.3,-132.0,1953.7,1,-0.9566388130,-0.2063835114,0.2055436820,-0.1313249767,0.9354748726,0.3280862272,-0.2599925399,0.2868669629,-0.9220148325,1,111.1,-507.7,1838.5,1,-16.5,-159.4,1473.3,1,-4.0,-117.5,1641.3,1,-202.5,-881.7,1693.6,1,190.8,-868.9,1727.7,1,
19,0.9980807304,-0.0045676152,-0.0617500469,0.0256364197,0.9382653236,0.3449638188,0.0563620701,-0.3458851278,0.9365820885,1,-67.0,446.2,1754.9,1,0.9980807304,-0.0045676152,-0.0617500469,0.0256364197,0.9382653236,0.3449638188,0.0563620701,-0.3458851278,0.9365820885,1,-66.0,247.6,1828.1,1,0.9981004596,-0.0029130918,-0.0615305789,0.0206315778,0.9569974542,0.2893602550,0.0580414757,-0.2900804281,0.9552401304,1,-65.4,55.4,1886.4,1,-0.0062787100,-0.6500781178,-0.7598415613,0.9164749980,0.3002403080,-0.2644418180,0.4000428617,-0.6980361342,0.5938951373,1,-205.0,244.7,1820.0,1,-0.6238436699,-0.6500780582,-0.4338406920,0.3136046827,0.3002403080,-0.9008373618,0.7158709764,-0.6980361342,0.0165645182,1,-202.9,-70.9,1682.2,1,0.3101887107,0.5897738338,0.7456204295,-0.9431824684,0.2891908288,0.1636320502,-0.1191206500,-0.7540129423,0.6459681392,1,73.0,250.4,1836.2,1,-0.5972288847,0.5897739530,0.5435848832,-0.4722846150,0.2891908586,-0.8326560259,-0.6482785344,-0.7540130019,0.1058280170,1,154.7,2.1,1804.8,1,0.9789150357,0.0551061630,0.1966947913,0.0123350471,0.9452193975,-0.3262026608,-0.2038955092,0.3217509389,0.9246096611,1,-157.3,-138.7,1939.2,1,0.9789148569,0.0551061593,0.1966947764,0.0123350769,0.9452192187,-0.3262028396,-0.2038954794,0.3217510879,0.9246095419,1,-179.5,-518.3,1810.0,1,0.6885763407,-0.2134269178,0.6930453181,0.3417606354,0.9384259582,-0.0505637378,-0.6395799518,0.2716726065,0.7191187143,1,27.7,-134.9,1950.0,1,-0.9543784857,-0.2134269029,0.2088314742,-0.1408292204,0.9384258389,0.3154742420,-0.2633035183,0.2716722488,-0.9256702662,1,113.4,-511.7,1840.9,1,-18.4,-163.6,1470.6,1,-2.5,-122.3,1634.2,1,-200.8,-883.3,1685.8,1,195.8,-874.0,1736.0,1,
20,0.9980202913,-0.0020341300,-0.0628509745,0.0245723706,0.9326266646,0.3600037992,0.0578840114,-0.3608359098,0.9308307767,1,-66.2,443.9,1749.5,1,0.9980202913,-0.0020341300,-0.0628509745,0.0245723706,0.9326266646,0.3600037992,0.0578840114,-0.3608359098,0.9308307767,1,-65.8,246.1,1826.0,1,0.9980284572,-0.0022868917,-0.0627135262,0.0210364945,0.9537073970,0.2999979854,0.0591240972,-0.3007261455,0.9518756270,1,-65.4,54.6,1886.4,1,-0.0083912592,-0.6559637189,-0.7547459006,0.9193683267,0.2918080389,-0.2638372779,0.3933085501,-0.6961034536,0.6006235480,1,-204.8,243.2,1817.8,1,-0.6211547852,-0.6559636593,-0.4288106561,0.3152434826,0.2918080688,-0.9030336142,0.7174875736,-0.6961033940,0.0255303085,1,-201.9,-74.0,1682.1,1,0.3184708655,0.5814773440,0.7486391068,-0.9403960109,0.2931925356,0.1723179370,-0.1192963943,-0.7588954568,0.6401922703,1,73.2,249.0,1834.3,1,-0.6073634028,0.5814772844,0.5412889719,-0.4641832113,0.2931924760,-0.8358062506,-0.6447042227,-0.7588953972,0.0918376148,1,157.7,-0.4,1802.6,1,0.9864432812,0.0389485881,0.1594135314,0.0044130310,0.9647785425,-0.2630263567,-0.1640432626,0.2601640821,0.9515274167,0,-157.4,-138.9,1941.3,1,0.9828795195,0.0467216671,0.1782271564,0.0080387238,0.9555196166,-0.2948179841,-0.1840739250,0.2912032604,0.9387850761,0,-173.0,-526.4,1836.8,0,0.7086060047,-0.1533340514,0.6887423992,0.3085435331,0.9451707006,-0.1070196629,-0.6345694065,0.2883418798,0.7170639038,1,27.6,-135.0,1952.3,1,-0.9660388827,-0.1533340365,0.2079845369,-0.0819613859,0.9451708198,0.3161242604,-0.2450535297,0.2883416116,-0.9256391525,1,89.1,-513.8,1836.7,1,-17.7,-167.5,1469.3,1,-2.3,-122.6,1632.9,1,-191.1,-895.4,1724.4,0,148.2,-878.1,1725.6,1,
21,0.9974073172,-0.0047948435,-0.0717961416,0.0309087150,0.9295850992,0.3673081994,0.0649792403,-0.3685754240,0.9273234606,1,-66.6,445.0,1746.3,1,0.9974073172,-0.0047948435,-0.0717961416,0.0309087150,0.9295850992,0.3673081994,0.0649792403,-0.3685754240,0.9273234606,1,-65.5,247.6,1824.6,1,0.9974316359,-0.0008060430,-0.0716138035,0.0227437988,0.9517397881,0.3060607910,0.0679108202,-0.3069038391,0.9493140578,1,-65.4,56.5,1886.2,1,-0.0071503064,-0.6561683416,-0.7545807362,0.9232435822,0.2855541110,-0.2570606768,0.3841486573,-0.6984999180,0.6037613750,1,-204.5,244.5,1815.1,1,-0.6186434627,-0.6561683416,-0.4321150780,0.3264876902,0.2855540812,-0.9010353088,0.7146230936,-0.6984998584,0.0375747047,1,-202.0,-76.5,1681.6,1,0.3340260386,0.5694443583,0.7511056662,-0.9358628392,0.2952176929,0.1923730075,-0.1121939495,-0.7671895027,0.6315321326,1,73.4,250.8,1834.0,1,-0.6087960601,0.5694443583,0.5523590446,-0.4756601155,0.2952176630,-0.8286097050,-0.6349132061,-0.7671895027,0.0911346078,1,163.0,-0.2,1803.9,1,0.9679102302,-0.1713156700,0.1838491410,0.2147406340,0.9438589811,-0.2510311007,-0.1305221021,0.2824554741,0.9503592849,1,-157.8,-136.7,1941.5,1,0.9679102302,-0.1713155955,0.1838491410,0.2147405595,0.9438589811,-0.2510311007,-0.1305221170,0.2824554741,0.9503592849,1,-90.7,-506.0,1831.0,1,0.7321336269,-0.1096322984,0.6722806692,0.2145638317,0.9738370776,-0.0748577118,-0.6464850307,0.1990529597,0.7365019321,1,27.4,-132.5,1954.1,1,-0.9689596295,-0.0776593536,0.2347046584,-0.0401791558,0.9862263203,0.1604472399,-0.2439321429,0.1460366696,-0.9587337375,0,71.4,-523.6,1874.2,1,-17.6,-173.8,1468.5,1,2.7,-125.4,1636.7,1,-26.3,-861.2,1724.7,1,101.4,-904.5,1817.8,0,
22,0.9973066449,-0.0043179588,-0.0732116699,0.0315771103,0.9262760282,0.3755192757,0.0661925375,-0.3768200278,0.9239178300,1,-67.4,443.1,1743.2,1,0.9973066449,-0.0043179588,-0.0732116699,0.0315771103,0.9262760282,0.3755192757,0.0661925375,-0.3768200278,0.9239178300,1,-66.5,246.9,1823.0,1,0.9973255992,0.0004899398,-0.0730787292,0.0222737845,0.9503618479,0.3103471100,0.0696031004,-0.3111452162,0.9478096366,1,-66.6,56.1,1885.5,1,-0.0084912973,-0.6577179432,-0.7532165051,0.9257020950,0.2796852589,-0.2546603978,0.3781582415,-0.6994165182,0.6064759493,1,-205.4,243.8,1813.3,1,-0.6149469614,-0.6577178240,-0.4350258410,0.3368697166,0.2796852291,-0.8990522623,0.7129930258,-0.6994164586,0.0495736301,1,-202.5,-78.2,1681.8,1,0.3359716535,0.5752235055,0.7458156943,-0.9353917837,0.2965019047,0.1926887184,-0.1102967113,-0.7623678446,0.6376755238,1,72.4,250.0,1832.7,1,-0.5896270275,0.5752235055,0.5669726729,-0.4956943095,0.2965018451,-0.8163172603,-0.6376732588,-0.7623678446,0.1103094965,1,162.1,0.1,1803.3,1,0.9793763161,-0.1417759955,0.1439498216,0.1696847379,0.9639188051,-0.2051038742,-0.1096771434,0.2252999842,0.9680964947,0,-159.2,-136.8,1941.5,1,0.9739497900,-0.1568748206,0.1637439430,0.1921269745,0.9544250369,-0.2283857316,-0.1204533577,0.2538958788,0.9597019553,0,-102.3,-524.0,1851.0,0,0.8255025148,-0.1002959311,0.5554155111,0.1686519682,0.9829565883,-0.0731634051,-0.5386112928,0.1540684700,0.8283482790,0,25.8,-132.7,1954.4,1,-0.8598972559,-0.0952673405,0.5014984012,-0.0160439946,0.9869892597,0.1599838585,-0.5102147460,0.1295236498,-0.8502377272,0,66.1,-527.5,1892.6,0,-18.1,-179.2,1468.0,1,6.9,-130.4,1635.4,1,-41.7,-892.6,1753.0,0,102.8,-908.7,1842.5,0,
23,0.9973968267,-0.0027536952,-0.0720489472,0.0310681760,0.9181575179,0.3949943781,0.0650644004,-0.3962049782,0.9158533216,1,-66.9,441.0,1735.6,1,0.9973968267,-0.0027536952,-0.0720489472,0.0310681760,0.9181575179,0.3949943781,0.0650644004,-0.3962049782,0.9158533216,1,-66.3,245.4,1820.1,1,0.9974001050,0.0021307562,-0.0720243901,0.0211923290,0.9466791153,0.3214787543,0.0688687935,-0.3221696913,0.9441730976,1,-66.8,55.3,1884.8,1,-0.0043360745,-0.6618338823,-0.7496380210,0.9301415682,0.2725845575,-0.2460372299,0.3671754897,-0.6983363628,0.6144172549,1,-205.3,242.4,1810.5,1,-0.6109607816,-0.6618338823,-0.4343994558,0.3436732292,0.2725845873,-0.8986581564,0.7131729126,-0.6983363628,0.0609161183,1,-203.7,-82.1,1682.4,1,0.3220063746,0.5776880383,0.7500589490,-0.9395897985,0.2921701372,0.1783469319,-0.1161159351,-0.7621765733,0.6368704438,1,72.6,248.3,1829.7,1,-0.5633242726,0.5776880980,0.5907135010,-0.5330344439,0.2921701968,-0.7940472364,-0.6313004494,-0.7621767521,0.1433410794,1,156.8,2.4,1799.3,1,0.9867654443,-0.1163018793,0.1129950210,0.1342114359,0.9768460393,-0.1666105837,-0.0910016075,0.1795707792,0.9795269370,0,-159.7,-136.8,1943.1,1,0.9788615108,-0.1433148533,0.1459144652,0.1719203144,0.9630180597,-0.2074598223,-0.1107861996,0.2281600982,0.9673000574,0,-113.0,-529.1,1871.0,0,0.8870524168,-0.0879552066,0.4532129169,0.1322002560,0.9889682531,-0.0668199211,-0.4423360229,0.1191876233,0.8888943791,0,25.3,-132.9,1955.9,1,-0.6999291182,-0.1064828485,0.7062301636,0.0047453046,0.9881082773,0.1536864042,-0.7141968012,0.1109208390,-0.6911003590,0,60.6,-530.1,1908.0,0,-19.2,-185.9,1467.0,1,8.7,-137.8,1633.2,1,-57.6,-901.0,1782.8,0,101.7,-911.7,1865.1,0,
