1,0.9866389036,-0.0087048002,-0.1626700610,0.0481976010,0.9694570899,0.2404597700,0.1556103081,-0.2450867146,0.9569284916,1,39.7,453.1,1801.9,1,0.9866389036,-0.0087048002,-0.1626700610,0.0481976010,0.9694570899,0.2404597700,0.1556103081,-0.2450867146,0.9569284916,1,41.5,249.6,1853.4,1,0.9866375327,-0.0164062697,-0.1620827019,0.0483016558,0.9796343446,0.1948697120,0.1555864811,-0.2000940442,0.9673414826,1,44.8,53.6,1893.4,1,-0.0104978401,-0.6772142053,-0.7357111573,0.9739649892,0.1596991867,-0.1608988494,0.2264554203,-0.7182459831,0.6579063535,1,-94.6,243.0,1831.9,1,-0.6481125355,-0.6772140861,-0.3483261466,0.3326494098,0.1596991718,-0.9294303060,0.6850506067,-0.7182459235,0.1217718646,1,-91.4,-53.0,1763.1,1,0.3736850023,0.6935200095,0.6159460545,-0.9261939526,0.3149574399,0.2072836757,-0.0502414145,-0.6479443312,0.7600289583,1,177.6,256.3,1874.8,1,-0.4606257975,0.6935198903,0.5539439321,-0.4976796210,0.3149573803,-0.8081563711,-0.7349413633,-0.6479442716,0.2000732422,1,276.6,11.0,1861.5,1,0.5819668174,0.0298086088,-0.8126660585,0.0121116620,0.9988994598,0.0453130603,0.8131224513,-0.0362134352,0.5809652805,1,-42.5,-146.8,1919.1,1,0.3493334055,-0.0000000000,-0.9369984865,0.0000000000,1.0000000000,0.0000000000,0.9369984865,0.0000000000,0.3493334055,0,-54.4,-546.4,1933.6,1,0.9828356504,-0.1811531782,-0.0348957069,0.1744501144,0.9741351008,-0.1436246634,0.0600111969,0.1350718886,0.9890168309,1,138.7,-137.9,1947.7,1,0.9855708480,-0.1651242971,-0.0372054353,0.1590032727,0.9785502553,-0.1309867501,0.0580364838,0.1231809407,0.9906857014,1,211.1,-527.2,1893.7,1,92.2,-147.2,1569.1,1,151.2,-124.5,1661.4,1,-54.4,-931.2,1933.6,0,274.3,-902.0,1846.6,1,
2,0.9875148535,-0.0068085548,-0.1573585570,0.0474466123,0.9655109644,0.2559848130,0.1501903236,-0.2602544427,0.9537844062,1,40.1,450.6,1797.4,1,0.9875148535,-0.0068085548,-0.1573585570,0.0474466123,0.9655109644,0.2559848130,0.1501903236,-0.2602544427,0.9537844062,1,41.5,248.0,1852.1,1,0.9875212908,-0.0140687795,-0.1568352580,0.0468413793,0.9771525860,0.2072903961,0.1503374130,-0.2120495290,0.9656231403,1,44.3,52.5,1894.5,1,-0.0122746406,-0.6940971017,-0.7197766304,0.9723637700,0.1595540494,-0.1704437584,0.2331478149,-0.7019768357,0.6729564667,1,-94.7,241.5,1831.3,1,-0.6261342764,-0.6940972209,-0.3552253246,0.3473716378,0.1595540643,-0.9240539074,0.6980607510,-0.7019770145,0.1412073970,1,-91.0,-50.3,1761.3,1,0.3712124228,0.7080627680,0.6007067561,-0.9273304343,0.3158147037,0.2007968128,-0.0475352854,-0.6315919757,0.7738424540,1,177.7,254.4,1872.8,1,-0.4436786473,0.7080627084,0.5493601561,-0.4968592525,0.3158146739,-0.8083267212,-0.7458418608,-0.6315919757,0.2116872817,1,275.2,11.1,1860.3,1,0.5863640904,0.0256693494,-0.8096407056,0.0057723061,0.9993399978,0.0358641483,0.8100268841,-0.0257029496,0.5858289599,1,-43.7,-147.3,1923.1,1,0.3532840610,-0.0000000000,-0.9355159998,0.0000000000,0.9999999404,0.0000000000,0.9355159402,0.0000000000,0.3532840908,0,-54.0,-547.1,1933.3,1,0.9804572463,-0.1952131242,-0.0244008861,0.1886914968,0.9682204127,-0.1641486883,0.0556694120,0.1563365310,0.9861337543,1,138.0,-138.6,1950.7,1,0.9819695950,-0.1872934550,-0.0256286617,0.1810228080,0.9707090855,-0.1579701304,0.0544647463,0.1504824907,0.9871112108,1,216.0,-525.7,1888.2,1,86.1,-148.6,1563.9,1,154.4,-124.2,1657.3,1,-54.0,-931.8,1933.3,0,287.9,-898.0,1830.5,1,
3,0.9873120785,-0.0050809146,-0.1586898714,0.0449477881,0.9675384760,0.2486763895,0.1522768587,-0.2526534200,0.9554958344,1,40.5,452.0,1799.2,1,0.9873120785,-0.0050809146,-0.1586898714,0.0449477881,0.9675384760,0.2486763895,0.1522768587,-0.2526534200,0.9554958344,1,41.5,249.0,1852.2,1,0.9872965217,-0.0147259077,-0.1581844538,0.0464845449,0.9788901210,0.1990076005,0.1519163996,-0.2038320601,0.9671444297,1,44.5,53.1,1893.0,1,-0.0103376582,-0.6846286654,-0.7288186550,0.9731795192,0.1606225967,-0.1646873951,0.2298144698,-0.7109738588,0.6646062136,1,-94.6,242.5,1831.3,1,-0.6380033493,-0.6846286654,-0.3524701297,0.3396262527,0.1606225967,-0.9267439842,0.6910901666,-0.7109738588,0.1300401241,1,-91.5,-52.2,1761.7,1,0.3681967258,0.7105093598,0.5996729732,-0.9284313917,0.3152861893,0.1964932680,-0.0494583026,-0.6291033626,0.7757467031,1,177.7,255.4,1873.2,1,-0.4411866367,0.7105093598,0.5482069850,-0.4968873560,0.3152862191,-0.8085157275,-0.7472999692,-0.6291034222,0.2139430791,1,274.8,10.7,1860.2,1,0.5860744119,0.0169308782,-0.8100805283,-0.0037061826,0.9998272657,0.0182152949,0.8102489710,-0.0076732119,0.5860358477,1,-43.5,-147.0,1919.8,1,0.3520816565,-0.0000000000,-0.9359692931,0.0000000000,0.9999999404,0.0000000000,0.9359692335,0.0000000000,0.3520816863,0,-50.3,-547.0,1922.9,1,0.9890697598,-0.1440440863,-0.0315013267,0.1384452730,0.9807463288,-0.1377300173,0.0507340059,0.1318633854,0.9899687767,1,138.4,-138.4,1947.8,1,0.9947581291,-0.0942040905,-0.0397716798,0.0908192173,0.9926715493,-0.0797189400,0.0469900668,0.0756890476,0.9960235953,0,196.1,-530.8,1895.0,1,88.8,-148.1,1566.4,1,154.6,-124.6,1656.7,1,-50.3,-931.7,1922.9,0,232.3,-912.7,1865.9,0,
4,0.9863814712,-0.0058176350,-0.1643510610,0.0465346351,0.9683978558,0.2450122535,0.1577336639,-0.2493230402,0.9554853439,1,40.6,452.4,1800.6,1,0.9863814712,-0.0058176350,-0.1643510610,0.0465346351,0.9683978558,0.2450122535,0.1577336639,-0.2493230402,0.9554853439,1,41.8,249.2,1852.9,1,0.9863591194,-0.0161783397,-0.1637911052,0.0485161245,0.9795137644,0.1954217106,0.1572758406,-0.2007019073,0.9669423103,1,45.0,53.2,1893.1,1,-0.0079764109,-0.6910428405,-0.7227699161,0.9716435671,0.1654570699,-0.1689170003,0.2363162488,-0.7036221027,0.6701274514,1,-94.3,242.5,1831.2,1,-0.6303303242,-0.6910427213,-0.3537565470,0.3384762108,0.1654570401,-0.9263141155,0.6986541152,-0.7036220431,0.1296089143,1,-91.8,-53.4,1759.3,1,0.3644131720,0.7153324485,0.5962403417,-0.9294973016,0.3185248673,0.1859482676,-0.0569025464,-0.6219658256,0.7809742093,1,177.8,255.9,1874.6,1,-0.4324340522,0.7153326273,0.5489082932,-0.4973823130,0.3185248971,-0.8069404364,-0.7520716190,-0.6219657660,0.2180527449,1,273.8,11.0,1859.6,1,0.5815934539,0.0168326050,-0.8133054376,0.0179153457,0.9992784262,0.0334928334,0.8132823110,-0.0340498649,0.5808721185,1,-43.1,-147.2,1918.7,1,0.3476210833,-0.0000000000,-0.9376351833,0.0000000000,1.0000000000,0.0000000000,0.9376351833,0.0000000000,0.3476210833,0,-49.9,-547.0,1932.3,1,0.9851963520,-0.1677641273,-0.0352639556,0.1608764231,0.9758328199,-0.1478821337,0.0592210442,0.1400197744,0.9883762002,1,139.7,-138.2,1947.8,1,0.9888731241,-0.1432498246,-0.0401171744,0.1376109719,0.9833002090,-0.1190959290,0.0565076992,0.1122501940,0.9920719862,1,206.7,-528.1,1891.9,1,86.2,-149.0,1561.9,1,156.1,-124.4,1654.9,1,-49.9,-931.8,1932.3,0,261.4,-904.0,1849.0,1,
5,0.9858946800,-0.0085317288,-0.1671295762,0.0490483381,0.9695665240,0.2398457676,0.1599987745,-0.2446595728,0.9563139081,1,40.0,452.7,1801.8,1,0.9858946800,-0.0085317288,-0.1671295762,0.0490483381,0.9695665240,0.2398457676,0.1599987745,-0.2446595728,0.9563139081,1,41.7,248.6,1853.3,1,0.9859109521,-0.0151109975,-0.1665674746,0.0477091894,0.9799356461,0.1934959739,0.1603032947,-0.1987160146,0.9668552876,1,44.8,52.6,1893.1,1,-0.0089467270,-0.6961542368,-0.7178365588,0.9703480601,0.1673605442,-0.1743992716,0.2415462881,-0.6981116533,0.6740145683,1,-94.2,242.0,1831.2,1,-0.6244270205,-0.6961542368,-0.3542036712,0.3386357427,0.1673605442,-0.9259138107,0.7038584948,-0.6981115937,0.1312382668,1,-91.5,-54.0,1757.5,1,0.3616046309,0.7148683667,0.5985025167,-0.9301481843,0.3205188513,0.1791422963,-0.0637681633,-0.6214747429,0.7808346748,1,177.7,255.2,1875.4,1,-0.4303879738,0.7148684859,0.5511165261,-0.4987915456,0.3205188811,-0.8052793145,-0.7523119450,-0.6214748025,0.2186228782,1,272.8,10.6,1858.7,1,0.5786173344,0.0249654464,-0.8152170777,0.0205291752,0.9987689853,0.0451576002,0.8153408766,-0.0428647064,0.5773924589,1,-43.0,-147.9,1918.1,1,0.3450009823,-0.0000000000,-0.9386023879,0.0000000000,1.0000000000,0.0000000000,0.9386023879,0.0000000000,0.3450009823,0,-52.9,-547.5,1935.2,1,0.9815464616,-0.1873594224,-0.0382520482,0.1797307432,0.9722094536,-0.1500191838,0.0652965084,0.1403757334,0.9879428744,1,138.5,-139.1,1947.6,1,0.9836685658,-0.1752629131,-0.0409754105,0.1683060974,0.9763494134,-0.1357013285,0.0637897253,0.1265887320,0.9899020791,1,213.4,-527.7,1891.5,1,84.8,-149.7,1558.8,1,155.6,-125.3,1653.8,1,-52.9,-932.2,1935.2,0,280.6,-901.9,1843.0,1,
6,0.9869444966,-0.0080928085,-0.1608370543,0.0449033529,0.9729498625,0.2265903801,0.1546544284,-0.2308536470,0.9606158733,1,40.0,452.7,1805.9,1,0.9869444966,-0.0080928085,-0.1608370543,0.0449033529,0.9729498625,0.2265903801,0.1546544284,-0.2308536470,0.9606158733,1,41.7,248.6,1854.4,1,0.9869598150,-0.0139750829,-0.1603384912,0.0435425304,0.9822517633,0.1824178845,0.1549452245,-0.1870200336,0.9700566530,1,44.5,52.1,1891.8,1,-0.0086376658,-0.6826971769,-0.7306504250,0.9705431461,0.1702100337,-0.1705126613,0.2407725155,-0.7106006145,0.6611168385,1,-94.4,242.6,1833.0,1,-0.6400365829,-0.6826972365,-0.3525307178,0.3298875093,0.1702100635,-0.9285488129,0.6939218640,-0.7106006742,0.1162725836,1,-91.8,-54.5,1759.3,1,0.3589907289,0.7115207911,0.6040396690,-0.9309367537,0.3193909526,0.1770486385,-0.0669510216,-0.6258815527,0.7770392299,1,177.9,254.6,1875.7,1,-0.4346054792,0.7115208507,0.5521380305,-0.4998750985,0.3193909824,-0.8050555587,-0.7491615415,-0.6258816123,0.2168624550,1,272.2,9.8,1858.1,1,0.5839308500,0.0227936581,-0.8114833832,0.0295413695,0.9983469844,0.0492999628,0.8112657070,-0.0527601019,0.5822923183,1,-43.7,-148.4,1914.9,1,0.3513390124,-0.0000000000,-0.9362483025,0.0000000000,1.0000000000,0.0000000000,0.9362483025,0.0000000000,0.3513390124,0,-52.8,-547.9,1936.0,1,0.9896020889,-0.1381491870,-0.0400326140,0.1326530874,0.9842045903,-0.1172370538,0.0555964857,0.1107075736,0.9922968149,1,138.3,-140.4,1943.5,1,0.9950218797,-0.0879876465,-0.0467923060,0.0847145244,0.9940922260,-0.0678533837,0.0524861254,0.0635516196,0.9965973496,0,193.6,-534.2,1899.2,1,88.6,-147.5,1563.7,1,153.9,-126.3,1654.1,1,-52.8,-932.6,1936.0,0,227.4,-916.6,1874.7,0,
7,0.9872890711,-0.0047681993,-0.1588419825,0.0400822945,0.9746984839,0.2198800147,0.1537763923,-0.2234512866,0.9625054598,1,39.8,455.4,1808.5,1,0.9872890711,-0.0047681993,-0.1588419825,0.0400822945,0.9746984839,0.2198800147,0.1537763923,-0.2234512866,0.9625054598,1,40.8,251.5,1855.2,1,0.9872675538,-0.0140352268,-0.1584269106,0.0423265286,0.9833576679,0.1766549647,0.1533126682,-0.1811107099,0.9714363813,1,43.6,54.8,1891.4,1,-0.0129508153,-0.6801589727,-0.7329502106,0.9711807966,0.1659094393,-0.1711199135,0.2379921228,-0.7140433192,0.6584086418,1,-95.4,245.7,1834.1,1,-0.6445668936,-0.6801590919,-0.3491665423,0.3285994232,0.1659094542,-0.9297831059,0.6903303266,-0.7140433192,0.1165601388,1,-91.4,-53.7,1760.7,1,0.3611797690,0.7074344158,0.6075242162,-0.9301321507,0.3196748197,0.1807268411,-0.0663578138,-0.6303526759,0.7734675407,1,177.0,257.4,1876.4,1,-0.4450385869,0.7074344754,0.5490694642,-0.4913803339,0.3196748495,-0.8101564050,-0.7486562729,-0.6303527951,0.2053517252,1,273.8,8.2,1858.6,1,0.5856671929,0.0207318328,-0.8102865815,0.0326424614,0.9982586503,0.0491349027,0.8098942637,-0.0552264340,0.5839705467,1,-44.7,-145.8,1913.5,1,0.3534198999,-0.0000000000,-0.9354647994,0.0000000000,1.0000000000,0.0000000000,0.9354647994,0.0000000000,0.3534198999,0,-53.0,-545.2,1935.6,1,0.9930942059,-0.1091235876,-0.0430786274,0.1052433774,0.9909012914,-0.0838954300,0.0518416390,0.0787823349,0.9955428839,1,137.5,-138.0,1941.8,1,0.9978623986,-0.0438862741,-0.0484199412,0.0422748439,0.9985334873,-0.0338173918,0.0498330519,0.0316981599,0.9982544184,0,181.2,-534.4,1910.3,1,90.3,-146.4,1566.1,1,152.6,-125.6,1654.7,1,-53.0,-929.9,1935.6,0,198.0,-918.6,1898.1,0,
8,0.9876696467,-0.0039376207,-0.1564815789,0.0384093523,0.9752113223,0.2178956717,0.1517463773,-0.2212186754,0.9633429646,1,40.4,454.7,1808.8,1,0.9876696467,-0.0039376207,-0.1564815789,0.0384093523,0.9752113223,0.2178956717,0.1517463773,-0.2212186754,0.9633429646,1,41.2,250.8,1855.0,1,0.9876607060,-0.0118767293,-0.1561364233,0.0395158865,0.9837457538,0.1751388013,0.1515201926,-0.1791469008,0.9720815420,1,43.6,54.0,1890.8,1,-0.0158192832,-0.6798055768,-0.7332218885,0.9719905257,0.1615183055,-0.1707222164,0.2344866097,-0.7153854370,0.6582095623,1,-95.0,245.4,1834.1,1,-0.6434987783,-0.6798055172,-0.3518150449,0.3365652859,0.1615183353,-0.9277045131,0.6874831915,-0.7153854370,0.1248620972,1,-90.2,-51.8,1762.4,1,0.3666992486,0.7090721726,0.6022859216,-0.9284865260,0.3197678626,0.1888419092,-0.0586891286,-0.6284625530,0.7756226063,1,177.5,256.3,1875.9,1,-0.4420978129,0.7090722322,0.5493324995,-0.4927314520,0.3197678924,-0.8092986345,-0.7495099902,-0.6284625530,0.2080135196,1,274.9,9.7,1860.3,1,0.5876536965,0.0172950346,-0.8089275956,0.0332520083,0.9984105825,0.0455024876,0.8084288239,-0.0536381751,0.5861446857,1,-45.1,-146.4,1912.7,1,0.3553921878,-0.0000000000,-0.9347172976,0.0000000000,1.0000000000,0.0000000000,0.9347172976,0.0000000000,0.3553921878,0,-52.1,-545.9,1934.2,1,0.9856778383,-0.1642070711,-0.0384112857,0.1592940539,0.9813520312,-0.1075813100,0.0553606078,0.0999218151,0.9934540391,1,137.1,-139.1,1940.7,1,0.9903226495,-0.1321268082,-0.0424681380,0.1282957047,0.9882625341,-0.0829293057,0.0529268533,0.0766782910,0.9956501722,1,202.6,-530.7,1900.8,1,91.4,-146.8,1568.5,1,154.5,-124.5,1656.2,1,-52.1,-930.6,1934.2,0,253.1,-908.0,1871.5,1,
9,0.9874973297,-0.0045959880,-0.1575478613,0.0383808874,0.9764920473,0.2120878696,0.1528712213,-0.2154823691,0.9644646645,1,39.5,456.3,1810.4,1,0.9874973297,-0.0045959880,-0.1575478613,0.0383808874,0.9764920473,0.2120878696,0.1528712213,-0.2154823691,0.9644646645,1,40.5,251.9,1855.5,1,0.9874961972,-0.0113623198,-0.1572116762,0.0385151096,0.9845525026,0.1707739681,0.1528444886,-0.1746929586,0.9726846218,1,42.8,54.9,1890.5,1,-0.0183659438,-0.6783197522,-0.7345374227,0.9721886516,0.1594405770,-0.1715458333,0.2334779501,-0.7172595263,0.6565264463,1,-95.7,246.6,1834.4,1,-0.6450470090,-0.6783196926,-0.3518477380,0.3382277191,0.1594405323,-0.9274593592,0.6852126122,-0.7172595263,0.1265798807,1,-90.1,-51.9,1762.7,1,0.3672319651,0.7077540755,0.6035105586,-0.9279057980,0.3236048222,0.1851236969,-0.0642768592,-0.6279842854,0.7755671144,1,176.7,257.2,1876.6,1,-0.4364912212,0.7077540159,0.5554814935,-0.4986389577,0.3236048222,-0.8041387796,-0.7488888502,-0.6279842257,0.2116630971,1,274.4,10.3,1859.5,1,0.5870684981,0.0119787548,-0.8094485998,0.0431981571,0.9980023503,0.0460994132,0.8083838224,-0.0620302036,0.5853782892,1,-45.7,-145.6,1911.4,1,0.3547290862,-0.0000000000,-0.9349691272,0.0000000000,1.0000000000,0.0000000000,0.9349691272,0.0000000000,0.3547290862,0,-50.5,-544.9,1936.2,1,0.9794589877,-0.1976264119,-0.0400511473,0.1922827810,0.9751954079,-0.1096419021,0.0607258305,0.0996885896,0.9931639433,1,135.8,-138.5,1939.5,1,0.9824061990,-0.1818562448,-0.0425026566,0.1770787835,0.9793642759,-0.0974107236,0.0593403280,0.0881705806,0.9943363070,1,214.7,-527.9,1899.6,1,91.8,-147.2,1569.6,1,155.6,-125.5,1655.6,1,-50.5,-929.6,1936.2,0,284.3,-902.7,1865.9,1,
10,0.9871271253,-0.0042995648,-0.1598591506,0.0407500230,0.9733960629,0.2254559100,0.1546386927,-0.2290672809,0.9610459805,1,39.7,455.4,1806.2,1,0.9871271253,-0.0042995648,-0.1598591506,0.0407500230,0.9733960629,0.2254559100,0.1546386927,-0.2290672809,0.9610459805,1,40.6,251.4,1854.2,1,0.9871255755,-0.0121208187,-0.1594664603,0.0409329087,0.9830530286,0.1786673665,0.1546001285,-0.1828938723,0.9708980918,1,43.1,54.8,1890.8,1,-0.0179282762,-0.6811266541,-0.7319461703,0.9735755920,0.1547959596,-0.1678951234,0.2276601046,-0.7156150341,0.6603530645,1,-95.5,245.8,1832.8,1,-0.6436907649,-0.6811267138,-0.3488963246,0.3391509354,0.1547959149,-0.9279088974,0.6860311627,-0.7156149149,0.1313640475,1,-90.0,-51.5,1763.3,1,0.3667840362,0.7077396512,0.6037996411,-0.9282730222,0.3213098645,0.1872674674,-0.0614701509,-0.6291776299,0.7748270631,1,176.8,257.1,1875.5,1,-0.4386133850,0.7077396512,0.5538256168,-0.4983171821,0.3213098645,-0.8052576780,-0.7478624582,-0.6291776299,0.2117480338,1,274.5,9.7,1859.1,1,0.5851461887,0.0138755012,-0.8108091950,0.0440509021,0.9978333712,0.0488668047,0.8097305298,-0.0643110946,0.5832671523,1,-46.1,-145.7,1913.0,1,0.3525799513,-0.0000000000,-0.9357816577,0.0000000000,1.0000000000,0.0000000000,0.9357816577,0.0000000000,0.3525799513,0,-51.6,-544.9,1938.7,1,0.9770792127,-0.2096706033,-0.0368006118,0.2035802007,0.9708723426,-0.1263401508,0.0622185096,0.1159524769,0.9913040996,1,137.1,-138.1,1941.7,1,0.9786706567,-0.2018731385,-0.0380945094,0.1960592717,0.9731854796,-0.1202949136,0.0613573343,0.1102603078,0.9920070767,1,220.8,-526.1,1895.3,1,92.0,-147.4,1569.3,1,155.1,-126.0,1655.5,1,-51.6,-929.7,1938.7,0,298.3,-899.4,1853.0,1,
11,0.9871219397,-0.0063511916,-0.1598220468,0.0441075899,0.9712710381,0.2338335663,0.1537471712,-0.2378710657,0.9590482116,1,39.8,454.2,1803.5,1,0.9871219397,-0.0063511916,-0.1598220468,0.0441075899,0.9712710381,0.2338335663,0.1537471712,-0.2378710657,0.9590482116,1,41.2,250.1,1853.5,1,0.9871297479,-0.0133978361,-0.1593383253,0.0433450788,0.9815884233,0.1860003918,0.1539143920,-0.1905124187,0.9695410728,1,43.9,53.8,1891.6,1,-0.0191124547,-0.7000066638,-0.7138805389,0.9724004269,0.1530478597,-0.1761071682,0.2325340658,-0.6975435615,0.6777616739,1,-95.0,244.2,1832.3,1,-0.6211277843,-0.7000067234,-0.3524072766,0.3515264094,0.1530478597,-0.9235830307,0.7004494667,-0.6975435019,0.1510085762,1,-89.2,-51.2,1761.6,1,0.3664174080,0.7079780102,0.6037429571,-0.9285549521,0.3196375370,0.1887265891,-0.0593646467,-0.6297612190,0.7745171189,1,177.3,256.1,1874.7,1,-0.4463952184,0.7079780102,0.5472646952,-0.4884611964,0.3196375370,-0.8119344711,-0.7497580051,-0.6297612190,0.2031350881,1,275.3,7.9,1858.9,1,0.5852648020,0.0145880897,-0.8107110262,0.0401227511,0.9980922937,0.0469251014,0.8098489046,-0.0599915572,0.5835630298,1,-45.3,-146.6,1915.4,1,0.3525840640,-0.0000000000,-0.9357801676,0.0000000000,0.9999999404,0.0000000000,0.9357801080,0.0000000000,0.3525840938,0,-51.1,-546.0,1939.4,1,0.9774599075,-0.2086972892,-0.0319015607,0.2024362236,0.9693816900,-0.1389919668,0.0599320382,0.1294010282,0.9897795916,1,138.4,-138.5,1944.0,1,0.9782599807,-0.2048130482,-0.0325402655,0.1986817867,0.9705821276,-0.1359990686,0.0594373830,0.1265772879,0.9901744127,1,221.8,-526.1,1892.3,1,86.8,-150.8,1563.2,1,153.7,-125.1,1654.7,1,-51.1,-930.7,1939.4,0,300.5,-898.9,1843.7,1,
12,0.9869860411,-0.0048476392,-0.1607121527,0.0434873663,0.9703338146,0.2378072292,0.1547933817,-0.2417007983,0.9579217434,1,39.9,454.2,1802.7,1,0.9869860411,-0.0048476392,-0.1607121527,0.0434873663,0.9703338146,0.2378072292,0.1547933817,-0.2417007983,0.9579217434,1,40.9,250.6,1853.4,1,0.9869794846,-0.0135776559,-0.1602514833,0.0441845283,0.9809739590,0.1890205890,0.1546377987,-0.1936394572,0.9688062072,1,43.6,54.4,1892.1,1,-0.0163214691,-0.7009844184,-0.7129897475,0.9705888629,0.1601904631,-0.1797115207,0.2401891202,-0.6949530244,0.6777532101,1,-95.2,244.5,1832.0,1,-0.6160938740,-0.7009844780,-0.3592341244,0.3548204005,0.1601904631,-0.9211089015,0.7032288313,-0.6949531436,0.1500312388,1,-90.2,-52.9,1758.4,1,0.3678534925,0.7060126662,0.6051693559,-0.9279998541,0.3201316893,0.1906094551,-0.0591612011,-0.6317133904,0.7729412317,1,177.0,256.7,1874.7,1,-0.4456710815,0.7060126662,0.5503848195,-0.4923899174,0.3201316893,-0.8093626499,-0.7476159334,-0.6317134500,0.2049600482,1,275.5,8.4,1858.9,1,0.5840507746,0.0211997852,-0.8114401698,0.0258367583,0.9986667633,0.0446878299,0.8113057017,-0.0470649563,0.5827244520,1,-44.8,-145.9,1916.6,1,0.3511874080,-0.0000000000,-0.9363052249,0.0000000000,1.0000000000,0.0000000000,0.9363052249,0.0000000000,0.3511874080,0,-53.3,-545.5,1935.4,1,0.9780327082,-0.2061981261,-0.0305684526,0.1997193396,0.9689310193,-0.1458932906,0.0597016439,0.1365832835,0.9888280034,1,137.5,-137.8,1945.1,1,0.9784298539,-0.2042581588,-0.0308827888,0.1978442669,0.9695390463,-0.1444016546,0.0594372861,0.1351769120,0.9890370965,1,219.9,-525.3,1890.5,1,84.4,-153.5,1559.0,1,154.1,-125.7,1655.3,1,-53.3,-930.2,1935.4,0,298.5,-898.0,1838.5,1,
13,0.9877959490,-0.0079452731,-0.1555293649,0.0453857854,0.9700263143,0.2387051880,0.1489727348,-0.2428502887,0.9585536718,1,40.2,452.7,1802.3,1,0.9877959490,-0.0079452731,-0.1555293649,0.0453857854,0.9700263143,0.2387051880,0.1489727348,-0.2428502887,0.9585536718,1,41.8,249.4,1853.2,1,0.9878323674,-0.0127864489,-0.1549746096,0.0419604182,0.9815570712,0.1864831895,0.1497336626,-0.1907162964,0.9701554775,1,44.4,53.0,1891.4,1,-0.0108646480,-0.6856293678,-0.7278696895,0.9723170400,0.1626704186,-0.1677436233,0.2334128320,-0.7095425725,0.6648817658,1,-94.4,243.6,1832.6,1,-0.6324648261,-0.6856293678,-0.3604172170,0.3494757414,0.1626704335,-0.9227161407,0.6912704706,-0.7095425725,0.1367275268,1,-91.1,-53.4,1761.3,1,0.3651710749,0.7074722648,0.6050893664,-0.9292687178,0.3159492910,0.1914044172,-0.0557642430,-0.6321859360,0.7728074789,1,178.1,255.2,1873.9,1,-0.4479824305,0.7074723244,0.5466213226,-0.4913698137,0.3159493506,-0.8116229773,-0.7469053268,-0.6321860552,0.2060907632,1,275.4,7.4,1859.0,1,0.5890368819,0.0110178702,-0.8080310225,0.0313078649,0.9988452196,0.0364424549,0.8074994087,-0.0467636809,0.5880116820,1,-44.3,-147.2,1915.7,1,0.3562447429,-0.0000000000,-0.9343927503,0.0000000000,0.9999999404,0.0000000000,0.9343926907,0.0000000000,0.3562447727,0,-48.7,-546.8,1934.4,1,0.9880352020,-0.1505575627,-0.0334514417,0.1462575644,0.9834911227,-0.1065552607,0.0489418954,0.1003878191,0.9937439561,1,138.1,-139.4,1943.4,1,0.9939461350,-0.1028713137,-0.0385837033,0.0998979807,0.9923622012,-0.0723722428,0.0457340367,0.0680796802,0.9966310859,0,198.4,-532.9,1903.2,1,88.6,-152.7,1564.8,1,153.4,-126.4,1655.6,1,-48.7,-931.6,1934.4,0,238.0,-914.7,1877.0,0,
14,0.9877277017,-0.0055772532,-0.1560650766,0.0409910344,0.9735739827,0.2246435285,0.1506897360,-0.2282832861,0.9618595243,1,40.5,454.5,1806.2,1,0.9877277017,-0.0055772532,-0.1560650766,0.0409910344,0.9735739827,0.2246435285,0.1506897360,-0.2282832861,0.9618595243,1,41.7,250.7,1854.0,1,0.9877254963,-0.0135540646,-0.1555893570,0.0412158966,0.9835265279,0.1759769171,0.1506427526,-0.1802289635,0.9720179439,1,44.4,53.9,1890.0,1,-0.0105209760,-0.6907961965,-0.7229729295,0.9709451199,0.1658031940,-0.1725535095,0.2390705198,-0.7037824988,0.6689808965,1,-94.6,245.0,1833.2,1,-0.6235705018,-0.6907962561,-0.3660059571,0.3560960293,0.1658031642,-0.9196221828,0.6959564686,-0.7037825584,0.1425998211,1,-91.4,-54.1,1759.5,1,0.3659887016,0.7022652626,0.6106355786,-0.9288588762,0.3160010576,0.1932991147,-0.0572142303,-0.6379395723,0.7679581046,1,177.9,256.4,1874.7,1,-0.4565931857,0.7022652626,0.5462107658,-0.4875935316,0.3160010278,-0.8138771057,-0.7441607118,-0.6379395723,0.1981360763,1,276.4,6.4,1859.3,1,0.5879014730,0.0217781439,-0.8086392879,0.0309724417,0.9982984662,0.0494037792,0.8083393574,-0.0540900901,0.5862267017,1,-44.1,-146.6,1912.2,1,0.3559511602,-0.0000000000,-0.9345045686,0.0000000000,0.9999999404,0.0000000000,0.9345045090,0.0000000000,0.3559511900,0,-52.8,-546.1,1933.8,1,0.9923397303,-0.1169714034,-0.0397435501,0.1138349324,0.9907640815,-0.0736757219,0.0479944348,0.0685871392,0.9964900017,1,138.3,-139.0,1940.0,1,0.9977100492,-0.0513253212,-0.0440486148,0.0497455485,0.9981041551,-0.0362413228,0.0458252020,0.0339671150,0.9983717799,0,185.1,-535.4,1912.5,1,86.1,-155.4,1561.5,1,152.1,-126.4,1656.7,1,-52.8,-930.8,1933.8,0,204.8,-919.4,1899.5,0,
15,0.9871879816,-0.0055531077,-0.1594440788,0.0454218686,0.9678115845,0.2475254238,0.1529390663,-0.2515958846,0.9556691647,1,40.4,453.2,1799.1,1,0.9871879816,-0.0055531077,-0.1594440788,0.0454218686,0.9678115845,0.2475254238,0.1529390663,-0.2515958846,0.9556691647,1,41.5,250.3,1851.8,1,0.9871722460,-0.0158570968,-0.1588491946,0.0468621626,0.9799948335,0.1934040338,0.1526062787,-0.1983665079,0.9681717753,1,44.7,54.3,1891.5,1,-0.0080051143,-0.6791362762,-0.7339684963,0.9730622768,0.1638291627,-0.1622028798,0.2304033190,-0.7154954672,0.6595304608,1,-94.6,243.8,1830.8,1,-0.6380366683,-0.6791364551,-0.3628816605,0.3501483202,0.1638291925,-0.9222561121,0.6857882142,-0.7154955864,0.1332694292,1,-92.2,-54.0,1760.3,1,0.3702559471,0.6971619725,0.6139021516,-0.9274861813,0.3142753541,0.2024858147,-0.0517688952,-0.6443573236,0.7629703283,1,177.7,256.7,1872.9,1,-0.4628771245,0.6971619129,0.5474578142,-0.4890245795,0.3142753541,-0.8136867285,-0.7393237948,-0.6443573236,0.1954584420,1,277.7,6.2,1858.9,1,0.5851710439,0.0238075759,-0.8105603456,0.0348048359,0.9979104400,0.0544371717,0.8101626635,-0.0600664727,0.5831196308,1,-44.2,-146.1,1916.9,1,0.3529201448,-0.0000000000,-0.9356534481,0.0000000000,0.9999999404,0.0000000000,0.9356533885,0.0000000000,0.3529201746,0,-53.7,-545.4,1941.0,1,0.9846886396,-0.1710958630,-0.0333856195,0.1662072986,0.9792232513,-0.1161763892,0.0525692739,0.1088486239,0.9926673770,1,140.0,-137.4,1945.4,1,0.9896408319,-0.1388380677,-0.0365389511,0.1347200274,0.9860401750,-0.0978538692,0.0496147163,0.0919176638,0.9945297837,1,208.2,-527.8,1902.0,1,89.3,-153.6,1565.2,1,151.7,-127.0,1657.6,1,-53.7,-930.1,1941.0,0,261.1,-903.9,1867.0,1,
16,0.9868939519,-0.0064796731,-0.1612192094,0.0464028306,0.9683727622,0.2451372892,0.1545336396,-0.2494050413,0.9559867978,1,40.9,453.2,1800.5,1,0.9868939519,-0.0064796731,-0.1612192094,0.0464028306,0.9683727622,0.2451372892,0.1545336396,-0.2494050413,0.9559867978,1,42.2,250.0,1852.8,1,0.9868811965,-0.0160971917,-0.1606232375,0.0475096665,0.9799041152,0.1937055886,0.1542789638,-0.1987949759,0.9678187370,1,45.5,53.9,1892.6,1,-0.0042127012,-0.6785822511,-0.7345123887,0.9707098007,0.1736714244,-0.1660144329,0.2402182519,-0.7136977315,0.6579747796,1,-93.9,243.4,1831.5,1,-0.6337444782,-0.6785821915,-0.3713409007,0.3527874947,0.1736714393,-0.9194451571,0.6884102821,-0.7136976719,0.1293320358,1,-92.6,-55.6,1757.5,1,0.3730157614,0.6786521077,0.6326853037,-0.9259939194,0.3151221275,0.2079265267,-0.0582633577,-0.6634226441,0.7459731698,1,178.4,256.5,1874.1,1,-0.4752490222,0.6786521077,0.5599730015,-0.5002726316,0.3151220977,-0.8064895868,-0.7237856388,-0.6634225845,0.1897495836,1,278.7,7.5,1858.4,1,0.5833137631,0.0280149095,-0.8117638230,0.0144767966,0.9988875985,0.0448754579,0.8121179938,-0.0379282050,0.5822594166,1,-42.9,-146.5,1918.0,1,0.3504293561,-0.0000000000,-0.9365891218,0.0000000000,0.9999999404,0.0000000000,0.9365890622,0.0000000000,0.3504293859,0,-54.2,-546.1,1933.2,1,0.9824808240,-0.1837670356,-0.0309991930,0.1778947264,0.9743429422,-0.1378734410,0.0555404387,0.1299434155,0.9899646640,1,140.3,-137.7,1946.7,1,0.9852741957,-0.1678293943,-0.0326831415,0.1623649001,0.9782835245,-0.1288372874,0.0535960644,0.1216334477,0.9911270738,1,213.7,-526.7,1894.8,1,87.7,-156.0,1561.7,1,149.3,-128.6,1661.4,1,-54.2,-930.9,1933.2,0,277.9,-901.1,1848.2,1,
17,0.9873154163,-0.0037192404,-0.1587070227,0.0452053025,0.9649176002,0.2586151659,0.1521790773,-0.2625086904,0.9528509378,1,40.7,453.2,1796.7,1,0.9873154163,-0.0037192404,-0.1587070227,0.0452053025,0.9649176002,0.2586151659,0.1521790773,-0.2625086904,0.9528509378,1,41.4,250.2,1851.9,1,0.9872871637,-0.0152543979,-0.1581924409,0.0480978750,0.9773774147,0.2059392631,0.1514739543,-0.2109293789,0.9656909108,1,44.5,54.7,1894.1,1,-0.0096289413,-0.6750945449,-0.7376684546,0.9718441367,0.1673656404,-0.1658542752,0.2354276478,-0.7184957266,0.6544751525,1,-94.7,243.6,1831.0,1,-0.6409795880,-0.6750944257,-0.3652294576,0.3490931392,0.1673656255,-0.9220210314,0.6835780740,-0.7184957862,0.1283928901,1,-91.8,-54.8,1758.7,1,0.3735799789,0.6684491634,0.6431282163,-0.9255462289,0.3147044480,0.2105360031,-0.0616626963,-0.6738969088,0.7362477779,1,177.6,256.9,1872.8,1,-0.4834504426,0.6684491634,0.5652003884,-0.5046970844,0.3147043884,-0.8038918972,-0.7152317166,-0.6738969088,0.1852203608,1,277.8,8.6,1856.3,1,0.5850247741,0.0297544431,-0.8104693890,0.0113201896,0.9989297986,0.0448446199,0.8109363317,-0.0354098864,0.5840618610,1,-43.5,-145.2,1922.4,1,0.3520959318,-0.0000000000,-0.9359639287,0.0000000000,1.0000000000,0.0000000000,0.9359639287,0.0000000000,0.3520959318,0,-55.4,-544.9,1936.5,1,0.9809540510,-0.1929587871,-0.0222681928,0.1870117933,0.9692081213,-0.1601941288,0.0524933785,0.1529786885,0.9868342876,1,138.5,-136.4,1950.3,1,0.9824542403,-0.1850629300,-0.0231371913,0.1793082058,0.9713804722,-0.1557836533,0.0513047948,0.1489016265,0.9875201583,1,215.6,-523.6,1889.1,1,90.2,-153.9,1564.7,1,146.2,-128.8,1661.6,1,-55.4,-929.6,1936.5,0,286.6,-896.2,1832.0,1,
18,0.9878226519,-0.0055382075,-0.1554647535,0.0472392850,0.9628478289,0.2658639848,0.1482182294,-0.2699700594,0.9513894320,1,41.3,451.6,1794.8,1,0.9878226519,-0.0055382075,-0.1554647535,0.0472392850,0.9628478289,0.2658639848,0.1482182294,-0.2699700594,0.9513894320,1,42.5,248.8,1851.7,1,0.9878284335,-0.0137394117,-0.1549185365,0.0466568843,0.9763852358,0.2109170556,0.1483639926,-0.2155773640,0.9651471376,1,45.2,53.5,1894.8,1,0.0011747733,-0.6897060275,-0.7240885496,0.9724888206,0.1694622189,-0.1598376930,0.2329466790,-0.7039802670,0.6709304452,1,-93.8,242.3,1831.2,1,-0.6207635999,-0.6897059083,-0.3727709353,0.3621343374,0.1694621891,-0.9165922403,0.6953496337,-0.7039802074,0.1445702612,1,-94.2,-50.5,1761.1,1,0.3742952943,0.6656379700,0.6456230283,-0.9253652692,0.3131735027,0.2135916650,-0.0600173287,-0.6773834825,0.7331776619,1,178.7,255.2,1872.1,1,-0.4813134074,0.6656379104,0.5703188181,-0.5135149360,0.3131735027,-0.7988896966,-0.7103800178,-0.6773835421,0.1910804212,1,278.0,9.8,1856.2,1,0.5876697302,0.0274965167,-0.8086335063,-0.0028265389,0.9994860888,0.0319320336,0.8090959191,-0.0164798573,0.5874453783,1,-43.6,-146.2,1924.2,1,0.3542372882,-0.0000000000,-0.9351555705,0.0000000000,1.0000000000,0.0000000000,0.9351555705,0.0000000000,0.3542372882,0,-54.6,-546.1,1930.8,1,0.9812462330,-0.1920473874,-0.0165458638,0.1864393353,0.9673726559,-0.1715537310,0.0489524603,0.1652516574,0.9850358367,1,139.5,-137.5,1951.7,1,0.9820011854,-0.1881108135,-0.0169731453,0.1825947315,0.9684882760,-0.1693800092,0.0483005047,0.1632321477,0.9854047298,1,216.3,-524.3,1885.6,1,81.9,-153.2,1563.9,1,146.9,-130.0,1662.8,1,-54.6,-930.8,1930.8,0,288.5,-896.3,1822.9,1,
19,0.9886978865,-0.0063209799,-0.1497664750,0.0455665439,0.9644984603,0.2601107061,0.1428071111,-0.2639947534,0.9538906217,1,40.8,453.3,1795.9,1,0.9886978865,-0.0063209799,-0.1497664750,0.0455665439,0.9644984603,0.2601107061,0.1428071111,-0.2639947534,0.9538906217,1,42.2,249.6,1851.7,1,0.9887028337,-0.0140008712,-0.1492117643,0.0450941175,0.9772736430,0.2071077973,0.1429227293,-0.2114960998,0.9668697119,1,45.0,54.1,1894.0,1,0.0110016707,-0.6893137693,-0.7243794799,0.9718425870,0.1778919399,-0.1545204520,0.2353743315,-0.7022828460,0.6718614697,1,-94.2,243.4,1831.9,1,-0.6169801354,-0.6893137097,-0.3797132075,0.3639346659,0.1778919101,-0.9142789841,0.6977729201,-0.7022827864,0.1411093771,1,-97.5,-50.8,1760.7,1,0.3717210293,0.6648767591,0.6478907466,-0.9260672927,0.3144242764,0.2086545527,-0.0649829879,-0.6775516868,0.7325987816,1,178.5,255.8,1871.4,1,-0.4784878194,0.6648768187,0.5735750794,-0.5172560215,0.3144242764,-0.7959797382,-0.7095742822,-0.6775517464,0.1934633404,1,277.2,9.9,1854.1,1,0.5924587846,0.0262427423,-0.8051732779,-0.0077320873,0.9996083975,0.0268905219,0.8055635691,-0.0097058564,0.5924298167,1,-43.3,-145.6,1923.1,1,0.3595193624,-0.0000000000,-0.9331375957,0.0000000000,1.0000000000,0.0000000000,0.9331375957,0.0000000000,0.3595193624,0,-53.8,-545.5,1927.0,1,0.9806746244,-0.1951795816,-0.0134960571,0.1904018074,0.9679803848,-0.1635880768,0.0449929722,0.1578570008,0.9864364266,1,138.9,-137.3,1949.4,1,0.9810606241,-0.1932144612,-0.0137123158,0.1884770393,0.9685390592,-0.1625064760,0.0446795151,0.1568442583,0.9866122007,1,216.9,-524.4,1886.3,1,77.4,-154.0,1562.9,1,147.0,-130.9,1660.9,1,-53.8,-930.2,1927.0,0,291.2,-896.7,1826.0,1,
20,0.9882786870,-0.0028625214,-0.1526122242,0.0461338758,0.9586592913,0.2807759345,0.1455011517,-0.2845250964,0.9475596547,1,41.2,452.3,1789.9,1,0.9882786870,-0.0028625214,-0.1526122242,0.0461338758,0.9586592913,0.2807759345,0.1455011517,-0.2845250964,0.9475596547,1,41.8,249.5,1850.1,1,0.9882494807,-0.0149778444,-0.1520924419,0.0492982045,0.9732242227,0.2244887501,0.1446594000,-0.2293483317,0.9625318646,1,44.8,54.8,1896.0,1,0.0153225102,-0.6937992573,-0.7200055122,0.9725655913,0.1775112003,-0.1503529847,0.2321238071,-0.6979488134,0.6774851680,1,-94.5,242.7,1830.2,1,-0.6080823541,-0.6937991977,-0.3858477473,0.3748481572,0.1775111854,-0.9099333286,0.6998032331,-0.6979486942,0.1521279365,1,-99.1,-48.0,1760.8,1,0.3695083261,0.6627541184,0.6513221860,-0.9267060757,0.3144292533,0.2057912201,-0.0684057698,-0.6796258092,0.7303625345,1,178.1,256.3,1870.1,1,-0.4776196182,0.6627541184,0.5767464638,-0.5215110183,0.3144292235,-0.7931964397,-0.7070400715,-0.6796258092,0.1954559982,1,276.4,9.8,1851.9,1,0.5821996927,0.0742695332,-0.8096465468,-0.1068276465,0.9941735268,0.0143788420,0.8059971333,0.0781212822,0.5867415667,1,-43.4,-144.4,1928.5,1,0.3513897359,0.0610967837,-0.9342336655,-0.0992830545,0.9946734905,0.0277064610,0.9309502244,0.0830177963,0.3555839062,1,-72.9,-540.1,1897.4,1,0.9802313447,-0.1977293342,-0.0070290794,0.1928794235,0.9628980160,-0.1887454540,0.0440887995,0.1836584657,0.9820008278,1,138.9,-135.3,1955.2,1,0.9804273844,-0.1967507750,-0.0071370788,0.1919220537,0.9631930590,-0.1882151812,0.0439058691,0.1831615716,0.9821017981,1,218.0,-520.4,1881.8,1,73.2,-154.3,1562.5,1,146.3,-132.2,1659.4,1,-96.3,-920.8,1865.7,1,293.6,-890.6,1811.4,1,
21,0.9886314273,-0.0010280747,-0.1503341943,0.0468433052,0.9522956610,0.3015456498,0.1428543478,-0.3051593602,0.9415225983,1,41.3,449.3,1783.9,1,0.9886314273,-0.0010280747,-0.1503341943,0.0468433052,0.9522956610,0.3015456498,0.1428543478,-0.3051593602,0.9415225983,1,41.5,247.6,1848.6,1,0.9886144996,-0.0124586448,-0.1499322653,0.0492543578,0.9684423208,0.2443037182,0.1421587765,-0.2489066571,0.9580349326,1,44.0,53.9,1898.4,1,0.0040169186,-0.6806182265,-0.7326273322,0.9707037807,0.1786675155,-0.1606616527,0.2402459383,-0.7105187774,0.6613963246,1,-94.8,240.8,1829.0,1,-0.6253674626,-0.6806182265,-0.3816732168,0.3635497093,0.1786675006,-0.9142808914,0.6904687881,-0.7105187178,0.1357057244,1,-96.1,-50.5,1756.9,1,0.3671829104,0.6489182711,0.6663946509,-0.9272764325,0.3116340339,0.2074672431,-0.0730419457,-0.6941105127,0.7161533237,1,177.9,254.3,1868.2,1,-0.4892691970,0.6489182115,0.5826840997,-0.5277283192,0.3116340339,-0.7901816368,-0.6943474412,-0.6941103935,0.1899796277,1,274.8,9.6,1848.9,1,0.5877608657,0.0479142554,-0.8076146245,-0.0849214792,0.9963840246,-0.0026900477,0.8045653105,0.0701649338,0.5897045135,1,-44.4,-144.3,1935.1,1,0.3537513912,0.0305074640,-0.9348418117,-0.0495761596,0.9986746311,0.0138305649,0.9340247512,0.0414532870,0.3547949493,0,-63.5,-543.0,1907.0,1,0.9797036052,-0.2004391700,0.0022289092,0.1964579523,0.9579170346,-0.2092826813,0.0398133360,0.2054728866,0.9778526425,1,137.4,-135.3,1961.2,1,0.9798033834,-0.1999518871,0.0021752079,0.1959809959,0.9580712318,-0.2090239823,0.0397107340,0.2052286714,0.9779081941,1,217.5,-518.4,1879.0,1,80.9,-153.4,1561.6,1,141.6,-134.1,1659.9,1,-75.3,-927.2,1891.1,0,294.4,-886.7,1800.1,1,
22,0.9890600443,-0.0025377308,-0.1474697888,0.0491528213,0.9483609200,0.3133474588,0.1390611529,-0.3171677589,0.9381156564,1,41.3,446.9,1780.4,1,0.9890600443,-0.0025377308,-0.1474697888,0.0491528213,0.9483609200,0.3133474588,0.1390611529,-0.3171677589,0.9381156564,1,41.8,245.7,1847.7,1,0.9890676737,-0.0104326485,-0.1470706165,0.0480205677,0.9658925533,0.2544334531,0.1394017190,-0.2587140501,0.9558393359,1,43.9,52.5,1899.5,1,0.0068842950,-0.6743854284,-0.7383474112,0.9694721699,0.1854822785,-0.1603749096,0.2451048791,-0.7147032022,0.6550747752,1,-94.6,239.0,1828.5,1,-0.6246336102,-0.6743855476,-0.3937476873,0.3728500307,0.1854823232,-0.9091640711,0.6861602068,-0.7147033215,0.1355861723,1,-96.6,-50.1,1755.4,1,0.3622800708,0.6194879413,0.6964105964,-0.9282549620,0.3073250353,0.2095087767,-0.0842362940,-0.7223474383,0.6863805652,1,178.3,252.3,1867.0,1,-0.5179278255,0.6194880009,0.5899029374,-0.5314689875,0.3073251247,-0.7893618345,-0.6702920794,-0.7223476171,0.1700664312,1,273.5,8.3,1844.8,1,0.5921462178,0.0321843252,-0.8051875234,-0.0781994313,0.9967811108,-0.0176664125,0.8020271659,0.0734263211,0.5927570462,1,-45.1,-145.1,1938.4,1,0.3556932211,0.0152282715,-0.9344787598,-0.0247568227,0.9996699691,0.0068673696,0.9342749715,0.0206920467,0.3559527993,0,-58.0,-544.0,1909.0,1,0.9796568751,-0.2004920542,0.0086840605,0.1973742694,0.9547945261,-0.2222853899,0.0362749621,0.2194774002,0.9749429822,1,137.2,-136.3,1964.1,1,0.9797068238,-0.2002487928,0.0086576501,0.1971361190,0.9548732042,-0.2221586555,0.0362200439,0.2193570584,0.9749721289,1,217.4,-518.2,1876.3,1,79.9,-155.5,1561.4,1,132.6,-136.3,1662.4,1,-63.9,-928.6,1901.0,0,294.4,-885.4,1791.9,1,
23,0.9883723259,-0.0027432900,-0.1520064473,0.0513002016,0.9472081661,0.3164741099,0.1431153566,-0.3205920458,0.9363402724,1,42.2,445.1,1779.2,1,0.9883723259,-0.0027432900,-0.1520064473,0.0513002016,0.9472081661,0.3164741099,0.1431153566,-0.3205920458,0.9363402724,1,42.8,244.5,1847.1,1,0.9883890152,-0.0093967598,-0.1516322047,0.0486816019,0.9650398493,0.2575245798,0.1439129710,-0.2619159520,0.9542974830,1,44.6,51.4,1899.5,1,0.0113551281,-0.6963396668,-0.7176226377,0.9708216190,0.1795944721,-0.1589065492,0.2395339608,-0.6948791742,0.6780608892,1,-93.6,237.8,1827.2,1,-0.6020909548,-0.6963396072,-0.3906374574,0.3807897866,0.1795944571,-0.9070529342,0.7017731667,-0.6948791742,0.1570268422,1,-96.9,-48.3,1756.7,1,0.3545030951,0.6078565121,0.7105195522,-0.9302580953,0.3061402440,0.2022324204,-0.0945903435,-0.7326586246,0.6739911437,1,179.1,251.2,1866.9,1,-0.5333752632,0.6078565717,0.5882357359,-0.5261141658,0.3061402440,-0.7933990955,-0.6623553634,-0.7326586246,0.1565143019,1,272.7,5.5,1842.0,1,0.5894646049,0.0244044419,-0.8074256182,-0.0728257522,0.9970787764,-0.0230300464,0.8045048714,0.0723767579,0.5895198584,1,-44.9,-146.1,1938.6,1,0.3511784077,0.0076058935,-0.9362776279,-0.0123477848,0.9999176860,0.0034914766,0.9362271428,0.0103348242,0.3512434065,0,-54.7,-545.1,1909.6,1,0.9793722630,-0.2020099759,0.0046849786,0.1980000734,0.9547889233,-0.2217523903,0.0403230302,0.2181057781,0.9750917554,1,138.0,-137.1,1965.2,1,0.9793974161,-0.2018884420,0.0046715145,0.1978812963,0.9548284411,-0.2216883749,0.0402958244,0.2180454135,0.9751063585,1,218.8,-519.1,1877.9,1,73.2,-155.8,1558.4,1,127.5,-137.6,1661.7,1,-57.6,-929.7,1905.6,0,296.5,-886.3,1794.1,1,
24,0.9890965819,-0.0043492797,-0.1471819133,0.0538914762,0.9408966899,0.3343651295,0.1370304823,-0.3386512101,0.9308772087,1,42.1,442.1,1773.1,1,0.9890965819,-0.0043492797,-0.1471819133,0.0538914762,0.9408966899,0.3343651295,0.1370304823,-0.3386512101,0.9308772087,1,43.1,242.0,1845.1,1,0.9891328812,-0.0084788995,-0.1467574388,0.0485101491,0.9612313509,0.2714254260,0.1387681812,-0.2755949497,0.9512020946,1,44.7,49.7,1900.2,1,0.0196692422,-0.6942274570,-0.7194868326,0.9712609649,0.1839980334,-0.1509861201,0.2372028828,-0.6958397031,0.6778951883,1,-93.4,235.3,1825.9,1,-0.6037533879,-0.6942274570,-0.3918290734,0.3774337471,0.1839980185,-0.9075728655,0.7021577358,-0.6958397031,0.1509354562,1,-99.2,-51.3,1755.9,1,0.3501257300,0.6074073315,0.7130696177,-0.9315795898,0.3053072989,0.1973497272,-0.0978337079,-0.7333783507,0.6727442145,1,179.5,248.7,1864.2,1,-0.5306484699,0.6074073911,0.5911586881,-0.5310720801,0.3053073287,-0.7904112339,-0.6605866551,-0.7333784103,0.1605662405,1,271.3,4.5,1838.6,1,0.5839098692,0.0687400997,-0.8089029193,-0.1535021365,0.9877830744,-0.0268649161,0.7971739173,0.1398550272,0.5873280168,1,-45.0,-147.0,1942.5,1,0.3517111242,0.0605095476,-0.9341509342,-0.1234770715,0.9921882153,0.0177793559,0.9279293418,0.1090930179,0.3564351201,1,-72.4,-540.8,1886.8,1,0.9798581004,-0.1992534101,0.0132848118,0.1969117075,0.9529869556,-0.2303079814,0.0332293957,0.2282850444,0.9730271697,1,137.9,-138.1,1968.2,1,0.9798704386,-0.1991926283,0.0132782944,0.1968521774,0.9530067444,-0.2302766144,0.0332150981,0.2282550782,0.9730346799,1,217.6,-519.3,1876.8,1,71.4,-158.0,1557.6,1,126.8,-140.1,1658.7,1,-95.5,-919.9,1845.1,1,294.2,-885.9,1789.0,1,
