1,0.8194453120,-0.2381284237,0.5213481188,0.0812700838,0.9486920238,0.3055810630,-0.5673652887,-0.2080372125,0.7967537045,1,-52.9,396.5,2230.7,1,0.8194453120,-0.2381284237,0.5213481188,0.0812700838,0.9486920238,0.3055810630,-0.5673652887,-0.2080372125,0.7967537045,1,-2.5,195.9,2274.7,1,0.8201251030,-0.2202432454,0.5280977488,0.0784428939,0.9575151801,0.2775115371,-0.5667805672,-0.1861688793,0.8025585413,1,43.7,-4.8,2313.7,1,0.0000202656,-1.0000001192,0.0000843466,1.0000001192,0.0000202656,0.0000200497,-0.0000200514,0.0000843462,1.0000000000,0,-121.8,184.5,2357.1,1,0.0029304028,-0.9999095798,0.0131560117,0.9999952912,0.0029469132,0.0012390935,-0.0012777569,0.0131523125,0.9999126792,0,-121.8,-89.6,2357.1,0,0.3958485126,-0.1768782288,0.9011204839,-0.9177300334,-0.0411517769,0.3950673044,-0.0327960998,-0.9833721519,-0.1786163300,1,116.8,207.3,2192.3,1,-0.0449241214,-0.1763340980,0.9833047390,-0.9983366132,-0.0276781190,-0.0505743586,0.0361340046,-0.9839411378,-0.1747974008,1,228.9,-52.7,2183.0,1,0.9227696061,-0.0815424696,0.3766256869,0.0549936295,0.9952174425,0.0807327852,-0.3814076185,-0.0537857451,0.9228408933,1,10.5,-213.0,2407.5,1,0.9272124767,0.0651339740,0.3688282669,-0.1327603608,0.9779772162,0.1610438973,-0.3502162099,-0.1982877254,0.9154400229,1,44.7,-630.1,2430.1,1,0.7449060678,0.0567376055,0.6647523642,0.0445827805,0.9899169803,-0.1344493330,-0.6656779647,0.1297886372,0.7348657846,1,169.1,-197.8,2297.9,1,0.7310878038,-0.2905111909,0.6173442602,0.0915803537,0.9384164214,0.3331482708,-0.6761092544,-0.1870240271,0.7126698494,1,145.4,-612.7,2243.5,1,-122.6,-363.6,2357.5,0,216.4,-330.6,2193.0,1,18.5,-1023.3,2509.8,1,262.4,-990.9,2318.9,1,
2,0.8226173520,-0.2374559790,0.5166381001,0.0816097856,0.9485231042,0.3060146570,-0.5627071857,-0.2095704675,0.7996500134,1,-52.3,395.6,2229.6,1,0.8226173520,-0.2374559790,0.5166381001,0.0816097856,0.9485231042,0.3060146570,-0.5627071857,-0.2095704675,0.7996500134,1,-2.1,195.1,2273.9,1,0.8230533600,-0.2195302248,0.5238217711,0.0797909424,0.9578269124,0.2760475576,-0.5623303652,-0.1854058355,0.8058589101,1,43.9,-5.7,2312.7,1,0.0000160336,-1.0000001192,0.0000674773,1.0000001192,0.0000160336,0.0000160399,-0.0000160410,0.0000674770,1.0000000000,0,-121.8,183.5,2355.6,1,0.0026375651,-0.9999265671,0.0118403230,0.9999960661,0.0026509762,0.0011169361,-0.0011482444,0.0118373279,0.9999292493,0,-121.8,-90.6,2355.7,0,0.3929246068,-0.1737932265,0.9029985070,-0.9188161492,-0.0344288498,0.3931812644,-0.0372430310,-0.9841802120,-0.1732119769,1,117.6,206.7,2192.1,1,-0.0463609695,-0.1735608131,0.9837313890,-0.9981923103,-0.0296593327,-0.0522753000,0.0382497534,-0.9843766093,-0.1718719900,1,228.8,-53.3,2181.5,1,0.9251176119,-0.0770500153,0.3717803359,0.0511914343,0.9955636859,0.0789447501,-0.3762136996,-0.0540012047,0.9249579310,1,10.3,-214.1,2406.0,1,0.9296258092,0.0525003970,0.3647460043,-0.1164284199,0.9809432626,0.1555464715,-0.3496288955,-0.1870667785,0.9180227518,1,42.6,-631.4,2428.6,1,0.7482102513,0.0488684289,0.6616594791,0.0432490967,0.9915699363,-0.1221412122,-0.6620505452,0.1200034767,0.7397893667,1,169.6,-198.7,2297.2,1,0.7351617217,-0.2740029395,0.6200481653,0.0909733996,0.9462752342,0.3103017211,-0.6717597842,-0.1717140526,0.7205922008,1,149.1,-614.2,2246.9,1,-122.5,-364.7,2356.0,0,215.9,-331.2,2192.2,1,21.5,-1026.2,2503.9,1,259.5,-995.5,2316.1,1,
3,0.8214995861,-0.2296043187,0.5219386816,0.0751870051,0.9509724379,0.2999992967,-0.5652294755,-0.2072064728,0.7984862924,1,-49.6,398.0,2230.5,1,0.8214995861,-0.2296043187,0.5219386816,0.0751870051,0.9509724379,0.2999992967,-0.5652294755,-0.2072064728,0.7984862924,1,-1.3,197.7,2274.1,1,0.8220031857,-0.2125979066,0.5283110142,0.0730112121,0.9593907595,0.2724701464,-0.5647823215,-0.1853988767,0.8041439652,1,43.3,-3.4,2313.0,1,0.0000126958,-1.0000001192,0.0000539818,1.0000001192,0.0000126958,0.0000128320,-0.0000128327,0.0000539816,1.0000000000,0,-120.8,187.1,2356.3,1,0.0023739338,-0.9999405742,0.0106562134,0.9999968410,0.0023848414,0.0010066596,-0.0010320148,0.0106537882,0.9999427199,0,-120.8,-87.0,2356.3,0,0.3879863322,-0.1760257334,0.9046997428,-0.9209675789,-0.0358632617,0.3879851699,-0.0358498804,-0.9837321043,-0.1760284752,1,118.3,208.3,2192.0,1,-0.0475552119,-0.1756442487,0.9833044410,-0.9982686043,-0.0257591046,-0.0528801791,0.0346171409,-0.9841166735,-0.1741151512,1,228.8,-54.1,2181.8,1,0.9236378670,-0.0801241919,0.3747975528,0.0536861755,0.9953098297,0.0804749280,-0.3794876933,-0.0542082489,0.9236073494,1,8.3,-211.5,2406.5,1,0.9288898706,0.0516481027,0.3667371869,-0.1192463338,0.9792045951,0.1641301811,-0.3506337404,-0.1961909235,0.9157320261,1,41.9,-628.7,2429.2,1,0.7467626929,0.0496410839,0.6632353067,0.0402721763,0.9920058846,-0.1195925549,-0.6638700366,0.1160172001,0.7387939095,1,167.3,-197.4,2297.2,1,0.7315120697,-0.2757390738,0.6235848665,0.0965300575,0.9472476244,0.3056204617,-0.6749607921,-0.1633703560,0.7195401788,1,146.5,-613.1,2248.6,1,-121.5,-361.1,2356.6,0,215.6,-332.1,2191.4,1,21.1,-1023.0,2508.2,1,257.6,-994.8,2314.4,1,
4,0.8204351664,-0.2256714553,0.5253171325,0.0739712939,0.9529812932,0.2938643098,-0.5669332147,-0.2022383958,0.7985522151,1,-50.3,398.6,2232.0,1,0.8204351664,-0.2256714553,0.5253171325,0.0739712939,0.9529812932,0.2938643098,-0.5669332147,-0.2022383958,0.7985522151,1,-2.8,197.7,2274.6,1,0.8212402463,-0.2079374194,0.5313436389,0.0704175755,0.9610481262,0.2672622204,-0.5662196875,-0.1820707321,0.8038935661,1,40.8,-3.7,2312.8,1,0.0000099540,-1.0000001192,0.0000431854,1.0000001192,0.0000099540,0.0000102657,-0.0000102661,0.0000431853,1.0000000000,0,-122.2,187.4,2357.0,1,0.0021367669,-0.9999518394,0.0095905252,0.9999973774,0.0021455884,0.0009071399,-0.0009276741,0.0095885601,0.9999536276,0,-122.2,-86.6,2357.0,0,0.3935234547,-0.1764658391,0.9022190571,-0.9185718894,-0.0360349081,0.3936080337,-0.0369469859,-0.9836470485,-0.1762771308,1,116.7,207.9,2192.2,1,-0.0454868786,-0.1762925982,0.9832862616,-0.9982267618,-0.0298125166,-0.0515230857,0.0383973755,-0.9838862419,-0.1746238917,1,228.5,-53.1,2181.7,1,0.9228172302,-0.0742421374,0.3780163825,0.0543597378,0.9965310693,0.0630144551,-0.3813834190,-0.0376019552,0.9236518741,1,5.0,-211.9,2405.7,1,0.9306011796,0.0352078974,0.3643375635,-0.1147097722,0.9732747078,0.1989421248,-0.3475962281,-0.2269288450,0.9097693563,1,36.1,-629.6,2421.4,1,0.7460805774,0.0454979874,0.6642995477,0.0472376384,0.9915324450,-0.1209632158,-0.6641781330,0.1216282398,0.7376137972,1,163.8,-198.3,2296.1,1,0.7329621315,-0.2756439745,0.6219219565,0.0947431028,0.9466822147,0.3079230785,-0.6736395955,-0.1667731404,0.7199975252,1,144.8,-613.9,2245.2,1,-122.8,-360.7,2357.2,0,215.9,-331.0,2192.4,1,21.9,-1021.4,2512.8,1,255.8,-995.4,2312.4,1,
5,0.8236917853,-0.2157504559,0.5243883133,0.0656656697,0.9548586011,0.2897143662,-0.5632216930,-0.2042012364,0.8006762862,1,-47.0,402.9,2230.2,1,0.8236917853,-0.2157504559,0.5243883133,0.0656656697,0.9548586011,0.2897143662,-0.5632216930,-0.2042012364,0.8006762862,1,-1.5,201.1,2273.3,1,0.8241127133,-0.1993946731,0.5301693678,0.0637215748,0.9626866579,0.2630117536,-0.5628291965,-0.1829682738,0.8060677648,1,40.3,-0.6,2311.7,1,0.0000079870,-1.0000001192,0.0000345483,1.0000001192,0.0000079870,0.0000082126,-0.0000082129,0.0000345483,1.0000000000,0,-121.3,191.9,2355.2,1,0.0019232631,-0.9999608994,0.0086314147,0.9999978542,0.0019303560,0.0008173541,-0.0008339845,0.0086298240,0.9999623895,0,-121.3,-82.2,2355.2,0,0.3874645233,-0.1709894091,0.9058884382,-0.9213618040,-0.0387369469,0.3867710531,-0.0310424063,-0.9845110774,-0.1725523174,1,118.4,210.4,2191.5,1,-0.0444870219,-0.1705381274,0.9843463898,-0.9985098839,-0.0235811323,-0.0492125750,0.0316046178,-0.9850689173,-0.1692349613,1,228.9,-52.3,2182.6,1,0.9233689308,-0.0904252604,0.3731128573,0.0649884120,0.9946557879,0.0802270472,-0.3783734143,-0.0498311520,0.9243108630,1,2.4,-208.5,2404.5,1,0.9297373891,0.0518001802,0.3645615280,-0.1176607162,0.9799438119,0.1608296484,-0.3489188254,-0.1924239248,0.9171851873,1,40.3,-625.3,2425.3,1,0.7497170568,0.0380543806,0.6606635451,0.0529961586,0.9916860461,-0.1172610968,-0.6596331000,0.1229252592,0.7414672375,1,161.8,-196.2,2295.6,1,0.7390633225,-0.2830367088,0.6112900972,0.0894233957,0.9406393170,0.3274156451,-0.6676741838,-0.1873172522,0.7205021977,1,145.9,-611.8,2244.1,1,-121.9,-356.3,2355.4,0,216.5,-330.3,2191.4,1,19.4,-1019.8,2502.8,1,259.9,-990.8,2319.5,1,
6,0.8216637373,-0.2076129168,0.5308154225,0.0532403961,0.9551861286,0.2911806703,-0.5674794316,-0.2109919935,0.7958948612,1,-45.7,402.5,2229.3,1,0.8216637373,-0.2076129168,0.5308154225,0.0532403961,0.9551861286,0.2911806703,-0.5674794316,-0.2109919935,0.7958948612,1,-1.9,201.2,2273.8,1,0.8220309019,-0.1906179190,0.5365906954,0.0514718145,0.9633246660,0.2633580267,-0.5671108365,-0.1888693124,0.8016937971,1,38.0,-0.7,2313.4,1,0.0000062585,-1.0000001192,0.0000276387,1.0000001192,0.0000062585,0.0000065701,-0.0000065703,0.0000276386,1.0000000000,0,-121.5,193.7,2356.3,1,0.0017309189,-0.9999685884,0.0077682249,0.9999985099,0.0017367005,0.0007363688,-0.0007498388,0.0077669360,0.9999695420,0,-121.5,-80.4,2356.3,0,0.3940309286,-0.1779072136,0.9017142653,-0.9184532166,-0.0394952856,0.3935530484,-0.0344024599,-0.9832544327,-0.1789617836,1,117.6,208.6,2191.3,1,-0.0371766239,-0.1778135747,0.9833617210,-0.9985593557,-0.0314889178,-0.0434450842,0.0386901200,-0.9835602045,-0.1763867885,1,228.7,-50.3,2181.6,1,0.9204722643,-0.0958301052,0.3788764179,0.0721612871,0.9944762588,0.0762209222,-0.3840878606,-0.0428190343,0.9223031402,1,-1.5,-207.6,2407.8,1,0.9294457436,0.0439604148,0.3663307726,-0.1184484437,0.9758729339,0.1834178716,-0.3494291604,-0.2138682604,0.9122278690,1,38.6,-624.3,2425.7,1,0.7476925254,0.0359395370,0.6630718112,0.0553428605,0.9916878939,-0.1161566973,-0.6617348790,0.1235457957,0.7394886017,1,157.5,-197.6,2298.1,1,0.7381373048,-0.2871925831,0.6104699373,0.0870078653,0.9378357530,0.3359964192,-0.6690162420,-0.1948958486,0.7172396779,1,142.4,-613.3,2246.3,1,-122.0,-354.5,2356.5,0,218.4,-328.2,2192.4,1,20.9,-1017.3,2511.9,1,258.1,-991.2,2324.8,1,
7,0.8242976069,-0.2021454424,0.5288385749,0.0504491776,0.9565962553,0.2870183587,-0.5639035106,-0.2099092603,0.7987178564,1,-44.0,402.8,2229.4,1,0.8242976069,-0.2021454424,0.5288385749,0.0504491776,0.9565962553,0.2870183587,-0.5639035106,-0.2099092603,0.7987178564,1,-1.4,201.1,2273.6,1,0.8250700831,-0.1826031357,0.5347101688,0.0465907492,0.9651038647,0.2576915920,-0.5631051660,-0.1877012402,0.8047857285,1,36.9,-1.1,2312.9,1,0.0000047684,-1.0000001192,0.0000221109,1.0000001192,0.0000047684,0.0000052561,-0.0000052562,0.0000221109,1.0000000000,0,-121.4,194.3,2355.5,1,0.0015575290,-0.9999746084,0.0069913622,0.9999988079,0.0015621781,0.0006633420,-0.0006742484,0.0069903187,0.9999753237,0,-121.4,-79.7,2355.5,0,0.3913196623,-0.1740987897,0.9036363363,-0.9195204973,-0.0347520187,0.3915028274,-0.0367569774,-0.9841148853,-0.1736865491,1,118.6,207.9,2191.7,1,-0.0247437600,-0.1742287129,0.9843943715,-0.9989549518,-0.0335411690,-0.0310462434,0.0384268761,-0.9841338396,-0.1732167155,1,228.9,-51.4,2181.3,1,0.9209299088,-0.1117053404,0.3733765781,0.0846763626,0.9925076962,0.0880811512,-0.3804182708,-0.0495003872,0.9234889150,1,-4.7,-207.9,2406.7,1,0.9287935495,0.0562257208,0.3663075566,-0.1168328226,0.9824449420,0.1454375833,-0.3516996801,-0.1778782606,0.9190574288,1,42.1,-623.8,2427.5,1,0.7517317533,0.0250586700,0.6589928269,0.0664163455,0.9913203716,-0.1134586707,-0.6561161280,0.1290583611,0.7435426712,1,154.9,-198.9,2297.8,1,0.7441357374,-0.2891887426,0.6021890640,0.0908780620,0.9368851781,0.3376199305,-0.6618178487,-0.1965093166,0.7234507799,1,144.4,-614.3,2243.7,1,-121.8,-353.8,2355.7,0,222.1,-329.5,2192.0,1,19.5,-1019.3,2499.1,1,261.0,-991.9,2322.9,1,
8,0.8346242905,-0.2015363276,0.5126254559,0.0471909717,0.9534017444,0.2979919910,-0.5487932563,-0.2245202810,0.8052427769,1,-42.0,399.1,2222.4,1,0.8346242905,-0.2015363276,0.5126254559,0.0471909717,0.9534017444,0.2979919910,-0.5487932563,-0.2245202810,0.8052427769,1,0.4,198.2,2269.7,1,0.8351241946,-0.1820618510,0.5190573931,0.0446937978,0.9629758596,0.2658593059,-0.5482416153,-0.1988270581,0.8123412132,1,38.6,-3.6,2311.4,1,0.0000035763,-1.0000001192,0.0000176887,1.0000001192,0.0000035763,0.0000042049,-0.0000042049,0.0000176887,1.0000000000,0,-121.0,191.7,2349.4,1,0.0014016032,-0.9999793768,0.0062921913,0.9999990463,0.0014053583,0.0005975014,-0.0006063329,0.0062913466,0.9999800324,0,-121.0,-82.4,2349.4,0,0.3847471476,-0.1591239125,0.9092025161,-0.9225735068,-0.0355926380,0.3841761053,-0.0287706926,-0.9866168499,-0.1604976803,1,121.9,204.7,2190.0,1,-0.0083093522,-0.1592536122,0.9872027636,-0.9992777109,-0.0352864899,-0.0141033372,0.0370809287,-0.9866068959,-0.1588453799,1,229.0,-52.0,2182.0,1,0.9260507226,-0.1210795343,0.3574492633,0.0967712775,0.9916536212,0.0851976499,-0.3647815287,-0.0443065204,0.9300383329,1,-4.0,-209.7,2406.1,1,0.9361971021,0.0579154827,0.3466710746,-0.1213644743,0.9789314270,0.1642069072,-0.3298570812,-0.1958035678,0.9235016704,1,46.7,-625.3,2424.6,1,0.7635592818,0.0181819145,0.6454817057,0.0694746971,0.9914880395,-0.1101118922,-0.6419894695,0.1289215833,0.7557967901,1,157.5,-201.1,2300.0,1,0.7546842098,-0.2902793288,0.5883786678,0.0982475132,0.9366871715,0.3361017406,-0.6486901641,-0.1958439350,0.7354223728,1,149.9,-616.6,2246.0,1,-121.4,-356.4,2349.6,0,226.6,-330.2,2192.3,1,23.4,-1019.5,2503.5,1,266.9,-994.1,2324.9,1,
9,0.8434113860,-0.2030928135,0.4974032640,0.0485061184,0.9508049488,0.3059709966,-0.5350731611,-0.2339324802,0.8117706776,1,-42.1,397.6,2218.4,1,0.8434113860,-0.2030928135,0.4974032640,0.0485061184,0.9508049488,0.3059709966,-0.5350731611,-0.2339324802,0.8117706776,1,0.9,196.6,2267.9,1,0.8439020514,-0.1815668195,0.5048389435,0.0460662320,0.9620399475,0.2689948976,-0.5345148444,-0.2037494481,0.8202312589,1,38.9,-5.0,2310.6,1,0.0000025630,-1.0000001192,0.0000141510,1.0000001192,0.0000025630,0.0000033639,-0.0000033640,0.0000141510,1.0000000000,0,-121.9,189.9,2345.6,1,0.0012613535,-0.9999833703,0.0056629432,0.9999992251,0.0012643933,0.0005381501,-0.0005453022,0.0056622596,0.9999838471,0,-121.9,-84.2,2345.6,0,0.3775478601,-0.1458337605,0.9144343734,-0.9255951047,-0.0305925887,0.3772769272,-0.0270448048,-0.9888360500,-0.1465331763,1,123.6,203.3,2190.1,1,-0.0031618176,-0.1459501833,0.9892869592,-0.9994436502,-0.0323867388,-0.0079723159,0.0332033336,-0.9887617826,-0.1457665712,1,229.5,-56.2,2182.5,1,0.9322448373,-0.1095258892,0.3448531032,0.0936540291,0.9936468601,0.0624079593,-0.3494974971,-0.0258826092,0.9365797639,1,-4.6,-211.1,2404.9,1,0.9448571205,0.0354893841,0.3255540729,-0.1071547419,0.9728915691,0.2049386352,-0.3094556630,-0.2285223901,0.9230463505,1,41.3,-627.4,2415.8,1,0.7737203836,0.0229424927,0.6331117749,0.0650650039,0.9911819100,-0.1154334918,-0.6301773190,0.1305066496,0.7654049397,1,158.6,-202.2,2301.6,1,0.7612770200,-0.2914278209,0.5792471170,0.1066021323,0.9374060631,0.3315207362,-0.6396040916,-0.1906301081,0.7446923852,1,149.0,-617.6,2246.9,1,-122.2,-358.2,2345.7,0,228.6,-334.4,2191.8,1,27.0,-1019.1,2507.8,1,266.4,-995.4,2323.7,1,
10,0.8393173218,-0.1947432011,0.5075638294,0.0467980988,0.9560538530,0.2894344032,-0.5416227579,-0.2191744894,0.8115457296,1,-40.4,399.2,2223.4,1,0.8393173218,-0.1947432011,0.5075638294,0.0467980988,0.9560538530,0.2894344032,-0.5416227579,-0.2191744894,0.8115457296,1,0.8,197.3,2269.7,1,0.8398991227,-0.1760946363,0.5133805871,0.0437843539,0.9648031592,0.2593050003,-0.5409724712,-0.1953121722,0.8180471659,1,37.7,-4.9,2310.6,1,0.0000019073,-1.0000001192,0.0000113208,1.0000001192,0.0000019073,0.0000026911,-0.0000026912,0.0000113208,1.0000000000,0,-121.4,190.9,2348.4,1,0.0011351109,-0.9999864697,0.0050966251,0.9999993443,0.0011376143,0.0004846579,-0.0004904498,0.0050960709,0.9999868870,0,-121.4,-83.1,2348.4,0,0.3778675795,-0.1493564248,0.9137334228,-0.9255095720,-0.0337971151,0.3772131503,-0.0254576486,-0.9882056713,-0.1510016322,1,122.9,203.7,2191.0,1,0.0001210266,-0.1494956464,0.9887624979,-0.9993726015,-0.0350370407,-0.0051750895,0.0354169570,-0.9881414771,-0.1494061053,1,229.8,-58.1,2183.8,1,0.9291038513,-0.1152972877,0.3513864279,0.0982290134,0.9929670691,0.0660852715,-0.3565346003,-0.0268837344,0.9338952303,1,-6.7,-211.3,2403.9,1,0.9418701530,0.0450470299,0.3329435885,-0.1165300608,0.9732560515,0.1979731470,-0.3151212633,-0.2252629101,0.9219301939,1,41.7,-627.4,2415.2,1,0.7692504525,0.0251773130,0.6384512782,0.0694869459,0.9900003672,-0.1227633432,-0.6351578832,0.1387997568,0.7598087192,1,155.8,-202.8,2299.3,1,0.7586567998,-0.2921796739,0.5822980404,0.1039883569,0.9366422892,0.3344960809,-0.6431379318,-0.1932154745,0.7409733534,1,145.2,-617.8,2241.1,1,-121.7,-357.2,2348.5,0,229.8,-336.3,2193.7,1,23.5,-1019.4,2505.9,1,263.0,-995.3,2319.0,1,
11,0.8365085721,-0.1869982779,0.5150579214,0.0437509902,0.9597595334,0.2773963809,-0.5462034345,-0.2095103562,0.8110280037,1,-39.5,399.4,2227.4,1,0.8365085721,-0.1869982779,0.5150579214,0.0437509902,0.9597595334,0.2773963809,-0.5462034345,-0.2095103562,0.8110280037,1,-0.1,196.9,2271.6,1,0.8370677233,-0.1692745090,0.5202530622,0.0407259092,0.9675723314,0.2492919564,-0.5455803275,-0.1874866486,0.8168170452,1,35.4,-5.9,2310.9,1,0.0000013709,-1.0000001192,0.0000090566,1.0000001192,0.0000013709,0.0000021529,-0.0000021529,0.0000090566,1.0000000000,0,-121.8,191.0,2351.0,1,0.0010216832,-0.9999889731,0.0045869420,0.9999993443,0.0010237098,0.0004364534,-0.0004411442,0.0045864936,0.9999893904,0,-121.8,-83.1,2351.0,0,0.3786806762,-0.1531272680,0.9127721786,-0.9250561595,-0.0311550889,0.3785503805,-0.0295288879,-0.9877152443,-0.1534491777,1,121.7,202.8,2192.3,1,-0.0080846129,-0.1533315927,0.9881417155,-0.9992545843,-0.0360646173,-0.0137717407,0.0377485976,-0.9875164628,-0.1529257298,1,228.9,-59.1,2183.9,1,0.9278843403,-0.1169134229,0.3540649414,0.0922992378,0.9920374751,0.0856890231,-0.3612639010,-0.0468295813,0.9312869906,1,-10.1,-212.6,2403.0,1,0.9375471473,0.0530139431,0.3437949419,-0.1153996438,0.9797504544,0.1636212915,-0.3281590343,-0.1930764616,0.9246800542,1,38.9,-628.2,2422.6,1,0.7662867308,0.0134421829,0.6423582435,0.0760214850,0.9908609986,-0.1114231721,-0.6379854679,0.1342151016,0.7582617998,1,151.8,-204.7,2297.5,1,0.7609369159,-0.2756336033,0.5873678327,0.0935769230,0.9424357414,0.3210267425,-0.6420422196,-0.1893170625,0.7429271340,1,146.2,-620.0,2241.2,1,-122.1,-357.1,2351.1,0,226.6,-337.0,2194.4,1,17.6,-1022.8,2500.4,1,257.3,-999.7,2317.5,1,
12,0.8383889198,-0.1847782135,0.5127967596,0.0437454768,0.9605629444,0.2746025026,-0.5433132052,-0.2077913880,0.8134081960,1,-40.8,400.0,2228.4,1,0.8383889198,-0.1847782135,0.5127967596,0.0437454768,0.9605629444,0.2746025026,-0.5433132052,-0.2077913880,0.8134081960,1,-1.8,197.2,2272.3,1,0.8388701081,-0.1680851728,0.5177294016,0.0411154106,0.9679791331,0.2476435602,-0.5427755117,-0.1864543110,0.8189193010,1,33.4,-5.6,2311.3,1,0.0000010729,-1.0000001192,0.0000072453,1.0000001192,0.0000010729,0.0000017223,-0.0000017223,0.0000072453,1.0000000000,0,-123.8,191.3,2351.2,1,0.0009195805,-0.9999910593,0.0041282307,0.9999995232,0.0009212494,0.0003930194,-0.0003968186,0.0041278675,0.9999914169,0,-123.8,-82.8,2351.2,0,0.3892029226,-0.1514268070,0.9086203575,-0.9204641581,-0.0258189216,0.3899732530,-0.0355928093,-0.9881311655,-0.1494317502,1,120.2,203.2,2193.3,1,-0.0140054841,-0.1518723518,0.9883008599,-0.9987980723,-0.0443074331,-0.0209629685,0.0469727702,-0.9874066114,-0.1510692388,1,230.4,-57.2,2183.3,1,0.9286269546,-0.1163856238,0.3522875905,0.0964974761,0.9926111102,0.0735635012,-0.3582462966,-0.0343181863,0.9329962134,1,-12.5,-212.4,2402.9,1,0.9420123100,0.0327663794,0.3339747787,-0.1060603932,0.9732786417,0.2036661953,-0.3183771372,-0.2272775769,0.9203156233,1,36.3,-628.4,2417.3,1,0.7684476376,0.0005632562,0.6399124861,0.0815200359,0.9917657971,-0.0987674221,-0.6346989274,0.1280632615,0.7620742321,1,149.8,-204.5,2297.9,1,0.7657991648,-0.2742816508,0.5816538930,0.0894968510,0.9411356449,0.3259663880,-0.6368218064,-0.1975685805,0.7452681661,1,149.6,-620.1,2244.3,1,-124.1,-356.9,2351.3,0,226.5,-335.0,2196.3,1,23.1,-1020.2,2508.8,1,260.1,-999.4,2323.9,1,
13,0.8410355449,-0.1862092763,0.5079219341,0.0482201315,0.9609607458,0.2724529505,-0.5388253927,-0.2046507746,0.8171808720,1,-40.2,401.4,2227.9,1,0.8410355449,-0.1862092763,0.5079219341,0.0482201315,0.9609607458,0.2724529505,-0.5388253927,-0.2046507746,0.8171808720,1,-0.9,198.3,2271.2,1,0.8415727615,-0.1695972979,0.5128269196,0.0453074798,0.9682471752,0.2458577305,-0.5382391214,-0.1836724579,0.8225341439,1,34.7,-4.6,2309.7,1,0.0000007153,-1.0000001192,0.0000057962,1.0000001192,0.0000007153,0.0000013779,-0.0000013779,0.0000057962,1.0000000000,0,-123.3,191.7,2349.5,1,0.0008274913,-0.9999928474,0.0037153938,0.9999996424,0.0008288622,0.0003538888,-0.0003569659,0.0037150995,0.9999930263,0,-123.3,-82.4,2349.5,0,0.3876474500,-0.1447998434,0.9103640318,-0.9212273955,-0.0258166920,0.3881669641,-0.0327039249,-0.9891242385,-0.1434013546,1,121.5,204.9,2192.9,1,-0.0060268235,-0.1452868432,0.9893711805,-0.9981085658,-0.0596581660,-0.0148407100,0.0611802377,-0.9875892997,-0.1446524858,1,231.1,-55.4,2183.6,1,0.9296180606,-0.1212799102,0.3479964435,0.1052503064,0.9923400879,0.0646798164,-0.3531751931,-0.0235007908,0.9352620244,1,-11.2,-211.9,2400.2,1,0.9455533624,0.0333748721,0.3237515092,-0.1112966016,0.9679177999,0.2252738029,-0.3058463931,-0.2490408570,0.9189323187,1,39.6,-627.8,2410.1,1,0.7715126276,-0.0069679590,0.6361758709,0.0885625854,0.9913808107,-0.0965444446,-0.6300198436,0.1308266371,0.7654798627,1,151.6,-203.2,2296.1,1,0.7719010711,-0.2647920847,0.5779739618,0.0858033448,0.9442055225,0.3179839253,-0.6299257874,-0.1958600432,0.7515532374,1,154.5,-618.7,2241.3,1,-123.5,-356.4,2349.6,0,229.4,-332.9,2200.7,1,26.2,-1017.6,2510.3,1,261.2,-999.2,2320.2,1,
14,0.8462646008,-0.1923451871,0.4968288541,0.0472800806,0.9559882283,0.2895728052,-0.5306596160,-0.2215653360,0.8181128502,1,-39.8,401.1,2221.2,1,0.8462646008,-0.1923451871,0.4968288541,0.0472800806,0.9559882283,0.2895728052,-0.5306596160,-0.2215653360,0.8181128502,1,0.9,198.6,2268.1,1,0.8468903303,-0.1728288382,0.5028979182,0.0439879894,0.9652391076,0.2576428354,-0.5299439430,-0.1960739344,0.8250538111,1,37.1,-3.7,2309.2,1,0.0000003576,-1.0000001192,0.0000046370,1.0000001192,0.0000003576,0.0000011023,-0.0000011023,0.0000046370,1.0000000000,0,-122.3,192.2,2345.2,1,0.0007449389,-0.9999940395,0.0033438425,0.9999995232,0.0007460117,0.0003186386,-0.0003211309,0.0033436040,0.9999943376,0,-122.3,-81.9,2345.2,0,0.3824506104,-0.1373213083,0.9137147069,-0.9236444235,-0.0303313583,0.3820484579,-0.0247491878,-0.9900621176,-0.1384363174,1,124.1,205.0,2191.0,1,-0.0024987175,-0.1376653463,0.9904755950,-0.9978355169,-0.0647422373,-0.0115157533,0.0657109320,-0.9883605242,-0.1372056156,1,231.4,-54.2,2184.1,1,0.9331433773,-0.1208013818,0.3386008739,0.1027071327,0.9921797514,0.0709277391,-0.3445211053,-0.0314090252,0.9382529855,1,-8.6,-210.2,2401.5,1,0.9487220049,0.0378904864,0.3138326705,-0.1163922399,0.9649144411,0.2353572696,-0.2939038575,-0.2598162889,0.9198456407,1,42.1,-626.0,2414.7,1,0.7776132226,-0.0024435795,0.6287382245,0.0795756951,0.9923335314,-0.0945612341,-0.6236869097,0.1235643402,0.7718461156,1,155.3,-201.7,2299.0,1,0.7741237879,-0.2642195225,0.5752568245,0.0909834877,0.9457335472,0.3119455278,-0.6264617443,-0.1891455799,0.7561544776,1,156.3,-617.6,2247.2,1,-122.5,-355.9,2345.3,0,230.7,-331.6,2202.4,1,26.8,-1014.7,2519.4,1,262.8,-998.7,2323.5,1,
15,0.8523098230,-0.1954933852,0.4851285517,0.0538814999,0.9554064274,0.2903390527,-0.5202533603,-0.2213195860,0.8248354197,1,-37.7,398.9,2219.3,1,0.8523098230,-0.1954933852,0.4851285517,0.0538814999,0.9554064274,0.2903390527,-0.5202533603,-0.2213195860,0.8248354197,1,3.7,196.7,2266.1,1,0.8531240821,-0.1750620902,0.4914589822,0.0496615507,0.9649935961,0.2575315833,-0.5193378925,-0.1952999532,0.8319528103,1,40.4,-5.6,2307.1,1,0.0000000596,-1.0000001192,0.0000037096,1.0000001192,0.0000000596,0.0000008818,-0.0000008818,0.0000037096,1.0000000000,0,-120.4,189.4,2341.7,1,0.0006708503,-0.9999950528,0.0030094483,0.9999995828,0.0006717443,0.0002868864,-0.0002889062,0.0030092550,0.9999954104,0,-120.4,-84.6,2341.7,0,0.3734434545,-0.1253107488,0.9191502929,-0.9273971319,-0.0271704327,0.3730899692,-0.0217784680,-0.9917453527,-0.1263594776,1,127.8,203.9,2190.6,1,-0.0011933921,-0.1256611645,0.9920725226,-0.9973583221,-0.0719036162,-0.0103074452,0.0726288483,-0.9894640446,-0.1252433956,1,231.8,-54.5,2184.5,1,0.9374965429,-0.1157906577,0.3281657696,0.1025307551,0.9930672646,0.0574882627,-0.3325473070,-0.0202479642,0.9428691864,1,-5.5,-212.6,2398.2,1,0.9527195096,0.0315259844,0.3022115529,-0.1063744277,0.9662674665,0.2345457971,-0.2846229076,-0.2556039095,0.9239353538,1,43.1,-628.8,2406.7,1,0.7848119736,0.0125086829,0.6196077466,0.0732177794,0.9909226894,-0.1127444506,-0.6153936982,0.1338494867,0.7767722011,1,159.6,-203.0,2297.8,1,0.7761446238,-0.2776457667,0.5661380887,0.1026889831,0.9415108562,0.3209552169,-0.6221370101,-0.1909715533,0.7592597604,1,154.3,-618.3,2241.7,1,-120.6,-358.7,2341.8,0,231.5,-331.8,2204.7,1,30.4,-1018.1,2509.7,1,266.2,-997.7,2318.6,1,
16,0.8458258510,-0.1951532811,0.4964807928,0.0588150620,0.9591248035,0.2768061161,-0.5302058458,-0.2049294114,0.8227302432,1,-36.3,399.5,2224.9,1,0.8458258510,-0.1951532811,0.4964807928,0.0588150620,0.9591248035,0.2768061161,-0.5302058458,-0.2049294114,0.8227302432,1,4.8,197.4,2268.0,1,0.8466985822,-0.1770656258,0.5017455816,0.0542993248,0.9668352008,0.2495647669,-0.5292938352,-0.1840618402,0.8282322884,1,41.9,-5.2,2306.6,1,-0.0000001192,-1.0000001192,0.0000029677,1.0000001192,-0.0000001192,0.0000007055,-0.0000007055,0.0000029677,1.0000000000,0,-118.4,189.5,2345.0,1,0.0006037951,-0.9999963045,0.0027084961,0.9999998808,0.0006045103,0.0002582885,-0.0002599251,0.0027083396,0.9999963045,0,-118.4,-84.5,2345.0,0,0.3691331148,-0.1331648082,0.9197869301,-0.9290981889,-0.0286560636,0.3687212765,-0.0227432232,-0.9906796217,-0.1343010962,1,127.9,205.3,2191.1,1,0.0087200347,-0.1330697834,0.9910683632,-0.9957156181,-0.0923964381,-0.0036450566,0.0920562297,-0.9867904782,-0.1333053708,1,232.2,-57.2,2184.6,1,0.9353099465,-0.1010658219,0.3390885890,0.0876901299,0.9946513176,0.0545810685,-0.3427911997,-0.0213154927,0.9391698241,1,-2.9,-213.0,2396.4,1,0.9498993158,0.0166951101,0.3121099770,-0.0999017209,0.9624079466,0.2525682449,-0.2961604893,-0.2710947096,0.9158584476,1,39.5,-629.9,2405.3,1,0.7769353390,0.0230953936,0.6291567683,0.0637499988,0.9913046360,-0.1151131317,-0.6263446212,0.1295441836,0.7687072754,1,160.9,-202.5,2294.0,1,0.7664271593,-0.2783918977,0.5788674355,0.1000951380,0.9419516325,0.3204811215,-0.6344844699,-0.1876836121,0.7498029470,1,151.2,-618.0,2239.7,1,-118.5,-358.6,2345.1,0,234.7,-334.0,2210.2,1,32.7,-1017.6,2514.5,1,263.4,-997.6,2315.3,1,
17,0.8427217007,-0.1985860169,0.5003829002,0.0607851148,0.9586336017,0.2780793011,-0.5349058509,-0.2039278150,0.8199321032,1,-37.7,402.1,2225.6,1,0.8427217007,-0.1985860169,0.5003829002,0.0607851148,0.9586336017,0.2780793011,-0.5349058509,-0.2039278150,0.8199321032,1,4.2,200.2,2268.6,1,0.8438051939,-0.1797734201,0.5056418180,0.0552725457,0.9663241506,0.2513242066,-0.5337945223,-0.1841207296,0.8253256083,1,41.8,-2.3,2307.2,1,-0.0000003576,-1.0000001192,0.0000023741,1.0000001192,-0.0000003576,0.0000005644,-0.0000005644,0.0000023741,1.0000000000,0,-118.6,192.2,2346.2,1,0.0005433559,-0.9999969006,0.0024376404,0.9999998808,0.0005439520,0.0002325334,-0.0002338587,0.0024375138,0.9999970198,0,-118.6,-81.9,2346.2,0,0.3654785156,-0.1389803588,0.9203858376,-0.9304905534,-0.0282531753,0.3652248085,-0.0247552432,-0.9898921251,-0.1396458298,1,126.9,208.3,2190.9,1,-0.0090056015,-0.1397545487,0.9901452065,-0.9968528748,-0.0767356232,-0.0198975001,0.0787601769,-0.9872082472,-0.1386236846,1,232.1,-59.6,2183.8,1,0.9340636134,-0.0968820304,0.3437135816,0.0817679167,0.9949485660,0.0582351163,-0.3476192653,-0.0262905620,0.9372671247,1,-2.1,-210.1,2397.4,1,0.9480841160,0.0182026103,0.3174982369,-0.1041504890,0.9610751271,0.2559048831,-0.3004815280,-0.2756869495,0.9130758643,1,38.5,-627.1,2408.4,1,0.7732930183,0.0278572571,0.6334366798,0.0556310415,0.9922006130,-0.1115487814,-0.6316037178,0.1214986220,0.7657120824,1,161.1,-199.4,2294.1,1,0.7607201934,-0.2847053409,0.5833075047,0.0987638310,0.9389757514,0.3294999301,-0.6415219903,-0.1930475831,0.7424164414,1,149.4,-615.3,2243.2,1,-118.7,-355.9,2346.3,0,229.6,-335.9,2205.6,1,31.2,-1014.4,2519.5,1,264.2,-993.7,2321.0,1,
18,0.8407106400,-0.1931901872,0.5058482885,0.0560508929,0.9602196217,0.2735648155,-0.5385748148,-0.2016358227,0.8180950880,1,-37.0,405.2,2227.0,1,0.8407106400,-0.1931901872,0.5058482885,0.0560508929,0.9602196217,0.2735648155,-0.5385748148,-0.2016358227,0.8180950880,1,3.7,203.1,2269.5,1,0.8410999775,-0.1776848435,0.5108603835,0.0540275835,0.9673771858,0.2475149184,-0.5381736159,-0.1805844158,0.8232604861,1,40.9,0.4,2307.3,1,-0.0000004768,-1.0000001192,0.0000018993,1.0000001192,-0.0000004768,0.0000004515,-0.0000004515,0.0000018993,1.0000000000,0,-118.7,195.3,2347.8,1,0.0004891157,-0.9999975562,0.0021938714,0.9999999404,0.0004895329,0.0002093397,-0.0002104134,0.0021937685,0.9999975562,0,-118.7,-78.8,2347.8,0,0.3664248884,-0.1415845752,0.9196122885,-0.9301860929,-0.0323082730,0.3656639159,-0.0220612772,-0.9893989563,-0.1435385495,1,126.0,211.0,2191.2,1,-0.0064112647,-0.1421798319,0.9898201823,-0.9972214699,-0.0725558549,-0.0168812778,0.0742174089,-0.9871782064,-0.1413196027,1,232.4,-59.1,2184.8,1,0.9320741296,-0.0993538275,0.3483772278,0.0835087299,0.9946840405,0.0602489226,-0.3525112569,-0.0270639192,0.9354162216,1,-3.2,-207.6,2397.2,1,0.9460313320,0.0286409948,0.3228071332,-0.1146662682,0.9612340927,0.2507601976,-0.3031111956,-0.2742420733,0.9126417637,1,38.4,-624.5,2408.6,1,0.7701656818,0.0314830579,0.6370666027,0.0580119155,0.9911842942,-0.1191151589,-0.6352005005,0.1286958456,0.7615496516,1,159.5,-197.1,2293.1,1,0.7593657970,-0.2865492702,0.5841688514,0.0939075202,0.9366697669,0.3373886347,-0.6438517570,-0.2013435066,0.7381841540,1,146.3,-612.5,2239.2,1,-118.8,-352.9,2347.8,0,230.6,-335.2,2205.3,1,26.9,-1011.8,2519.1,1,261.8,-990.0,2320.3,1,
19,0.8357614875,-0.1910058707,0.5147999525,0.0540507659,0.9616127610,0.2690366209,-0.5464251637,-0.1970252842,0.8140024543,1,-38.2,404.0,2229.7,1,0.8357614875,-0.1910058707,0.5147999525,0.0540507659,0.9616127610,0.2690366209,-0.5464251637,-0.1970252842,0.8140024543,1,2.0,201.9,2271.1,1,0.8360965848,-0.1756010503,0.5197173953,0.0522861257,0.9685800672,0.2431462556,-0.5460839868,-0.1761199087,0.8190075755,1,38.8,-1.1,2308.0,1,-0.0000005960,-1.0000001192,0.0000015195,1.0000001192,-0.0000005960,0.0000003612,-0.0000003612,0.0000015195,1.0000000000,0,-119.6,194.3,2350.6,1,0.0004400015,-0.9999980927,0.0019744802,1.0000000000,0.0004404187,0.0001884543,-0.0001893237,0.0019743971,0.9999980330,0,-119.6,-79.8,2350.6,0,0.3808785975,-0.1477833986,0.9127385616,-0.9243654013,-0.0374643914,0.3796644807,-0.0219129026,-0.9883099794,-0.1508752257,1,123.6,209.5,2191.7,1,0.0040407525,-0.1479779333,0.9889824390,-0.9968203902,-0.0792987719,-0.0077924170,0.0795781910,-0.9858064055,-0.1478278637,1,232.9,-55.8,2185.4,1,0.9279209375,-0.1036286131,0.3580836654,0.0913081020,0.9945057631,0.0511963107,-0.3614216745,-0.0148101849,0.9322848916,1,-5.3,-209.1,2397.8,1,0.9449792504,0.0276922043,0.3259560764,-0.1219324172,0.9544242620,0.2724093795,-0.3035567701,-0.2971658111,0.9052876830,1,38.1,-625.9,2404.0,1,0.7643844485,0.0296432283,0.6440789104,0.0608687997,0.9911634326,-0.1178558320,-0.6418810487,0.1292914748,0.7558255792,1,156.4,-199.0,2292.1,1,0.7550839186,-0.2877174020,0.5891239047,0.0910262838,0.9358674288,0.3403915763,-0.6492784619,-0.2033984810,0.7328482270,1,144.0,-614.4,2238.0,1,-119.8,-353.8,2350.6,0,234.0,-331.6,2207.4,1,27.0,-1010.4,2523.7,1,260.0,-991.6,2319.9,1,
20,0.8405900002,-0.1914259493,0.5067187548,0.0551531985,0.9608587027,0.2714956999,-0.5388557315,-0.2002696097,0.8182455897,1,-38.9,402.7,2228.6,1,0.8405900002,-0.1914259493,0.5067187548,0.0551531985,0.9608587027,0.2714956999,-0.5388557315,-0.2002696097,0.8182455897,1,1.4,200.4,2270.7,1,0.8409770131,-0.1753554344,0.5118666291,0.0531177968,0.9682140350,0.2444204390,-0.5384562016,-0.1783629060,0.8235598803,1,38.2,-2.5,2308.1,1,-0.0000005960,-1.0000001192,0.0000012156,1.0000001192,-0.0000005960,0.0000002890,-0.0000002890,0.0000012156,1.0000000000,0,-120.9,192.7,2349.1,1,0.0003960729,-0.9999983311,0.0017770285,0.9999998808,0.0003963709,0.0001696481,-0.0001703522,0.0017769611,0.9999983907,0,-120.9,-81.4,2349.1,0,0.3802569509,-0.1417537332,0.9139533639,-0.9245263934,-0.0309023391,0.3798631132,-0.0256037135,-0.9894195795,-0.1428059042,1,123.7,208.1,2192.4,1,0.0043848567,-0.1418779492,0.9898744822,-0.9972681403,-0.0736109763,-0.0061329971,0.0737357587,-0.9871433973,-0.1418131441,1,232.8,-57.1,2185.1,1,0.9308962822,-0.1084560975,0.3488113582,0.0938679129,0.9938637614,0.0585110225,-0.3530168235,-0.0217255000,0.9353647232,1,-6.4,-210.6,2397.6,1,0.9466993809,0.0291658919,0.3207951486,-0.1152720153,0.9606158137,0.2528427541,-0.3007865250,-0.2763448060,0.9127765298,1,39.0,-627.1,2406.7,1,0.7701330185,0.0174631681,0.6376442313,0.0616121963,0.9929148555,-0.1016068608,-0.6349008083,0.1175374538,0.7636005878,1,156.2,-200.3,2293.4,1,0.7607250214,-0.2781616449,0.5864499807,0.0936301872,0.9410951138,0.3249206245,-0.6422856450,-0.1922658533,0.7419588566,1,148.9,-616.4,2244.2,1,-121.0,-355.4,2349.1,0,234.0,-332.9,2205.5,1,27.3,-1014.1,2518.0,1,261.0,-995.6,2321.6,1,
21,0.8418575525,-0.1917292774,0.5044946671,0.0551830456,0.9604513645,0.2729270756,-0.5368701220,-0.2019263804,0.8191431165,1,-39.0,402.8,2228.0,1,0.8418575525,-0.1917292774,0.5044946671,0.0551830456,0.9604513645,0.2729270756,-0.5368701220,-0.2019263804,0.8191431165,1,1.5,200.0,2270.6,1,0.8419640660,-0.1774731129,0.5095086098,0.0546270497,0.9675403833,0.2467442155,-0.5367599726,-0.1799169779,0.8243287206,1,38.7,-2.8,2308.3,1,-0.0000005960,-1.0000001192,0.0000009724,1.0000001192,-0.0000005960,0.0000002312,-0.0000002312,0.0000009725,1.0000000000,0,-121.0,192.1,2348.7,1,0.0003566146,-0.9999984503,0.0015993227,0.9999997616,0.0003568530,0.0001527150,-0.0001532852,0.0015992681,0.9999986887,0,-121.0,-82.0,2348.7,0,0.3808442056,-0.1417211443,0.9137138128,-0.9241842031,-0.0273432285,0.3809672892,-0.0290072318,-0.9895290136,-0.1413899362,1,124.0,207.9,2192.6,1,-0.0018347101,-0.1421219110,0.9898474216,-0.9967491031,-0.0794704184,-0.0132578332,0.0805478245,-0.9866538644,-0.1415140629,1,233.4,-57.6,2184.2,1,0.9317761660,-0.1111749113,0.3455911875,0.0923763290,0.9932284951,0.0704532787,-0.3510836661,-0.0337222368,0.9357366562,1,-5.5,-210.8,2398.0,1,0.9453979731,0.0355793014,0.3239702284,-0.1136503667,0.9676185846,0.2253837734,-0.3054606020,-0.2498967201,0.9188282490,1,41.1,-627.1,2412.1,1,0.7714315057,0.0165544357,0.6360970140,0.0711269379,0.9911531806,-0.1120545268,-0.6323245764,0.1316860169,0.7634294033,1,157.3,-200.3,2294.1,1,0.7667921782,-0.2752997279,0.5798618197,0.0858332813,0.9392215014,0.3324087560,-0.6361306906,-0.2051169723,0.7438176274,1,150.4,-615.6,2239.0,1,-121.1,-356.1,2348.8,0,232.9,-333.3,2206.5,1,26.7,-1016.8,2512.8,1,261.3,-994.1,2321.6,1,
22,0.8443325162,-0.1834840626,0.5034236908,0.0525242724,0.9633589387,0.2630248666,-0.5332379937,-0.1956386715,0.8230321407,1,-36.4,401.7,2229.7,1,0.8443325162,-0.1834840626,0.5034236908,0.0525242724,0.9633589387,0.2630248666,-0.5332379937,-0.1956386715,0.8230321407,1,2.3,198.4,2271.0,1,0.8442270160,-0.1717442721,0.5077241659,0.0530981757,0.9694128036,0.2396263033,-0.5333481431,-0.1753399372,0.8275233507,1,38.3,-4.7,2307.7,1,-0.0000005960,-1.0000001192,0.0000007780,1.0000001192,-0.0000005960,0.0000001849,-0.0000001849,0.0000007780,1.0000000000,0,-120.5,190.7,2348.6,1,0.0003215671,-0.9999985695,0.0014393877,0.9999996424,0.0003217459,0.0001374689,-0.0001379314,0.0014393433,0.9999989271,0,-120.5,-83.4,2348.6,0,0.3730051517,-0.1394952387,0.9172831774,-0.9271433353,-0.0180279799,0.3742731214,-0.0356725492,-0.9900587797,-0.1360565871,1,125.1,206.1,2193.4,1,-0.0145891048,-0.1404672116,0.9899778962,-0.9972742200,-0.0695737749,-0.0245684013,0.0723275468,-0.9876378179,-0.1390693039,1,232.7,-61.3,2183.1,1,0.9330384731,-0.1127133742,0.3416649401,0.0939769298,0.9930421710,0.0709614903,-0.3472860157,-0.0341011733,0.9371390343,1,-7.4,-213.0,2396.1,1,0.9462216496,0.0408154093,0.3209341764,-0.1162248254,0.9686700106,0.2194773108,-0.3019212484,-0.2449747175,0.9213202596,1,39.9,-629.2,2410.4,1,0.7739899755,0.0207090359,0.6328592896,0.0635228977,0.9918834567,-0.1101461723,-0.6300036907,0.1254530698,0.7663922310,1,155.9,-202.8,2292.9,1,0.7618358135,-0.2829536200,0.5827036500,0.1052534953,0.9416705370,0.3196534514,-0.6391619444,-0.1821918190,0.7471801639,1,147.3,-618.5,2240.3,1,-120.6,-357.4,2348.6,0,228.7,-335.2,2203.0,1,23.4,-1019.5,2509.1,1,261.3,-997.8,2313.7,1,
23,0.8370582461,-0.1801648736,0.5165978670,0.0445125587,0.9635216594,0.2639054656,-0.5452991128,-0.1979093552,0.8145427704,1,-36.7,401.1,2230.1,1,0.8370582461,-0.1801648736,0.5165978670,0.0445125587,0.9635216594,0.2639054656,-0.5452991128,-0.1979093552,0.8145427704,1,1.4,197.7,2271.9,1,0.8371718526,-0.1663732976,0.5210205317,0.0438784398,0.9699718356,0.2392295450,-0.5451760292,-0.1774148345,0.8193328381,1,36.2,-5.6,2309.0,1,-0.0000005960,-1.0000001192,0.0000006224,1.0000001192,-0.0000005960,0.0000001479,-0.0000001479,0.0000006224,1.0000000000,0,-120.4,191.3,2351.2,1,0.0002901554,-0.9999986887,0.0012954464,0.9999995232,0.0002902746,0.0001237425,-0.0001241179,0.0012954106,0.9999991655,0,-120.4,-82.8,2351.2,0,0.3772005141,-0.1517931521,0.9136075377,-0.9254924059,-0.0251360983,0.3779312074,-0.0344028324,-0.9880926609,-0.1499647647,1,123.1,204.1,2192.6,1,-0.0248438139,-0.1528178900,0.9879420400,-0.9975656271,-0.0606235527,-0.0344632491,0.0651591569,-0.9863932133,-0.1509397477,1,232.9,-65.2,2182.6,1,0.9273970723,-0.1220805570,0.3535971344,0.0977552384,0.9914938211,0.0859288946,-0.3610796034,-0.0451242365,0.9314426184,1,-9.9,-213.1,2399.0,1,0.9410973787,0.0488579720,0.3345873952,-0.1268661916,0.9682385325,0.2154512405,-0.3134338856,-0.2452084273,0.9174050689,1,41.3,-628.6,2417.9,1,0.7659676671,0.0164115448,0.6426697373,0.0661671609,0.9923526049,-0.1042027399,-0.6394650936,0.1223395392,0.7590240836,1,152.1,-204.6,2293.5,1,0.7543902397,-0.2873911858,0.5901708007,0.1048461497,0.9402776361,0.3238598108,-0.6479988694,-0.1824395657,0.7394682169,1,145.2,-620.5,2242.2,1,-120.5,-356.8,2351.2,0,226.1,-336.6,2200.3,1,21.6,-1018.8,2516.7,1,261.0,-999.4,2315.7,1,
