1,0.7657005191,0.0231881700,-0.6427783966,0.1874421239,0.9479269981,0.2574844658,0.6152790785,-0.3176395297,0.7214836478,1,-552.2,397.3,1539.2,1,0.7657005191,0.0231881700,-0.6427783966,0.1874421239,0.9479269981,0.2574844658,0.6152790785,-0.3176395297,0.7214836478,1,-557.1,197.7,1606.1,1,0.7656918764,-0.0209868569,-0.6428642869,0.1799532622,0.9665431380,0.1827823520,0.6175215840,-0.2556403875,0.7438528538,1,-552.7,-4.9,1659.7,1,0.1330664009,-0.7225054502,-0.6784387827,0.9905160666,0.1205823198,0.0658615530,0.0342223793,-0.6807684898,0.7316988111,1,-664.2,172.6,1519.7,1,-0.1489086598,-0.7075227499,-0.6908239126,0.9876720905,-0.1405196935,-0.0689785630,-0.0482704714,-0.6925789714,0.7197250724,1,-703.2,-117.5,1509.7,1,0.2318462133,0.8071126342,-0.5429702997,-0.9683122039,0.2447611094,-0.0496339723,0.0928377956,0.5372722149,0.8382838964,1,-450.0,222.9,1692.5,1,0.5903780460,0.8071125150,-0.0048016761,-0.3419946134,0.2447610795,-0.9072660804,-0.7310904860,0.5372721553,0.4205297530,1,-366.7,-125.0,1725.8,1,0.8014971614,-0.0224616770,-0.5975766182,0.0034924522,0.9994530678,-0.0328831524,0.5979884267,0.0242687445,0.8011372685,1,-622.4,-224.9,1653.5,1,0.8015213609,-0.0000000000,-0.5979661942,0.0000000000,1.0000000000,0.0000000000,0.5979661942,0.0000000000,0.8015213609,0,-613.0,-643.9,1643.3,1,0.7936472297,0.0239380226,-0.6079070568,-0.0573580638,0.9977189302,-0.0355953239,0.6056682467,0.0631185099,0.7932098508,1,-474.2,-190.1,1773.0,1,0.7949416041,-0.0000000000,-0.6066858768,0.0000000000,1.0000000000,0.0000000000,0.6066858768,0.0000000000,0.7949416041,0,-484.3,-608.3,1746.5,1,-662.4,-388.2,1522.9,1,-198.7,-222.3,1517.8,1,-613.0,-1047.0,1643.3,0,-484.3,-1011.4,1746.5,0,
2,0.7671862841,0.0243744906,-0.6409602761,0.1882267147,0.9467274547,0.2612972856,0.6131852269,-0.3211093545,0.7217302918,1,-551.6,396.5,1538.3,1,0.7671862841,0.0243744906,-0.6409602761,0.1882267147,0.9467274547,0.2612972856,0.6131852269,-0.3211093545,0.7217302918,1,-556.7,197.1,1605.9,1,0.7671607733,-0.0194959342,-0.6411577463,0.1782139838,0.9666640759,0.1838438958,0.6162015200,-0.2553009987,0.7450631857,1,-552.6,-5.5,1659.4,1,0.1359956115,-0.7233611345,-0.6769445539,0.9901043773,0.1231123507,0.0673543662,0.0346186943,-0.6794056892,0.7329457998,1,-664.0,172.2,1519.7,1,-0.1472054273,-0.7087860107,-0.6898933053,0.9879705310,-0.1387761235,-0.0682308599,-0.0473796502,-0.6916382313,0.7206882834,1,-703.9,-117.8,1509.6,1,0.2286490053,0.8087676764,-0.5418620706,-0.9688071609,0.2436774522,-0.0451006405,0.0955636352,0.5352720618,0.8392564058,1,-449.4,222.1,1692.1,1,0.5881191492,0.8087676764,-0.0032844245,-0.3401717246,0.2436774820,-0.9082425833,-0.7337568402,0.5352721214,0.4184312820,1,-367.3,-125.5,1726.4,1,0.8025402427,-0.0249178689,-0.5960772634,0.0031818151,0.9992919564,-0.0374895819,0.5965893865,0.0281902943,0.8020513058,1,-622.7,-225.4,1653.3,1,0.8025646210,-0.0000000000,-0.5965652466,0.0000000000,1.0000000000,0.0000000000,0.5965652466,0.0000000000,0.8025646210,0,-612.3,-644.3,1641.5,1,0.7946947217,0.0196203869,-0.6066921353,-0.0556761771,0.9976204038,-0.0406661965,0.6044505835,0.0660955161,0.7938960195,1,-474.3,-190.9,1772.6,1,0.7959101796,-0.0000000000,-0.6054146886,0.0000000000,1.0000000000,0.0000000000,0.6054146886,0.0000000000,0.7959101796,0,-482.5,-609.1,1744.9,1,-663.5,-388.6,1522.6,1,-199.7,-222.5,1517.2,1,-612.3,-1047.4,1641.5,0,-482.5,-1012.2,1744.9,0,
3,0.7633925080,0.0198913403,-0.6456277370,0.1907788068,0.9479907751,0.2547847927,0.6171187758,-0.3176726997,0.7198961377,1,-551.4,398.2,1540.4,1,0.7633925080,0.0198913403,-0.6456277370,0.1907788068,0.9479907751,0.2547847927,0.6171187758,-0.3176726997,0.7198961377,1,-555.7,197.8,1607.5,1,0.7634150982,-0.0241194330,-0.6454569697,0.1805683523,0.9674277902,0.1774168909,0.6201554537,-0.2519917190,0.7429060936,1,-550.6,-5.0,1660.3,1,0.1399975121,-0.7201076746,-0.6795923710,0.9893869162,0.1287127733,0.0674296245,0.0389156118,-0.6818197966,0.7304844856,1,-662.4,172.5,1520.8,1,-0.1478213221,-0.7054442167,-0.6931791902,0.9879345894,-0.1380602866,-0.0701751858,-0.0461958349,-0.6951891184,0.7173410058,1,-703.6,-118.5,1509.3,1,0.2257052958,0.8065687418,-0.5463552475,-0.9700918198,0.2375045717,-0.0501342565,0.0893251374,0.5413303375,0.8360518217,1,-448.9,223.1,1694.3,1,0.5910370946,0.8065687418,-0.0110474229,-0.3411150277,0.2375045419,-0.9095230103,-0.7309690118,0.5413302779,0.4155066907,1,-368.2,-123.7,1726.2,1,0.7998428941,-0.0290993992,-0.5995035768,0.0082208244,0.9992613792,-0.0375352949,0.6001530290,0.0250939224,0.7994914651,1,-619.4,-225.2,1653.2,1,0.7998882532,-0.0000000000,-0.6001488566,0.0000000000,1.0000000000,0.0000000000,0.6001488566,0.0000000000,0.7998882532,0,-607.2,-644.2,1642.6,1,0.7922495604,0.0210647043,-0.6098335981,-0.0609254502,0.9971405864,-0.0447067693,0.6071480513,0.0725732967,0.7912675738,1,-471.7,-190.3,1773.2,1,0.7937079072,-0.0000000000,-0.6082990766,0.0000000000,1.0000000000,0.0000000000,0.6082990766,0.0000000000,0.7937079072,0,-480.5,-608.3,1742.7,1,-663.1,-389.3,1522.0,1,-199.3,-221.2,1517.4,1,-607.2,-1047.3,1642.6,0,-480.5,-1011.5,1742.7,0,
4,0.7627011538,0.0260361061,-0.6462259889,0.1975290477,0.9420681000,0.2710872889,0.6158486605,-0.3344067931,0.7133755088,1,-550.0,397.3,1535.4,1,0.7627011538,0.0260361061,-0.6462259889,0.1975290477,0.9420681000,0.2710872889,0.6158486605,-0.3344067931,0.7133755088,1,-555.5,198.3,1606.0,1,0.7626850605,-0.0229133051,-0.6463633776,0.1876635998,0.9642177820,0.1872553229,0.6189460754,-0.2641156316,0.7396964431,1,-550.7,-3.8,1661.4,1,0.1422046423,-0.7180121541,-0.6813490391,0.9891980290,0.1278221756,0.0717556924,0.0355700515,-0.6841931343,0.7284330130,1,-662.2,172.0,1519.4,1,-0.1435834616,-0.7043012977,-0.6952290535,0.9884369373,-0.1366646141,-0.0656907409,-0.0487471372,-0.6966221333,0.7157801390,1,-703.7,-116.4,1509.1,1,0.2249449492,0.8100466132,-0.5415019393,-0.9696150422,0.2409410775,-0.0423572287,0.0961587206,0.5345764756,0.8396317959,1,-448.8,224.6,1692.6,1,0.5863231421,0.8100466728,-0.0070559522,-0.3437993824,0.2409410775,-0.9076064825,-0.7335034609,0.5345765352,0.4197627902,1,-368.1,-123.4,1727.1,1,0.7993922830,-0.0146653354,-0.6006305218,-0.0036852909,0.9995635748,-0.0293107443,0.6007982492,0.0256442800,0.7989892960,1,-619.7,-224.1,1656.9,1,0.7994135022,-0.0000000000,-0.6007810831,0.0000000000,1.0000000000,0.0000000000,0.6007810831,0.0000000000,0.7994135022,0,-613.5,-643.1,1646.1,1,0.7909425497,0.0331679136,-0.6109908819,-0.0679099038,0.9971193671,-0.0337819383,0.6081103683,0.0682118982,0.7909165621,1,-472.1,-187.7,1776.6,1,0.7927629352,-0.0000000000,-0.6095300317,0.0000000000,1.0000000000,0.0000000000,0.6095300317,0.0000000000,0.7927629352,0,-486.0,-605.8,1748.0,1,-664.3,-387.4,1522.4,1,-199.9,-222.0,1516.7,1,-613.5,-1046.2,1646.1,0,-486.0,-1008.9,1748.0,0,
5,0.7615109086,0.0251160990,-0.6476644874,0.2028580904,0.9398098588,0.2749621868,0.6155890822,-0.3407705128,0.7105824947,1,-549.3,396.8,1533.9,1,0.7615109086,0.0251160990,-0.6476644874,0.2028580904,0.9398098588,0.2749621868,0.6155890822,-0.3407705128,0.7105824947,1,-554.6,198.7,1605.7,1,0.7615033388,-0.0237901062,-0.6477235556,0.1918821931,0.9628049135,0.1902260184,0.6191076040,-0.2691443264,0.7377460599,1,-549.6,-3.1,1662.1,1,0.1425795257,-0.7165935040,-0.6827627420,0.9891823530,0.1271998435,0.0730657429,0.0344888791,-0.6857945323,0.7269776464,1,-661.1,171.9,1519.1,1,-0.1364680082,-0.7044985294,-0.6964612007,0.9893664122,-0.1326245964,-0.0597061478,-0.0503050052,-0.6972032785,0.7151061893,1,-702.9,-117.7,1509.0,1,0.2228766233,0.8141862750,-0.5361218452,-0.9701753855,0.2390267700,-0.0403212383,0.0953184590,0.5291188955,0.8431770802,1,-448.1,225.6,1692.3,1,0.5805177689,0.8141863942,-0.0099843889,-0.3508117795,0.2390267849,-0.9054266214,-0.7347994447,0.5291188955,0.4243854880,1,-368.0,-122.7,1726.6,1,0.7986443639,-0.0155434124,-0.6016024351,-0.0092940740,0.9992285967,-0.0381549038,0.6017314196,0.0360635370,0.7978838682,1,-618.3,-223.4,1658.7,1,0.7987015247,-0.0000000000,-0.6017274261,0.0000000000,1.0000000000,0.0000000000,0.6017274261,0.0000000000,0.7987015247,0,-611.8,-642.4,1643.5,1,0.7898204327,0.0338518806,-0.6124033332,-0.0726350620,0.9966118336,-0.0385880806,0.6090221405,0.0749596059,0.7896031737,1,-470.9,-186.3,1778.5,1,0.7919036746,-0.0000000000,-0.6106460690,0.0000000000,1.0000000000,0.0000000000,0.6106460690,0.0000000000,0.7919036746,0,-485.1,-604.1,1747.0,1,-665.4,-388.9,1522.8,1,-201.5,-223.3,1515.8,1,-611.8,-1045.5,1643.5,0,-485.1,-1007.2,1747.0,0,
6,0.7600255609,0.0145794880,-0.6497288942,0.2026794106,0.9445686340,0.2582817376,0.6174807549,-0.3279871643,0.7149432302,1,-550.7,397.0,1538.7,1,0.7600255609,0.0145794880,-0.6497288942,0.2026794106,0.9445686340,0.2582817376,0.6174807549,-0.3279871643,0.7149432302,1,-553.8,197.8,1607.8,1,0.7601134777,-0.0289445147,-0.6491446495,0.1909937859,0.9648288488,0.1806232929,0.6210870743,-0.2612767220,0.7389096022,1,-547.7,-4.4,1662.6,1,0.1459700912,-0.7163518667,-0.6822997928,0.9885172844,0.1328530461,0.0719983429,0.0390694551,-0.6849747300,0.7275186777,1,-660.1,171.1,1520.9,1,-0.1433862746,-0.7029607296,-0.6966251135,0.9882970452,-0.1387273669,-0.0634320229,-0.0520507470,-0.6975678205,0.7146256566,1,-702.9,-118.4,1509.5,1,0.2207689285,0.8155688047,-0.5348912477,-0.9714491367,0.2327241004,-0.0461089686,0.0868770480,0.5297990441,0.8436618447,1,-447.5,224.5,1694.7,1,0.5784413815,0.8155688047,-0.0159122776,-0.3530559540,0.2327241004,-0.9061958790,-0.7353619337,0.5297991037,0.4225586057,1,-368.5,-122.8,1725.8,1,0.7984475493,-0.0083716232,-0.6020061970,-0.0151896859,0.9993049502,-0.0340427943,0.6018727422,0.0363256671,0.7977654338,1,-615.2,-225.2,1657.3,1,0.7985606790,-0.0000000000,-0.6019143462,0.0000000000,1.0000000000,0.0000000000,0.6019143462,0.0000000000,0.7985606790,0,-611.7,-644.1,1642.0,1,0.7895051241,0.0352288522,-0.6127321124,-0.0853043646,0.9949597120,-0.0527097359,0.6077868342,0.0938833207,0.7885310054,1,-468.1,-188.2,1777.4,1,0.7923858762,-0.0000000000,-0.6100201607,0.0000000000,1.0000000000,0.0000000000,0.6100201607,0.0000000000,0.7923858762,0,-482.9,-605.3,1738.1,1,-663.6,-389.3,1523.8,1,-202.5,-224.2,1514.7,1,-611.7,-1047.2,1642.0,0,-482.9,-1008.4,1738.1,0,
7,0.7605634928,0.0197943728,-0.6489609480,0.1988135576,0.9444187284,0.2618105412,0.6180747151,-0.3281456232,0.7143570185,1,-550.1,397.8,1537.5,1,0.7605634928,0.0197943728,-0.6489609480,0.1988135576,0.9444187284,0.2618105412,0.6180747151,-0.3281456232,0.7143570185,1,-554.3,198.2,1606.9,1,0.7605932951,-0.0249181092,-0.6487495303,0.1877286434,0.9650166035,0.1830274761,0.6214948893,-0.2609982789,0.7386650443,1,-549.1,-4.1,1661.6,1,0.1383168101,-0.7174608111,-0.6827287078,0.9898699522,0.1224407405,0.0718722343,0.0320282951,-0.6857538223,0.7271285653,1,-660.7,171.9,1520.0,1,-0.1402132511,-0.7043171525,-0.6959005594,0.9888167381,-0.1356757283,-0.0619147085,-0.0508092307,-0.6967993379,0.7154641747,1,-701.3,-118.7,1510.5,1,0.2226297408,0.8159578443,-0.5335249305,-0.9710305333,0.2343221009,-0.0468269475,0.0868078545,0.5284940600,0.8444871306,1,-447.9,224.4,1693.8,1,0.5779242516,0.8159579039,-0.0147124957,-0.3538847864,0.2343221307,-0.9054604769,-0.7353702188,0.5284941196,0.4241754413,1,-368.3,-122.9,1724.9,1,0.7981047034,0.0006493711,-0.6025184989,-0.0209283140,0.9994258881,-0.0266448036,0.6021553278,0.0338750370,0.7976600528,1,-617.4,-224.5,1656.2,1,0.7982978821,-0.0000000000,-0.6022627950,0.0000000000,1.0000000000,0.0000000000,0.6022627950,0.0000000000,0.7982978821,0,-617.7,-643.5,1642.0,1,0.7886719704,0.0407289565,-0.6134636402,-0.0936506689,0.9941179752,-0.0543964878,0.6076397300,0.1003522649,0.7878472805,1,-470.3,-188.2,1776.4,1,0.7921525836,-0.0000000000,-0.6103230119,0.0000000000,1.0000000000,0.0000000000,0.6103230119,0.0000000000,0.7921525836,0,-487.3,-605.0,1734.4,1,-662.9,-389.7,1524.5,1,-202.7,-224.3,1514.3,1,-617.7,-1046.7,1642.0,0,-487.3,-1008.1,1734.4,0,
8,0.7629012465,0.0262256395,-0.6459822059,0.1990489513,0.9411131740,0.2732834816,0.6151109338,-0.3370701671,0.7127581835,1,-548.9,397.8,1534.0,1,0.7629012465,0.0262256395,-0.6459822059,0.1990489513,0.9411131740,0.2732834816,0.6151109338,-0.3370701671,0.7127581835,1,-554.5,199.2,1605.1,1,0.7628780007,-0.0219769552,-0.6461681128,0.1886352599,0.9635034800,0.1899366975,0.6184125543,-0.2667885423,0.7391832471,1,-549.9,-2.8,1661.0,1,0.1371769905,-0.7188470960,-0.6814994216,0.9900943041,0.1202929467,0.0724078789,0.0299293753,-0.6846814156,0.7282277942,1,-661.2,172.8,1518.6,1,-0.1457185894,-0.7045254707,-0.6945575476,0.9877542257,-0.1431653500,-0.0620114617,-0.0557479188,-0.6950883865,0.7167597413,1,-701.6,-118.9,1509.8,1,0.2214348912,0.8168566227,-0.5326461792,-0.9707617164,0.2365528792,-0.0407977104,0.0926731005,0.5261065364,0.8453541398,1,-447.7,225.5,1691.6,1,0.5767397285,0.8168565631,-0.0107983807,-0.3519940376,0.2365528792,-0.9056174755,-0.7372051477,0.5261065364,0.4239581227,1,-368.1,-123.5,1724.9,1,0.7995425463,-0.0087570632,-0.6005456448,-0.0128905680,0.9994131923,-0.0317352824,0.6004711986,0.0331150778,0.7989605069,1,-619.0,-223.0,1657.1,1,0.7996296287,-0.0000000000,-0.6004934907,0.0000000000,1.0000000000,0.0000000000,0.6004934907,0.0000000000,0.7996296287,0,-615.4,-642.0,1643.2,1,0.7904263735,0.0358023085,-0.6115099788,-0.0791187659,0.9958954453,-0.0439603589,0.6074261665,0.0831293315,0.7900146246,1,-471.4,-186.5,1776.8,1,0.7929083109,-0.0000000000,-0.6093410254,0.0000000000,1.0000000000,0.0000000000,0.6093410254,0.0000000000,0.7929083109,0,-486.4,-604.0,1741.9,1,-661.6,-389.6,1525.1,1,-202.9,-224.3,1513.7,1,-615.4,-1045.1,1643.2,0,-486.4,-1007.1,1741.9,0,
9,0.7659106851,0.0308535192,-0.6422054768,0.1934497058,0.9415037036,0.2759462297,0.6131542921,-0.3355844617,0.7151411176,1,-548.5,396.7,1533.2,1,0.7659106851,0.0308535192,-0.6422054768,0.1934497058,0.9415037036,0.2759462297,0.6131542921,-0.3355844617,0.7151411176,1,-555.0,197.8,1604.1,1,0.7658737898,-0.0211888701,-0.6426408887,0.1861814559,0.9639482498,0.1901011318,0.6154460907,-0.2652412355,0.7422097325,1,-550.6,-4.3,1659.7,1,0.1359848082,-0.7222272754,-0.6781561971,0.9903495908,0.1175810546,0.0733640119,0.0267528333,-0.6815881133,0.7312468290,1,-662.2,171.7,1518.0,1,-0.1523406655,-0.7062228322,-0.6914054155,0.9869480133,-0.1456607282,-0.0686765984,-0.0522096306,-0.6928434372,0.7191953659,1,-702.0,-118.0,1510.2,1,0.2228196561,0.8164589405,-0.5326783061,-0.9700216055,0.2400588244,-0.0378121547,0.0970020592,0.5251347423,0.8454726934,1,-447.9,223.8,1690.2,1,0.5773434639,0.8164589405,-0.0083223600,-0.3525209129,0.2400588393,-0.9044892788,-0.7364804149,0.5251348019,0.4264152944,1,-368.1,-123.7,1725.0,1,0.8020259738,-0.0114506492,-0.5971792936,-0.0117351450,0.9993211627,-0.0349221192,0.5971738100,0.0350164361,0.8013471365,1,-620.3,-224.3,1655.8,1,0.8020983338,-0.0000000000,-0.5971919894,0.0000000000,1.0000000000,0.0000000000,0.5971919894,0.0000000000,0.8020983338,0,-615.5,-643.3,1641.1,1,0.7928510904,0.0286806524,-0.6087400913,-0.0812901109,0.9949427247,-0.0589994788,0.6039693952,0.0962623656,0.7911728621,1,-472.1,-188.3,1774.9,1,0.7954787612,-0.0000000000,-0.6059814692,0.0000000000,1.0000000000,0.0000000000,0.6059814692,0.0000000000,0.7954787612,0,-484.1,-605.4,1734.5,1,-660.2,-388.5,1524.5,1,-202.3,-224.9,1513.5,1,-615.5,-1046.4,1641.1,0,-484.1,-1008.5,1734.5,0,
10,0.7628753781,0.0159592014,-0.6463477612,0.1977854669,0.9460083842,0.2568021715,0.6155502796,-0.3237460554,0.7185320258,1,-551.2,398.5,1537.8,1,0.7628753781,0.0159592014,-0.6463477612,0.1977854669,0.9460083842,0.2568021715,0.6155502796,-0.3237460554,0.7185320258,1,-554.5,198.7,1606.2,1,0.7629446387,-0.0286930874,-0.6458259225,0.1873887032,0.9659383893,0.1784562767,0.6187092066,-0.2571726739,0.7423363328,1,-548.5,-3.7,1660.1,1,0.1380179524,-0.7209227085,-0.6791329980,0.9898881316,0.1230802536,0.0705178529,0.0327499360,-0.6819984317,0.7306200862,1,-661.3,172.5,1519.6,1,-0.1484071165,-0.7060610056,-0.6924255490,0.9875614643,-0.1425847113,-0.0662708953,-0.0519379936,-0.6936478615,0.7184393406,1,-702.0,-119.4,1510.0,1,0.2209754735,0.8133999109,-0.5380989313,-0.9709972143,0.2351342589,-0.0433162004,0.0912920907,0.5320643783,0.8417679667,1,-447.8,224.9,1692.7,1,0.5815412402,0.8134000301,-0.0137992650,-0.3503942192,0.2351342738,-0.9066067934,-0.7341892123,0.5320644379,0.4217509031,1,-368.5,-123.4,1725.5,1,0.8007379770,-0.0117534641,-0.5988994241,-0.0065396633,0.9995763302,-0.0283604246,0.5989789963,0.0266258698,0.8003219366,1,-616.3,-224.3,1654.1,1,0.8007686734,-0.0000000000,-0.5989736319,0.0000000000,1.0000000000,0.0000000000,0.5989736319,0.0000000000,0.8007686734,0,-611.4,-643.4,1643.0,1,0.7922232151,0.0271605588,-0.6096267700,-0.0782452598,0.9952838421,-0.0573387593,0.6051943302,0.0931254923,0.7906121612,1,-468.7,-188.1,1773.9,1,0.7946541309,-0.0000000000,-0.6070624590,0.0000000000,1.0000000000,0.0000000000,0.6070624590,0.0000000000,0.7946541309,0,-480.1,-605.3,1734.8,1,-661.3,-390.1,1524.2,1,-200.9,-224.4,1513.8,1,-611.4,-1046.5,1643.0,0,-480.1,-1008.4,1734.8,0,
11,0.7609449029,0.0102730887,-0.6487343311,0.2031530142,0.9458230734,0.2532701790,0.6161913872,-0.3245168030,0.7176342607,1,-551.9,400.7,1537.6,1,0.7609449029,0.0102730887,-0.6487343311,0.2031530142,0.9458230734,0.2532701790,0.6161913872,-0.3245168030,0.7176342607,1,-554.0,200.4,1606.3,1,0.7610816956,-0.0313942842,-0.6478950381,0.1907744408,0.9654848576,0.1773195863,0.6199676394,-0.2585564256,0.7408041358,1,-547.5,-2.0,1660.5,1,0.1418677121,-0.7189371586,-0.6804432869,0.9892752767,0.1271079630,0.0719583929,0.0347561873,-0.6833542585,0.7292592525,1,-660.5,173.7,1519.6,1,-0.1488982588,-0.7041290998,-0.6942849159,0.9873377681,-0.1447108537,-0.0649844781,-0.0547131039,-0.6951698065,0.7167603374,1,-702.5,-118.9,1509.3,1,0.2211948931,0.8118455410,-0.5403515100,-0.9715636969,0.2314424813,-0.0499848425,0.0844803080,0.5360422730,0.8399534822,1,-447.6,227.1,1693.1,1,0.5837330818,0.8118455410,-0.0127511621,-0.3417824805,0.2314424813,-0.9108343124,-0.7365056276,0.5360422134,0.4125751853,1,-367.3,-125.7,1723.7,1,0.7996746302,-0.0037179566,-0.6004222035,-0.0153491357,0.9995275736,-0.0266321097,0.6002375484,0.0305129867,0.7992395759,1,-614.5,-222.8,1654.8,1,0.7997835875,-0.0000000000,-0.6002884507,0.0000000000,1.0000000000,0.0000000000,0.6002884507,0.0000000000,0.7997835875,0,-613.0,-641.9,1642.0,1,0.7908616066,0.0438815877,-0.6104196906,-0.0868147910,0.9953836203,-0.0409218073,0.6058060527,0.0853569508,0.7910203338,1,-467.3,-185.9,1774.7,1,0.7938562036,-0.0000000000,-0.6081055403,0.0000000000,1.0000000000,0.0000000000,0.6081055403,0.0000000000,0.7938562036,0,-485.7,-603.2,1738.9,1,-661.7,-389.5,1524.3,1,-200.4,-223.4,1513.2,1,-613.0,-1045.0,1642.0,0,-485.7,-1006.3,1738.9,0,
12,0.7640001178,0.0112173064,-0.6451177597,0.2025557160,0.9451301694,0.2563170791,0.6125970483,-0.3264983594,0.7198094130,1,-551.3,398.8,1537.5,1,0.7640001178,0.0112173064,-0.6451177597,0.2025557160,0.9451301694,0.2563170791,0.6125970483,-0.3264983594,0.7198094130,1,-553.7,198.9,1606.6,1,0.7641171217,-0.0334002711,-0.6442114115,0.1924788207,0.9649706483,0.1782743037,0.6156923175,-0.2602193952,0.7437815070,1,-546.7,-3.3,1661.1,1,0.1435460597,-0.7216225266,-0.6772412062,0.9888749123,0.1315569580,0.0694208443,0.0390001312,-0.6796718836,0.7324788570,1,-660.6,172.0,1520.4,1,-0.1392233819,-0.7097458839,-0.6905632019,0.9884846210,-0.1413572133,-0.0540029518,-0.0592877269,-0.6901295781,0.7212530971,1,-702.6,-117.2,1509.0,1,0.2202353179,0.8110167980,-0.5419854522,-0.9719913602,0.2291886359,-0.0520142615,0.0820324644,0.5382605195,0.8387766480,1,-446.8,225.9,1692.7,1,0.5847753882,0.8110167980,-0.0170160104,-0.3443506956,0.2291886508,-0.9104368687,-0.7344796062,0.5382605791,0.4132981300,1,-367.1,-125.8,1722.4,1,0.8027566671,0.0028784105,-0.5962998271,-0.0198059473,0.9995653033,-0.0218383390,0.5959777236,0.0293411519,0.8024647236,1,-613.6,-224.2,1656.1,1,0.8029289842,-0.0000000000,-0.5960746408,0.0000000000,1.0000000000,0.0000000000,0.5960746408,0.0000000000,0.8029289842,0,-614.8,-643.3,1643.8,1,0.7937957048,0.0482260138,-0.6062694788,-0.0899531692,0.9951972365,-0.0386132412,0.6014955640,0.0851868913,0.7943212986,1,-465.8,-187.0,1775.2,1,0.7970318198,-0.0000000000,-0.6039373279,0.0000000000,1.0000000000,0.0000000000,0.6039373279,0.0000000000,0.7970318198,0,-486.0,-604.2,1739.5,1,-664.4,-388.2,1525.3,1,-200.3,-224.1,1512.9,1,-614.8,-1046.4,1643.8,0,-486.0,-1007.3,1739.5,0,
13,0.7576994300,0.0073684854,-0.6525613070,0.2040338814,0.9471333027,0.2476021945,0.6198886633,-0.3207524419,0.7161409855,1,-550.7,399.6,1541.5,1,0.7576994300,0.0073684854,-0.6525613070,0.2040338814,0.9471333027,0.2476021945,0.6198886633,-0.3207524419,0.7161409855,1,-552.3,199.9,1609.1,1,0.7578304410,-0.0353754461,-0.6514909863,0.1950868666,0.9651323557,0.1745243371,0.6226028204,-0.2593570948,0.7383100390,1,-544.9,-2.4,1663.5,1,0.1524590105,-0.7145106196,-0.6828110218,0.9873400331,0.1407116801,0.0732104629,0.0437698215,-0.6853282452,0.7269178033,1,-658.3,172.7,1522.0,1,-0.1320702136,-0.7045508027,-0.6972557902,0.9895128012,-0.1352207512,-0.0507923625,-0.0584976636,-0.6966516972,0.7150205970,1,-703.0,-117.3,1509.1,1,0.2197400481,0.8104624748,-0.5430147648,-0.9731497765,0.2211923748,-0.0636665747,0.0685113445,0.5424247980,0.8373062015,1,-446.3,227.2,1696.2,1,0.5853582025,0.8104624748,-0.0225032624,-0.3413729966,0.2211923450,-0.9135308266,-0.7354047298,0.5424247980,0.4061467946,1,-366.1,-127.9,1721.2,1,0.7975576520,0.0062618223,-0.6032102704,-0.0256870091,0.9993916750,-0.0235885568,0.6026956439,0.0343078971,0.7972334027,1,-610.8,-223.5,1657.6,1,0.7978398800,-0.0000000000,-0.6028694510,0.0000000000,1.0000000000,0.0000000000,0.6028694510,0.0000000000,0.7978398800,0,-613.4,-642.5,1643.2,1,0.7886775732,0.0561100468,-0.6122413874,-0.0912129357,0.9954850078,-0.0262655858,0.6080033183,0.0765594020,0.7902345657,1,-464.1,-185.8,1778.1,1,0.7919827700,-0.0000000000,-0.6105434299,0.0000000000,1.0000000000,0.0000000000,0.6105434299,0.0000000000,0.7919827700,0,-487.6,-603.1,1746.0,1,-666.8,-388.5,1525.2,1,-200.1,-224.7,1512.7,1,-613.4,-1045.6,1643.2,0,-487.6,-1006.3,1746.0,0,
14,0.7550354600,0.0001575449,-0.6556832790,0.2096081525,0.9474668503,0.2415970713,0.6212778091,-0.3198506832,0.7153400779,1,-552.0,398.3,1542.5,1,0.7550354600,0.0001575449,-0.6556832790,0.2096081525,0.9474668503,0.2415970713,0.6212778091,-0.3198506832,0.7153400779,1,-552.0,198.5,1609.9,1,0.7553019524,-0.0406340025,-0.6541153193,0.1970081776,0.9659904242,0.1674763709,0.6250655055,-0.2553611696,0.7376217842,1,-543.5,-4.0,1663.4,1,0.1533090919,-0.7138440609,-0.6833177209,0.9873193502,0.1394777447,0.0758061409,0.0411938503,-0.6862745881,0.7261751890,1,-657.7,170.9,1522.5,1,-0.1245321631,-0.7051541209,-0.6980326176,0.9908732176,-0.1249652803,-0.0505360626,-0.0515941270,-0.6979551911,0.7142805457,1,-702.1,-115.2,1510.5,1,0.2226302922,0.8101949692,-0.5422359109,-0.9728266597,0.2209034711,-0.0693532079,0.0635921657,0.5429416299,0.8373591304,1,-446.4,226.0,1697.4,1,0.5857805610,0.8101950884,-0.0210980177,-0.3384762406,0.2209035009,-0.9146778584,-0.7364068031,0.5429416895,0.4036327600,1,-365.0,-129.5,1720.6,1,0.7963125706,0.0168989990,-0.6046492457,-0.0337533280,0.9992935061,-0.0165238585,0.6039428115,0.0335670784,0.7963204980,1,-608.1,-225.6,1656.5,1,0.7967805266,-0.0000000000,-0.6042688489,0.0000000000,1.0000000000,0.0000000000,0.6042688489,0.0000000000,0.7967805266,0,-615.2,-644.5,1642.4,1,0.7873136997,0.0626122281,-0.6133651733,-0.0994781926,0.9946960807,-0.0261514783,0.6084745526,0.0816058815,0.7893663645,1,-461.9,-187.4,1777.4,1,0.7912439704,-0.0000000000,-0.6115005016,0.0000000000,1.0000000000,0.0000000000,0.6115005016,0.0000000000,0.7912439704,0,-488.2,-604.4,1743.2,1,-668.0,-386.8,1524.7,1,-199.9,-224.9,1513.0,1,-615.2,-1047.6,1642.4,0,-488.2,-1007.6,1743.2,0,
15,0.7560043931,-0.0013775001,-0.6545642018,0.2091048807,0.9481061697,0.2395158261,0.6202681065,-0.3179473877,0.7170627117,1,-553.4,397.2,1542.9,1,0.7560043931,-0.0013775001,-0.6545642018,0.2091048807,0.9481061697,0.2395158261,0.6202681065,-0.3179473877,0.7170627117,1,-553.1,197.6,1609.9,1,0.7562654614,-0.0427245647,-0.6528676152,0.1977767348,0.9661093950,0.1658764184,0.6236562133,-0.2545685172,0.7390872240,1,-544.1,-4.9,1663.3,1,0.1500344276,-0.7162033916,-0.6815733314,0.9880065322,0.1340651959,0.0766125172,0.0365051217,-0.6848934293,0.7277281284,1,-658.9,169.9,1522.6,1,-0.1304439306,-0.7056128979,-0.6964875460,0.9904532433,-0.1243248433,-0.0595465116,-0.0445739292,-0.6976058483,0.7150939107,1,-702.4,-116.3,1512.1,1,0.2313010544,0.8139459491,-0.5329087973,-0.9708516598,0.2284816355,-0.0724088922,0.0628229454,0.5341236591,0.8430689573,1,-447.3,225.2,1697.1,1,0.5808973312,0.8139460683,-0.0070855925,-0.3313117921,0.2284816653,-0.9154391289,-0.7434989810,0.5341236591,0.4023943245,1,-362.0,-132.7,1720.3,1,0.7974410057,0.0256124176,-0.6028531194,-0.0409288704,0.9990936518,-0.0116929878,0.6020072103,0.0339985639,0.7977665067,1,-608.4,-226.6,1656.3,1,0.7981207371,-0.0000000000,-0.6024976373,0.0000000000,1.0000000000,0.0000000000,0.6024976373,0.0000000000,0.7981207371,0,-619.1,-645.4,1642.0,1,0.7881104946,0.0702160895,-0.6115157604,-0.1079087108,0.9938475490,-0.0249542203,0.6060012579,0.0856545568,0.7908386588,1,-462.0,-188.3,1776.9,1,0.7927475572,-0.0000000000,-0.6095500588,0.0000000000,1.0000000000,0.0000000000,0.6095500588,0.0000000000,0.7927475572,0,-491.5,-605.0,1741.0,1,-666.6,-387.7,1524.3,1,-200.0,-225.1,1513.0,1,-619.1,-1048.5,1642.0,0,-491.5,-1008.1,1741.0,0,
16,0.7569215298,0.0111954268,-0.6534090042,0.2133926600,0.9408109784,0.2633183002,0.6176840067,-0.3387438357,0.7097331285,1,-550.6,397.5,1536.7,1,0.7569215298,0.0111954268,-0.6534090042,0.2133926600,0.9408109784,0.2633183002,0.6176840067,-0.3387438357,0.7097331285,1,-552.9,199.0,1608.2,1,0.7570831180,-0.0355987102,-0.6523472071,0.2007917762,0.9628632069,0.1804860830,0.6216977239,-0.2676288784,0.7361174226,1,-545.5,-2.8,1664.3,1,0.1484687626,-0.7147147655,-0.6834763288,0.9884204268,0.1291500330,0.0796576738,0.0313384868,-0.6873886585,0.7256134152,1,-658.8,170.9,1521.2,1,-0.1335857511,-0.7031652331,-0.6983647943,0.9899101257,-0.1282733530,-0.0601985082,-0.0472520962,-0.6993600726,0.7132059336,1,-702.3,-118.5,1512.0,1,0.2290495634,0.8139846325,-0.5338217020,-0.9710802436,0.2290337980,-0.0674299225,0.0673762783,0.5338284969,0.8429043889,1,-447.0,227.1,1695.1,1,0.5808565021,0.8139845133,-0.0059173256,-0.3302851617,0.2290337831,-0.9156720638,-0.7439875603,0.5338284373,0.4018827379,1,-362.0,-133.4,1720.2,1,0.7965248823,0.0260275658,-0.6040453911,-0.0401519947,0.9991446137,-0.0098945517,0.6032711267,0.0321348794,0.7968885899,1,-611.3,-224.1,1660.2,1,0.7971770763,-0.0000000000,-0.6037456393,0.0000000000,1.0000000000,0.0000000000,0.6037456393,0.0000000000,0.7971770763,0,-622.2,-642.9,1646.7,1,0.7871743441,0.0653887987,-0.6132542491,-0.0995784551,0.9947919846,-0.0217484925,0.6086382866,0.0781867728,0.7895860672,1,-464.8,-185.2,1780.5,1,0.7911126018,-0.0000000000,-0.6116704345,0.0000000000,1.0000000000,0.0000000000,0.6116704345,0.0000000000,0.7911126018,0,-492.2,-602.3,1747.7,1,-665.7,-389.8,1525.0,1,-200.4,-225.2,1513.2,1,-622.2,-1046.0,1646.7,0,-492.2,-1005.4,1747.7,0,
17,0.7601906061,0.0109790163,-0.6496065259,0.2113896757,0.9412726760,0.2632839382,0.6143490672,-0.3374659717,0.7132278085,1,-550.7,397.1,1536.6,1,0.7601906061,0.0109790163,-0.6496065259,0.2113896757,0.9412726760,0.2632839382,0.6143490672,-0.3374659717,0.7132278085,1,-553.0,198.5,1607.8,1,0.7603366971,-0.0351338722,-0.6485773921,0.1998761147,0.9627373815,0.1821658909,0.6180111766,-0.2681425214,0.7390289903,1,-545.7,-3.3,1664.0,1,0.1439490914,-0.7183263898,-0.6806511283,0.9891143441,0.1256553382,0.0765745714,0.0305219032,-0.6842646599,0.7285948396,1,-659.4,170.5,1521.3,1,-0.1350236833,-0.7065778971,-0.6946338415,0.9895523787,-0.1319233626,-0.0581584983,-0.0505449288,-0.6952293515,0.7170085907,1,-701.4,-118.1,1512.4,1,0.2273718715,0.8125908971,-0.5366544127,-0.9713053703,0.2287258804,-0.0651945323,0.0697702765,0.5360786915,0.8412798047,1,-446.7,226.4,1694.2,1,0.5827900171,0.8125909567,-0.0071914345,-0.3302155435,0.2287258804,-0.9157741070,-0.7425048351,0.5360786915,0.4016293287,1,-362.5,-133.2,1720.1,1,0.7993589044,0.0162798762,-0.6006333232,-0.0367665403,0.9990849495,-0.0218514018,0.5997279882,0.0395503193,0.7992260456,1,-611.9,-224.5,1660.4,1,0.7999198437,-0.0000000000,-0.6001069546,0.0000000000,1.0000000000,0.0000000000,0.6001069546,0.0000000000,0.7999198437,0,-618.7,-643.3,1643.8,1,0.7901713252,0.0556804352,-0.6103515625,-0.0950545818,0.9949481487,-0.0322932899,0.6054700613,0.0835339352,0.7914721370,1,-464.8,-185.8,1780.0,1,0.7937735915,-0.0000000000,-0.6082134843,0.0000000000,1.0000000000,0.0000000000,0.6082134843,0.0000000000,0.7937735915,0,-488.1,-602.9,1745.0,1,-664.4,-389.3,1526.3,1,-200.2,-225.1,1513.4,1,-618.7,-1046.4,1643.8,0,-488.1,-1006.0,1745.0,0,
18,0.7583956122,0.0058253179,-0.6517677903,0.2112167776,0.9438031912,0.2542073131,0.6166229248,-0.3304538727,0.7145476937,1,-551.8,395.6,1538.5,1,0.7583956122,0.0058253179,-0.6517677903,0.2112167776,0.9438031912,0.2542073131,0.6166229248,-0.3304538727,0.7145476937,1,-553.1,197.1,1608.0,1,0.7585662603,-0.0364820510,-0.6505730748,0.2006045431,0.9630115628,0.1799020469,0.6199477911,-0.2669754922,0.7378284931,1,-545.4,-4.7,1663.9,1,0.1443760246,-0.7172191739,-0.6817275286,0.9891300201,0.1240180582,0.0790030286,0.0278840419,-0.6857233047,0.7273281217,1,-659.2,169.1,1521.3,1,-0.1398522705,-0.7040525675,-0.6962408423,0.9890888929,-0.1322178990,-0.0649745837,-0.0463099889,-0.6977309585,0.7148614526,1,-701.1,-118.5,1513.1,1,0.2272275686,0.8099585772,-0.5406799316,-0.9715043902,0.2269784212,-0.0682649016,0.0674309433,0.5407845974,0.8384540081,1,-446.9,225.2,1694.7,1,0.5863589644,0.8099585772,-0.0122616887,-0.3326741457,0.2269784063,-0.9153189659,-0.7385872602,0.5407846570,0.4025430679,1,-363.3,-132.6,1719.5,1,0.7981069088,0.0139993029,-0.6023531556,-0.0358571075,0.9990617037,-0.0242908001,0.6014479399,0.0409853011,0.7978599668,1,-611.1,-226.0,1659.9,1,0.7986335754,-0.0000000000,-0.6018175483,0.0000000000,1.0000000000,0.0000000000,0.6018175483,0.0000000000,0.7986335754,0,-617.0,-644.8,1642.7,1,0.7887952924,0.0566445701,-0.6120402813,-0.0983425081,0.9945475459,-0.0346977040,0.6067376733,0.0875589624,0.7900649905,1,-464.4,-187.2,1779.9,1,0.7926549911,-0.0000000000,-0.6096704602,0.0000000000,1.0000000000,0.0000000000,0.6096704602,0.0000000000,0.7926549911,0,-488.1,-604.1,1743.2,1,-662.8,-389.6,1525.8,1,-200.0,-225.2,1513.9,1,-617.0,-1048.0,1642.7,0,-488.1,-1007.2,1743.2,0,
19,0.7613867521,0.0176685285,-0.6480562687,0.2062507123,0.9410882592,0.2679774761,0.6146146059,-0.3376964331,0.7128899097,1,-550.4,396.2,1535.5,1,0.7613867521,0.0176685285,-0.6480562687,0.2062507123,0.9410882592,0.2679774761,0.6146146059,-0.3376964331,0.7128899097,1,-554.2,198.0,1606.6,1,0.7614392042,-0.0297697503,-0.6475516558,0.1980131716,0.9618793726,0.1886186302,0.6172531247,-0.2718453407,0.7383094430,1,-547.9,-3.6,1663.6,1,0.1369787902,-0.7191837430,-0.6811840534,0.9902752042,0.1163099110,0.0763354897,0.0243292209,-0.6850159764,0.7281217575,1,-660.7,170.3,1520.2,1,-0.1409624964,-0.7055475116,-0.6945014596,0.9888979793,-0.1336591393,-0.0649309754,-0.0470145866,-0.6959438920,0.7165554166,1,-700.9,-120.4,1513.1,1,0.2278957218,0.8087580800,-0.5421935916,-0.9710593820,0.2296536118,-0.0655965954,0.0714649484,0.5414513946,0.8376891613,1,-447.6,225.7,1692.9,1,0.5880209804,0.8087581992,-0.0119011700,-0.3343627751,0.2296536118,-0.9140354395,-0.7365005016,0.5414513350,0.4054597318,1,-363.6,-132.3,1719.3,1,0.7991734147,0.0146862920,-0.6009209752,-0.0371848792,0.9989947081,-0.0250376370,0.5999491811,0.0423545949,0.7989161015,1,-615.3,-224.4,1660.8,1,0.7997395992,-0.0000000000,-0.6003471017,0.0000000000,1.0000000000,0.0000000000,0.6003471017,0.0000000000,0.7997395992,0,-621.5,-643.2,1643.1,1,0.7888921499,0.0644866899,-0.6111388206,-0.1085913628,0.9934578538,-0.0353472307,0.6048612595,0.0942495465,0.7907337546,1,-468.0,-186.1,1780.3,1,0.7936046124,-0.0000000000,-0.6084336638,0.0000000000,1.0000000000,0.0000000000,0.6084336638,0.0000000000,0.7936046124,0,-495.0,-602.6,1740.7,1,-662.3,-391.5,1526.0,1,-200.1,-225.3,1514.5,1,-621.5,-1046.3,1643.1,0,-495.0,-1005.7,1740.7,0,
20,0.7668440938,0.0237854235,-0.6413916349,0.2001326829,0.9406281710,0.2741602659,0.6098337173,-0.3386014998,0.7165569663,1,-550.0,394.7,1534.4,1,0.7668440938,0.0237854235,-0.6413916349,0.2001326829,0.9406281710,0.2741602659,0.6098337173,-0.3386014998,0.7165569663,1,-555.0,196.6,1605.8,1,0.7668482065,-0.0247338507,-0.6413509250,0.1919906139,0.9623421431,0.1924460679,0.6124407053,-0.2707102597,0.7427209616,1,-549.8,-5.2,1662.5,1,0.1345991194,-0.7233554721,-0.6772297621,0.9904751778,0.1182297766,0.0705741867,0.0290184859,-0.6802785397,0.7323791981,1,-662.3,169.7,1520.1,1,-0.1488248557,-0.7085060477,-0.6898335218,0.9871649146,-0.1473198682,-0.0616636276,-0.0579371266,-0.6901565194,0.7213371396,1,-701.7,-120.6,1511.6,1,0.2266696990,0.8066856265,-0.5457830429,-0.9708816409,0.2317435890,-0.0606930554,0.0775215030,0.5436480045,0.8357256055,1,-447.7,223.4,1691.4,1,0.5907374620,0.8066856861,-0.0169565547,-0.3425927460,0.2317436039,-0.9104533195,-0.7305199504,0.5436480641,0.4132643044,1,-365.3,-129.6,1719.6,1,0.8029510379,0.0021191111,-0.5960412621,-0.0309954919,0.9987890720,-0.0382042639,0.5952385664,0.0491507426,0.8020444512,1,-618.8,-225.4,1660.0,1,0.8033555150,-0.0000000000,-0.5954996943,0.0000000000,1.0000000000,0.0000000000,0.5954996943,0.0000000000,0.8033555150,0,-619.7,-644.2,1639.4,1,0.7929888964,0.0478444472,-0.6073545814,-0.0991726667,0.9937520623,-0.0512012355,0.6011101604,0.1008349657,0.7927792668,1,-470.5,-188.3,1778.5,1,0.7969443798,-0.0000000000,-0.6040527225,0.0000000000,1.0000000000,0.0000000000,0.6040527225,0.0000000000,0.7969443798,0,-490.5,-604.9,1736.2,1,-661.0,-391.2,1527.5,1,-200.1,-225.4,1515.4,1,-619.7,-1047.3,1639.4,0,-490.5,-1008.0,1736.2,0,
21,0.7678321004,0.0276593603,-0.6400528550,0.1931092292,0.9426069260,0.2723957300,0.6108542085,-0.3327541351,0.7184246182,1,-550.1,395.4,1535.4,1,0.7678321004,0.0276593603,-0.6400528550,0.1931092292,0.9426069260,0.2723957300,0.6108542085,-0.3327541351,0.7184246182,1,-555.9,196.7,1605.6,1,0.7677953243,-0.0194822699,-0.6403980255,0.1845294535,0.9639065266,0.1919150203,0.6135465503,-0.2655237317,0.7436800003,1,-551.8,-5.3,1661.2,1,0.1315573901,-0.7239311337,-0.6772122979,0.9908768535,0.1161916405,0.0682835057,0.0292538553,-0.6800171733,0.7326123714,1,-663.3,170.9,1519.8,1,-0.1483912766,-0.7093486786,-0.6890606284,0.9868798256,-0.1510491669,-0.0570309907,-0.0636271834,-0.6884829402,0.7224561572,1,-702.2,-121.7,1511.1,1,0.2277291566,0.8086608052,-0.5424086452,-0.9700873494,0.2365207970,-0.0546674058,0.0840835422,0.5386331677,0.8383342624,1,-448.5,222.5,1691.4,1,0.5881261826,0.8086608052,-0.0132440776,-0.3456597626,0.2365208268,-0.9080623388,-0.7311819196,0.5386331677,0.4186255634,1,-366.2,-128.3,1721.8,1,0.8026710153,-0.0096498607,-0.5963439345,-0.0200488027,0.9988675714,-0.0431487933,0.5960850120,0.0465902723,0.8015684485,1,-622.0,-225.2,1657.5,1,0.8028513193,-0.0000000000,-0.5961792469,0.0000000000,1.0000000000,0.0000000000,0.5961792469,0.0000000000,0.8028513193,0,-618.0,-644.0,1638.0,1,0.7934422493,0.0388230942,-0.6074061394,-0.0832920298,0.9955007434,-0.0451740511,0.6029194593,0.0864350870,0.7931060195,1,-473.5,-189.5,1776.3,1,0.7962308526,-0.0000000000,-0.6049930453,0.0000000000,1.0000000000,0.0000000000,0.6049930453,0.0000000000,0.7962308526,0,-489.8,-606.9,1740.0,1,-661.5,-392.2,1528.6,1,-200.4,-225.7,1515.8,1,-618.0,-1047.1,1638.0,0,-489.8,-1010.0,1740.0,0,
22,0.7692235112,0.0292475726,-0.6383091807,0.1868074536,0.9450138211,0.2684221268,0.6110632420,-0.3257173896,0.7214650512,1,-551.1,396.2,1536.4,1,0.7692235112,0.0292475726,-0.6383091807,0.1868074536,0.9450138211,0.2684221268,0.6110632420,-0.3257173896,0.7214650512,1,-557.2,196.6,1605.2,1,0.7691689134,-0.0171311386,-0.6388149261,0.1782019436,0.9657365680,0.1886672825,0.6136964560,-0.2589550316,0.7458693385,1,-553.7,-5.8,1659.5,1,0.1297010481,-0.7256723046,-0.6757051945,0.9911465049,0.1143983752,0.0673918575,0.0283951648,-0.6784636378,0.7340851426,1,-664.8,171.7,1519.4,1,-0.1443362981,-0.7120567560,-0.6871260405,0.9875171781,-0.1479063481,-0.0541630574,-0.0630631298,-0.6863664389,0.7245164514,1,-703.1,-120.5,1511.0,1,0.2301318794,0.8068975210,-0.5440181494,-0.9691051841,0.2409944832,-0.0525058731,0.0887385160,0.5392941236,0.8374290466,1,-449.6,221.5,1691.1,1,0.5905394554,0.8068975210,-0.0134035945,-0.3498359025,0.2409945130,-0.9052825570,-0.7272400260,0.5392941236,0.4245984554,1,-367.1,-126.2,1722.9,1,0.8031051755,-0.0229913350,-0.5953935981,-0.0037710406,0.9990391135,-0.0436648764,0.5958254337,0.0373127386,0.8022468090,1,-624.5,-225.5,1654.4,1,0.8031283021,-0.0000000000,-0.5958060026,0.0000000000,1.0000000000,0.0000000000,0.5958060026,0.0000000000,0.8031283021,0,-614.8,-644.3,1638.8,1,0.7947235107,0.0295142327,-0.6062534451,-0.0706156343,0.9965302348,-0.0440543257,0.6028496623,0.0778219923,0.7940502763,1,-475.7,-191.0,1773.2,1,0.7967316508,-0.0000000000,-0.6043333411,0.0000000000,1.0000000000,0.0000000000,0.6043333411,0.0000000000,0.7967316508,0,-488.0,-608.8,1740.5,1,-663.5,-391.2,1528.3,1,-199.7,-225.3,1516.8,1,-614.8,-1047.4,1638.8,0,-488.0,-1011.9,1740.5,0,
23,0.7709446549,0.0375437587,-0.6357936263,0.1849109381,0.9420679212,0.2798473239,0.6094688773,-0.3333118260,0.7193419933,1,-549.7,396.6,1533.4,1,0.7709446549,0.0375437587,-0.6357936263,0.1849109381,0.9420679212,0.2798473239,0.6094688773,-0.3333118260,0.7193419933,1,-557.6,197.4,1603.9,1,0.7708275318,-0.0122222351,-0.6369256973,0.1760872006,0.9649489522,0.1945898533,0.6122240424,-0.2621496320,0.7459633946,1,-555.1,-4.8,1658.8,1,0.1321536005,-0.7261493206,-0.6747167110,0.9909238219,0.1136806831,0.0717412084,0.0246074293,-0.6780737042,0.7345818877,1,-665.5,172.8,1518.2,1,-0.1469523907,-0.7116318941,-0.6870115995,0.9876120687,-0.1441948265,-0.0618887693,-0.0550215021,-0.6875956655,0.7240060568,1,-704.4,-119.4,1511.0,1,0.2295468599,0.8052034974,-0.5467683077,-0.9685485959,0.2444035411,-0.0466974564,0.0960311741,0.5402908921,0.8359806538,1,-449.8,222.0,1689.5,1,0.5928763747,0.8052034974,-0.0120433699,-0.3502991498,0.2444035411,-0.9041888118,-0.7251126170,0.5402909517,0.4269630909,1,-367.5,-125.1,1724.0,1,0.8034565449,-0.0316327997,-0.5945224166,0.0062149446,0.9989787340,-0.0447536595,0.5953308940,0.0322626978,0.8028326035,1,-627.1,-224.1,1654.6,1,0.8034875989,-0.0000000000,-0.5953214765,0.0000000000,1.0000000000,0.0000000000,0.5953214765,0.0000000000,0.8034875989,0,-613.8,-643.0,1641.0,1,0.7954585552,0.0195905045,-0.6056911349,-0.0571144745,0.9974520206,-0.0427472182,0.6033104062,0.0685973838,0.7945506573,1,-477.9,-190.1,1773.0,1,0.7967752218,-0.0000000000,-0.6042757630,0.0000000000,1.0000000000,0.0000000000,0.6042757630,0.0000000000,0.7967752218,0,-486.2,-608.2,1744.3,1,-664.2,-390.1,1526.1,1,-198.6,-224.9,1517.3,1,-613.8,-1046.1,1641.0,0,-486.2,-1011.4,1744.3,0,
