1,0.9153007269,-0.1785376668,0.3610377014,0.0772882402,0.9575842023,0.2775977254,-0.3952847421,-0.2261823118,0.8902741075,1,420.9,506.9,2202.3,1,0.9153007269,-0.1785376668,0.3610377014,0.0772882402,0.9575842023,0.2775977254,-0.3952847421,-0.2261823118,0.8902741075,1,458.0,308.1,2249.3,1,0.9130413532,-0.1881207228,0.3618915081,0.0890913010,0.9578413963,0.2731374800,-0.3980165720,-0.2171453089,0.8913064599,1,496.9,110.0,2294.2,1,0.1344799101,-0.7245882750,-0.6759342551,0.9176898003,-0.1662801504,0.3608272672,-0.3738456070,-0.6688219905,0.6425859928,1,334.0,296.0,2303.3,1,0.1663577855,-0.7101411819,-0.6841231585,0.9547207952,-0.0575389862,0.2918860614,-0.2466440946,-0.7017041445,0.6684144735,1,294.6,26.8,2413.0,1,0.5146310925,0.6891581416,0.5101136565,-0.8527164459,0.3492005169,0.3885018229,0.0896072388,-0.6349174380,0.7673659921,1,581.9,320.2,2195.2,1,0.0819419846,0.7396874428,0.6679430008,-0.9962446094,0.0795980692,0.0340696126,-0.0279661100,-0.6682263017,0.7434321046,1,726.9,79.9,2220.5,1,1.0000000000,-0.0000000002,0.0000000007,0.0000000002,1.0000000000,0.0000000002,-0.0000000007,-0.0000000002,1.0000000000,0,448.2,-96.5,2377.2,1,1.0000000000,-0.0000390973,-0.0000158487,0.0000391015,0.9999999404,0.0002622420,0.0000158385,-0.0002622427,0.9999999404,0,448.2,-510.0,2377.2,0,0.8280627131,-0.1862683147,0.5287876129,0.1178061068,0.9799457788,0.1607110351,-0.5481185317,-0.0707843900,0.8334000707,1,623.3,-79.5,2300.9,1,0.8591397405,-0.2140321136,0.4648324847,0.0098164529,0.9150609374,0.4031962156,-0.5116469860,-0.3418388963,0.7882661819,1,700.3,-484.6,2330.2,1,251.4,-220.8,2477.0,1,748.7,-184.5,2213.1,1,448.2,-907.6,2377.3,0,785.4,-848.3,2466.1,1,
2,0.9135177135,-0.1807525158,0.3644355237,0.0775642544,0.9568219185,0.2801375091,-0.3993345499,-0.2276442796,0.8880915046,1,420.6,506.6,2201.7,1,0.9135177135,-0.1807525158,0.3644355237,0.0775642544,0.9568219185,0.2801375091,-0.3993345499,-0.2276442796,0.8880915046,1,458.0,308.7,2248.8,1,0.9116368890,-0.1878522784,0.3655530512,0.0873329565,0.9576615691,0.2743332088,-0.4016093016,-0.2181683183,0.8894430995,1,496.8,110.7,2293.9,1,0.1470851153,-0.7260930538,-0.6716806293,0.9145353436,-0.1588675976,0.3720029593,-0.3768170476,-0.6689918041,0.6406706572,1,334.2,296.8,2303.3,1,0.1423405707,-0.7159123421,-0.6835265756,0.9591277242,-0.0708658397,0.2739564180,-0.2445674986,-0.6945843697,0.6765642166,1,290.8,26.9,2414.5,1,0.5143994689,0.6878194809,0.5121499300,-0.8526071906,0.3461745679,0.3914384246,0.0919456407,-0.6380184293,0.7645119429,1,581.7,320.5,2194.2,1,0.0954073519,0.7351086736,0.6712024808,-0.9944880009,0.0998452827,0.0320087336,-0.0434865020,-0.6705566645,0.7405827045,1,724.5,84.0,2219.7,1,1.0000000000,-0.0000000002,0.0000000006,0.0000000002,1.0000000000,0.0000000002,-0.0000000006,-0.0000000002,1.0000000000,0,449.0,-95.6,2377.1,1,1.0000000000,-0.0000351878,-0.0000142634,0.0000351912,1.0000000000,0.0002360179,0.0000142551,-0.0002360184,1.0000000000,0,449.0,-509.1,2377.1,0,0.8262209892,-0.1908360273,0.5300381780,0.1153845191,0.9782541394,0.1723518223,-0.5514029860,-0.0812425017,0.8302737474,1,622.3,-79.0,2300.8,1,0.8561584949,-0.2056883723,0.4740094543,0.0070412159,0.9219138622,0.3873309791,-0.5166653395,-0.3282791078,0.7907526493,1,701.2,-483.5,2334.4,1,253.7,-222.7,2478.1,1,749.5,-176.9,2208.3,1,449.0,-906.7,2377.2,0,783.0,-849.9,2464.9,1,
3,0.9153385758,-0.1894748360,0.3553223014,0.0897031352,0.9561553001,0.2787863314,-0.3925653994,-0.2233113050,0.8921999931,1,420.9,506.0,2201.4,1,0.9153385758,-0.1894748360,0.3553223014,0.0897031352,0.9561553001,0.2787863314,-0.3925653994,-0.2233113050,0.8921999931,1,460.1,308.2,2247.5,1,0.9136881828,-0.1954803020,0.3563154042,0.0979041234,0.9567766786,0.2738515139,-0.3944459260,-0.2153310627,0.8933315873,1,500.5,110.4,2292.1,1,0.1630582064,-0.7191986442,-0.6754000783,0.9067260027,-0.1606150568,0.3899367452,-0.3889213800,-0.6759851575,0.6259266138,1,336.0,294.9,2301.1,1,0.1443431973,-0.7080073953,-0.6912963986,0.9621947408,-0.0626401231,0.2650613487,-0.2309682518,-0.7034215927,0.6721993089,1,288.4,29.9,2414.8,1,0.4980015457,0.6999032497,0.5119863153,-0.8623605371,0.3375726938,0.3773315847,0.0912629738,-0.6294285059,0.7716805339,1,584.1,321.5,2194.0,1,0.0969359800,0.7464557886,0.6583366990,-0.9946658015,0.0960903019,0.0375062339,-0.0352630317,-0.6584606767,0.7517885566,1,723.2,80.6,2219.5,1,1.0000000000,-0.0000000001,0.0000000004,0.0000000001,1.0000000000,0.0000000002,-0.0000000004,-0.0000000002,1.0000000000,0,456.7,-96.4,2372.9,1,1.0000000000,-0.0000316692,-0.0000128367,0.0000316719,1.0000000000,0.0002124161,0.0000128300,-0.0002124165,1.0000000000,0,456.7,-509.9,2372.9,0,0.8313989639,-0.1873390675,0.5231441259,0.1142529994,0.9789720178,0.1689971685,-0.5438032150,-0.0807332993,0.8353204131,1,625.1,-78.4,2300.2,1,0.8568087816,-0.2148365974,0.4687474370,0.0226028264,0.9238439202,0.3821016550,-0.5151388645,-0.3167930245,0.7964133620,1,702.6,-483.2,2333.6,1,250.8,-220.3,2474.8,1,749.0,-184.3,2210.1,1,456.7,-907.5,2373.0,0,788.0,-850.4,2459.5,1,
4,0.9126133323,-0.1879351735,0.3630654216,0.0858523101,0.9563730359,0.2792515159,-0.3997061849,-0.2236795574,0.8889312148,1,420.2,507.4,2201.7,1,0.9126133323,-0.1879351735,0.3630654216,0.0858523101,0.9563730359,0.2792515159,-0.3997061849,-0.2236795574,0.8889312148,1,459.1,309.5,2248.0,1,0.9106072783,-0.1967816800,0.3634150624,0.0958236158,0.9559317827,0.2775134146,-0.4020086229,-0.2178829014,0.8893325925,1,499.8,111.8,2293.0,1,0.1450617015,-0.7239145637,-0.6744664311,0.9159842730,-0.1594652236,0.3681627214,-0.3740722835,-0.6712069511,0.6399619579,1,335.5,296.5,2302.6,1,0.1702956557,-0.7085622549,-0.6847910881,0.9573635459,-0.0456013083,0.2852639854,-0.2333546579,-0.7041732669,0.6705859900,1,293.7,32.5,2410.4,1,0.5150112510,0.6880357862,0.5112438202,-0.8521622419,0.3465012014,0.3921179473,0.0926446095,-0.6376078129,0.7647700906,1,582.7,322.5,2193.4,1,0.0638244450,0.7339328527,0.6762165427,-0.9971401095,0.0743787810,0.0133875450,-0.0404706076,-0.6751370430,0.7365812063,1,729.1,80.3,2219.7,1,1.0000000000,-0.0000000001,0.0000000004,0.0000000001,1.0000000000,0.0000000001,-0.0000000004,-0.0000000001,1.0000000000,0,453.6,-94.9,2376.4,1,1.0000000000,-0.0000285024,-0.0000115527,0.0000285046,1.0000000000,0.0001911745,0.0000115473,-0.0001911748,1.0000000000,0,453.6,-508.4,2376.4,0,0.8295151591,-0.1743256748,0.5305801630,0.0988036543,0.9808579087,0.1677966714,-0.5496750474,-0.0867666081,0.8308604360,1,627.4,-76.6,2299.7,1,0.8531606793,-0.2202912271,0.4728515744,0.0147801489,0.9163010716,0.4002171457,-0.5214387178,-0.3344606757,0.7850081325,1,699.5,-482.2,2335.6,1,249.2,-217.9,2471.4,1,746.1,-184.4,2209.0,1,453.6,-906.0,2376.5,0,787.0,-846.4,2468.5,1,
5,0.9072074890,-0.1873048991,0.3766837418,0.0803342983,0.9560679197,0.2819254398,-0.4129402637,-0.2255051881,0.8823968172,1,419.6,507.5,2202.4,1,0.9072074890,-0.1873048991,0.3766837418,0.0803342983,0.9560679197,0.2819254398,-0.4129402637,-0.2255051881,0.8823968172,1,458.4,309.4,2249.1,1,0.9051299095,-0.1960948855,0.3772079945,0.0906950235,0.9559085369,0.2793110907,-0.4153468311,-0.2186028212,0.8830040693,1,498.9,111.7,2294.3,1,0.1473371238,-0.7323479056,-0.6647994518,0.9184669852,-0.1481113732,0.3667171001,-0.3670288920,-0.6646274328,0.6508150697,1,335.5,297.1,2305.5,1,0.1580610573,-0.7189842463,-0.6768150926,0.9629154801,-0.0395489708,0.2668890655,-0.2186563015,-0.6939005256,0.6860697865,1,292.9,31.2,2411.7,1,0.5198392868,0.6799246669,0.5171747208,-0.8486681581,0.3418580294,0.4036031961,0.0976194143,-0.6487184763,0.7547416091,1,581.2,321.7,2192.7,1,0.0601205602,0.7208194137,0.6905105710,-0.9965404272,0.0831099376,0.0000076843,-0.0573827587,-0.6881221533,0.7233222127,1,728.6,81.2,2220.4,1,1.0000000000,-0.0000000001,0.0000000003,0.0000000001,1.0000000000,0.0000000001,-0.0000000003,-0.0000000001,1.0000000000,0,452.7,-94.6,2379.3,1,1.0000000000,-0.0000256522,-0.0000103972,0.0000256540,1.0000000000,0.0001720571,0.0000103928,-0.0001720573,1.0000000000,0,452.7,-508.1,2379.3,0,0.8211305737,-0.1729172915,0.5439155102,0.0980983675,0.9815772772,0.1639594883,-0.5622465611,-0.0812749267,0.8229660392,1,626.2,-77.2,2299.7,1,0.8433383703,-0.2330384254,0.4842244983,0.0217451304,0.9151399136,0.4025493860,-0.5369426608,-0.3289558589,0.7768401504,1,697.7,-483.1,2333.3,1,251.7,-219.5,2468.6,1,744.5,-183.4,2205.1,1,452.7,-905.7,2379.3,0,790.3,-846.8,2464.0,1,
6,0.9111389518,-0.1863114089,0.3675773442,0.0828184783,0.9565520287,0.2795542777,-0.4036900997,-0.2242715061,0.8869796991,1,419.7,508.0,2201.7,1,0.9111389518,-0.1863114089,0.3675773442,0.0828184783,0.9565520287,0.2795542777,-0.4036900997,-0.2242715061,0.8869796991,1,458.4,309.4,2248.2,1,0.9087879062,-0.1961528212,0.3682767153,0.0945777670,0.9564776421,0.2760560513,-0.4063966870,-0.2160465270,0.8877848387,1,499.0,111.7,2292.9,1,0.1223130450,-0.7284897566,-0.6740490794,0.9234628081,-0.1653207690,0.3462448716,-0.3636701703,-0.6648095250,0.6525123119,1,335.1,296.6,2303.4,1,0.1809710264,-0.7095441222,-0.6810262203,0.9594359398,-0.0248370692,0.2808307409,-0.2161764801,-0.7042232752,0.6762672663,1,299.4,27.6,2409.3,1,0.5128916502,0.6860228181,0.5160570145,-0.8537825942,0.3450176716,0.3898949623,0.0894280523,-0.6405743361,0.7626711130,1,581.8,322.3,2193.1,1,0.0558513664,0.7276857495,0.6836327910,-0.9968016148,0.0798366815,-0.0035447280,-0.0571584292,-0.6812482476,0.7298173904,1,725.8,82.6,2218.2,1,1.0000000000,-0.0000000001,0.0000000002,0.0000000001,1.0000000000,0.0000000001,-0.0000000002,-0.0000000001,1.0000000000,0,453.5,-95.0,2376.0,1,1.0000000000,-0.0000230871,-0.0000093573,0.0000230885,1.0000000000,0.0001548514,0.0000093537,-0.0001548516,1.0000000000,0,453.5,-508.5,2376.0,0,0.8256552815,-0.1803368628,0.5345764756,0.1052491292,0.9801374078,0.1680871099,-0.5542706847,-0.0825183094,0.8282359838,1,625.5,-77.1,2299.1,1,0.8497769833,-0.2231935561,0.4775602221,0.0202303976,0.9190822840,0.3935460150,-0.5267540812,-0.3247650862,0.7855302691,1,700.1,-482.4,2333.2,1,252.7,-220.3,2465.2,1,740.6,-182.6,2203.0,1,453.5,-906.1,2376.1,0,788.8,-847.7,2462.3,1,
7,0.9061596394,-0.1916810125,0.3770044446,0.0873633623,0.9570093751,0.2765902281,-0.4138129056,-0.2176994681,0.8839468956,1,419.1,507.4,2202.9,1,0.9061596394,-0.1916810125,0.3770044446,0.0873633623,0.9570093751,0.2765902281,-0.4138129056,-0.2176994681,0.8839468956,1,459.0,308.3,2248.1,1,0.9039880037,-0.2006274164,0.3775625825,0.0979568288,0.9567666650,0.2738676071,-0.4161836505,-0.2105891407,0.8845561743,1,500.5,110.5,2291.7,1,0.1214631945,-0.7343451977,-0.6678200960,0.9275133610,-0.1556433439,0.3398440778,-0.3535046577,-0.6606906056,0.6622101665,1,336.3,295.0,2304.6,1,0.1867918223,-0.7147711515,-0.6739518642,0.9587622285,-0.0169478506,0.2837038636,-0.2142053843,-0.6991531253,0.6821298003,1,301.2,27.3,2406.7,1,0.5172299147,0.3171249926,0.7949244976,-0.8495270014,0.0775749832,0.5218103528,0.1038128510,-0.9452057481,0.3095303476,1,581.7,321.6,2191.6,1,0.0440790951,0.3171249926,0.9473588467,-0.9967775941,0.0775749683,0.0204105284,-0.0670186430,-0.9452057481,0.3195225298,1,725.9,84.8,2220.6,1,1.0000000000,-0.0000000001,0.0000000002,0.0000000001,1.0000000000,0.0000000001,-0.0000000002,-0.0000000001,1.0000000000,0,457.3,-96.5,2374.2,1,1.0000000000,-0.0000207784,-0.0000084214,0.0000207796,1.0000000000,0.0001393662,0.0000084185,-0.0001393664,1.0000000000,0,457.3,-510.0,2374.2,0,0.8191450834,-0.1862155646,0.5425172448,0.1091699600,0.9791597128,0.1712548584,-0.5631013513,-0.0810560137,0.8224030137,1,626.5,-78.1,2296.3,1,0.8469495177,-0.1951639503,0.4945579469,0.0023400337,0.9315507412,0.3636039197,-0.5316681862,-0.3067969084,0.7894331217,1,703.5,-483.0,2329.8,1,252.9,-220.4,2462.0,1,737.6,-181.1,2202.7,1,457.4,-907.6,2374.2,0,781.1,-853.1,2451.7,1,
8,0.9066613913,-0.1941006780,0.3745521903,0.0891472846,0.9559672475,0.2796082199,-0.4123307765,-0.2201205939,0.8840398192,1,418.2,506.0,2202.9,1,0.9066613913,-0.1941006780,0.3745521903,0.0891472846,0.9559672475,0.2796082199,-0.4123307765,-0.2201205939,0.8840398192,1,458.5,307.7,2248.6,1,0.9043437243,-0.2029317170,0.3754734993,0.1003089994,0.9561487436,0.2751710713,-0.4148484766,-0.2111867815,0.8850407004,1,500.4,110.0,2292.3,1,0.1415562630,-0.7315220237,-0.6669613123,0.9219392538,-0.1479636729,0.3579592109,-0.3605410755,-0.6655691862,0.6534736156,1,335.7,294.1,2304.9,1,0.1620382369,-0.7165628076,-0.6784403920,0.9662591815,-0.0242797956,0.2564247847,-0.2002168596,-0.6970998645,0.6884511113,1,295.1,29.6,2408.3,1,0.5291169882,0.2626362443,0.8068813682,-0.8424098492,0.0484078452,0.5366585255,0.1018865854,-0.9636799693,0.2468607724,1,581.2,321.3,2192.3,1,0.0253833495,0.2626362443,0.9645609856,-0.9987418056,0.0484078564,0.0131020760,-0.0432512499,-0.9636799693,0.2635345161,1,731.9,81.4,2221.3,1,1.0000000000,-0.0000000000,0.0000000001,0.0000000000,1.0000000000,0.0000000000,-0.0000000001,-0.0000000000,1.0000000000,0,456.5,-97.2,2375.3,1,1.0000000000,-0.0000187007,-0.0000075791,0.0000187016,1.0000000000,0.0001254296,0.0000075768,-0.0001254298,1.0000000000,0,456.5,-510.7,2375.3,0,0.8227149844,-0.1710995138,0.5420931578,0.0947866440,0.9815672636,0.1659553945,-0.5604957938,-0.0851508006,0.8237680197,1,628.3,-78.1,2296.5,1,0.8441582322,-0.2132236660,0.4918661118,0.0146772116,0.9263482094,0.3763819337,-0.5358928442,-0.3105067015,0.7851142287,1,699.0,-484.0,2331.7,1,253.1,-220.7,2460.2,1,738.6,-180.8,2209.9,1,456.5,-908.3,2375.4,0,783.8,-852.1,2455.1,1,
9,0.9053472877,-0.1953587979,0.3770683110,0.0888923109,0.9554151893,0.2815690637,-0.4152628779,-0.2214002162,0.8823462725,1,418.2,509.3,2202.0,1,0.9053472877,-0.1953587979,0.3770683110,0.0888923109,0.9554151893,0.2815690637,-0.4152628779,-0.2214002162,0.8823462725,1,458.9,310.4,2248.1,1,0.9029925466,-0.2038711607,0.3782065809,0.1001653969,0.9558902383,0.2761195600,-0.4178158641,-0.2114515752,0.8835803866,1,501.1,112.7,2291.8,1,0.1422395259,-0.7307683229,-0.6676417589,0.9310149550,-0.1302722692,0.3409402966,-0.3361235857,-0.6700796485,0.6618263721,1,336.3,296.8,2304.8,1,0.1603265107,-0.7191438675,-0.6761119366,0.9607292414,-0.0434754267,0.2740603387,-0.2264830917,-0.6934996247,0.6839324236,1,295.5,29.8,2401.2,1,0.5204440355,0.2688949406,0.8104527593,-0.8486800790,0.0581457764,0.5257006288,0.0942338184,-0.9614129066,0.2584674358,1,581.5,324.0,2191.4,1,0.0114960726,0.2688949406,0.9631009698,-0.9982987046,0.0581457652,-0.0043179137,-0.0571613014,-0.9614127874,0.2691059411,1,729.5,82.7,2218.1,1,1.0000000000,-0.0000000000,0.0000000001,0.0000000000,1.0000000000,0.0000000000,-0.0000000001,-0.0000000000,1.0000000000,0,458.0,-94.4,2375.0,1,1.0000000000,-0.0000168306,-0.0000068211,0.0000168314,1.0000000000,0.0001128867,0.0000068192,-0.0001128868,1.0000000000,0,458.0,-507.9,2375.0,0,0.8197621703,-0.1779609621,0.5443528295,0.1008886099,0.9805049896,0.1686166227,-0.5637478232,-0.0833065361,0.8217350841,1,628.5,-75.4,2296.1,1,0.8477275372,-0.2011175454,0.4908255935,-0.0035142601,0.9231820703,0.3843468428,-0.5304203033,-0.3275462687,0.7819001079,1,702.1,-480.9,2330.5,1,253.7,-220.9,2460.3,1,732.5,-182.9,2202.9,1,458.0,-905.5,2375.0,0,782.0,-847.7,2460.7,1,
10,0.9080269933,-0.1894682199,0.3736146986,0.0848716348,0.9565822482,0.2788343132,-0.4102225304,-0.2214806974,0.8846806884,1,419.9,510.9,2201.5,1,0.9080269933,-0.1894682199,0.3736146986,0.0848716348,0.9565822482,0.2788343132,-0.4102225304,-0.2214806974,0.8846806884,1,459.5,311.3,2247.7,1,0.9054105282,-0.1999702752,0.3744900227,0.0977252498,0.9565992355,0.2745341659,-0.4131346345,-0.2119699121,0.8856549263,1,500.8,113.6,2291.5,1,0.1576287150,-0.7265909910,-0.6687442660,0.9287965298,-0.1209217235,0.3503068388,-0.3353954256,-0.6763457656,0.6557945013,1,336.5,298.1,2303.8,1,0.1427159905,-0.7188269496,-0.6803821325,0.9625945091,-0.0591547191,0.2644096911,-0.2303126454,-0.6926676035,0.6834965944,1,291.3,31.4,2400.1,1,0.5226606727,0.2429963052,0.8171772361,-0.8468579054,0.0374901444,0.5304961801,0.0982725173,-0.9693024755,0.2253779769,1,582.4,324.6,2191.6,1,0.0086151659,0.2429963201,0.9699890018,-0.9992969036,0.0374901481,-0.0005163550,-0.0364905000,-0.9693025351,0.2431484461,1,733.7,79.3,2220.1,1,1.0000000000,-0.0000000000,0.0000000001,0.0000000000,1.0000000000,0.0000000000,-0.0000000001,-0.0000000000,1.0000000000,0,455.7,-93.6,2374.8,1,1.0000000000,-0.0000151476,-0.0000061389,0.0000151482,1.0000000000,0.0001015980,0.0000061374,-0.0001015981,1.0000000000,0,455.7,-507.1,2374.8,0,0.8235781193,-0.1687116027,0.5415306687,0.0950752944,0.9822928905,0.1614354700,-0.5591777563,-0.0814685449,0.8250352144,1,628.6,-74.9,2295.9,1,0.8494234085,-0.2155758142,0.4816709459,0.0028726161,0.9146289825,0.4042839706,-0.5277040601,-0.3420245945,0.7775265574,1,698.3,-481.0,2329.6,1,253.9,-220.9,2460.4,1,736.0,-182.7,2210.5,1,455.7,-904.7,2374.8,0,784.0,-844.5,2465.5,1,
11,0.9092863798,-0.1944508851,0.3679486811,0.0829793662,0.9510892630,0.2975647151,-0.4078128934,-0.2400403470,0.8809456825,1,417.2,510.5,2196.3,1,0.9092863798,-0.1944508851,0.3679486811,0.0829793662,0.9510892630,0.2975647151,-0.4078128934,-0.2400403470,0.8809456825,1,457.8,312.0,2246.4,1,0.9064794183,-0.2022739798,0.3706472814,0.0964569375,0.9537798166,0.2846074700,-0.4110836983,-0.2222402096,0.8840902448,1,499.7,114.8,2292.3,1,0.1434879452,-0.7239845991,-0.6747277379,0.9320500493,-0.1303460151,0.3380718529,-0.3327068686,-0.6773892641,0.6560868025,1,334.8,298.9,2302.2,1,0.1511349231,-0.7145278454,-0.6830874085,0.9603196383,-0.0577310398,0.2728615105,-0.2344024628,-0.6972211599,0.6774498820,1,293.6,31.7,2397.5,1,0.5155396461,0.2336773276,0.8243868947,-0.8521019816,0.0385039747,0.5219574571,0.0902274475,-0.9715514779,0.2189672589,1,580.9,325.1,2190.5,1,0.0111021167,0.2336773425,0.9722508192,-0.9992561340,0.0385039784,0.0021561831,-0.0369316712,-0.9715515375,0.2339309901,1,729.4,79.7,2216.5,1,1.0000000000,-0.0000000000,0.0000000001,0.0000000000,1.0000000000,0.0000000000,-0.0000000001,-0.0000000000,1.0000000000,0,454.6,-91.6,2377.6,1,1.0000000000,-0.0000136329,-0.0000055249,0.0000136334,1.0000000000,0.0000914382,0.0000055237,-0.0000914383,1.0000000000,0,454.6,-505.2,2377.6,0,0.8241142035,-0.1686975211,0.5407189727,0.0980427712,0.9826943874,0.1571605057,-0.5578740835,-0.0765046254,0.8263919353,1,628.3,-73.2,2298.9,1,0.8496651053,-0.2177550942,0.4802622795,0.0073079765,0.9155312181,0.4021806419,-0.5272719860,-0.3382091820,0.7794861794,1,698.1,-479.5,2330.5,1,253.8,-221.5,2459.4,1,732.3,-184.6,2206.8,1,454.6,-902.8,2377.7,0,784.6,-843.4,2464.9,1,
12,0.9115501642,-0.2075376660,0.3549697995,0.0947626755,0.9460724592,0.3097873032,-0.4001188874,-0.2487497032,0.8820570111,1,415.7,510.6,2192.2,1,0.9115501642,-0.2075376660,0.3549697995,0.0947626755,0.9460724592,0.3097873032,-0.4001188874,-0.2487497032,0.8820570111,1,459.2,312.5,2244.2,1,0.9090127945,-0.2117835283,0.3589465320,0.1062394008,0.9505614638,0.2918002307,-0.4029983878,-0.2271167487,0.8865699768,1,503.0,116.0,2291.2,1,0.1318750679,-0.7165140510,-0.6849939823,0.9325770140,-0.1445659995,0.3307579756,-0.3360195160,-0.6824283600,0.6491398215,1,335.8,298.1,2299.0,1,0.1653373986,-0.7040948272,-0.6905896068,0.9567428827,-0.0554574654,0.2856003940,-0.2393881232,-0.7079371214,0.6644684672,1,297.8,29.4,2395.8,1,0.5047951937,0.2470581383,0.8271300793,-0.8580169678,0.0383627713,0.5121867061,0.0948088840,-0.9682410359,0.2313454151,1,582.6,326.9,2189.5,1,0.0125231929,0.2470581532,0.9689198136,-0.9992589951,0.0383627564,0.0031334730,-0.0363962799,-0.9682410359,0.2473554909,1,727.7,80.3,2216.8,1,1.0000000000,-0.0000000000,0.0000000001,0.0000000000,1.0000000000,0.0000000000,-0.0000000001,-0.0000000000,1.0000000000,0,462.7,-90.4,2375.4,1,1.0000000000,-0.0000122696,-0.0000049724,0.0000122700,1.0000000000,0.0000822944,0.0000049714,-0.0000822944,1.0000000000,0,462.7,-503.9,2375.4,0,0.8287767172,-0.1749792546,0.5315179229,0.1020797938,0.9811903834,0.1638450623,-0.5501897335,-0.0815337449,0.8310495615,1,630.8,-70.7,2300.9,1,0.8510832787,-0.2133833915,0.4797133207,0.0194501579,0.9258729219,0.3773341179,-0.5246704221,-0.3118122220,0.7921452522,1,703.2,-476.4,2334.6,1,254.4,-222.0,2458.7,1,731.0,-186.5,2207.1,1,462.7,-901.5,2375.5,0,788.0,-844.3,2458.5,1,
13,0.9108253717,-0.2101863474,0.3552716374,0.1031837165,0.9492648244,0.2970700562,-0.3996861875,-0.2339216471,0.8863000274,1,415.7,511.0,2196.6,1,0.9108253717,-0.2101863474,0.3552716374,0.1031837165,0.9492648244,0.2970700562,-0.3996861875,-0.2339216471,0.8863000274,1,459.7,312.4,2245.5,1,0.9084556699,-0.2154748291,0.3581592739,0.1137684286,0.9520001411,0.2841721177,-0.4021988213,-0.2174114287,0.8893617988,1,504.2,115.6,2290.5,1,0.1312433183,-0.7176251411,-0.6839513779,0.9296265244,-0.1505493522,0.3363473415,-0.3443397284,-0.6799626350,0.6473646760,1,336.4,297.0,2300.1,1,0.1683426499,-0.7025347352,-0.6914519072,0.9617484808,-0.0367230326,0.2714613974,-0.2161032557,-0.7107013464,0.6694796681,1,298.9,31.7,2398.4,1,0.5281392336,0.2414993793,0.8140927553,-0.8429778218,0.0336550027,0.5368945599,0.1022614092,-0.9698172212,0.2213531286,1,583.0,327.8,2190.9,1,0.0001301695,0.2414994091,0.9704010487,-0.9993996024,0.0336550027,-0.0082415100,-0.0346491635,-0.9698173404,0.2413587570,1,734.6,85.9,2220.3,1,1.0000000000,-0.0000000000,0.0000000000,0.0000000000,1.0000000000,0.0000000000,-0.0000000000,-0.0000000000,1.0000000000,0,463.7,-91.9,2373.1,1,1.0000000000,-0.0000110427,-0.0000044751,0.0000110430,1.0000000000,0.0000740649,0.0000044743,-0.0000740650,1.0000000000,0,463.7,-505.4,2373.1,0,0.8315759897,-0.1619330645,0.5312805772,0.0912272185,0.9833853841,0.1569419950,-0.5478676558,-0.0820419565,0.8325323462,1,633.9,-70.6,2297.8,1,0.8492172956,-0.2149339467,0.4823208153,0.0240906477,0.9282299876,0.3712258637,-0.5274937153,-0.3036319911,0.7934468985,1,700.8,-477.2,2331.7,1,254.4,-222.5,2455.5,1,734.6,-182.6,2211.0,1,463.7,-903.0,2373.1,0,786.2,-846.1,2452.4,1,
14,0.9070503116,-0.2149463147,0.3620182276,0.0976795480,0.9438329339,0.3156568706,-0.4095332325,-0.2509557307,0.8770973682,1,413.4,510.8,2192.8,1,0.9070503116,-0.2149463147,0.3620182276,0.0976795480,0.9438329339,0.3156568706,-0.4095332325,-0.2509557307,0.8770973682,1,458.4,313.3,2245.3,1,0.9049519897,-0.2170627415,0.3659848273,0.1068704054,0.9484765530,0.2982820272,-0.4118731618,-0.2308188230,0.8815209270,1,503.3,117.3,2293.0,1,0.1305597723,-0.7206637859,-0.6808801889,0.9343273044,-0.1402896643,0.3276453018,-0.3316425979,-0.6789422631,0.6550195813,1,335.6,298.8,2301.2,1,0.1631323695,-0.7074882388,-0.6876395941,0.9619688392,-0.0407188013,0.2701071501,-0.2190974802,-0.7055510879,0.6739391685,1,298.0,29.8,2396.7,1,0.5384635329,0.2504657209,0.8045644164,-0.8353049755,0.0328743830,0.5488030910,0.1110067889,-0.9675670862,0.2269169390,1,581.3,327.8,2189.4,1,-0.0192854684,0.2504657507,0.9679334164,-0.9990555644,0.0328743905,-0.0284122489,-0.0389365107,-0.9675672054,0.2495952100,1,738.0,84.6,2221.7,1,1.0000000000,-0.0000000000,0.0000000000,0.0000000000,1.0000000000,0.0000000000,-0.0000000000,-0.0000000000,1.0000000000,0,461.1,-89.1,2380.4,1,1.0000000000,-0.0000099384,-0.0000040276,0.0000099387,1.0000000000,0.0000666585,0.0000040269,-0.0000666585,1.0000000000,0,461.1,-502.6,2380.4,0,0.8271760345,-0.1568783522,0.5396006107,0.0797060356,0.9832870960,0.1636868566,-0.5562612414,-0.0923884362,0.8258557320,1,635.3,-68.5,2301.1,1,0.8419954181,-0.2106537521,0.4966575801,0.0209770799,0.9327025414,0.3600361049,-0.5390767455,-0.2927303314,0.7897500992,1,700.1,-475.1,2339.3,1,254.9,-224.0,2454.5,1,732.8,-184.6,2211.2,1,461.1,-900.2,2380.4,0,783.9,-845.8,2455.7,1,
15,0.9088517427,-0.2156132460,0.3570699096,0.0883957297,0.9361550808,0.3402952850,-0.4076442420,-0.2777153850,0.8698830009,1,412.4,515.3,2183.9,1,0.9088517427,-0.2156132460,0.3570699096,0.0883957297,0.9361550808,0.3402952850,-0.4076442420,-0.2777153850,0.8698830009,1,457.9,317.9,2242.5,1,0.9063706994,-0.2160699069,0.3630500138,0.0992022753,0.9441443682,0.3142474294,-0.4106702805,-0.2488100678,0.8771770000,1,502.6,122.8,2293.9,1,0.1100307927,-0.7184802890,-0.6867890954,0.9380825162,-0.1532871127,0.3106510639,-0.3284725845,-0.6784459949,0.6571276188,1,334.9,304.5,2298.2,1,0.1634562761,-0.7050667405,-0.6900456548,0.9586260915,-0.0517263561,0.2799292505,-0.2330623567,-0.7072519064,0.6674403548,1,301.5,19.9,2397.9,1,0.5162299871,0.2303296626,0.8248969913,-0.8499462605,0.0193058997,0.5265156031,0.1053467542,-0.9729212523,0.2057341188,1,581.0,331.4,2186.7,1,0.0162166096,0.2303296626,0.9729775786,-0.9997405410,0.0193059035,0.0120924469,-0.0159989595,-0.9729212523,0.2305829525,1,731.0,84.3,2217.3,1,1.0000000000,-0.0000000000,0.0000000000,0.0000000000,1.0000000000,0.0000000000,-0.0000000000,-0.0000000000,1.0000000000,0,460.2,-81.9,2384.8,1,1.0000000000,-0.0000089446,-0.0000036248,0.0000089448,1.0000000000,0.0000599926,0.0000036242,-0.0000599926,1.0000000000,0,460.2,-495.4,2384.8,0,0.8270196319,-0.1497130394,0.5418711901,0.0826728791,0.9857963920,0.1461869180,-0.5560607910,-0.0761013925,0.8276502490,1,634.3,-62.9,2305.9,1,0.8413200378,-0.2363125682,0.4861450493,0.0315328985,0.9192985892,0.3922955692,-0.5396168232,-0.3147165477,0.7808759212,1,696.2,-470.4,2337.3,1,258.5,-232.3,2459.2,1,735.4,-183.4,2213.1,1,460.2,-893.0,2384.8,0,790.1,-835.6,2462.4,1,
16,0.9105688334,-0.2255534828,0.3463946283,0.0986333638,0.9323576689,0.3478240967,-0.4014159739,-0.2825526595,0.8712205887,1,409.5,519.0,2181.5,1,0.9105688334,-0.2255534828,0.3463946283,0.0986333638,0.9323576689,0.3478240967,-0.4014159739,-0.2825526595,0.8712205887,1,457.2,321.6,2241.3,1,0.9087430239,-0.2219169885,0.3534659743,0.1062815636,0.9420468211,0.3182029724,-0.4035954475,-0.2515986264,0.8796617389,1,503.1,126.8,2293.3,1,0.1151260510,-0.7126333117,-0.6920257807,0.9301481247,-0.1671924442,0.3269114792,-0.3486695290,-0.6813225150,0.6436063647,1,333.8,307.2,2296.1,1,0.1367038488,-0.7021292448,-0.6988037229,0.9643079042,-0.0671614334,0.2561242580,-0.2267649919,-0.7088751793,0.6678875089,1,297.7,15.5,2405.4,1,0.5007729530,0.2373787165,0.8323929310,-0.8593279123,0.0209782124,0.5109947324,0.1038371399,-0.9711908102,0.2144914418,1,580.6,336.0,2186.5,1,0.0242870450,0.2375936061,0.9710609913,-0.9996812940,0.0124659277,0.0219527707,-0.0068893372,-0.9712846875,0.2378206551,1,728.5,82.2,2217.2,1,1.0000000000,-0.0000000000,0.0000000000,0.0000000000,1.0000000000,0.0000000000,-0.0000000000,-0.0000000000,1.0000000000,0,463.5,-77.9,2383.3,1,1.0000000000,-0.0000080501,-0.0000032623,0.0000080503,1.0000000000,0.0000539933,0.0000032618,-0.0000539934,1.0000000000,0,463.5,-491.4,2383.3,0,0.8297287226,-0.1395796239,0.5404328704,0.0953129083,0.9894382954,0.1092116758,-0.5499686599,-0.0391058289,0.8342692256,1,634.4,-57.9,2307.4,1,0.8489779234,-0.2622331977,0.4587703347,0.0354641378,0.8944965005,0.4456661344,-0.5272369385,-0.3620908260,0.7687076926,1,692.0,-466.7,2323.5,1,261.4,-240.7,2465.7,1,735.0,-186.9,2215.3,1,463.5,-889.0,2383.3,0,796.1,-821.6,2467.2,1,
17,0.9081681967,-0.2281767279,0.3509489298,0.0939070433,0.9280624986,0.3603921533,-0.4079349637,-0.2943410277,0.8642618060,1,408.1,515.0,2178.2,1,0.9081681967,-0.2281767279,0.3509489298,0.0939070433,0.9280624986,0.3603921533,-0.4079349637,-0.2943410277,0.8642618060,1,456.4,318.2,2240.6,1,0.9054621458,-0.2260808051,0.3592004478,0.1050313041,0.9393542409,0.3264707923,-0.4112245142,-0.2578804493,0.8742928505,1,503.2,124.0,2293.9,1,0.0963305235,-0.7162848115,-0.6911270618,0.9385355711,-0.1658671647,0.3027196527,-0.3314687610,-0.6778084636,0.6562806368,1,333.5,304.0,2296.5,1,0.1528566033,-0.7047454119,-0.6927977800,0.9555789828,-0.0733590499,0.2854598761,-0.2519995570,-0.7056574225,0.6622264385,1,303.4,10.2,2400.2,1,0.5118344426,0.2034053206,0.8346567154,-0.8528444767,0.0034210235,0.5221539736,0.1033535004,-0.9790887237,0.1752240658,1,579.4,332.5,2184.8,1,0.0241356324,0.2034052908,0.9787971377,-0.9997074604,0.0034210226,0.0239403266,0.0015211020,-0.9790886045,0.2034283876,1,731.8,78.6,2215.6,1,1.0000000000,-0.0000000000,0.0000000000,0.0000000000,1.0000000000,0.0000000000,-0.0000000000,-0.0000000000,1.0000000000,0,463.8,-80.1,2386.4,1,1.0000000000,-0.0000072451,-0.0000029360,0.0000072453,1.0000000000,0.0000485940,0.0000029357,-0.0000485940,1.0000000000,0,463.8,-493.7,2386.4,0,0.8254449368,-0.1301901042,0.5492642522,0.0922558233,0.9910709858,0.0962661207,-0.5568927526,-0.0287895575,0.8300853372,1,636.1,-60.2,2308.1,1,0.8469750881,-0.2667855918,0.4598464370,0.0275381953,0.8858253360,0.4632009566,-0.5309189558,-0.3796562850,0.7576187849,1,689.9,-469.8,2320.0,1,262.5,-245.2,2467.6,1,738.2,-186.3,2216.0,1,463.8,-891.3,2386.4,0,795.8,-821.5,2470.8,1,
18,0.9061464071,-0.2328194380,0.3531188965,0.0956250727,0.9260203838,0.3651618659,-0.4120113850,-0.2971239686,0.8613710403,1,406.5,514.5,2177.6,1,0.9061464071,-0.2328194380,0.3531188965,0.0956250727,0.9260203838,0.3651618659,-0.4120113850,-0.2971239686,0.8613710403,1,455.7,318.8,2240.4,1,0.9038477540,-0.2285082340,0.3617213964,0.1049128398,0.9379915595,0.3304032087,-0.4147907197,-0.2606857419,0.8717726469,1,503.0,124.8,2294.3,1,0.0820135325,-0.7185353637,-0.6906378865,0.9415635467,-0.1712965667,0.2900269032,-0.3266985118,-0.6740655899,0.6624980569,1,333.0,304.5,2296.8,1,0.1645332426,-0.7045316100,-0.6903361082,0.9537976980,-0.0647352189,0.2933925390,-0.2513933778,-0.7067138553,0.6613296270,1,307.2,8.1,2399.6,1,0.5146554112,0.2198452950,0.8287327290,-0.8499107957,0.0033597201,0.5269160271,0.1130556911,-0.9755290747,0.1885779649,1,578.4,333.0,2184.1,1,0.0071207122,0.2198452950,0.9755088091,-0.9999729991,0.0033597215,0.0065421253,-0.0018391825,-0.9755290747,0.2198632509,1,733.9,76.3,2218.3,1,1.0000000000,-0.0000000000,0.0000000000,0.0000000000,1.0000000000,0.0000000000,-0.0000000000,-0.0000000000,1.0000000000,0,464.3,-79.1,2387.7,1,1.0000000000,-0.0000065206,-0.0000026424,0.0000065207,1.0000000000,0.0000437346,0.0000026421,-0.0000437346,1.0000000000,0,464.3,-492.6,2387.7,0,0.8230865598,-0.1340331435,0.5518728495,0.0933649391,0.9904646277,0.1013053358,-0.5601888299,-0.0318574756,0.8277521133,1,636.1,-59.1,2308.8,1,0.8484073877,-0.2525308728,0.4652236104,0.0146796554,0.8897547722,0.4562026858,-0.5291401744,-0.3802163899,0.7585816383,1,691.5,-468.6,2322.0,1,263.2,-246.9,2466.8,1,735.8,-188.0,2217.8,1,464.3,-890.2,2387.7,0,791.9,-822.1,2473.0,1,
19,0.9050945044,-0.2287181467,0.3584566414,0.0905932486,0.9273816943,0.3629836440,-0.4154463708,-0.2960616350,0.8600859642,1,407.9,514.2,2177.8,1,0.9050945044,-0.2287181467,0.3584566414,0.0905932486,0.9273816943,0.3629836440,-0.4154463708,-0.2960616350,0.8600859642,1,456.2,318.2,2240.4,1,0.9026262164,-0.2258374840,0.3664184809,0.1007249653,0.9384861588,0.3303018510,-0.4184724689,-0.2612324059,0.8698473573,1,502.9,124.2,2294.4,1,0.0968720317,-0.7205271721,-0.6866268516,0.9421885014,-0.1559523940,0.2965798080,-0.3207749128,-0.6756622195,0.6637650132,1,333.6,304.6,2297.2,1,0.1231999919,-0.7132177949,-0.6900305152,0.9624810815,-0.0835235417,0.2581742704,-0.2417682856,-0.6959483624,0.6761685610,1,303.1,7.6,2398.3,1,0.5163138509,0.2029239982,0.8320106864,-0.8496392369,-0.0004531518,0.5273640752,0.1073918566,-0.9791942835,0.1721782535,1,578.7,331.9,2183.6,1,0.0152494265,0.2029240280,0.9790758491,-0.9998771548,-0.0004531511,0.0156673361,0.0036229477,-0.9791944623,0.2028921992,1,732.9,78.1,2215.6,1,1.0000000000,-0.0000000000,0.0000000000,0.0000000000,1.0000000000,0.0000000000,-0.0000000000,-0.0000000000,1.0000000000,0,463.4,-79.4,2388.3,1,1.0000000000,-0.0000058686,-0.0000023782,0.0000058687,1.0000000000,0.0000393611,0.0000023779,-0.0000393612,1.0000000000,0,463.4,-492.9,2388.3,0,0.8199055791,-0.1436438113,0.5541852117,0.0990192592,0.9890034795,0.1098509878,-0.5638705492,-0.0351924300,0.8251130581,1,635.7,-60.2,2308.5,1,0.8489951491,-0.2291258425,0.4761392772,0.0023574233,0.9027286172,0.4302039742,-0.5283954144,-0.3641186357,0.7669523358,1,695.1,-469.1,2323.0,1,270.5,-247.0,2462.3,1,737.0,-185.6,2216.6,1,463.4,-890.5,2388.3,0,786.1,-827.7,2467.7,1,
20,0.9054402113,-0.2342835665,0.3539612889,0.0870526582,0.9186497927,0.3853639364,-0.4154501557,-0.3181115389,0.8521750569,1,405.8,512.0,2170.9,1,0.9054402113,-0.2342835665,0.3539612889,0.0870526582,0.9186497927,0.3853639364,-0.4154501557,-0.3181115389,0.8521750569,1,455.4,317.7,2238.2,1,0.9027799964,-0.2289510369,0.3641001582,0.0976891518,0.9335706830,0.3448240757,-0.4188603163,-0.2757323682,0.8651726246,1,502.7,124.7,2295.2,1,0.0953661576,-0.7192298770,-0.6881958246,0.9361692667,-0.1701986492,0.3076026738,-0.3383670449,-0.6736027002,0.6570898294,1,332.8,304.4,2295.1,1,0.1083874032,-0.7118194699,-0.6939489245,0.9714578390,-0.0723240972,0.2259179205,-0.2110020071,-0.6986287832,0.6836636066,1,303.1,12.3,2400.7,1,0.5179448724,0.2052583247,0.8304228187,-0.8480728865,-0.0036942586,0.5298666358,0.1118273288,-0.9787008166,0.1721606106,1,577.9,330.9,2181.3,1,0.0062144655,0.2052583098,0.9786881208,-0.9999677539,-0.0036942558,0.0071243760,0.0050778617,-0.9787008762,0.2052287459,1,733.0,77.1,2214.8,1,1.0000000000,-0.0000000000,0.0000000000,0.0000000000,1.0000000000,0.0000000000,-0.0000000000,-0.0000000000,1.0000000000,0,463.8,-77.7,2392.2,1,1.0000000000,-0.0000052817,-0.0000021403,0.0000052818,1.0000000000,0.0000354250,0.0000021401,-0.0000354250,1.0000000000,0,463.8,-491.2,2392.2,0,0.8195998073,-0.1424743831,0.5549388528,0.0979172960,0.9891695380,0.1093423516,-0.5645071268,-0.0352788568,0.8246738911,1,636.3,-59.0,2312.2,1,0.8474321961,-0.2282042652,0.4793552160,0.0042250752,0.9057748318,0.4237383008,-0.5308867693,-0.3570642173,0.7685468793,1,695.2,-468.0,2326.8,1,274.2,-245.9,2456.7,1,734.6,-187.1,2216.2,1,463.8,-888.8,2392.2,0,785.9,-828.0,2468.7,1,
21,0.9059957266,-0.2376105040,0.3503030241,0.0886548012,0.9157438874,0.3918601573,-0.4138972759,-0.3239684403,0.8507230282,1,406.3,506.9,2168.5,1,0.9059957266,-0.2376105040,0.3503030241,0.0886548012,0.9157438874,0.3918601573,-0.4138972759,-0.3239684403,0.8507230282,1,456.6,313.2,2237.0,1,0.9036698341,-0.2302582860,0.3610557318,0.0978397876,0.9318526387,0.3493982852,-0.4169018269,-0.2804157734,0.8646131158,1,504.2,120.5,2295.0,1,0.1182909012,-0.7162920237,-0.6877013445,0.9273707867,-0.1678730547,0.3343684673,-0.3549519479,-0.6773068905,0.6444103122,1,333.9,299.9,2293.6,1,0.0778173655,-0.7119153142,-0.6979406476,0.9804251194,-0.0723544508,0.1831163168,-0.1808624268,-0.6985281706,0.6923491359,1,297.0,10.6,2404.3,1,0.4973118305,0.2064118087,0.8426595330,-0.8606476188,-0.0050932169,0.5091755390,0.1093916744,-0.9784519076,0.1751149148,1,579.3,326.5,2180.4,1,0.0289587304,0.2060979754,0.9781028628,-0.9995805621,0.0061926711,0.0282897558,-0.0002266077,-0.9785118103,0.2061908692,1,727.5,69.9,2213.0,1,1.0000000000,-0.0000000000,0.0000000000,0.0000000000,1.0000000000,0.0000000000,-0.0000000000,-0.0000000000,1.0000000000,0,466.3,-81.4,2392.4,1,1.0000000000,-0.0000047535,-0.0000019263,0.0000047536,1.0000000000,0.0000318825,0.0000019261,-0.0000318825,1.0000000000,0,466.3,-494.9,2392.4,0,0.8201055527,-0.1334255487,0.5564389825,0.1027350798,0.9909663796,0.0862028450,-0.5629140139,-0.0135296304,0.8264046907,1,637.3,-62.8,2313.5,1,0.8493971825,-0.2488886565,0.4653802216,0.0122924894,0.8909036517,0.4540258348,-0.5276107788,-0.3799276054,0.7597906590,1,692.5,-472.5,2319.1,1,276.5,-247.5,2451.9,1,735.3,-197.2,2212.9,1,466.3,-892.5,2392.4,0,791.4,-826.4,2470.0,1,
22,0.8986958861,-0.2337695211,0.3710752130,0.0934415609,0.9287338257,0.3587801456,-0.4285012484,-0.2877612710,0.8564906716,1,407.3,512.1,2179.7,1,0.8986958861,-0.2337695211,0.3710752130,0.0934415609,0.9287338257,0.3587801456,-0.4285012484,-0.2877612710,0.8564906716,1,456.7,315.8,2240.6,1,0.8964990377,-0.2301510125,0.3785754442,0.1022857949,0.9389196634,0.3285857737,-0.4310754836,-0.2558546960,0.8652793169,1,504.3,121.7,2293.5,1,0.1133745313,-0.7300726771,-0.6738991737,0.9328716993,-0.1551865637,0.3250654340,-0.3419015110,-0.6655156016,0.6634699106,1,335.0,301.9,2299.1,1,0.0894036442,-0.7243782878,-0.6835811138,0.9845293760,-0.0395683348,0.1706936359,-0.1506949216,-0.6882663369,0.7096340656,1,300.0,13.8,2404.7,1,0.5003589392,0.1949227005,0.8435911536,-0.8603310585,0.0024136975,0.5097300410,0.0973217934,-0.9808156490,0.1689057499,1,578.4,329.7,2182.1,1,0.0099309860,0.1949227303,0.9807683825,-0.9999505877,0.0024136933,0.0096455105,-0.0004871448,-0.9808157086,0.1949370503,1,729.7,69.4,2211.5,1,1.0000000000,-0.0000000000,0.0000000000,0.0000000000,1.0000000000,0.0000000000,-0.0000000000,-0.0000000000,1.0000000000,0,467.7,-81.9,2386.8,1,1.0000000000,-0.0000042782,-0.0000017337,0.0000042782,1.0000000000,0.0000286943,0.0000017335,-0.0000286943,1.0000000000,0,467.7,-495.4,2386.8,0,0.8120060563,-0.1356375813,0.5676692724,0.0982295647,0.9905070066,0.0961598083,-0.5753232837,-0.0223204456,0.8176214099,1,635.9,-62.7,2305.9,1,0.8399332166,-0.2370600104,0.4881748855,0.0068462640,0.9041039348,0.4272577167,-0.5426465273,-0.3555257916,0.7610099316,1,692.0,-472.2,2315.1,1,276.5,-244.8,2444.3,1,732.4,-195.7,2211.4,1,467.7,-893.0,2386.8,0,786.2,-831.4,2456.4,1,
23,0.8980484009,-0.2294274122,0.3753284216,0.0853555650,0.9278872013,0.3629611731,-0.4315349162,-0.2939211726,0.8528681397,1,408.1,514.3,2177.9,1,0.8980484009,-0.2294274122,0.3753284216,0.0853555650,0.9278872013,0.3629611731,-0.4315349162,-0.2939211726,0.8528681397,1,456.6,318.1,2240.0,1,0.8949651718,-0.2289258242,0.3829225600,0.0979082808,0.9381695390,0.3320437372,-0.4352588654,-0.2596770227,0.8620403409,1,504.0,124.2,2293.7,1,0.1095027998,-0.7325202823,-0.6718803048,0.9361014962,-0.1513029188,0.3175240755,-0.3342503011,-0.6637179255,0.6691451669,1,335.1,304.8,2299.1,1,0.0843431354,-0.7275166512,-0.6808859110,0.9832070470,-0.0502168052,0.1754483581,-0.1618335396,-0.6842496991,0.7110640407,1,301.0,12.9,2403.3,1,0.5031335354,0.1745509505,0.8463974595,-0.8591959476,-0.0043014809,0.5116285682,0.0929460153,-0.9846387506,0.1478092521,1,578.1,331.4,2180.9,1,-0.0020963380,0.1745509654,0.9846460223,-0.9999898076,-0.0043014768,-0.0013664708,0.0039969124,-0.9846388698,0.1745582074,1,731.4,69.7,2209.2,1,1.0000000000,-0.0000000000,0.0000000000,0.0000000000,1.0000000000,0.0000000000,-0.0000000000,-0.0000000000,1.0000000000,0,465.9,-79.1,2388.9,1,1.0000000000,-0.0000038504,-0.0000015603,0.0000038504,1.0000000000,0.0000258249,0.0000015602,-0.0000258249,1.0000000000,0,465.9,-492.6,2388.9,0,0.8100357056,-0.1411457509,0.5691397190,0.0921429172,0.9891787171,0.1141711324,-0.5790956616,-0.0400405042,0.8142757416,1,636.6,-60.4,2305.9,1,0.8392812610,-0.2275730968,0.4937785566,-0.0058158040,0.9043766856,0.4266952276,-0.5436661839,-0.3609890342,0.7577030659,1,695.0,-469.3,2322.4,1,278.9,-244.8,2445.8,1,730.8,-193.4,2210.3,1,465.9,-890.2,2388.9,0,785.4,-828.8,2465.9,1,
