1,0.9408831000,-0.1267239302,0.3141442239,-0.0383867584,0.8815268874,0.4705668390,-0.3365590274,-0.4548083544,0.8245475292,1,245.6,604.1,1977.9,1,0.9408831000,-0.1267239302,0.3141442239,-0.0383867584,0.8815268874,0.4705668390,-0.3365590274,-0.4548083544,0.8245475292,1,271.9,420.9,2072.4,1,0.9415307045,-0.1250415593,0.3128755689,-0.0429088920,0.8765307069,0.4794258475,-0.3341935277,-0.4648202360,0.8199135065,1,296.7,247.4,2164.5,1,0.4690330029,-0.7793373466,0.4155014753,0.8412117958,0.5375198126,0.0586113930,-0.2690182924,0.3220340610,0.9077022076,1,140.3,426.9,2119.1,1,0.6185212731,-0.7793372869,-0.1003238410,0.5776292682,0.5375198126,-0.6143426895,0.5327062011,0.3220340312,0.7826354504,1,2.4,179.5,2198.2,1,0.2734247446,0.6895486712,0.6706426740,-0.9602317214,0.1547058076,0.2324247062,0.0565158166,-0.7075230479,0.7044268250,1,403.5,414.9,2025.7,1,-0.5117602348,0.6895486712,0.5124687552,-0.5871819854,0.1547057927,-0.7945335507,-0.6271513104,-0.7075231075,0.3257182837,1,462.2,208.9,2037.8,1,0.3950842321,0.9153890610,-0.0772742182,-0.4310891032,0.1104619950,-0.8955224156,-0.8112155199,0.3871188462,0.4382560253,1,235.4,77.7,2287.0,1,0.4024660587,-0.2885114849,0.8687819839,-0.2729917467,0.8680307865,0.4147263765,-0.8737828732,-0.4040836096,0.2705917060,1,-126.5,34.0,2134.0,1,0.8198940158,0.5721846223,0.0194565281,-0.1457584053,0.2414831370,-0.9593958855,-0.5536499619,0.7837669253,0.2813913226,1,407.5,69.9,2226.0,1,0.8198940754,-0.0121315178,0.5723868012,-0.1457583904,0.9624080062,0.2291840166,-0.5536500216,-0.2713367641,0.7873043418,1,176.8,-27.5,1909.9,1,-157.7,30.0,2060.3,1,333.0,60.7,1879.5,1,-27.3,-264.6,2273.0,1,181.4,-394.0,2013.2,1,
2,0.9420976639,-0.1213360131,0.3126277924,-0.0416387618,0.8827104568,0.4680650532,-0.3327533305,-0.4539814293,0.8265453577,1,245.2,603.9,1978.8,1,0.9420976639,-0.1213360131,0.3126277924,-0.0416387618,0.8827104568,0.4680650532,-0.3327533305,-0.4539814293,0.8265453577,1,270.4,420.9,2072.9,1,0.9424909353,-0.1225694492,0.3109568357,-0.0444745682,0.8760757446,0.4801142514,-0.3312694132,-0.4663339555,0.8202404976,1,294.7,247.4,2165.2,1,0.4620053768,-0.7749766111,0.4312335551,0.8500295281,0.5256398320,0.0339498520,-0.2529838383,0.3508762419,0.9016014338,1,138.6,427.1,2119.2,1,0.6276065111,-0.7749765515,-0.0743064657,0.5748171210,0.5256398320,-0.6271268725,0.5250670314,0.3508762717,0.7753646970,1,2.3,176.2,2193.9,1,0.2767567933,0.6832669973,0.6756863594,-0.9596192241,0.1596602798,0.2316023558,0.0503659658,-0.7124991417,0.6998631358,1,402.1,414.7,2026.6,1,-0.5114295483,0.6832669377,0.5211392641,-0.5918058753,0.1596602947,-0.7901103497,-0.6230615973,-0.7124990225,0.3227063715,1,461.6,208.4,2037.4,1,0.3907095194,0.9142765403,-0.1069789827,-0.4385791421,0.0827144533,-0.8948781490,-0.8093173504,0.3965560496,0.4332999289,1,232.8,78.0,2287.9,1,0.4036072493,-0.2848843038,0.8694494367,-0.2696990073,0.8710188270,0.4105955958,-0.8742790222,-0.4002089202,0.2747164667,1,-128.9,45.3,2131.0,1,0.8193036318,0.5730283260,0.0194944888,-0.1406501681,0.2338276505,-0.9620510340,-0.5558407903,0.7854699492,0.2721723914,1,405.1,69.9,2227.3,1,0.8193036318,-0.0139574166,0.5731900334,-0.1406501830,0.9642651677,0.2245221585,-0.5558409691,-0.2645710707,0.7880628705,1,175.3,-23.9,1912.3,1,-160.2,27.4,2057.9,1,332.8,59.5,1880.6,1,-28.0,-263.1,2272.7,1,180.6,-391.1,2013.1,1,
3,0.9410891533,-0.1200371385,0.3161469996,-0.0432696193,0.8844544291,0.4646121562,-0.3353886604,-0.4509219825,0.8271546960,1,244.1,611.8,1977.7,1,0.9410891533,-0.1200371385,0.3161469996,-0.0432696193,0.8844544291,0.4646121562,-0.3353886604,-0.4509219825,0.8271546960,1,269.3,426.8,2072.1,1,0.9413884878,-0.1232022643,0.3140309751,-0.0454365946,0.8761283159,0.4799281359,-0.3342599869,-0.4660682380,0.8191775680,1,293.7,253.3,2164.4,1,0.4502106309,-0.7776759267,0.4387830198,0.8586211205,0.5119334459,0.0263407864,-0.2451122403,0.3648894429,0.8982070088,1,137.7,433.1,2118.8,1,0.6253775358,-0.7776759863,-0.0642112270,0.5706800818,0.5119334459,-0.6420658231,0.5321910381,0.3648894727,0.7639557719,1,2.1,174.6,2192.6,1,0.2930252254,0.6755948663,0.6765411496,-0.9543702006,0.1640761942,0.2495126128,0.0575651377,-0.7187842131,0.6928460598,1,400.8,420.4,2025.4,1,-0.5244859457,0.6755948067,0.5181564689,-0.5782197714,0.1640761793,-0.7992126942,-0.6249610186,-0.7187841535,0.3045866489,1,466.3,207.2,2038.2,1,0.3878624439,0.9100931287,-0.1459224224,-0.4365277290,0.0419411547,-0.8987127542,-0.8117921352,0.4122760296,0.4135482609,1,232.0,83.9,2287.2,1,0.4079195857,-0.2748240232,0.8706741333,-0.2659727931,0.8764927983,0.4012715816,-0.8734186888,-0.3952621520,0.2844428420,1,-127.9,67.3,2124.2,1,0.8194435239,0.5693042278,0.0663718060,-0.1342908442,0.3032795787,-0.9433915615,-0.5572060347,0.7641428709,0.3249728084,1,404.1,75.6,2226.1,1,0.8194434643,-0.0120812999,0.5730327964,-0.1342908591,0.9679016471,0.2124438137,-0.5572059751,-0.2510387301,0.7915182710,1,177.8,-44.9,1922.4,1,-159.8,26.8,2054.8,1,333.6,60.9,1880.0,1,-26.0,-257.7,2270.8,1,182.1,-385.3,2010.7,1,
4,0.9424667954,-0.1228297129,0.3109271228,-0.0431754068,0.8775494695,0.4775342047,-0.3315097690,-0.4634855390,0.8217564225,1,244.3,610.9,1973.7,1,0.9424667954,-0.1228297129,0.3109271228,-0.0431754068,0.8775494695,0.4775342047,-0.3315097690,-0.4634855390,0.8217564225,1,270.0,427.5,2070.6,1,0.9427586794,-0.1247838512,0.3092597723,-0.0452362597,0.8709348440,0.4893080592,-0.3304032385,-0.4752900600,0.8154349923,1,294.7,255.0,2164.7,1,0.4558879137,-0.7997232676,0.3906520307,0.8476603627,0.5239459276,0.0833826810,-0.2713636160,0.2931270897,0.9167542458,1,138.2,433.8,2116.8,1,0.5898416042,-0.7997232676,-0.1119361371,0.5946547389,0.5239459276,-0.6098085642,0.5463265181,0.2931271195,0.7846043110,1,2.5,181.4,2197.6,1,0.2935259938,0.6676114798,0.6842057705,-0.9542437196,0.1618662328,0.2514325380,0.0571094416,-0.7267010808,0.6845759749,1,401.8,421.2,2024.4,1,-0.5278393030,0.6676114798,0.5250529647,-0.5854576230,0.1618662179,-0.7943794727,-0.6153251529,-0.7267009616,0.3054188788,1,467.1,208.6,2037.1,1,0.4056819379,0.9014291763,-0.1511545926,-0.4276129603,0.0410210714,-0.9030308127,-0.8078177571,0.4309788644,0.4021042585,1,233.2,86.7,2289.0,1,0.4248155951,-0.2625155151,0.8663817048,-0.2756102085,0.8740960360,0.3999938071,-0.8623054028,-0.4087072611,0.2989777029,1,-123.4,70.5,2118.5,1,0.8194543719,0.5704155564,0.0558632910,-0.1327993721,0.2837817073,-0.9496484995,-0.5575472713,0.7707749605,0.3082969785,1,405.6,78.4,2228.6,1,0.8194543719,-0.0165727306,0.5729048252,-0.1327993572,0.9668896198,0.2179192901,-0.5575472116,-0.2546563148,0.7901210189,1,178.4,-34.6,1921.7,1,-150.1,27.6,2056.2,1,332.1,58.8,1879.7,1,-23.9,-261.1,2273.5,1,184.5,-388.7,2014.9,1,
5,0.9430061579,-0.1349253356,0.3042055964,-0.0327405483,0.8720716238,0.4882780612,-0.3311706185,-0.4704099298,0.8179496527,1,242.6,608.3,1972.2,1,0.9430061579,-0.1349253356,0.3042055964,-0.0327405483,0.8720716238,0.4882780612,-0.3311706185,-0.4704099298,0.8179496527,1,270.7,426.5,2070.2,1,0.9434836507,-0.1341765821,0.3030541241,-0.0358275361,0.8677393794,0.4957227111,-0.3294867873,-0.4785647988,0.8138890266,1,297.3,254.7,2165.0,1,0.4625945687,-0.8102828264,0.3597892821,0.8395175934,0.5308011770,0.1160199568,-0.2849855125,0.2483792305,0.9257921576,1,138.8,431.6,2116.3,1,0.5656687021,-0.8102825880,-0.1531695127,0.5976245403,0.5308010578,-0.6009118557,0.5682110190,0.2483791709,0.7845023870,1,3.1,185.3,2199.9,1,0.2906917632,0.6584167480,0.6942518353,-0.9556893706,0.1645864844,0.2440678179,0.0464338735,-0.7344375849,0.6770858765,1,402.6,421.5,2024.2,1,-0.5321142077,0.6584168673,0.5322986245,-0.5883216858,0.1645865142,-0.7917001247,-0.6088777781,-0.7344377041,0.2997820675,1,467.6,207.8,2034.6,1,0.4135475755,0.8986867666,-0.1460836679,-0.4229162037,0.0475155711,-0.9049223065,-0.8063004017,0.4360094666,0.3997191787,1,237.6,86.2,2289.9,1,0.4313417673,-0.2537479103,0.8657692075,-0.2757483721,0.8766296506,0.3943137825,-0.8590152264,-0.4088184536,0.3081564009,1,-118.2,67.3,2117.3,1,0.8205153942,0.5697790384,0.0458945259,-0.1329551637,0.2683150172,-0.9541121721,-0.5559473038,0.7767617702,0.2959116697,1,410.1,79.6,2229.7,1,0.8205154538,-0.0133499773,0.5714685321,-0.1329551786,0.9678521156,0.2135070711,-0.5559473038,-0.2511655390,0.7923625708,1,182.5,-27.6,1919.4,1,-143.2,30.7,2052.9,1,332.0,57.9,1879.4,1,-21.7,-266.0,2272.7,1,187.5,-389.1,2013.2,1,
6,0.9413364530,-0.1273358762,0.3125347197,-0.0356040671,0.8834469318,0.4671725631,-0.3355961442,-0.4508949816,0.8270853758,1,242.7,610.9,1977.9,1,0.9413364530,-0.1273358762,0.3125347197,-0.0356040671,0.8834469318,0.4671725631,-0.3355961442,-0.4508949816,0.8270853758,1,269.2,426.5,2072.0,1,0.9415991306,-0.1312746555,0.3101043105,-0.0373898223,0.8744364381,0.4836932421,-0.3346635997,-0.4670407474,0.8184585571,1,295.2,253.4,2164.5,1,0.4649484158,-0.8076491952,0.3626647890,0.8423032165,0.5296923518,0.0997562483,-0.2726688385,0.2590922117,0.9265651107,1,137.6,431.8,2118.8,1,0.5719613433,-0.8076492548,-0.1433982104,0.5968744755,0.5296923518,-0.6026333570,0.5626733303,0.2590922713,0.7850286365,1,1.3,184.8,2198.7,1,0.3070281446,0.6570780277,0.6884637475,-0.9504269958,0.1742852777,0.2575136721,0.0492174812,-0.7333984971,0.6780151129,1,400.8,421.3,2025.2,1,-0.5349250436,0.6570779681,0.5311343670,-0.5776943564,0.1742852181,-0.7974295616,-0.6165422201,-0.7333983779,0.2863607407,1,469.8,207.9,2036.3,1,0.4226258099,0.9001759291,-0.1052179411,-0.3981413841,0.0801117197,-0.9138194323,-0.8141689897,0.4280951321,0.3922545612,1,235.2,83.7,2287.6,1,0.4324480593,-0.2525671124,0.8655626178,-0.2810728848,0.8743716478,0.3955658078,-0.8567303419,-0.4143477678,0.3071305454,1,-121.1,52.0,2118.1,1,0.8199610114,0.5711024404,0.0388078801,-0.1378951967,0.2628728449,-0.9549255371,-0.5555618405,0.7776502967,0.2942977548,1,407.3,76.8,2226.4,1,0.8199609518,-0.0096043851,0.5723388791,-0.1378951967,0.9670994282,0.2137842774,-0.5555618405,-0.2542175651,0.7916592956,1,177.1,-29.1,1912.9,1,-146.8,30.3,2053.1,1,332.9,60.1,1878.5,1,-28.5,-268.7,2270.1,1,180.7,-393.9,2008.8,1,
7,0.9418507814,-0.1292005777,0.3102111518,-0.0331003293,0.8829769492,0.4682438970,-0.3344071507,-0.4512848854,0.8273541331,1,243.7,608.1,1977.8,1,0.9418507814,-0.1292005777,0.3102111518,-0.0331003293,0.8829769492,0.4682438970,-0.3344071507,-0.4512848854,0.8273541331,1,270.6,424.1,2071.8,1,0.9423837662,-0.1308767945,0.3078810871,-0.0367015451,0.8743026257,0.4839877486,-0.3325244486,-0.4674027264,0.8191235065,1,296.5,251.0,2164.4,1,0.4635486603,-0.7911724448,0.3989598155,0.8396983147,0.5359931588,0.0872818902,-0.2828947008,0.2945464849,0.9128050804,1,138.9,429.2,2118.3,1,0.5969696045,-0.7911724448,-0.1329417825,0.5721088648,0.5359931588,-0.6208081841,0.5624221563,0.2945464551,0.7726084590,1,3.3,183.6,2201.1,1,0.3079881668,0.6548315883,0.6901730299,-0.9501405358,0.1745375544,0.2583980262,0.0487460829,-0.7353448868,0.6759375930,1,402.3,419.0,2025.4,1,-0.5363141298,0.6548317075,0.5325060487,-0.5782237649,0.1745375395,-0.7969906330,-0.6148369312,-0.7353450060,0.2850322723,1,470.4,208.9,2036.1,1,0.4148530364,0.9017799497,-0.1212021708,-0.4094211459,0.0660487860,-0.9099516869,-0.8125709295,0.4271188974,0.3966082931,1,236.3,81.2,2287.3,1,0.4275451303,-0.2573054433,0.8666019440,-0.2809112370,0.8733626604,0.3979026079,-0.8592402339,-0.4135596156,0.3011219800,1,-120.7,55.0,2118.3,1,0.8194155693,0.5721468329,0.0347313099,-0.1379206479,0.2556133568,-0.9568907022,-0.5563598275,0.7793008685,0.2883644104,1,408.5,74.5,2226.6,1,0.8194156885,-0.0135282595,0.5730403662,-0.1379206628,0.9656969309,0.2200168520,-0.5563597679,-0.2593193054,0.7894412875,1,179.4,-27.9,1914.4,1,-151.2,35.6,2055.5,1,333.4,61.3,1879.1,1,-25.4,-268.6,2271.5,1,184.5,-393.9,2012.7,1,
8,0.9409974813,-0.1333046407,0.3110629320,-0.0362108350,0.8742184043,0.4841768742,-0.3364804387,-0.4668739140,0.8178084493,1,243.9,609.6,1972.7,1,0.9409974813,-0.1333046407,0.3110629320,-0.0362108350,0.8742184043,0.4841768742,-0.3364804387,-0.4668739140,0.8178084493,1,271.6,427.5,2070.0,1,0.9415917397,-0.1340556741,0.3089345992,-0.0400794111,0.8662297726,0.4980318546,-0.3343727887,-0.4813254178,0.8102602959,1,298.2,256.0,2165.3,1,0.4568056166,-0.7866712809,0.4153036177,0.8399804235,0.5351428986,0.0897506103,-0.2928510010,0.3078483343,0.9052445889,1,140.0,433.1,2116.7,1,0.6036950946,-0.7866711617,-0.1292307377,0.5624081492,0.5351427794,-0.6303325891,0.5650213361,0.3078482747,0.7654935122,1,4.2,183.3,2203.8,1,0.2966391742,0.6647915840,0.6856072545,-0.9526880383,0.1561871767,0.2607508600,0.0662619099,-0.7305186987,0.6796702743,1,403.2,421.9,2023.2,1,-0.5351870060,0.6647917032,0.5211784840,-0.5826717615,0.1561871618,-0.7975583076,-0.6116114855,-0.7305188179,0.3037659526,1,469.7,208.5,2038.1,1,0.4054378867,0.9048565626,-0.1298259050,-0.4310909212,0.0640243217,-0.9000341892,-0.8060898781,0.4208747149,0.4160333276,1,238.7,88.1,2291.1,1,0.4210805893,-0.2608806789,0.8686958551,-0.2801046371,0.8735288382,0.3981064558,-0.8626891971,-0.4109606147,0.2947521508,1,-119.6,62.8,2124.5,1,0.8171541095,0.5756835341,0.0291146636,-0.1388287991,0.2455805391,-0.9593835473,-0.5594512820,0.7799222469,0.2805985808,1,410.8,80.8,2230.0,1,0.8171541095,-0.0150817661,0.5762219429,-0.1388288140,0.9650814533,0.2221360356,-0.5594512820,-0.2615155876,0.7865264416,1,179.6,-17.8,1916.9,1,-152.1,37.7,2057.5,1,332.4,59.0,1881.2,1,-23.4,-259.6,2276.1,1,185.4,-384.5,2016.2,1,
9,0.9408903718,-0.1387516856,0.3089980483,-0.0273274872,0.8781821132,0.4775409698,-0.3376166821,-0.4577588141,0.8224797845,1,244.4,603.8,1976.2,1,0.9408903718,-0.1387516856,0.3089980483,-0.0273274872,0.8781821132,0.4775409698,-0.3376166821,-0.4577588141,0.8224797845,1,273.1,422.2,2070.9,1,0.9415737391,-0.1384917945,0.3070268333,-0.0316392221,0.8711576462,0.4899788797,-0.3353272974,-0.4710661769,0.8158758283,1,300.5,249.7,2164.1,1,0.4671902061,-0.7834968567,0.4097146094,0.8273351789,0.5508382916,0.1099721342,-0.3118493259,0.2875934243,0.9055606127,1,141.5,426.6,2117.7,1,0.6006661654,-0.7834968567,-0.1591631174,0.5528182983,0.5508382320,-0.6252753139,0.5775743127,0.2875934243,0.7640012503,1,7.0,188.6,2207.4,1,0.2871701121,0.6754686832,0.6791726947,-0.9558382630,0.1558066905,0.2491938472,0.0625029877,-0.7207402587,0.6903817654,1,404.7,417.7,2024.0,1,-0.5235053897,0.6754685640,0.5193112493,-0.5870308280,0.1558066756,-0.7944300175,-0.6175246239,-0.7207400799,0.3149552941,1,466.9,210.7,2037.5,1,0.4267930686,0.9010474086,-0.0772089437,-0.3970149755,0.1099725142,-0.9111999869,-0.8125435114,0.4195468724,0.4046648145,1,241.8,80.1,2288.1,1,0.4331477582,-0.2560863197,0.8641775846,-0.2778645754,0.8741493821,0.3983141184,-0.8574231267,-0.4126531780,0.3074785173,1,-114.6,36.5,2122.1,1,0.8191079497,0.5726236701,0.0341220386,-0.1379837692,0.2544170320,-0.9572004080,-0.5567968488,0.7793420553,0.2874078155,1,414.0,74.3,2226.8,1,0.8191080093,-0.0182981808,0.5733475089,-0.1379837543,0.9638601542,0.2278905660,-0.5567967892,-0.2657796144,0.7869806886,1,179.8,-29.8,1908.0,1,-148.5,45.4,2057.9,1,333.0,60.6,1879.6,1,-23.7,-273.8,2268.6,1,186.7,-396.4,2009.1,1,
10,0.9422689676,-0.1193982959,0.3128573298,-0.0423683971,0.8842594028,0.4650659263,-0.3321755826,-0.4514733851,0.8281498551,1,246.0,603.6,1978.9,1,0.9422689676,-0.1193982959,0.3128573298,-0.0423683971,0.8842594028,0.4650659263,-0.3321755826,-0.4514733851,0.8281498551,1,270.8,420.3,2072.6,1,0.9425666332,-0.1203677356,0.3115867376,-0.0445574224,0.8791728020,0.4744110405,-0.3310427964,-0.4610483944,0.8233141303,1,294.6,246.2,2163.8,1,0.4611549377,-0.7793002129,0.4242962599,0.8306665421,0.5472806096,0.1023575813,-0.3119764328,0.3052459955,0.8997197151,1,139.0,426.5,2118.8,1,0.6120494604,-0.7793002129,-0.1344864964,0.5601987839,0.5472806096,-0.6218209267,0.5581870079,0.3052459955,0.7715258598,1,8.1,190.6,2207.4,1,0.3061404526,0.6629102230,0.6832481623,-0.9502435327,0.1693801731,0.2614337206,0.0575784110,-0.7292876244,0.6817802787,1,402.5,414.0,2026.3,1,-0.5306339860,0.6629102230,0.5281833410,-0.5808864832,0.1693801284,-0.7961666584,-0.6172507405,-0.7292876244,0.2951967418,1,468.9,207.9,2038.8,1,0.4042257965,0.9108232260,-0.0836816877,-0.4190889001,0.1031152010,-0.9020708799,-0.8129982948,0.3997103870,0.4233977199,1,232.3,76.2,2285.4,1,0.4121816754,-0.2631394267,0.8722751737,-0.2800210714,0.8744590282,0.3961182833,-0.8670032620,-0.4075281024,0.2867513597,1,-128.2,35.4,2127.2,1,0.8109323978,0.5844551921,0.0282987393,-0.1395408660,0.2401272953,-0.9606598616,-0.5682579279,0.7750812769,0.2762823999,1,404.6,68.1,2224.9,1,0.8109323978,-0.0229986366,0.5846877098,-0.1395408213,0.9627973437,0.2314076573,-0.5682578087,-0.2692437470,0.7775544524,1,166.6,-29.7,1909.3,1,-150.4,45.6,2062.9,1,333.0,59.1,1880.7,1,-36.5,-269.2,2269.2,1,175.4,-396.1,2011.8,1,
11,0.9425166845,-0.1170697212,0.3129912019,-0.0365666859,0.8948709369,0.4448201358,-0.3321622014,-0.4306963980,0.8391482830,1,247.6,604.9,1984.3,1,0.9425166845,-0.1170697212,0.3129912019,-0.0365666859,0.8948709369,0.4448201358,-0.3321622014,-0.4306963980,0.8391482830,1,271.9,419.0,2073.7,1,0.9429374337,-0.1183386371,0.3112418950,-0.0397532247,0.8880250454,0.4580690563,-0.3305982947,-0.4443042278,0.8326461315,1,295.3,243.2,2161.7,1,0.4718430638,-0.7755088806,0.4194640517,0.8310283422,0.5501143336,0.0822563767,-0.2945437133,0.3097744286,0.9040375352,1,140.1,424.6,2119.9,1,0.6182879806,-0.7755089402,-0.1276948005,0.5625299215,0.5501143932,-0.6171988249,0.5488898754,0.3097744584,0.7763760686,1,6.0,188.4,2203.6,1,0.2996604443,0.6627909541,0.6862300634,-0.9524954557,0.1668504477,0.2547808290,0.0543686338,-0.7299787998,0.6813039184,1,403.7,413.5,2027.5,1,-0.5349531174,0.6627910733,0.5239592195,-0.5766284466,0.1668505073,-0.7997878790,-0.6175150275,-0.7299787998,0.2929269671,1,469.0,205.9,2039.4,1,0.3994098008,0.9077934027,-0.1279962957,-0.4082405269,0.0511062853,-0.9114427567,-0.8208603859,0.4162923992,0.3910103738,1,232.6,71.0,2279.9,1,0.4132065177,-0.2709709406,0.8693878055,-0.2791599631,0.8710443974,0.4041676223,-0.8667930961,-0.4097029865,0.2842769623,1,-126.3,50.8,2115.3,1,0.8149991632,0.5710541010,0.0983552188,-0.1300881207,0.3457134962,-0.9292789698,-0.5646712780,0.7445666194,0.3560435474,1,404.9,63.8,2219.4,1,0.8149991035,-0.0233422108,0.5789919496,-0.1300880909,0.9663132429,0.2220714390,-0.5646712184,-0.2563079596,0.7845079303,1,177.0,-74.2,1922.3,1,-154.1,42.8,2061.5,1,331.9,58.2,1881.2,1,-26.7,-269.4,2265.9,1,184.7,-393.3,2006.9,1,
12,0.9430552125,-0.1224706098,0.3092805743,-0.0396020301,0.8818117976,0.4699316323,-0.3302805126,-0.4554204345,0.8267454505,1,246.4,606.7,1976.0,1,0.9430552125,-0.1224706098,0.3092805743,-0.0396020301,0.8818117976,0.4699316323,-0.3302805126,-0.4554204345,0.8267454505,1,271.9,423.3,2070.7,1,0.9435469508,-0.1214042008,0.3081993163,-0.0431493670,0.8774433136,0.4777315855,-0.3284264803,-0.4640615880,0.8226687908,1,295.9,249.6,2162.6,1,0.4726671576,-0.7695170045,0.4294525385,0.8383008838,0.5428977609,0.0501375124,-0.2717304230,0.3363120854,0.9016966820,1,140.0,429.3,2116.6,1,0.6302577257,-0.7695168853,-0.1030476019,0.5606215596,0.5428976417,-0.6252723932,0.5371018648,0.3363120556,0.7735733390,1,1.3,183.4,2196.4,1,0.2953132689,0.6642689109,0.6866854429,-0.9536553025,0.1615268588,0.2538714409,0.0577207431,-0.7298328280,0.6811845899,1,403.8,417.2,2024.8,1,-0.5390299559,0.6642689705,0.5178741813,-0.5729340315,0.1615269035,-0.8035271168,-0.6174086332,-0.7298329473,0.2935144603,1,469.5,205.0,2037.7,1,0.3729130924,0.9091337323,-0.1855039895,-0.4537754953,0.0043064654,-0.8911057115,-0.8093354106,0.4164820611,0.4141485095,1,233.7,79.8,2284.5,1,0.3999363780,-0.2607749403,0.8786622882,-0.2882511616,0.8742384911,0.3906639516,-0.8700357676,-0.4095160961,0.2744711041,1,-125.7,78.1,2119.9,1,0.8139573336,0.5706127882,0.1089704186,-0.1380076110,0.3721464872,-0.9178566933,-0.5642937422,0.7320574522,0.3816602528,1,406.2,71.9,2224.5,1,0.8139572740,-0.0173805561,0.5806646347,-0.1380076110,0.9651513100,0.2223437876,-0.5642936826,-0.2611144781,0.7831933498,1,179.4,-76.0,1933.5,1,-161.8,38.2,2057.3,1,332.5,59.4,1880.8,1,-26.3,-254.8,2275.8,1,184.9,-383.3,2016.7,1,
13,0.9429112673,-0.1248755604,0.3087573946,-0.0399673358,0.8779257536,0.4771218300,-0.3306473494,-0.4622245729,0.8228133321,1,245.8,609.6,1972.3,1,0.9429112673,-0.1248755604,0.3087573946,-0.0399673358,0.8779257536,0.4771218300,-0.3306473494,-0.4622245729,0.8228133321,1,271.8,426.7,2068.6,1,0.9429240227,-0.1278712153,0.3074898422,-0.0400554314,0.8730919957,0.4859033525,-0.3306004107,-0.4704873562,0.8181357384,1,297.1,253.8,2161.8,1,0.3903756738,-0.7444049120,0.5417269468,0.8600422740,0.5048348904,0.0739523917,-0.3285332024,0.4370388687,0.8372949958,1,140.0,432.3,2114.8,1,0.6663159728,-0.7444049120,-0.0434085131,0.5190659165,0.5048348904,-0.6897190213,0.5353443623,0.4370389283,0.7227748036,0,38.9,209.5,2199.9,1,0.2959193587,0.6619689465,0.6886427999,-0.9530634880,0.1562752277,0.2593224943,0.0640456304,-0.7330588698,0.6771432161,1,403.6,421.1,2022.4,1,-0.5403369069,0.6619689465,0.5194546580,-0.5783107877,0.1562752277,-0.8007088900,-0.6112223268,-0.7330588102,0.2983824611,1,470.2,206.5,2036.8,1,0.4039878845,0.9004963636,-0.1609347165,-0.4248291552,0.0288841855,-0.9048125744,-0.8101319671,0.4339031577,0.3942260146,1,236.3,84.6,2285.2,1,0.4230213761,-0.2483015358,0.8714351654,-0.2894517481,0.8743042946,0.3896277249,-0.8586447239,-0.4170593321,0.2979780436,1,-119.9,73.2,2113.6,1,0.8164158463,0.5728949308,0.0725021884,-0.1343165785,0.3105024993,-0.9410352111,-0.5616264343,0.7585378289,0.3304484487,1,408.6,77.3,2224.7,1,0.8164159060,-0.0158921797,0.5772457123,-0.1343165785,0.9669787884,0.2165898979,-0.5616264939,-0.2543610930,0.7873222232,1,179.8,-46.8,1921.7,1,-133.6,75.1,2061.3,0,332.2,58.8,1880.7,1,-25.7,-258.5,2271.8,1,185.3,-384.9,2010.6,1,
14,0.9430356622,-0.1271994710,0.3074257970,-0.0352954008,0.8805664182,0.4726024270,-0.3308240771,-0.4565325081,0.8259143233,1,244.9,606.2,1975.5,1,0.9430356622,-0.1271994710,0.3074257970,-0.0352954008,0.8805664182,0.4726024270,-0.3308240771,-0.4565325081,0.8259143233,1,271.4,422.9,2070.5,1,0.9431291819,-0.1286863834,0.3065188825,-0.0359375998,0.8771681786,0.4788324833,-0.3304882646,-0.4626172483,0.8226565719,1,296.9,249.2,2162.1,1,0.3926424682,-0.7579419613,0.5209182501,0.8531131744,0.5117453933,0.1015608609,-0.3435547948,0.4045251012,0.8475431800,1,139.5,427.9,2116.7,1,0.6470765471,-0.7579419613,-0.0825581253,0.5113388300,0.5117453933,-0.6903978586,0.5655303001,0.4045251012,0.7187036276,1,28.5,186.6,2213.9,1,0.3049027324,0.6634354591,0.6832918525,-0.9502443075,0.1638601869,0.2649255097,0.0637966320,-0.7300707102,0.6803871989,1,403.2,417.9,2024.3,1,-0.5373599529,0.6634354591,0.5206704736,-0.5746317506,0.1638601720,-0.8018405437,-0.6172866225,-0.7300708294,0.2931791544,1,470.6,207.7,2038.4,1,0.4176689088,0.8996101618,-0.1274919957,-0.4033938050,0.0578695759,-0.9131947160,-0.8141412735,0.4328424633,0.3870675266,1,236.1,78.8,2283.9,1,0.4297710359,-0.2438262403,0.8693938851,-0.2931141257,0.8730318546,0.3897428513,-0.8540380597,-0.4223317802,0.3037348986,1,-119.8,55.9,2112.7,1,0.8148401380,0.5768831968,0.0569327399,-0.1361950785,0.2859821320,-0.9485068321,-0.5634593964,0.7651274204,0.3115983903,1,408.5,72.2,2223.5,1,0.8148401976,-0.0134220980,0.5795304179,-0.1361950785,0.9673150182,0.2138984054,-0.5634594560,-0.2532221675,0.7863791585,1,177.4,-42.3,1916.9,1,-138.8,54.4,2067.6,1,332.7,60.3,1880.0,1,-28.8,-269.9,2270.3,1,182.3,-395.6,2009.4,1,
15,0.9420533776,-0.1258195043,0.3109848797,-0.0323717892,0.8885855675,0.4575629830,-0.3339074254,-0.4411167204,0.8330203295,1,245.3,602.5,1981.1,1,0.9420533776,-0.1258195043,0.3109848797,-0.0323717892,0.8885855675,0.4575629830,-0.3339074254,-0.4411167204,0.8330203295,1,271.3,418.6,2072.4,1,0.9422565699,-0.1273499876,0.3097437322,-0.0337946303,0.8840036392,0.4662527740,-0.3331922889,-0.4497982264,0.8286527991,1,296.5,243.5,2161.4,1,0.4141824245,-0.7528129220,0.5115913153,0.8396776319,0.5329482555,0.1044400930,-0.3512755632,0.3863145113,0.8528578877,1,139.6,423.3,2118.9,1,0.6501755118,-0.7528128624,-0.1026863754,0.5105049610,0.5329481959,-0.6747968793,0.5627223253,0.3863145113,0.7308246493,1,25.8,192.6,2215.5,1,0.3118786514,0.6656703949,0.6779488325,-0.9478013515,0.1681338251,0.2709309459,0.0663645938,-0.7270584106,0.6833606958,1,403.0,413.9,2025.8,1,-0.5350524783,0.6656704545,0.5201939344,-0.5716234446,0.1681338102,-0.8031050563,-0.6220653653,-0.7270584106,0.2905524671,1,470.8,207.9,2040.2,1,0.3969764709,0.9070643187,-0.1401576400,-0.4131840467,0.0402561463,-0.9097573161,-0.8195661306,0.4190631807,0.3907651901,1,235.6,71.6,2280.9,1,0.4122149348,-0.2536303997,0.8750717044,-0.2871306539,0.8753611445,0.3889713883,-0.8646587729,-0.4115996957,0.2880119085,1,-123.3,55.7,2115.1,1,0.8144632578,0.5761553049,0.0685182214,-0.1386059225,0.3078753650,-0.9412763119,-0.5634164214,0.7571379542,0.3306116760,1,407.9,65.4,2220.0,1,0.8144631386,-0.0103262179,0.5801233649,-0.1386059672,0.9674308896,0.2118158787,-0.5634165406,-0.2529247999,0.7865054607,1,178.4,-57.2,1918.5,1,-142.5,60.5,2069.8,1,333.6,61.3,1880.7,1,-28.3,-272.3,2269.3,1,182.0,-397.1,2007.4,1,
16,0.9421841502,-0.1286871135,0.3094111979,-0.0315003879,0.8852263689,0.4640886188,-0.3336215317,-0.4470042884,0.8299908638,1,245.2,606.9,1977.9,1,0.9421841502,-0.1286871135,0.3094111979,-0.0315003879,0.8852263689,0.4640886188,-0.3336215317,-0.4470042884,0.8299908638,1,271.9,422.9,2070.7,1,0.9423022270,-0.1312400550,0.3079758883,-0.0323023871,0.8800182343,0.4738360643,-0.3332110345,-0.4564459026,0.8250021338,1,297.9,248.7,2161.1,1,0.4400844574,-0.7488051653,0.4955972135,0.8371365666,0.5417948365,0.0752384737,-0.3248510063,0.3817712665,0.8652875423,1,140.2,427.4,2117.3,1,0.6541640759,-0.7488051653,-0.1065847725,0.5115118623,0.5417948961,-0.6669437885,0.5571579933,0.3817712963,0.7374454141,1,15.6,190.4,2209.3,1,0.3052736223,0.6663898230,0.6802446246,-0.9497619867,0.1613109708,0.2681995630,0.0689945221,-0.7279447317,0.6821556687,1,403.6,418.4,2024.2,1,-0.5419915915,0.6663898826,0.5120252371,-0.5656595826,0.1613110155,-0.8087077141,-0.6215098500,-0.7279447317,0.2895205617,1,471.9,205.9,2039.6,1,0.3725584149,0.9096171260,-0.1838397831,-0.4438595474,0.0006875992,-0.8960961103,-0.8149780035,0.4154472053,0.4039983749,1,237.8,77.4,2282.0,1,0.3980445266,-0.2534778416,0.8816516399,-0.2878435254,0.8780232072,0.3823890686,-0.8710377812,-0.4059855640,0.2765303552,1,-122.1,77.1,2117.6,1,0.8141852021,0.5742443800,0.0857084617,-0.1443169117,0.3431452215,-0.9281293750,-0.5623834729,0.7432999015,0.3622569442,1,410.0,71.5,2221.1,1,0.8141852617,-0.0147571415,0.5804178119,-0.1443169266,0.9631590843,0.2269299626,-0.5623835325,-0.2685270905,0.7820602059,1,182.1,-64.7,1926.1,1,-153.7,58.0,2065.0,1,333.5,61.4,1880.8,1,-25.3,-258.3,2272.7,1,187.0,-383.6,2015.0,1,
17,0.9410871863,-0.1201078817,0.3161259592,-0.0424850211,0.8854068518,0.4628670514,-0.3354943991,-0.4490296543,0.8281406164,1,245.6,604.7,1978.8,1,0.9410871863,-0.1201078817,0.3161259592,-0.0424850211,0.8854068518,0.4628670514,-0.3354943991,-0.4490296543,0.8281406164,1,270.5,421.0,2072.0,1,0.9411164522,-0.1219587252,0.3153291941,-0.0426987186,0.8823304176,0.4686854482,-0.3353851438,-0.4545525014,0.8251665235,1,294.7,246.2,2162.0,1,0.4530131519,-0.7557610869,0.4728682637,0.8294995427,0.5516812801,0.0870537534,-0.3266643286,0.3528075218,0.8768223524,1,139.0,426.9,2118.9,1,0.6443942189,-0.7557610273,-0.1165389121,0.5306529403,0.5516811609,-0.6434713602,0.5506029129,0.3528074920,0.7565469742,1,12.9,196.0,2209.8,1,0.3178850114,0.6537925005,0.6866619587,-0.9463642240,0.1746212244,0.2718498707,0.0578276627,-0.7362493277,0.6742352247,1,402.1,415.0,2025.1,1,-0.5433342457,0.6537925005,0.5266339779,-0.5688593984,0.1746212542,-0.8036830425,-0.6174034476,-0.7362492085,0.2770382762,1,471.9,207.0,2037.8,1,0.3806584477,0.9094288945,-0.1674463004,-0.4320552647,0.0148168541,-0.9017254710,-0.8175742030,0.4155954719,0.3985636830,1,232.8,75.4,2282.7,1,0.4022290707,-0.2526053786,0.8800013065,-0.2851057649,0.8788307309,0.3825848997,-0.8700151443,-0.4047802091,0.2814720571,1,-127.1,69.6,2118.2,1,0.8113910556,0.5814158320,0.0600020066,-0.1421134770,0.2958097458,-0.9446165562,-0.5669642091,0.7579262853,0.3226444125,1,404.9,67.6,2221.3,1,0.8113910556,-0.0271789078,0.5838715434,-0.1421134621,0.9597699642,0.2421681583,-0.5669642091,-0.2794690430,0.7748862505,1,171.6,-51.1,1917.3,1,-154.0,58.6,2067.3,1,333.2,61.7,1880.1,1,-31.1,-264.4,2272.0,1,181.3,-392.7,2016.7,1,
18,0.9415235519,-0.1162137091,0.3162823617,-0.0543396771,0.8739910722,0.4828903079,-0.3325466812,-0.4718399346,0.8165664077,1,245.1,603.1,1973.7,1,0.9415235519,-0.1162137091,0.3162823617,-0.0543396771,0.8739910722,0.4828903079,-0.3325466812,-0.4718399346,0.8165664077,1,269.2,421.7,2071.7,1,0.9415135384,-0.1173405796,0.3158957660,-0.0542650819,0.8723922968,0.4857810736,-0.3325871229,-0.4745122492,0.8149999380,1,292.4,249.0,2165.6,1,0.4545433521,-0.7743273377,0.4402357340,0.8297231793,0.5478417873,0.1069058031,-0.3239596188,0.3166804910,0.8914951682,1,137.6,429.3,2118.1,1,0.6201071143,-0.7743273973,-0.1260329932,0.5572757721,0.5478417873,-0.6239495873,0.5521873832,0.3166804314,0.7712344527,1,10.6,197.5,2208.6,1,0.3206219375,0.6417993307,0.6966312528,-0.9460716248,0.1809816509,0.2686894238,0.0463671982,-0.7452107668,0.6652148962,1,400.8,414.1,2025.2,1,-0.5464232564,0.6417994499,0.5380660892,-0.5738941431,0.1809816957,-0.7986809015,-0.6099730134,-0.7452107668,0.2694323361,1,471.5,205.5,2035.4,1,0.3773198426,0.9021527171,-0.2091657072,-0.4527522027,-0.0173276439,-0.8914681077,-0.8078647256,0.4310687780,0.4019135535,1,229.6,81.2,2289.9,1,0.4088559747,-0.2489657700,0.8779822588,-0.2845501900,0.8793278337,0.3818557262,-0.8671032190,-0.4059540331,0.2886751890,1,-127.4,88.1,2119.4,1,0.8148092031,0.5796686411,-0.0083763078,-0.1361495107,0.1772935688,-0.9746950269,-0.5635150671,0.7953308225,0.2233820558,1,401.7,71.3,2229.1,1,0.8148092628,-0.0228143688,0.5792801380,-0.1361495107,0.9637480378,0.2294626981,-0.5635151863,-0.2658370137,0.7821645737,1,172.4,1.2,1914.6,1,-149.8,53.3,2065.7,1,331.9,58.9,1879.6,1,-29.8,-256.5,2278.4,1,181.6,-384.8,2021.0,1,
19,0.9420429468,-0.1187238172,0.3137936890,-0.0543529615,0.8689352274,0.4919283092,-0.3310702741,-0.4804738760,0.8121196032,1,244.0,602.7,1971.7,1,0.9420429468,-0.1187238172,0.3137936890,-0.0543529615,0.8689352274,0.4919283092,-0.3310702741,-0.4804738760,0.8121196032,1,268.7,422.3,2071.5,1,0.9422017336,-0.1198572889,0.3128846586,-0.0555072762,0.8650882244,0.4985353649,-0.3304261863,-0.4870888889,0.8084329963,1,292.4,251.0,2167.9,1,0.4588429928,-0.7975219488,0.3916911185,0.8290633559,0.5428411961,0.1340797544,-0.3195576072,0.2632151842,0.9102751017,1,137.0,430.1,2117.6,1,0.5847160220,-0.7975218296,-0.1485460550,0.5880891681,0.5428411961,-0.5995619297,0.5588006377,0.2632151544,0.7864220142,1,7.7,196.5,2207.7,1,0.3225169182,0.6412509680,0.6962614655,-0.9456058145,0.1851845831,0.2674628496,0.0425739251,-0.7446501851,0.6660957932,1,400.3,414.6,2025.3,1,-0.5464920402,0.6412510276,0.5386497974,-0.5710112453,0.1851846129,-0.7997829914,-0.6126112938,-0.7446501255,0.2649596334,1,471.7,205.2,2034.7,1,0.3989177346,0.8916122317,-0.2142249048,-0.4423696995,-0.0175167397,-0.8966618180,-0.8032271862,0.4524608552,0.3874345124,1,230.0,84.8,2294.5,1,0.4309005737,-0.2449365109,0.8685222864,-0.2741739154,0.8814252019,0.3846015036,-0.8597403765,-0.4038510919,0.3126514256,1,-122.9,91.8,2115.5,1,0.8258781433,0.5629811287,-0.0312694125,-0.1315456033,0.1384535879,-0.9815938473,-0.5482894182,0.8147901297,0.1884034574,1,402.2,74.7,2234.1,1,0.8258781433,-0.0112905661,0.5637357831,-0.1315455884,0.9683518410,0.2121097594,-0.5482894182,-0.2493337244,0.7982553244,1,179.6,19.9,1912.0,1,-143.5,44.4,2063.2,1,332.6,59.8,1878.7,1,-25.4,-259.0,2276.2,1,184.4,-386.3,2016.6,1,
20,0.9434971809,-0.1174431890,0.3098819852,-0.0521894991,0.8707693219,0.4889101982,-0.3272552192,-0.4774586558,0.8154374957,1,243.7,600.1,1973.2,1,0.9434971809,-0.1174431890,0.3098819852,-0.0521894991,0.8707693219,0.4889101982,-0.3272552192,-0.4774586558,0.8154374957,1,268.1,419.6,2072.1,1,0.9437472820,-0.1175665259,0.3090726137,-0.0540390946,0.8672680259,0.4948961139,-0.3262322843,-0.4837594926,0.8121269941,1,291.4,247.9,2167.9,1,0.4620324671,-0.8078357577,0.3659608364,0.8235748410,0.5439141989,0.1608780026,-0.3290143013,0.2270652652,0.9166193008,1,136.2,427.2,2117.7,1,0.5634075403,-0.8078358173,-0.1731282175,0.5994395614,0.5439143181,-0.5872219205,0.5685458183,0.2270653546,0.7906939983,1,7.3,197.4,2209.5,1,0.3277600408,0.6429063678,0.6922751069,-0.9437060356,0.1881732494,0.2720470726,0.0446331315,-0.7424703836,0.6683903933,1,400.0,412.1,2026.6,1,-0.5464224219,0.6429063678,0.5367438793,-0.5666058064,0.1881732345,-0.8022149205,-0.6167498231,-0.7424704432,0.2614524066,1,471.9,205.1,2036.3,1,0.4132390618,0.8886772394,-0.1987117380,-0.4279894233,-0.0030713901,-0.9037785530,-0.8037777543,0.4585230649,0.3790751994,1,228.4,81.1,2293.6,1,0.4407493174,-0.2442106754,0.8637716174,-0.2700713575,0.8816145658,0.3870623708,-0.8560383916,-0.4038773477,0.3226166964,1,-123.4,82.3,2112.0,1,0.8282291293,0.5584784150,-0.0462432690,-0.1293363571,0.1102090254,-0.9854573011,-0.5452601910,0.8221653700,0.1635098755,1,400.9,71.2,2233.9,1,0.8282290697,-0.0025351390,0.5603839159,-0.1293363124,0.9721271396,0.1955526918,-0.5452601314,-0.2344404161,0.8048161268,1,180.0,27.6,1908.7,1,-138.5,42.3,2062.5,1,332.4,60.5,1879.0,1,-26.5,-267.5,2272.3,1,181.1,-394.8,2010.6,1,
21,0.9410300255,-0.1271481365,0.3135323226,-0.0404391252,0.8777860999,0.4773389399,-0.3359073400,-0.4618699551,0.8208796382,1,242.8,601.2,1976.4,1,0.9410300255,-0.1271481365,0.3135323226,-0.0404391252,0.8777860999,0.4773389399,-0.3359073400,-0.4618699551,0.8208796382,1,269.1,419.6,2072.0,1,0.9413146377,-0.1282739043,0.3122165799,-0.0423898026,0.8727295995,0.4863561988,-0.3348677158,-0.4710496664,0.8160740733,1,294.5,246.8,2165.2,1,0.4718405306,-0.8124780655,0.3424119949,0.8227834105,0.5453226566,0.1601581573,-0.3168499768,0.2061618119,0.9257988930,1,137.6,425.5,2118.8,1,0.5508810282,-0.8124780655,-0.1908129454,0.6023796797,0.5453227162,-0.5828910470,0.5776407719,0.2061617970,0.7898281813,1,6.2,196.4,2207.0,1,0.3131031096,0.6576536298,0.6851701736,-0.9480332732,0.1734628379,0.2667274773,0.0565627255,-0.7330773473,0.6777892709,1,400.7,413.7,2025.2,1,-0.5408181548,0.6576536298,0.5244114995,-0.5687104464,0.1734628379,-0.8040392399,-0.6197451949,-0.7330772877,0.2802026272,1,469.9,204.0,2037.7,1,0.4213900864,0.8864352703,-0.1914757937,-0.4006415009,-0.0074508190,-0.9162046313,-0.8135827184,0.4627926350,0.3520030379,1,233.9,77.9,2289.1,1,0.4432540536,-0.2458711863,0.8620170355,-0.2742093205,0.8783575296,0.3915320039,-0.8534256220,-0.4099211693,0.3219153583,1,-117.1,80.8,2105.8,1,0.8367594481,0.5471497774,-0.0214616135,-0.1397910118,0.1755593270,-0.9744933844,-0.5294260383,0.8184167147,0.2233875692,1,406.0,70.1,2227.9,1,0.8367595077,0.0038849297,0.5475567579,-0.1397909820,0.9683550000,0.2067538053,-0.5294260979,-0.2495467365,0.8108232617,1,188.9,0.5,1903.1,1,-136.4,40.5,2057.5,1,331.1,58.0,1878.5,1,-19.4,-268.1,2268.7,1,187.3,-394.3,2004.9,1,
22,0.9415485859,-0.1279672235,0.3116365969,-0.0388458036,0.8776385188,0.4777424932,-0.3346399367,-0.4619242549,0.8213666677,1,242.7,604.5,1975.5,1,0.9415485859,-0.1279672235,0.3116365969,-0.0388458036,0.8776385188,0.4777424932,-0.3346399367,-0.4619242549,0.8213666677,1,269.3,422.5,2071.3,1,0.9419298172,-0.1290456653,0.3100354970,-0.0414408483,0.8714991808,0.4886390269,-0.3332526684,-0.4731124938,0.8155417442,1,294.8,249.9,2165.0,1,0.4622204304,-0.8195817471,0.3385826945,0.7917545438,0.5533778071,0.2586462200,-0.3993457854,0.1485228240,0.9046900272,1,137.6,428.2,2117.9,1,0.5108311772,-0.8195816278,-0.2594945431,0.5883304477,0.5533776879,-0.5896103978,0.6268323064,0.1485228240,0.7648674250,0,17.9,223.2,2221.3,1,0.2924476564,0.6722559929,0.6801075935,-0.9545843601,0.1628690958,0.2494843751,0.0569488592,-0.7221812010,0.6893556714,1,400.9,416.7,2024.8,1,-0.5253330469,0.6722559929,0.5216292739,-0.5823910832,0.1628691405,-0.7964259386,-0.6203593612,-0.7221810818,0.3059553802,1,465.5,206.0,2037.3,1,0.3929711878,0.8975244761,-0.2000585049,-0.4351759553,-0.0101375878,-0.9002884626,-0.8100590706,0.4408479929,0.3865973055,1,234.3,81.1,2289.2,1,0.4211476445,-0.2438882589,0.8735864162,-0.2766274810,0.8827383518,0.3798028231,-0.8637776375,-0.4016110301,0.3042970002,1,-121.0,85.1,2114.6,1,0.8200156093,0.5723119378,0.0057853465,-0.1345643252,0.2026105374,-0.9699698687,-0.5562975407,0.7946118116,0.2431565970,1,406.5,73.5,2228.3,1,0.8200156093,-0.0107856449,0.5722395182,-0.1345642954,0.9681624770,0.2110778242,-0.5562974215,-0.2500901222,0.7924569845,1,178.9,-7.1,1912.2,1,-114.4,70.8,2059.0,0,331.0,56.9,1878.5,1,-25.1,-262.2,2272.7,1,183.1,-388.7,2010.8,1,
23,0.9418114424,-0.1271444857,0.3111786246,-0.0360829905,0.8821241260,0.4696288705,-0.3342091441,-0.4535308182,0.8262051940,1,242.1,602.3,1978.1,1,0.9418114424,-0.1271444857,0.3111786246,-0.0360829905,0.8821241260,0.4696288705,-0.3342091441,-0.4535308182,0.8262051940,1,268.5,419.1,2072.3,1,0.9420090914,-0.1288338900,0.3098827004,-0.0374416970,0.8772671223,0.4785360396,-0.3335017860,-0.4623885751,0.8215683103,1,294.0,245.4,2163.9,1,0.4527505338,-0.8127229810,0.3667402267,0.7890473604,0.5567457676,0.2596891224,-0.4152363241,0.1718010008,0.8933438659,1,136.8,424.3,2118.9,1,0.5337477326,-0.8127229214,-0.2336552739,0.5931635499,0.5567457676,-0.5815420747,0.6027191877,0.1718009710,0.7792393565,1,14.2,210.6,2231.4,1,0.2989704609,0.6698879004,0.6796079874,-0.9526762962,0.1684823185,0.2530250251,0.0549964570,-0.7230933905,0.6885575056,1,400.2,413.9,2025.7,1,-0.5225030780,0.6698879004,0.5274854302,-0.5849416852,0.1684823483,-0.7933833003,-0.6203497648,-0.7230933905,0.3038128018,1,465.2,206.5,2037.7,1,0.3996489048,0.9002560377,-0.1726842374,-0.4194179177,0.0120767690,-0.9077130556,-0.8150886893,0.4351933300,0.3824099898,1,233.4,75.1,2285.9,1,0.4213465452,-0.2517029047,0.8712708354,-0.2757545114,0.8796679974,0.3874837160,-0.8639598489,-0.4035217464,0.3012368679,1,-123.0,70.3,2113.6,1,0.8202776909,0.5716281533,0.0196391139,-0.1329770535,0.2239903659,-0.9654768109,-0.5562927127,0.7893474698,0.2597477734,1,405.6,68.2,2224.9,1,0.8202776909,-0.0143887866,0.5717844367,-0.1329770535,0.9674930573,0.2151145786,-0.5562926531,-0.2524878979,0.7916995883,1,176.9,-21.4,1909.1,1,-123.8,57.3,2075.6,1,331.2,56.4,1878.5,1,-25.1,-271.7,2270.5,1,182.4,-396.3,2006.9,1,
24,0.9406560659,-0.1354544908,0.3111669719,-0.0270026810,0.8841137886,0.4664868414,-0.3382950127,-0.4472067952,0.8279877305,1,240.0,604.1,1978.9,1,0.9406560659,-0.1354544908,0.3111669719,-0.0270026810,0.8841137886,0.4664868414,-0.3382950127,-0.4472067952,0.8279877305,1,268.2,420.0,2072.0,1,0.9411244988,-0.1353717893,0.3097834885,-0.0300525874,0.8792030215,0.4754946828,-0.3367313445,-0.4568102062,0.8233696222,1,295.0,245.9,2162.5,1,0.4631327987,-0.8110743761,0.3573043346,0.8048447371,0.5536953807,0.2136501968,-0.3711239398,0.1886260808,0.9092234373,1,136.7,424.2,2119.1,1,0.5461191535,-0.8110743761,-0.2095524967,0.6012670398,0.5536953211,-0.5761070848,0.5832939744,0.1886261106,0.7900558710,1,10.0,204.0,2220.6,1,0.3022689223,0.6618571281,0.6859874129,-0.9518315792,0.1707040817,0.2547093332,0.0514803268,-0.7299352288,0.6815750003,1,399.8,415.8,2024.9,1,-0.5306793451,0.6618571281,0.5294569731,-0.5810391307,0.1707040817,-0.7957724333,-0.6170679927,-0.7299351692,0.2939757407,1,466.6,205.2,2036.3,1,0.3878279030,0.9043950438,-0.1779297441,-0.4247765541,0.0040495098,-0.9052891135,-0.8180185556,0.4266767800,0.3857363760,1,235.8,74.5,2283.7,1,0.4107575417,-0.2636853158,0.8727819920,-0.2790104449,0.8749881983,0.3956626058,-0.8680043817,-0.4060366452,0.2858370543,1,-122.3,72.9,2114.8,1,0.8185718060,0.5735990405,-0.0304032601,-0.1352512240,0.1410317123,-0.9807227850,-0.5582538247,0.8069040775,0.1930245608,1,407.9,69.0,2222.1,1,0.8185718060,-0.0133691086,0.5742486119,-0.1352512091,0.9671338201,0.2153118700,-0.5582538247,-0.2539160252,0.7898603678,1,180.3,13.1,1902.0,1,-131.3,48.5,2069.7,1,330.8,56.6,1878.4,1,-19.7,-267.4,2272.7,1,185.9,-389.8,2007.8,1,
