1,0.5373159051,-0.1029780880,-0.8370701075,0.3254954815,0.9409423470,0.0931765884,0.7780385613,-0.3225285113,0.5391019583,1,-315.4,564.0,1915.5,1,0.5373159051,-0.1029780880,-0.8370701075,0.3254954815,0.9409423470,0.0931765884,0.7780385613,-0.3225285113,0.5391019583,1,-296.0,386.9,1976.2,1,0.5371463895,-0.1324929446,-0.8330177665,0.3268521130,0.9431217313,0.0607530698,0.7775868177,-0.3049075902,0.5498996973,1,-272.4,218.9,2030.5,1,0.0342717357,-0.0120981997,-0.9993394017,0.9439771771,0.3287872374,0.0283927601,0.3282264769,-0.9443266392,0.0226885322,1,-363.5,345.8,1878.5,1,-0.8494872451,-0.0120982081,-0.5274705291,0.4947978556,0.3287872076,-0.8044091463,0.1831574738,-0.9443265796,-0.2733143270,1,-372.4,101.2,1793.4,1,0.5344406962,0.6189401150,-0.5755747557,-0.6664652824,0.7274132371,0.1633827984,0.5198048353,0.2962821722,0.8012614250,1,-228.4,428.0,2074.0,1,0.7845944762,0.6189400554,0.0363956243,-0.5551199913,0.7274132371,-0.4033754468,-0.2761398852,0.2962822020,0.9143104553,1,-99.1,266.6,2199.8,1,0.7215340734,-0.6818734407,-0.1201554686,0.2865735590,0.4520869553,-0.8446852565,0.6302891374,0.5750356913,0.5216029882,1,-292.9,24.0,2020.9,1,0.7215340734,-0.2470441610,-0.6468058825,0.2865735292,0.9569617510,-0.0458240770,0.6302890778,-0.1522938013,0.7612768412,1,-50.0,-137.1,1816.1,1,0.1594871730,-0.9444524050,-0.2873559296,0.4891507030,0.3284399509,-0.8079967499,0.8574936390,-0.0116952304,0.5143615603,1,-204.6,77.7,2148.8,1,0.1594871730,-0.2915710211,-0.9431596994,0.4891506732,0.8532020450,-0.1810464859,0.8574936986,-0.4324725866,0.2786969543,1,131.9,-39.3,2152.9,1,-174.8,-13.9,1750.8,1,83.7,137.3,2135.5,1,30.6,-449.3,1865.8,1,210.2,-268.5,2269.2,1,
2,0.5361721516,-0.1031928435,-0.8377768397,0.3266665936,0.9405328631,0.0932123065,0.7783367634,-0.3236522377,0.5379969478,1,-315.6,563.6,1915.6,1,0.5361721516,-0.1031928435,-0.8377768397,0.3266665936,0.9405328631,0.0932123065,0.7783367634,-0.3236522377,0.5379969478,1,-296.3,387.0,1976.4,1,0.5360420942,-0.1334616989,-0.8335742950,0.3277013004,0.9428900480,0.0597666092,0.7779913545,-0.3052014709,0.5491640568,1,-272.5,219.0,2030.8,1,0.0324024111,-0.0196345821,-0.9992820621,0.9433912039,0.3308062553,0.0240902007,0.3300957382,-0.9434944987,0.0292420089,1,-363.7,345.8,1878.6,1,-0.8412358165,-0.0196345747,-0.5403117537,0.5045115948,0.3308062553,-0.7975181937,0.1943974346,-0.9434944391,-0.2683801949,1,-372.0,103.4,1793.8,1,0.5319433212,0.6217074394,-0.5749054551,-0.6674898863,0.7256290913,0.1670921594,0.5210505128,0.2948600352,0.8009769320,1,-228.9,428.2,2074.2,1,0.7820653915,0.6217074394,0.0430544466,-0.5544065833,0.7256290913,-0.4075486362,-0.2846175432,0.2948600054,0.9121680260,1,-100.4,267.0,2200.0,1,0.7255481482,-0.6785818338,-0.1144842803,0.2876697183,0.4501952827,-0.8453227282,0.6251608729,0.5803885460,0.5218458176,1,-292.8,24.1,2021.2,1,0.7255480886,-0.2483690083,-0.6417887211,0.2876696885,0.9566712379,-0.0450137220,0.6251608133,-0.1519635469,0.7655593157,1,-51.0,-136.3,1814.4,1,0.1662470847,-0.9403811693,-0.2967240512,0.4913403988,0.3398934305,-0.8019084930,0.8549542427,-0.0124775553,0.5185535550,1,-204.7,78.0,2149.1,1,0.1662470847,-0.3035943508,-0.9381856918,0.4913403392,0.8504081368,-0.1881239712,0.8549541235,-0.4296934009,0.2905460298,1,130.4,-43.1,2153.6,1,-176.2,-14.0,1748.5,1,81.7,137.9,2133.7,1,30.3,-449.7,1864.2,1,210.5,-267.5,2266.9,1,
3,0.5376718640,-0.1072293445,-0.8363075256,0.3258142769,0.9412568212,0.0887815431,0.7776592970,-0.3202169836,0.5410239697,1,-316.0,562.3,1916.2,1,0.5376718640,-0.1072293445,-0.8363075256,0.3258142769,0.9412568212,0.0887815431,0.7776592970,-0.3202169836,0.5410239697,1,-295.8,385.5,1976.4,1,0.5374996066,-0.1375348121,-0.8319721818,0.3271405697,0.9433512092,0.0554011315,0.7772214413,-0.3019506037,0.5520437956,1,-271.3,217.4,2030.1,1,0.0381351784,-0.0187367164,-0.9990969896,0.9418349862,0.3347631693,0.0296714846,0.3339048624,-0.9421160221,0.0304131508,1,-363.4,344.3,1878.6,1,-0.8353970051,-0.0187367201,-0.5493276119,0.5124703646,0.3347631693,-0.7907640934,0.1987109780,-0.9421160817,-0.2700581253,1,-373.1,105.8,1794.1,1,0.5296048522,0.6201575994,-0.5787255168,-0.6674201488,0.7257331610,0.1669184119,0.5235159993,0.2978522480,0.7982575297,1,-228.3,426.6,2074.1,1,0.7838096023,0.6201576591,0.0323583223,-0.5575687289,0.7257332206,-0.4030242562,-0.2734220326,0.2978522778,0.9146171808,1,-100.9,266.1,2199.9,1,0.7283499241,-0.6764200330,-0.1093716174,0.2896811366,0.4486260712,-0.8454699516,0.6209597588,0.5841150880,0.5227029324,1,-291.0,22.5,2020.0,1,0.7283500433,-0.2499624789,-0.6379851103,0.2896811664,0.9561161399,-0.0438942686,0.6209597588,-0.1528418660,0.7687966824,1,-50.0,-137.4,1811.9,1,0.1616133600,-0.9404975772,-0.2989071608,0.4872347713,0.3394420147,-0.8046001792,0.8581861854,-0.0156038282,0.5131014585,1,-202.7,76.3,2147.8,1,0.1616133153,-0.3079387844,-0.9375792742,0.4872347116,0.8510953188,-0.1955479234,0.8581861258,-0.4252179861,0.2875868380,1,132.4,-44.7,2153.4,1,-178.6,-13.5,1747.8,1,81.6,136.3,2136.3,1,32.3,-452.5,1862.3,1,213.2,-268.1,2265.0,1,
4,0.5337259173,-0.1099554524,-0.8384782076,0.3180889785,0.9447999001,0.0785760134,0.7835533619,-0.3086494803,0.5392396450,1,-316.7,563.9,1920.0,1,0.5337259173,-0.1099554524,-0.8384782076,0.3180889785,0.9447999001,0.0785760134,0.7835533619,-0.3086494803,0.5392396450,1,-296.1,386.5,1977.9,1,0.5335711241,-0.1376525462,-0.8344776630,0.3192715347,0.9464468360,0.0480194613,0.7831777334,-0.2920474708,0.5489449501,1,-271.6,217.9,2030.0,1,0.0275501460,-0.0219867546,-0.9993786216,0.9425641298,0.3335043192,0.0186466910,0.3328870833,-0.9424921870,0.0299120191,1,-363.2,346.4,1879.5,1,-0.8340900540,-0.0219867527,-0.5511899590,0.5136243105,0.3335043490,-0.7905473113,0.2012057751,-0.9424922466,-0.2668797672,1,-370.2,104.8,1794.1,1,0.5363658667,0.6188554168,-0.5738725066,-0.6728861332,0.7239956260,0.1518375576,0.5094466209,0.3047103882,0.8047458529,1,-229.0,426.7,2076.4,1,0.7850588560,0.6188554168,0.0264697671,-0.5569997430,0.7239955664,-0.4069173634,-0.2709870040,0.3047104180,0.9130814075,1,-99.4,264.1,2199.5,1,0.7280167937,-0.6748581529,-0.1206570268,0.2886543274,0.4613829553,-0.8389305472,0.6218281984,0.5759273171,0.5306952596,1,-290.9,23.1,2017.6,1,0.7280167937,-0.2515200078,-0.6377533674,0.2886543572,0.9562483430,-0.0476209372,0.6218281984,-0.1494214237,0.7687672377,1,-50.5,-141.3,1812.4,1,0.1446524262,-0.9378390312,-0.3154895306,0.4733410180,0.3455803692,-0.8102607727,0.8689211607,-0.0321279652,0.4939067066,1,-203.2,75.6,2146.4,1,0.1446524262,-0.3124601543,-0.9388526678,0.4733410478,0.8550749421,-0.2116486430,0.8689211607,-0.4137820303,0.2715888619,1,130.9,-47.5,2157.8,1,-176.0,-14.9,1747.3,1,83.5,134.3,2136.3,1,30.9,-450.8,1860.8,1,211.6,-268.4,2264.7,1,
5,0.5364225507,-0.1055400372,-0.8373240829,0.3197727203,0.9435913563,0.0859218985,0.7810224295,-0.3138445616,0.5399122238,1,-315.6,563.0,1917.9,1,0.5364225507,-0.1055400372,-0.8373240829,0.3197727203,0.9435913563,0.0859218985,0.7810224295,-0.3138445616,0.5399122238,1,-295.8,386.1,1976.7,1,0.5364364386,-0.1335324198,-0.8333092928,0.3196623623,0.9459816217,0.0541902632,0.7810580134,-0.2954479456,0.5501440167,1,-272.1,217.6,2029.3,1,0.0435179844,-0.0303095784,-0.9985928535,0.9435732365,0.3296990395,0.0311131533,0.3282920420,-0.9435994625,0.0429471470,1,-363.3,345.9,1878.5,1,-0.8339895606,-0.0303095877,-0.5509471893,0.5120097399,0.3296990395,-0.7931863666,0.2056879103,-0.9435994625,-0.2594467402,1,-374.3,106.7,1795.3,1,0.5367550850,0.6238105297,-0.5681149960,-0.6668241024,0.7261803150,0.1673562229,0.5169523954,0.2890034616,0.8057526946,1,-228.4,426.3,2074.9,1,0.7807982564,0.6238103509,0.0348518342,-0.5625314713,0.7261801362,-0.3952476680,-0.2718683183,0.2890034318,0.9179131985,1,-98.4,264.8,2200.1,1,0.7228010893,-0.6776413321,-0.1355023384,0.2836079895,0.4696843326,-0.8360402584,0.6301787496,0.5658611655,0.5316728354,1,-292.4,22.8,2017.8,1,0.7228010297,-0.2495649457,-0.6444191337,0.2836079597,0.9574909210,-0.0527048483,0.6301787496,-0.1446672678,0.7628539205,1,-51.0,-144.5,1816.2,1,0.1400618702,-0.9369339347,-0.3202147186,0.4739794433,0.3473851681,-0.8091150522,0.8693251610,-0.0384490341,0.4927428663,1,-204.2,75.3,2146.2,1,0.1400618851,-0.3195551038,-0.9371591806,0.4739794731,0.8526365757,-0.2198964059,0.8693251610,-0.4133950472,0.2708844244,1,129.6,-48.4,2159.9,1,-180.1,-12.5,1747.4,1,83.5,133.8,2136.8,1,29.4,-453.0,1862.8,1,211.6,-267.1,2265.9,1,
6,0.5314361453,-0.1037409082,-0.8407216668,0.3211098313,0.9430745244,0.0866062939,0.7838774323,-0.3159903884,0.5344958305,1,-315.6,560.5,1917.3,1,0.5314361453,-0.1037409082,-0.8407216668,0.3211098313,0.9430745244,0.0866062939,0.7838774323,-0.3159903884,0.5344958305,1,-296.2,383.6,1976.6,1,0.5314047933,-0.1331063062,-0.8365949392,0.3213594556,0.9454343319,0.0537017137,0.7837963700,-0.2973856926,0.5451830029,1,-272.5,215.2,2029.6,1,0.0459694825,-0.0262357965,-0.9985983372,0.9429596066,0.3310927749,0.0347095430,0.3297179937,-0.9432334304,0.0399594605,1,-363.0,343.2,1878.0,1,-0.8317808509,-0.0262358040,-0.5544838309,0.5161377192,0.3310927451,-0.7899237275,0.2043098509,-0.9432334900,-0.2618553042,1,-374.5,107.6,1795.7,1,0.5439372063,0.6243528128,-0.5606387854,-0.6594331264,0.7312221527,0.1745337248,0.5189221501,0.2747684121,0.8094578981,1,-229.4,424.0,2075.1,1,0.7801569700,0.6243528128,0.0392259546,-0.5660514235,0.7312222719,-0.3806571960,-0.2663472295,0.2747684717,0.9238839746,1,-98.9,265.9,2199.6,1,0.7195535898,-0.6793510914,-0.1439610571,0.2825498879,0.4757798910,-0.8329460025,0.6343565583,0.5586731434,0.5342996716,1,-292.4,20.3,2018.1,1,0.7195535302,-0.2557261884,-0.6456367373,0.2825498581,0.9571022391,-0.0641945004,0.6343565583,-0.1362331957,0.7609416246,1,-50.4,-149.2,1819.1,1,0.1386739761,-0.9389140606,-0.3149761260,0.4723705053,0.3422479928,-0.8122391701,0.8704227209,-0.0361490063,0.4909761846,1,-205.1,73.2,2147.0,1,0.1386740059,-0.3239167631,-0.9358673096,0.4723705351,0.8522067070,-0.2249662727,0.8704227209,-0.4108791053,0.2711876631,1,129.4,-48.8,2159.9,1,-180.7,-12.7,1748.1,1,82.8,134.0,2137.5,1,31.4,-455.3,1862.6,1,213.4,-269.6,2266.3,1,
7,0.5340188742,-0.1018688083,-0.8393128514,0.3092793226,0.9474488497,0.0817851722,0.7868734002,-0.3032575548,0.5374612808,1,-316.4,562.1,1920.5,1,0.5340188742,-0.1018688083,-0.8393128514,0.3092793226,0.9474488497,0.0817851722,0.7868734002,-0.3032575548,0.5374612808,1,-297.3,384.0,1977.6,1,0.5336875916,-0.1287593395,-0.8358216882,0.3120025098,0.9485981464,0.0530841984,0.7860226035,-0.2891095281,0.5464280844,1,-274.3,215.0,2029.1,1,0.0348303244,-0.0286788754,-0.9989817142,0.9432463646,0.3312699795,0.0233769361,0.3302621841,-0.9431000948,0.0385894887,1,-364.4,344.8,1878.7,1,-0.8328726888,-0.0286788791,-0.5527210832,0.5137811899,0.3312699795,-0.7913843989,0.2057958990,-0.9431001544,-0.2611710727,1,-373.2,106.3,1795.2,1,0.5521150827,0.6283184290,-0.5480738878,-0.6582906842,0.7319160700,0.1759327203,0.5116858482,0.2636567950,0.8177180290,1,-230.2,423.2,2076.4,1,0.7766134143,0.6283184290,0.0456910878,-0.5702085495,0.7319161296,-0.3730431199,-0.2678318918,0.2636568248,0.9266883135,1,-98.0,265.6,2198.9,1,0.7156056166,-0.6817656755,-0.1520010680,0.2788261771,0.4783273637,-0.8327418566,0.6404411197,0.5535327792,0.5323877931,1,-295.3,20.4,2015.9,1,0.7156055570,-0.2565782666,-0.6496740580,0.2788261175,0.9577054381,-0.0711077973,0.6404411197,-0.1302609593,0.7568800449,1,-52.4,-150.0,1818.7,1,0.1398798376,-0.9418414235,-0.3055624068,0.4762544930,0.3345517814,-0.8131769896,0.8681101799,-0.0317784064,0.4953532517,1,-207.5,71.7,2145.2,1,0.1398798525,-0.3191786706,-0.9373146892,0.4762545526,0.8516185880,-0.2189234346,0.8681102991,-0.4157773256,0.2711345851,1,128.0,-47.5,2156.5,1,-179.2,-13.4,1747.3,1,82.9,132.8,2136.5,1,28.9,-453.4,1860.0,1,211.7,-270.7,2265.5,1,
8,0.5329505801,-0.1022705659,-0.8399428129,0.3129029274,0.9461228848,0.0833379403,0.7861647010,-0.3072361946,0.5362372994,1,-316.7,561.4,1918.2,1,0.5329505801,-0.1022705659,-0.8399428129,0.3129029274,0.9461228848,0.0833379403,0.7861647010,-0.3072361946,0.5362372994,1,-297.5,383.6,1975.9,1,0.5329911113,-0.1321634203,-0.8357347846,0.3125751019,0.9486123919,0.0493288040,0.7862676382,-0.2875223458,0.5469127297,1,-274.0,214.6,2027.1,1,0.0312781744,-0.0282460041,-0.9991115332,0.9448806047,0.3267826140,0.0203419104,0.3259176910,-0.9446774125,0.0369102620,1,-364.5,344.3,1877.0,1,-0.8300375342,-0.0282460004,-0.5569918752,0.5189300776,0.3267826438,-0.7898891568,0.2043264359,-0.9446774721,-0.2565841675,1,-372.4,107.2,1795.2,1,0.5381098986,0.6214606762,-0.5694069862,-0.6567251682,0.7325937748,0.1789368242,0.5283461809,0.2776562274,0.8023449183,1,-230.5,422.9,2074.7,1,0.7817295790,0.6214606762,0.0518223122,-0.5564078093,0.7325937748,-0.3920672536,-0.2816191316,0.2776562274,0.9184757471,1,-101.5,265.4,2201.4,1,0.7068912983,-0.6920830011,-0.1460334659,0.2764027715,0.4603263736,-0.8436237574,0.6510807276,0.5559863448,0.5166943669,1,-294.3,19.9,2013.7,1,0.7068912983,-0.2476989031,-0.6625329852,0.2764027715,0.9589347243,-0.0636049807,0.6510807872,-0.1381641328,0.7463273406,1,-47.7,-144.0,1815.6,1,0.1271622777,-0.9450125694,-0.3012987375,0.4698952138,0.3249100745,-0.8207508326,0.8735148907,-0.0372102931,0.4853732288,1,-206.6,71.3,2143.0,1,0.1271622777,-0.3217189312,-0.9382572174,0.4698952138,0.8525919318,-0.2286601216,0.8735148311,-0.4118056595,0.2595917284,1,130.0,-44.4,2156.2,1,-179.0,-13.7,1747.6,1,80.6,135.8,2135.8,1,32.4,-454.2,1860.3,1,215.0,-269.5,2264.9,1,
9,0.5297884345,-0.1015082225,-0.8420330882,0.3174847960,0.9443649054,0.0859073624,0.7864648700,-0.3128460646,0.5325407386,1,-316.7,560.9,1916.5,1,0.5297884345,-0.1015082225,-0.8420330882,0.3174847960,0.9443649054,0.0859073624,0.7864648700,-0.3128460646,0.5325407386,1,-297.7,383.8,1975.1,1,0.5300429463,-0.1290690005,-0.8380900621,0.3153965771,0.9474484921,0.0535567962,0.7871333361,-0.2927187681,0.5428960919,1,-274.7,215.0,2027.3,1,0.0274391696,-0.0298476443,-0.9991778135,0.9454265833,0.3254299760,0.0162417591,0.3246775866,-0.9450949430,0.0371482894,1,-364.3,344.1,1876.2,1,-0.8327323198,-0.0298476368,-0.5528707504,0.5148854256,0.3254300356,-0.7930878997,0.2035925090,-0.9450950623,-0.2556279898,1,-371.3,105.5,1794.2,1,0.5186365247,0.6123035550,-0.5967416763,-0.6594665051,0.7306959629,0.1765995026,0.5441691875,0.3019402027,0.7827593088,1,-231.1,423.4,2074.1,1,0.7890383005,0.6123034954,0.0500298813,-0.5405921936,0.7306959629,-0.4169454575,-0.2918537855,0.3019401729,0.9075536132,1,-106.8,265.4,2204.5,1,0.7054543495,-0.6928617358,-0.1492545903,0.2773670554,0.4636755884,-0.8414704800,0.6522284150,0.5522206426,0.5192789435,1,-295.3,20.3,2014.7,1,0.7054542899,-0.2435277402,-0.6656038761,0.2773669958,0.9590759873,-0.0569285676,0.6522283554,-0.1444560289,0.7441307902,1,-48.5,-144.9,1818.0,1,0.1196399927,-0.9436917901,-0.3084346950,0.4666537642,0.3276614249,-0.8215060830,0.8763107061,-0.0456472225,0.4795787930,1,-208.1,72.1,2144.1,1,0.1196400151,-0.3223747909,-0.9390212297,0.4666537941,0.8530834317,-0.2334155589,0.8763107657,-0.4102719426,0.2525003552,1,128.1,-44.6,2160.4,1,-177.3,-14.5,1746.8,1,77.0,139.5,2136.6,1,29.6,-452.5,1864.3,1,212.0,-266.7,2267.2,1,
10,0.5297071934,-0.0974715948,-0.8425610065,0.3170676529,0.9441130161,0.0901140794,0.7866878510,-0.3148835003,0.5310083032,1,-316.7,561.6,1915.1,1,0.5297071934,-0.0974715948,-0.8425610065,0.3170676529,0.9441130161,0.0901140794,0.7866878510,-0.3148835003,0.5310083032,1,-298.4,384.1,1974.3,1,0.5297579169,-0.1291506290,-0.8382576704,0.3166437447,0.9469955564,0.0542045236,0.7868244052,-0.2941449583,0.5425728559,1,-275.4,215.4,2026.7,1,0.0280450471,-0.0404180586,-0.9987891912,0.9471604228,0.3204706013,0.0136268605,0.3195317984,-0.9463957548,0.0472700000,1,-365.0,344.2,1875.4,1,-0.8388991356,-0.0404180437,-0.5427841544,0.5036453009,0.3204706311,-0.8022718430,0.2063726336,-0.9463958144,-0.2484861910,1,-372.1,103.7,1794.3,1,0.5243895054,0.6101718545,-0.5938906074,-0.6566484571,0.7338191271,0.1741333902,0.5420595407,0.2986636460,0.7854753733,1,-231.8,423.9,2073.3,1,0.7910564542,0.6101718545,0.0438173153,-0.5434421897,0.7338190675,-0.4076520801,-0.2808917463,0.2986636460,0.9120855331,1,-105.9,266.2,2203.4,1,0.7054449320,-0.6923941970,-0.1514518112,0.2774316370,0.4663882256,-0.8399486542,0.6522108912,0.5505200028,0.5211032629,1,-295.9,20.6,2014.4,1,0.7054449916,-0.2477670461,-0.6640473604,0.2774316370,0.9586793780,-0.0629720613,0.6522108912,-0.1398044080,0.7450340390,1,-49.3,-145.5,1818.3,1,0.1316008866,-0.9465428591,-0.2945128679,0.4757743180,0.3209517300,-0.8189193010,0.8696665764,-0.0323511586,0.4925783277,1,-208.8,72.7,2143.8,1,0.1316008866,-0.3130622804,-0.9405707121,0.4757743776,0.8523461223,-0.2171288878,0.8696666360,-0.4189250767,0.2611164749,1,128.4,-41.6,2155.3,1,-176.7,-13.6,1746.2,1,78.4,139.6,2138.0,1,29.7,-451.1,1862.9,1,211.6,-268.2,2266.7,1,
11,0.5296661258,-0.0942866355,-0.8429492116,0.3165532351,0.9439745545,0.0933166072,0.7869226933,-0.3162655234,0.5298377872,1,-316.5,562.8,1914.9,1,0.5296661258,-0.0942866355,-0.8429492116,0.3165532351,0.9439745545,0.0933166072,0.7869226933,-0.3162655234,0.5298377872,1,-298.7,384.6,1974.6,1,0.5295126438,-0.1270663738,-0.8387311101,0.3178633451,0.9464049339,0.0572940707,0.7864977121,-0.2969404161,0.5415228605,1,-276.0,216.1,2027.5,1,0.0238576420,-0.0383145027,-0.9989809394,0.9464889169,0.3225741684,0.0102321524,0.3218533695,-0.9457685351,0.0439601094,1,-365.2,344.7,1875.7,1,-0.8366650939,-0.0383145213,-0.5463731289,0.5071463585,0.3225741684,-0.7992175221,0.2068674564,-0.9457685351,-0.2504554689,1,-371.3,103.8,1793.8,1,0.5274026990,0.6062451005,-0.5952422619,-0.6558351517,0.7358826995,0.1683953553,0.5401173234,0.3015686274,0.7857033014,1,-232.1,424.6,2073.5,1,0.7940106988,0.6062451601,0.0448776074,-0.5386756659,0.7358828187,-0.4102503061,-0.2817368507,0.3015686572,0.9108682275,1,-105.9,267.7,2202.8,1,0.7016174793,-0.6957316399,-0.1539168656,0.2736582458,0.4625386000,-0.8433085680,0.6579089761,0.5495592952,0.5149179101,1,-296.9,21.3,2015.8,1,0.7016174793,-0.2471934110,-0.6683025956,0.2736582160,0.9594496489,-0.0675835535,0.6579089165,-0.1354686916,0.7408131361,1,-49.1,-143.5,1820.0,1,0.1316824853,-0.9459241033,-0.2964579463,0.4765356779,0.3226450980,-0.8178104758,0.8692373037,-0.0335814618,0.4932532907,1,-209.9,73.6,2145.1,1,0.1316824555,-0.3169274926,-0.9392639399,0.4765356481,0.8510889411,-0.2203663141,0.8692373037,-0.4185743332,0.2631007433,1,127.1,-41.3,2157.0,1,-176.4,-14.4,1745.6,1,79.1,142.2,2137.1,1,30.2,-451.0,1863.4,1,210.6,-265.5,2267.3,1,
12,0.5324081182,-0.0993857533,-0.8406327963,0.3062323034,0.9484353662,0.0818162337,0.7891531587,-0.3009892106,0.5353896022,1,-318.3,563.2,1918.9,1,0.5324081182,-0.0993857533,-0.8406327963,0.3062323034,0.9484353662,0.0818162337,0.7891531587,-0.3009892106,0.5353896022,1,-299.5,384.3,1975.6,1,0.5324531198,-0.1283124983,-0.8366772532,0.3058564067,0.9508259892,0.0488231592,0.7892685533,-0.2818997800,0.5455152392,1,-276.7,214.9,2025.9,1,0.0182786342,-0.0270162337,-0.9994679093,0.9452922940,0.3261144757,0.0084727770,0.3257120252,-0.9449441433,0.0314991660,1,-366.5,345.8,1876.4,1,-0.8355013728,-0.0270162523,-0.5488238335,0.5116202235,0.3261144757,-0.7949177623,0.2004550844,-0.9449442625,-0.2586470544,1,-371.1,104.3,1793.2,1,0.5273587704,0.6078965068,-0.5935946107,-0.6541689038,0.7363232970,0.1728900820,0.5421767831,0.2971360385,0.7859736085,1,-232.6,422.7,2074.9,1,0.7927125692,0.6078965068,0.0454812646,-0.5413661003,0.7363232970,-0.4058949649,-0.2802310288,0.2971360087,0.9127873778,1,-107.2,267.3,2203.7,1,0.7045758367,-0.6951380372,-0.1426743567,0.2771769464,0.4546673894,-0.8464339972,0.6532578468,0.5568308830,0.5130239129,1,-297.6,20.4,2011.2,1,0.7045757771,-0.2479760796,-0.6648916006,0.2771769166,0.9586961269,-0.0638323277,0.6532579064,-0.1393178701,0.7442074418,1,-50.0,-141.5,1812.8,1,0.1410480887,-0.9470989108,-0.2882865071,0.4821715057,0.3200450540,-0.8155255914,0.8646480441,-0.0239752140,0.5018058419,1,-210.1,70.7,2141.0,1,0.1410480589,-0.3176670074,-0.9376530647,0.4821714759,0.8492392898,-0.2151819468,0.8646480441,-0.4217584729,0.2729535401,1,127.4,-43.3,2149.5,1,-176.5,-14.8,1746.5,1,77.4,141.1,2138.5,1,30.4,-452.3,1858.0,1,211.6,-268.6,2261.4,1,
13,0.5390673280,-0.0966776609,-0.8366954327,0.3035798371,0.9489229918,0.0859430432,0.7856494188,-0.3003335595,0.5408825874,1,-317.8,563.4,1917.3,1,0.5390673280,-0.0966776609,-0.8366954327,0.3035798371,0.9489229918,0.0859430432,0.7856494188,-0.3003335595,0.5408825874,1,-299.6,384.5,1973.9,1,0.5393084884,-0.1268706918,-0.8324959278,0.3015286624,0.9521340132,0.0502308458,0.7862735391,-0.2781119347,0.5517489314,1,-277.0,214.9,2023.5,1,0.0174949579,-0.0291428734,-0.9994221330,0.9469662309,0.3212523162,0.0072090849,0.3208565712,-0.9465451241,0.0332176127,1,-367.4,346.6,1875.1,1,-0.8330962062,-0.0291428715,-0.5523598790,0.5154716969,0.3212523162,-0.7944092155,0.2005982399,-0.9465451241,-0.2526117563,1,-371.9,105.6,1793.4,1,0.5239926577,0.6140511632,-0.5902311206,-0.6527829170,0.7346620560,0.1847864091,0.5470887423,0.2884660661,0.7857997417,1,-231.8,422.4,2072.8,1,0.7874131203,0.6140512824,0.0540525913,-0.5451970100,0.7346621156,-0.4037719965,-0.2876470983,0.2884660661,0.9132614732,1,-106.4,266.1,2203.7,1,0.6958465576,-0.7010071874,-0.1561618298,0.2768100500,0.4624194801,-0.8423445821,0.6627019048,0.5429154038,0.5158188343,1,-298.7,20.5,2008.4,1,0.6958465576,-0.2477436066,-0.6741074324,0.2768100798,0.9586161971,-0.0665675849,0.6627020240,-0.1402788907,0.7356276512,1,-49.0,-144.2,1815.0,1,0.1166137606,-0.9483852983,-0.2949010432,0.4695802033,0.3142911196,-0.8250548244,0.8751546144,-0.0422669388,0.4819936156,1,-210.1,70.1,2137.6,1,0.1166137978,-0.3209496439,-0.9398897290,0.4695802629,0.8517060280,-0.2325754017,0.8751547337,-0.4142321050,0.2500322759,1,127.7,-41.9,2152.7,1,-177.8,-14.5,1746.7,1,77.0,139.2,2136.7,1,30.4,-451.6,1859.9,1,212.4,-266.5,2261.9,1,
14,0.5380108356,-0.0946578905,-0.8376058936,0.3022486567,0.9492641091,0.0868613124,0.7868858576,-0.2998982072,0.5393245220,1,-317.3,561.8,1917.5,1,0.5380108356,-0.0946578905,-0.8376058936,0.3022486567,0.9492641091,0.0868613124,0.7868858576,-0.2998982072,0.5393245220,1,-299.5,383.5,1973.9,1,0.5382578969,-0.1225977466,-0.8338150382,0.3000858426,0.9524015784,0.0536799952,0.7875444293,-0.2791104019,0.5494273305,1,-277.7,213.9,2023.6,1,0.0242060311,-0.0308882166,-0.9992297292,0.9468023777,0.3215531707,0.0129961343,0.3209040463,-0.9463876486,0.0370285623,1,-367.2,345.8,1874.8,1,-0.8308470845,-0.0308882147,-0.5556429625,0.5180957317,0.3215531707,-0.7925783992,0.2031500638,-0.9463877082,-0.2511584759,1,-373.3,107.2,1794.0,1,0.5263867974,0.6160608530,-0.5859915018,-0.6514073014,0.7351406813,0.1877146363,0.5464298129,0.2829086185,0.7882748842,1,-231.9,421.3,2072.9,1,0.7854050398,0.6160607934,0.0600662231,-0.5458933115,0.7351406217,-0.4019560516,-0.2917864919,0.2829085588,0.9136866927,1,-106.7,266.4,2202.8,1,0.6887228489,-0.7050039172,-0.1692049801,0.2740404010,0.4691960812,-0.8394980431,0.6712397337,0.5318123698,0.5163456798,1,-300.1,19.5,2008.5,1,0.6887228489,-0.2467656434,-0.6817386746,0.2740404010,0.9591432810,-0.0703285933,0.6712397337,-0.1383870244,0.7282075882,1,-49.0,-147.6,1819.1,1,0.1202255711,-0.9504896998,-0.2865575850,0.4794229567,0.3083494008,-0.8216291666,0.8693099022,-0.0386014432,0.4927580059,1,-211.6,68.9,2138.0,1,0.1202255487,-0.3182597160,-0.9403492212,0.4794229269,0.8480568528,-0.2257283479,0.8693098426,-0.4236866236,0.2545391023,1,127.0,-41.0,2151.8,1,-179.8,-13.5,1746.6,1,76.2,139.2,2134.8,1,29.4,-452.3,1863.1,1,211.7,-266.6,2264.5,1,
15,0.5400708914,-0.0911548659,-0.8366681933,0.3027895987,0.9485978484,0.0920991004,0.7852650285,-0.3030751348,0.5399107337,1,-316.7,561.6,1915.7,1,0.5400708914,-0.0911548659,-0.8366681933,0.3027895987,0.9485978484,0.0920991004,0.7852650285,-0.3030751348,0.5399107337,1,-299.6,383.5,1972.6,1,0.5404540896,-0.1220677346,-0.8324710727,0.2993724644,0.9525693655,0.0546769612,0.7863108516,-0.2787699401,0.5513635874,1,-277.9,213.8,2022.2,1,0.0237172898,-0.0378452018,-0.9990020990,0.9487802982,0.3157602549,0.0105630234,0.3150454164,-0.9480840564,0.0433957502,1,-367.6,345.8,1873.7,1,-0.8299043179,-0.0378451943,-0.5566207170,0.5185485482,0.3157602549,-0.7946086526,0.2058308274,-0.9480839968,-0.2424262017,1,-373.5,107.4,1794.6,1,0.5235168338,0.6172754765,-0.5872828364,-0.6479097605,0.7360481024,0.1960771829,0.5533019900,0.2778565884,0.7852723598,1,-231.7,421.1,2071.4,1,0.7843352556,0.6172755957,0.0615558699,-0.5480946302,0.7360481024,-0.3972727656,-0.2905347645,0.2778565884,0.9156339169,1,-106.3,266.0,2203.9,1,0.6937062740,-0.7026138902,-0.1584466249,0.2835369706,0.4686182141,-0.8366622925,0.6621015668,0.5354723930,0.5243003964,1,-300.6,19.5,2007.2,1,0.6937063932,-0.2543890774,-0.6738380790,0.2835369408,0.9564620852,-0.0691889524,0.6621014476,-0.1430611610,0.7356325388,1,-50.3,-147.5,1816.5,1,0.1158858165,-0.9536526799,-0.2776994109,0.4762690961,0.2986972034,-0.8270112872,0.8716295362,-0.0364207774,0.4888101220,1,-211.7,68.7,2136.5,1,0.1158858240,-0.3187016249,-0.9407442808,0.4762691259,0.8489719629,-0.2289420068,0.8716297150,-0.4215163291,0.2501715422,1,128.0,-37.7,2149.5,1,-180.2,-13.4,1746.6,1,76.4,138.3,2136.2,1,30.9,-452.7,1862.1,1,213.5,-265.4,2262.6,1,
16,0.5382845998,-0.0879599750,-0.8381599784,0.3039239943,0.9478772879,0.0957098678,0.7860528827,-0.3062567115,0.5369608402,1,-316.0,561.9,1915.2,1,0.5382845998,-0.0879599750,-0.8381599784,0.3039239943,0.9478772879,0.0957098678,0.7860528827,-0.3062567115,0.5369608402,1,-299.4,383.9,1972.7,1,0.5387250781,-0.1186302304,-0.8340871930,0.2998726368,0.9522000551,0.0582518093,0.7873061299,-0.2815022469,0.5485478640,1,-278.3,214.3,2022.9,1,0.0258605722,-0.0450510122,-0.9986499548,0.9498257041,0.3126037717,0.0104940897,0.3117089272,-0.9488147497,0.0508747175,1,-367.2,346.2,1873.7,1,-0.8299111128,-0.0450509936,-0.5560737252,0.5169724226,0.3126037717,-0.7968804240,0.2097309828,-0.9488147497,-0.2361432016,1,-373.7,107.3,1795.4,1,0.5274285078,0.6098394394,-0.5915361047,-0.6464674473,0.7398396730,0.1863251477,0.5512703061,0.2841356397,0.7844538689,1,-231.7,421.6,2071.7,1,0.7904011607,0.6098394394,0.0579803586,-0.5415441990,0.7398396134,-0.3992081285,-0.2863490283,0.2841356397,0.9150252342,1,-105.0,266.3,2204.1,1,0.6917239428,-0.7035212517,-0.1630203575,0.2836350799,0.4722669423,-0.8345747590,0.6641302109,0.5310570598,0.5262217522,1,-301.5,20.0,2008.3,1,0.6917240620,-0.2540048361,-0.6760174036,0.2836351395,0.9564362764,-0.0691435337,0.6641303897,-0.1439140290,0.7336345911,1,-50.8,-148.3,1819.1,1,0.1028116792,-0.9558715224,-0.2752081156,0.4664406776,0.2906981707,-0.8354206681,0.8785573244,-0.0424772538,0.4757444859,1,-212.9,69.3,2137.8,1,0.1028116718,-0.3123224676,-0.9443963766,0.4664406180,0.8537077308,-0.2315517366,0.8785572648,-0.4166985750,0.2334510237,1,127.6,-34.3,2152.9,1,-180.3,-13.1,1746.5,1,79.1,140.2,2137.4,1,29.8,-451.8,1864.8,1,212.6,-266.5,2266.3,1,
17,0.5391728878,-0.0894162804,-0.8374346495,0.3027376533,0.9484634995,0.0936402977,0.7859019637,-0.3040119112,0.5384553671,1,-316.3,560.8,1915.5,1,0.5391728878,-0.0894162804,-0.8374346495,0.3027376533,0.9484634995,0.0936402977,0.7859019637,-0.3040119112,0.5384553671,1,-299.5,383.0,1972.5,1,0.5395329595,-0.1179429293,-0.8336623907,0.2994362712,0.9522874355,0.0590623133,0.7869189382,-0.2814954221,0.5491066575,1,-278.5,213.4,2022.6,1,0.0265912190,-0.0458052009,-0.9985964298,0.9499543905,0.3121957779,0.0109756608,0.3112548292,-0.9489129186,0.0518145189,1,-367.3,345.4,1873.5,1,-0.8292966485,-0.0458052009,-0.5569280982,0.5177033544,0.3121957779,-0.7965657711,0.2103574425,-0.9489128590,-0.2351894081,1,-374.0,107.8,1795.7,1,0.5263655186,0.6056357026,-0.5967786908,-0.6462539434,0.7410826683,0.1820780635,0.5525352955,0.2898309529,0.7814747691,1,-231.7,420.7,2071.4,1,0.7937390208,0.6056357026,0.0564246699,-0.5367881060,0.7410826683,-0.4033051729,-0.2860713005,0.2898309529,0.9133243561,1,-105.5,265.8,2203.8,1,0.6913295984,-0.7057247162,-0.1549707502,0.2830869853,0.4618892372,-0.8405475020,0.6647744775,0.5372251272,0.5190992355,1,-301.9,19.1,2008.1,1,0.6913296580,-0.2509125173,-0.6775738597,0.2830870152,0.9568550587,-0.0654991344,0.6647745371,-0.1465308368,0.7325323820,1,-50.4,-145.4,1816.7,1,0.1092381701,-0.9572855830,-0.2677149177,0.4705877006,0.2870374024,-0.8343601227,0.8755651116,-0.0348393694,0.4818422794,1,-213.1,68.4,2137.5,1,0.1092381775,-0.3128683567,-0.9434937239,0.4705877304,0.8523445725,-0.2281578183,0.8755651116,-0.4190730453,0.2403405607,1,127.9,-33.9,2149.9,1,-180.8,-12.8,1746.7,1,79.4,140.8,2137.2,1,30.0,-452.0,1863.6,1,213.6,-267.5,2264.7,1,
18,0.5353933573,-0.0906714574,-0.8397214413,0.3017644584,0.9491342306,0.0899121240,0.7888544798,-0.3015370667,0.5355215073,1,-316.5,560.6,1915.1,1,0.5353933573,-0.0906714574,-0.8397214413,0.3017644584,0.9491342306,0.0899121240,0.7888544798,-0.3015370667,0.5355215073,1,-299.5,382.8,1971.6,1,0.5355731845,-0.1171106249,-0.8363288045,0.3001193404,0.9520843625,0.0588698499,0.7893598676,-0.2825281620,0.5450578332,1,-278.6,213.2,2021.9,1,0.0272947289,-0.0464340262,-0.9985484481,0.9507607818,0.3097092211,0.0115865311,0.3087216318,-0.9496969581,0.0526010729,1,-366.8,345.1,1872.4,1,-0.8307011127,-0.0464340150,-0.5547789335,0.5160381198,0.3097092509,-0.7986143827,0.2089030296,-0.9496968985,-0.2333140671,1,-373.6,107.2,1795.1,1,0.5249950290,0.5957376957,-0.6078461409,-0.6455388069,0.7441574335,0.1717835367,0.5546710491,0.3022027910,0.7752506733,1,-232.1,420.6,2070.9,1,0.8016813993,0.5957377553,0.0490261987,-0.5279636979,0.7441573739,-0.4092484117,-0.2802878618,0.3022027910,0.9111050367,1,-106.0,265.5,2204.1,1,0.6911028624,-0.7062643170,-0.1535177082,0.2838052511,0.4605285823,-0.8410518169,0.6647041440,0.5376840830,0.5187141299,1,-301.8,18.9,2007.4,1,0.6911028028,-0.2501321435,-0.6780935526,0.2838052511,0.9567652941,-0.0636772886,0.6647040844,-0.1484389603,0.7322119474,1,-50.2,-145.1,1815.8,1,0.1075712144,-0.9588632584,-0.2626970410,0.4718290567,0.2818154097,-0.8354384303,0.8751032948,-0.0340789594,0.4827347398,1,-213.7,68.3,2137.2,1,0.1075712070,-0.3080016673,-0.9452848434,0.4718290269,0.8527218699,-0.2241489142,0.8751033545,-0.4219008386,0.2370524704,1,127.9,-32.1,2149.3,1,-180.1,-13.0,1746.5,1,80.7,142.5,2138.8,1,29.7,-450.8,1863.2,1,212.9,-267.4,2265.7,1,
19,0.5364682674,-0.0925792754,-0.8388268948,0.3034058213,0.9486650825,0.0893374383,0.7874935865,-0.3024322391,0.5370176435,1,-316.8,561.4,1914.4,1,0.5364682674,-0.0925792754,-0.8388268948,0.3034058213,0.9486650825,0.0893374383,0.7874935865,-0.3024322391,0.5370176435,1,-299.4,383.9,1971.0,1,0.5366450548,-0.1218513921,-0.8349633217,0.3018379509,0.9517668486,0.0550965518,0.7879754305,-0.2815915048,0.5475401878,1,-277.7,214.3,2021.2,1,0.0348799899,-0.0536899008,-0.9979482889,0.9524187446,0.3043226898,0.0169160124,0.3027900755,-0.9510546923,0.0617500469,1,-366.9,345.9,1872.0,1,-0.8330016732,-0.0536899045,-0.5506593585,0.5115713477,0.3043227494,-0.8035438061,0.2107203156,-0.9510548711,-0.2260351181,1,-375.6,107.3,1796.1,1,0.5206195712,0.5939266682,-0.6133566499,-0.6468258500,0.7432858944,0.1707116961,0.5572896004,0.3078590631,0.7711362243,1,-232.0,421.8,2070.1,1,0.8031374216,0.5939267278,0.0471321717,-0.5253615379,0.7432858944,-0.4141514301,-0.2810083032,0.3078590631,0.9089868665,1,-106.6,266.1,2204.3,1,0.6867415905,-0.7090294361,-0.1601979285,0.2807290554,0.4619843662,-0.8412857652,0.6705052853,0.5327736139,0.5163090229,1,-300.1,20.0,2006.6,1,0.6867415309,-0.2487739325,-0.6830063462,0.2807290554,0.9574817419,-0.0664828569,0.6705053449,-0.1460831761,0.7273805141,1,-47.5,-144.6,1816.8,1,0.1007512063,-0.9593256116,-0.2637109756,0.4670879543,0.2796415687,-0.8388262391,0.8784520030,-0.0386634618,0.4762637317,1,-211.9,69.6,2136.2,1,0.1007512212,-0.3101557791,-0.9453320503,0.4670880437,0.8536902666,-0.2303077877,0.8784520626,-0.4183494449,0.2308804095,1,129.9,-30.0,2149.9,1,-181.6,-11.9,1747.0,1,80.4,143.8,2138.8,1,31.5,-448.8,1863.2,1,215.6,-265.8,2265.5,1,
20,0.5383468270,-0.0892411172,-0.8379846811,0.3066704869,0.9469460249,0.0961668715,0.7849428654,-0.3087569475,0.5371528864,1,-315.2,563.0,1914.6,1,0.5383468270,-0.0892411172,-0.8379846811,0.3066704869,0.9469460249,0.0961668715,0.7849428654,-0.3087569475,0.5371528864,1,-298.5,385.8,1972.4,1,0.5384722352,-0.1178361624,-0.8343631029,0.3055214286,0.9501004219,0.0629899353,0.7853048444,-0.2888347507,0.5476039648,1,-277.5,216.5,2023.9,1,0.0285784323,-0.0367701948,-0.9989150167,0.9505348206,0.3102171719,0.0157751646,0.3093005419,-0.9499543309,0.0438168719,1,-366.2,347.4,1873.7,1,-0.8286928535,-0.0367702097,-0.5584945679,0.5217971802,0.3102172017,-0.7946653962,0.2024746239,-0.9499543905,-0.2378881574,1,-373.4,107.5,1795.6,1,0.5147049427,0.5979542732,-0.6144343019,-0.6557608247,0.7362304926,0.1671599448,0.5523192286,0.3168838918,0.7710565329,1,-230.8,424.2,2071.1,1,0.8006156087,0.5979543328,0.0382799208,-0.5297316313,0.7362305522,-0.4211284816,-0.2799984217,0.3168839514,0.9061928988,1,-107.5,267.1,2203.4,1,0.6863349080,-0.7068607211,-0.1711498499,0.2781731486,0.4725713730,-0.8362392187,0.6719852090,0.5263308287,0.5209719539,1,-300.8,22.2,2010.7,1,0.6863349676,-0.2485803217,-0.6834853888,0.2781731784,0.9580420256,-0.0691023469,0.6719852090,-0.1426999271,0.7266861200,1,-49.0,-146.2,1823.2,1,0.1027100980,-0.9548975229,-0.2786060572,0.4709120989,0.2933902442,-0.8319638968,0.8761805892,-0.0457478650,0.4798069596,1,-212.3,72.4,2139.9,1,0.1027101278,-0.3121129572,-0.9444766641,0.4709120989,0.8516121507,-0.2302139997,0.8761805296,-0.4211201668,0.2344469726,1,127.9,-32.1,2156.2,1,-180.4,-14.1,1748.5,1,79.0,143.7,2138.2,1,29.3,-447.7,1868.1,1,213.0,-264.3,2271.0,1,
21,0.5370481014,-0.0910736099,-0.8386206031,0.3076583445,0.9468237758,0.0941957310,0.7854457498,-0.3085969090,0.5365093350,1,-315.6,563.7,1914.7,1,0.5370481014,-0.0910736099,-0.8386206031,0.3076583445,0.9468237758,0.0941957310,0.7854457498,-0.3085969090,0.5365093350,1,-298.5,386.2,1972.6,1,0.5371300578,-0.1217811927,-0.8346616626,0.3069280982,0.9499082565,0.0589187406,0.7856754065,-0.2878287733,0.5476021171,1,-276.8,217.0,2023.8,1,0.0297706760,-0.0280824006,-0.9991622567,0.9520542622,0.3052884936,0.0197866466,0.3044770360,-0.9518457651,0.0358246192,1,-366.0,347.6,1873.8,1,-0.8437067866,-0.0280824006,-0.5360692739,0.5034189224,0.3052884936,-0.8083119988,0.1863550991,-0.9518457651,-0.2434367537,1,-373.7,102.2,1795.3,1,0.5227620602,0.6049898863,-0.6005889177,-0.6562905312,0.7352480292,0.1693902165,0.5440611839,0.3056100309,0.7814089060,1,-231.0,424.8,2071.3,1,0.7954162359,0.6049900055,0.0360580571,-0.5406978130,0.7352480888,-0.4087251127,-0.2737861574,0.3056100905,0.9119450450,1,-105.8,267.6,2201.6,1,0.6953753233,-0.7036454678,-0.1460691541,0.2820150256,0.4541379809,-0.8451190591,0.6609997749,0.5464812517,0.5142349601,1,-299.3,22.5,2010.5,1,0.6953753233,-0.2477075458,-0.6746066809,0.2820150554,0.9574766755,-0.0608767793,0.6609997749,-0.1479170024,0.7356628776,1,-48.7,-139.2,1815.9,1,0.1221775860,-0.9550838470,-0.2699770033,0.4770781100,0.2950426638,-0.8278565407,0.8703271747,-0.0276545957,0.4916971326,1,-211.0,73.0,2139.7,1,0.1221775785,-0.3057240248,-0.9442486763,0.4770780504,0.8523485065,-0.2142393738,0.8703270555,-0.4243050218,0.2499921322,1,129.2,-32.1,2149.5,1,-177.6,-14.8,1752.0,1,79.5,141.7,2137.8,1,31.5,-449.1,1863.8,1,213.5,-266.9,2266.5,1,
22,0.5370220542,-0.0887786448,-0.8388833404,0.3086550236,0.9461694360,0.0974542350,0.7850724459,-0.3112613261,0.5355156660,1,-314.0,563.2,1915.2,1,0.5370220542,-0.0887786448,-0.8388833404,0.3086550236,0.9461694360,0.0974542350,0.7850724459,-0.3112613261,0.5355156660,1,-297.3,385.6,1973.6,1,0.5370860696,-0.1211316139,-0.8347844481,0.3080763519,0.9494408965,0.0604396649,0.7852559090,-0.2896393239,0.5472490788,1,-275.7,216.5,2025.2,1,0.0346189961,-0.0115638506,-0.9993336797,0.9500164986,0.3108204901,0.0293138679,0.3102743924,-0.9503983259,0.0217461418,1,-364.8,346.9,1874.9,1,-0.8521392345,-0.0115638673,-0.5231874585,0.4942397475,0.3108205199,-0.8118606806,0.1720056236,-0.9503983855,-0.2591469884,1,-373.9,99.6,1794.2,1,0.5143491626,0.5948351622,-0.6177508831,-0.6599109173,0.7345711589,0.1578695923,0.5476883054,0.3264604509,0.7703642845,1,-229.8,424.4,2072.4,1,0.8035084009,0.5948351622,0.0233552158,-0.5315424204,0.7345711589,-0.4217439294,-0.2680241466,0.3264605105,0.9064142108,1,-107.5,267.4,2202.6,1,0.6985685825,-0.7006276846,-0.1453364938,0.2839889228,0.4579041600,-0.8424215317,0.6567740440,0.5472152829,0.5188480020,1,-298.3,22.0,2012.3,1,0.6985686421,-0.2467366457,-0.6716569066,0.2839889526,0.9571758509,-0.0562558025,0.6567741632,-0.1514445692,0.7387235165,1,-48.8,-141.1,1817.4,1,0.1200791299,-0.9551311135,-0.2707502246,0.4738464653,0.2947943807,-0.8297986984,0.8723821640,-0.0286525339,0.4879840612,1,-210.0,72.7,2141.4,1,0.1200791150,-0.3003075421,-0.9462538958,0.4738464653,0.8549090624,-0.2111870944,0.8723821044,-0.4230198562,0.2449564040,1,130.3,-32.3,2151.6,1,-176.2,-15.0,1754.3,1,79.7,143.6,2140.2,1,30.9,-450.2,1866.3,1,212.5,-266.6,2267.5,1,
23,0.5475228429,-0.0927858800,-0.8316303492,0.3069936037,0.9468098879,0.0964770392,0.7784426808,-0.3081292510,0.5468845367,1,-313.4,563.1,1915.0,1,0.5475228429,-0.0927858800,-0.8316303492,0.3069936037,0.9468098879,0.0964770392,0.7784426808,-0.3081292510,0.5468845367,1,-295.9,385.0,1972.9,1,0.5474402905,-0.1209367514,-0.8280597329,0.3077256382,0.9492670298,0.0647996888,0.7782117128,-0.2902898192,0.5568821430,1,-274.4,215.9,2024.7,1,0.0406883918,-0.0256726351,-0.9988421202,0.9493103027,0.3128448725,0.0306298286,0.3116962314,-0.9494574070,0.0371004455,1,-364.8,346.3,1875.1,1,-0.8421720266,-0.0256726444,-0.5385973454,0.5049439669,0.3128447831,-0.8044623733,0.1891500503,-0.9494571686,-0.2505059242,1,-375.2,103.6,1795.4,1,0.5050582290,0.5870938301,-0.6326428652,-0.6610683799,0.7343993187,0.1537729055,0.5548916459,0.3405559063,0.7590236068,1,-227.1,423.7,2070.8,1,0.8094037175,0.5870938897,0.0136576127,-0.5254409909,0.7343994379,-0.4296153188,-0.2622546554,0.3405559659,0.9029087424,1,-106.8,266.2,2203.0,1,0.7035704255,-0.6961511970,-0.1426960528,0.2873478830,0.4623552263,-0.8388437629,0.6499383450,0.5491822362,0.5253370404,1,-297.9,21.5,2012.4,1,0.7035704255,-0.2519405782,-0.6644656658,0.2873478532,0.9560539126,-0.0582413003,0.6499383450,-0.1499559134,0.7450459003,1,-49.9,-143.2,1816.7,1,0.1332175136,-0.9555627704,-0.2629695833,0.4845924973,0.2942564189,-0.8237617612,0.8645365238,-0.0176935829,0.5022585988,1,-207.8,72.1,2140.4,1,0.1332175285,-0.2894617319,-0.9478739500,0.4845924675,0.8533015847,-0.1924748719,0.8645364642,-0.4336915612,0.2539456785,1,132.6,-32.7,2146.7,1,-179.4,-13.7,1751.5,1,81.8,143.8,2141.9,1,31.0,-449.9,1864.8,1,212.5,-268.2,2266.4,1,
