1,0.8827345371,-0.0682346076,0.4648959637,-0.1549325734,0.8918007612,0.4250695407,-0.4435984492,-0.4472537339,0.7766510248,1,254.9,644.1,2056.5,1,0.8827345371,-0.0682346076,0.4648959637,-0.1549325734,0.8918007612,0.4250695407,-0.4435984492,-0.4472537339,0.7766510248,1,269.2,458.2,2149.7,1,0.8818179369,-0.0892332718,0.4630757272,-0.1445987672,0.8834793568,0.4455918372,-0.4488789141,-0.4598936439,0.7661644816,1,286.8,283.3,2240.8,1,0.3804692626,-0.6509596705,0.6568825245,0.5731728077,0.7234102488,0.3849033117,-0.7257520556,0.2300633192,0.6483477354,1,145.9,478.4,2212.5,1,0.7362477183,-0.6509597301,-0.1849077195,0.5278365016,0.7234102488,-0.4450463653,0.4234713912,0.2300633341,0.8762093782,1,47.5,330.1,2400.3,1,0.3856782317,0.7178423405,0.5796160102,-0.9225133657,0.2898992300,0.2548089921,0.0148824677,-0.6329777837,0.7740269303,1,392.4,438.0,2087.0,1,-0.4265363216,0.7178424001,0.5502446294,-0.5354409814,0.2898992300,-0.7932600379,-0.7289510369,-0.6329777241,0.2607097030,1,481.3,225.3,2090.4,1,0.5578539371,0.8292217255,-0.0345004871,-0.1994061321,0.0935652480,-0.9754397869,-0.8056278229,0.5510324836,0.2175476551,1,223.9,121.5,2372.9,1,0.5578538775,-0.1981546283,0.8059365749,-0.1994061172,0.9106317759,0.3619210720,-0.8056278229,-0.3626077473,0.4684862792,1,-121.5,82.6,2143.4,1,0.8420294523,0.5346915126,0.0713549256,-0.0755854025,0.2479217052,-0.9658269882,-0.5341098905,0.8078612685,0.2491722554,1,385.1,95.1,2290.9,1,0.8420295119,-0.0422724746,0.5377728343,-0.0755854324,0.9778437018,0.1952144355,-0.5341100097,-0.2050240785,0.8201779127,1,165.4,-6.8,1958.9,1,-134.7,199.5,2295.5,1,373.6,90.0,1906.3,1,-46.5,-262.1,2280.7,1,181.5,-379.2,2037.0,1,
2,0.8810201287,-0.0700432062,0.4678697288,-0.1558465958,0.8908052444,0.4268194735,-0.4466759861,-0.4489550889,0.7739006877,1,254.2,647.3,2055.6,1,0.8810201287,-0.0700432062,0.4678697288,-0.1558465958,0.8908052444,0.4268194735,-0.4466759861,-0.4489550889,0.7739006877,1,268.8,461.2,2149.4,1,0.8801764250,-0.0921849534,0.4656136334,-0.1466364115,0.8801636100,0.4514493942,-0.4514324069,-0.4656335413,0.7611810565,1,287.0,286.9,2241.6,1,0.3756010830,-0.6554186344,0.6552482843,0.5844510794,0.7162152529,0.3813826442,-0.7192640901,0.2397128195,0.6520712972,1,145.8,481.7,2212.5,1,0.7324564457,-0.6554186344,-0.1842119545,0.5253477693,0.7162153125,-0.4593968987,0.4330326319,0.2397128791,0.8689192533,1,46.7,327.6,2402.1,1,0.3756192625,0.7154994607,0.5890422463,-0.9267657995,0.2873017788,0.2419976443,0.0039162990,-0.6368032098,0.7710165381,1,391.8,440.7,2086.3,1,-0.4334196448,0.7154994011,0.5479123592,-0.5323452353,0.2873017192,-0.7962827682,-0.7271559834,-0.6368031502,0.2563705146,1,480.2,222.6,2087.2,1,0.5616050959,0.8269485831,-0.0274911113,-0.1944715381,0.0996306315,-0.9758353233,-0.8042266965,0.5533803105,0.2167710364,1,224.8,126.0,2375.1,1,0.5616050959,-0.2255526632,0.7960689664,-0.1944715679,0.8991908431,0.3919650018,-0.8042266965,-0.3749422729,0.4611266255,1,-126.1,83.7,2140.2,1,0.8460529447,0.5282844305,0.0714839846,-0.0727730915,0.2472874224,-0.9662054777,-0.5281083584,0.8122588396,0.2476631701,1,385.7,99.2,2292.6,1,0.8460528851,-0.0464049652,0.5310753584,-0.0727731138,0.9768249393,0.2012886107,-0.5281084180,-0.2089488357,0.8230685592,1,167.5,-3.0,1957.0,1,-134.8,197.3,2294.8,1,371.3,88.9,1904.6,1,-39.1,-263.2,2284.9,1,185.2,-375.0,2036.6,1,
3,0.8843818307,-0.0686762109,0.4616890848,-0.1585171521,0.8861434460,0.4354526699,-0.4390273690,-0.4582947195,0.7728022337,1,253.8,643.5,2054.1,1,0.8843818307,-0.0686762109,0.4616890848,-0.1585171521,0.8861434460,0.4354526699,-0.4390273690,-0.4582947195,0.7728022337,1,268.1,459.1,2149.5,1,0.8835585713,-0.0888573453,0.4598187506,-0.1493016183,0.8771628737,0.4563892186,-0.4438888133,-0.4719008207,0.7617576718,1,285.7,285.4,2242.9,1,0.3709428906,-0.6541159749,0.6591917872,0.5850721598,0.7158542871,0.3811081052,-0.7211741209,0.2443054318,0.6482459903,1,144.6,480.0,2211.5,1,0.7355627418,-0.6541159749,-0.1762946844,0.5267290473,0.7158542275,-0.4583768249,0.4260328710,0.2443053722,0.8710975647,1,46.9,325.8,2401.6,1,0.3836424947,0.7212013006,0.5767904520,-0.9234774113,0.2977055609,0.2419935763,0.0028123553,-0.6254919767,0.7802256346,1,391.6,438.2,2087.4,1,-0.4258202016,0.7212013006,0.5463936329,-0.5216817856,0.2977055907,-0.7995120883,-0.7392734885,-0.6254919767,0.2494685352,1,481.1,222.8,2088.1,1,0.5542032719,0.8322672248,-0.0137831569,-0.1817134619,0.1048097312,-0.9777500629,-0.8123046756,0.5443768501,0.2093200684,1,222.5,125.3,2377.0,1,0.5542032719,-0.2242195904,0.8016136289,-0.1817134917,0.9072183967,0.3793877065,-0.8123047948,-0.3559218943,0.4620397091,1,-127.8,81.2,2147.8,1,0.8471994996,0.5259831548,0.0747991949,-0.0748955607,0.2576286197,-0.9633370638,-0.5259695053,0.8105364442,0.2576566041,1,384.1,98.0,2295.8,1,0.8471994400,-0.0458977185,0.5292887092,-0.0748955384,0.9759941101,0.2045147270,-0.5259694457,-0.2129061520,0.8234240413,1,164.6,-9.5,1957.6,1,-134.7,195.8,2296.4,1,373.7,91.3,1901.7,1,-41.8,-266.4,2284.2,1,182.1,-381.2,2038.7,1,
4,0.8832142353,-0.0588631034,0.4652657509,-0.1591342539,0.8956152797,0.4153871536,-0.4411494732,-0.4409182370,0.7816524506,1,255.1,643.6,2059.9,1,0.8832142353,-0.0588631034,0.4652657509,-0.1591342539,0.8956152797,0.4153871536,-0.4411494732,-0.4409182370,0.7816524506,1,267.3,457.7,2151.4,1,0.8825303912,-0.0802077055,0.4633696675,-0.1503759623,0.8854784966,0.4396722317,-0.4455683231,-0.4577063322,0.7693998814,1,283.2,282.4,2242.0,1,0.3787294328,-0.6603598595,0.6484510303,0.5759636760,0.7166054249,0.3933730125,-0.7244513035,0.2245023102,0.6517429948,1,144.0,478.7,2213.7,1,0.7308535576,-0.6603600383,-0.1725623757,0.5445976853,0.7166056037,-0.4357635975,0.4114199579,0.2245023251,0.8833643198,1,46.4,330.4,2400.3,1,0.3934482932,0.7140566111,0.5790696144,-0.9193466306,0.3058100343,0.2475518286,-0.0003192955,-0.6297645569,0.7767860293,1,390.7,436.7,2089.1,1,-0.4292663932,0.7140566111,0.5530402660,-0.5193553567,0.3058100343,-0.7979663610,-0.7389183640,-0.6297645569,0.2395751923,1,483.0,220.9,2089.1,1,0.5546924472,0.8318828940,-0.0169461444,-0.1754263043,0.0970154554,-0.9797008038,-0.8133523464,0.5464054346,0.1997478753,1,218.4,120.8,2373.4,1,0.5546925068,-0.2178003490,0.8030437827,-0.1754262745,0.9128253460,0.3687486649,-0.8133522868,-0.3454170823,0.4681294262,1,-129.1,80.3,2145.1,1,0.8495443463,0.5223671794,0.0735316724,-0.0706114098,0.2507441044,-0.9654747248,-0.5227699280,0.8150213957,0.2499033213,1,379.8,93.3,2291.9,1,0.8495444059,-0.0484725386,0.5252855420,-0.0706114322,0.9763589501,0.2042968273,-0.5227699876,-0.2106503397,0.8260375857,1,161.6,-11.4,1951.6,1,-135.0,195.2,2298.2,1,374.9,90.1,1902.9,1,-45.9,-268.4,2277.1,1,180.1,-383.2,2031.8,1,
5,0.8839148879,-0.0591622554,0.4638951719,-0.1636921018,0.8900719881,0.4254099727,-0.4380676448,-0.4519648552,0.7770629525,1,255.3,641.6,2057.3,1,0.8839148879,-0.0591622554,0.4638951719,-0.1636921018,0.8900719881,0.4254099727,-0.4380676448,-0.4519648552,0.7770629525,1,267.6,456.8,2151.1,1,0.8829673529,-0.0827229619,0.4620931447,-0.1518637985,0.8810871840,0.4479056895,-0.4441958070,-0.4656639099,0.7654080987,1,284.0,282.4,2243.3,1,0.3785670102,-0.6582086086,0.6507292986,0.5693532825,0.7199057341,0.3969542384,-0.7297423482,0.2202210873,0.6472857594,1,144.2,478.1,2213.2,1,0.7342184186,-0.6582086086,-0.1663877070,0.5492008328,0.7199057341,-0.4243987203,0.3991262913,0.2202211022,0.8900567293,1,47.2,332.2,2400.1,1,0.3907540143,0.7074724436,0.5888923407,-0.9204927683,0.3017816246,0.2482357174,-0.0020969489,-0.6390702724,0.7691456079,1,391.0,435.6,2089.0,1,-0.4333955348,0.7074724436,0.5582572818,-0.5290166736,0.3017815948,-0.7931388617,-0.7295956612,-0.6390702724,0.2434738576,1,481.5,222.5,2088.5,1,0.5659517050,0.8244050145,-0.0074278554,-0.1894994825,0.1213119328,-0.9743579030,-0.8023644090,0.5528470874,0.2248809934,1,219.7,121.8,2376.1,1,0.5659517050,-0.2015734464,0.7994166613,-0.1894994974,0.9118822217,0.3640890121,-0.8023645282,-0.3575457931,0.4778832197,1,-115.7,72.4,2151.2,1,0.8530012369,0.5176371336,0.0666389018,-0.0724384338,0.2438705564,-0.9670987129,-0.5168574452,0.8201091290,0.2455187142,1,381.1,94.0,2294.9,1,0.8530012965,-0.0452987961,0.5199394226,-0.0724384338,0.9763080478,0.2039000392,-0.5168575048,-0.2115905583,0.8295106888,1,168.3,-6.2,1957.8,1,-134.9,196.0,2301.2,1,372.9,89.9,1905.7,1,-41.6,-262.5,2282.6,1,185.5,-378.1,2038.3,1,
6,0.8829614520,-0.0553532913,0.4661754966,-0.1597734839,0.8983100057,0.4092779458,-0.4414243698,-0.4358617663,0.7843285799,1,256.2,642.5,2061.5,1,0.8829614520,-0.0553532913,0.4661754966,-0.1597734839,0.8983100057,0.4092779458,-0.4414243698,-0.4358617663,0.7843285799,1,267.7,456.0,2152.0,1,0.8822751045,-0.0755928308,0.4646299183,-0.1503997445,0.8900245428,0.4303869605,-0.4460656047,-0.4496024847,0.7738769054,1,282.7,279.7,2241.0,1,0.3845133781,-0.6637034416,0.6415974498,0.5590075850,0.7205165029,0.4103248715,-0.7346155047,0.2008824348,0.6480634809,1,144.4,477.0,2214.3,1,0.7254544497,-0.6637033820,-0.1822461188,0.5546205640,0.7205165625,-0.4162354767,0.4075682461,0.2008824348,0.8908054829,1,46.1,334.1,2402.1,1,0.3933428228,0.6929834485,0.6041980982,-0.9192418456,0.3082996905,0.2448379993,-0.0166054126,-0.6517094374,0.7582869530,1,391.0,434.9,2089.6,1,-0.4440353513,0.6929835081,0.5679846406,-0.5296424031,0.3082996905,-0.7902090549,-0.7227112055,-0.6517094970,0.2301374972,1,482.3,221.7,2085.8,1,0.5678157806,0.8230961561,-0.0098995641,-0.1863353252,0.1168112978,-0.9755175114,-0.8017883301,0.5557588339,0.2196991742,1,217.0,117.3,2370.8,1,0.5678157210,-0.2206749320,0.7930244803,-0.1863352805,0.9039295912,0.3849549890,-0.8017882109,-0.3663519323,0.4721459746,1,-128.6,68.2,2137.4,1,0.8536847830,0.5165224671,0.0665351003,-0.0714285821,0.2426776290,-0.9674738646,-0.5158685446,0.8211650848,0.2440646589,1,378.3,89.8,2289.2,1,0.8536847830,-0.0466297306,0.5186984539,-0.0714285672,0.9760876894,0.2053065598,-0.5158686042,-0.2123169452,0.8299404979,1,164.0,-10.9,1948.6,1,-134.8,195.8,2300.5,1,371.6,89.7,1905.6,1,-46.6,-267.7,2273.6,1,181.8,-382.6,2029.5,1,
7,0.8839156628,-0.0628730357,0.4634053707,-0.1575586200,0.8929498792,0.4216785431,-0.4403093755,-0.4457444251,0.7793856263,1,254.8,640.2,2058.6,1,0.8839156628,-0.0628730357,0.4634053707,-0.1575586200,0.8929498792,0.4216785431,-0.4403093755,-0.4457444251,0.7793856263,1,267.8,455.1,2151.0,1,0.8832610846,-0.0795484781,0.4620893598,-0.1493795961,0.8864151835,0.4381217062,-0.4444543421,-0.4560051262,0.7710525990,1,283.6,279.5,2241.3,1,0.3854909241,-0.6733406782,0.6308797002,0.5496762395,0.7167429328,0.4291102588,-0.7411158085,0.1813614815,0.6464173198,1,144.4,475.9,2213.1,1,0.7148628235,-0.6733406782,-0.1886360943,0.5685750246,0.7167429924,-0.4037351906,0.4070548713,0.1813615113,0.8952175379,1,45.6,335.1,2403.0,1,0.3951598704,0.6792523265,0.6184375286,-0.9182493091,0.3110027611,0.2451435775,-0.0258214530,-0.6647507548,0.7466188669,1,391.3,434.2,2088.9,1,-0.4463283122,0.6792522669,0.5825867653,-0.5439650416,0.3110028207,-0.7793453932,-0.7105583549,-0.6647507548,0.2306801230,1,482.6,221.9,2082.9,1,0.5652555823,0.8247426748,-0.0169021543,-0.1917282343,0.1114215702,-0.9751027822,-0.8023256063,0.5544229746,0.2211081088,1,218.6,117.7,2372.2,1,0.5652556419,-0.2235039771,0.7940605283,-0.1917282045,0.9006395936,0.3899853826,-0.8023256063,-0.3726852238,0.4662396014,1,-124.9,71.3,2141.3,1,0.8520584106,0.5194069147,0.0649081171,-0.0714295357,0.2382158637,-0.9685820341,-0.5185503364,0.8206520081,0.2400748134,1,380.0,90.4,2290.9,1,0.8520584106,-0.0471362509,0.5213202834,-0.0714295655,0.9761505723,0.2050069124,-0.5185503960,-0.2119154781,0.8283703923,1,168.1,-6.8,1956.1,1,-132.3,193.6,2301.8,1,371.5,86.4,1905.9,1,-42.4,-261.2,2278.9,1,186.1,-378.6,2036.8,1,
8,0.8834944367,-0.0613291226,0.4644146562,-0.1632788330,0.8889061809,0.4279986322,-0.4390692115,-0.4539660811,0.7753292322,1,254.1,639.7,2057.6,1,0.8834944367,-0.0613291226,0.4644146562,-0.1632788330,0.8889061809,0.4279986322,-0.4390692115,-0.4539660811,0.7753292322,1,266.8,455.6,2151.6,1,0.8827001452,-0.0803149566,0.4630277455,-0.1533474028,0.8821297288,0.4453408718,-0.4442174733,-0.4641090631,0.7663393617,1,282.7,280.9,2243.5,1,0.3813276291,-0.6651421189,0.6420087218,0.5575266480,0.7194383144,0.4142131209,-0.7373961806,0.1999860704,0.6451762319,1,143.4,477.0,2213.7,1,0.7266747952,-0.6651421189,-0.1718421578,0.5620097518,0.7194383740,-0.4081097245,0.3950807750,0.1999861002,0.8966140747,1,46.3,335.0,2401.5,1,0.3987089694,0.6769973636,0.6186320782,-0.9167564511,0.3120757341,0.2493316829,-0.0242631380,-0.6665457487,0.7450691462,1,390.2,434.2,2089.5,1,-0.4410896301,0.6769974232,0.5891642570,-0.5529407859,0.3120757639,-0.7725705504,-0.7068921328,-0.6665458083,0.2366861254,1,481.8,223.4,2083.9,1,0.5643642545,0.8222362995,0.0736235678,-0.1899317801,0.2161193043,-0.9577151537,-0.8033795953,0.5265167952,0.2781388164,1,217.9,120.3,2376.0,1,0.5643643737,-0.2158549726,0.7968059778,-0.1899318397,0.9053651094,0.3797892928,-0.8033797145,-0.3656782508,0.4699580967,1,-114.1,33.0,2163.4,1,0.8525630832,0.5187605619,0.0634337217,-0.0736342072,0.2393967509,-0.9681257010,-0.5174112916,0.8207171559,0.2422993481,1,379.3,92.2,2294.8,1,0.8525630236,-0.0426223539,0.5208836198,-0.0736342147,0.9769306183,0.2004610747,-0.5174112916,-0.2092605382,0.8297563791,1,167.2,-5.7,1959.2,1,-133.5,196.0,2303.8,1,371.6,85.3,1907.3,1,-44.6,-258.2,2281.1,1,183.4,-377.7,2038.9,1,
9,0.8826072812,-0.0572039932,0.4666226506,-0.1619100422,0.8948584199,0.4159453213,-0.4413543642,-0.4426698685,0.7805460095,1,254.0,642.1,2061.1,1,0.8826072812,-0.0572039932,0.4666226506,-0.1619100422,0.8948584199,0.4159453213,-0.4413543642,-0.4426698685,0.7805460095,1,265.8,456.6,2152.8,1,0.8818923235,-0.0789772868,0.4647937715,-0.1525654048,0.8850155473,0.4398500919,-0.4460872710,-0.4588143826,0.7684386373,1,281.5,281.4,2243.7,1,0.3820724189,-0.6690661907,0.6374722719,0.5617172718,0.7158886790,0.4147009552,-0.7338216305,0.1996334046,0.6493474841,1,142.6,478.0,2215.2,1,0.7194467783,-0.6690663695,-0.1864045858,0.5565054417,0.7158888578,-0.4216692746,0.4155696630,0.1996334344,0.8873828650,1,44.6,334.0,2403.3,1,0.3950544298,0.6869776845,0.6099129319,-0.9182958007,0.3139431775,0.2411900014,-0.0257858485,-0.6553636789,0.7548732758,1,389.1,435.3,2090.5,1,-0.4410500824,0.6869777441,0.5775263309,-0.5366182923,0.3139431477,-0.7832500935,-0.7193856239,-0.6553636789,0.2301801592,1,481.4,220.7,2084.5,1,0.5687939525,0.8219741583,0.0288444310,-0.1833327115,0.1608952135,-0.9697947502,-0.8017871380,0.5463252664,0.2422109544,1,216.5,120.1,2375.3,1,0.5687940121,-0.2305881828,0.7894952297,-0.1833327413,0.9002003074,0.3950045109,-0.8017871976,-0.3694164157,0.4697541595,1,-126.1,53.0,2147.6,1,0.8552054763,0.5141075253,0.0657034665,-0.0719974339,0.2433821112,-0.9672546387,-0.5132639408,0.8224709630,0.2451561540,1,377.7,92.2,2293.8,1,0.8552054763,-0.0437640585,0.5164380670,-0.0719974637,0.9767363071,0.2019962817,-0.5132640004,-0.2099305540,0.8321594000,1,165.3,-8.4,1954.0,1,-133.5,196.2,2300.4,1,371.6,87.1,1905.3,1,-45.4,-262.1,2276.9,1,182.0,-380.4,2034.0,1,
10,0.8831859827,-0.0678266287,0.4640975296,-0.1567692906,0.8898918629,0.4283838868,-0.4420518577,-0.4511015415,0.7753062844,1,253.5,640.8,2057.9,1,0.8831859827,-0.0678266287,0.4640975296,-0.1567692906,0.8898918629,0.4283838868,-0.4420518577,-0.4511015415,0.7753062844,1,267.6,456.4,2151.4,1,0.8823345304,-0.0879202932,0.4623423517,-0.1470834464,0.8816723228,0.4483493865,-0.4470528960,-0.4635995924,0.7649977207,1,285.0,281.8,2243.2,1,0.3967393041,-0.6722674370,0.6250236034,0.5623312593,0.7161781788,0.4133672714,-0.7255215645,0.1874712706,0.6621729136,1,144.3,476.9,2213.9,1,0.7150264978,-0.6722673774,-0.1918168366,0.5625309348,0.7161781788,-0.4130954444,0.4150856137,0.1874712706,0.8902575374,1,41.3,331.0,2402.1,1,0.3862164915,0.7135916352,0.5844860077,-0.9223805666,0.3036817908,0.2387289852,-0.0071427552,-0.6313195825,0.7754898667,1,390.9,435.8,2088.9,1,-0.4311338067,0.7135916948,0.5521872640,-0.5199360847,0.3036818504,-0.7984008789,-0.7374213934,-0.6313196421,0.2400945127,1,480.7,221.4,2087.2,1,0.5723801851,0.8187115788,0.0457406044,-0.1858312488,0.1838453263,-0.9652293324,-0.7986536622,0.5439780951,0.2573716342,1,221.8,120.6,2375.9,1,0.5723802447,-0.2136598974,0.7916630507,-0.1858312786,0.9065372944,0.3790208697,-0.7986536622,-0.3640597761,0.4791793823,1,-110.9,45.9,2154.8,1,0.8555749655,0.5133566856,0.0667563677,-0.0694450438,0.2416021377,-0.9678872824,-0.5129998922,0.8234642148,0.2423588187,1,383.1,93.7,2294.1,1,0.8555750251,-0.0467434786,0.5155643821,-0.0694450662,0.9765502214,0.2037821412,-0.5130000114,-0.2101542801,0.8322657943,1,171.8,-5.7,1955.3,1,-136.7,191.0,2298.8,1,372.9,91.4,1902.9,1,-38.7,-260.4,2277.8,1,189.6,-377.6,2035.4,1,
11,0.8821741939,-0.0646805614,0.4664649665,-0.1618500799,0.8885447979,0.4292897284,-0.4422411323,-0.4542083442,0.7733820677,1,254.2,641.8,2056.3,1,0.8821741939,-0.0646805614,0.4664649665,-0.1618500799,0.8885447979,0.4292897284,-0.4422411323,-0.4542083442,0.7733820677,1,267.6,457.3,2150.6,1,0.8813210130,-0.0864557847,0.4645463824,-0.1518703848,0.8791312575,0.4517304897,-0.4474513829,-0.4686729312,0.7616661191,1,284.7,283.2,2243.4,1,0.3837279081,-0.6648699045,0.6408595443,0.5723762512,0.7158437967,0.3999413550,-0.7246643305,0.2133441418,0.6552449465,1,144.4,478.5,2213.1,1,0.7270997167,-0.6648699641,-0.1710963398,0.5548108816,0.7158437967,-0.4239723980,0.4043646753,0.2133440971,0.8893669844,1,45.2,330.5,2400.6,1,0.3922816515,0.7021382451,0.5942366123,-0.9198240042,0.3038136363,0.2482360750,-0.0062411423,-0.6439715624,0.7650241256,1,390.8,436.1,2088.1,1,-0.4331794977,0.7021381259,0.5651172400,-0.5355282426,0.3038135767,-0.7879763842,-0.7249585390,-0.6439714432,0.2444090098,1,481.4,223.7,2086.6,1,0.5614243150,0.8274942636,0.0074715707,-0.1824701577,0.1325957179,-0.9742294550,-0.8071599603,0.5455927253,0.2254355103,1,221.3,123.0,2377.1,1,0.5614243746,-0.2090416849,0.8006898761,-0.1824701428,0.9124817848,0.3661716282,-0.8071600199,-0.3516796827,0.4741456509,1,-120.1,68.3,2152.0,1,0.8519347906,0.5197162628,0.0640483275,-0.0736074448,0.2399518639,-0.9679902792,-0.5184488297,0.8199500442,0.2426783442,1,382.4,95.2,2295.3,1,0.8519348502,-0.0462912954,0.5215978622,-0.0736074448,0.9756085873,0.2068086267,-0.5184488297,-0.2145809233,0.8277475834,1,166.3,-4.5,1954.5,1,-135.5,192.7,2300.1,1,372.9,89.6,1905.1,1,-45.0,-259.6,2278.4,1,184.0,-376.1,2036.2,1,
12,0.8823757172,-0.0627753213,0.4663440883,-0.1634107232,0.8885014057,0.4287879467,-0.4412640929,-0.4545603395,0.7737332582,1,254.5,641.7,2056.0,1,0.8823757172,-0.0627753213,0.4663440883,-0.1634107232,0.8885014057,0.4287879467,-0.4412640929,-0.4545603395,0.7737332582,1,267.6,456.8,2150.5,1,0.8815435171,-0.0842306092,0.4645329416,-0.1534017026,0.8794603944,0.4505708218,-0.4464896023,-0.4684605002,0.7623609304,1,284.2,282.6,2243.3,1,0.3824971616,-0.6613723636,0.6451995969,0.5652351379,0.7198832631,0.4028366804,-0.7308934331,0.2106055766,0.6491841674,1,144.3,478.2,2212.9,1,0.7316044569,-0.6613724232,-0.1653526425,0.5572487712,0.7198832631,-0.4138139486,0.3927196860,0.2106055915,0.8952187300,1,46.6,333.7,2399.8,1,0.3982149661,0.6982178688,0.5949090123,-0.9172738194,0.3071984947,0.2534517646,-0.0057906043,-0.6466227770,0.7627880573,1,390.8,435.4,2088.1,1,-0.4355649054,0.6982179880,0.5681329370,-0.5345308781,0.3071984351,-0.7873411179,-0.7242650986,-0.6466227770,0.2394141555,1,482.2,224.8,2086.8,1,0.5712754726,0.8206697702,-0.0120640621,-0.1870916933,0.1158963218,-0.9754818678,-0.7991502881,0.5595259070,0.2197492123,1,220.3,122.5,2376.9,1,0.5712755322,-0.2016172111,0.7956097722,-0.1870916486,0.9118500948,0.3654122949,-0.7991502881,-0.3576029837,0.4831967652,1,-119.8,74.4,2145.0,1,0.8513143063,0.5202252269,0.0680417493,-0.0700912029,0.2412962615,-0.9679170847,-0.5199531317,0.8192324042,0.2418821901,1,381.5,94.4,2295.3,1,0.8513143063,-0.0488156676,0.5223801732,-0.0700912029,0.9761551619,0.2054467499,-0.5199531317,-0.2115140110,0.8275932670,1,165.3,-5.8,1954.9,1,-135.3,195.2,2302.2,1,373.8,91.8,1906.6,1,-45.2,-263.0,2277.3,1,183.9,-377.6,2035.4,1,
13,0.8829581738,-0.0641132891,0.4650579989,-0.1629633009,0.8871716261,0.4317017198,-0.4402634501,-0.4569645822,0.7728866339,1,253.3,643.5,2055.3,1,0.8829581738,-0.0641132891,0.4650579989,-0.1629633009,0.8871716261,0.4317017198,-0.4402634501,-0.4569645822,0.7728866339,1,266.6,458.7,2150.5,1,0.8822966218,-0.0846419558,0.4630259573,-0.1551200897,0.8764621615,0.4557943642,-0.4444034696,-0.4739730358,0.7601693869,1,283.4,285.2,2244.4,1,0.3811110556,-0.6648224592,0.6424683332,0.5747381449,0.7146872282,0.3986204863,-0.7241756916,0.2173323929,0.6544740200,1,143.3,480.4,2212.6,1,0.7281658053,-0.6648224592,-0.1666906178,0.5551027060,0.7146872878,-0.4255387187,0.4020393491,0.2173323184,0.8894554973,1,45.8,333.4,2397.9,1,0.3983888030,0.6931861043,0.6006491780,-0.9172070026,0.3040905893,0.2574108541,-0.0042181294,-0.6534692645,0.7569413781,1,389.9,437.1,2088.4,1,-0.4335055053,0.6931860447,0.5758177042,-0.5484191179,0.3040906191,-0.7789514065,-0.7150591016,-0.6534691453,0.2483315617,1,482.1,224.9,2087.4,1,0.5720146298,0.8201944232,-0.0089675421,-0.1880045086,0.1204594597,-0.9747532606,-0.7984069586,0.5592589974,0.2231048197,1,219.5,125.8,2378.8,1,0.5720145702,-0.2220171988,0.7896250486,-0.1880045235,0.9015556574,0.3896814585,-0.7984068990,-0.3713565171,0.4739627838,1,-127.8,74.8,2142.1,1,0.8534753919,0.5169252753,0.0660912022,-0.0721404254,0.2427936643,-0.9673918486,-0.5161158442,0.8208773136,0.2445096225,1,380.8,97.4,2297.6,1,0.8534755111,-0.0470616706,0.5190038085,-0.0721404403,0.9756562710,0.2071007788,-0.5161157846,-0.2141965926,0.8293035626,1,166.3,-3.3,1957.0,1,-135.3,195.4,2297.9,1,373.4,87.4,1908.1,1,-45.5,-259.5,2279.7,1,184.2,-374.9,2038.6,1,
14,0.8832253814,-0.0701072216,0.4636836648,-0.1567041576,0.8878045678,0.4327167571,-0.4419964254,-0.4548502266,0.7731446624,1,252.4,646.5,2054.5,1,0.8832253814,-0.0701072216,0.4636836648,-0.1567041576,0.8878045678,0.4327167571,-0.4419964254,-0.4548502266,0.7731446624,1,267.0,461.2,2149.5,1,0.8825560212,-0.0888719931,0.4617372155,-0.1492689550,0.8782316446,0.4543398321,-0.4458897412,-0.4699059725,0.7618221641,1,284.6,287.2,2242.5,1,0.3819723129,-0.6684852839,0.6381414533,0.5766363740,0.7119942307,0.4006926119,-0.7222101092,0.2149220854,0.6574351192,1,143.7,482.0,2211.8,1,0.7231086493,-0.6684853435,-0.1739001572,0.5546537042,0.7119942904,-0.4306081831,0.4116711617,0.2149221450,0.8856271505,1,44.4,332.2,2399.4,1,0.3827482164,0.7040133476,0.5982216597,-0.9237699509,0.3003111482,0.2376181185,-0.0123662958,-0.6435671449,0.7652899027,1,390.4,440.3,2087.1,1,-0.4312030971,0.7040132284,0.5642952919,-0.5392829776,0.3003110290,-0.7867573500,-0.7233517170,-0.6435670853,0.2501673102,1,481.0,221.5,2084.2,1,0.5713217258,0.8206420541,-0.0117503880,-0.1791561842,0.1107291356,-0.9775695801,-0.8009335995,0.5606117845,0.2102850825,1,221.5,127.0,2376.3,1,0.5713217258,-0.2184652984,0.7911159396,-0.1791561693,0.9074789286,0.3799803257,-0.8009335399,-0.3588243127,0.4793230295,1,-124.3,80.3,2140.0,1,0.8586999178,0.5082553029,0.0656592101,-0.0741796643,0.2500412166,-0.9653894901,-0.5070818663,0.8241091967,0.2524125576,1,382.9,99.7,2294.8,1,0.8586999774,-0.0412686355,0.5108145475,-0.0741796717,0.9762462378,0.2035698593,-0.5070818067,-0.2126974314,0.8352413177,1,171.3,-4.4,1951.8,1,-134.9,194.6,2297.4,1,373.0,86.3,1902.9,1,-42.3,-260.7,2274.9,1,187.1,-376.2,2032.8,1,
15,0.8849017620,-0.0706061795,0.4603999555,-0.1516093314,0.8909572363,0.4280267358,-0.4404174089,-0.4485651851,0.7777042985,1,252.6,646.8,2056.1,1,0.8849017620,-0.0706061795,0.4603999555,-0.1516093314,0.8909572363,0.4280267358,-0.4404174089,-0.4485651851,0.7777042985,1,267.3,460.9,2149.6,1,0.8839869499,-0.0936234146,0.4580462873,-0.1417442113,0.8799582124,0.4534081221,-0.4455106258,-0.4657348394,0.7646003366,1,285.8,286.7,2241.9,1,0.3874632716,-0.6750963926,0.6277875304,0.5709300637,0.7103942633,0.4115566909,-0.7238169312,0.1989596784,0.6606845856,1,143.7,480.7,2211.9,1,0.7119461894,-0.6750963926,-0.1933325231,0.5566851497,0.7103942037,-0.4306294322,0.4280586243,0.1989596486,0.8815786242,1,43.2,332.6,2399.7,1,0.3875399530,0.6961753368,0.6042786241,-0.9218217134,0.2980447114,0.2478184849,-0.0075769476,-0.6530767679,0.7572538853,1,390.8,441.1,2087.4,1,-0.4377646446,0.6961753368,0.5689482093,-0.5447558761,0.2980446815,-0.7838433981,-0.7152643204,-0.6530768275,0.2487722188,1,482.0,224.2,2085.6,1,0.5684352517,0.8224874139,-0.0198954809,-0.1831175834,0.1029059589,-0.9776903391,-0.8020906448,0.5593968034,0.2091072947,1,223.6,125.4,2374.8,1,0.5684351921,-0.2029646784,0.7972996831,-0.1831175685,0.9135718942,0.3631173074,-0.8020905852,-0.3524082303,0.4821400940,1,-118.9,82.5,2141.9,1,0.8565884829,0.5119087100,0.0648506731,-0.0787958875,0.2539738715,-0.9639961123,-0.5099483728,0.8206379414,0.2578874230,1,385.2,99.4,2293.4,1,0.8565886021,-0.0409063660,0.5143761635,-0.0787959024,0.9747917056,0.2087399513,-0.5099483728,-0.2193349600,0.8317721486,1,171.2,-6.7,1950.4,1,-134.3,193.8,2293.0,1,372.1,87.5,1906.0,1,-42.1,-263.1,2275.2,1,186.8,-378.0,2033.9,1,
16,0.8854013681,-0.0771147832,0.4583906829,-0.1516695619,0.8842450380,0.4417058825,-0.4393911958,-0.4606136084,0.7712151408,1,253.4,643.9,2051.4,1,0.8854013681,-0.0771147832,0.4583906829,-0.1516695619,0.8842450380,0.4417058825,-0.4393911958,-0.4606136084,0.7712151408,1,269.5,459.7,2147.3,1,0.8845806718,-0.0947372839,0.4566687644,-0.1432598084,0.8766244650,0.4593505561,-0.4438440800,-0.4717575014,0.7618724108,1,288.3,286.1,2240.7,1,0.3945070505,-0.6874243617,0.6097640395,0.5577575564,0.7064995766,0.4356203973,-0.7302539945,0.1682451814,0.6621350646,1,145.9,479.7,2209.4,1,0.6914057136,-0.6874242425,-0.2222748399,0.5657331347,0.7064994574,-0.4252111614,0.4493375123,0.1682451665,0.8773764372,1,41.6,332.3,2402.4,1,0.3867262006,0.7151687741,0.5822168589,-0.9220308065,0.2879579365,0.2587265372,0.0173792075,-0.6368782520,0.7707685232,1,393.2,439.7,2085.3,1,-0.4307084382,0.7151688337,0.5504760742,-0.5360669494,0.2879579663,-0.7935442924,-0.7260320187,-0.6368782520,0.2593524754,1,482.5,226.6,2089.3,1,0.5632011294,0.8261994123,-0.0141122434,-0.1860915273,0.1101775691,-0.9763355255,-0.8050929904,0.5524992943,0.2158008367,1,226.2,125.6,2374.7,1,0.5632010698,-0.2087036818,0.7995295525,-0.1860914826,0.9106878638,0.3688054979,-0.8050929308,-0.3564972281,0.4740624428,1,-118.2,79.7,2144.5,1,0.8517349362,0.5196474791,0.0671877339,-0.0779708251,0.2524976432,-0.9644508362,-0.5181391835,0.8162178397,0.2555783689,1,387.9,99.4,2293.6,1,0.8517348766,-0.0455202162,0.5219919682,-0.0779708475,0.9741166830,0.2121727765,-0.5181392431,-0.2214151025,0.8261398673,1,170.1,-6.4,1951.5,1,-131.7,190.5,2289.7,1,374.1,91.7,1906.6,1,-39.0,-266.0,2279.8,1,187.4,-377.4,2035.9,1,
17,0.8817397952,-0.0774969161,0.4653315842,-0.1681143939,0.8700313568,0.4634436071,-0.4407678545,-0.4868681729,0.7541121840,1,251.7,650.1,2041.5,1,0.8817397952,-0.0774969161,0.4653315842,-0.1681143939,0.8700313568,0.4634436071,-0.4407678545,-0.4868681729,0.7541121840,1,267.8,468.4,2143.2,1,0.8811916709,-0.0935110971,0.4634234607,-0.1625673175,0.8605331779,0.4827539921,-0.4439334571,-0.5007388592,0.7430921197,1,286.4,298.1,2242.3,1,0.3753905594,-0.6887367964,0.6202608347,0.5850415826,0.6951157451,0.4177802801,-0.7188937068,0.2060476094,0.6638796329,1,144.7,491.2,2205.2,1,0.6993701458,-0.6887369156,-0.1911097467,0.5620694160,0.6951157451,-0.4482098222,0.4415419698,0.2060476393,0.8732612133,1,42.4,331.7,2401.2,1,0.3866398335,0.7282320261,0.5658515096,-0.9212844968,0.2772046030,0.2727501094,0.0417687148,-0.6267662644,0.7780871391,1,391.0,445.7,2081.1,1,-0.4320240915,0.7282320261,0.5320088863,-0.5242584944,0.2772046030,-0.8051774502,-0.7338312268,-0.6267662048,0.2620227337,1,483.3,225.8,2091.1,1,0.5552036166,0.8315162063,-0.0181572754,-0.1826500595,0.1005991548,-0.9780178070,-0.8114110827,0.5463154316,0.2077295184,1,224.3,142.6,2382.0,1,0.5552036166,-0.2074769288,0.8054205775,-0.1826500744,0.9143307209,0.3614391685,-0.8114110231,-0.3477824330,0.4697440863,1,-123.5,100.6,2153.4,1,0.8481501341,0.5253139734,0.0684599429,-0.0792629123,0.2536118925,-0.9640531540,-0.5237928033,0.8122353554,0.2567388415,1,385.4,112.9,2300.8,1,0.8481501341,-0.0436481498,0.5279549360,-0.0792629272,0.9749257565,0.2079354972,-0.5237928629,-0.2182077318,0.8234237432,1,165.3,6.6,1960.4,1,-132.7,190.9,2290.7,1,374.9,94.3,1907.0,1,-44.7,-247.1,2285.7,1,181.9,-364.7,2043.5,1,
18,0.8827602267,-0.0793389082,0.4630808830,-0.1554230154,0.8808328509,0.4471845925,-0.4433754086,-0.4667328894,0.7652325034,1,251.9,645.2,2048.1,1,0.8827602267,-0.0793389082,0.4630808830,-0.1554230154,0.8808328509,0.4471845925,-0.4433754086,-0.4667328894,0.7652325034,1,268.4,462.1,2145.1,1,0.8820109367,-0.0962690711,0.4612952769,-0.1479396671,0.8728515506,0.4650170505,-0.4474084377,-0.4783965647,0.7556219697,1,287.4,289.4,2239.7,1,0.3673930466,-0.6656641960,0.6495487690,0.5876297355,0.7074710131,0.3926526904,-0.7209117413,0.2374362946,0.6510839462,1,145.1,482.8,2207.6,1,0.7237294316,-0.6656642556,-0.1819529682,0.5344482660,0.7074710131,-0.4624390602,0.4365555048,0.2374363244,0.8677807450,1,45.7,323.8,2402.6,1,0.3949014246,0.7244161367,0.5650436282,-0.9178918600,0.2849360406,0.2761991918,0.0390818380,-0.6277203560,0.7774572968,1,391.6,441.5,2082.5,1,-0.4247972071,0.7244160175,0.5429260731,-0.5326410532,0.2849359512,-0.7969347239,-0.7320114374,-0.6277203560,0.2648137212,1,482.6,229.9,2091.5,1,0.5803656578,0.8143093586,0.0087248012,-0.1786503047,0.1377638131,-0.9742203951,-0.7945187688,0.5638452768,0.2254299819,1,225.9,130.2,2375.3,1,0.5803656578,-0.1994208843,0.7895613909,-0.1786503047,0.9147571325,0.3623583615,-0.7945187092,-0.3513556719,0.4952669740,1,-117.8,72.0,2137.4,1,0.8564414978,0.5098520517,0.0809861049,-0.0771666169,0.2815463841,-0.9564397335,-0.5104441047,0.8128852248,0.2804715931,1,387.1,103.1,2293.5,1,0.8564414978,-0.0406920575,0.5146378279,-0.0771666169,0.9755978584,0.2055577785,-0.5104441047,-0.2157610357,0.8324025869,1,169.8,-16.9,1947.2,1,-133.4,191.5,2294.6,1,375.5,95.6,1906.9,1,-41.9,-276.0,2271.1,1,185.3,-388.4,2029.3,1,
19,0.8823339343,-0.0799309388,0.4637911618,-0.1491711438,0.8871623278,0.4366782606,-0.4463615417,-0.4544829428,0.7708492875,1,252.4,643.1,2050.9,1,0.8823339343,-0.0799309388,0.4637911618,-0.1491711438,0.8871623278,0.4366782606,-0.4463615417,-0.4544829428,0.7708492875,1,269.0,458.8,2145.3,1,0.8816074729,-0.0958399698,0.4621551037,-0.1418672651,0.8800826073,0.4531280994,-0.4501618743,-0.4650484025,0.7622902393,1,288.0,284.6,2237.3,1,0.3646696806,-0.6555584669,0.6612557769,0.5895725489,0.7122325301,0.3809581697,-0.7207081318,0.2509343624,0.6462289095,1,145.8,478.6,2208.2,1,0.7306855321,-0.6555584669,-0.1906353384,0.5143901110,0.7122325301,-0.4776271582,0.4488891959,0.2509343326,0.8576307297,1,47.4,319.4,2402.8,1,0.3918845356,0.7068439126,0.5888957381,-0.9197168350,0.2847081423,0.2703001201,0.0233965889,-0.6475437880,0.7616689801,1,392.3,439.0,2082.4,1,-0.4366548657,0.7068439126,0.5565108061,-0.5445768833,0.2847081721,-0.7889089584,-0.7160786390,-0.6475438476,0.2606116533,1,482.8,226.4,2087.8,1,0.5687801242,0.8224403858,-0.0090041012,-0.1924252510,0.1224171892,-0.9736460447,-0.7996635437,0.5555230975,0.2278867364,1,226.4,123.3,2370.5,1,0.5687800646,-0.2169008851,0.7933746576,-0.1924252510,0.9027392864,0.3847522140,-0.7996636033,-0.3715046346,0.4717229605,1,-125.6,70.9,2132.8,1,0.8503206372,0.5215827227,0.0700463504,-0.0824583098,0.2635046244,-0.9611275196,-0.5197650194,0.8114904761,0.2670722306,1,387.6,97.4,2288.3,1,0.8503205776,-0.0359792486,0.5250338912,-0.0824583322,0.9762288332,0.2004441917,-0.5197650194,-0.2137352079,0.8271406889,1,169.6,-12.7,1949.1,1,-133.6,192.0,2291.6,1,373.1,89.7,1907.9,1,-43.7,-270.1,2273.1,1,183.3,-384.5,2030.5,1,
20,0.8872429729,-0.0876973495,0.4528944194,-0.1490063071,0.8746562004,0.4612706304,-0.4365785122,-0.4767458439,0.7629644275,1,251.7,638.8,2043.3,1,0.8872429729,-0.0876973495,0.4528944194,-0.1490063071,0.8746562004,0.4612706304,-0.4365785122,-0.4767458439,0.7629644275,1,269.9,457.1,2142.3,1,0.8863149881,-0.1016447470,0.4517946839,-0.1404521912,0.8706573844,0.4714082778,-0.4412739575,-0.4812743664,0.7573997974,1,290.0,284.7,2237.6,1,0.3535313308,-0.6418902278,0.6804355979,0.5871314406,0.7185448408,0.3727869391,-0.7282117605,0.2677132785,0.6309019923,1,146.0,476.7,2204.0,1,0.7447823286,-0.6418901086,-0.1824177206,0.5011725426,0.7185447216,-0.4822026789,0.4405964315,0.2677133083,0.8568572998,1,49.7,316.7,2402.4,1,0.3914920390,0.7126632333,0.5821042061,-0.9196392298,0.2813098431,0.2740958333,0.0315863602,-0.6426322460,0.7655236125,1,393.7,437.5,2080.6,1,-0.4314091206,0.7126632333,0.5531703830,-0.5466173291,0.2813098431,-0.7887169123,-0.7177017331,-0.6426321864,0.2681943774,1,483.9,225.7,2087.9,1,0.5488780737,0.8336800337,0.0609145686,-0.1870470047,0.1935189664,-0.9631011486,-0.8147063255,0.5172312260,0.2621556520,1,229.1,125.2,2373.2,1,0.5488780141,-0.2162972242,0.8074331880,-0.1870470196,0.9096674919,0.3708350062,-0.8147062659,-0.3545711935,0.4588386714,1,-113.2,45.8,2160.8,1,0.8456305265,0.5296464562,0.0662098825,-0.0840173662,0.2545736432,-0.9633968472,-0.5271150470,0.8091148734,0.2597747445,1,391.1,99.5,2292.5,1,0.8456305265,-0.0362335704,0.5325375795,-0.0840173736,0.9762207866,0.1998349726,-0.5271149874,-0.2137289196,0.8224778771,1,172.7,-5.5,1958.8,1,-134.7,192.6,2293.3,1,375.2,88.0,1907.1,1,-40.4,-260.2,2280.1,1,186.5,-377.3,2040.2,1,
21,0.8894913197,-0.0888726190,0.4482313097,-0.1468081623,0.8733261228,0.4644843042,-0.4327314794,-0.4789613187,0.7637680769,1,250.4,636.9,2043.5,1,0.8894913197,-0.0888726190,0.4482313097,-0.1468081623,0.8733261228,0.4644843042,-0.4327314794,-0.4789613187,0.7637680769,1,268.8,455.9,2142.7,1,0.8886551857,-0.1019105911,0.4471136332,-0.1391721666,0.8690772057,0.4746921957,-0.4369518757,-0.4840660095,0.7581261992,1,289.0,283.9,2238.5,1,0.3433016837,-0.6330229044,0.6938487291,0.5884158611,0.7207572460,0.3664367795,-0.7320593596,0.2824732661,0.6199178100,1,144.6,475.4,2203.8,1,0.7524744868,-0.6330229044,-0.1818354875,0.4871782660,0.7207571864,-0.4931190610,0.4432148635,0.2824732065,0.8507464528,1,50.3,313.9,2404.7,1,0.3963917196,0.6958491802,0.5988886356,-0.9178403020,0.2854099274,0.2758811116,0.0210428983,-0.6590411067,0.7518125772,1,393.0,436.5,2081.6,1,-0.4398730099,0.6958491802,0.5677198172,-0.5560182929,0.2854099572,-0.7806310654,-0.7052342892,-0.6590411663,0.2613607347,1,483.9,225.9,2086.4,1,0.5559614301,0.8307891488,0.0263884179,-0.1931871921,0.1600276679,-0.9680236578,-0.8084464073,0.5330859423,0.2494670153,1,227.9,124.5,2374.3,1,0.5559614897,-0.2371909767,0.7966476679,-0.1931872368,0.8953036070,0.4013853073,-0.8084464669,-0.3770568371,0.4519320726,1,-129.1,55.7,2145.2,1,0.8448398709,0.5306716561,0.0680693164,-0.0845959038,0.2581256032,-0.9624005556,-0.5282891393,0.8073158860,0.2629674077,1,390.3,99.1,2294.4,1,0.8448397517,-0.0371795073,0.5337260365,-0.0845959112,0.9757502079,0.2018786818,-0.5282890797,-0.2157061696,0.8212073445,1,168.0,-9.1,1956.2,1,-134.9,194.0,2295.6,1,373.4,86.2,1909.3,1,-44.7,-262.8,2279.4,1,182.2,-380.7,2038.4,1,
22,0.8946860433,-0.0930610299,0.4368990958,-0.1507454365,0.8577855825,0.4914025664,-0.4204955697,-0.5055142045,0.7534195781,1,251.7,633.2,2033.1,1,0.8946860433,-0.0930610299,0.4368990958,-0.1507454365,0.8577855825,0.4914025664,-0.4204955697,-0.5055142045,0.7534195781,1,271.0,455.3,2137.9,1,0.8941262960,-0.1004167348,0.4364161193,-0.1457864642,0.8561792970,0.4956814349,-0.4234245718,-0.5068279505,0.7508922815,1,290.9,285.8,2238.2,1,0.3259258568,-0.6140598059,0.7188205123,0.5888398290,0.7267000079,0.3538005650,-0.7396215796,0.3079573810,0.5984331369,1,146.1,475.7,2197.1,1,0.7720238566,-0.6140598059,-0.1640421152,0.4719431102,0.7267000079,-0.4991762042,0.4257334471,0.3079574108,0.8508309126,1,55.1,311.5,2403.4,1,0.3918876648,0.6965932846,0.6009840965,-0.9194120765,0.2729191184,0.2831899524,0.0332481563,-0.6635307074,0.7474099398,1,396.0,435.0,2078.7,1,-0.4387127161,0.6965932250,0.5677050352,-0.5697522163,0.2729191482,-0.7751758099,-0.6949197650,-0.6635307074,0.2771524787,1,484.4,227.4,2086.2,1,0.5593515038,0.8289119005,-0.0055474271,-0.1921331435,0.1231360137,-0.9736131430,-0.8063564301,0.5456577539,0.2281378210,1,229.1,129.7,2377.2,1,0.5593515038,-0.2203984261,0.7990935445,-0.1921332031,0.9032813311,0.3836244345,-0.8063564897,-0.3681132793,0.4629059136,1,-123.8,77.3,2145.0,1,0.8514536619,0.5210021734,0.0598622113,-0.0910450146,0.2592665255,-0.9615048766,-0.5164663792,0.8132266998,0.2681880593,1,392.5,103.0,2299.8,1,0.8514536619,-0.0317873694,0.5234656930,-0.0910450220,0.9740443826,0.2072398365,-0.5164664388,-0.2241140157,0.8264595866,1,173.0,-6.2,1957.3,1,-135.2,195.1,2298.4,1,374.2,84.2,1911.6,1,-42.6,-255.3,2280.5,1,185.1,-377.1,2042.6,1,
23,0.8966794610,-0.1088802069,0.4290866256,-0.1405208111,0.8491479158,0.5091153979,-0.4197899997,-0.5168115497,0.7461128235,1,250.5,631.8,2027.4,1,0.8966794610,-0.1088802069,0.4290866256,-0.1405208111,0.8491479158,0.5091153979,-0.4197899997,-0.5168115497,0.7461128235,1,273.0,456.1,2134.3,1,0.8958629966,-0.1145892888,0.4293053150,-0.1343088150,0.8511466384,0.5074517131,-0.4235497415,-0.5122693181,0.7471197248,1,295.7,287.6,2235.7,1,0.3206852078,-0.6039796472,0.7296366692,0.5844488144,0.7323676348,0.3493670523,-0.7453728318,0.3143984377,0.5878546238,1,147.8,474.9,2193.5,1,0.7813096046,-0.6039796472,-0.1573655456,0.4661856890,0.7323675752,-0.4962949157,0.4150014222,0.3143984079,0.8537725210,1,58.1,311.2,2402.2,1,0.3847087324,0.7053523064,0.5953801274,-0.9218807817,0.2613223791,0.2860883176,0.0462068953,-0.6589301825,0.7507836819,1,398.2,437.3,2075.1,1,-0.4306640029,0.7053522468,0.5630335808,-0.5803593397,0.2613223791,-0.7712935209,-0.6911668777,-0.6589301825,0.2968156040,1,485.7,227.7,2085.6,1,0.5637237430,0.8259468079,0.0052398001,-0.1891216487,0.1352490783,-0.9725949168,-0.8040203452,0.5472838283,0.2324475348,1,236.5,131.4,2375.9,1,0.5637236834,-0.2342492640,0.7920498252,-0.1891216338,0.8968575597,0.3998493552,-0.8040202856,-0.3751982749,0.4612782896,1,-121.4,72.7,2138.6,1,0.8541378379,0.5164731145,0.0608620942,-0.0898294076,0.2617969811,-0.9609334469,-0.5122298002,0.8153023720,0.2700051665,1,400.3,106.8,2298.4,1,0.8541378975,-0.0330789685,0.5189937353,-0.0898294076,0.9735895395,0.2098908424,-0.5122298598,-0.2258965820,0.8286081553,1,178.7,-5.5,1948.7,1,-135.3,195.9,2299.5,1,377.1,81.3,1911.2,1,-33.9,-262.6,2278.9,1,191.3,-376.3,2034.7,1,
24,0.8996528983,-0.1218786240,0.4192547798,-0.1358978003,0.8343833089,0.5341656804,-0.4149219096,-0.5375420451,0.7340916991,1,249.2,628.1,2019.5,1,0.8996528983,-0.1218786240,0.4192547798,-0.1358978003,0.8343833089,0.5341656804,-0.4149219096,-0.5375420451,0.7340916991,1,274.3,456.1,2130.3,1,0.8985342383,-0.1252856851,0.4206470847,-0.1283127367,0.8415440321,0.5247248411,-0.4197329581,-0.5254601836,0.7400797009,1,299.1,289.5,2234.3,1,0.3238220513,-0.6142897606,0.7195742726,0.5754125714,0.7315957546,0.3656059504,-0.7510256171,0.2956607938,0.5903770328,1,148.7,474.0,2189.0,1,0.7729092240,-0.6142899394,-0.1589318365,0.4823989570,0.7315959930,-0.4817247093,0.4121925235,0.2956609130,0.8617900610,1,57.0,311.1,2401.6,1,0.3697737455,0.7135311961,0.5950971246,-0.9280403852,0.2527480423,0.2736046314,0.0448158160,-0.6534459591,0.7556453347,1,399.9,438.2,2071.6,1,-0.4220333099,0.7135311961,0.5592504740,-0.5894169211,0.2527480125,-0.7672718763,-0.6888218522,-0.6534459591,0.3138993084,1,483.9,227.3,2081.8,1,0.5524103045,0.8335435390,-0.0069335476,-0.1926616728,0.1195802540,-0.9739518166,-0.8110021353,0.5393568277,0.2266492546,1,241.8,134.6,2376.7,1,0.5524102449,-0.2185651064,0.8044079542,-0.1926616430,0.9054061174,0.3783136010,-0.8110020161,-0.3639628887,0.4580465555,1,-119.9,82.7,2142.7,1,0.8458083868,0.5296011567,0.0642725229,-0.0947384387,0.2676688731,-0.9588420987,-0.5250076056,0.8049075007,0.2765701413,1,406.0,111.2,2300.0,1,0.8458083272,-0.0278316773,0.5327605009,-0.0947384238,0.9749297500,0.2013371438,-0.5250076056,-0.2207655013,0.8219669461,1,178.4,-3.9,1954.0,1,-136.7,190.2,2298.3,1,377.5,78.8,1908.3,1,-37.5,-258.9,2280.0,1,189.0,-375.2,2038.1,1,
