1,0.9909911752,-0.0806975663,-0.1068782732,0.0990838110,0.9787089229,0.1797555089,0.0900968835,-0.1887257695,0.9778876305,1,17.6,357.5,1954.3,1,0.9909911752,-0.0806975663,-0.1068782732,0.0990838110,0.9787089229,0.1797555089,0.0900968835,-0.1887257695,0.9778876305,1,33.4,165.5,1991.3,1,0.9900951385,-0.0908290669,-0.1070521325,0.1093008965,0.9772539735,0.1817380488,0.0881100297,-0.1916386187,0.9775021672,1,50.8,-20.8,2027.9,1,0.1975381374,-0.5597912073,-0.8047438264,0.9689633250,-0.0129610822,0.2468645424,-0.1486229300,-0.8285324574,0.5398567915,1,-93.0,151.6,1980.1,1,-0.2540877163,-0.5157943964,-0.8181660175,0.9606924653,-0.2324193120,-0.1518268287,-0.1118461564,-0.8245832324,0.5545746088,1,-140.8,-83.1,2016.1,1,0.2931742966,0.8293933868,0.4755581319,-0.9560588002,0.2546938360,0.1451988369,-0.0006947711,-0.4972301126,0.8676184416,1,159.9,179.5,2002.6,1,-0.0406536832,0.8559593558,0.5154423714,-0.9990179539,-0.0439158641,-0.0058659660,0.0176150668,-0.5151746869,0.8569042087,1,235.6,-67.5,2002.4,1,1.0000000000,-0.0000065441,-0.0000065331,0.0000065436,1.0000000000,-0.0000751942,0.0000065336,0.0000751942,1.0000000000,0,-19.1,-216.8,2056.7,1,0.9999985695,-0.0005533560,-0.0015835627,0.0005419765,0.9999740720,-0.0071774456,0.0015874933,0.0071765776,0.9999729991,0,-19.1,-598.3,2056.6,0,1.0000000000,0.0000201122,-0.0000016042,-0.0000201124,1.0000000000,-0.0000870036,0.0000016025,0.0000870037,1.0000000000,0,155.2,-197.6,2072.2,1,0.9999979734,0.0011822358,-0.0016410917,-0.0012032138,0.9999167919,-0.0128414482,0.0016257735,0.0128433965,0.9999161959,0,155.2,-579.0,2072.1,0,-77.5,-322.7,2044.0,1,224.4,-341.5,2007.2,1,-18.9,-965.0,2054.0,0,154.8,-945.7,2067.4,0,
2,0.9927531481,-0.0731659532,-0.0953219980,0.0891243517,0.9804045558,0.1756829172,0.0806001201,-0.1829050481,0.9798207283,1,17.7,365.2,1955.8,1,0.9927531481,-0.0731659532,-0.0953219980,0.0891243517,0.9804045558,0.1756829172,0.0806001201,-0.1829050481,0.9798207283,1,32.1,172.6,1991.8,1,0.9918555617,-0.0840387195,-0.0957000479,0.1003094986,0.9784666300,0.1803934872,0.0784792602,-0.1885236651,0.9789274931,1,48.1,-14.0,2027.7,1,0.1841675937,-0.5684106946,-0.8018674850,0.9734066129,-0.0076067522,0.2289576679,-0.1362416148,-0.8227096796,0.5518938899,1,-94.6,159.8,1981.7,1,-0.2531011999,-0.5242296457,-0.8130947948,0.9611353874,-0.2320486456,-0.1495738626,-0.1102664918,-0.8193515539,0.5625873208,1,-140.7,-84.3,2015.9,1,0.2801640928,0.8290715218,0.4838888347,-0.9599463344,0.2402180880,0.1442159563,0.0033264912,-0.5049114227,0.8631646633,1,158.7,185.4,2001.8,1,-0.0431942865,0.8514350057,0.5226782560,-0.9989960790,-0.0430273898,-0.0124663608,0.0118751852,-0.5226920247,0.8524388671,1,233.8,-71.9,2002.7,1,1.0000000000,-0.0000052352,-0.0000052266,0.0000052349,1.0000000000,-0.0000601554,0.0000052269,0.0000601553,1.0000000000,0,-23.1,-209.4,2056.8,1,0.9999988675,-0.0004975093,-0.0014253861,0.0004882918,0.9999790192,-0.0064596739,0.0014285698,0.0064589707,0.9999781251,0,-23.1,-590.9,2056.7,0,1.0000000000,0.0000160898,-0.0000012832,-0.0000160899,1.0000000000,-0.0000696029,0.0000012821,0.0000696029,1.0000000000,0,151.4,-191.8,2070.6,1,0.9999983311,0.0010649625,-0.0014763019,-0.0010819549,0.9999326468,-0.0115574608,0.0014638942,0.0115590384,0.9999321103,0,151.4,-573.2,2070.6,0,-77.6,-323.9,2043.4,1,222.0,-346.0,2005.9,1,-23.0,-957.6,2054.4,0,151.0,-939.9,2066.3,0,
3,0.9935925007,-0.0688255876,-0.0896402746,0.0848087817,0.9783313274,0.1888810992,0.0746980235,-0.1952728927,0.9778997898,1,18.1,365.1,1952.1,1,0.9935925007,-0.0688255876,-0.0896402746,0.0848087817,0.9783313274,0.1888810992,0.0746980235,-0.1952728927,0.9778997898,1,31.6,173.7,1990.3,1,0.9929094911,-0.0780448616,-0.0896556154,0.0939039588,0.9774607420,0.1890853643,0.0728776976,-0.1961634308,0.9778588414,1,46.5,-12.7,2027.7,1,0.1857286245,-0.5726131797,-0.7985104322,0.9721445441,-0.0111585706,0.2341166437,-0.1429685354,-0.8197497725,0.5545902848,1,-95.2,161.7,1981.0,1,-0.2500707805,-0.5302021503,-0.8101544380,0.9623178244,-0.2284110337,-0.1475564241,-0.1068134755,-0.8165256381,0.5673418641,1,-140.8,-77.2,2016.1,1,0.2742099762,0.8284525871,0.4883392751,-0.9615877271,0.2295665443,0.1504935920,0.0125704538,-0.5108479261,0.8595792055,1,158.4,185.7,1999.6,1,-0.0185557492,0.8510053754,0.5248290300,-0.9997629523,-0.0217715167,-0.0000451082,0.0113879358,-0.5247054696,0.8512076735,1,228.9,-61.5,2002.8,1,1.0000000000,-0.0000041881,-0.0000041813,0.0000041879,1.0000000000,-0.0000481243,0.0000041815,0.0000481243,1.0000000000,0,-26.0,-207.4,2058.7,1,0.9999991059,-0.0004473442,-0.0012829927,0.0004398781,0.9999830127,-0.0058136838,0.0012855715,0.0058131139,0.9999822974,0,-26.0,-588.8,2058.7,0,1.0000000000,0.0000128718,-0.0000010265,-0.0000128719,1.0000000000,-0.0000556823,0.0000010258,0.0000556824,1.0000000000,0,148.7,-190.8,2071.5,1,0.9999986291,0.0009592355,-0.0013281198,-0.0009729994,0.9999454021,-0.0104018366,0.0013180694,0.0104031144,0.9999450445,0,148.7,-572.3,2071.5,0,-78.5,-317.2,2042.8,1,223.8,-335.6,2006.0,1,-25.9,-955.5,2056.6,0,148.4,-939.0,2067.7,0,
4,0.9936956763,-0.0707364976,-0.0869693682,0.0865894407,0.9770368338,0.1946844310,0.0712009743,-0.2009874731,0.9770022631,1,17.1,361.8,1949.7,1,0.9936956763,-0.0707364976,-0.0869693682,0.0865894407,0.9770368338,0.1946844310,0.0712009743,-0.2009874731,0.9770022631,1,31.0,170.5,1989.1,1,0.9933108687,-0.0760469884,-0.0868838802,0.0917116851,0.9767954946,0.1935465336,0.0701491460,-0.2002199143,0.9772359729,1,45.5,-15.8,2027.3,1,0.1863685399,-0.5750262737,-0.7966251373,0.9710205793,-0.0156732127,0.2384813577,-0.1496187001,-0.8179848194,0.5554413795,1,-95.9,158.7,1980.1,1,-0.2468191236,-0.5338403583,-0.8087612987,0.9628906250,-0.2291378528,-0.1426092088,-0.1091872603,-0.8139473796,0.5705855489,1,-140.8,-75.6,2016.2,1,0.2671555281,0.8289013505,0.4914780259,-0.9635242820,0.2214149386,0.1503214687,0.0157810822,-0.5137102008,0.8578186631,1,157.8,182.2,1998.0,1,-0.0049332418,0.8510729671,0.5250243545,-0.9998971224,-0.0112754479,0.0088824322,0.0134794842,-0.5249265432,0.8510407805,1,225.4,-61.8,2002.0,1,1.0000000000,-0.0000033505,-0.0000033450,0.0000033504,1.0000000000,-0.0000384994,0.0000033452,0.0000384994,1.0000000000,0,-27.5,-210.2,2059.3,1,0.9999992251,-0.0004022742,-0.0011548107,0.0003962267,0.9999862313,-0.0052322955,0.0011568996,0.0052318336,0.9999856353,0,-27.5,-591.6,2059.3,0,1.0000000000,0.0000102975,-0.0000008211,-0.0000102975,1.0000000000,-0.0000445459,0.0000008207,0.0000445459,1.0000000000,0,147.4,-194.0,2071.6,1,0.9999989271,0.0008639348,-0.0011948602,-0.0008750835,0.9999557734,-0.0093617467,0.0011867195,0.0093627824,0.9999554753,0,147.4,-575.5,2071.6,0,-79.3,-315.7,2043.4,1,224.1,-336.0,2005.7,1,-27.3,-958.4,2057.3,0,147.1,-942.2,2068.2,0,
5,0.9939828515,-0.0732617900,-0.0814208016,0.0879829004,0.9768167734,0.1951631010,0.0652352124,-0.2011521906,0.9773848653,1,15.9,361.3,1949.0,1,0.9939828515,-0.0732617900,-0.0814208016,0.0879829004,0.9768167734,0.1951631010,0.0652352124,-0.2011521906,0.9773848653,1,30.3,169.3,1988.6,1,0.9936398864,-0.0777491033,-0.0814457908,0.0924188718,0.9763424397,0.1954862624,0.0643201023,-0.2017698437,0.9773181677,1,45.1,-16.9,2027.1,1,0.1832061708,-0.5790262222,-0.7944583893,0.9719830751,-0.0143621564,0.2346118540,-0.1472565532,-0.8151824474,0.5601724386,1,-96.6,157.5,1980.4,1,-0.2482748181,-0.5368688703,-0.8063073158,0.9620783329,-0.2337425053,-0.1406048983,-0.1129818931,-0.8106394410,0.5745422840,1,-141.1,-78.8,2016.2,1,0.2682326734,0.8261075616,0.4955779612,-0.9631689191,0.2198863328,0.1547760963,0.0188908726,-0.5188412666,0.8546618223,1,157.2,181.1,1996.8,1,-0.0148702329,0.8470900655,0.5312411189,-0.9998044372,-0.0195266157,0.0031501355,0.0130417934,-0.5310903788,0.8472146988,1,226.1,-66.2,2001.6,1,1.0000000000,-0.0000026804,-0.0000026760,0.0000026803,1.0000000000,-0.0000307996,0.0000026761,0.0000307995,1.0000000000,0,-27.5,-211.2,2059.9,1,0.9999994040,-0.0003617751,-0.0010394249,0.0003568766,0.9999888539,-0.0047090501,0.0010411169,0.0047086766,0.9999883771,0,-27.5,-592.7,2059.9,0,1.0000000000,0.0000082380,-0.0000006569,-0.0000082380,1.0000000000,-0.0000356367,0.0000006566,0.0000356367,1.0000000000,0,147.4,-195.0,2071.2,1,0.9999991059,0.0007780455,-0.0010750114,-0.0007870760,0.9999641776,-0.0084256465,0.0010684174,0.0084264847,0.9999639392,0,147.4,-576.4,2071.2,0,-79.2,-318.7,2044.3,1,222.0,-340.5,2005.2,1,-27.4,-959.4,2058.1,0,147.1,-943.1,2068.1,0,
6,0.9935263395,-0.0749116316,-0.0853950903,0.0904132277,0.9765840173,0.1952175051,0.0687714145,-0.2016743422,0.9770347476,1,16.8,357.8,1948.7,1,0.9935263395,-0.0749116316,-0.0853950903,0.0904132277,0.9765840173,0.1952175051,0.0687714145,-0.2016743422,0.9770347476,1,31.5,166.5,1988.2,1,0.9930739403,-0.0807064772,-0.0853769556,0.0960895419,0.9760873318,0.1949899942,0.0675984100,-0.2018430680,0.9770817757,1,46.9,-19.7,2026.7,1,0.1889255345,-0.5761324167,-0.7952222824,0.9702168703,-0.0155149475,0.2417404503,-0.1516123563,-0.8172090054,0.5560422540,1,-95.3,154.2,1979.5,1,-0.2487447709,-0.5342786312,-0.8078814149,0.9623028636,-0.2310487032,-0.1434906572,-0.1099959612,-0.8131191730,0.5716100931,1,-140.9,-80.0,2016.1,1,0.2719292641,0.8266479969,0.4926535189,-0.9621580839,0.2242418081,0.1548143774,0.0175034869,-0.5161091089,0.8563438654,1,158.3,178.8,1996.8,1,-0.0258878879,0.8472676873,0.5305349231,-0.9996128082,-0.0273537878,-0.0050927568,0.0101972111,-0.5304613709,0.8476477861,1,227.6,-66.3,2001.3,1,1.0000000000,-0.0000021443,-0.0000021408,0.0000021442,1.0000000000,-0.0000246396,0.0000021409,0.0000246396,1.0000000000,0,-25.1,-214.3,2059.2,1,0.9999995232,-0.0003253774,-0.0009355594,0.0003214097,0.9999909401,-0.0042381315,0.0009369300,0.0042378288,0.9999905825,0,-25.1,-595.7,2059.2,0,1.0000000000,0.0000065904,-0.0000005255,-0.0000065904,1.0000000000,-0.0000285094,0.0000005253,0.0000285094,1.0000000000,0,149.7,-197.3,2071.1,1,0.9999992847,0.0007006491,-0.0009672161,-0.0007079638,0.9999709725,-0.0075831390,0.0009618750,0.0075838179,0.9999707937,0,149.7,-578.8,2071.1,0,-78.9,-320.0,2043.6,1,220.5,-340.5,2004.1,1,-25.0,-962.4,2057.7,0,149.4,-945.5,2068.3,0,
7,0.9942986965,-0.0683657080,-0.0818216950,0.0833664834,0.9768848419,0.1968419105,0.0664731413,-0.2025405914,0.9770146608,1,18.5,356.4,1948.0,1,0.9942986965,-0.0683657080,-0.0818216950,0.0833664834,0.9768848419,0.1968419105,0.0664731413,-0.2025405914,0.9770146608,1,31.9,164.7,1987.8,1,0.9936990738,-0.0766841918,-0.0817329362,0.0914413631,0.9764023423,0.1956465691,0.0648012459,-0.2018873394,0.9772621393,1,46.5,-21.5,2026.3,1,0.1951752603,-0.5782106519,-0.7921988964,0.9688839316,-0.0116921291,0.2472392917,-0.1522188783,-0.8158037663,0.5579369664,1,-95.0,153.0,1979.5,1,-0.2509365082,-0.5350885391,-0.8066666126,0.9615623355,-0.2337619960,-0.1440591812,-0.1114835814,-0.8118098974,0.5731804967,1,-142.5,-82.9,2016.5,1,0.2730986476,0.8256869316,0.4936174750,-0.9617176652,0.2222197503,0.1603667736,0.0227211919,-0.5185166001,0.8547655940,1,158.8,176.3,1996.0,1,-0.0310770124,0.8440390229,0.5353804827,-0.9995119572,-0.0245484356,-0.0193171185,-0.0031616471,-0.5357195139,0.8443900347,1,228.9,-70.5,2001.9,1,1.0000000000,-0.0000017154,-0.0000017127,0.0000017154,1.0000000000,-0.0000197117,0.0000017127,0.0000197117,1.0000000000,0,-26.3,-215.8,2059.1,1,0.9999995828,-0.0002926614,-0.0008420657,0.0002894474,0.9999926686,-0.0038143077,0.0008431758,0.0038140623,0.9999923706,0,-26.3,-597.2,2059.1,0,1.0000000000,0.0000052723,-0.0000004204,-0.0000052723,1.0000000000,-0.0000228075,0.0000004202,0.0000228075,1.0000000000,0,148.6,-199.7,2070.5,1,0.9999994040,0.0006309145,-0.0008702558,-0.0006368395,0.9999765158,-0.0068248687,0.0008659295,0.0068254191,0.9999763370,0,148.6,-581.1,2070.5,0,-79.9,-322.7,2044.3,1,220.3,-344.6,2001.0,1,-26.2,-964.0,2057.7,0,148.4,-947.9,2068.0,0,
8,0.9941949248,-0.0714114755,-0.0804695860,0.0857620537,0.9776424170,0.1919917762,0.0649600774,-0.1977782547,0.9780915380,1,17.4,357.0,1949.2,1,0.9941949248,-0.0714114755,-0.0804695860,0.0857620537,0.9776424170,0.1919917762,0.0649600774,-0.1977782547,0.9780915380,1,31.4,165.2,1988.0,1,0.9936745763,-0.0781403258,-0.0806442052,0.0925619006,0.9765709043,0.1942735463,0.0635742024,-0.2005090266,0.9776264429,1,46.3,-21.1,2026.2,1,0.1899617910,-0.5805384517,-0.7917636633,0.9692540169,-0.0175769478,0.2454335541,-0.1564003825,-0.8140431046,0.5593503118,1,-95.5,153.4,1979.9,1,-0.2551127374,-0.5378354788,-0.8035237193,0.9614093304,-0.2296232283,-0.1515427977,-0.1030026153,-0.8111757040,0.5756599307,1,-141.9,-83.4,2018.1,1,0.2722690701,0.8249039054,0.4953816831,-0.9620342851,0.2232249975,0.1570365131,0.0189584587,-0.5193303227,0.8543632030,1,158.3,177.0,1996.1,1,-0.0430068895,0.8423880935,0.5371525288,-0.9990745187,-0.0359128453,-0.0236702655,-0.0006488751,-0.5376734138,0.8431530595,1,229.4,-74.2,2001.0,1,0.9451265335,-0.3167414963,0.0800668001,0.0060503110,-0.2280627787,-0.9736276269,0.3266485333,0.9206857681,-0.2136317939,1,-26.6,-215.5,2058.8,1,0.9451265335,-0.1267558336,-0.3011126518,0.0060503110,0.9282993674,-0.3717845976,0.3266485631,0.3495616615,0.8781272173,1,198.5,-53.4,1404.3,1,1.0000000000,0.0000042179,-0.0000003363,-0.0000042179,1.0000000000,-0.0000182460,0.0000003362,0.0000182460,1.0000000000,0,149.1,-199.1,2070.1,1,0.9999995232,0.0005680907,-0.0007830369,-0.0005728899,0.9999809861,-0.0061424165,0.0007795325,0.0061428626,0.9999808073,0,149.1,-580.5,2070.1,0,-78.3,-323.2,2043.8,1,217.6,-348.2,2000.9,1,243.0,-378.8,1281.8,1,148.9,-947.3,2067.8,0,
9,0.9941740632,-0.0774143934,-0.0749906525,0.0906111971,0.9770857692,0.1925972104,0.0583625175,-0.1982698739,0.9784078598,1,16.0,358.5,1948.8,1,0.9941740632,-0.0774143934,-0.0749906525,0.0906111971,0.9770857692,0.1925972104,0.0583625175,-0.1982698739,0.9784078598,1,31.2,166.2,1987.8,1,0.9939702153,-0.0798761919,-0.0751110017,0.0931431130,0.9765517712,0.1940919012,0.0578464679,-0.1999173909,0.9781032205,1,46.4,-20.1,2025.9,1,0.1865048558,-0.5848047137,-0.7894424200,0.9704321623,-0.0156615451,0.2408652604,-0.1532230377,-0.8110228181,0.5645923615,1,-95.7,154.3,1980.4,1,-0.2512515187,-0.5427376032,-0.8014415503,0.9621345997,-0.2304498106,-0.1455676854,-0.1056870073,-0.8076687455,0.5800874829,1,-141.4,-83.1,2017.9,1,0.2689826787,0.8241291642,0.4984568954,-0.9627562761,0.2153635770,0.1634590775,0.0273619518,-0.5238601565,0.8513646126,1,158.1,178.1,1995.2,1,-0.0375944786,0.8394236565,0.5421758890,-0.9991868138,-0.0236616991,-0.0326493941,-0.0145778684,-0.5429624319,0.8396304846,1,228.5,-73.8,2002.3,1,0.9162745476,-0.3728775680,-0.1462989300,-0.2411582917,-0.2219172120,-0.9447727799,0.3198183179,0.9009523392,-0.2932595909,1,-26.0,-214.5,2058.9,1,0.9159080982,0.1484885514,-0.3729121089,-0.2435050607,0.9441189766,-0.2221365273,0.3190886676,0.2942626178,0.9008839726,1,251.6,-49.3,1388.1,1,0.9558291435,0.1649081260,-0.2433021218,-0.2336047739,-0.0761484504,-0.9693452716,-0.1783799827,0.9833649993,-0.0342615843,1,149.3,-198.1,2069.1,1,0.9817177653,-0.0743217692,-0.1752324402,-0.1449630260,0.3046754003,-0.9413599372,0.1233525500,0.9495520592,0.2883313596,1,87.0,-169.3,1697.1,1,-78.7,-323.1,2044.2,1,218.2,-347.9,1998.3,1,200.4,-375.2,1286.5,1,114.0,-280.3,1351.1,1,
10,0.9940592647,-0.0754629746,-0.0784226656,0.0895310715,0.9767035246,0.1950256824,0.0618784837,-0.2008881271,0.9776574373,1,16.9,359.8,1948.6,1,0.9940592647,-0.0754629746,-0.0784226656,0.0895310715,0.9767035246,0.1950256824,0.0618784837,-0.2008881271,0.9776574373,1,31.7,167.9,1988.0,1,0.9935388565,-0.0821738541,-0.0782729611,0.0959794447,0.9764597416,0.1931707710,0.0605568178,-0.1994350255,0.9780376554,1,47.4,-18.3,2026.1,1,0.1875552535,-0.5827700496,-0.7906972170,0.9698475599,-0.0176667795,0.2430711538,-0.1556236595,-0.8124450445,0.5618846416,1,-95.2,155.7,1980.3,1,-0.2479647547,-0.5423170328,-0.8027487993,0.9633662701,-0.2254274935,-0.1452854127,-0.1021709070,-0.8093667626,0.5783480406,1,-141.2,-82.3,2018.5,1,0.2634646595,0.8253473043,0.4993877709,-0.9645265937,0.2164840847,0.1510731578,0.0165783148,-0.5214752555,0.8531053066,1,158.6,180.2,1995.8,1,-0.0280383509,0.8428292274,0.5374501348,-0.9995990992,-0.0215345416,-0.0183778405,-0.0039156401,-0.5377499461,0.8430953026,1,227.9,-73.5,2000.1,1,0.9401307106,-0.2883921564,-0.1816156507,-0.1506842673,0.1262480021,-0.9804875851,0.3056935072,0.9491530657,0.0752334595,0,-24.5,-213.0,2058.8,1,0.9316209555,0.1391548663,-0.3357354999,-0.2164172679,0.9545605183,-0.2048848271,0.2919691205,0.2635339499,0.9194040895,0,85.5,-261.1,1696.7,0,0.9692322016,0.1696029752,-0.1783922762,-0.2174545974,0.2503935695,-0.9434067607,-0.1153363436,0.9531723857,0.2795704603,0,150.6,-196.0,2069.4,1,0.9847925901,-0.0575223267,-0.1639352143,-0.1248823404,0.4216176271,-0.8981330395,0.1207806766,0.9049474001,0.4080224037,0,85.9,-291.6,1705.9,0,-79.4,-322.6,2044.0,1,220.2,-347.7,1999.0,1,34.5,-611.2,1600.1,0,107.0,-446.2,1374.0,0,
11,0.9940001965,-0.0785669535,-0.0760887712,0.0920763612,0.9765763879,0.1944763511,0.0590270944,-0.2003152966,0.9779512286,1,16.7,359.7,1948.4,1,0.9940001965,-0.0785669535,-0.0760887712,0.0920763612,0.9765763879,0.1944763511,0.0590270944,-0.2003152966,0.9779512286,1,32.1,168.0,1987.8,1,0.9936189651,-0.0833116844,-0.0760208964,0.0966754630,0.9762946367,0.1936575025,0.0580848716,-0.1997708976,0.9781190157,1,48.0,-18.2,2025.9,1,0.1899906844,-0.5845750570,-0.7887809873,0.9689810872,-0.0176846907,0.2465011626,-0.1580477804,-0.8111467957,0.5630822778,1,-94.8,155.6,1980.4,1,-0.2441071421,-0.5453583002,-0.8018704653,0.9644517303,-0.2228336036,-0.1420496553,-0.1012157202,-0.8080407381,0.5803669691,1,-141.1,-80.7,2018.9,1,0.2680138946,0.8227824569,0.5011959076,-0.9633022547,0.2209051698,0.1524781883,0.0147396214,-0.5236694217,0.8517939448,1,159.0,180.3,1995.2,1,-0.0391903706,0.8401336074,0.5409619212,-0.9992312193,-0.0323606506,-0.0221327431,-0.0010885812,-0.5414134264,0.8407558799,1,229.0,-71.1,1999.0,1,0.9589191079,-0.2149765342,-0.1850924194,-0.0863072127,0.4004521966,-0.9122439027,0.2702317238,0.8907429576,0.3654472828,0,-23.6,-212.9,2058.9,1,0.9444388747,0.1296346486,-0.3020432293,-0.1924139261,0.9630783200,-0.1883004159,0.2664810121,0.2359555513,0.9345120788,0,58.4,-365.7,1719.1,0,0.9792276621,0.1576829851,-0.1274725348,-0.1899891198,0.4939170480,-0.8484988213,-0.0708329231,0.8550919294,0.5136152506,0,151.4,-195.9,2069.1,1,0.9874152541,-0.0437416807,-0.1519794762,-0.1072053537,0.5213658214,-0.8465723991,0.1162674055,0.8522114754,0.5101152062,0,91.3,-384.3,1742.9,0,-80.2,-321.2,2044.1,1,218.2,-345.2,1998.7,1,10.9,-718.9,1632.6,0,107.3,-575.5,1430.4,0,
12,0.9943146706,-0.0762715861,-0.0742926300,0.0897309482,0.9758672118,0.1990782768,0.0573157258,-0.2046125978,0.9771630764,1,16.4,360.7,1947.9,1,0.9943146706,-0.0762715861,-0.0742926300,0.0897309482,0.9758672118,0.1990782768,0.0573157258,-0.2046125978,0.9771630764,1,31.3,169.5,1988.0,1,0.9937971234,-0.0829679593,-0.0740414634,0.0960751623,0.9758864045,0.1959998906,0.0559943579,-0.2018974572,0.9778042436,1,47.1,-16.6,2026.5,1,0.1860281825,-0.5857689977,-0.7888398767,0.9701926112,-0.0173921213,0.2417105287,-0.1553061306,-0.8102915883,0.5650732517,1,-95.6,157.2,1980.8,1,-0.2452692837,-0.5461614132,-0.8009685874,0.9641317725,-0.2238812894,-0.1425731331,-0.1014539450,-0.8072080612,0.5814827681,1,-141.2,-80.5,2018.9,1,0.2708326578,0.8208103180,0.5029114485,-0.9625211954,0.2231852263,0.1540816426,0.0142293973,-0.5257932544,0.8504933119,1,158.2,181.7,1995.1,1,-0.0381613933,0.8385931253,0.5434199572,-0.9992704988,-0.0312148407,-0.0220032427,-0.0014889993,-0.5438631773,0.8391725421,1,229.6,-72.0,1998.9,1,0.9725236297,-0.1572995037,-0.1716236770,-0.0442099981,0.5990006924,-0.7995271087,0.2285679281,0.7851465344,0.5755881071,0,-25.1,-211.3,2060.0,1,0.9548809528,0.1201753840,-0.2715883255,-0.1711559743,0.9700173140,-0.1725456417,0.2427096516,0.2112444937,0.9468198419,0,34.9,-439.7,1760.6,0,0.9466147423,0.1497659087,0.2854659557,0.3023928702,-0.1056664512,-0.9473084211,-0.1117103323,0.9830589294,-0.1453135461,1,151.0,-194.2,2070.0,1,0.9458208084,-0.0398145616,0.3222390711,0.3186045587,0.3050437272,-0.8974628448,-0.0625649169,0.9515057802,0.3012017906,1,94.2,-154.2,1697.2,1,-80.0,-321.0,2044.2,1,219.1,-346.1,1998.5,1,-9.2,-795.5,1683.1,0,108.8,-265.6,1349.6,1,
13,0.9952966571,-0.0732737258,-0.0633571520,0.0846521705,0.9758861065,0.2011988908,0.0470867828,-0.2056156695,0.9774989486,1,15.7,361.8,1947.6,1,0.9952966571,-0.0732737258,-0.0633571520,0.0846521705,0.9758861065,0.2011988908,0.0470867828,-0.2056156695,0.9774989486,1,30.1,170.3,1988.0,1,0.9948365688,-0.0794721246,-0.0631103292,0.0905309990,0.9760035872,0.1980447471,0.0458568856,-0.2027353793,0.9781588316,1,45.3,-15.8,2026.6,1,0.1800391674,-0.5932314992,-0.7846415043,0.9726631045,-0.0115742460,0.2319322228,-0.1466711313,-0.8049486876,0.5749305487,1,-96.9,158.8,1982.1,1,-0.2480704486,-0.5519706011,-0.7961089015,0.9632903337,-0.2276123464,-0.1423530281,-0.1026295349,-0.8021976352,0.5881718397,1,-141.0,-79.5,2018.0,1,0.2735575438,0.8159447312,0.5093136430,-0.9616279602,0.2204852998,0.1632722169,0.0209249295,-0.5344345570,0.8449507356,1,157.1,181.9,1993.8,1,-0.0271927826,0.8335697651,0.5517445207,-0.9996009469,-0.0184456762,-0.0213978887,-0.0076593338,-0.5521062016,0.8337385654,1,228.3,-68.3,1999.3,1,0.9819157720,-0.1142653897,-0.1509464234,-0.0183627829,0.7360730171,-0.6766530275,0.1884256154,0.6671880484,0.7206634283,0,-28.5,-210.0,2061.2,1,0.9633783102,0.1109531596,-0.2441138774,-0.1523324698,0.9756640196,-0.1577164978,0.2206739932,0.1891271323,0.9568353295,0,15.1,-490.8,1806.7,0,0.9475339055,0.1536272168,0.2803182006,0.2965813279,-0.0953828543,-0.9502325058,-0.1192440316,0.9835144877,-0.1359414458,1,149.3,-193.9,2069.4,1,0.9467874169,-0.0419730991,0.3191108108,0.3164894879,0.3017601073,-0.8993192911,-0.0585476905,0.9524593949,0.2989867628,1,90.9,-157.6,1695.4,1,-79.2,-319.7,2043.6,1,220.8,-342.5,1997.2,1,-25.6,-848.6,1737.4,0,106.2,-268.0,1346.8,1,
14,0.9956312180,-0.0713867769,-0.0601744354,0.0821588337,0.9760423899,0.2014737576,0.0443502516,-0.2055372298,0.9776434302,1,15.6,362.5,1947.5,1,0.9956312180,-0.0713867769,-0.0601744354,0.0821588337,0.9760423899,0.2014737576,0.0443502516,-0.2055372298,0.9776434302,1,29.6,171.2,1987.8,1,0.9952666163,-0.0764220282,-0.0600217022,0.0869741216,0.9760395288,0.1994566172,0.0433406867,-0.2037326396,0.9780663252,1,44.2,-14.9,2026.6,1,0.1777900904,-0.5956571698,-0.7833156586,0.9729782939,-0.0127634928,0.2305438071,-0.1473228931,-0.8031375408,0.5772922039,1,-97.5,160.1,1982.2,1,-0.2503974140,-0.5538359880,-0.7940823436,0.9626809359,-0.2294386029,-0.1435385793,-0.1026963070,-0.8003896475,0.5906181931,1,-141.2,-79.0,2018.4,1,0.2710551620,0.8145874739,0.5128121972,-0.9624128938,0.2199142128,0.1593713909,0.0170472413,-0.5367355347,0.8435782790,1,156.7,182.3,1993.3,1,-0.0171967354,0.8336271644,0.5520596504,-0.9998513460,-0.0136661250,-0.0105092349,-0.0012162668,-0.5521582961,0.8337383270,1,227.0,-67.4,1997.7,1,0.9882177711,-0.0829952359,-0.1285977066,-0.0034144446,0.8280467391,-0.5606486201,0.1530160904,0.5544820428,0.8180071115,0,-29.5,-208.8,2061.6,1,0.9702869654,0.1020892411,-0.2193648368,-0.1356623620,0.9802550077,-0.1438604593,0.2003468722,0.1693454981,0.9649783373,0,2.1,-524.6,1850.1,0,0.9631932378,0.0871534571,0.2542892396,0.2286826670,0.2315527797,-0.9455620646,-0.1412903965,0.9689105153,0.2030996084,0,147.0,-193.4,2069.3,1,0.9557100534,-0.0569104776,0.2887549400,0.2853963971,0.4188399315,-0.8620452285,-0.0718826801,0.9062749743,0.4165316224,0,113.8,-281.7,1699.8,0,-78.7,-319.1,2044.0,1,222.3,-341.6,1997.4,1,-35.3,-884.2,1788.0,0,134.6,-435.3,1367.4,0,
15,0.9958834052,-0.0710480735,-0.0562762097,0.0809947029,0.9762859941,0.2007634789,0.0406778380,-0.2044949085,0.9780216217,1,15.5,361.8,1948.4,1,0.9958834052,-0.0710480735,-0.0562762097,0.0809947029,0.9762859941,0.2007634789,0.0406778380,-0.2044949085,0.9780216217,1,29.4,170.8,1988.4,1,0.9954323173,-0.0773389339,-0.0559625737,0.0869315267,0.9766154885,0.1966356933,0.0394463390,-0.2006022334,0.9788779020,1,44.2,-15.4,2026.7,1,0.1785296798,-0.5987341404,-0.7807974815,0.9732677937,-0.0090715215,0.2294943482,-0.1444891095,-0.8008966446,0.5811090469,1,-97.7,159.7,1983.4,1,-0.2513794303,-0.5567116141,-0.7917578816,0.9628861547,-0.2269025892,-0.1461690217,-0.0982779115,-0.7991165519,0.5930886269,1,-141.3,-78.1,2018.7,1,0.2689056098,0.8135680556,0.5155548453,-0.9629988074,0.2171106339,0.1596755087,0.0179744605,-0.5394163728,0.8418473005,1,156.5,181.9,1993.5,1,-0.0113424677,0.8322712183,0.5542527437,-0.9999283552,-0.0073104668,-0.0094854981,-0.0038426605,-0.5543206334,0.8322943449,1,225.9,-66.3,1998.1,1,0.9923730493,-0.0605447739,-0.1073779315,0.0046095196,0.8886901140,-0.4584851265,0.1231845766,0.4544933438,0.8821912408,0,-28.6,-209.3,2061.5,1,0.9758999944,0.0936628953,-0.1970951259,-0.1208938286,0.9839849472,-0.1309895217,0.1816697717,0.1516602635,0.9715941548,0,-5.5,-548.3,1888.1,0,0.9480333924,0.1368642151,0.2872297764,0.2931161523,-0.0245554447,-0.9557614923,-0.1237564906,0.9902853966,-0.0633964986,1,146.4,-194.0,2068.4,1,0.9485642314,-0.0356006324,0.3145766854,0.3142015934,0.2275570929,-0.9216806293,-0.0387717448,0.9731137156,0.2270383090,1,94.5,-184.7,1692.5,1,-78.6,-318.3,2043.2,1,222.8,-340.6,1997.0,1,-39.8,-909.2,1832.5,0,107.5,-267.9,1336.8,1,
16,0.9960709810,-0.0703197047,-0.0538168773,0.0796937943,0.9768248796,0.1986517757,0.0386005491,-0.2021599561,0.9785910845,1,14.7,360.8,1948.4,1,0.9960709810,-0.0703197047,-0.0538168773,0.0796937943,0.9768248796,0.1986517757,0.0386005491,-0.2021599561,0.9785910845,1,28.4,169.2,1988.0,1,0.9955048561,-0.0780868828,-0.0535825044,0.0871466175,0.9768109918,0.1955664158,0.0370688289,-0.1993566602,0.9792252183,1,43.3,-17.0,2026.0,1,0.1752469540,-0.6021935344,-0.7788782716,0.9726704359,-0.0164950565,0.2316032797,-0.1523176432,-0.7981796265,0.5828452110,1,-98.7,158.1,1983.3,1,-0.2466863394,-0.5635550618,-0.7883853912,0.9650903344,-0.2167477906,-0.1470413655,-0.0880148858,-0.7971362472,0.5973501801,1,-141.2,-78.0,2020.3,1,0.2776724100,0.8105912209,0.5155966878,-0.9604817033,0.2234569192,0.1659573764,0.0193099454,-0.5413029790,0.8406059146,1,155.6,180.4,1992.7,1,-0.0142466975,0.8296916485,0.5580402017,-0.9998631477,-0.0071263299,-0.0149309896,-0.0084113376,-0.5581765771,0.8296796083,1,226.7,-65.7,1997.7,1,0.9950831532,-0.0444772765,-0.0884946808,0.0084174629,0.9282417893,-0.3718821108,0.0986847654,0.3693087399,0.9240521193,0,-29.8,-211.0,2060.8,1,0.9804576635,0.0857217759,-0.1770722419,-0.1078029424,0.9870136380,-0.1190906465,0.1645640582,0.1358522475,0.9769661427,0,-12.9,-565.1,1919.9,0,0.9472217560,0.1468574852,0.2849627435,0.2935933769,-0.0404283665,-0.9550751448,-0.1287393570,0.9883310795,-0.0814110264,1,146.3,-195.6,2067.3,1,0.9473942518,-0.0431282744,0.3171496689,0.3178862631,0.2423036695,-0.9166445732,-0.0373132266,0.9692413211,0.2432669997,1,90.4,-180.2,1691.3,1,-79.7,-318.7,2042.2,1,222.8,-340.0,1995.4,1,-44.3,-927.1,1870.1,0,106.2,-268.9,1336.5,1,
17,0.9967410564,-0.0627358705,-0.0506961830,0.0723399520,0.9733008742,0.2178367078,0.0356764793,-0.2207939625,0.9746673703,1,15.7,365.5,1943.4,1,0.9967410564,-0.0627358705,-0.0506961830,0.0723399520,0.9733008742,0.2178367078,0.0356764793,-0.2207939625,0.9746673703,1,28.0,174.7,1986.6,1,0.9963849187,-0.0687793195,-0.0498509295,0.0776174515,0.9756143689,0.2053109556,0.0345141552,-0.2084378451,0.9774260521,1,41.1,-11.4,2026.4,1,0.1674153060,-0.6042118073,-0.7790378928,0.9741105437,-0.0203898549,0.2251505554,-0.1519231051,-0.7965626717,0.5851556063,1,-99.2,164.8,1982.2,1,-0.2494656444,-0.5647901297,-0.7866250873,0.9639514089,-0.2224585414,-0.1459785998,-0.0925442055,-0.7946850061,0.5999260545,1,-141.4,-80.4,2020.5,1,0.2674400210,0.8110025525,0.5203370452,-0.9633373618,0.2130579352,0.1630566567,0.0213774275,-0.5448679924,0.8382492661,1,155.2,184.6,1991.1,1,-0.0092831589,0.8282718062,0.5602496862,-0.9998854399,-0.0009903014,-0.0151037266,-0.0119551737,-0.5603256822,0.8281861544,1,225.5,-68.7,1996.7,1,0.9968385696,-0.0329496637,-0.0722995028,0.0097638713,0.9538608193,-0.3000903428,0.0788515434,0.2984357178,0.9511669278,0,-35.2,-204.4,2063.0,1,0.9841566682,0.0782899484,-0.1590795666,-0.0961915180,0.9894717336,-0.1081335247,0.1489389688,0.1217224300,0.9813260436,0,-22.6,-568.2,1949.2,0,0.9512469769,0.1400768012,0.2747867107,0.2826125026,-0.0390343666,-0.9584396482,-0.1235290319,0.9893709421,-0.0767187700,1,143.7,-190.4,2069.2,1,0.9516792297,-0.0376447439,0.3047774136,0.3048026562,0.2367876023,-0.9225111604,-0.0374398194,0.9708318114,0.2368200868,1,90.3,-175.6,1692.4,1,-79.2,-320.8,2043.6,1,223.0,-343.0,1993.4,1,-51.4,-931.1,1904.6,0,104.1,-262.3,1336.6,1,
18,0.9969242215,-0.0587413125,-0.0518663563,0.0689726174,0.9719197750,0.2249783427,0.0371944308,-0.2278635651,0.9729819894,1,17.2,367.8,1940.9,1,0.9969242215,-0.0587413125,-0.0518663563,0.0689726174,0.9719197750,0.2249783427,0.0371944308,-0.2278635651,0.9729819894,1,28.7,177.6,1985.4,1,0.9966609478,-0.0638048351,-0.0509356894,0.0731549785,0.9749193192,0.2101931870,0.0362468623,-0.2132173628,0.9763317704,1,40.9,-8.3,2026.1,1,0.1754615009,-0.6014532447,-0.7794018984,0.9729765654,-0.0147621483,0.2304314226,-0.1500993520,-0.7987716198,0.5826097131,1,-98.6,168.2,1980.8,1,-0.2572358251,-0.5587853789,-0.7884089947,0.9617260098,-0.2277402729,-0.1523732692,-0.0944085345,-0.7974293232,0.5959812999,1,-142.6,-75.7,2018.4,1,0.2597771585,0.8139384985,0.5196343660,-0.9652832747,0.2036734819,0.1635397226,0.0272755269,-0.5440782309,0.8385909796,1,156.0,186.9,1990.1,1,-0.0102912178,0.8287396431,0.5595396757,-0.9997205138,0.0033822358,-0.0233966168,-0.0212821998,-0.5596240759,0.8284732699,1,223.8,-65.3,1997.2,1,0.9979706407,-0.0246292390,-0.0587195046,0.0097461641,0.9703830481,-0.2413748354,0.0629252866,0.2403127104,0.9686537981,0,-35.6,-200.8,2063.5,1,0.9871577024,0.0713741407,-0.1429173797,-0.0858848020,0.9914659858,-0.0980763361,0.1346976012,0.1090912446,0.9848632812,0,-26.2,-570.9,1971.9,0,0.9660222530,0.0779762268,0.2464156598,0.2166109681,0.2758598924,-0.9364726543,-0.1409987956,0.9580297470,0.2495962977,0,141.6,-187.7,2070.0,1,0.9596691728,-0.0531199723,0.2760675848,0.2761032581,0.3629850149,-0.8899487257,-0.0529343262,0.9302794933,0.3630121350,0,111.9,-293.0,1704.6,0,-78.4,-315.5,2042.0,1,221.0,-339.6,1991.4,1,-52.4,-934.5,1931.9,0,131.4,-426.1,1363.4,0,
19,0.9966085553,-0.0635248348,-0.0522935092,0.0737385377,0.9715394974,0.2251093835,0.0365051888,-0.2282018065,0.9729288220,1,15.3,369.6,1940.1,1,0.9966085553,-0.0635248348,-0.0522935092,0.0737385377,0.9715394974,0.2251093835,0.0365051888,-0.2282018065,0.9729288220,1,27.7,178.9,1984.9,1,0.9964750409,-0.0663793981,-0.0512819365,0.0757384896,0.9747737050,0.2099532783,0.0360517278,-0.2130970359,0.9763652682,1,40.4,-7.0,2025.5,1,0.1751993001,-0.6020340323,-0.7790123224,0.9722504616,-0.0187980309,0.2331858426,-0.1550297141,-0.7982490659,0.5820344687,1,-99.5,169.2,1980.3,1,-0.2564193904,-0.5609951615,-0.7871045470,0.9626659751,-0.2213014960,-0.1558842212,-0.0867371187,-0.7976904511,0.5967969298,1,-142.7,-70.6,2018.5,1,0.2597551048,0.8142986894,0.5190808177,-0.9652032256,0.2021380663,0.1659003645,0.0301664621,-0.5441119075,0.8384701014,1,155.0,188.6,1989.5,1,-0.0081330901,0.8278927207,0.5608273149,-0.9993870854,0.0123658543,-0.0327475257,-0.0340465531,-0.5607498884,0.8272848129,1,223.2,-64.9,1997.4,1,0.9986987710,-0.0185743421,-0.0474953912,0.0090310397,0.9810090661,-0.1937516183,0.0501922183,0.1930705756,0.9799002409,0,-34.8,-199.6,2063.0,1,0.9895917177,0.0649686083,-0.1284029931,-0.0767290667,0.9930834770,-0.0888702199,0.1217411086,0.0977974758,0.9877321124,0,-27.7,-573.8,1989.3,0,0.9541380405,0.1201587170,0.2741937041,0.2796357274,-0.0307163764,-0.9596146345,-0.1068838239,0.9922792912,-0.0629083514,1,140.9,-186.2,2069.3,1,0.9540445209,-0.0333039165,0.2978082299,0.2965648174,0.2475071996,-0.9223824143,-0.0429907367,0.9683135152,0.2460096478,1,95.0,-174.5,1690.1,1,-78.8,-310.7,2040.2,1,221.0,-339.1,1988.1,1,-51.5,-938.0,1953.5,0,107.2,-265.2,1335.1,1,
20,0.9958218932,-0.0694073364,-0.0593289882,0.0818781629,0.9663684368,0.2437796444,0.0404135808,-0.2476186901,0.9680138826,1,14.2,365.8,1933.7,1,0.9958218932,-0.0694073364,-0.0593289882,0.0818781629,0.9663684368,0.2437796444,0.0404135808,-0.2476186901,0.9680138826,1,27.9,175.6,1982.5,1,0.9955627322,-0.0741969272,-0.0578633621,0.0853739232,0.9708408713,0.2240084559,0.0395553932,-0.2279543281,0.9728676081,1,42.0,-9.5,2025.9,1,0.1806231290,-0.5962988138,-0.7821782827,0.9693620205,-0.0266742259,0.2441835105,-0.1664703488,-0.8023191094,0.5732115507,1,-99.2,164.7,1977.4,1,-0.2595107257,-0.5565834641,-0.7892205119,0.9626069665,-0.2148536593,-0.1650018692,-0.0777295828,-0.8025289178,0.5915280581,1,-143.3,-71.6,2018.0,1,0.2606928647,0.8155227304,0.5166833401,-0.9647192955,0.1996440142,0.1716355085,0.0368199348,-0.5431985259,0.8387964964,1,155.0,186.5,1987.5,1,-0.0128754657,0.8279157877,0.5607046485,-0.9991028309,0.0119742388,-0.0406231247,-0.0403465368,-0.5607246161,0.8270187378,1,222.8,-64.2,1997.1,1,0.9991661906,-0.0141266715,-0.0383063592,0.0080115236,0.9878309965,-0.1553246379,0.0400344320,0.1548882425,0.9871205091,0,-30.0,-202.1,2066.0,1,0.9915653467,0.0590587780,-0.1153701842,-0.0685892329,0.9943949580,-0.0804623365,0.1099715233,0.0876968205,0.9900583625,0,-24.6,-578.8,2006.9,0,0.9508487582,0.1242978200,0.2836134434,0.2868404090,-0.0085039837,-0.9579406977,-0.1166580990,0.9922084212,-0.0437396467,1,142.4,-187.3,2072.8,1,0.9511747956,-0.0360045135,0.3065453470,0.3066021204,0.2245066613,-0.9249820709,-0.0355179459,0.9738071561,0.2245841324,1,94.9,-184.0,1694.1,1,-78.6,-311.7,2037.4,1,219.2,-338.3,1986.0,1,-46.3,-943.5,1974.7,0,108.1,-266.3,1337.1,1,
21,0.9945179820,-0.0733778626,-0.0744863376,0.0898212940,0.9642295241,0.2493878007,0.0535223968,-0.2547109723,0.9655345082,1,14.3,364.0,1931.0,1,0.9945179820,-0.0733778626,-0.0744863376,0.0898212940,0.9642295241,0.2493878007,0.0535223968,-0.2547109723,0.9655345082,1,28.7,174.5,1981.1,1,0.9939869642,-0.0818772838,-0.0726947561,0.0964335501,0.9690906405,0.2270780355,0.0518552959,-0.2327226698,0.9711592793,1,44.3,-10.3,2025.5,1,0.1801972091,-0.5866657495,-0.7895266414,0.9669415951,-0.0415788814,0.2515850961,-0.1804239601,-0.8087610602,0.5597791672,1,-98.2,162.2,1974.5,1,-0.2447324246,-0.5546161532,-0.7953031659,0.9672269821,-0.1968872696,-0.1603350788,-0.0676606297,-0.8084778786,0.5846244097,1,-142.2,-74.1,2018.6,1,0.2590095699,0.8212752938,0.5083512664,-0.9653279185,0.2024006099,0.1648516655,0.0324979872,-0.5334238410,0.8452236056,1,155.6,186.8,1987.7,1,-0.0270585548,0.8324684501,0.5534114242,-0.9984333515,0.0046185572,-0.0557649545,-0.0489785261,-0.5540533066,0.8310391307,1,223.6,-66.4,1996.3,1,0.9994659424,-0.0108274650,-0.0308317877,0.0069107194,0.9922057390,-0.1244184896,0.0319386162,0.1241389737,0.9917507172,0,-25.7,-203.4,2065.4,1,0.9931653142,0.0536240898,-0.1036683545,-0.0613466986,0.9954581857,-0.0727982298,0.0992937759,0.0786603913,0.9919441938,0,-21.6,-581.9,2018.1,0,0.9463697076,0.1410745829,0.2906582952,0.2971200645,-0.0266631059,-0.9544677734,-0.1269012839,0.9896398187,-0.0671492592,1,145.6,-186.8,2074.3,1,0.9463138580,-0.0426205099,0.3204276264,0.3205389678,0.2518322766,-0.9131458998,-0.0417752750,0.9668320417,0.2519738376,1,91.8,-176.6,1696.9,1,-81.2,-315.3,2035.5,1,216.1,-340.2,1982.8,1,-41.3,-947.0,1989.2,0,107.4,-268.9,1342.5,1,
22,0.9947298765,-0.0742548034,-0.0706910789,0.0896122307,0.9646959901,0.2476525903,0.0498060137,-0.2526820898,0.9662660956,1,12.5,361.3,1931.2,1,0.9947298765,-0.0742548034,-0.0706910789,0.0896122307,0.9646959901,0.2476525903,0.0498060137,-0.2526820898,0.9662660956,1,27.0,172.1,1980.7,1,0.9943702817,-0.0804324523,-0.0689701065,0.0941085294,0.9695400596,0.2261333019,0.0486808382,-0.2313507497,0.9716512561,1,42.4,-12.8,2024.9,1,0.1712731719,-0.5904415250,-0.7886978388,0.9687420130,-0.0448878258,0.2439756989,-0.1794563234,-0.8058312535,0.5642973185,1,-100.0,160.1,1974.5,1,-0.2439747602,-0.5596615672,-0.7919944525,0.9677527547,-0.1933014840,-0.1615211368,-0.0626965240,-0.8058618903,0.5887747407,1,-141.6,-75.5,2018.2,1,0.2668026090,0.8176618814,0.5101423860,-0.9632766247,0.2096393406,0.1677778363,0.0302396156,-0.5361717939,0.8435669541,1,154.0,184.1,1987.0,1,-0.0229956415,0.8299034238,0.5574328899,-0.9983752966,0.0100127738,-0.0560927019,-0.0521329753,-0.5578171015,0.8283249140,1,223.6,-67.3,1994.9,1,0.9996580482,-0.0083563356,-0.0247788504,0.0058483682,0.9950091839,-0.0996116698,0.0254875720,0.0994326919,0.9947178364,0,-31.1,-206.1,2064.6,1,0.9944621921,0.0486401804,-0.0931616127,-0.0548974238,0.9963200092,-0.0658235624,0.0896171033,0.0705733821,0.9934727550,0,-27.9,-585.6,2026.7,0,0.9537223577,0.1369793266,0.2676761746,0.2883359194,-0.1640809029,-0.9433662891,-0.0853011310,0.9768900871,-0.1959836483,1,146.5,-189.3,2073.3,1,0.9537222385,-0.0268756337,0.2994855046,0.2883358896,0.3642919362,-0.8855245709,-0.0853011236,0.9308969378,0.3551825285,1,94.7,-127.3,1704.3,1,-80.8,-316.8,2033.8,1,217.3,-341.2,1980.6,1,-45.8,-951.0,2000.8,0,104.5,-259.9,1365.4,1,
23,0.9945957661,-0.0777169243,-0.0688312277,0.0925506130,0.9641404152,0.2487331927,0.0470321961,-0.2537592351,0.9661228657,1,9.5,360.4,1930.3,1,0.9945957661,-0.0777169243,-0.0688312277,0.0925506130,0.9641404152,0.2487331927,0.0470321961,-0.2537592351,0.9661228657,1,24.7,171.2,1980.1,1,0.9942182302,-0.0839010105,-0.0670013502,0.0970668793,0.9690820575,0.2268447429,0.0458973125,-0.2320366353,0.9716231823,1,40.7,-13.6,2024.3,1,0.1623084992,-0.5918000340,-0.7895750999,0.9716953039,-0.0433383510,0.2322287261,-0.1716518402,-0.8049191236,0.5680150390,1,-102.2,158.8,1974.2,1,-0.2442951500,-0.5603255033,-0.7914261222,0.9674836993,-0.1960000396,-0.1598730832,-0.0655385703,-0.8047481179,0.5899875760,1,-142.0,-79.6,2016.3,1,0.2677832246,0.8161455393,0.5120529532,-0.9629753828,0.2095332146,0.1696290076,0.0311498735,-0.5385181904,0.8420377970,1,151.7,183.6,1985.9,1,-0.0031278278,0.8302714229,0.5573503971,-0.9989484549,0.0228998885,-0.0397194661,-0.0457412042,-0.5568885207,0.8293266892,1,221.3,-66.8,1994.0,1,0.9997810721,-0.0064883041,-0.0198925138,0.0048826966,0.9968048930,-0.0797257572,0.0203462392,0.0796111673,0.9966183305,0,-31.4,-207.0,2064.5,1,0.9955132604,0.0440803990,-0.0837274268,-0.0491500348,0.9970184565,-0.0594851524,0.0808556601,0.0633334666,0.9947116375,0,-28.9,-587.2,2034.1,0,0.9673030972,0.0738335326,0.2426383197,0.2266672254,0.1775341034,-0.9576551914,-0.1137836576,0.9813410044,0.1549936533,0,144.9,-189.8,2072.6,1,0.9615885019,-0.0410130844,0.2714139819,0.2580307126,0.4723485708,-0.8427972198,-0.0936363190,0.8804572225,0.4647876024,0,116.7,-257.5,1698.3,0,-81.1,-320.9,2032.7,1,220.5,-340.8,1981.5,1,-45.1,-952.9,2010.9,0,131.8,-430.7,1375.4,0,
