1,0.9958954453,-0.0788494647,0.0444079079,0.0661943778,0.9693359733,0.2366493493,-0.0617063418,-0.2327384502,0.9705797434,1,-19.5,359.4,1883.8,1,0.9958954453,-0.0788494647,0.0444079079,0.0661943778,0.9693359733,0.2366493493,-0.0617063418,-0.2327384502,0.9705797434,1,-4.7,177.3,1927.5,1,0.9957297444,-0.0805198029,0.0451209731,0.0682122558,0.9712750316,0.2279664725,-0.0621811748,-0.2239151895,0.9726229310,1,9.7,4.0,1967.5,1,0.2468527555,-0.7440563440,-0.6208413839,0.9481055737,0.0529517755,0.3135154843,-0.2003985047,-0.6660153270,0.7185152173,1,-130.1,168.7,1935.3,1,-0.0966555104,-0.7382699847,-0.6675441265,0.9952867031,-0.0663794950,-0.0706978813,0.0078828866,-0.6712310910,0.7412062287,1,-184.3,-39.4,1979.3,1,-0.0000005960,1.0000001192,0.0000000000,-1.0000001192,-0.0000005960,0.0000000000,0.0000000000,-0.0000000000,1.0000000000,0,120.8,185.9,1919.7,1,0.0000197291,0.9999990463,0.0000000000,-0.9999990463,0.0000197291,-0.0000000000,-0.0000000000,-0.0000000000,1.0000000000,0,120.8,-47.6,1919.7,0,1.0000000000,0.0000000000,-0.0000000000,-0.0000000000,1.0000000000,-0.0000000000,0.0000000000,0.0000000000,1.0000000000,0,-58.0,-175.0,2012.5,1,1.0000000000,0.0000029422,-0.0000017825,-0.0000029422,1.0000000000,0.0000061779,0.0000017826,-0.0000061779,1.0000000000,0,-58.0,-532.1,2012.5,0,0.8915549517,0.4490617812,0.0589344874,-0.4516223967,0.8912712932,0.0408987775,-0.0341605395,-0.0630796477,0.9974237084,0,106.1,-163.7,2002.3,1,0.8636206985,0.4996180236,0.0673877820,-0.5028359890,0.8632689714,0.0438484587,-0.0362662971,-0.0717534423,0.9967628717,0,-54.2,-482.0,2024.8,0,-160.6,-283.1,1977.4,1,120.8,-281.1,1919.7,0,-58.0,-875.5,2012.5,0,-225.8,-778.5,2049.5,0,
2,0.9957364202,-0.0781874508,0.0489179194,0.0647549927,0.9703522325,0.2328520715,-0.0656742230,-0.2286915779,0.9712811112,1,-20.2,365.1,1885.3,1,0.9957364202,-0.0781874508,0.0489179194,0.0647549927,0.9703522325,0.2328520715,-0.0656742230,-0.2286915779,0.9712811112,1,-5.5,182.7,1928.3,1,0.9955564141,-0.0801879466,0.0493403189,0.0669613034,0.9714308381,0.2276731730,-0.0661878511,-0.2233575732,0.9724867344,1,8.8,9.4,1968.1,1,0.2504255176,-0.7460296154,-0.6170306802,0.9470589757,0.0565079376,0.3160477281,-0.2009138316,-0.6635107994,0.7206850648,1,-130.9,174.3,1936.6,1,-0.1075384170,-0.7389008403,-0.6651775241,0.9936445951,-0.0574987084,-0.0967698470,0.0332564637,-0.6713565588,0.7403880954,1,-187.3,-39.1,1981.9,1,-0.0000005960,1.0000001192,0.0000000000,-1.0000001192,-0.0000005960,0.0000000000,0.0000000000,-0.0000000000,1.0000000000,0,119.9,191.2,1919.9,1,0.0000197291,0.9999990463,0.0000000000,-0.9999990463,0.0000197291,-0.0000000000,-0.0000000000,-0.0000000000,1.0000000000,0,119.9,-42.3,1919.9,0,1.0000000000,0.0000000000,-0.0000000000,-0.0000000000,1.0000000000,-0.0000000000,0.0000000000,0.0000000000,1.0000000000,0,-58.5,-169.5,2013.4,1,1.0000000000,0.0000026480,-0.0000016043,-0.0000026480,1.0000000000,0.0000055601,0.0000016043,-0.0000055601,1.0000000000,0,-58.5,-526.6,2013.4,0,0.8705154657,0.4822605252,0.0981196314,-0.4897910953,0.8684253693,0.0770842433,-0.0480348915,-0.1151611581,0.9921846986,1,104.8,-158.5,2002.5,1,0.9537705779,0.2917293310,0.0722192973,-0.2945143878,0.9551353455,0.0312683843,-0.0598572977,-0.0510924906,0.9968984723,0,-67.5,-468.6,2043.7,1,-161.0,-282.4,1973.7,1,119.9,-275.8,1919.9,0,-58.5,-870.0,2013.4,0,-167.6,-796.6,2061.2,0,
3,0.9957957268,-0.0817944333,0.0412007049,0.0700824037,0.9701481462,0.2321591526,-0.0589605905,-0.2282956094,0.9718048573,1,-20.5,365.1,1886.0,1,0.9957957268,-0.0817944333,0.0412007049,0.0700824037,0.9701481462,0.2321591526,-0.0589605905,-0.2282956094,0.9718048573,1,-5.1,182.8,1928.9,1,0.9957756400,-0.0818668157,0.0415415056,0.0703209043,0.9710893631,0.2281168550,-0.0590161867,-0.2242319435,0.9727471471,1,9.5,9.6,1968.9,1,0.2567436397,-0.7396641374,-0.6220767498,0.9459341764,0.0603037998,0.3187034726,-0.1982199550,-0.6702687144,0.7151562572,1,-130.6,174.0,1936.3,1,-0.1151489913,-0.7312011123,-0.6723731160,0.9929829240,-0.0663748682,-0.0978736430,0.0269366447,-0.6789250970,0.7337132692,1,-187.2,-34.8,1980.1,1,-0.0000005960,1.0000001192,0.0000000000,-1.0000001192,-0.0000005960,0.0000000000,0.0000000000,-0.0000000000,1.0000000000,0,120.3,191.7,1921.5,1,0.0000197291,0.9999990463,0.0000000000,-0.9999990463,0.0000197291,-0.0000000000,-0.0000000000,-0.0000000000,1.0000000000,0,120.3,-41.8,1921.5,0,1.0000000000,0.0000000000,-0.0000000000,-0.0000000000,1.0000000000,-0.0000000000,0.0000000000,0.0000000000,1.0000000000,0,-57.8,-169.5,2013.8,1,1.0000000000,0.0000023832,-0.0000014439,-0.0000023832,1.0000000000,0.0000050041,0.0000014439,-0.0000050041,1.0000000000,0,-57.8,-526.6,2013.8,0,0.8539041877,0.5136754513,0.0835775957,-0.5190669894,0.8522297144,0.0653763637,-0.0376450792,-0.0992075205,0.9943543673,1,105.9,-158.0,2004.1,1,0.9024688601,0.4250980020,0.0695819557,-0.4284263849,0.9025759697,0.0425147787,-0.0447300524,-0.0681790188,0.9966698289,1,-77.0,-461.4,2039.4,1,-159.0,-278.0,1973.5,1,120.3,-275.3,1921.5,0,-57.8,-870.0,2013.8,0,-218.2,-761.3,2062.1,1,
4,0.9961887002,-0.0751148909,0.0443047397,0.0626303703,0.9697551131,0.2359012812,-0.0606849268,-0.2322273254,0.9707664847,1,-19.8,361.8,1886.4,1,0.9961887002,-0.0751148909,0.0443047397,0.0626303703,0.9697551131,0.2359012812,-0.0606849268,-0.2322273254,0.9707664847,1,-5.7,179.8,1930.0,1,0.9958524108,-0.0791323632,0.0448674373,0.0668617040,0.9711681008,0.2288207859,-0.0616814345,-0.2248717993,0.9724340439,1,8.4,6.5,1970.2,1,0.2677600980,-0.7387484312,-0.6185106039,0.9435222745,0.0710480064,0.3236016035,-0.1951162219,-0.6702260971,0.7160493731,1,-131.2,171.4,1937.8,1,-0.1233508885,-0.7286817431,-0.6736524701,0.9921393991,-0.0761412978,-0.0993071795,0.0210705511,-0.6806067824,0.7323459387,1,-189.3,-33.5,1980.2,1,-0.0000005960,1.0000001192,0.0000000000,-1.0000001192,-0.0000005960,0.0000000000,0.0000000000,-0.0000000000,1.0000000000,0,119.7,188.3,1922.3,1,0.0000197291,0.9999990463,0.0000000000,-0.9999990463,0.0000197291,-0.0000000000,-0.0000000000,-0.0000000000,1.0000000000,0,119.7,-45.2,1922.3,0,1.0000000000,0.0000000000,-0.0000000000,-0.0000000000,1.0000000000,-0.0000000000,0.0000000000,0.0000000000,1.0000000000,0,-59.4,-172.3,2015.4,1,1.0000000000,0.0000021449,-0.0000012995,-0.0000021449,1.0000000000,0.0000045037,0.0000012995,-0.0000045037,1.0000000000,0,-59.4,-529.4,2015.4,0,0.9056289792,0.4191766381,0.0642422065,-0.4226593375,0.9045473337,0.0561532900,-0.0345719717,-0.0780066177,0.9963532090,0,104.5,-161.3,2005.2,1,0.9207463861,0.3852246702,0.0618713424,-0.3879293501,0.9208333492,0.0397079214,-0.0416767225,-0.0605626330,0.9972939491,0,-45.2,-484.3,2033.1,0,-159.1,-276.5,1975.0,1,119.7,-278.8,1922.3,0,-59.4,-872.8,2015.4,0,-177.5,-800.5,2053.9,0,
5,0.9961085916,-0.0736262873,0.0484133922,0.0610518381,0.9728295207,0.2233210057,-0.0635407642,-0.2194961905,0.9735419750,1,-19.9,364.3,1891.1,1,0.9961085916,-0.0736262873,0.0484133922,0.0610518381,0.9728295207,0.2233210057,-0.0635407642,-0.2194961905,0.9735419750,1,-6.1,181.9,1932.3,1,0.9960950017,-0.0734265149,0.0489921346,0.0612312891,0.9745459557,0.2156569064,-0.0635805055,-0.2118148655,0.9752394557,1,7.0,8.0,1970.1,1,0.2603015602,-0.7418355346,-0.6179991961,0.9489498138,0.0784630850,0.3055123389,-0.1781498045,-0.6659755707,0.7243887186,1,-131.5,174.2,1940.3,1,-0.1215934530,-0.7320031524,-0.6703628302,0.9924070835,-0.0770484582,-0.0958741456,0.0185297597,-0.6769304872,0.7358136177,1,-188.9,-34.9,1979.5,1,-0.0000005960,1.0000001192,0.0000000000,-1.0000001192,-0.0000005960,0.0000000000,0.0000000000,-0.0000000000,1.0000000000,0,119.4,189.6,1924.3,1,0.0000197291,0.9999990463,0.0000000000,-0.9999990463,0.0000197291,-0.0000000000,-0.0000000000,-0.0000000000,1.0000000000,0,119.4,-43.9,1924.3,0,1.0000000000,0.0000000000,-0.0000000000,-0.0000000000,1.0000000000,-0.0000000000,0.0000000000,0.0000000000,1.0000000000,0,-61.9,-171.0,2013.1,1,1.0000000000,0.0000019304,-0.0000011695,-0.0000019304,1.0000000000,0.0000040533,0.0000011695,-0.0000040533,1.0000000000,0,-61.9,-528.1,2013.1,0,0.8414065242,0.5318783522,0.0956069678,-0.5383085012,0.8404852748,0.0617141090,-0.0475318506,-0.1033926830,0.9935042858,1,102.2,-160.9,2002.6,1,0.8544771075,0.5112285614,0.0922722816,-0.5170857310,0.8540653586,0.0565211810,-0.0499113128,-0.0960087404,0.9941283464,1,-87.6,-460.7,2039.5,1,-159.1,-277.9,1975.0,1,119.4,-277.4,1924.3,0,-61.9,-871.5,2013.1,0,-261.4,-751.1,2072.2,1,
6,0.9961554408,-0.0866919085,0.0124817695,0.0824986324,0.9765790701,0.1987063289,-0.0294160228,-0.1969125420,0.9799796939,1,-20.6,362.6,1899.5,1,0.9961554408,-0.0866919085,0.0124817695,0.0824986324,0.9765790701,0.1987063289,-0.0294160228,-0.1969125420,0.9799796939,1,-4.3,179.4,1936.4,1,0.9958393574,-0.0902281851,0.0126401894,0.0859881192,0.9766323566,0.1969573498,-0.0301162787,-0.1950508505,0.9803306460,1,11.8,5.2,1971.2,1,0.2785410583,-0.7200683951,-0.6355442405,0.9434119463,0.0811354592,0.3215446770,-0.1799689829,-0.6891434193,0.7019206285,1,-129.8,168.6,1940.2,1,-0.1186336055,-0.7104480863,-0.6936782598,0.9928126931,-0.0737714916,-0.0942369848,0.0157768019,-0.6998722553,0.7140937448,1,-189.6,-34.2,1978.9,1,-0.0000005960,1.0000001192,0.0000000000,-1.0000001192,-0.0000005960,0.0000000000,0.0000000000,-0.0000000000,1.0000000000,0,121.1,190.3,1932.6,1,0.0000197291,0.9999990463,0.0000000000,-0.9999990463,0.0000197291,-0.0000000000,-0.0000000000,-0.0000000000,1.0000000000,0,121.1,-43.2,1932.6,0,1.0000000000,0.0000000000,-0.0000000000,-0.0000000000,1.0000000000,-0.0000000000,0.0000000000,0.0000000000,1.0000000000,0,-54.1,-176.2,2008.5,1,1.0000000000,0.0000017374,-0.0000010526,-0.0000017374,1.0000000000,0.0000036480,0.0000010526,-0.0000036480,1.0000000000,0,-54.1,-533.3,2008.5,0,0.8974739313,0.4348198175,0.0739752650,-0.4389767051,0.8968783617,0.0539319962,-0.0428961143,-0.0808759779,0.9958006740,0,109.8,-162.0,2003.6,1,0.8815532327,0.4649341106,0.0818550214,-0.4697015285,0.8812180758,0.0532470420,-0.0473757610,-0.0853875205,0.9952208400,0,-45.5,-482.3,2032.5,0,-160.6,-277.3,1975.1,1,121.1,-276.7,1932.6,0,-54.1,-876.7,2008.5,0,-205.1,-784.9,2061.8,0,
7,0.9958305359,-0.0905087665,-0.0112510715,0.0908086747,0.9724285603,0.2147863805,-0.0084994752,-0.2149124593,0.9765963554,1,-21.3,367.2,1893.2,1,0.9958305359,-0.0905087665,-0.0112510715,0.0908086747,0.9724285603,0.2147863805,-0.0084994752,-0.2149124593,0.9765963554,1,-4.3,184.7,1933.5,1,0.9955210686,-0.0938977897,-0.0108592426,0.0940736905,0.9730222821,0.2106526643,-0.0092138220,-0.2107306570,0.9775007367,1,12.4,11.1,1971.1,1,0.2581396103,-0.7116451859,-0.6533949375,0.9441375732,0.0424125195,0.3268109262,-0.2048613280,-0.7012575865,0.6828393340,1,-129.7,172.8,1934.7,1,-0.1225961894,-0.7025600076,-0.7009848952,0.9921519160,-0.0692580640,-0.1041051298,0.0245912354,-0.7082464099,0.7055370212,1,-187.9,-40.0,1980.8,1,-0.0000005960,1.0000001192,0.0000000000,-1.0000001192,-0.0000005960,0.0000000000,0.0000000000,-0.0000000000,1.0000000000,0,121.0,196.5,1932.3,1,0.0000197291,0.9999990463,0.0000000000,-0.9999990463,0.0000197291,-0.0000000000,-0.0000000000,-0.0000000000,1.0000000000,0,121.0,-37.0,1932.3,0,1.0000000000,0.0000000000,-0.0000000000,-0.0000000000,1.0000000000,-0.0000000000,0.0000000000,0.0000000000,1.0000000000,0,-52.8,-170.3,2009.4,1,1.0000000000,0.0000015636,-0.0000009473,-0.0000015636,1.0000000000,0.0000032832,0.0000009473,-0.0000032832,1.0000000000,0,-52.8,-527.4,2009.4,0,0.8490418792,0.5266062021,0.0425897799,-0.5283180475,0.8466992378,0.0630912408,-0.0028364956,-0.0760680512,0.9970986247,1,111.2,-154.8,2007.9,1,0.8522689939,0.5214483738,0.0415831730,-0.5230934620,0.8500537872,0.0614960752,-0.0032809079,-0.0741630942,0.9972406626,1,-76.7,-456.9,2035.1,1,-157.8,-283.0,1974.8,1,121.1,-270.5,1932.3,0,-52.8,-870.8,2009.4,0,-255.3,-748.0,2060.5,1,
8,0.9961013198,-0.0879060701,-0.0071849581,0.0872744992,0.9706136584,0.2242520303,-0.0127396025,-0.2240047604,0.9745048285,1,-21.3,365.3,1891.0,1,0.9961013198,-0.0879060701,-0.0071849581,0.0872744992,0.9706136584,0.2242520303,-0.0127396025,-0.2240047604,0.9745048285,1,-4.8,183.4,1933.0,1,0.9955736399,-0.0937389731,-0.0065698330,0.0929170996,0.9715867043,0.2176749259,-0.0140217664,-0.2173217982,0.9759992957,1,11.9,10.0,1971.8,1,0.2508154809,-0.7165847421,-0.6508439779,0.9434741139,0.0304660946,0.3300428689,-0.2166749835,-0.6968343258,0.6837205887,1,-130.2,171.7,1934.8,1,-0.1108691171,-0.7097650766,-0.6956590414,0.9934763908,-0.0603492223,-0.0967601687,0.0266945101,-0.7018485665,0.7118257880,1,-185.9,-37.8,1982.9,1,-0.0000005960,1.0000001192,0.0000000000,-1.0000001192,-0.0000005960,0.0000000000,0.0000000000,-0.0000000000,1.0000000000,0,120.6,195.1,1931.2,1,0.0000197291,0.9999990463,0.0000000000,-0.9999990463,0.0000197291,-0.0000000000,-0.0000000000,-0.0000000000,1.0000000000,0,120.6,-38.4,1931.2,0,1.0000000000,0.0000000000,-0.0000000000,-0.0000000000,1.0000000000,-0.0000000000,0.0000000000,0.0000000000,1.0000000000,0,-53.4,-171.0,2011.7,1,1.0000000000,0.0000014073,-0.0000008526,-0.0000014073,1.0000000000,0.0000029549,0.0000008526,-0.0000029549,1.0000000000,0,-53.4,-528.1,2011.7,0,0.9024643898,0.4296210408,0.0313663036,-0.4307270646,0.9009507895,0.0525537580,-0.0056812968,-0.0609382093,0.9981253743,0,110.7,-155.7,2009.4,1,0.8797496557,0.4740739465,0.0359793678,-0.4754130244,0.8779464960,0.0565016344,-0.0048020119,-0.0668123513,0.9977539778,0,-42.8,-477.4,2031.1,0,-158.7,-281.1,1976.3,1,120.6,-271.9,1931.2,0,-53.4,-871.5,2011.7,0,-205.6,-778.9,2054.1,0,
9,0.9959534407,-0.0893672407,-0.0093448143,0.0892785862,0.9724447131,0.2153538913,-0.0101585612,-0.2153166384,0.9764913917,1,-22.1,364.2,1894.4,1,0.9959534407,-0.0893672407,-0.0093448143,0.0892785862,0.9724447131,0.2153538913,-0.0101585612,-0.2153166384,0.9764913917,1,-5.4,182.2,1934.7,1,0.9952090979,-0.0973548442,-0.0088282321,0.0970331952,0.9728787541,0.2099719942,-0.0118532851,-0.2098225802,0.9776676297,1,12.0,8.6,1972.2,1,0.2575522363,-0.7131872773,-0.6519438028,0.9442371130,0.0425197333,0.3265094161,-0.2051419169,-0.6996827722,0.6843689084,1,-130.7,170.0,1936.2,1,-0.1199317649,-0.7045116425,-0.6994851828,0.9924679995,-0.0673595816,-0.1023221388,0.0249701142,-0.7064883709,0.7072839141,1,-187.4,-37.8,1981.4,1,-0.0000005960,1.0000001192,0.0000000000,-1.0000001192,-0.0000005960,0.0000000000,0.0000000000,-0.0000000000,1.0000000000,0,120.0,194.4,1933.2,1,0.0000197291,0.9999990463,0.0000000000,-0.9999990463,0.0000197291,-0.0000000000,-0.0000000000,-0.0000000000,1.0000000000,0,120.0,-39.1,1933.2,0,1.0000000000,0.0000000000,-0.0000000000,-0.0000000000,1.0000000000,-0.0000000000,0.0000000000,0.0000000000,1.0000000000,0,-52.6,-173.0,2010.6,1,1.0000000000,0.0000012665,-0.0000007673,-0.0000012665,1.0000000000,0.0000026594,0.0000007673,-0.0000026594,1.0000000000,0,-52.6,-530.2,2010.6,0,0.8367828131,0.5449920297,0.0527084135,-0.5475242138,0.8334829211,0.0743201673,-0.0034276620,-0.0910489708,0.9958404899,1,111.4,-157.0,2008.6,1,0.8376128078,0.5437402725,0.0524534732,-0.5462528467,0.8343508840,0.0739360675,-0.0035625845,-0.0905826539,0.9958825707,1,-83.2,-454.6,2041.1,1,-158.0,-280.9,1975.3,1,120.0,-272.6,1933.2,0,-52.6,-873.5,2010.6,0,-269.7,-740.8,2072.2,1,
10,0.9955260754,-0.0939400718,-0.0100104064,0.0939479321,0.9732825756,0.2095033526,-0.0099380957,-0.2095064074,0.9777566791,1,-23.4,361.8,1896.6,1,0.9955260754,-0.0939400718,-0.0100104064,0.0939479321,0.9732825756,0.2095033526,-0.0099380957,-0.2095064074,0.9777566791,1,-5.8,179.6,1935.8,1,0.9951592088,-0.0977910459,-0.0096007902,0.0976735875,0.9738022089,0.2053435892,-0.0107317846,-0.2052872032,0.9786428809,1,11.7,5.9,1972.5,1,0.2494527847,-0.7136717439,-0.6545577049,0.9479845166,0.0419494361,0.3155401349,-0.1977337748,-0.6992229223,0.6870141625,1,-131.1,167.3,1937.2,1,-0.1117279679,-0.7061899304,-0.6991513968,0.9934078455,-0.0612136051,-0.0969217867,0.0256476179,-0.7053713202,0.7083738446,1,-186.2,-42.0,1980.8,1,-0.0000005960,1.0000001192,0.0000000000,-1.0000001192,-0.0000005960,0.0000000000,0.0000000000,-0.0000000000,1.0000000000,0,119.6,191.9,1934.5,1,0.0000197291,0.9999990463,0.0000000000,-0.9999990463,0.0000197291,-0.0000000000,-0.0000000000,-0.0000000000,1.0000000000,0,119.6,-41.6,1934.5,0,1.0000000000,0.0000000000,-0.0000000000,-0.0000000000,1.0000000000,-0.0000000000,0.0000000000,0.0000000000,1.0000000000,0,-52.9,-176.0,2010.0,1,1.0000000000,0.0000011399,-0.0000006906,-0.0000011399,1.0000000000,0.0000023935,0.0000006906,-0.0000023935,1.0000000000,0,-52.9,-533.1,2010.0,0,0.8944534659,0.4454688430,0.0388653427,-0.4471063018,0.8923195601,0.0621435493,-0.0069972891,-0.0729614496,0.9973102212,0,111.1,-159.9,2008.2,1,0.8677489161,0.4949252605,0.0453961976,-0.4969715476,0.8650923371,0.0680776089,-0.0055785738,-0.0816348940,0.9966467023,0,-48.0,-478.5,2034.3,0,-158.9,-285.3,1974.6,1,119.6,-275.1,1934.5,0,-52.9,-876.5,2010.0,0,-217.9,-775.6,2062.3,0,
11,0.9952638745,-0.0966631547,-0.0101504549,0.0968195722,0.9768326879,0.1908425987,-0.0085324384,-0.1909213811,0.9815681577,1,-24.4,359.8,1902.8,1,0.9952638745,-0.0966631547,-0.0101504549,0.0968195722,0.9768326879,0.1908425987,-0.0085324384,-0.1909213811,0.9815681577,1,-6.4,177.4,1938.4,1,0.9949755669,-0.0995754078,-0.0102656456,0.0996893197,0.9763191938,0.1919891238,-0.0090951351,-0.1920477301,0.9813433886,1,11.4,3.2,1972.7,1,0.2373496145,-0.7153778076,-0.6571907401,0.9536955357,0.0429398417,0.2976928949,-0.1847432405,-0.6974171996,0.6924443245,1,-131.7,164.8,1939.6,1,-0.1021745801,-0.7087875605,-0.6979832649,0.9947146177,-0.0656321943,-0.0789635926,0.0101582371,-0.7023622394,0.7117472291,1,-184.0,-45.3,1980.3,1,-0.0000005960,1.0000001192,0.0000000000,-1.0000001192,-0.0000005960,0.0000000000,0.0000000000,-0.0000000000,1.0000000000,0,119.0,190.0,1937.3,1,0.0000197291,0.9999990463,0.0000000000,-0.9999990463,0.0000197291,-0.0000000000,-0.0000000000,-0.0000000000,1.0000000000,0,119.0,-43.6,1937.3,0,1.0000000000,0.0000000000,-0.0000000000,-0.0000000000,1.0000000000,-0.0000000000,0.0000000000,0.0000000000,1.0000000000,0,-52.8,-179.3,2007.7,1,1.0000000000,0.0000010259,-0.0000006215,-0.0000010259,1.0000000000,0.0000021541,0.0000006215,-0.0000021541,1.0000000000,0,-52.8,-536.4,2007.7,0,0.8286750913,0.5564689636,0.0603317991,-0.5596179962,0.8258383870,0.0694161206,-0.0111964010,-0.0912861601,0.9957618117,1,111.2,-162.8,2006.2,1,0.8288865089,0.5561610460,0.0602669008,-0.5593041182,0.8260590434,0.0693212971,-0.0112302154,-0.0911670104,0.9957723022,1,-87.5,-457.7,2038.8,1,-159.0,-288.9,1977.8,1,119.0,-277.1,1937.3,0,-52.8,-879.8,2007.7,0,-278.4,-741.2,2070.1,1,
12,0.9959203005,-0.0899052918,-0.0075464314,0.0892511532,0.9695203304,0.2281698585,-0.0131975645,-0.2279124707,0.9735921025,1,-24.5,365.8,1890.3,1,0.9959203005,-0.0899052918,-0.0075464314,0.0892511532,0.9695203304,0.2281698585,-0.0131975645,-0.2279124707,0.9735921025,1,-7.7,183.8,1933.1,1,0.9958338737,-0.0909049883,-0.0069539128,0.0901788101,0.9709091187,0.2218110263,-0.0134124178,-0.2215139866,0.9750648737,1,8.6,10.6,1972.6,1,0.2136619389,-0.7185615301,-0.6618290544,0.9570130110,0.0179304630,0.2894902825,-0.1961497068,-0.6952320933,0.6915037632,1,-133.1,172.4,1934.7,1,-0.0966817439,-0.7133661509,-0.6940903068,0.9952796698,-0.0633878633,-0.0734870061,0.0084262444,-0.6979188323,0.7161272764,1,-182.4,-48.6,1980.0,1,-0.0000005960,1.0000001192,0.0000000000,-1.0000001192,-0.0000005960,0.0000000000,0.0000000000,-0.0000000000,1.0000000000,0,117.8,195.1,1931.4,1,0.0000197291,0.9999990463,0.0000000000,-0.9999990463,0.0000197291,-0.0000000000,-0.0000000000,-0.0000000000,1.0000000000,0,117.8,-38.4,1931.4,0,1.0000000000,0.0000000000,-0.0000000000,-0.0000000000,1.0000000000,-0.0000000000,0.0000000000,0.0000000000,1.0000000000,0,-57.3,-170.1,2013.2,1,1.0000000000,0.0000009233,-0.0000005594,-0.0000009233,1.0000000000,0.0000019387,0.0000005594,-0.0000019387,1.0000000000,0,-57.3,-527.2,2013.2,0,0.8891540766,0.4553756416,0.0451446846,-0.4574130476,0.8873187900,0.0586400926,-0.0133544598,-0.0727898479,0.9972578883,0,106.8,-155.2,2011.0,1,0.8606015444,0.5065631270,0.0525248386,-0.5091236234,0.8582980633,0.0641679466,-0.0125768520,-0.0819646716,0.9965558648,0,-55.8,-472.1,2037.0,0,-158.8,-292.4,1978.0,1,117.8,-271.9,1931.4,0,-57.3,-870.6,2013.2,0,-229.7,-766.8,2065.1,0,
13,0.9959915280,-0.0894313082,0.0001681854,0.0866035968,0.9649635553,0.2476735115,-0.0223123934,-0.2466661632,0.9688435197,1,-25.1,369.2,1883.6,1,0.9959915280,-0.0894313082,0.0001681854,0.0866035968,0.9649635553,0.2476735115,-0.0223123934,-0.2466661632,0.9688435197,1,-8.3,187.5,1930.0,1,0.9958906770,-0.0905405879,0.0011592349,0.0876868963,0.9675349593,0.2370318472,-0.0225829370,-0.2359561622,0.9715011716,1,7.9,14.9,1972.1,1,0.2195517123,-0.7224343419,-0.6556566358,0.9531017542,0.0153303742,0.3022616506,-0.2083127797,-0.6912695765,0.6919191480,1,-133.8,176.5,1932.9,1,-0.0954699218,-0.7174928784,-0.6899923086,0.9953491688,-0.0598493218,-0.0754855499,0.0128647694,-0.6939898729,0.7198697925,1,-183.5,-39.5,1980.1,1,-0.0000005960,1.0000001192,0.0000000000,-1.0000001192,-0.0000005960,0.0000000000,0.0000000000,-0.0000000000,1.0000000000,0,117.2,198.6,1927.2,1,0.0000197291,0.9999990463,0.0000000000,-0.9999990463,0.0000197291,-0.0000000000,-0.0000000000,-0.0000000000,1.0000000000,0,117.2,-34.9,1927.2,0,1.0000000000,0.0000000000,-0.0000000000,-0.0000000000,1.0000000000,-0.0000000000,0.0000000000,0.0000000000,1.0000000000,0,-58.1,-165.0,2016.1,1,1.0000000000,0.0000008310,-0.0000005034,-0.0000008310,1.0000000000,0.0000017448,0.0000005034,-0.0000017448,1.0000000000,0,-58.1,-522.1,2016.1,0,0.8360934854,0.5458309054,0.0549193770,-0.5485704541,0.8310961127,0.0913756564,0.0042323768,-0.1065257490,0.9943009019,1,106.1,-150.5,2012.3,1,0.8361470699,0.5457510352,0.0548993461,-0.5484891534,0.8311532140,0.0913456529,0.0042222142,-0.1064900905,0.9943048358,1,-88.7,-447.0,2050.4,1,-160.1,-283.3,1976.9,1,117.2,-268.4,1927.2,0,-58.1,-865.5,2016.1,0,-275.9,-732.2,2086.9,1,
14,0.9958840013,-0.0906195417,-0.0005507790,0.0880558267,0.9662359357,0.2421388477,-0.0214106590,-0.2411906868,0.9702414274,1,-26.1,367.5,1885.7,1,0.9958840013,-0.0906195417,-0.0005507790,0.0880558267,0.9662359357,0.2421388477,-0.0214106590,-0.2411906868,0.9702414274,1,-9.0,185.4,1931.1,1,0.9954556823,-0.0952113494,0.0001533311,0.0925136283,0.9676268697,0.2348114848,-0.0225054156,-0.2337302119,0.9720408916,1,7.9,12.8,1972.9,1,0.2348414660,-0.7203753591,-0.6526167393,0.9484504461,0.0228237659,0.3161025047,-0.2128173262,-0.6932085752,0.6886003613,1,-134.4,173.8,1934.0,1,-0.1046521217,-0.7144715786,-0.6917934418,0.9941927791,-0.0576234385,-0.0908856094,0.0250716787,-0.6972873807,0.7163529992,1,-186.2,-35.2,1980.9,1,-0.0000005960,1.0000001192,0.0000000000,-1.0000001192,-0.0000005960,0.0000000000,0.0000000000,-0.0000000000,1.0000000000,0,116.3,197.1,1928.3,1,0.0000197291,0.9999990463,0.0000000000,-0.9999990463,0.0000197291,-0.0000000000,-0.0000000000,-0.0000000000,1.0000000000,0,116.3,-36.4,1928.3,0,1.0000000000,0.0000000000,-0.0000000000,-0.0000000000,1.0000000000,-0.0000000000,0.0000000000,0.0000000000,1.0000000000,0,-57.1,-167.5,2016.4,1,1.0000000000,0.0000007479,-0.0000004531,-0.0000007479,1.0000000000,0.0000015703,0.0000004531,-0.0000015703,1.0000000000,0,-57.1,-524.7,2016.4,0,0.8939920664,0.4463081658,0.0398401767,-0.4480800331,0.8907599449,0.0759672076,-0.0015832465,-0.0857656598,0.9963141084,0,107.0,-152.3,2012.7,1,0.8665410280,0.4968746603,0.0471405946,-0.4991048276,0.8624735475,0.0838676244,0.0010141768,-0.0962028354,0.9953612089,0,-52.4,-470.4,2043.3,0,-160.6,-278.7,1974.7,1,116.4,-269.9,1928.3,0,-57.1,-868.1,2016.4,0,-223.0,-766.6,2076.4,0,
15,0.9961323142,-0.0876207203,-0.0063467836,0.0864227042,0.9644105434,0.2498804927,-0.0157741178,-0.2494625151,0.9682558179,1,-26.5,370.8,1882.3,1,0.9961323142,-0.0876207203,-0.0063467836,0.0864227042,0.9644105434,0.2498804927,-0.0157741178,-0.2494625151,0.9682558179,1,-10.0,188.6,1929.4,1,0.9954918027,-0.0946821570,-0.0053526433,0.0932068378,0.9664473534,0.2393510491,-0.0174895395,-0.2387708873,0.9709182978,1,6.9,16.2,1972.0,1,0.2389688492,-0.7155004144,-0.6564701796,0.9473291039,0.0233385563,0.3194103539,-0.2132171839,-0.6982223988,0.6833914518,1,-135.4,176.9,1931.6,1,-0.1150928885,-0.7080709934,-0.6966987848,0.9930939674,-0.0659493357,-0.0970308259,0.0227578878,-0.7030549645,0.7107713819,1,-189.1,-36.2,1979.6,1,-0.0000005960,1.0000001192,0.0000000000,-1.0000001192,-0.0000005960,0.0000000000,0.0000000000,-0.0000000000,1.0000000000,0,115.4,200.4,1927.2,1,0.0000197291,0.9999990463,0.0000000000,-0.9999990463,0.0000197291,-0.0000000000,-0.0000000000,-0.0000000000,1.0000000000,0,115.4,-33.2,1927.2,0,1.0000000000,0.0000000000,-0.0000000000,-0.0000000000,1.0000000000,-0.0000000000,0.0000000000,0.0000000000,1.0000000000,0,-58.2,-164.0,2016.1,1,1.0000000000,0.0000006731,-0.0000004078,-0.0000006731,1.0000000000,0.0000014133,0.0000004078,-0.0000014133,1.0000000000,0,-58.2,-521.1,2016.1,0,0.8475124240,0.5297888517,0.0323465355,-0.5307075977,0.8448549509,0.0675971135,0.0084840655,-0.0744559392,0.9971882105,1,105.9,-148.6,2013.2,1,0.8475270271,0.5297658443,0.0323396698,-0.5306842327,0.8448705077,0.0675863475,0.0084821060,-0.0744434148,0.9971891046,1,-83.2,-450.2,2039.8,1,-160.9,-279.4,1974.0,1,115.4,-266.7,1927.2,0,-58.2,-864.5,2016.1,0,-265.0,-740.1,2065.3,1,
16,0.9958996177,-0.0892046764,-0.0149607034,0.0900524855,0.9623556137,0.2564355135,-0.0084780203,-0.2567312717,0.9664455056,1,-27.1,370.3,1879.6,1,0.9958996177,-0.0892046764,-0.0149607034,0.0900524855,0.9623556137,0.2564355135,-0.0084780203,-0.2567312717,0.9664455056,1,-10.2,188.6,1928.0,1,0.9952824116,-0.0960004106,-0.0139348786,0.0964738652,0.9645156264,0.2457628548,-0.0101532191,-0.2459477931,0.9692297578,1,6.9,16.4,1971.9,1,0.2428113967,-0.7097402811,-0.6612952352,0.9443899393,0.0171207488,0.3283818364,-0.2217439562,-0.7042554021,0.6744286418,1,-135.6,176.4,1929.3,1,-0.1146660969,-0.7026446462,-0.7022407651,0.9931781888,-0.0660113022,-0.0961228311,0.0211843736,-0.7084722519,0.7054206133,1,-189.4,-33.1,1978.5,1,-0.0000005960,1.0000001192,0.0000000000,-1.0000001192,-0.0000005960,0.0000000000,0.0000000000,-0.0000000000,1.0000000000,0,115.2,200.7,1926.8,1,0.0000197291,0.9999990463,0.0000000000,-0.9999990463,0.0000197291,-0.0000000000,-0.0000000000,-0.0000000000,1.0000000000,0,115.2,-32.8,1926.8,0,1.0000000000,0.0000000000,-0.0000000000,-0.0000000000,1.0000000000,-0.0000000000,0.0000000000,0.0000000000,1.0000000000,0,-58.0,-163.6,2016.6,1,1.0000000000,0.0000006058,-0.0000003670,-0.0000006058,1.0000000000,0.0000012720,0.0000003670,-0.0000012720,1.0000000000,0,-58.0,-520.7,2016.6,0,0.9014658928,0.4322426021,0.0229245834,-0.4328362644,0.8997487426,0.0557224527,0.0034592496,-0.0601544827,0.9981830716,0,106.1,-147.7,2015.0,1,0.8758689761,0.4817667902,0.0274638832,-0.4825144708,0.8737062216,0.0617835224,0.0057698861,-0.0673659891,0.9977116585,0,-48.3,-469.0,2036.5,0,-161.4,-276.3,1973.3,1,115.2,-266.3,1926.8,0,-58.0,-864.1,2016.7,0,-213.7,-769.1,2059.6,0,
17,0.9957093596,-0.0910768211,-0.0162882507,0.0923097059,0.9659894109,0.2415375859,-0.0062644812,-0.2420047522,0.9702547193,1,-27.4,370.4,1883.7,1,0.9957093596,-0.0910768211,-0.0162882507,0.0923097059,0.9659894109,0.2415375859,-0.0062644812,-0.2420047522,0.9702547193,1,-10.3,188.4,1929.3,1,0.9954660535,-0.0938223824,-0.0155590242,0.0948539153,0.9676182270,0.2339116186,-0.0068912320,-0.2343268692,0.9721332788,1,6.5,15.7,1971.1,1,0.2499895096,-0.7093177438,-0.6590703130,0.9426410794,0.0227829814,0.3330297172,-0.2212082893,-0.7045206428,0.6743274927,1,-135.7,176.4,1930.2,1,-0.1154083386,-0.7018051744,-0.7029582858,0.9931160808,-0.0672507733,-0.0959046036,0.0200318582,-0.7091873288,0.7047353387,1,-191.1,-32.6,1979.2,1,-0.0000005960,1.0000001192,0.0000000000,-1.0000001192,-0.0000005960,0.0000000000,0.0000000000,-0.0000000000,1.0000000000,0,115.1,200.3,1928.4,1,0.0000197291,0.9999990463,0.0000000000,-0.9999990463,0.0000197291,-0.0000000000,-0.0000000000,-0.0000000000,1.0000000000,0,115.1,-33.2,1928.4,0,1.0000000000,0.0000000000,-0.0000000000,-0.0000000000,1.0000000000,-0.0000000000,0.0000000000,0.0000000000,1.0000000000,0,-58.8,-164.8,2013.5,1,1.0000000000,0.0000005452,-0.0000003303,-0.0000005452,1.0000000000,0.0000011448,0.0000003303,-0.0000011448,1.0000000000,0,-58.8,-521.9,2013.5,0,0.8463130593,0.5322794914,0.0208027214,-0.5324933529,0.8443121910,0.0598976873,0.0143183209,-0.0617695078,0.9979877472,1,105.3,-149.2,2012.4,1,0.8463166952,0.5322737098,0.0208001416,-0.5324875116,0.8443161845,0.0598936565,0.0143179242,-0.0617648214,0.9979879856,1,-84.8,-450.6,2034.4,1,-162.8,-275.9,1974.3,1,115.1,-266.7,1928.4,0,-58.8,-865.3,2013.5,0,-267.5,-740.4,2055.6,1,
18,0.9958816171,-0.0859544724,-0.0287931040,0.0903387740,0.9673323035,0.2368624806,0.0074928682,-0.2384880632,0.9711163640,1,-26.9,367.5,1885.3,1,0.9958816171,-0.0859544724,-0.0287931040,0.0903387740,0.9673323035,0.2368624806,0.0074928682,-0.2384880632,0.9711163640,1,-10.8,185.4,1930.1,1,0.9955721498,-0.0897340626,-0.0279515348,0.0937498659,0.9692328572,0.2275860757,0.0066690799,-0.2291987538,0.9733566642,1,5.3,12.5,1971.0,1,0.2540127039,-0.7031677961,-0.6641027927,0.9396520853,0.0167015940,0.3417235315,-0.2291974127,-0.7108277082,0.6649755239,1,-136.2,173.6,1929.3,1,-0.1071685627,-0.6972271204,-0.7087942362,0.9939222932,-0.0570839643,-0.0941270888,0.0251671690,-0.7145738602,0.6991071701,1,-192.2,-33.6,1979.9,1,-0.0000005960,1.0000001192,0.0000000000,-1.0000001192,-0.0000005960,0.0000000000,0.0000000000,-0.0000000000,1.0000000000,0,114.6,197.2,1931.0,1,0.0000197291,0.9999990463,0.0000000000,-0.9999990463,0.0000197291,-0.0000000000,-0.0000000000,-0.0000000000,1.0000000000,0,114.6,-36.3,1931.0,0,1.0000000000,0.0000000000,-0.0000000000,-0.0000000000,1.0000000000,-0.0000000000,0.0000000000,0.0000000000,1.0000000000,0,-60.8,-168.2,2011.4,1,1.0000000000,0.0000004907,-0.0000002973,-0.0000004907,1.0000000000,0.0000010303,0.0000002973,-0.0000010303,1.0000000000,0,-60.8,-525.3,2011.4,0,0.9006878734,0.4342412949,0.0139924856,-0.4343795180,0.8993949294,0.0490220711,0.0087026386,-0.0502316356,0.9986996651,0,103.3,-152.8,2012.5,1,0.8748815656,0.4840298891,0.0172426496,-0.4842039347,0.8732528687,0.0545529984,0.0113480864,-0.0560763739,0.9983620048,0,-51.8,-474.0,2030.4,0,-165.9,-277.1,1973.7,1,114.7,-269.8,1931.0,0,-60.8,-868.7,2011.4,0,-218.0,-773.8,2049.7,0,
19,0.9957277775,-0.0894979164,-0.0226658881,0.0923110992,0.9691613913,0.2284770012,0.0015184311,-0.2295931280,0.9732853770,1,-28.8,367.7,1888.0,1,0.9957277775,-0.0894979164,-0.0226658881,0.0923110992,0.9691613913,0.2284770012,0.0015184311,-0.2295931280,0.9732853770,1,-12.0,185.5,1931.2,1,0.9953677058,-0.0935573354,-0.0220813211,0.0961259231,0.9702301621,0.2222837657,0.0006274302,-0.2233765870,0.9747318625,1,4.7,12.4,1971.1,1,0.2490144521,-0.7072246671,-0.6616834998,0.9429861903,0.0212629437,0.3321519792,-0.2208367437,-0.7066690326,0.6721978188,1,-137.4,173.4,1931.1,1,-0.0886514559,-0.7031237483,-0.7055196166,0.9955369234,-0.0395343043,-0.0856932625,0.0323607475,-0.7099676728,0.7034903765,1,-192.8,-36.6,1980.3,1,-0.0000005960,1.0000001192,0.0000000000,-1.0000001192,-0.0000005960,0.0000000000,0.0000000000,-0.0000000000,1.0000000000,0,113.4,197.6,1931.3,1,0.0000197291,0.9999990463,0.0000000000,-0.9999990463,0.0000197291,-0.0000000000,-0.0000000000,-0.0000000000,1.0000000000,0,113.4,-35.9,1931.3,0,1.0000000000,0.0000000000,-0.0000000000,-0.0000000000,1.0000000000,-0.0000000000,0.0000000000,0.0000000000,1.0000000000,0,-60.6,-168.7,2010.9,1,1.0000000000,0.0000004416,-0.0000002676,-0.0000004416,1.0000000000,0.0000009273,0.0000002676,-0.0000009273,1.0000000000,0,-60.6,-525.8,2010.9,0,0.8437012434,0.5364522934,0.0196794365,-0.5366376638,0.8419213891,0.0564670004,0.0137233138,-0.0582020059,0.9982104897,1,103.4,-152.9,2011.0,1,0.8437006474,0.5364531875,0.0196786113,-0.5366385579,0.8419207931,0.0564657375,0.0137233939,-0.0582004748,0.9982106090,1,-88.1,-453.5,2031.8,1,-171.1,-280.4,1972.4,1,113.4,-269.4,1931.3,0,-60.6,-869.2,2010.9,0,-272.3,-742.5,2051.7,1,
20,0.9954224825,-0.0945739821,-0.0136828739,0.0952092633,0.9693250656,0.2265854925,-0.0081662247,-0.2268509418,0.9738950133,1,-31.3,366.0,1888.9,1,0.9954224825,-0.0945739821,-0.0136828739,0.0952092633,0.9693250656,0.2265854925,-0.0081662247,-0.2268509418,0.9738950133,1,-13.6,184.6,1931.4,1,0.9951091409,-0.0978918374,-0.0131318383,0.0983674452,0.9702914357,0.2210322917,-0.0088958321,-0.2212429047,0.9751779437,1,3.9,11.5,1970.8,1,0.2434249520,-0.7125232816,-0.6580688953,0.9465833306,0.0265874714,0.3213611841,-0.2114809752,-0.7011443973,0.6809347868,1,-138.9,172.2,1932.5,1,-0.0760828927,-0.7093455791,-0.7007426620,0.9964542389,-0.0287721902,-0.0790642425,0.0359219722,-0.7042734027,0.7090194225,1,-192.9,-37.8,1979.4,1,-0.0000005960,1.0000001192,0.0000000000,-1.0000001192,-0.0000005960,0.0000000000,0.0000000000,-0.0000000000,1.0000000000,0,111.8,197.0,1930.2,1,0.0000197291,0.9999990463,0.0000000000,-0.9999990463,0.0000197291,-0.0000000000,-0.0000000000,-0.0000000000,1.0000000000,0,111.8,-36.5,1930.2,0,1.0000000000,0.0000000000,-0.0000000000,-0.0000000000,1.0000000000,-0.0000000000,0.0000000000,0.0000000000,1.0000000000,0,-60.6,-169.8,2011.1,1,1.0000000000,0.0000003975,-0.0000002408,-0.0000003975,1.0000000000,0.0000008345,0.0000002408,-0.0000008345,1.0000000000,0,-60.6,-526.9,2011.1,0,0.8989846706,0.4377803802,0.0132242413,-0.4379001856,0.8978343606,0.0462263897,0.0083638271,-0.0473477170,0.9988434315,0,103.4,-153.5,2009.6,1,0.8727414012,0.4879103601,0.0163060352,-0.4880612791,0.8712923527,0.0514379665,0.0108897947,-0.0528503880,0.9985430837,0,-53.0,-474.2,2026.5,0,-174.3,-281.8,1970.6,1,111.8,-270.0,1930.2,0,-60.6,-870.3,2011.1,0,-220.5,-773.4,2044.7,0,
21,0.9951105118,-0.0986676440,-0.0041403375,0.0971954688,0.9711176157,0.2179003209,-0.0174792670,-0.2172372043,0.9759621024,1,-35.0,363.7,1892.4,1,0.9951105118,-0.0986676440,-0.0041403375,0.0971954688,0.9711176157,0.2179003209,-0.0174792670,-0.2172372043,0.9759621024,1,-16.6,182.2,1933.0,1,0.9945434928,-0.1042448059,-0.0036945045,0.1026239991,0.9715073705,0.2136320621,-0.0186811034,-0.2128454000,0.9769070745,1,2.0,8.9,1971.0,1,0.2340193540,-0.7196336985,-0.6537293792,0.9512233734,0.0304490179,0.3069964051,-0.2010195553,-0.6936857700,0.6916581988,1,-141.8,169.3,1935.3,1,-0.0661548376,-0.7170785069,-0.6938456297,0.9971312881,-0.0218785852,-0.0724604800,0.0367794968,-0.6966487765,0.7164688110,1,-193.2,-39.6,1979.5,1,-0.0000005960,1.0000001192,0.0000000000,-1.0000001192,-0.0000005960,0.0000000000,0.0000000000,-0.0000000000,1.0000000000,0,108.7,195.1,1930.6,1,0.0000197291,0.9999990463,0.0000000000,-0.9999990463,0.0000197291,-0.0000000000,-0.0000000000,-0.0000000000,1.0000000000,0,108.7,-38.4,1930.6,0,1.0000000000,0.0000000000,-0.0000000000,-0.0000000000,1.0000000000,-0.0000000000,0.0000000000,0.0000000000,1.0000000000,0,-61.3,-173.0,2010.5,1,1.0000000000,0.0000003577,-0.0000002167,-0.0000003577,1.0000000000,0.0000007511,0.0000002167,-0.0000007511,1.0000000000,0,-61.3,-530.1,2010.5,0,0.8429690599,0.5363974571,0.0409977697,-0.5379081964,0.8415102363,0.0501515046,-0.0075989049,-0.0643292144,0.9978997111,1,102.6,-156.0,2007.4,1,0.8429678679,0.5363994241,0.0409972481,-0.5379101634,0.8415091038,0.0501506999,-0.0075987484,-0.0643282682,0.9978998303,1,-88.9,-456.5,2030.4,1,-177.0,-283.8,1970.5,1,108.7,-271.9,1930.6,0,-61.3,-873.5,2010.5,0,-273.1,-745.4,2052.5,1,
22,0.9953330159,-0.0964667499,-0.0018893951,0.0944271162,0.9698897600,0.2244863063,-0.0198232792,-0.2236169428,0.9744752645,1,-36.2,366.3,1889.6,1,0.9953330159,-0.0964667499,-0.0018893951,0.0944271162,0.9698897600,0.2244863063,-0.0198232792,-0.2236169428,0.9744752645,1,-18.1,184.3,1931.5,1,0.9951766133,-0.0980769843,-0.0013132393,0.0959879979,0.9710493088,0.2187380642,-0.0201782677,-0.2178089619,0.9757825732,1,-0.6,11.1,1970.4,1,0.2217247486,-0.7225835323,-0.6547603607,0.9538810849,0.0213805437,0.2994222641,-0.2023584545,-0.6909528375,0.6939994097,1,-143.4,172.3,1934.1,1,-0.0502397865,-0.7213835120,-0.6907111406,0.9978793263,-0.0075981021,-0.0646465644,0.0413868651,-0.6924942136,0.7202353477,1,-193.6,-43.4,1979.8,1,-0.0000005960,1.0000001192,0.0000000000,-1.0000001192,-0.0000005960,0.0000000000,0.0000000000,-0.0000000000,1.0000000000,0,107.3,196.4,1929.0,1,0.0000197291,0.9999990463,0.0000000000,-0.9999990463,0.0000197291,-0.0000000000,-0.0000000000,-0.0000000000,1.0000000000,0,107.3,-37.1,1929.0,0,1.0000000000,0.0000000000,-0.0000000000,-0.0000000000,1.0000000000,-0.0000000000,0.0000000000,0.0000000000,1.0000000000,0,-65.1,-170.1,2010.9,1,1.0000000000,0.0000003219,-0.0000001950,-0.0000003219,1.0000000000,0.0000006760,0.0000001950,-0.0000006760,1.0000000000,0,-65.1,-527.2,2010.9,0,0.8985068798,0.4378899336,0.0306235049,-0.4388664365,0.8975639343,0.0421329737,-0.0090369452,-0.0512963980,0.9986425638,0,98.9,-154.3,2007.6,1,0.8721416593,0.4879494905,0.0356968641,-0.4891796112,0.8709538579,0.0462898687,-0.0085032051,-0.0578335002,0.9982900023,0,-57.5,-474.8,2025.9,0,-181.3,-287.7,1969.7,1,107.3,-270.6,1929.0,0,-65.1,-870.6,2010.9,0,-225.0,-773.9,2045.8,0,
23,0.9948107600,-0.1016378701,-0.0043105599,0.0999630615,0.9687979817,0.2267923504,-0.0188749433,-0.2260462791,0.9739334583,1,-40.0,366.9,1888.2,1,0.9948107600,-0.1016378701,-0.0043105599,0.0999630615,0.9687979817,0.2267923504,-0.0188749433,-0.2260462791,0.9739334583,1,-20.9,185.0,1930.7,1,0.9944378138,-0.1052639410,-0.0031998395,0.1034593359,0.9708103538,0.2163798511,-0.0196708702,-0.2155072689,0.9763038754,1,-2.1,11.8,1969.1,1,0.2140972018,-0.7242365479,-0.6554720402,0.9537683129,0.0100975931,0.3003729582,-0.2109224200,-0.6894774437,0.6929158568,1,-146.2,172.0,1933.1,1,-0.0562622100,-0.7233840823,-0.6881496906,0.9972244501,-0.0070519000,-0.0741187856,0.0487635881,-0.6904097795,0.7217730880,1,-194.1,-41.7,1980.4,1,-0.0000005960,1.0000001192,0.0000000000,-1.0000001192,-0.0000005960,0.0000000000,0.0000000000,-0.0000000000,1.0000000000,0,104.4,198.0,1928.2,1,0.0000197291,0.9999990463,0.0000000000,-0.9999990463,0.0000197291,-0.0000000000,-0.0000000000,-0.0000000000,1.0000000000,0,104.4,-35.5,1928.2,0,1.0000000000,0.0000000000,-0.0000000000,-0.0000000000,1.0000000000,-0.0000000000,0.0000000000,0.0000000000,1.0000000000,0,-65.3,-170.0,2009.2,1,1.0000000000,0.0000002897,-0.0000001755,-0.0000002897,1.0000000000,0.0000006084,0.0000001755,-0.0000006084,1.0000000000,0,-65.3,-527.1,2009.2,0,0.9346348643,0.3548631370,0.0230178609,-0.3554920256,0.9340276122,0.0348978415,-0.0091153607,-0.0407994017,0.9991257787,0,98.6,-152.9,2006.0,1,0.8959985375,0.4429652393,0.0311198197,-0.4439658225,0.8950323462,0.0425610542,-0.0090001784,-0.0519507751,0.9986090660,0,-28.1,-486.5,2020.5,0,-180.3,-285.9,1968.5,1,104.4,-269.0,1928.2,0,-65.3,-870.5,2009.2,0,-180.2,-793.9,2038.4,0,
