1,0.9961311817,-0.0826090425,0.0299281050,0.0731649026,0.9684907794,0.2380484641,-0.0486503318,-0.2349382490,0.9707907438,1,-17.0,358.6,1925.3,1,0.9961311817,-0.0826090425,0.0299281050,0.0731649026,0.9684907794,0.2380484641,-0.0486503318,-0.2349382490,0.9707907438,1,-1.7,178.7,1969.0,1,0.9956312180,-0.0882461369,0.0304693170,0.0788360834,0.9695346951,0.2319094837,-0.0500064641,-0.2284946740,0.9722587466,1,14.1,5.6,2009.8,1,0.2029956877,-0.7346586585,-0.6473557353,0.9424967170,-0.0326652378,0.3326154649,-0.2655048668,-0.6776501536,0.6857823730,1,-127.1,168.8,1975.3,1,-0.0571683869,-0.7356643081,-0.6749293804,0.9971421957,-0.0086311810,-0.0750528201,0.0493882447,-0.6772912145,0.7340553403,1,-173.2,-45.1,2035.5,1,0.3034801483,0.4730819464,0.8270992637,-0.9461274743,0.0467794389,0.3203973472,0.1128829494,-0.8797755837,0.4617924690,1,123.8,188.6,1962.7,1,-0.1487971693,0.4662867785,0.8720298409,-0.9860228300,-0.0031178817,-0.1665809751,-0.0749556273,-0.8846281171,0.4602333605,1,194.3,-31.1,1988.9,1,1.0000000000,0.0000000000,-0.0000000002,-0.0000000000,1.0000000000,-0.0000000000,0.0000000002,0.0000000000,1.0000000000,0,-52.2,-174.0,2054.7,1,1.0000000000,0.0000000425,-0.0000285199,-0.0000000425,1.0000000000,-0.0000000380,0.0000285199,0.0000000380,1.0000000000,0,-52.2,-531.2,2054.7,0,0.7304801941,0.4508153200,0.5129954815,-0.4589582086,0.8803069592,-0.1200712621,-0.5057234764,-0.1477338225,0.8499521017,1,111.9,-161.0,2046.5,1,0.7304809093,0.4508166313,0.5129930973,-0.4589564800,0.8803071380,-0.1200759336,-0.5057237148,-0.1477283388,0.8499528170,1,-49.1,-475.4,2099.2,1,-158.5,-301.2,2022.9,1,159.5,-261.3,1971.4,1,-52.2,-874.5,2054.7,0,-203.9,-777.6,2149.9,1,
2,0.9962058663,-0.0842909962,0.0215915870,0.0767059028,0.9678831697,0.2394011319,-0.0410777628,-0.2368370295,0.9706793427,1,-16.7,359.6,1925.1,1,0.9962058663,-0.0842909962,0.0215915870,0.0767059028,0.9678831697,0.2394011319,-0.0410777628,-0.2368370295,0.9706793427,1,-1.0,179.4,1969.2,1,0.9956864119,-0.0900478363,0.0223025642,0.0824788213,0.9693292379,0.2315009385,-0.0424649566,-0.2286632657,0.9725776911,1,15.1,6.3,2010.0,1,0.2031887621,-0.7302197814,-0.6522983909,0.9409003854,-0.0387441516,0.3364597857,-0.2709623575,-0.6821126938,0.6791918278,1,-126.5,169.0,1974.5,1,-0.0597236864,-0.7320457101,-0.6786325574,0.9966869354,-0.0061292201,-0.0811027214,0.0552114137,-0.6812279820,0.7299864292,1,-172.9,-46.1,2036.5,1,0.2994735241,0.4802740216,0.8244103789,-0.9472936988,0.0466121137,0.3169572353,0.1137987897,-0.8758790493,0.4689196646,1,124.5,189.8,1963.8,1,-0.1526541710,0.4742610157,0.8670485616,-0.9845387340,0.0032843873,-0.1751361936,-0.0859079957,-0.8803781271,0.4664269388,1,194.5,-31.6,1990.4,1,1.0000000000,0.0000000000,-0.0000000001,-0.0000000000,1.0000000000,-0.0000000000,0.0000000001,0.0000000000,1.0000000000,0,-50.9,-173.6,2054.3,1,1.0000000000,0.0000000382,-0.0000256679,-0.0000000382,1.0000000000,-0.0000000342,0.0000256679,0.0000000342,1.0000000000,0,-50.9,-530.7,2054.3,0,0.8245332241,0.3742294610,0.4243786931,-0.3795307577,0.9220756292,-0.0757157803,-0.4196443558,-0.0986346006,0.9023135900,0,113.2,-160.0,2047.3,1,0.7797094584,0.4137351513,0.4699748456,-0.4203882217,0.9021694660,-0.0967679694,-0.4640332758,-0.1221210137,0.8773594499,0,-20.4,-489.3,2082.6,0,-157.6,-302.1,2022.3,1,158.8,-261.5,1970.4,1,-50.9,-874.1,2054.3,0,-162.5,-799.1,2124.5,0,
3,0.9965324402,-0.0823721588,0.0116353361,0.0771808326,0.9676529765,0.2401776314,-0.0310431607,-0.2384471893,0.9706579447,1,-17.4,367.2,1925.5,1,0.9965324402,-0.0823721588,0.0116353361,0.0771808326,0.9676529765,0.2401776314,-0.0310431607,-0.2384471893,0.9706579447,1,-2.0,186.5,1970.0,1,0.9958911538,-0.0896523744,0.0126784537,0.0844039246,0.9698921442,0.2284288555,-0.0327761695,-0.2264205664,0.9734767675,1,14.0,13.3,2010.4,1,0.1909734905,-0.7255121469,-0.6611817479,0.9448487759,-0.0467080027,0.3241593838,-0.2660640478,-0.6866226196,0.6765791774,1,-127.5,175.8,1974.1,1,-0.0516477451,-0.7286348939,-0.6829521060,0.9968270659,0.0038607977,-0.0795033500,0.0605656616,-0.6848912835,0.7261236906,1,-172.1,-44.6,2036.2,1,0.2918725908,0.4863558710,0.8235705495,-0.9511484504,0.0569965318,0.3034270704,0.1006328687,-0.8718998432,0.4792323709,1,123.5,197.1,1965.9,1,-0.1445896327,0.4790165722,0.8658157587,-0.9863098860,0.0003437549,-0.1649021208,-0.0792884752,-0.8778057694,0.4724090695,1,194.1,-32.9,1990.2,1,1.0000000000,0.0000000000,-0.0000000001,-0.0000000000,1.0000000000,-0.0000000000,0.0000000001,0.0000000000,1.0000000000,0,-52.1,-166.8,2053.6,1,1.0000000000,0.0000000344,-0.0000231011,-0.0000000344,1.0000000000,-0.0000000308,0.0000231011,0.0000000308,1.0000000000,0,-52.1,-524.0,2053.6,0,0.7441850305,0.4389641881,0.5034870505,-0.4476984739,0.8871736526,-0.1117546037,-0.4957367182,-0.1422442645,0.8567448854,1,112.0,-152.9,2048.2,1,0.7441858053,0.4389667511,0.5034835935,-0.4476968050,0.8871735334,-0.1117615551,-0.4957369268,-0.1422366500,0.8567459583,1,-44.7,-469.7,2098.9,1,-158.8,-300.7,2020.7,1,160.3,-263.2,1971.7,1,-52.1,-867.4,2053.6,0,-195.4,-774.3,2147.8,1,
4,0.9965327382,-0.0822045803,0.0127408653,0.0766738802,0.9670868516,0.2426080406,-0.0322652571,-0.2407903671,0.9700393677,1,-18.6,368.8,1925.6,1,0.9965327382,-0.0822045803,0.0127408653,0.0766738802,0.9670868516,0.2426080406,-0.0322652571,-0.2407903671,0.9700393677,1,-3.3,188.8,1970.4,1,0.9959775805,-0.0885174051,0.0138113555,0.0829714611,0.9695340395,0.2304647416,-0.0337909684,-0.2283921987,0.9729813337,1,12.5,15.6,2011.2,1,0.1970315725,-0.7248203158,-0.6601620317,0.9443149567,-0.0406918526,0.3265170157,-0.2635294199,-0.6877350211,0.6764411330,1,-128.8,178.3,1974.7,1,-0.0597399995,-0.7263422012,-0.6847322583,0.9970566630,-0.0103963241,-0.0759608969,0.0480549000,-0.6872547269,0.7248253226,1,-173.9,-38.1,2035.1,1,0.2996288538,0.4841829836,0.8220641017,-0.9486224651,0.0593679249,0.3107905686,0.1016752571,-0.8729503155,0.4770952761,1,122.2,199.2,1966.2,1,-0.1342238933,0.4773164392,0.8684198260,-0.9880403876,0.0026559308,-0.1541723758,-0.0758954734,-0.8787274361,0.4712514281,1,192.4,-23.0,1990.0,1,1.0000000000,0.0000000000,-0.0000000001,-0.0000000000,1.0000000000,-0.0000000000,0.0000000001,0.0000000000,1.0000000000,0,-53.7,-164.3,2054.8,1,1.0000000000,0.0000000310,-0.0000207910,-0.0000000310,1.0000000000,-0.0000000277,0.0000207910,0.0000000277,1.0000000000,0,-53.7,-521.4,2054.8,0,0.8336079121,0.3637615442,0.4156625271,-0.3694426417,0.9266133308,-0.0699990466,-0.4106214046,-0.0952117369,0.9068212509,0,110.4,-150.6,2049.2,1,0.7910121679,0.4024875164,0.4607640803,-0.4096195698,0.9078262448,-0.0897958428,-0.4544354379,-0.1177083850,0.8829683661,0,-19.5,-481.6,2083.2,0,-158.6,-294.1,2022.7,1,161.1,-253.6,1972.3,1,-53.7,-864.8,2054.8,0,-157.7,-793.3,2123.6,0,
5,0.9961585999,-0.0860037431,0.0164002944,0.0794472843,0.9666447639,0.2434757650,-0.0367933400,-0.2412379235,0.9697670341,1,-18.2,366.0,1925.7,1,0.9961585999,-0.0860037431,0.0164002944,0.0794472843,0.9666447639,0.2434757650,-0.0367933400,-0.2412379235,0.9697670341,1,-2.3,186.6,1970.5,1,0.9958010912,-0.0898024067,0.0176962856,0.0833844393,0.9697981477,0.2292008996,-0.0377448760,-0.2267633379,0.9732170105,1,13.8,13.4,2011.0,1,0.2085182220,-0.7258222699,-0.6555167437,0.9417801499,-0.0317447186,0.3347273171,-0.2637617290,-0.6871494055,0.6769456863,1,-127.8,176.1,1975.2,1,-0.0646116212,-0.7262558341,-0.6843812466,0.9968573451,-0.0154753365,-0.0776899233,0.0458317325,-0.6872501373,0.7249734998,1,-174.8,-36.2,2034.7,1,0.2995554209,0.4821607471,0.8232785463,-0.9483120441,0.0557385758,0.3124058843,0.1047414839,-0.8743078113,0.4739356637,1,123.2,197.1,1965.7,1,-0.1292955726,0.4756252170,0.8700937629,-0.9894255996,-0.0037234649,-0.1449928433,-0.0657225102,-0.8796399832,0.4710772932,1,191.7,-19.7,1989.7,1,1.0000000000,0.0000000000,-0.0000000001,-0.0000000000,1.0000000000,-0.0000000000,0.0000000001,0.0000000000,1.0000000000,0,-52.3,-166.6,2054.6,1,1.0000000000,0.0000000279,-0.0000187119,-0.0000000279,1.0000000000,-0.0000000249,0.0000187119,0.0000000249,1.0000000000,0,-52.3,-523.7,2054.6,0,0.7390652895,0.4391883612,0.5107797980,-0.4533481002,0.8851163983,-0.1050922349,-0.4982548356,-0.1538909972,0.8532640934,1,111.9,-152.9,2048.4,1,0.7390674353,0.4391866028,0.5107783079,-0.4533438683,0.8851182461,-0.1050952673,-0.4982556403,-0.1538857222,0.8532646298,1,-45.0,-468.9,2103.3,1,-158.2,-292.2,2022.9,1,161.5,-250.7,1974.3,1,-52.3,-867.1,2054.6,0,-195.7,-772.8,2156.1,1,
6,0.9963319898,-0.0841962174,0.0151939560,0.0778544620,0.9658681154,0.2470467538,-0.0354760066,-0.2449580878,0.9688832164,1,-18.9,368.7,1925.3,1,0.9963319898,-0.0841962174,0.0151939560,0.0778544620,0.9658681154,0.2470467538,-0.0354760066,-0.2449580878,0.9688832164,1,-3.2,188.9,1970.9,1,0.9954814911,-0.0934844390,0.0165709965,0.0871153027,0.9687914252,0.2320530415,-0.0377474390,-0.2295613438,0.9725607038,1,13.5,15.9,2011.9,1,0.1988923550,-0.7261587977,-0.6581301093,0.9436041713,-0.0394697934,0.3287146389,-0.2646752894,-0.6863931417,0.6773562431,1,-128.7,178.0,1975.6,1,-0.0622678101,-0.7278351188,-0.6829192638,0.9966098070,-0.0084761977,-0.0818360597,0.0537746027,-0.6856998205,0.7258952856,1,-174.2,-38.0,2036.2,1,0.3077534735,0.4835274816,0.8194442987,-0.9444516897,0.0508595780,0.3246911168,0.1153204739,-0.8738503456,0.4723205268,1,122.2,199.9,1966.1,1,-0.1370907873,0.4781482220,0.8675138950,-0.9873296022,0.0046958253,-0.1586131305,-0.0799142793,-0.8782665133,0.4714461565,1,194.3,-21.2,1993.1,1,1.0000000000,0.0000000000,-0.0000000001,-0.0000000000,1.0000000000,-0.0000000000,0.0000000001,0.0000000000,1.0000000000,0,-51.9,-164.2,2056.0,1,1.0000000000,0.0000000251,-0.0000168407,-0.0000000251,1.0000000000,-0.0000000224,0.0000168407,0.0000000224,1.0000000000,0,-51.9,-521.3,2056.0,0,0.8302174807,0.3646993041,0.4215843678,-0.3739126325,0.9252486229,-0.0640648603,-0.4134348035,-0.1044479162,0.9045232534,0,112.2,-149.9,2049.7,1,0.7867906094,0.4031182230,0.4673931003,-0.4146862328,0.9061294794,-0.0834546164,-0.4571607709,-0.1281601489,0.8801016808,0,-18.0,-480.3,2087.0,0,-158.2,-294.0,2022.4,1,162.3,-251.7,1974.5,1,-51.9,-864.7,2056.0,0,-156.5,-791.4,2131.1,0,
7,0.9963517189,-0.0818056911,0.0242595132,0.0740881935,0.9704516530,0.2296277732,-0.0423278101,-0.2269930989,0.9729748964,1,-17.8,367.4,1930.5,1,0.9963517189,-0.0818056911,0.0242595132,0.0740881935,0.9704516530,0.2296277732,-0.0423278101,-0.2269930989,0.9729748964,1,-2.6,187.3,1972.7,1,0.9958415031,-0.0876407400,0.0248220824,0.0799349248,0.9714912772,0.2231805027,-0.0436744131,-0.2202686667,0.9744597673,1,13.1,13.8,2012.0,1,0.2157373577,-0.7268179655,-0.6520681381,0.9463148117,-0.0090002269,0.3231211007,-0.2407190204,-0.6867710352,0.6858569384,1,-128.1,177.2,1978.2,1,-0.0766272992,-0.7243297100,-0.6851822734,0.9966675639,-0.0363712981,-0.0730128810,0.0279644299,-0.6884937286,0.7247029543,1,-176.6,-35.7,2032.3,1,0.3135682940,0.4799459279,0.8193454146,-0.9421005845,0.0492604077,0.3316923380,0.1188330948,-0.8759139776,0.4676038921,1,122.9,197.3,1967.2,1,-0.1384678334,0.4751772285,0.8689265251,-0.9867808819,0.0084006190,-0.1618424505,-0.0842033625,-0.8798500299,0.4677325487,1,194.5,-17.6,1994.3,1,1.0000000000,0.0000000000,-0.0000000000,-0.0000000000,1.0000000000,-0.0000000000,0.0000000000,0.0000000000,1.0000000000,0,-53.4,-166.2,2054.9,1,1.0000000000,0.0000000226,-0.0000151566,-0.0000000226,1.0000000000,-0.0000000202,0.0000151566,0.0000000202,1.0000000000,0,-53.4,-523.4,2054.9,0,0.7343811989,0.4372903109,0.5190969110,-0.4525192380,0.8854647875,-0.1057289690,-0.5058763027,-0.1572559625,0.8481508493,1,110.8,-153.1,2047.7,1,0.7343846560,0.4372837245,0.5190975666,-0.4525122344,0.8854684830,-0.1057276279,-0.5058774948,-0.1572532505,0.8481506109,1,-45.4,-469.2,2103.9,1,-157.0,-291.6,2025.2,1,162.1,-248.0,1974.6,1,-53.4,-866.8,2054.9,0,-195.5,-773.3,2157.9,1,
8,0.9965040684,-0.0752162784,0.0363232195,0.0652591735,0.9725152850,0.2234942615,-0.0521355942,-0.2203429043,0.9740268588,1,-18.3,372.8,1933.2,1,0.9965040684,-0.0752162784,0.0363232195,0.0652591735,0.9725152850,0.2234942615,-0.0521355942,-0.2203429043,0.9740268588,1,-4.3,191.5,1974.3,1,0.9960678220,-0.0805809721,0.0367819294,0.0707085654,0.9734337330,0.2177648693,-0.0533527806,-0.2143081725,0.9753066301,1,10.1,17.7,2012.5,1,0.2014109343,-0.7354407310,-0.6469626427,0.9528363347,-0.0059740245,0.3034258783,-0.2270167023,-0.6775628328,0.6995514035,1,-129.8,182.6,1981.0,1,-0.0677795708,-0.7332988381,-0.6765195727,0.9973850250,-0.0327599198,-0.0644172654,0.0250743758,-0.6791166663,0.7336019874,1,-176.4,-37.8,2033.5,1,0.3051959574,0.4706934392,0.8278303742,-0.9462252855,0.0519414023,0.3193114102,0.1072991043,-0.8807666302,0.4612343609,1,121.2,200.4,1967.6,1,-0.1317928731,0.4653404057,0.8752650023,-0.9882447124,0.0073350593,-0.1527044773,-0.0774796978,-0.8851013780,0.4589034617,1,193.2,-22.6,1992.8,1,1.0000000000,0.0000000000,-0.0000000000,-0.0000000000,1.0000000000,-0.0000000000,0.0000000000,0.0000000000,1.0000000000,0,-57.6,-162.0,2055.2,1,1.0000000000,0.0000000203,-0.0000136410,-0.0000000203,1.0000000000,-0.0000000182,0.0000136410,0.0000000182,1.0000000000,0,-57.6,-519.1,2055.2,0,0.8271149993,0.3634656370,0.4286881089,-0.3733777702,0.9254516959,-0.0642507821,-0.4200831056,-0.1069198400,0.9011650085,0,106.6,-150.3,2046.4,1,0.7829279900,0.4015702605,0.4751474559,-0.4140156507,0.9064000249,-0.0838453099,-0.4643434584,-0.1310736388,0.8759022951,0,-23.2,-480.8,2084.6,0,-159.0,-293.9,2027.1,1,162.4,-253.3,1974.7,1,-57.6,-862.5,2055.2,0,-161.1,-792.1,2129.6,0,
9,0.9963517785,-0.0831967145,0.0189388860,0.0771101713,0.9729890227,0.2175794393,-0.0365294777,-0.2153256685,0.9758575559,1,-17.7,371.5,1935.0,1,0.9963517785,-0.0831967145,0.0189388860,0.0771101713,0.9729890227,0.2175794393,-0.0365294777,-0.2153256685,0.9758575559,1,-2.2,190.3,1975.1,1,0.9956648946,-0.0909715146,0.0193097126,0.0847859606,0.9732682109,0.2134356648,-0.0382103547,-0.2108735740,0.9767649770,1,14.0,16.5,2012.8,1,0.2230426818,-0.7232157588,-0.6536138058,0.9451097846,-0.0038103908,0.3267305493,-0.2387871742,-0.6906116605,0.6826685071,1,-127.7,179.6,1979.9,1,-0.0756719261,-0.7204442620,-0.6893721223,0.9968062043,-0.0369632468,-0.0707894787,0.0255184397,-0.6925271749,0.7209403515,1,-177.9,-33.3,2033.7,1,0.2908081710,0.4843843579,0.8251075149,-0.9517569542,0.0581896901,0.3012850285,0.0979249850,-0.8729179502,0.4779382050,1,123.2,201.0,1970.3,1,-0.1241748109,0.4765373766,0.8703405261,-0.9910457730,-0.0161766484,-0.1325390637,-0.0490806326,-0.8790053129,0.4742790759,1,191.3,-21.6,1993.2,1,1.0000000000,0.0000000000,-0.0000000000,-0.0000000000,1.0000000000,-0.0000000000,0.0000000000,0.0000000000,1.0000000000,0,-51.8,-164.2,2053.6,1,1.0000000000,0.0000000183,-0.0000122769,-0.0000000183,1.0000000000,-0.0000000163,0.0000122769,0.0000000163,1.0000000000,0,-51.8,-521.3,2053.6,0,0.7413700223,0.4110980928,0.5304423571,-0.4385920167,0.8950572610,-0.0806825235,-0.5079447031,-0.1728321463,0.8438728452,1,112.3,-150.2,2047.3,1,0.7413710356,0.4110968113,0.5304416418,-0.4385893941,0.8950583339,-0.0806839317,-0.5079451203,-0.1728293449,0.8438730240,1,-34.4,-469.7,2109.0,1,-158.5,-289.3,2027.2,1,162.3,-252.9,1981.8,1,-51.8,-864.7,2053.6,0,-175.5,-776.8,2168.3,1,
10,0.9956097603,-0.0914563611,0.0198517554,0.0853366405,0.9742679596,0.2086003572,-0.0384190157,-0.2059908062,0.9777981639,1,-18.0,368.4,1937.5,1,0.9956097603,-0.0914563611,0.0198517554,0.0853366405,0.9742679596,0.2086003572,-0.0384190157,-0.2059908062,0.9777981639,1,-1.0,187.3,1975.8,1,0.9949216247,-0.0987034887,0.0196427405,0.0923843980,0.9731638432,0.2107409090,-0.0399167314,-0.2078563571,0.9773433208,1,16.6,13.6,2012.9,1,0.2185603231,-0.7255694270,-0.6525185108,0.9441471696,-0.0117572695,0.3293144405,-0.2466123700,-0.6880485415,0.6824745536,1,-126.4,175.7,1980.8,1,-0.0613848679,-0.7244298458,-0.6866098642,0.9975354075,-0.0211066026,-0.0669132993,0.0339819901,-0.6890251040,0.7239401937,1,-175.0,-34.3,2035.6,1,0.2926979065,0.4833288789,0.8250582218,-0.9513908029,0.0607303828,0.3019391298,0.0958298147,-0.8733297586,0.4776103497,1,124.3,199.0,1970.7,1,-0.1224049851,0.4759529233,0.8709108829,-0.9910913706,-0.0122112334,-0.1326226890,-0.0524872653,-0.8793859482,0.4732075632,1,192.3,-22.0,1993.0,1,1.0000000000,0.0000000000,-0.0000000000,-0.0000000000,1.0000000000,-0.0000000000,0.0000000000,0.0000000000,1.0000000000,0,-47.8,-167.8,2053.3,1,1.0000000000,0.0000000165,-0.0000110492,-0.0000000165,1.0000000000,-0.0000000147,0.0000110492,0.0000000147,1.0000000000,0,-47.8,-524.9,2053.3,0,0.8317330480,0.3425631225,0.4368873537,-0.3604508936,0.9317233562,-0.0443481579,-0.4222501814,-0.1205906346,0.8984223008,0,116.2,-152.6,2046.7,1,0.7886836529,0.3780006468,0.4848645031,-0.4004638493,0.9142559171,-0.0613574572,-0.4664833844,-0.1457791328,0.8724343181,0,-6.1,-485.3,2089.8,0,-159.2,-290.5,2026.9,1,163.8,-253.4,1980.7,1,-47.8,-868.3,2053.3,0,-135.9,-799.3,2139.8,0,
11,0.9954577684,-0.0934603736,0.0180555824,0.0882219970,0.9770830870,0.1937004179,-0.0357453749,-0.1912280470,0.9808932543,1,-17.0,363.8,1941.7,1,0.9954577684,-0.0934603736,0.0180555824,0.0882219970,0.9770830870,0.1937004179,-0.0357453749,-0.1912280470,0.9808932543,1,0.4,182.3,1977.2,1,0.9949340224,-0.0990434363,0.0171420928,0.0935330018,0.9747062922,0.2029623091,-0.0368108451,-0.2003310919,0.9790351987,1,18.1,8.2,2013.0,1,0.2187711596,-0.7256407738,-0.6523684859,0.9431063533,-0.0143063962,0.3321831226,-0.2503786385,-0.6879249215,0.6812266707,1,-125.0,170.5,1981.9,1,-0.0566257313,-0.7251145244,-0.6862961054,0.9976359606,-0.0142875966,-0.0672183931,0.0389355160,-0.6884799600,0.7242094278,1,-173.2,-37.5,2037.1,1,0.2948148847,0.4854448438,0.8230598569,-0.9512864947,0.0677859932,0.3007642925,0.0902125463,-0.8716354966,0.4817813933,1,125.8,194.0,1972.6,1,-0.1225265637,0.4776773453,0.8699491620,-0.9909713268,-0.0108075291,-0.1336374730,-0.0544335954,-0.8784688711,0.4746887982,1,193.6,-24.8,1993.3,1,1.0000000000,0.0000000000,-0.0000000000,-0.0000000000,1.0000000000,-0.0000000000,0.0000000000,0.0000000000,1.0000000000,0,-46.2,-173.5,2051.8,1,1.0000000000,0.0000000148,-0.0000099443,-0.0000000148,1.0000000000,-0.0000000132,0.0000099443,0.0000000132,1.0000000000,0,-46.2,-530.6,2051.8,0,0.7303895950,0.4270429015,0.5330715179,-0.4590360224,0.8848193884,-0.0798779503,-0.5057833195,-0.1863570064,0.8422910571,1,117.7,-158.1,2045.7,1,0.7303920388,0.4270425439,0.5330686569,-0.4590312243,0.8848214149,-0.0798840225,-0.5057844520,-0.1863484681,0.8422923684,1,-34.6,-473.8,2112.2,1,-158.7,-293.7,2027.1,1,165.0,-256.1,1980.6,1,-46.2,-874.0,2051.8,0,-181.1,-777.3,2176.1,1,
12,0.9949064851,-0.0971016288,0.0270111356,0.0904360488,0.9783655405,0.1860558689,-0.0444933660,-0.1826657355,0.9821665883,1,-17.9,361.4,1944.3,1,0.9949064851,-0.0971016288,0.0270111356,0.0904360488,0.9783655405,0.1860558689,-0.0444933660,-0.1826657355,0.9821665883,1,0.1,179.8,1978.2,1,0.9944778085,-0.1017558202,0.0256293267,0.0946474373,0.9752864838,0.1996313035,-0.0453098603,-0.1961034685,0.9795346260,1,18.3,5.6,2013.2,1,0.2124858648,-0.7320775390,-0.6472343802,0.9450917244,-0.0143389255,0.3264904618,-0.2482969463,-0.6810705066,0.6888335943,1,-125.2,167.9,1983.9,1,-0.0496812537,-0.7324177027,-0.6790406108,0.9974811673,-0.0019220635,-0.0709064454,0.0506279767,-0.6808528900,0.7306682467,1,-172.4,-42.3,2039.1,1,0.2962269485,0.4792509675,0.8261767626,-0.9508241415,0.0660445541,0.3026080728,0.0904607475,-0.8751894832,0.4752475321,1,125.5,191.7,1972.5,1,-0.1245643720,0.4727981091,0.8723219633,-0.9898982048,0.0007825308,-0.1417779326,-0.0677149668,-0.8811704516,0.4679245055,1,194.7,-30.7,1993.7,1,1.0000000000,0.0000000000,-0.0000000000,-0.0000000000,1.0000000000,-0.0000000000,0.0000000000,0.0000000000,1.0000000000,0,-45.5,-176.3,2052.0,1,1.0000000000,0.0000000133,-0.0000089498,-0.0000000133,1.0000000000,-0.0000000119,0.0000089498,0.0000000119,1.0000000000,0,-45.5,-533.4,2052.0,0,0.8244553208,0.3567327857,0.4393348992,-0.3775637150,0.9250053167,-0.0425537303,-0.4215674102,-0.1307932734,0.8973149061,0,118.4,-160.7,2044.5,1,0.7796240449,0.3931729198,0.4874437451,-0.4193202257,0.9058537483,-0.0599966645,-0.4651417732,-0.1576201767,0.8710907102,0,-9.0,-491.0,2091.2,0,-159.7,-298.5,2026.1,1,165.7,-261.8,1977.9,1,-45.5,-876.8,2052.0,0,-144.0,-802.1,2145.4,0,
13,0.9948113561,-0.0957243741,0.0344154350,0.0878381282,0.9789959192,0.1839725077,-0.0513035133,-0.1799952835,0.9823274612,1,-18.0,358.6,1945.6,1,0.9948113561,-0.0957243741,0.0344154350,0.0878381282,0.9789959192,0.1839725077,-0.0513035133,-0.1799952835,0.9823274612,1,-0.3,177.2,1979.0,1,0.9942023158,-0.1022969931,0.0330797136,0.0938504562,0.9758662581,0.1971587092,-0.0524504185,-0.1929114312,0.9798120856,1,18.0,2.9,2013.4,1,0.2092601210,-0.7377939820,-0.6417712569,0.9454225302,-0.0149888545,0.3255021274,-0.2497729212,-0.6748596430,0.6943904161,1,-125.5,165.4,1985.6,1,-0.0511464775,-0.7383480072,-0.6724777222,0.9975357652,-0.0053880475,-0.0699535236,0.0480266996,-0.6743984818,0.7368040681,1,-172.0,-44.6,2041.0,1,0.3060183227,0.4741288424,0.8255631924,-0.9471123815,0.0636307225,0.3145302236,0.0965966731,-0.8781531453,0.4685254693,1,125.0,189.0,1972.3,1,-0.1149779558,0.4700899124,0.8750974536,-0.9900481701,0.0177321211,-0.1396066695,-0.0811450109,-0.8824403286,0.4633729160,1,196.5,-32.3,1994.9,1,1.0000000000,0.0000000000,-0.0000000000,-0.0000000000,1.0000000000,-0.0000000000,0.0000000000,0.0000000000,1.0000000000,0,-45.7,-179.0,2052.2,1,1.0000000000,0.0000000120,-0.0000080549,-0.0000000120,1.0000000000,-0.0000000107,0.0000080549,0.0000000107,1.0000000000,0,-45.7,-536.2,2052.2,0,0.7093420625,0.4502304494,0.5423341393,-0.4815543890,0.8714067340,-0.0935715362,-0.5147224069,-0.1947891414,0.8349359632,1,118.2,-163.6,2043.5,1,0.7093442082,0.4502308965,0.5423309803,-0.4815502167,0.8714083433,-0.0935777426,-0.5147233009,-0.1947807670,0.8349373341,1,-42.5,-474.6,2113.1,1,-158.9,-300.8,2028.7,1,169.7,-263.4,1976.0,1,-45.7,-879.6,2052.2,0,-197.0,-773.7,2179.9,1,
14,0.9949423075,-0.0962314829,0.0287480727,0.0893092155,0.9786571264,0.1850632578,-0.0459437035,-0.1815601438,0.9823047519,1,-17.8,359.0,1945.2,1,0.9949423075,-0.0962314829,0.0287480727,0.0893092155,0.9786571264,0.1850632578,-0.0459437035,-0.1815601438,0.9823047519,1,0.0,177.4,1978.9,1,0.9943801761,-0.1022081524,0.0275442712,0.0948456973,0.9758182764,0.1969197839,-0.0470052958,-0.1932010204,0.9800313115,1,18.3,3.2,2013.4,1,0.2063021958,-0.7345911264,-0.6463863254,0.9464637041,-0.0178123116,0.3223185241,-0.2482859641,-0.6782761812,0.6915890574,1,-125.3,165.5,1984.9,1,-0.0520995446,-0.7351946235,-0.6758509874,0.9978537560,-0.0114431120,-0.0644740015,0.0396670997,-0.6777595282,0.7342129350,1,-171.7,-47.5,2040.7,1,0.2998404205,0.4799886346,0.8244431615,-0.9488833547,0.0607605800,0.3097232282,0.0985699892,-0.8751679659,0.4736717343,1,125.3,189.4,1973.0,1,-0.0998851582,0.4780954719,0.8726096153,-0.9910018444,0.0307279229,-0.1302727610,-0.0890963078,-0.8777700067,0.4707243145,1,195.9,-34.0,1996.2,1,1.0000000000,0.0000000000,-0.0000000000,-0.0000000000,1.0000000000,-0.0000000000,0.0000000000,0.0000000000,1.0000000000,0,-45.4,-178.9,2051.8,1,1.0000000000,0.0000000108,-0.0000072494,-0.0000000108,1.0000000000,-0.0000000097,0.0000072494,0.0000000097,1.0000000000,0,-45.4,-536.0,2051.8,0,0.8104839921,0.3770222366,0.4482967556,-0.3974461854,0.9161540866,-0.0519447513,-0.4302932322,-0.1360734403,0.8923742175,0,118.5,-163.2,2044.1,1,0.7622426152,0.4150672555,0.4966943562,-0.4406865835,0.8948116302,-0.0714663565,-0.4741112292,-0.1644118726,0.8649781942,0,-16.2,-490.4,2092.7,0,-158.3,-303.8,2030.5,1,172.6,-265.4,1975.4,1,-45.4,-879.4,2051.8,0,-158.7,-797.7,2149.1,0,
15,0.9948138595,-0.0959033445,0.0338389426,0.0880219862,0.9786283374,0.1858309507,-0.0509378575,-0.1818889827,0.9819976091,1,-17.7,358.8,1945.6,1,0.9948138595,-0.0959033445,0.0338389426,0.0880219862,0.9786283374,0.1858309507,-0.0509378575,-0.1818889827,0.9819976091,1,0.1,176.9,1979.4,1,0.9940087199,-0.1043390930,0.0325137228,0.0958784968,0.9753435850,0.1987625360,-0.0524510555,-0.1944546700,0.9795069098,1,18.7,2.7,2014.1,1,0.2074723542,-0.7373613715,-0.6428478956,0.9459424019,-0.0162461698,0.3239276111,-0.2492955178,-0.6753031015,0.6941307187,1,-125.1,164.8,1986.0,1,-0.0516972020,-0.7376587391,-0.6731918454,0.9978010654,-0.0101546850,-0.0654981732,0.0414792374,-0.6750976443,0.7365615368,1,-171.6,-46.8,2041.8,1,0.2971611023,0.4750691354,0.8282538652,-0.9500369430,0.0603276119,0.3062518239,0.0955242366,-0.8778779507,0.4692603648,1,125.4,188.9,1972.8,1,-0.0923400447,0.4735570550,0.8759092093,-0.9919314981,0.0329895578,-0.1224070266,-0.0868625715,-0.8801450133,0.4666899443,1,194.9,-33.2,1995.1,1,1.0000000000,0.0000000000,-0.0000000000,-0.0000000000,1.0000000000,-0.0000000000,0.0000000000,0.0000000000,1.0000000000,0,-44.5,-179.4,2053.1,1,1.0000000000,0.0000000097,-0.0000065244,-0.0000000097,1.0000000000,-0.0000000087,0.0000065244,0.0000000087,1.0000000000,0,-44.5,-536.5,2053.1,0,0.7075624466,0.4584907293,0.5377189517,-0.4863960147,0.8679890633,-0.1000697389,-0.5126152039,-0.1907387525,0.8371645212,1,119.3,-163.6,2044.5,1,0.7075647712,0.4584900439,0.5377163887,-0.4863914847,0.8679910302,-0.1000745445,-0.5126162171,-0.1907314658,0.8371655345,1,-44.4,-473.5,2112.6,1,-158.3,-303.1,2031.1,1,173.3,-264.8,1974.8,1,-44.5,-879.9,2053.1,0,-201.8,-771.5,2178.1,1,
16,0.9950258732,-0.0914931744,0.0393664613,0.0825478733,0.9786726236,0.1880959272,-0.0557366870,-0.1839110404,0.9813601375,1,-19.0,362.0,1945.2,1,0.9950258732,-0.0914931744,0.0393664613,0.0825478733,0.9786726236,0.1880959272,-0.0557366870,-0.1839110404,0.9813601375,1,-1.9,179.9,1979.4,1,0.9941312671,-0.1011883765,0.0382234082,0.0916206837,0.9755635262,0.1996891648,-0.0574959069,-0.1950155348,0.9791122079,1,16.1,5.7,2014.3,1,0.1951338351,-0.7421174049,-0.6412367225,0.9497569203,-0.0201498568,0.3123390973,-0.2447130829,-0.6699669361,0.7008992434,1,-127.2,168.4,1986.7,1,-0.0475518219,-0.7427374125,-0.6678920984,0.9980476499,-0.0082228277,-0.0619135611,0.0404935628,-0.6695322394,0.7416783571,1,-171.5,-47.0,2042.2,1,0.3001270294,0.4717640579,0.8290731907,-0.9484430552,0.0547551364,0.3121821582,0.1018803120,-0.8800230622,0.4638748169,1,123.4,191.5,1972.2,1,-0.0865881816,0.4723454714,0.8771500587,-0.9908451438,0.0507084429,-0.1251181364,-0.1035779044,-0.8799536228,0.4636304677,1,194.8,-34.4,1996.5,1,1.0000000000,0.0000000000,-0.0000000000,-0.0000000000,1.0000000000,-0.0000000000,0.0000000000,0.0000000000,1.0000000000,0,-47.7,-176.0,2053.8,1,1.0000000000,0.0000000087,-0.0000058720,-0.0000000087,1.0000000000,-0.0000000078,0.0000058720,0.0000000078,1.0000000000,0,-47.7,-533.1,2053.8,0,0.8093043566,0.3836641312,0.4447789490,-0.4018608928,0.9139169455,-0.0571281239,-0.4284090698,-0.1325051785,0.8938165903,0,116.1,-160.9,2044.3,1,0.7607742548,0.4225294590,0.4926372766,-0.4453541636,0.8920103908,-0.0773118511,-0.4721041322,-0.1605811715,0.8667937517,0,-20.9,-487.3,2091.7,0,-159.2,-303.3,2031.8,1,174.6,-265.7,1972.3,1,-47.7,-876.5,2053.8,0,-166.0,-793.6,2146.8,0,
17,0.9949052930,-0.0825038105,0.0579108670,0.0685805604,0.9750827551,0.2109612525,-0.0738733709,-0.2059153020,0.9757761955,1,-20.4,364.1,1940.6,1,0.9949052930,-0.0825038105,0.0579108670,0.0685805604,0.9750827551,0.2109612525,-0.0738733709,-0.2059153020,0.9757761955,1,-5.1,182.4,1978.9,1,0.9941342473,-0.0914564505,0.0577053837,0.0772192627,0.9739354253,0.2132635117,-0.0757060200,-0.2075569779,0.9752877951,1,11.3,8.5,2016.0,1,0.1836615354,-0.7536678910,-0.6310729980,0.9535111785,-0.0194501430,0.3007294536,-0.2389246076,-0.6569675803,0.7150584459,1,-130.3,172.7,1988.5,1,-0.0537845865,-0.7538326979,-0.6548614502,0.9978754520,-0.0164289866,-0.0630448014,0.0367665216,-0.6568610072,0.7531147599,1,-172.4,-45.8,2043.2,1,0.3153312504,0.4539287686,0.8333755732,-0.9423412681,0.0460711271,0.3314670920,0.1120679006,-0.8898461461,0.4422834218,1,120.2,192.1,1969.4,1,-0.0865535885,0.4552667439,0.8861380816,-0.9911487699,0.0505221076,-0.1227669865,-0.1006612927,-0.8889205456,0.4468641579,1,194.5,-29.9,1995.8,1,1.0000000000,0.0000000000,-0.0000000000,-0.0000000000,1.0000000000,-0.0000000000,0.0000000000,0.0000000000,1.0000000000,0,-54.3,-171.7,2059.3,1,1.0000000000,0.0000000079,-0.0000052848,-0.0000000079,1.0000000000,-0.0000000070,0.0000052848,0.0000000070,1.0000000000,0,-54.3,-528.9,2059.3,0,0.7113695741,0.4443958700,0.5444864035,-0.4613789022,0.8796930909,-0.1151930019,-0.5301722288,-0.1692697406,0.8308218718,1,109.5,-159.0,2046.8,1,0.7113709450,0.4443977773,0.5444833040,-0.4613765478,0.8796936274,-0.1151991263,-0.5301727057,-0.1692625433,0.8308231235,1,-49.1,-473.0,2107.2,1,-158.6,-302.1,2033.8,1,174.3,-261.3,1972.3,1,-54.3,-872.3,2059.3,0,-201.6,-774.8,2165.3,1,
18,0.9951490760,-0.0811947137,0.0555223376,0.0672241524,0.9734709263,0.2186995298,-0.0718069971,-0.2139065862,0.9742100239,1,-20.7,364.6,1938.2,1,0.9951490760,-0.0811947137,0.0555223376,0.0672241524,0.9734709263,0.2186995298,-0.0718069971,-0.2139065862,0.9742100239,1,-5.6,183.2,1978.0,1,0.9944651127,-0.0890951976,0.0556621924,0.0750437006,0.9732574224,0.2171007842,-0.0735166520,-0.2117224485,0.9745596051,1,10.3,9.4,2015.8,1,0.2059555203,-0.7478825450,-0.6310736537,0.9504964948,-0.0004502088,0.3107349575,-0.2326774150,-0.6638308764,0.7107669711,1,-130.9,173.7,1987.3,1,-0.0692038536,-0.7455055118,-0.6628969908,0.9975402951,-0.0442881435,-0.0543320924,0.0111464001,-0.6650264263,0.7467367053,1,-177.5,-41.3,2039.9,1,0.3083636761,0.4563415647,0.8346641660,-0.9443621635,0.0413162559,0.3263021111,0.1144200116,-0.8888449669,0.4436921477,1,119.7,192.6,1968.8,1,-0.1035932973,0.4572917521,0.8832624555,-0.9896798730,0.0410050415,-0.1373039931,-0.0990062058,-0.8883708119,0.4483245909,1,191.6,-27.5,1995.4,1,1.0000000000,0.0000000000,-0.0000000000,-0.0000000000,1.0000000000,-0.0000000000,0.0000000000,0.0000000000,1.0000000000,0,-55.7,-170.5,2059.7,1,1.0000000000,0.0000000071,-0.0000047563,-0.0000000071,1.0000000000,-0.0000000063,0.0000047563,0.0000000063,1.0000000000,0,-55.7,-527.7,2059.7,0,0.8118455410,0.3707227111,0.4510781169,-0.3817937374,0.9215735197,-0.0702554062,-0.4417468905,-0.1151822880,0.8897149563,0,108.2,-158.2,2047.6,1,0.7639265060,0.4088931978,0.4992219210,-0.4227803648,0.9015998244,-0.0915121660,-0.4875171185,-0.1411526799,0.8616280556,0,-24.2,-487.3,2088.7,0,-159.7,-297.4,2037.1,1,167.4,-258.5,1972.3,1,-55.7,-871.1,2059.7,0,-164.6,-796.9,2137.2,0,
19,0.9949608445,-0.0846175849,0.0537580587,0.0710228458,0.9734225869,0.2177122831,-0.0707519501,-0.2127975225,0.9745301604,1,-22.7,365.9,1938.5,1,0.9949608445,-0.0846175849,0.0537580587,0.0710228458,0.9734225869,0.2177122831,-0.0707519501,-0.2127975225,0.9745301604,1,-7.0,184.4,1978.1,1,0.9946459532,-0.0880699158,0.0540384613,0.0745730549,0.9738590121,0.2145503759,-0.0715216324,-0.2093722373,0.9752156138,1,8.8,10.6,2015.5,1,0.1960257590,-0.7497910261,-0.6319709420,0.9505848289,-0.0129308999,0.3101955652,-0.2407538146,-0.6615483165,0.7102051973,1,-132.3,175.0,1987.2,1,-0.0642854348,-0.7485352755,-0.6599715352,0.9977588654,-0.0359075591,-0.0564619675,0.0185658056,-0.6621221304,0.7491660118,1,-177.1,-42.2,2042.2,1,0.3081240654,0.4565988779,0.8346118331,-0.9452209473,0.0475401357,0.3229507804,0.1077814177,-0.8884014487,0.4462351203,1,118.4,193.8,1969.1,1,-0.1110296994,0.4560739696,0.8829886317,-0.9889265895,0.0373320468,-0.1436331123,-0.0984710902,-0.8891584277,0.4468787313,1,190.4,-27.0,1994.3,1,1.0000000000,0.0000000000,-0.0000000000,-0.0000000000,1.0000000000,-0.0000000000,0.0000000000,0.0000000000,1.0000000000,0,-57.5,-169.5,2058.8,1,1.0000000000,0.0000000064,-0.0000042807,-0.0000000064,1.0000000000,-0.0000000057,0.0000042807,0.0000000057,1.0000000000,0,-57.5,-526.6,2058.8,0,0.7265937924,0.4307501316,0.5352718234,-0.4354737103,0.8913189769,-0.1261476725,-0.5314360857,-0.1414387077,0.8352071047,1,106.5,-157.2,2047.0,1,0.7265958190,0.4307503998,0.5352687240,-0.4354691803,0.8913201690,-0.1261543334,-0.5314368606,-0.1414297819,0.8352081180,1,-47.3,-475.4,2097.5,1,-160.6,-298.4,2037.4,1,164.5,-257.9,1971.3,1,-57.5,-870.0,2058.8,0,-195.2,-781.3,2146.1,1,
20,0.9951359630,-0.0859209895,0.0481554344,0.0730366409,0.9717308283,0.2244974375,-0.0660835132,-0.2198887765,0.9732827544,1,-23.7,366.9,1936.6,1,0.9951359630,-0.0859209895,0.0481554344,0.0730366409,0.9717308283,0.2244974375,-0.0660835132,-0.2198887765,0.9732827544,1,-7.7,186.0,1977.5,1,0.9950561523,-0.0865685865,0.0486436486,0.0739371255,0.9729180932,0.2189933360,-0.0662845746,-0.2143144906,0.9745117426,1,7.8,12.3,2015.8,1,0.1995379031,-0.7461838722,-0.6351332664,0.9482857585,-0.0162422061,0.3170021474,-0.2468578815,-0.6655417681,0.7043545842,1,-133.1,176.7,1985.9,1,-0.0614642762,-0.7451703548,-0.6640354991,0.9980071187,-0.0363628492,-0.0515714251,0.0142832818,-0.6658819318,0.7459203005,1,-178.6,-39.8,2042.2,1,0.2983512580,0.4606029987,0.8359614015,-0.9486221671,0.0464079157,0.3129893243,0.1053685993,-0.8863922358,0.4507840574,1,117.7,195.3,1969.2,1,-0.0997719020,0.4609443247,0.8818026185,-0.9898086190,0.0445220545,-0.1352652758,-0.1016094312,-0.8863115311,0.4518046081,1,187.2,-25.5,1993.7,1,1.0000000000,0.0000000000,-0.0000000000,-0.0000000000,1.0000000000,-0.0000000000,0.0000000000,0.0000000000,1.0000000000,0,-58.8,-167.5,2059.5,1,1.0000000000,0.0000000057,-0.0000038526,-0.0000000057,1.0000000000,-0.0000000051,0.0000038526,0.0000000051,1.0000000000,0,-58.8,-524.7,2059.5,0,0.8219574690,0.3574942052,0.4433777332,-0.3605702221,0.9292267561,-0.0807884634,-0.4408798814,-0.0934641063,0.8926866651,0,105.3,-155.3,2048.6,1,0.7765036821,0.3952804506,0.4907091558,-0.3991378248,0.9111588597,-0.1023647115,-0.4875767529,-0.1163739786,0.8652895689,0,-22.4,-487.2,2082.0,0,-162.8,-296.1,2038.6,1,163.9,-256.6,1970.0,1,-58.8,-868.0,2059.5,0,-158.2,-800.1,2121.9,0,
21,0.9950482249,-0.0842953101,0.0526350513,0.0691382959,0.9676439166,0.2426514626,-0.0713867247,-0.2378112227,0.9686832428,1,-24.9,365.1,1931.7,1,0.9950482249,-0.0842953101,0.0526350513,0.0691382959,0.9676439166,0.2426514626,-0.0713867247,-0.2378112227,0.9686832428,1,-9.2,185.0,1976.0,1,0.9946372509,-0.0884503499,0.0535753407,0.0737474039,0.9698881507,0.2321050763,-0.0724922270,-0.2269097567,0.9712128043,1,6.6,11.9,2016.5,1,0.2089809030,-0.7452678680,-0.6331689358,0.9477156401,-0.0053292066,0.3190715313,-0.2411680073,-0.6667439342,0.7051883340,1,-134.5,175.8,1985.1,1,-0.0692263693,-0.7428084016,-0.6659154892,0.9975958467,-0.0536875874,-0.0438198969,-0.0032016069,-0.6673480272,0.7447391748,1,-181.2,-35.8,2038.9,1,0.2967497110,0.4556280971,0.8392512798,-0.9481362104,0.0357360467,0.3158491552,0.1139182299,-0.8894526362,0.4426021576,1,116.2,194.3,1966.8,1,-0.0894463807,0.4576924741,0.8845999241,-0.9903963804,0.0531382710,-0.1276377738,-0.1054249480,-0.8875212669,0.4485439360,1,184.0,-22.4,1992.9,1,1.0000000000,0.0000000000,-0.0000000000,-0.0000000000,1.0000000000,-0.0000000000,0.0000000000,0.0000000000,1.0000000000,0,-59.6,-167.4,2063.0,1,1.0000000000,0.0000000052,-0.0000034673,-0.0000000052,1.0000000000,-0.0000000046,0.0000034673,0.0000000046,1.0000000000,0,-59.6,-524.5,2063.0,0,0.7552791238,0.3915640712,0.5255769491,-0.3826322556,0.9145005941,-0.1314582825,-0.5321148038,-0.1018149927,0.8405281901,1,104.4,-155.2,2051.0,1,0.7552793026,0.3915656805,0.5255751610,-0.3826312721,0.9145002961,-0.1314624250,-0.5321148038,-0.1018106565,0.8405285478,1,-35.2,-481.2,2087.3,1,-163.4,-292.0,2039.8,1,163.1,-253.7,1968.3,1,-59.6,-867.9,2063.0,0,-169.4,-794.6,2122.2,1,
22,0.9949526787,-0.0865571275,0.0507361926,0.0715737194,0.9667102098,0.2456482649,-0.0703101456,-0.2407774478,0.9680290818,1,-26.7,364.7,1929.8,1,0.9949526787,-0.0865571275,0.0507361926,0.0715737194,0.9667102098,0.2456482649,-0.0703101456,-0.2407774478,0.9680290818,1,-10.5,184.4,1974.7,1,0.9944229126,-0.0918568149,0.0517925397,0.0773214549,0.9691090584,0.2341867685,-0.0717046186,-0.2288764417,0.9708097577,1,5.9,11.3,2015.6,1,0.1956158429,-0.7466012836,-0.6358624697,0.9492062926,-0.0188044608,0.3140919507,-0.2464584559,-0.6650060415,0.7050002217,1,-135.9,174.6,1983.7,1,-0.0633449629,-0.7453257442,-0.6636843681,0.9979851842,-0.0449159704,-0.0448109284,0.0035887139,-0.6651856899,0.7466693521,1,-179.9,-38.8,2039.1,1,0.2948222458,0.4572800100,0.8390319943,-0.9483844042,0.0326830000,0.3154343367,0.1168197468,-0.8887219429,0.4433129132,1,114.8,194.1,1965.7,1,-0.0865235850,0.4599913061,0.8836976886,-0.9905109406,0.0553523824,-0.1257943362,-0.1067790762,-0.8861963749,0.4508371353,1,182.2,-22.9,1992.4,1,1.0000000000,0.0000000000,-0.0000000000,-0.0000000000,1.0000000000,-0.0000000000,0.0000000000,0.0000000000,1.0000000000,0,-59.7,-168.1,2062.3,1,1.0000000000,0.0000000046,-0.0000031206,-0.0000000046,1.0000000000,-0.0000000042,0.0000031206,0.0000000042,1.0000000000,0,-59.7,-525.2,2062.3,0,0.8409414291,0.3225100636,0.4345166981,-0.3167047501,0.9444289207,-0.0880464986,-0.4387660325,-0.0635715351,0.8963498473,0,104.2,-155.3,2050.5,1,0.8001531959,0.3579060435,0.4813087583,-0.3506099582,0.9301781654,-0.1088173091,-0.4866492748,-0.0816811174,0.8697704673,0,-11.0,-492.6,2073.2,0,-163.6,-295.1,2038.2,1,162.0,-254.2,1967.5,1,-59.7,-868.6,2062.3,0,-133.9,-812.0,2101.3,0,
23,0.9949980974,-0.0886259750,0.0460592099,0.0744036958,0.9653369188,0.2501663268,-0.0666342229,-0.2454884648,0.9671054482,1,-28.0,364.3,1927.8,1,0.9949980974,-0.0886259750,0.0460592099,0.0744036958,0.9653369188,0.2501663268,-0.0666342229,-0.2454884648,0.9671054482,1,-11.5,184.3,1973.5,1,0.9945607185,-0.0928336009,0.0472021475,0.0790633485,0.9680416584,0.2379887998,-0.0677873418,-0.2329627872,0.9701189399,1,5.1,11.5,2015.1,1,0.2052632719,-0.7416524887,-0.6386067271,0.9474575520,-0.0129868686,0.3196176887,-0.2453387678,-0.6706585288,0.7000185847,1,-136.8,174.3,1982.1,1,-0.0782012567,-0.7388145328,-0.6693562865,0.9969332814,-0.0599376447,-0.0503149629,-0.0029462127,-0.6712382436,0.7412359118,1,-183.1,-39.0,2037.3,1,0.2946003973,0.4597705007,0.8377479911,-0.9485310912,0.0341011211,0.3148427904,0.1161872745,-0.8873828053,0.4461527765,1,113.8,194.3,1965.0,1,-0.0855510011,0.4622710347,0.8826020360,-0.9903851748,0.0572001263,-0.1259575486,-0.1087114960,-0.8848917484,0.4529328644,1,181.3,-23.1,1991.6,1,1.0000000000,0.0000000000,-0.0000000000,-0.0000000000,1.0000000000,-0.0000000000,0.0000000000,0.0000000000,1.0000000000,0,-60.3,-167.9,2062.3,1,1.0000000000,0.0000000042,-0.0000028086,-0.0000000042,1.0000000000,-0.0000000037,0.0000028086,0.0000000037,1.0000000000,0,-60.3,-525.0,2062.3,0,0.8971941471,0.2627236247,0.3549914956,-0.2589713931,0.9640821815,-0.0589860044,-0.3577380180,-0.0390107669,0.9330067635,0,103.6,-154.9,2051.2,1,0.8370528221,0.3261236548,0.4393015802,-0.3201746941,0.9430700541,-0.0900390670,-0.4436560571,-0.0652858093,0.8938159943,0,9.8,-499.2,2065.1,0,-163.0,-295.0,2038.1,1,161.4,-254.3,1966.2,1,-60.3,-868.4,2062.3,0,-102.2,-823.0,2087.5,0,
